37 64
0 1 0 0 1 1 0 0 0 0 0 0 1 0 0 1 1 1 1 0 0 0 0 0 1 0 0 0 1 1 1 1 1 1 0 1 1 0 0 0 0 0 1 1 0 0 0 0 0 0 1 1 0 0 1 0 0 1 1 0 0 0 1 0
0 0 0 0 1 0 1 0 1 0 0 1 1 1 1 0 0 0 0 1 0 0 0 0 1 1 1 1 0 0 1 1 0 0 0 1 0 1 1 0 0 0 0 0 0 0 1 1 0 1 0 1 0 1 1 0 0 0 0 0 1 1 0 0
0 1 0 1 1 0 1 0 0 0 0 0 1 1 0 0 0 0 1 1 0 0 1 1 0 0 0 1 0 0 1 0 0 0 1 0 0 1 1 0 0 0 0 1 1 0 0 1 0 0 0 0 0 0 0 0 0 0 1 0 1 0 1 1
0 1 0 1 1 0 0 1 0 0 0 0 1 0 0 0 1 1 0 1 1 0 1 1 0 1 0 1 1 1 0 1 0 1 0 0 0 0 1 1 0 1 0 0 0 0 1 0 0 0 0 0 0 0 1 0 1 1 0 1 0 1 1 0
0 0 1 0 1 0 0 0 0 1 1 0 1 1 0 0 0 0 0 0 1 -1 0 0 0 0 0 0 0 0 0 0 1 0 1 0 0 1 0 0 0 1 1 0 1 0 0 1 0 1 0 0 0 0 1 0 0 1 1 0 1 1 1 0
0 0 0 1 1 0 1 0 1 0 1 0 0 0 0 1 1 1 0 0 0 1 1 0 1 0 1 0 1 1 1 0 1 1 1 1 0 0 1 1 0 0 1 0 0 1 1 -1 1 0 1 0 0 1 0 0 1 0 0 1 0 1 0 0
1 0 0 1 1 0 0 1 0 0 1 0 0 -1 0 0 0 0 1 1 0 0 0 0 1 0 0 1 0 0 1 0 0 0 0 0 0 1 1 0 0 1 1 1 0 1 0 0 0 0 0 0 0 0 0 0 1 1 0 1 0 0 0 1
0 0 1 0 0 0 0 0 0 1 0 1 0 0 0 1 0 0 1 0 0 0 0 1 0 0 1 1 0 0 0 0 0 0 0 0 0 1 0 0 1 0 1 1 1 0 1 1 1 1 1 0 0 1 1 0 1 1 1 0 0 0 0 1
0 0 0 1 1 1 0 0 0 1 0 1 0 1 0 1 0 0 0 1 0 0 0 1 0 0 0 1 0 0 0 1 0 0 1 -1 0 1 0 0 0 0 0 1 1 1 0 0 0 1 1 0 0 0 1 1 1 1 0 0 0 0 1 1
1 1 0 0 0 1 0 0 0 0 1 0 1 0 1 0 0 0 0 1 0 0 0 0 0 0 0 1 0 1 1 1 0 1 1 1 0 0 0 1 0 0 0 1 0 1 1 0 0 1 0 0 1 0 0 0 0 0 1 0 1 0 0 0
0 0 0 0 1 1 0 1 1 0 1 0 0 0 1 0 0 0 1 1 0 0 0 0 1 1 0 0 0 0 0 0 0 0 0 0 0 1 0 0 1 1 0 0 0 1 1 0 0 0 0 0 0 0 0 0 0 0 0 0 0 1 1 0
0 1 0 1 0 1 1 1 0 1 0 0 1 0 0 1 0 0 1 0 0 0 0 0 1 0 1 0 0 1 0 0 0 0 1 0 1 1 0 0 0 1 0 1 1 0 0 0 0 0 1 0 0 1 1 0 0 0 1 0 1 0 0 0
0 0 0 0 0 1 1 1 0 1 0 0 0 -1 1 0 1 1 0 0 0 0 1 0 0 0 1 1 0 0 0 1 0 0 1 1 0 1 0 0 0 0 1 1 0 1 1 0 0 0 0 0 1 0 0 0 0 1 1 1 1 0 0 0
0 0 0 1 0 0 1 1 0 0 0 1 0 1 1 1 1 1 0 0 0 1 1 0 0 0 0 1 0 0 1 1 1 0 0 0 0 1 1 0 0 0 1 0 0 0 0 0 0 0 0 0 1 0 1 1 1 -1 1 1 0 -1 0 1
0 0 0 0 0 1 0 1 0 1 0 0 1 0 0 1 1 1 1 1 0 1 0 0 0 0 0 1 0 1 1 1 0 0 0 1 0 0 0 0 1 0 0 0 1 0 0 0 0 0 1 0 0 0 1 0 1 0 1 1 0 0 0 0
0 1 0 0 1 0 1 0 1 0 1 0 1 1 1 1 0 0 0 0 0 1 0 -1 1 1 0 1 0 1 1 1 0 0 1 0 0 0 0 1 0 0 0 0 1 0 0 1 0 0 0 1 0 0 1 0 1 1 1 0 0 0 0 0
0 0 1 0 1 0 1 0 0 1 1 1 1 1 0 0 0 0 1 0 0 1 1 0 0 1 0 0 1 0 0 0 0 0 0 1 1 1 0 1 0 0 0 0 0 0 1 0 1 0 0 0 1 1 1 0 0 0 0 0 0 1 1 1
0 0 1 1 0 0 1 1 1 0 0 1 1 0 0 1 0 0 0 0 0 0 1 0 0 1 0 1 0 1 79018 0 0 0 0 1 1 1 0 0 0 0 0 0 1 0 1 1 0 0 0 1 1 1 1 1 1 1 0 1 1 0 0 0
0 1 0 1 1 0 1 0 0 0 0 0 1 0 -1 0 1 0 0 0 0 1 0 0 1 0 0 0 1 0 0 1 0 0 1 1 0 0 0 0 0 0 0 1 0 0 0 1 1 0 0 0 0 1 1 1 0 0 0 1 1 1 0 0
0 1 0 1 0 0 1 1 0 0 1 0 1 0 1 1 1 0 1 0 0 1 1 1 1 0 1 0 1 0 0 0 0 0 0 0 1 1 1 1 0 1 0 0 1 0 0 0 1 1 0 0 1 0 0 1 0 0 1 0 0 1 0 0
0 0 0 1 0 0 0 0 0 0 0 0 1 1 0 1 1 0 0 0 0 0 1 0 1 1 1 0 0 1 0 1 1 0 0 0 0 0 0 1 0 1 0 0 0 1 1 1 1 1 1 1 0 0 0 1 1 1 0 0 0 1 0 1
0 0 1 0 1 0 1 -1 1 1 0 0 0 0 0 0 0 0 1 1 1 0 0 0 0 1 0 1 0 1 1 -1 0 0 1 0 0 0 0 1 1 0 0 1 0 0 0 1 1 0 0 0 1 0 0 0 1 0 0 1 0 0 1 0
1 0 0 1 0 1 0 1 1 1 0 0 0 0 1 1 1 1 0 1 0 0 1 0 0 0 1 1 1 1 0 1 0 1 1 0 1 0 0 0 0 1 1 0 0 1 0 0 1 0 0 0 1 0 0 0 0 1 1 0 0 0 0 1
1 0 -1 0 1 0 0 0 1 0 0 0 1 0 0 0 0 0 1 1 -1 1 0 1 1 0 0 0 1 1 0 0 -1 0 0 0 0 0 0 1 0 0 1 0 0 0 1 1 0 0 0 1 1 1 1 1 1 1 0 1 0 0 0 0
0 1 1 0 0 0 1 0 0 1 1 1 1 0 0 1 0 1 0 1 1 1 1 1 1 1 0 1 1 0 1 1 0 0 0 1 0 0 0 1 1 1 1 1 0 0 0 0 0 0 1 0 0 1 0 0 1 0 0 1 1 1 0 0
0 0 0 0 0 0 0 0 0 0 1 0 1 0 0 0 0 1 0 0 0 0 1 0 0 0 0 1 1 0 0 1 0 1 0 1 0 0 0 1 0 1 1 1 0 1 0 0 0 0 0 0 1 0 0 0 0 1 1 0 0 0 0 1
1 0 1 0 0 0 1 0 0 0 0 1 0 0 0 0 0 0 0 1 1 0 1 0 1 0 0 0 0 0 1 1 1 0 1 1 0 0 1 0 1 0 0 0 0 0 0 1 0 1 1 1 0 0 0 1 1 0 0 0 1 0 0 0
0 0 1 0 1 1 0 0 1 1 0 0 1 0 0 0 1 1 0 0 1 1 0 0 0 1 0 0 1 0 0 0 0 0 0 1 0 0 0 0 1 0 0 1 0 0 0 0 1 1 1 0 1 0 0 1 1 0 1 0 0 0 1 0
0 1 0 0 0 0 1 1 0 1 0 0 1 1 0 1 0 1 1 0 1 1 1 0 1 0 0 0 1 0 0 0 0 1 0 0 1 0 0 1 1 0 0 1 0 0 1 0 0 1 0 0 0 1 1 1 0 1 0 0 0 0 0 0
1 0 1 1 0 0 1 0 0 1 0 1 0 0 0 0 1 1 1 1 0 0 1 1 1 0 0 0 1 0 0 0 1 0 1 0 0 1 1 0 0 0 0 0 0 1 0 1 0 1 0 0 0 1 0 0 0 1 0 0 0 0 1 1
0 1 1 0 0 1 0 0 1 0 1 0 0 0 1 1 0 0 0 1 0 1 1 0 0 0 0 0 0 0 0 0 0 0 0 1 0 0 1 1 1 1 0 0 0 1 0 1 0 1 1 0 0 1 1 0 0 0 1 1 1 0 0 0
0 1 0 0 0 0 0 0 0 0 0 0 0 0 1 0 0 0 0 1 0 0 1 1 0 0 1 0 0 1 0 1 0 1 1 0 0 0 0 1 0 0 0 0 0 0 1 0 0 0 0 0 0 0 0 1 1 0 1 0 0 0 1 1
0 0 0 0 1 0 0 1 0 -1 1 1 1 0 0 1 1 0 1 0 1 0 0 1 0 1 0 1 0 0 0 0 0 0 0 0 1 1 0 0 0 1 0 1 1 0 0 0 1 1 1 0 0 0 0 1 0 1 0 0 0 0 1 0
1 0 1 1 1 0 0 1 1 1 0 1 0 0 1 1 0 1 -1 0 1 0 1 1 0 1 1 0 0 0 1 0 0 0 0 -1 1 0 1 1 1 0 1 0 1 1 0 1 0 1 0 0 1 0 1 0 0 0 1 0 -1 0 0 0
0 0 0 0 0 0 0 0 1 0 0 0 1 0 1 0 0 1 1 1 0 1 0 0 1 1 1 0 0 0 0 1 1 0 0 1 0 1 0 0 1 0 1 0 0 0 0 1 0 1 1 0 0 1 1 1 0 0 0 1 1 0 0 0
0 1 0 0 1 0 1 0 0 1 1 0 0 0 0 0 0 0 0 0 0 0 1 1 0 1 0 1 1 0 1 1 0 0 0 0 0 0 0 1 1 0 0 1 0 1 1 1 0 0 1 1 0 0 1 0 0 1 0 0 1 1 1 0
0 1 0 1 0 1 0 0 0 0 1 0 1 1 0 0 0 0 0 0 0 0 0 0 0 0 1 0 0 0 0 1 0 1 0 0 1 1 0 1 0 0 0 0 0 1 0 0 1 0 0 1 1 1 0 0 1 1 0 0 1 0 -1 0
