1542 1 1526
0

1
1
1
1
0

0

1
1
1
1
0

0

1
1
1
1
1
1
1
1
1
1
1
1
1
1
0

1
1
1
1
1
1
0

1
1
1
1
1
1
0

1
1
1
1
0

1
1
0

0

0

0

1
1
0

0

0

0

0

0

0

0

0

0

0

0

0

1
1
1
1
1
1
0

0

1
1
1
1
1
1
0

0

0

1
1
1
1
0

1
1
0

1
1
1
1
1
1
1
1
0

1
1
1
1
0

0

0

0

1
1
1
1
0

0

0

0

0

0

0

0

1
1
1
1
0

1
1
0

0

1
1
1
1
0

1
1
0

1
1
0

1
1
1
1
1
1
0

0

0

0

1
1
1
1
1
1
0

1
1
1
1
1
1
0

0

1
1
0

0

0

1
1
1
1
1
1
1
1
0

1
1
1
1
0

1
1
0

1
1
0

0

0

0

0

1
1
1
1
0

0

1
1
0

1
1
1
1
1
1
1
1
0

0

1
1
0

0

0

1
1
0

1
1
1
1
0

1
1
1
1
1
1
0

1
1
0

0

0

0

1
1
0

1
1
0

1
1
0

1
1
0

1
1
1
1
0

0

1
1
0

1
1
0

0

1
1
1
1
0

0

1
1
1
1
0

0

0

0

0

1
1
0

0

1
1
1
1
1
1
0

0

0

0

0

0

0

1
1
0

1
1
1
1
0

0

0

0

1
1
0

1
1
1
1
0

1
1
1
1
0

0

0

1
1
0

0

1
1
1
1
0

1
1
0

0

1
1
0

0

0

0

0

1
1
0

0

0

0

1
1
1
1
1
1
0

1
1
0

1
1
1
1
0

0

1
1
1
1
1
1
1
1
0

0

1
1
0

0

1
1
0

0

0

0

1
1
0

1
1
0

0

1
1
0

0

0

0

0

0

0

0

1
1
0

1
1
1
1
0

0

1
1
0

0

0

0

0

1
1
0

0

1
1
1
1
1
1
0

1
1
0

0

1
1
0

0

1
1
0

1
1
1
1
0

0

0

0

0

0

0

0

1
1
0

1
1
0

1
1
1
1
0

0

1
1
1
1
0

0

0

1
1
1
1
1
1
1
1
1
1
0

1
1
1
1
1
1
1
1
1
1
1
1
0

0

0

1
1
0

1
1
0

1
1
0

0

0

1
1
0

1
1
0

0

0

1
1
1
1
0

0

0

1
1
1
1
0

0

0

0

1
1
0

1
1
0

0

0

1
1
1
1
0

0

1
1
1
1
1
1
0

0

1
1
0

1
1
0

0

1
1
0

0

1
1
0

1
1
1
1
0

1
1
1
1
0

1
1
0

1
1
1
1
1
1
1
1
0

1
1
0

1
1
1
1
1
1
1
1
1
1
0

0

0

0

1
1
1
1
0

1
1
1
1
0

0

0

1
1
1
1
1
1
1
1
0

0

1
1
0

1
1
0

1
1
1
1
1
1
1
1
1
1
1
1
0

1
1
1
1
0

1
1
0

1
1
0

0

1
1
1
1
1
1
0

0

1
1
1
1
1
1
1
1
1
1
1
1
1
1
1
1
1
1
1
1
0

0

0

1
1
1
1
1
1
0

1
1
1
1
1
1
0

0

1
1
0

0

1
1
1
1
0

1
1
1
1
1
1
0

0

1
1
0

0

0

0

1
1
0

1
1
1
1
1
1
1
1
0

0

1
1
0

0

0

1
1
0

0

0

1
1
0

0

1
1
1
1
1
1
0

0

1
1
0

1
1
1
1
0

0

1
1
0

1
1
1
1
0

1
1
0

0

1
1
0

1
1
0

0

1
1
1
1
1
1
0

0

0

1
1
0

1
1
0

1
1
0

1
1
1
1
0

0

0

0

0

1
1
0

1
1
1
1
1
1
1
1
0

0

1
1
1
1
1
1
0

1
1
0

1
1
1
1
1
1
0

0

0

0

1
1
0

1
1
0

0

1
1
0

0

1
1
0

1
1
1
1
0

1
1
1
1
1
1
0

1
1
1
1
1
1
0

0

0

0

1
1
1
1
0

0

1
1
0

1
1
1
1
1
1
0

1
1
1
1
1
1
1
1
1
1
1
1
0

0

0

1
1
1
1
0

1
1
1
1
0

0

0

0

0

0

0

1
1
0

1
1
0

0

1
1
1
1
1
1
0

1
1
1
1
1
1
1
1
1
1
1
1
1
1
0

1
1
1
1
0

1
1
1
1
1
1
1
1
0

0

0

1
1
0

1
1
0

1
1
1
1
1
1
0

1
1
0

0

0

1
1
0

1
1
0

0

1
1
1
1
1
1
0

1
1
0

1
1
1
1
0

1
1
0

1
1
1
1
0

1
1
1
1
0

0

0

1
1
1
1
0

1
1
0

1
1
1
1
0

1
1
0

1
1
0

0

0

1
1
1
1
1
1
0

0

1
1
1
1
1
1
0

0

1
1
0

0

0

1
1
1
1
0

1
1
1
1
1
1
1
1
0

1
1
1
1
0

1
1
0

0

0

0

0

1
1
1
1
0

1
1
1
1
0

0

0

1
1
0

0

0

1
1
0

0

0

0

1
1
0

1
1
0

0

0

1
1
1
1
0

0

1
1
0

1
1
1
1
1
1
1
1
0

1
1
0

0

0

1
1
1
1
1
1
0

1
1
0

0

1
1
0

1
1
0

1
1
1
1
1
1
0

0

0

0

1
1
0

1
1
1
1
0

0

0

0

0

1
1
1
1
0

1
1
1
1
0

1
1
0

1
1
1
1
0

1
1
0

1
1
0

1
1
0

0

1
1
1
1
1
1
1
1
0

1
1
1
1
1
1
1
1
1
1
1
1
1
1
1
1
1
1
1
1
0

1
1
1
1
0

1
1
0

0

1
1
1
1
1
1
1
1
0

0

1
1
0

1
1
1
1
1
1
1
1
1
1
1
1
1
1
0

1
1
1
1
0

1
1
0

0

0

1
1
0

1
1
0

0

0

0

1
1
0

0

0

1
1
1
1
0

1
1
0

1
1
0

0

1
1
0

1
1
1
1
1
1
1
1
1
1
0

1
1
0

0

1
1
0

1
1
1
1
0

0

1
1
0

0

1
1
1
1
0

0

1
1
1
1
0

1
1
1
1
0

1
1
1
1
0

0

1
1
0

1
1
0

1
1
0

0

0

1
1
0

1
1
0

0

1
1
1
1
1
1
0

0

0

0

1
1
0

0

1
1
1
1
0

1
1
0

1
1
0

1
1
0

1
1
0

0

1
1
0

1
1
1
1
0

0

1
1
1
1
0

1
1
0

1
1
1
1
1
1
1
1
0

1
1
1
1
1
1
0

1
1
0

0

0

1
1
0

0

0

0

0

1
1
1
1
0

0

0

1
1
0

1
1
0

0

1
1
0

0

0

1
1
0

0

0

0

1
1
1
1
0

0

0

1
1
1
1
0

1
1
0

1
1
1
1
0

1
1
0

1
1
1
1
1
1
1
1
1
1
0

0

1
1
0

1
1
1
1
0

1
1
0

0

1
1
0

0

1
1
0

1
1
1
1
1
1
0

1
1
1
1
0

0

0

1
1
1
1
0

1
1
0

1
1
0

1
1
0

1
1
0

0

0

1
1
0

1
1
1
1
1
1
1
1
1
1
1
1
0

1
1
0

1
1
0

0

1
1
0

0

1
1
0

0

0

0

0

0

1
1
1
1
1
1
0

0

0

1
1
1
1
1
1
1
1
1
1
1
1
0

1
1
1
1
1
1
0

1
1
0

0

0

0

1
1
1
1
1
1
1
1
0

1
1
1
1
1
1
0

1
1
0

1
1
1
1
1
1
1
1
0

1
1
0

0

1
1
0

0

0

0

1
1
1
1
0

1
1
1
1
0

1
1
1
1
0

1
1
0

0

1
1
0

0

1
1
0

1
1
1
1
0

0

1
1
1
1
1
1
0

0

1
1
0

1
1
0

1
1
0

1
1
0

1
1
1
1
0

0

0

0

0

1
1
0

1
1
1
1
1
1
1
1
1
1
0

1
1
0

0

0

0

1
1
1
1
1
1
0

1
1
0

0

0

0

0

1
1
0

1
1
1
1
1
1
0

1
1
0

1
1
1
1
1
1
1
1
0

1
1
1
1
1
1
1
1
1
1
0

0

1
1
1
1
1
1
0

1
1
0

0

1
1
1
1
0

1
1
0

1
1
0

0

1
1
1
1
0

0

1
1
0

0

1
1
1
1
1
1
0

0

1
1
0

1
1
1
1
0

0

1
1
1
1
1
1
1
1
1
1
1
1
0

0

0

0

1
1
0

0

0

1
1
1
1
0

0

0

0

1
1
1
1
1
1
0

0

1
1
1
1
1
1
1
1
1
1
0

0

0

0

1
1
0

1
1
1
1
0

0

1
1
0

1
1
0

1
1
1
1
1
1
1
1
1
1
0

0

1
1
0

0

1
1
0

0

0

0

1
1
1
1
0

0

1
1
0

0

0

1
1
0

1
1
0

1
1
0

0

0

0

1
1
1
1
0

1
1
0

0

0

1
1
0

0

1
1
0

0

0

0

1
1
1
1
1
1
0

1
1
0

0

0

1
1
0

1
1
1
1
1
1
0

1
1
0

1
1
0

0

1
1
1
1
0

0

1
1
0

1
1
1
1
0

0

1
1
1
1
0

1
1
1
1
0

1
1
0

1
1
0

0

0

1
1
1
1
0

1
1
0

0

0

1
1
1
1
0

1
1
1
1
1
1
1
1
1
1
1
1
1
1
1
1
0

0

0

0

1
1
0

1
1
1
1
1
1
0

1
1
1
1
1
1
0

1
1
1
1
1
1
0

0

1
1
1
1
1
1
0

1
1
1
1
0

0

1
1
0

0

1
1
1
1
0

1
1
0

0

0

1
1
1
1
1
1
0

1
1
0

0

0

0

1
1
1
1
1
1
0

0

1
1
1
1
0

0

0

1
1
1
1
0

1
1
1
1
0

1
1
1
1
0

0

0

1
1
1
1
1
1
0

1
1
0

1
1
0

0

1
1
1
1
0

0

1
1
1
1
1
1
1
1
0

0

0

1
1
0

1
1
0

0

1
1
1
1
0

0

1
1
0

1
1
1
1
0

0

0

1
1
1
1
0

1
1
1
1
0

0

0

0

0

0

1
1
0

0

1
1
0

0

1
1
1
1
0

1
1
0

1
1
1
1
1
1
0

0

1
1
1
1
1
1
1
1
0

0

0

0

0

0

0

1
1
1495
641
1027
1217
929
397
1169
218
336
110
391
1283
1262
782
410
636
669
1496
63
1467
1318
972
1156
1221
1035
114
299
46
758
1381
281
1374
465
686
75
1394
1345
984
382
619
1015
918
499
266
1440
810
801
783
493
1447
138
1051
109
238
39
1055
318
1219
1180
666
638
2
101
128
1160
1031
748
413
1045
549
268
795
1206
1263
415
394
1490
317
1315
1007
797
1075
7
1366
1520
1229
157
1353
844
230
1146
475
809
858
1251
427
269
1152
333
374
1277
208
1438
1253
1514
750
1537
249
287
662
301
350
1028
808
726
1409
863
862
1195
1417
1506
681
925
1154
108
13
567
306
438
671
460
514
602
1232
1408
849
786
451
1338
172
197
981
960
349
612
88
599
386
67
19
1504
793
1077
802
868
692
146
836
29
1087
1085
406
1065
749
387
817
471
302
284
1168
253
334
1410
1205
885
845
216
624
710
1071
4
5
1272
448
1060
843
330
1022
1191
591
90
225
950
440
1238
436
1333
439
1199
188
1398
1276
989
1141
193
69
23
145
1223
823
694
883
682
1178
502
345
163
768
1414
250
271
43
1212
691
1234
557
1508
725
798
1386
84
112
1367
946
838
953
847
283
1270
1360
876
184
695
314
78
887
1192
17
1207
658
963
422
433
589
966
1231
80
1241
15
1128
447
243
343
977
920
494
1109
911
242
1484
60
1456
1376
21
489
1019
459
1030
131
1173
886
519
919
687
1235
153
363
767
478
688
629
756
161
620
42
97
547
890
558
877
531
1469
1352
1046
1466
1357
1137
754
1130
826
741
458
974
408
615
1138
551
1541
1074
71
1059
958
738
87
1286
623
811
1329
1149
419
656
1203
1259
324
1479
971
1450
709
1326
926
1011
8
524
432
1110
859
411
1428
207
76
1300
575
431
1468
1049
190
1139
1525
393
351
721
869
730
1098
1527
27
339
1373
134
587
125
799
263
28
606
1534
1507
1114
525
1530
1131
824
513
1494
1042
1519
1363
377
1397
561
665
50
265
1500
791
405
905
464
1083
861
1275
1255
1517
64
997
95
256
1415
762
637
219
982
375
1442
132
275
495
204
1321
1472
1288
66
937
41
1341
541
154
381
747
507
1068
1433
1480
611
554
565
1200
1391
1377
594
1268
604
1089
48
371
1378
267
140
1485
421
79
965
948
668
10
217
1483
949
189
701
1457
34
962
103
881
1248
511
296
1436
500
999
1312
1135
474
1091
888
978
149
1013
282
1325
456
176
875
1536
1024
1014
400
1147
1502
700
1422
1306
763
151
331
196
0
325
955
1250
1443
787
1123
892
501
821
580
1399
137
1278
1395
1025
1016
1299
1176
901
879
752
1429
571
650
1542
718
1179
717
496
25
509
896
261
1515
390
59
1513
792
1107
947
360
260
155
1121
1380
550
1116
540
848
684
58
806
512
833
854
788
766
1302
1261
1434
1120
532
477
990
1375
560
307
234
814
490
774
520
30
1460
18
704
1389
1247
304
628
305
86
199
1061
867
1419
295
1503
418
1364
728
1426
1274
1473
1388
313
233
635
1211
1124
527
9
596
1102
1039
1499
1170
601
1539
65
398
229
124
484
648
605
1351
645
215
1153
378
608
1307
1465
1175
1424
1090
466
497
784
1159
1189
1305
36
566
805
504
1185
96
693
171
1304
195
983
674
1455
1427
1478
1402
828
240
1233
127
755
211
578
912
202
92
699
715
1104
480
969
938
595
528
1054
259
1029
1143
1006
1324
479
736
894
757
310
530
537
1383
1344
32
57
469
1240
1423
1125
56
470
533
906
617
1284
289
1088
724
210
1446
342
1314
644
183
1172
1311
573
986
1387
936
62
1342
697
203
771
676
288
123
1009
403
1492
812
402
368
1295
1293
44
773
404
569
312
1271
1002
1254
1445
800
829
1037
1444
231
813
577
1370
1078
1355
1052
323
54
53
255
273
396
1214
1228
542
837
1452
988
1404
468
73
150
492
192
1213
148
751
1127
796
1491
392
714
864
850
1533
878
1340
1008
895
416
831
291
957
822
1289
226
1111
11
116
1281
121
660
1319
1076
81
1245
582
1225
322
1182
506
191
1145
344
1190
407
538
853
778
610
72
1486
1258
603
308
435
348
3
389
1493
445
173
964
804
1020
956
1412
518
772
672
1531
1181
825
1418
170
987
873
1280
1310
880
424
1021
1432
1413
1332
1227
1538
647
245
545
292
816
1218
673
952
945
1044
942
651
913
967
356
703
740
857
685
777
1220
1405
437
572
576
1449
562
515
745
1379
232
785
1166
1034
1164
702
618
1396
1470
105
655
765
1163
840
1106
457
286
815
790
328
1150
1330
1361
996
272
1346
338
366
354
1356
1529
1165
600
1155
361
423
180
1063
708
1403
1209
461
970
1216
1451
252
1243
585
1129
213
144
93
139
198
865
904
194
1108
548
337
1509
472
434
1327
1416
1435
598
1287
661
1122
727
276
85
663
228
1266
98
670
1292
574
1105
452
1158
735
556
818
16
760
1497
1365
320
357
1033
1301
1477
1148
884
169
280
1237
1298
683
14
720
1100
866
536
1103
462
206
209
246
463
1047
1005
564
346
1354
1133
441
1194
1099
1407
1010
178
994
761
420
706
943
359
900
1269
164
781
277
842
248
303
743
705
543
729
1096
274
1535
832
899
241
486
1017
1066
830
916
689
1335
414
891
1505
443
379
373
152
1252
47
1067
200
239
544
340
174
1532
1528
1296
278
1294
889
1084
1198
776
1193
1350
1236
1431
508
985
1437
135
626
429
94
835
855
1101
1313
753
954
119
631
38
1512
1510
1132
731
522
897
1222
1162
1323
779
329
22
679
426
1454
455
678
870
872
1461
409
1093
143
1112
627
1291
122
181
385
680
555
113
1511
129
1347
104
834
347
1359
1157
1167
526
175
898
546
711
1392
185
1000
1322
321
115
643
61
1003
1265
1032
1481
262
510
819
539
1458
586
1058
1336
1
74
485
690
224
951
352
521
737
40
1197
570
454
91
667
205
1204
1196
563
141
1210
1421
652
362
1215
372
1337
130
1320
254
118
579
1177
1004
182
1362
1119
332
1371
597
1226
649
1308
1187
846
1459
696
503
1208
1244
399
166
614
35
931
1115
1393
1430
922
1126
186
212
1453
1249
789
534
719
803
111
1118
1368
1057
553
33
932
739
369
852
77
1062
488
1501
1239
1001
871
775
290
851
297
24
117
910
1230
258
588
1174
1384
1474
998
1082
236
367
1151
607
187
100
613
1462
1069
1246
251
581
535
928
82
583
959
1328
1488
31
147
1385
491
1358
657
839
590
592
1339
933
874
20
264
160
1441
1134
1043
235
446
722
428
285
523
992
1142
841
653
168
201
498
639
1188
634
827
935
1117
902
780
568
222
315
179
529
1202
744
417
1420
1349
353
559
162
908
1464
1081
1406
316
1260
177
769
1048
1401
293
467
516
633
1161
1224
1282
221
158
1439
609
923
893
1540
380
12
257
733
1463
358
401
1041
1482
1256
165
698
1072
1487
616
1184
214
83
1073
37
1516
677
102
1390
327
995
1136
903
593
909
227
642
968
311
1086
552
1064
939
120
505
759
364
1018
68
51
388
365
934
1257
1448
1471
860
1023
1290
309
1056
1524
707
136
89
625
746
483
26
1317
156
654
742
45
1369
1382
1040
1026
770
1070
584
220
341
55
1411
449
917
716
979
630
1343
632
1140
915
247
1489
1267
1476
675
1518
442
1038
961
734
370
1309
1526
1316
980
1521
664
319
395
476
1080
300
1334
914
481
1144
976
1053
930
646
1297
453
1348
326
1331
1475
659
1186
807
6
1201
1095
335
99
1303
384
622
1279
430
1171
713
244
1372
142
764
1285
70
927
723
621
133
924
921
882
1092
907
159
425
355
1113
940
106
237
1522
482
1498
450
52
1425
944
991
941
412
270
975
1273
279
167
49
1523
487
376
1264
517
973
1012
993
294
732
1242
794
1097
