138 81
7064 9639 5334 4545 587 8141 2628 9015 9206 719 10440 191 2979 666 242 1949 4648 7889 5457 9257 3670 6326 1379 2021 6739 6568 9945 5756 430 7852 658 7790 1527 6385 2385 1871 3597 2191 8804 858 1983 6912 10999 863 8170 6244 1481 9881 7112 689 3990 6789 4090 5293 238 7032 928 10176 6920 5592 2340 5458 6029 6279 5792 6689 6327 10284 6519 6498 4035 9152 8985 1937 8423 1926 7595 9885 7749 1957 7475
2896 4005 4280 407 9238 4314 7396 9686 8740 9237 1769 2951 10727 3565 16 8810 8948 2169 1182 4739 8970 1210 2986 1674 6743 9341 6972 8839 1402 2265 674 7011 10645 5254 8276 2526 10744 6582 10650 10439 7560 9465 6346 2555 8946 5923 8370 6266 9315 11161 4575 4042 7854 10447 1439 9166 3675 3090 10223 5170 5900 2479 2796 8693 9606 4262 8752 1774 4227 9227 8600 4955 6248 9299 5714 970 7714 2316 3969 10906 10474
7313 10657 2715 6884 7918 1901 8386 2236 7719 9623 3876 2213 11131 3635 9789 1931 2423 3731 6781 8549 3033 3954 5999 6947 2748 10706 71 3105 384 6465 4125 2100 1129 1037 700 10289 4555 390 4716 2375 5141 2767 4536 4044 11143 10621 9304 1492 1320 10694 2889 6868 6903 10110 203 10468 10966 9254 2557 1450 3068 9682 8447 7359 175 1197 1555 10693 1733 3714 6314 6195 3357 5197 7943 5802 4249 9900 494 4182 1245
659 11014 1625 4069 6849 586 7492 2336 9472 4854 6368 155 10455 7618 6913 9963 3229 2270 5672 1979 4763 515 1716 7938 5605 1086 5430 7793 6558 8171 3425 10627 8046 7242 6831 3307 1255 10889 853 9504 10039 8728 6243 9580 10614 6876 8025 2309 7006 8269 1694 3942 4093 4426 7130 5043 4293 3224 5474 10870 6803 5623 8503 6549 3662 834 5707 8733 436 2568 6433 4861 6730 9005 3633 3 10298 1133 8435 3432 10597
6610 9923 1532 9312 7304 10469 6611 10270 8557 5734 1476 7401 4339 9697 1606 4492 697 9305 3679 10879 424 129 4474 9208 7258 10542 8531 6684 4264 7544 8953 10663 1843 2383 7682 9870 9566 2101 9320 2685 1855 609 8523 7444 6069 6740 6966 1618 5259 2208 5846 2903 10844 9457 5122 4661 2240 4599 493 5589 7226 10427 497 10130 3584 11115 4586 5398 956 8246 4153 4706 1078 5627 10287 4806 2990 9944 4498 9975 11020
1499 2878 102 1563 7830 3022 5315 5488 7699 5655 5386 6420 10117 8520 10909 883 2310 2031 4160 7333 2034 1608 2186 440 3053 10254 8817 7805 7857 9610 5265 1203 3162 1039 4614 7727 5172 10998 1775 833 6169 7357 9882 1616 3738 11126 5516 6231 10528 8618 5905 1903 3004 260 5617 8184 5803 7768 7976 5936 535 1754 2604 4570 9101 4901 9198 4580 1953 5358 5167 6419 4795 7132 4167 3200 7341 9518 9977 721 8686
6014 11065 5974 10229 3310 9346 8319 4582 10558 1061 2414 4053 670 10055 4371 6255 2166 10139 4902 5420 8443 10242 9249 2222 8550 9381 6109 10750 420 5306 1761 9592 6639 9736 10426 108 6292 5975 844 6286 9494 822 9127 894 7728 8877 2672 2387 9458 2783 1277 7629 3839 1989 1705 3107 1982 4465 2828 553 7697 5586 2563 7862 9704 6270 9046 8109 3701 8174 9921 5093 8998 6846 7920 5688 9544 6409 8826 391 1085
4592 5965 9073 728 8084 850 6150 7761 4749 9529 5147 7456 2153 6928 8049 2950 3856 5447 7621 3680 3448 993 1142 4070 10352 6602 6414 6751 8002 6265 9210 3520 180 3527 10450 9650 6505 10485 7285 2136 3402 291 9392 6284 6729 1946 8694 4525 9931 5086 4889 9763 57 9785 5404 6586 7018 981 5079 120 4469 5462 5119 11039 5355 550 2447 7988 7536 8322 994 3479 4026 855 9033 9106 6702 471 4829 318 7468
10425 10773 10386 7570 7778 9537 9581 5226 7574 9146 1426 714 8376 509 9845 1091 4139 2575 9382 2335 4624 5919 7387 3547 1490 11021 4113 1488 9233 6436 1227 1722 3189 8138 9901 6494 10058 738 546 7636 433 4270 1964 6307 4922 5590 183 470 8907 1815 10723 6366 905 6334 3596 1247 3207 10616 2300 94 6975 6590 11080 10246 4477 9595 6761 9282 3625 5806 9551 10634 11000 4496 213 3695 6996 1844 4531 8125 6156
7907 6424 6877 2157 5368 6625 2155 8942 8738 6841 7804 8272 4642 10409 734 2741 3395 7171 7121 1567 1495 2916 5685 1204 4413 9813 3993 9357 10712 2720 8426 6080 6938 8963 1728 1581 9134 3537 289 10784 5743 869 10194 1636 9941 4394 2520 10387 2317 1212 3659 5268 11045 7372 9037 10589 2058 10209 6843 6766 1939 2497 10277 5651 1191 7984 8230 2763 7674 8153 10905 4769 3615 7058 2523 6757 2011 10653 6212 9651 1130
9871 8604 4698 7455 7587 2546 7679 8303 5290 5373 1167 4509 6391 529 5721 4547 1873 2894 6487 6364 625 4016 6930 2902 9461 5428 9395 8452 7706 916 836 8355 3550 7314 10390 7685 8708 8903 8866 7950 8882 1600 3796 3566 718 7052 5889 7252 9800 8687 5788 279 7041 2924 7216 4942 7921 510 5927 6048 802 7149 8352 10797 5 3052 2441 4002 2942 418 9577 1455 10324 7274 10785 10839 6178 10954 6213 2999 3999
10135 9505 4431 2374 563 6448 8529 6240 1193 10755 18 3198 5560 7162 9360 671 1498 2803 2718 6957 5687 10626 10950 186 6360 4915 10084 9779 9780 8173 987 5528 11049 7733 4405 6530 3720 5572 7490 10976 9552 483 7408 2386 581 8181 3934 4975 593 5694 3122 10828 54 3505 8140 10261 10048 10394 6259 476 9594 9817 3098 1163 5931 8915 6171 2354 643 4350 8074 2389 6070 9609 968 7197 7533 7926 2082 7244 4103
70 7366 9775 2892 7760 10141 3001 3476 8144 8077 1807 3130 566 1070 7645 9432 1112 4598 8378 7275 9317 6362 6890 2320 2472 8743 5882 4591 10927 9356 10808 2131 4480 7023 3321 5704 9342 7518 357 8637 8707 8941 7458 7729 10333 8483 8178 10161 5128 1922 6011 6718 10290 8147 7860 9270 7676 6990 7478 9319 3637 3005 4176 10479 1214 10102 5607 315 10829 1376 9011 7002 4073 1341 7487 11120 5442 8576 1299 9990 7584
4365 6096 11112 1757 9603 6815 1938 8256 6963 873 5127 10310 7308 9717 8420 7700 2217 9424 10572 3838 8353 3649 3113 3936 1928 8977 2609 1967 6489 8661 9445 5184 9620 439 3133 6952 7563 1349 10002 7361 5588 4564 298 10777 8277 7290 3677 3273 2457 1686 820 5182 5011 9066 655 2542 10086 2595 10043 6147 201 9286 569 5745 6627 6660 3549 6807 317 9279 10566 1729 8770 334 1534 11108 2324 10733 8583 8367 2159
6564 2742 8667 10415 5419 4304 3861 214 8594 5456 8318 10894 5326 1704 2071 7698 2806 6228 3962 5072 6699 8220 9523 1572 6184 1389 5312 7184 8289 10658 10346 6635 6671 10943 7351 6447 9074 3939 9645 1113 3440 8137 1195 5322 3973 6929 2051 7043 10934 4831 7979 7084 1712 3062 6086 9275 5583 10951 527 5472 58 4859 4459 3975 8997 8897 38 4866 10680 9378 5350 10850 10588 9535 11122 5058 6910 724 8470 7167 7180
7653 5062 6176 3569 932 8038 2194 7438 1895 5818 10552 10704 7277 5541 9322 7316 2228 3640 6673 2700 2062 10514 9415 9453 4659 5121 9323 5837 2091 6621 1172 4568 6389 2410 6421 7037 5853 11088 10109 10083 9350 7343 1560 1080 10360 9207 5730 8506 6665 6441 6700 11166 11114 1008 6829 780 660 6055 10840 4375 3315 1770 4059 1301 7617 8072 4331 1813 373 619 5095 3524 6971 7606 7067 518 3772 21 10186 3412 2468
4407 3488 5873 628 7288 9961 8542 8182 3164 9361 7501 1571 10568 5947 3851 7523 3705 10501 2445 4000 5235 4117 6921 1184 1316 3453 4015 5982 3083 7477 1651 8524 10929 6460 8536 5823 4230 3787 9869 5720 7675 9425 362 5767 11168 6479 4271 6422 521 1566 10344 1582 3728 4149 9641 4632 97 2364 3119 9981 1995 377 8373 5594 10476 7354 2401 8340 10580 134 7622 5912 6264 575 1238 10196 4169 11009 1232 8650 3057
10129 4284 10834 7614 1134 1898 271 1326 6162 9634 3160 5425 7831 9071 3065 8666 4587 2536 8123 352 4823 4798 10941 622 565 603 3963 679 6359 10213 3761 10903 9760 8786 5118 10005 8526 7572 128 9942 7379 7566 7634 4126 6895 2109 133 4803 9116 2164 7965 2095 3147 2967 8157 1585 10553 5478 8899 1161 2831 5067 7129 9128 779 5654 5509 573 4184 1973 8391 8431 4744 9409 5176 9559 3626 7301 1750 9548 10063
10037 10050 5971 9982 10668 3240 4483 9375 4056 520 10673 5643 7406 1470 6892 7851 5311 5135 44 27 3423 10376 1590 2397 6983 7224 4497 3109 6261 7236 9431 9407 2339 4236 5964 9721 3506 957 211 10166 6806 8346 3066 286 3230 7015 6950 1523 768 6138 9495 10305 8956 3643 0 7810 8629 2022 2144 8056 2914 7417 6835 3808 10759 1150 4650 277 4622 7463 2566 7007 9248 893 2515 1838 8437 2746 1540 9008 597
6370 4106 8001 7378 2366 5959 462 5047 113 5243 6747 2842 4813 5800 4250 5248 6442 8802 2326 3021 2355 10075 6964 4927 7872 2202 4864 5107 7826 9278 6469 1207 1538 4158 11134 2006 4945 3948 8830 1691 5402 6624 166 1383 491 1493 10899 3558 2174 6267 9481 3222 5679 9553 2280 9547 992 4377 6009 1679 632 7583 4848 8082 9883 8146 2450 10282 8777 3660 3490 1451 7150 1788 10412 4847 9829 2068 8274 7107 2820
4726 4825 5746 11117 4514 2466 10817 5003 4768 2961 722 9751 4863 6066 8508 6060 1156 3976 3891 8132 10480 937 10858 10112 10698 7085 6201 1372 4916 7516 5476 3342 5467 7779 5017 6224 495 1248 6855 8867 2572 2885 10907 10578 1273 4630 2858 6666 7348 3420 2272 10499 5690 1911 5388 8190 6120 8935 5483 9218 316 10304 4279 2234 8145 5140 1249 2090 1291 9749 9336 3243 4057 3283 7736 5990 5308 4020 2900 1552 2431
10752 6165 2439 6203 506 6871 3445 6940 1216 4349 6303 1205 6488 3724 10898 1362 9684 3817 10331 2726 5598 10970 9405 8372 4446 8788 4686 7913 6927 8306 8828 7358 474 7369 2182 1587 1586 2941 7845 514 2319 10649 10187 32 8555 889 5272 8457 5422 8684 5469 8106 8016 4004 4899 8360 7452 5189 192 9130 620 4229 6439 3607 3305 10053 5678 6821 3377 1605 2210 8163 7266 2315 2132 3323 8541 6552 11050 9884 385
3366 2586 7104 8857 10947 6714 6657 4728 4104 5513 7742 10263 9822 10946 5699 4690 10746 1342 10977 10507 5039 7782 5416 7217 125 5142 4885 11084 6738 1314 5271 8380 6211 4351 51 1006 7198 3935 2201 4800 3666 3384 6268 9950 10831 91 9993 7813 5508 3185 9976 6322 7393 4025 3017 6945 8022 6977 9605 6323 5387 8192 9466 2508 3369 3168 2463 805 996 5187 882 3703 8421 4326 1479 1397 177 9380 9987 8966 10757
2897 4194 5799 1128 9679 8050 10524 6301 9860 2958 4222 4114 2110 5192 7182 2000 6130 1446 10717 1930 7033 4530 2183 4359 3279 3449 2809 3140 8695 5540 4508 7763 4374 6145 7631 6583 3620 2018 5777 9175 9806 4312 8226 6906 6429 9792 3863 10897 267 610 1528 3594 10027 7147 7564 1246 9655 2995 2578 2721 1434 5097 10471 582 8726 696 2559 4543 695 754 7173 10026 6049 2330 5816 2141 2048 809 8596 9687 6330
7588 9513 10917 803 4989 736 4640 8321 257 3257 763 4638 3769 7575 5429 2802 8214 1473 4862 9421 415 6681 997 7769 977 5670 5020 363 7141 9748 4396 10008 7331 5625 5637 3763 2762 5261 9307 8553 6157 5888 7522 340 8718 4723 3702 5811 9802 656 2695 7869 8115 4363 6274 4188 9009 11068 2601 646 10138 2395 5433 9493 5557 6535 4317 2286 2529 7293 3421 11047 3551 9856 1852 8680 10705 3436 10513 6185 9816
9839 9372 9042 2987 1298 2940 5179 3435 9918 1352 5317 8938 6206 6770 5091 8521 1370 3444 4608 4391 1199 10629 8216 9368 3414 8015 10493 2665 2037 9626 9217 6455 4392 3430 5613 2618 3752 10804 9029 9908 556 6435 3926 2724 330 4253 7671 7964 5807 10207 3955 25 6413 2053 8071 4852 4729 6204 8584 1478 1064 8572 3868 3443 6685 3606 7178 11146 10345 11109 4178 6112 7903 8102 2241 4206 9636 10378 7221 3778 6536
1213 879 8934 463 7956 4148 8656 8640 6976 6541 7108 304 5782 10595 3278 4028 2104 1993 1759 10291 1647 1897 6797 8908 3427 5898 5063 4772 11158 4457 951 1622 782 9092 7991 2014 6316 1484 3894 4787 10530 6922 2289 6209 866 6777 8689 2821 2710 8288 678 5591 4187 8766 7898 11001 8663 10818 87 7802 8791 488 4399 2130 7420 10980 2151 1143 6628 3912 9449 9220 3153 3646 199 5307 3460 733 5906 6594 1773
7514 1997 10484 6692 570 4845 1985 140 3723 8229 10325 9172 9660 6808 8087 4667 8103 1406 10208 528 10516 3998 3539 4170 10226 544 6801 6793 189 1696 5154 473 5845 10056 11140 8212 10689 634 2471 868 6007 350 4867 1050 67 7179 1925 9886 6556 4786 5815 3202 2111 4721 731 4879 831 11054 8959 6987 2233 10330 2204 8285 3556 1102 8559 5657 5865 4918 206 6946 682 963 3088 4646 3757 1076 4305 1067 6308
4451 6703 9094 11121 6847 2462 3681 2656 3058 9115 6111 3365 2511 9036 6688 10267 10496 8062 5929 1215 8261 4037 4136 1231 8004 1515 3618 8792 10505 8996 929 3848 7078 4627 2848 7586 9280 6039 6680 4911 7449 135 445 328 3888 2948 6919 7953 10726 1017 9769 2464 9853 7241 3988 3746 7322 2370 9423 10106 2547 10681 9387 6773 2064 3358 2425 4047 4089 6052 4913 7281 1505 288 9296 2172 3102 2331 8477 10622 6565
3512 2857 7163 596 1835 3242 2432 8556 1365 2200 10361 10334 10827 3322 4432 10805 5138 9448 4517 854 7983 1324 4467 205 2613 306 2120 3077 4156 8822 7881 3372 4240 6082 6900 1413 4707 5503 1121 467 2680 6104 2308 5881 8048 458 7374 6342 4254 5833 9410 6682 9737 11044 3813 5270 1313 10436 2193 8588 9719 2015 2564 3125 5526 6544 11174 6164 3725 7812 4425 8270 986 8630 4748 7754 8474 2019 10258 5916 5225
1849 8461 4133 84 9010 2849 10843 2769 6875 2856 5548 8399 5819 6237 9866 6188 9062 10931 8258 9621 3294 9955 7368 11056 9057 1958 3152 10353 5247 7017 10814 9971 5874 4765 5054 7612 3274 10034 3943 7915 10093 1243 6222 1272 4506 9486 6852 1092 4272 9187 4095 9543 7321 342 10119 9476 10124 98 7232 3131 2888 10369 6653 5291 2503 4154 2122 6591 3690 5198 8465 5866 1059 5537 7099 998 5115 9962 2381 4173 3378
245 30 3067 8469 2642 5117 1146 8350 2152 3039 6650 10842 2162 8975 9485 8562 4210 252 5377 4722 699 7708 1261 2798 2778 6388 2426 4615 8749 1521 1569 9831 8172 8480 4736 7967 2219 2668 10554 499 5895 2329 796 1546 3116 3548 7441 5949 10473 4869 2605 8933 6383 2135 9855 1762 1842 2485 4792 4585 9583 8033 2066 2973 9193 4774 5977 2703 1887 2416 6798 10342 1024 2957 6614 4994 5109 3545 9986 1055 6356
10618 4107 6561 3847 1889 7766 2795 1611 7589 7402 8292 7794 1196 1206 2678 2955 9105 505 8113 417 1756 7388 9039 4290 10809 4574 2713 3167 8710 10060 1015 3352 8582 8838 10100 190 2938 4731 2373 11165 6260 8914 735 162 9707 1634 3112 2622 4753 1643 6148 194 10602 10311 5979 716 8511 2514 9444 3356 859 3010 469 11031 1417 9433 10272 4663 7284 7431 8287 6753 8771 6425 7499 5595 4449 5014 7010 114 8724
5991 6911 5835 742 36 3410 8641 7896 9876 8264 10076 5764 3970 1584 6252 10023 10157 5298 2168 1596 11145 6726 3209 6616 5196 2781 8021 6210 4595 8168 936 5573 6735 9556 9715 9917 8374 8499 949 9698 9370 2484 6472 1220 10411 2237 7060 7111 5950 4643 4679 7664 9925 10264 8978 6756 141 1633 9284 8007 6630 3749 1947 3114 5567 1367 1860 7922 2952 4411 7474 3363 3783 832 6412 4068 8358 10764 4342 9672 10973
812 8916 1725 8814 8500 10155 4251 594 9538 4112 9676 9185 6690 5689 4790 9926 1966 1519 2688 4631 9 5437 1448 11007 9082 9516 9861 1346 6452 465 7454 5653 8714 2927 8012 9840 8242 10404 1071 5359 356 5318 2185 4730 5200 4329 3814 8603 11058 513 2843 6914 7513 11005 5357 9053 7295 1614 7062 6056 5849 6277 7659 10594 4444 347 5090 7206 10159 3981 3933 952 2655 4366 2081 1954 10494 1800 3271 9841 69
4778 7879 7844 6077 1564 1334 1703 4681 2912 4947 8351 3605 1655 5871 2002 4814 3155 2107 5578 4393 173 1819 5934 1518 8577 10215 5937 6968 5161 6167 5705 8642 5507 6894 969 3399 5786 6762 10523 7850 5417 2855 3241 9833 3632 1440 24 584 5219 1994 635 3276 5283 7579 705 7863 5487 2714 5571 4576 80 3836 1393 5344 10961 1508 8704 4209 1095 10146 8294 5263 7462 150 3508 5741 4572 1891 6784 4234 10069
37 2285 5069 6613 7924 4286 1270 7429 10737 2030 7995 10974 2112 8201 6691 3018 2667 7838 10775 7963 8864 9041 7075 1447 8587 4008 9712 6967 6480 3127 6032 591 6589 8861 10692 8501 8090 10062 3311 3089 4604 3611 6075 6569 2918 3528 5784 4424 5684 1763 2455 5431 4532 7154 7765 10280 3536 7897 1178 8283 4071 1920 1290 8466 2126 9511 3268 8513 7955 7347 2907 2 9723 3874 3684 9438 1351 1144 3650 8471 9536
8208 3308 3203 7883 7005 3297 6510 5951 336 9550 5877 11101 10690 3651 4334 9718 127 6826 3182 8571 1640 5543 5559 8972 1710 7992 1662 282 6 5123 8598 5551 3866 9970 6867 3333 2702 2150 5255 7989 5362 3483 9124 9825 1262 649 5749 3534 3696 737 4009 2398 2535 10730 2074 3833 8020 4452 6694 2549 6907 8868 7159 11139 9059 4527 773 1598 8890 2115 7825 5010 8323 7071 6842 10662 4844 3794 3842 1348 6833
10164 2782 1517 5241 10502 5001 2519 7196 1354 2789 5493 564 2638 567 4078 1164 5805 4998 5519 6736 7376 7146 927 1592 3196 237 8363 9752 9143 7139 5337 4131 3604 1959 1709 9764 7846 396 6376 3846 9136 7834 4577 4584 10874 6572 3729 871 3075 6848 9045 2229 7394 9076 6905 4327 2873 2793 6163 8344 7410 5577 5374 4526 1797 624 2223 4083 4246 6832 5907 10955 7997 4054 6481 4903 3025 10052 10837 8601 10691
1390 273 210 902 2757 3046 9389 6642 2619 7842 3339 1021 10036 1309 10335 2886 7541 2266 5005 3386 3535 6444 9613 10959 3923 4225 4696 2615 411 1612 7164 8359 4951 3349 8405 3603 4616 1239 3792 4516 5500 2192 3424 3327 8516 9565 8537 370 1312 2269 4705 325 7526 6395 9013 9928 3056 10201 9803 1431 7352 10252 8065 9420 991 3055 10232 6378 9837 6710 2581 890 5719 840 4094 7126 8384 68 1392 11004 5647
9794 10082 6079 1806 10912 8345 10247 8878 2449 1727 4189 1073 8424 6250 3373 8879 10054 9690 3903 4261 188 4777 10088 7346 5156 7972 791 1253 3741 4524 1909 4797 6794 8592 9442 5048 1427 3136 1394 6110 4212 5389 9648 5584 2794 1056 9897 3589 10960 5439 5092 10532 3857 7493 8969 10930 10341 8086 4833 10214 8415 5638 5997 8995 10666 6749 1117 8811 11106 3151 9253 8337 4109 4752 10590 698 3905 2908 5202 9119 4560
3170 10638 6557 218 555 4952 4751 5475 359 7974 4471 6792 1139 7672 7640 2830 7528 1944 851 5284 2776 2712 7837 2953 95 3777 9632 4183 7080 1200 3745 7667 10080 4836 10197 1846 4581 2506 1089 877 1744 6925 7310 10118 10316 2661 6083 10319 7573 2345 4613 4815 1879 6722 6300 3790 4036 2083 4205 2910 6335 2969 5053 1404 2883 223 2946 2706 7046 10185 1 7193 2047 8750 3816 5297 8855 5955 9394 6617 881
4460 690 2666 7800 10793 4301 7391 109 5276 3255 3451 10092 741 7752 1667 1771 10747 5984 10652 10202 5861 8407 1781 468 4811 2612 329 6514 2579 5335 2881 5521 9160 399 9532 975 4223 712 3931 10679 6512 4428 8301 11157 2943 3878 5773 720 2196 3638 8848 3163 9020 9927 10235 7603 3237 11133 2411 10239 6076 9446 7668 5712 8568 9541 639 10635 3320 3756 4300 11150 6629 10978 2492 4510 10703 5962 789 8209 5333
6474 6978 10081 10465 10332 3179 6155 9470 6295 11066 466 2599 7755 5510 10241 8893 2353 6315 9894 8834 8841 10651 11170 3840 10210 842 4118 6191 2338 4292 4255 8850 8543 9235 6780 1000 2038 3710 9734 8586 10285 8973 130 7344 4058 3774 4602 8632 9695 77 9564 7442 1471 10904 11034 7722 8180 343 8092 4448 10826 8148 1097 4724 1746 1190 7626 6105 6057 6017 6317 5459 3644 136 9787 3747 7416 4554 4569 1225 4001
769 6415 7744 4670 6567 781 5774 7174 6496 1507 7303 5403 2003 1360 9111 8535 8881 2149 9440 10142 5060 8809 8131 9909 4992 1818 4476 7118 5070 2318 4034 7264 5221 10074 5700 5549 8980 7809 2813 4172 4180 1980 8762 8402 5218 11075 2931 5515 11016 10997 9879 8067 614 8155 11078 4780 4754 1289 3799 1359 4123 8774 9064 6550 3877 10688 7609 5214 2887 2442 4039 6289 10481 8449 9155 1332 3220 5668 4877 1549 6926
5809 3086 6170 1288 9154 8330 3885 3892 8385 5244 7712 7836 2732 4878 10163 1054 3477 9920 8003 6955 6697 8422 2730 2835 8286 2574 774 1758 8069 841 11148 8091 215 6974 824 10487 3385 8349 7620 10014 7660 7545 9043 11077 626 1407 4635 7602 9032 1319 8342 11159 2307 6742 9399 8278 3736 8165 6282 10406 43 3780 1784 4673 5329 1829 3853 7833 5217 2059 10015 8715 862 739 4395 9197 10510 7329 7590 324 6804
9408 3328 7829 7076 4400 9964 615 2243 2129 7900 1673 8530 9898 3987 9184 7271 263 2861 4096 253 4552 5998 2670 2499 5205 429 3326 4269 9615 4003 5264 3035 4830 10526 10059 708 4159 5174 3016 5505 10314 9224 9173 8253 5961 3500 1599 4335 5287 7652 2179 5327 287 10963 6127 1791 5930 10875 4295 9247 8678 9608 7673 1003 2799 1706 10886 2189 2433 676 8187 1043 8052 3447 1905 6989 3465 6598 4680 3014 7160
1487 3692 3495 5008 1315 160 3795 7004 3627 8502 10452 5037 691 3950 9004 7772 1148 4741 1217 5622 5064 11156 8460 6319 4040 6551 1724 8730 10557 9949 3354 10883 6067 9344 4450 2256 10766 6828 4694 412 8617 3521 8763 8863 4567 6047 10833 10283 10669 1022 1380 9204 743 4566 1183 8348 8217 9591 1960 10372 9427 9328 10273 8622 1663 988 6562 8823 6715 2092 5231 8589 246 5563 131 7624 11167 5847 9137 717 2851
1441 3408 2639 4323 6146 4108 3697 4468 517 1714 6651 2839 2056 10458 8779 10486 1683 1188 10424 4259 5514 10224 9244 1971 4486 2124 5110 9483 8476 3924 7048 8905 924 4605 5499 3281 3578 5615 2785 1850 10630 2451 539 2137 8105 8713 5406 1308 6084 1723 3404 8798 8746 7235 6579 5132 6662 6748 9501 5194 4241 9533 5631 11102 880 5942 10004 8776 2920 3744 204 4343 7605 3694 8334 10392 5492 8142 4137 1912 3008
6959 10085 2632 7795 2923 10537 8398 5435 2493 4676 6253 7569 8608 2983 10684 9745 9670 1328 7012 4929 9333 6375 6091 1866 10276 8976 6107 7269 8688 7577 7362 1525 6857 5686 1194 8393 481 426 9351 1012 2415 6380 335 4018 8026 9436 11152 4440 7933 9916 5396 2332 7942 9525 406 121 9120 7535 5683 3771 7604 236 8875 9586 600 10561 10671 9068 154 2727 8320 4045 1030 8207 3392 8936 4488 1444 4316 5928 5173
5875 2725 2826 8993 7251 5676 9579 9741 3314 7817 4611 10644 10245 10444 1778 8133 9832 1173 153 10995 3193 4010 2510 4461 6416 1921 7074 1175 3755 10846 1002 10191 10749 4144 2434 2660 9194 5911 1358 2453 2645 6101 7657 9726 9635 9200 8685 8944 6592 7747 5139 8590 9259 5383 4346 9571 10350 5555 4714 8459 6711 4606 3128 2242 7208 8528 4695 8982 7540 313 6456 48 10061 8796 4928 5987 5126 1329 4247 7218 10740
11137 3834 1338 169 4677 2402 6497 5727 9202 4288 1090 2173 2238 967 268 4216 11011 1884 4625 10294 6859 3491 2669 7912 1554 10256 170 5266 3382 5099 2629 10900 5918 1945 8862 8005 2627 3270 9267 9665 10801 7131 3716 9314 6050 182 2114 2879 6719 4079 10577 6180 5718 6864 6646 2363 1520 10418 10293 1409 4603 1159 1123 9060 10678 5041 1867 8044 3213 5180 7305 4865 9365 4245 10035 11130 7594 3504 2532 7138 3173
41 2470 8000 6058 226 2239 2220 10591 9890 10880 7116 4958 5481 9965 874 2263 8068 7931 1001 4766 7476 2977 3171 5349 6633 10556 7094 7319 3096 4084 6386 4578 9549 6197 686 2991 3980 10940 2690 285 9234 7565 2024 1435 1189 7003 1283 3730 9439 2029 7483 6760 1914 10525 5025 9054 7009 9582 6061 5958 2406 1065 7521 9290 6958 7243 1747 5717 7784 6312 1824 4423 9266 9980 9107 1170 1597 10403 10478 2298 2421
11124 4687 6410 10559 2094 7145 1278 3481 3785 5162 6712 292 4970 8436 503 8389 6341 1371 9664 2477 10675 10022 9114 7466 8134 7457 7335 808 11055 5267 11093 3389 2868 10731 5582 3175 8215 3079 19 10024 10539 461 5956 178 4129 8800 8994 4311 11052 5032 6837 8497 9221 2525 5006 3700 3459 538 6916 8362 1336 1700 10647 6886 7939 9618 4881 485 8681 9727 2125 6139 9954 8200 1839 9474 2788 3972 1058 1416 4226
6908 2541 3192 10315 10585 5310 7349 1433 8803 3397 161 10607 3359 2392 11022 9455 681 845 1826 2905 2384 2751 9396 8778 5570 1693 105 10596 2334 10716 10367 640 5775 1322 3329 6993 10038 7797 4973 7711 3199 1755 59 10428 7415 3464 3656 8228 7102 6159 7534 5834 9598 1099 2928 2177 2766 6461 11070 10240 6062 8558 10396 5736 8962 2171 10302 3188 2528 3542 4818 7841 11129 2214 5728 10193 10143 2949 3455 9666 2853
2306 9398 7874 2225 7888 8925 5190 6002 3996 6970 2765 2424 2582 6186 7592 11041 9123 7291 4162 2443 1114 5706 278 10278 9334 8742 3511 6953 6318 2502 5914 8088 366 1701 5893 2412 9285 2764 10389 7469 10400 7601 6223 5870 7166 9700 3467 9596 3475 10581 7865 2832 3343 4141 6893 3143 9283 6838 8819 1266 3291 1343 732 8410 4121 446 5826 7205 974 2771 759 2347 9219 7320 8445 709 9835 8247 9326 9095 9674
3325 8158 6546 6431 3038 9329 1822 1296 2500 9567 1198 3110 6227 4369 2020 4840 2791 3824 10047 4165 4816 11089 1992 5426 2494 8849 2007 2784 4333 8898 1811 7115 4842 849 7491 5587 4544 5732 1049 232 11175 9844 9435 2768 5632 3631 7161 7436 5372 4858 8794 7808 2993 2697 605 1658 7906 1459 4218 9761 7542 4387 4977 9919 5016 1872 10031 4637 3957 4775 3546 2545 9480 10419 9447 228 8813 11083 9776 4470 8989
6403 5451 2044 5713 10543 6543 10268 2358 6440 5761 4688 6208 2195 7807 1075 5044 2476 1782 7856 2909 5242 3515 7821 6408 10890 5650 3890 52 1740 7686 5611 4244 1034 8646 3371 4982 1364 663 1935 2409 3093 10613 3614 3634 2538 4740 10414 7418 7734 1438 5597 7189 5232 3415 1851 9295 7070 4406 6502 4080 6217 9521 2042 8709 8 2176 6663 3387 10642 8887 5621 1715 8580 8085 897 4957 10001 2592 8785 4985 8547
10713 3501 3929 7929 4092 5620 2698 10991 93 9599 1048 4521 4352 9303 5858 10659 7202 1577 2930 10893 9791 7693 9242 1975 8597 8060 5034 11097 3341 6234 3930 3370 8772 6731 2369 8593 8518 1509 101 8599 8706 4571 1053 4294 4919 1522 8313 8727 9568 5804 2106 3334 7225 3655 6596 3000 4675 8096 7689 6944 4175 10992 8775 2013 5423 7177 8408 4066 995 3907 2663 5544 3165 8747 5157 4762 8937 3461 1641 6850 4562
50 4228 7960 1501 5228 4590 683 10358 2327 5203 4933 8853 2736 1970 7788 751 9722 9989 7124 1524 4368 7186 6861 2004 10144 5652 9149 576 5113 8795 3050 10225 3280 10625 3044 8189 2459 5375 2825 9499 8037 9417 3118 6931 10806 2743 3726 6020 6538 1687 903 857 8652 2323 2333 6175 10317 1514 8114 1477 9988 641 8341 6451 10771 6676 9902 1160 5084 1802 7201 5558 9765 339 590 2113 8510 3739 1840 5352 4750
930 10637 3591 2175 8032 6659 7704 3532 381 1506 5733 8463 4390 9524 53 9196 4906 2295 3768 2811 6339 10761 269 4909 6453 10517 3706 4662 1468 10362 10018 6357 3544 2797 3979 5642 1023 4243 2818 4435 4134 2035 1632 9968 7053 7638 8166 9720 577 5320 5829 346 6493 5525 2281 3406 2105 1154 7999 6824 7864 11003 8894 730 864 2895 2097 4022 3927 7880 5175 6283 7296 8188 449 9055 3647 8027 7726 5624 7142
4600 10243 764 7172 7721 2844 2807 3579 2274 10519 3949 7597 547 1110 8789 6019 8638 5061 1678 302 6802 1544 2591 1044 5769 9906 10753 1808 11107 4905 6340 9099 9574 7655 7710 749 8008 9995 9663 5957 3471 11125 1645 10608 9072 8895 4652 2708 1639 81 1401 1179 9685 10040 1491 3855 2465 10405 4810 9367 9810 158 3815 1504 8343 7798 10096 14 6173 6337 8488 901 3564 8185 4649 9858 8404 8896 1681 5301 5411
1066 2278 1452 5932 3982 7432 10355 1794 4202 7735 8175 2350 9402 1915 8129 7268 9022 745 8331 8964 5454 8854 9669 5007 7599 2754 3691 557 10064 3986 6779 11002 10956 4429 6811 477 3540 4462 2178 11082 10611 777 2065 7665 2737 5772 829 6306 2283 8219 1923 5940 301 9744 7828 1432 310 9228 9428 2291 1999 2279 9587 972 5166 8538 9821 10198 7635 2396 5725 5281 3457 8233 8768 6450 898 10182 542 425 7613
7936 10033 9880 8913 8199 8799 3211 5484 6909 5946 1576 5941 9772 4645 8053 1018 5245 7966 10432 2834 7158 9358 2041 1857 8164 1132 7152 7110 3195 11136 941 9757 10799 10810 9873 798 10090 4755 8119 10108 3882 9654 6034 10222 8605 4155 11110 908 9738 10860 623 9562 1990 7318 3612 8739 7739 1147 4438 5152 7715 2372 3232 4463 8889 7927 184 1295 9625 4583 4195 138 1168 642 139 6746 4152 7332 2481 5339 8987
5405 6311 2436 5742 673 7855 486 7748 7191 7014 2382 5546 2984 3784 3693 2687 8873 8486 2160 2023 10540 979 5393 8544 819 4060 10937 9183 6041 3825 11169 272 8328 7816 6643 5028 6687 2577 2012 9159 2976 4275 7229 9590 9230 7827 8902 7371 10204 1968 8932 1145 8124 1548 1063 3582 8203 274 2250 221 4213 8419 6799 256 2356 5153 3166 23 11053 6090 9852 9363 585 5171 2452 8928 6118 7944 6915 884 5427
9281 886 9223 4307 8312 10529 6131 3411 7990 726 3011 2758 10380 1795 4907 1137 4064 1917 8448 3899 11032 6765 6787 5983 1009 8717 5552 3572 6285 989 479 9781 5328 6776 2260 5530 8720 179 6986 9546 20 8945 3277 11036 7253 8807 2674 7843 10536 10664 6113 3804 892 26 3832 5338 3099 7008 2643 5501 3361 6043 4494 5186 1419 3238 5071 3989 4128 6609 4408 222 7122 10421 6638 727 4266 5708 7479 7705 2911
149 8252 3573 5031 599 2872 10391 5102 3947 10709 2251 1613 2073 10892 10807 11173 4872 4871 1254 5722 6720 680 6603 2573 5795 2341 9126 1511 10774 3396 8400 8478 4072 7426 5068 6924 4791 10619 3901 9735 9018 4299 9619 2936 2611 8073 3941 5455 645 811 4485 9978 580 6965 3826 7796 10939 8912 10715 10000 692 2067 5208 4319 8595 10825 10351 4489 9364 3187 4950 2864 2322 1906 10901 9875 3529 10021 3023 887 5055
3337 9731 10569 9911 9492 5191 6121 10736 451 664 4962 4776 592 8326 7240 6108 1607 925 940 2996 3887 7527 8029 2589 10891 4693 11061 7737 2268 7255 10567 2959 7485 11030 159 934 629 2180 3231 9391 3454 6102 11071 6071 4917 1069 9729 5520 9728 6026 7306 10071 2904 7515 3940 500 2483 3766 10433 8525 1373 2675 10457 197 5432 10443 5585 9489 1079 3733 10682 2707 9742 4746 1881 6117 5229 86 906 10867 386
4628 1429 10735 9872 6626 8623 3600 2070 3360 4177 8300 2800 8645 103 2301 9084 1816 2530 7446 2487 8236 899 42 1094 9348 3715 9656 5347 435 6406 11015 2925 10541 1864 6073 10972 7718 3458 10188 4 10006 10714 10624 2571 7628 8297 11038 344 10359 601 7902 8703 6879 5343 4910 3045 9805 3968 3576 2271 7732 4357 8111 1029 4434 4501 4884 4252 8787 275 9502 10407 7791 4019 9297 2934 3015 5353 1635 1127 8009
72 530 3485 8150 7981 3898 6392 8781 6647 8198 9649 2913 3875 3953 413 10115 3064 9190 3533 6263 6862 9411 9096 8296 39 4657 6634 4418 1466 2838 10219 5188 8454 7616 5751 2224 5233 2140 4260 9070 5545 3413 2084 6648 6225 3561 3227 6168 2138 3735 3061 3178 3964 8440 4912 10958 5088 8984 10738 4203 7486 4896 5863 8759 10546 1711 3867 5747 8943 3472 9048 8847 9369 5087 6652 7538 6508 4610 5797 10534 8045
6618 5602 4561 7762 5768 10878 8884 3712 7082 4827 9479 5237 8371 209 5477 6350 8097 5249 6683 5083 766 2716 7020 9263 9508 4495 9132 9030 9812 7611 7026 9038 10509 4932 9912 6398 5453 8532 707 3246 8624 5857 2061 2093 4081 2937 4119 9569 3617 5051 11087 10748 265 8885 6555 8468 10587 3367 3181 6667 4298 10739 756 3624 5104 9774 8607 235 6934 9178 7 1230 6936 4954 7702 1604 648 10923 6709 202 5213
3051 8434 2819 9953 5878 7381 1480 2254 9103 2096 11025 7867 10800 6545 8751 7385 3629 4145 4860 8679 10162 5635 621 1169 3296 6870 6154 3157 10089 4597 9576 9014 6333 7753 2780 5461 9467 6015 3428 10776 7440 7717 5696 3623 6825 9973 4891 4538 7464 1151 3585 931 1181 2010 4318 7175 208 7187 3845 5257 1165 785 1305 4868 11099 5822 3438 7495 6942 5793 2935 2495 1568 7114 8614 7380 11051 703 9629 4937 2440
6935 2560 8006 10262 8149 8036 9034 3574 5450 11132 1708 10451 3403 4841 8870 4011 5409 1565 3553 10866 7439 7741 3807 5143 10636 2390 8191 46 2722 7042 3309 3776 323 2852 8308 5495 10259 784 382 6221 5155 9416 6523 11024 8602 4445 5367 5780 1713 6369 7324 4087 5395 918 8653 4589 6580 3889 8522 4166 10275 1874 9999 10122 10370 7724 6262 394 2898 6858 9021 816 1988 8194 10847 9604 4086 4430 5288 1149 10445
9271 8967 913 8116 9002 7647 3503 904 5909 4920 7311 657 6280 5658 8633 10013 2544 6367 10454 2649 2498 9903 9948 1628 2974 917 1152 919 7036 1861 5924 92 8481 8691 8430 9932 2016 8482 9488 1489 3599 519 7282 9498 1449 6994 3393 10437 3462 9161 3727 6462 6324 137 10365 5542 8356 3487 4414 3517 7353 7591 4773 3657 7973 4135 6717 560 11095 10660 3391 4807 6125 3828 559 2945 6707 4401 502 398 11116
380 8569 11081 10795 5753 7783 9862 578 261 5252 5593 5314 2804 4808 704 1045 6636 4684 9877 2610 6758 4880 4936 7435 926 3531 9846 1801 6588 3437 3707 914 1027 9570 4725 8357 9703 8293 748 2683 5168 8347 4653 9044 5682 6904 9056 1126 7625 10066 7021 2461 7757 3663 9607 3080 45 6005 2258 1226 5663 5324 7696 8057 5901 3978 7103 1786 1738 1228 9998 280 644 8122 2823 3665 8098 110 8627 3911 7168
7547 10441 5148 4658 1327 6466 6745 8780 7031 3466 3249 1124 9788 3285 1670 7425 9195 6581 10221 11135 7063 404 10153 11076 7758 9325 9330 5813 11040 1318 2829 4758 9859 9614 533 2867 9412 5667 10631 1682 4835 5550 4923 3148 8030 2467 1932 2744 9922 254 9622 5926 4634 1621 795 1033 10965 3106 2045 1721 6664 5012 8990 10255 8364 10732 5412 801 3945 10936 778 3984 8757 7113 9936 2343 6528 7952 1503 1010 7326
7430 7940 3244 4846 1562 6470 10794 4051 6093 1108 365 7065 6860 10123 3239 9017 10312 6969 8479 9113 144 10643 7552 11091 10329 6706 10079 1396 8416 1918 2504 3977 2644 9509 2275 5762 3463 4233 1366 8382 7106 5702 6189 10327 9939 4995 8983 1653 1785 2673 7639 1820 3218 4666 7257 9313 5993 3843 7165 3844 2518 8723 4041 8311 8613 10872 3469 9140 1293 4091 1743 1836 464 10802 10609 1870 5177 7336 8491 4563 5574
5015 7405 3223 2773 9633 5376 6619 10672 9798 9374 8615 409 10993 5897 5967 8732 4888 5691 7489 8919 5821 8676 4785 2325 8101 3906 8519 2893 964 6172 9287 5534 6961 264 4890 7789 9097 2682 4337 7473 4801 8971 9379 3295 5726 9141 8643 2209 10070 5644 7317 487 6713 10661 6704 9222 5724 9818 4099 5626 3668 6299 3348 2543 10811 9288 9878 4522 5220 7364 6241 1221 9345 5251 9384 4490 4541 618 6021 2792 3530
3303 8664 2077 8151 4404 7982 3082 7337 3081 7120 9239 10417 5612 6540 1046 4551 9799 4781 3286 3259 7199 8130 5286 7443 6046 772 5547 9338 6305 5151 6817 4024 9201 4296 1211 10318 8108 10975 1353 1830 6434 7891 3063 2554 1863 685 3260 6078 9951 4201 8241 9542 5392 10175 9430 8361 4826 3301 3417 10832 10467 1550 326 7986 3074 702 633 6542 2998 1382 4157 2659 6177 7328 1136 6478 5506 2049 6054 839 3552
636 9091 5715 8279 8561 5101 6194 9006 132 9023 7870 296 2584 4507 911 7287 2637 3174 3205 9930 3379 1981 2205 10438 8492 3852 9109 4111 3186 9947 8495 1731 4512 10121 181 10719 7948 5869 7300 11013 8620 7582 8438 4082 4101 75 5770 4466 6840 5921 6998 10098 10944 1257 10612 1166 5165 10320 1462 753 5952 3805 10942 1104 7044 5851 9967 6584 7407 6570 7519 8143 3673 6547 5978 1766 9260 2079 7824 1934 6830
6675 7383 7730 6344 3452 5910 9293 431 3043 2810 9830 10665 3144 5731 4116 4789 9560 2862 1171 6518 6853 637 960 9354 5050 7553 2890 3917 3300 1331 8205 10016 10994 4665 10574 10091 2040 1630 5568 5106 3158 765 7028 3642 4386 165 3235 9514 2954 875 9359 2631 2657 548 4609 492 10550 1297 9638 7774 652 3751 2394 3497 8489 7751 10295 6601 9907 3803 10238 5331 6313 2102 5407 10841 1418 5883 6865 1902 6166
8517 4345 387 5609 5639 5026 6566 6637 5158 3676 311 9754 6272 8659 11037 7325 5939 9400 4550 5494 10601 2939 4085 2735 1783 4711 9456 543 3870 8039 3883 7421 3353 5664 8741 8842 4969 4837 6896 4793 4788 7375 504 3654 3405 7822 2531 6384 8712 3577 3514 348 9246 1536 6473 5049 7662 3983 1224 10521 6863 6245 9377 11073 7312 8701 3748 220 10150 6768 1096 195 9258 7294 6723 6525 9863 4539 5361 2139 6174
1442 2517 1185 6606 5144 7045 10217 6769 7345 2587 2891 6390 2198 4953 9759 8711 4727 2593 40 9732 5230 10057 10011 10301 4894 4617 3183 6954 5859 11027 3619 6258 11147 8716 4258 9943 8490 7413 6281 231 11062 6674 2008 10200 5075 7248 1321 7411 10500 8152 4759 119 9652 8396 6499 4799 6394 9112 374 3006 7996 4410 402 1186 8540 9083 4151 4472 447 3740 7785 5391 8505 2456 8931 7561 3236 9527 3208 10042 4802
3598 9451 3938 9302 5369 241 1629 8674 7356 10821 6548 6951 9418 9773 2845 1827 5511 8929 2063 7267 2276 4163 2305 63 408 10646 7428 2841 11086 230 4949 6889 4767 4997 4098 7537 3135 2717 3689 10244 8238 3100 4700 6402 3722 4965 3094 6251 6486 4120 9864 5601 2118 6094 3108 6813 507 3788 8248 8574 2596 10882 9098 5981 3499 8317 6767 804 5610 11100 1877 7871 1011 1885 6287 1837 7683 1718 5082 891 9929
2475 297 3583 2775 5246 4993 12 2312 7914 9572 3201 1016 358 331 8223 1578 6377 3562 1209 5523 5569 830 4417 5575 4621 7555 2170 7370 2540 10696 10402 3418 9255 9179 3313 6679 10865 4794 7556 4986 2046 5995 2600 11028 7868 10655 2777 250 3092 7619 2060 6856 2750 946 5065 5460 8722 6995 2413 1013 10600 9725 10308 10388 6701 115 6296 8186 10864 9959 5400 1969 10007 1052 5539 219 8222 9327 5671 7090 7644
827 9353 10067 1458 8231 2488 1772 10741 10192 10983 2679 10177 10231 11138 10025 1692 1177 10770 10576 1268 5240 1276 3072 5502 1574 5922 1436 4122 9051 6937 8379 3262 8591 3786 9823 7081 5078 5830 4043 2719 2965 10470 7576 6249 5968 2491 8783 5094 1339 10845 2221 9075 7419 7911 7670 1896 7307 8725 1865 933 3518 7273 7013 9186 758 10969 1583 788 5408 2145 6520 3288 10949 10725 611 4897 5527 3743 1579 10453 9709
5380 444 3630 1421 7884 5902 9790 5973 6553 6119 7297 6000 7731 5856 9311 7128 5289 8339 34 2299 2624 10133 2422 4200 2567 7987 10853 5280 10555 5258 4456 5098 10167 7054 1363 2460 7633 2407 6430 10913 7276 10564 3401 6454 8793 7684 11113 7183 9770 10156 10368 2486 9520 5018 2975 5496 8024 4048 3997 6200 4033 7578 5674 9318 2314 10760 10789 10127 7339 1157 2227 935 168 6202 1510 10990 6522 2448 688 1467 10598
6786 7799 2932 6527 6432 4764 900 3145 5754 9984 4219 912 4322 1202 11162 10639 4030 4925 7661 1751 7632 9994 2729 7066 9793 6948 1768 3400 5896 2933 8668 4198 9079 3156 11 9272 2553 6737 9019 10136 2134 3048 9025 10113 4893 7222 11163 8806 8047 10520 9820 3265 5112 8958 2734 4353 4373 4475 6149 522 3394 389 3920 2822 489 6669 1736 1539 1962 6999 2509 4697 1734 4224 1485 172 9256 9809 3085 4664 124
9306 9811 9462 10373 6190 4267 7848 3827 5120 1047 9627 2028 17 2648 1652 9940 1530 6397 10149 9768 3568 10538 1307 5360 588 771 3374 5077 8054 9414 7937 3750 3554 4179 1398 5750 1753 909 9746 8314 4140 3811 11153 8699 8455 9545 9689 5080 939 9797 3282 687 4336 11029 10399 1900 6834 4704 10575 5209 7095 4940 10623 3886 3251 10431 9585 5009 532 1494 5027 8035 196 9118 7859 7423 1668 4361 4672 7978 7445
962 6655 9740 6752 9750 5105 10908 10009 1122 1919 6443 9289 4217 9534 8560 4199 9277 847 2989 10323 7087 7885 534 999 10356 2027 7971 1115 9104 7215 10292 9899 10336 455 2654 1677 8019 9910 7025 965 1987 5418 7776 4416 10985 3041 6816 3250 10072 9891 4855 7637 8196 8383 1619 10299 9497 3806 571 8649 55 828 3555 1457 1661 662 4737 1068 10762 6771 8051 8939 4895 10379 8427 3087 6361 10503 6276 5486 8670
5490 126 10535 6888 4938 11144 1368 3076 3775 2812 9834 7260 1428 2337 856 11033 9892 950 7691 10381 4185 9125 4397 7520 419 6632 4491 7148 2313 6135 9808 5013 1961 1463 5791 5798 5812 9503 3272 2561 3719 4533 9767 5972 4340 1697 5294 10128 3704 1868 322 3789 5794 3047 6686 10134 3678 7424 259 3293 10349 2403 4032 7695 1748 4409 8031 2080 7153 2966 7512 5701 7630 2352 776 5210 6468 6193 5056 4127 9108
5275 4542 7127 1627 9933 4702 8263 11043 457 7692 4719 7072 2630 8756 3588 6554 6027 3648 2075 10374 9000 2244 1991 9865 459 8836 10765 7678 9851 8744 3636 4381 10347 7355 2297 1735 2550 8324 5876 9584 7261 1437 920 8754 6932 4549 7340 4328 6239 143 3299 8926 9874 942 1764 10792 10610 3563 7557 4362 1904 3829 8332 10711 7482 5285 2359 7024 501 11151 5828 8874 10512 1847 6321 11023 3009 982 1642 1821 10896
146 9078 3823 1405 6782 3433 3331 9138 156 9225 7176 354 9637 8237 3709 5752 3809 4961 3609 848 4782 9557 6866 5716 4274 10172 10508 8566 5933 2454 472 3881 10477 9758 10180 9593 8760 6790 4620 10734 1384 2747 11072 10721 10190 5465 1032 3474 4824 2968 7409 4883 4332 10560 2880 8585 3608 9133 4067 9131 2377 3253 10724 4771 4594 10699 3567 5100 9100 3095 5776 6899 3713 6820 8375 9974 308 8635 2875 6750 3865
3473 4500 3019 8923 7977 7188 9298 3593 9349 2165 672 3802 376 8494 8406 4193 6418 4325 3526 10137 5737 7460 8860 1646 3732 5183 9332 2833 6491 5204 2921 5029 7496 1430 3913 9393 8829 1972 3586 3967 7237 5076 1875 2774 7399 1344 2282 1051 9362 3991 3674 2651 5518 9276 9142 10105 9904 1940 10326 725 6097 6597 1350 2348 6374 7278 4235 1111 7811 1311 4851 1963 4991 3132 627 10377 8387 10116 6477 9450 701
4540 511 8162 8690 1081 5340 8719 7934 1610 2827 8439 867 8888 6271 7143 1886 3180 1624 8512 6708 10168 10348 5649 4273 2539 5963 5841 6721 7957 79 9701 4963 1760 10925 1664 3115 10957 6960 3841 1222 10104 10948 8784 1453 6973 1942 3538 7525 309 7806 7089 2580 9843 7298 6257 7975 7256 943 8414 7433 7600 4181 6136 2127 5556 9089 2836 3007 8573 9176 4372 6678 9069 4968 10515 7901 10855 423 9189 8409 4713
9434 3032 7105 6696 2376 6492 10028 4075 5710 5759 790 3721 9496 5666 3946 7427 2446 3123 4360 5277 3368 10313 9631 8911 2837 7608 6724 8295 4504 3126 9659 6115 6524 10120 10583 3037 4192 6051 2696 4285 3028 9924 355 7384 6883 6509 8821 9630 5421 6939 9240 878 207 1933 1240 7502 9388 3319 7894 4870 2478 6526 10604 3029 8284 4505 9678 8100 1717 2850 5693 10506 2245 7786 4964 2671 11064 2206 1533 85 4921
3960 10184 4455 1765 10010 5304 7254 6533 650 7615 4147 2805 349 9174 7505 3683 4843 8612 1077 4303 8395 2207 9646 1131 706 1020 378 5163 2427 1274 1237 4354 2882 4898 9085 8255 5891 9847 6979 6423 4442 5159 8991 11141 5341 3124 8960 10250 2187 7801 4886 333 8917 3139 2915 4511 8675 6072 8651 5434 4874 8079 1671 2787 6161 1557 8183 432 6028 10605 6132 7905 10416 4389 4857 10677 4956 7437 1591 8700 8548
4556 2640 3884 10288 6024 8441 6503 5378 9441 6030 10549 667 8782 9935 1573 8433 10460 6363 1260 9710 2704 5838 10701 5600 5512 6348 3054 8161 1654 9463 4983 10354 3801 7877 6407 4607 10710 2749 11176 9589 7280 10803 1500 2054 2142 8417 7472 8265 5843 5399 746 5599 7820 2585 434 1745 5169 7532 2691 3767 3496 10203 5565 6604 8979 11094 8773 450 9602 2507 3103 10822 6622 7946 10641 7398 2740 6338 2620 985 10918
2917 3206 4012 1882 8304 907 5224 1537 234 2772 9857 3071 7548 1385 508 7228 7213 1084 3797 9716 10640 2482 1267 8575 6631 7125 8930 2964 8099 1408 6458 6336 8509 8267 10152 8869 677 3601 1648 7467 2391 1929 10051 2565 1233 3543 8120 10787 117 5760 10322 10603 7450 10968 1543 216 8527 5899 2437 1361 1269 338 1345 7190 1805 7422 2005 613 6345 4242 3129 8606 8851 6577 3429 5238 4756 1741 3030 2400 5796
10563 3779 7302 5785 818 9528 5894 8066 4049 2050 2686 799 6187 6599 7567 375 1787 1720 7777 3753 11164 2143 7646 8070 10989 2929 1425 6716 6426 1472 2489 8412 10248 2606 6297 10708 2287 5382 7562 1907 1294 293 8988 9464 815 3858 1943 8567 7204 6417 10030 4655 7001 4297 5201 9755 7453 10490 7707 6114 6764 8758 8413 5330 947 10791 1702 5661 2052 8262 5766 1060 1823 7725 4984 2899 6214 6207 1475 8657 3042
10707 8089 9403 10830 8368 2598 10448 1812 4819 5943 6347 1547 7524 300 7925 612 10857 9960 312 10482 8753 7365 7839 11019 5296 8112 6559 1026 9662 1292 1391 3880 9355 1814 10338 6649 5424 10751 5887 7279 9484 10551 10823 10902 10722 1286 6405 757 5164 1752 5603 8801 6226 7882 9065 4503 8257 574 9992 8366 579 1588 9040 1395 5748 6038 2025 10366 4239 6042 9887 3849 3210 7315 10077 7098 675 1841 2647 7890 5042
122 2992 7663 1258 8922 5212 10676 2294 3523 1474 364 6744 922 4308 3910 10466 9628 5038 7480 5852 5452 89 3581 7212 7494 9519 7930 10145 8697 9600 7500 6006 3141 1737 1285 4747 6672 4834 4988 2197 10933 2870 2264 9081 6898 4796 6902 4691 6124 835 5401 6437 4214 5413 1241 6008 2808 4196 10586 4914 11012 9708 7993 11119 7334 5480 9153 7961 7040 3380 9500 3388 8251 8968 6198 5397 3994 8381 7815 10339 5596
7738 73 10147 1041 6325 2262 5300 1924 910 8820 4743 2815 8179 8769 3902 9162 4479 669 6506 3263 5030 4708 1109 233 6612 5886 5497 9171 6537 4537 2597 8485 921 4529 9274 2522 7909 3031 3284 11104 5446 10920 6103 4211 1638 5222 7968 5236 10423 5925 7690 9693 1804 2215 5618 3120 2163 8107 7245 3895 6836 5989 562 10173 7247 2351 5855 10924 7627 7223 8815 9675 8239 2361 9966 5470 8954 4856 5342 5641 1952
1456 4215 7400 1335 3818 5879 7596 5364 1125 2723 3966 8611 4528 3024 5744 9203 4289 9261 10987 3621 744 10856 61 4946 2119 9507 9007 10859 6040 8833 1162 1497 1088 8354 4077 7068 10911 10914 9454 6320 7029 7539 78 4268 8737 8156 10065 3570 7447 13 2684 6229 7932 980 4421 8745 3958 9836 6310 2994 10179 9733 3214 5698 2069 10170 438 4832 321 6608 367 9452 6278 6153 1951 10938 9996 4302 536 8315 971
3419 3426 3494 978 10571 11105 7849 9946 747 5980 5325 3489 6515 6593 8473 9093 8872 8425 174 6018 9167 10125 5223 1899 1779 7083 7100 7363 1256 6379 1828 4548 786 5384 10068 9624 1004 2253 11085 9531 8765 6404 4671 4930 8095 1602 9473 6044 212 11069 8951 4257 752 6152 4784 8275 3590 1594 1087 8126 4601 2906 10309 1414 5348 4558 3154 7687 1236 7000 7899 4433 10498 6985 3468 10988 8507 147 2646 9824 7853
11035 7558 6288 7750 2558 3854 8110 2357 1853 4484 8534 2088 11060 4150 9031 2147 6372 10020 8974 2057 6031 6247 9121 1281 6010 7091 583 4356 11127 6507 1153 5149 5945 5648 7157 1019 2947 5052 9644 7382 9661 10919 6874 3245 3698 7756 10873 6428 915 1556 7819 4231 2681 6733 7309 422 4355 9934 3835 5448 5662 10131 9991 9612 7581 1357 2211 4882 10728 6381 1482 6068 4934 807 5260 6215 7133 3925 7917 7949 4358
9028 7511 7272 4415 8117 7227 2311 4437 8610 2033 5553 3470 5536 9578 7049 1140 7030 4038 7580 11098 8906 6064 9211 10183 9956 1300 3918 421 9477 2556 9343 6122 6033 5579 6901 9216 198 9778 9199 8692 2158 9347 249 28 3688 6785 3944 8797 9756 10446 7373 3316 8736 6796 3216 3965 2980 244 1242 353 240 1036 8578 4207 1878 10861 1250 6196 1496 2608 561 9265 8631 10435 2956 1888 10648 7720 2473 9156 5564
9730 3737 6351 823 4669 2226 9777 3217 5903 8061 6822 1513 10916 5675 9229 5114 10126 1120 361 1916 7504 1890 3434 11149 7207 9692 82 7169 5673 9762 6645 9838 9766 10783 10165 6984 7330 2689 2770 4256 1218 7550 8886 7392 4287 631 8428 8696 2146 2860 8927 1803 1707 5489 1340 4197 8309 10835 4557 3781 8639 9386 9213 1780 10044 6399 3760 6897 9640 5842 761 5046 4959 2626 5629 6116 1595 8472 9539 7506 760
8515 9617 10099 217 1792 9782 8698 10296 9957 5145 5124 2246 1848 8338 8451 6144 4943 7395 6992 1454 4310 8282 5854 7919 8671 5332 9321 1399 3484 8043 2801 10763 9460 6763 9515 3034 4124 8947 944 11096 2474 6693 3669 7156 1355 5781 5504 2636 526 3324 2874 10718 10758 332 8952 4701 8291 792 5985 5185 4987 4839 8299 3800 5356 4313 6891 1589 8496 4720 9090 10849 3375 1116 1512 7509 5024 1377 3672 369 2001
10670 843 4482 9691 8260 6134 5381 5680 319 6615 314 8514 3289 6887 2154 7866 948 10158 5449 7117 9668 307 10489 817 9191 9510 3734 6371 8625 3478 3798 6294 3871 2017 5066 5529 5825 10410 405 6623 5305 1107 6438 5954 5136 10371 9214 10169 6393 4499 2658 176 5581 5789 395 531 1005 1303 1859 1101 6269 5414 10078 2865 3822 9804 7088 4692 8462 3134 1542 90 9147 8266 6949 8325 10769 9145 7893 7262 10573
1381 7969 5783 5839 2290 10 2731 8475 7448 10522 9352 6490 7701 7096 7649 9482 5045 1620 1516 4115 8224 1141 2099 33 3003 8999 1025 3027 9226 8243 6143 448 3446 5703 8235 3922 9677 8545 9673 6401 6878 6232 3212 5935 9601 4364 3914 3758 4822 8369 8335 262 10216 454 5561 2469 5836 3610 6254 5438 414 8040 7680 4887 6329 5944 5057 4029 6464 152 2664 6880 9747 3060 540 3580 551 11010 5436 10667 2156
3376 9050 4761 1229 5000 5206 1264 9231 5711 3347 8669 1908 2817 2076 6775 4633 7641 10697 5517 1862 10328 4439 4523 2293 7250 6532 10584 7377 10017 6482 6872 10281 7694 8581 1244 8160 7916 1461 475 3450 8456 9419 64 2349 775 11026 4980 2790 8193 10606 5033 3332 7681 1776 305 7414 3928 4344 4050 6354 860 6098 6427 7875 6854 6517 770 4282 3830 6574 9110 1936 6353 9563 4382 7559 6656 7531 3261 8154 2786
9616 3172 9003 7498 9164 8992 4419 9150 6795 4960 2255 3097 9301 8280 1777 4710 10003 10019 4232 10114 9135 4573 4221 6273 11177 4027 7233 10582 5313 7745 7471 1666 8206 6236 5137 8658 1180 1910 10656 9205 5656 10815 157 9915 2701 5576 6140 2761 9573 7886 1529 3137 9597 2284 8609 4023 6725 10497 1388 10160 1790 693 8159 10383 2232 9893 6095 9827 6309 1271 2988 7397 7770 8831 8654 6230 9371 227 9588 4191 9324
10174 3850 11123 2919 403 6881 4427 5415 7743 8955 10895 2368 5524 6578 5695 7908 9705 923 3248 7832 1486 10253 7219 2360 797 1282 490 10885 2108 958 5917 5831 7835 10527 6092 1356 1858 3754 7740 5443 8570 10073 4384 10852 2303 6182 1553 4656 2779 6827 290 10813 5966 2607 8734 8078 8176 7656 3013 2901 5299 5464 9561 5817 9251 6819 8195 806 5566 8298 7386 10633 9554 10952 9724 2288 10420 2922 4248 6501 810
6869 1796 6800 7840 3810 3952 10032 8403 5533 7876 9001 5606 4515 3416 7342 8846 5207 2085 8139 8957 9148 2633 4208 10754 4464 5535 7568 684 2524 107 2944 5193 1310 8729 8843 9339 5633 2753 443 7246 7530 1275 9653 9558 1893 9309 281 7895 7998 4031 7140 3020 3317 3560 5022 368 966 6235 5765 2739 794 2677 5498 7185 8965 1424 2009 482 9671 6400 10926 6534 9642 3498 787 3480 3859 8900 4974 9681 5681
4738 9144 9972 8011 3161 2756 6290 6382 10967 6727 5840 10434 3364 8731 4623 8621 100 9530 7459 416 955 4321 4370 5303 4220 4174 8250 10012 10620 9896 15 9406 360 1469 6844 7593 589 2641 2876 8837 2863 8204 3896 151 10462 6355 4146 4403 5130 4689 9188 9058 9958 2043 9122 2496 9180 7390 10819 4379 5390 2181 1031 3821 5892 6772 1948 2098 3897 270 6396 1422 5738 8211 7289 11172 10887 6575 2537 9443 7403
3909 7945 7283 8636 4875 3345 549 1913 2972 3762 4636 10654 5074 2963 6823 10756 7239 299 8259 3340 6012 3639 478 4330 9422 2859 9850 8662 8083 9151 4770 5645 5471 5473 7210 88 7220 9575 4926 4143 8644 4338 5739 1057 2435 6016 6343 6573 4097 6741 5096 715 4014 10171 2884 6587 4535 4348 3264 2055 5988 10820 9771 10812 8647 1423 1854 10779 8735 1950 7259 3442 8901 3104 6980 8394 5370 1688 8808 9714 8539
1876 4972 7928 4559 9522 7073 112 10533 7546 8816 1998 5323 750 5948 3070 7137 4783 6298 3864 5103 1174 7910 3258 647 876 6246 3932 4130 9077 2616 2123 4715 392 3616 10772 484 10796 6475 4063 8464 3685 4052 1347 7209 3522 1325 1831 10816 8554 5868 7650 7101 3190 5354 2216 608 1465 1062 8249 3346 8232 10922 2444 1892 49 1158 1690 8442 5073 8177 9743 9905 5133 2429 2089 3658 2590 6521 7327 9706 1660
8840 8254 3176 10148 4520 6845 60 9540 10545 7404 5801 7263 10986 1601 6137 1665 1337 6087 10492 1306 4487 4436 2650 4838 4967 1695 6658 66 276 4660 5292 8418 11111 7508 4324 6291 3879 3708 3269 8023 10132 3492 3837 9713 10881 2490 5215 10962 710 8767 10743 10953 9102 2248 2960 1374 4519 10884 3869 3121 1810 3059 5880 5274 1749 5302 3613 8493 1038 2676 537 10472 10181 7873 651 8672 9049 2148 3091 6446 1103
9739 10848 9512 3073 9555 7412 10964 5808 895 694 2869 3915 9895 3919 4685 8487 1832 3667 3507 4263 3304 1119 7771 10430 3645 6099 6100 6933 8305 10790 5864 6504 4007 1977 7980 10888 861 2420 4412 5089 5250 2167 56 453 171 814 2428 4612 7484 4978 10140 1545 4046 3985 8388 1187 10422 6085 7016 5538 5085 5108 5755 83 5482 3628 1284 2378 3718 10271 4979 8892 9459 6641 1637 7367 10236 10782 9024 251 617
10384 4283 1100 9985 10504 8832 4074 711 3256 3149 3318 351 7123 2026 11142 10041 8245 4388 1412 6133 7231 3330 9888 5363 1732 2235 2614 8648 896 9867 3191 6328 7038 4277 6988 2877 7194 4674 990 2417 4276 1375 1208 5850 1650 4398 427 5915 1483 7211 8121 10178 8268 4306 3641 10562 6759 5920 10094 7904 1676 5234 1118 388 1287 1464 3302 106 6943 10877 9331 7623 5969 8010 7958 8865 4990 5814 3204 1669 7858
10854 2978 2257 10343 606 7775 9215 4341 5660 1984 8564 6982 5394 6349 2480 6192 3510 5485 3275 6670 10686 1135 8307 10220 4996 6495 10592 9783 8213 6516 938 2926 1098 7286 3026 442 7716 11006 62 668 4935 5763 1615 7299 8655 1659 3355 4717 2871 7669 2752 2267 3652 9087 47 123 3247 1730 1561 5630 8013 9292 4473 3036 4588 8310 3002 10981 10971 8240 7994 10195 10996 8812 4006 1042 4565 4385 10375 9192 5848
8327 872 6851 3336 3069 11059 10945 6063 3904 8921 1420 9490 1927 8533 5677 6053 11128 9139 9016 607 11067 229 5279 239 2247 800 9786 9826 10617 2321 10745 7181 10702 1279 3873 4892 1176 4850 7814 10045 6022 10632 767 6013 6485 6788 167 5125 10767 3194 6791 2344 1575 379 3951 4061 9163 7878 4171 9165 1526 2161 2603 6818 3312 4518 10340 7323 4876 1793 9086 7035 7713 5872 2745 3513 5740 9088 1580 755 2419
8918 2847 1767 8552 7666 29 7503 11017 3290 512 10780 10266 3602 8059 31 1657 10593 8818 2694 8365 7759 6885 8273 7470 1259 8721 10049 9487 6513 401 8981 9437 7781 2117 10488 7651 1280 5832 6754 2569 1223 4718 7151 10786 5273 11008 10729 6023 826 248 9268 1798 5345 2521 3820 523 11103 7079 9815 8017 10544 4161 3921 6805 8677 2362 8949 6728 1074 8961 2184 10286 7119 7488 10095 3862 10257 9475 1799 480 9052
2699 4668 6991 397 4281 2380 10463 8702 7648 10442 1378 9385 6873 3431 10398 6695 8042 885 9611 10364 111 6471 8390 2328 2516 9170 1742 5709 10205 2552 4142 5996 10910 6365 5938 1626 5491 7093 3525 5904 10206 7709 10547 1535 793 10265 3711 7069 2982 8329 4238 2304 1040 1304 9310 10429 6106 10228 5531 4017 5758 9294 1623 2634 7039 945 8234 8909 5532 9047 8450 4204 3219 4742 2662 8458 4076 8626 8628 6151 5346
4478 6484 3078 7517 2692 10685 7195 5282 5614 6607 6089 2588 10461 7723 6941 8080 4055 4443 7155 961 4678 4237 825 6783 4088 10046 6183 4618 5890 142 3117 2393 1856 4021 9983 10456 7265 9913 6814 8748 10570 554 8169 10518 5181 7203 7951 9694 10151 145 3252 3682 4644 2576 3146 185 7465 5160 2203 6037 8565 9209 7861 11160 3595 1726 1252 8432 5178 6065 9471 4481 35 76 9702 9063 3971 9035 3519 8058 5735
1028 1593 983 7610 11048 10838 4849 8227 225 163 9390 1986 393 10029 1302 6238 8429 6141 5116 9819 1698 10928 104 729 3215 3893 9429 10189 8910 9181 7136 6923 9300 10548 6467 852 4013 8805 5580 9012 2212 10798 8876 1234 865 4971 6981 4873 187 3335 10579 3622 5913 2501 8683 4639 1833 2971 11090 2617 8290 661 6233 496 4626 8498 8563 6571 4265 6216 10397 7543 8790 1609 341 6529 2846 4347 2292 8484 4828
8764 9801 1976 7792 4190 10449 3791 5239 6585 7507 8411 4102 3819 65 164 3482 3233 3101 3717 4062 888 2273 10357 2693 2367 5021 595 3292 9938 10615 3398 2188 1235 5256 9491 6411 3040 7022 1400 4804 9658 5441 7529 8665 10483 9308 9129 3793 5081 2190 2346 1411 2759 2342 5278 345 5953 4966 4493 2261 5269 1883 2231 6605 1894 6705 2116 4760 5862 6732 11074 2594 5757 5023 4291 2404 3266 7780 1739 10511 8221
294 3765 2760 7019 7954 7767 10674 11046 8104 3138 9067 541 5522 9468 456 8444 9250 4732 10700 4619 2711 4441 247 9680 2548 8093 2570 1672 6256 7270 320 9169 6218 2458 5970 3961 10306 6810 6595 11018 5040 10932 9699 11154 6531 3699 4502 7249 8852 846 6045 3956 7134 5319 2133 9117 4593 821 9711 1649 9291 7642 2824 2512 5129 11092 3759 4853 1082 5211 9696 4164 10218 3995 1333 2534 7773 4168 7050 6539 3298
7598 9849 6081 10279 5019 7787 10628 5779 1789 8986 7200 4735 4376 3254 10274 6275 5309 4734 8856 9842 498 1035 2259 10269 10683 9979 10863 5665 4402 3860 9814 6511 5336 3409 5771 5885 10154 1834 9952 3900 11042 3226 10408 9937 243 10868 8761 3439 9243 10742 1603 1138 5366 2430 8014 1251 8891 10982 4546 1685 6734 4138 9269 2277 5884 6654 5385 6123 10393 3742 3306 2399 452 4981 3142 9061 2128 10720 9401 1559 4458
4683 2365 9683 10921 3916 9667 6882 3773 10103 837 10836 572 7818 5634 954 6142 3381 10531 1007 2505 1869 9889 3338 9366 5004 9340 7057 4110 11057 6205 7688 7970 3687 2970 6812 10862 1330 2583 9177 9236 2562 9854 9647 9784 7451 2997 9158 1072 2199 2814 4534 5867 8920 2625 4745 4453 6476 10230 6483 5646 6219 5262 8705 9264 6331 3390 616 9182 10871 428 3049 598 6668 1387 1978 653 5697 10876 630 10464 8551
5445 2408 3344 9373 3456 4941 9969 9262 5820 116 3764 10337 8136 4999 6293 6839 2733 8825 7962 11079 9413 4553 10824 7677 7350 1155 10097 4420 10495 9796 11063 1699 6463 6459 2527 6004 3831 8858 9688 3587 1880 193 7360 1386 3770 723 3686 4651 9643 6778 4447 258 1689 8835 4809 8392 3169 2962 5216 5199 3150 5253 558 7643 3575 6352 8034 10212 8210 10401 6449 8218 2738 7214 2513 10915 3541 6036 5035 8316 3287
4820 7056 10321 6387 3592 9517 10475 8467 2705 3557 4309 10101 1825 959 4817 6358 3407 7497 5479 9469 10385 10869 8871 200 3671 5976 8755 284 10111 118 10491 2981 4924 638 148 4647 7923 9868 1502 953 5463 10234 4900 7059 9027 5444 7847 410 8202 6001 4812 5554 5640 524 8619 7892 9404 5150 2086 9157 8940 3559 7238 6181 1941 10251 1219 8135 372 7571 8950 1403 6242 1014 602 9245 5619 5295 9337 7803 2218
3992 3571 8127 1965 5365 283 1323 2379 4367 2866 7170 8883 3012 6059 1192 2230 8076 1719 9526 7034 9914 5351 5002 7092 4320 5986 3872 525 5810 973 6025 3509 4699 568 3362 2623 1083 8244 6918 3159 1558 10211 6373 2533 5227 8660 1617 5195 1410 10227 1317 10599 10382 9241 3812 6917 5723 4703 2653 303 6500 7086 5729 7703 9212 4422 10695 22 3782 8634 1105 3177 10395 1551 5692 6128 7549 4383 3486 976 7607
2302 7061 7389 8197 7510 8377 7585 6129 7234 400 9848 10249 8673 99 8880 10788 266 3661 4513 8302 5379 4908 4596 4579 5669 1955 2709 10781 9168 762 5036 5628 6809 516 5466 10778 4378 1201 224 6003 1956 8281 8094 9376 4821 383 4380 7947 5844 7077 441 10107 7823 9753 9807 1265 4733 10363 5134 6126 665 4186 8844 6563 8824 10935 5604 3493 7481 8018 5468 1631 437 1415 838 2036 2602 5778 1675 8063 11118
5636 2621 8028 5994 1996 4278 7985 6302 5562 1680 7461 8546 1817 5860 5146 4132 9232 6661 2840 6962 3228 8118 8128 2755 8075 2652 5059 1531 4315 3908 10768 6644 2985 3664 3653 8167 1656 2438 9426 4654 9828 7746 3197 1263 4904 1809 6576 3084 7027 5371 4712 10687 713 7658 6074 3234 1541 5960 10565 1445 6774 6600 7434 740 8682 2039 5316 5321 4805 74 10087 2121 6088 4065 4757 7941 2816 4939 6560 9335 3502
9316 2405 8225 8859 7959 5992 11171 9506 96 6677 7654 7887 7338 5659 4454 7230 3350 6220 3441 1845 10851 6997 813 1644 545 3184 10459 3351 9795 2032 6956 3974 6332 654 8081 2249 7554 10300 371 255 5131 6445 8271 460 5616 1974 3111 5410 7055 8041 10260 8453 4976 7051 10237 4779 984 6160 7109 3383 6035 2635 4629 1093 8055 6199 8401 4105 3422 10307 783 9997 8924 9026 11155 3221 9657 6640 2551 5111 6304
6620 2078 604 7551 337 1443 5824 5908 2388 7764 5608 5790 2252 4709 6179 5787 327 1106 8397 6457 8064 8446 2418 7097 1369 9080 10303 3959 9397 3267 9273 10199 295 7135 7047 2854 10413 4641 10984 7144 7935 2296 2728 4948 4944 3937 8616 10233 4682 10979 4100 8845 7292 6755 9252 1570 8904 8827 5440 8333 870 3225 552 10297 2103 5827 6158 9383 3516 2087 8336 2371 6698 4931 7192 1684 2072 9478 8504 8579 1460
79 5
52 30
