148 10
1183 947 568 328 1006 512 742 284 786 1391
359 1365 942 493 1268 1205 274 627 496 1138
975 1215 1042 463 494 1034 1265 1111 165 1184
1257 198 397 903 929 575 1093 246 635 1366
363 1009 689 10 90 674 552 1234 1049 509
576 1281 348 978 285 1245 823 349 206 882
5 135 194 1305 1038 931 956 555 983 1399
1125 508 69 1387 1241 1030 248 934 531 188
1192 226 619 1035 1296 415 394 422 205 673
1010 1141 972 1216 1312 1376 17 1339 831 1434
919 118 785 424 621 648 1118 884 750 609
985 1303 1195 888 369 913 141 679 725 159
1362 1353 372 1242 114 161 427 980 1333 448
1291 1269 730 1479 107 816 885 1443 350 773
66 1211 783 992 780 1005 1389 1000 391 955
771 1165 438 1465 420 430 814 109 371 507
399 1299 421 93 984 447 380 1080 751 392
402 967 898 910 266 977 714 1240 223 1214
1420 670 356 892 219 1109 925 665 441 1316
169 68 1016 413 837 1124 396 292 476 582
1294 993 67 283 125 423 908 1040 437 106
122 1386 797 949 1171 862 322 419 30 183
736 247 692 803 1397 1253 1232 139 1473 517
524 1022 59 275 1132 432 334 368 445 1150
1199 405 669 1217 1384 1370 770 774 1127 819
1289 193 82 23 1078 1180 220 899 1065 307
994 1348 600 944 1288 957 480 1343 379 1352
990 529 1140 431 527 743 381 1055 12 731
116 710 282 1064 229 407 179 1357 18 1410
1231 212 291 1220 1008 1136 1456 1076 390 586
1470 766 1423 54 935 1194 605 412 64 80
1089 791 515 1212 1317 42 1277 901 915 400
355 625 1243 765 1449 850 761 271 936 1151
177 510 839 13 1134 108 462 1285 310 545
201 140 681 228 475 1083 521 616 520 962
339 544 137 1413 511 1063 1459 1361 871 1330
482 1274 1085 280 1409 667 171 748 917 1460
358 337 36 1233 1104 58 365 1313 481 734
153 1436 145 1466 848 997 367 909 716 807
277 1051 1188 757 479 1244 1012 738 540 345
484 433 825 1304 857 712 1002 192 691 664
749 815 1428 958 151 1367 1394 1068 1344 646
904 293 251 724 518 506 9 822 987 335
27 1377 152 1393 47 847 298 893 865 492
28 1185 46 489 801 1422 1007 1061 101 24
39 796 221 175 1100 632 608 534 231 1168
1368 130 699 996 732 703 1325 451 97 789
166 1032 1430 1418 255 1198 634 113 461 1424
1287 1408 921 1474 383 22 0 844 1271 558
1031 77 1350 487 242 756 569 83 1407 11
453 1159 86 1358 435 832 474 1375 1448 846
1351 1439 514 1437 204 300 563 1273 457 1471
230 842 1074 924 37 357 1113 81 591 1075
1467 951 98 129 375 883 1308 185 866 1283
1272 1372 1223 617 126 190 378 1347 1072 1219
698 213 425 604 916 1263 483 928 829 1453
660 439 650 1354 851 465 102 96 661 1160
1191 225 84 702 726 715 1024 272 1206 55
1028 559 875 592 87 920 974 434 968 744
700 1445 384 668 1284 824 63 414 1026 411
1209 186 1117 926 642 1335 1356 805 1222 1115
1349 855 301 1169 1070 799 1411 134 1334 112
1469 1050 1029 1337 196 1128 1249 651 499 874
762 779 1043 546 1373 3 464 1095 551 547
1392 209 1139 440 78 468 708 1311 1309 1321
1279 1166 1363 403 446 311 227 852 639 156
1193 1292 1254 719 1417 1463 1435 652 914 199
1062 1112 911 705 500 260 1236 577 988 1246
787 1429 128 232 900 267 33 1302 504 1403
254 120 686 1091 1360 31 295 1261 1154 961
258 180 618 655 1371 1400 1041 1011 1431 173
1155 1102 872 1250 1433 826 133 998 845 1256
1207 1385 426 70 100 1157 792 26 20 567
56 460 856 1163 1406 675 1477 1084 1036 187
458 1153 121 631 565 1446 1230 1037 143 1086
966 894 769 490 1416 1129 279 1455 88 315
1278 1320 912 89 1001 211 1412 1421 168 1130
428 1475 1247 723 1069 879 684 1318 693 1143
469 614 288 174 164 946 1077 147 525 1158
332 834 556 647 1270 818 795 1452 203 922
388 810 945 678 253 1450 854 1148 986 550
963 1346 969 640 595 1103 593 695 895 973
539 1200 1226 250 436 637 613 154 778 658
466 950 1176 1324 867 41 21 735 1162 79
7 53 155 752 1092 1251 954 1442 385 1405
347 309 887 263 739 1380 549 838 1364 160
1379 1218 1189 34 1179 578 806 1225 1259 150
1133 1108 594 1262 682 1033 1161 1025 588 401
1021 1276 1081 836 727 214 566 833 40 44
1121 788 923 767 696 1039 869 376 979 38
697 1454 1332 835 952 662 294 959 1414 382
354 802 886 289 95 1149 657 1053 456 1071
840 938 747 346 1122 768 222 519 142 115
389 937 73 1290 1096 324 256 117 890 683
868 1146 1156 1476 671 352 863 720 1329 471
741 717 745 1119 907 224 1073 157 554 889
1018 308 320 1023 536 57 522 1227 793 1398
163 244 503 562 351 1126 306 603 821 338
1441 1472 29 1044 526 1004 721 1307 1178 596
76 1190 52 239 202 843 1142 659 51 235
340 964 1382 760 728 119 906 197 261 1107
607 184 1342 1336 488 1094 91 532 333 1462
1238 240 61 94 580 860 982 878 1461 1444
268 943 759 1079 620 1260 654 312 1105 718
450 581 362 861 1295 790 645 1395 1106 663
146 325 374 817 1426 302 1266 1419 897 1282
314 1067 828 278 1057 1310 858 633 781 1237
820 610 85 1090 71 1341 628 918 233 406
360 478 8 758 330 1355 132 930 543 138
269 1402 666 1097 144 236 1300 626 629 687
343 404 257 1203 809 1181 1 1248 495 410
105 2 638 264 740 25 764 286 417 341
1315 1099 706 409 215 941 1255 570 1145 528
329 624 238 1059 364 326 672 622 1017 304
305 970 1432 561 602 1388 579 1147 74 1338
597 103 181 454 1267 1229 473 1019 548 1003
775 398 1458 782 243 342 317 1196 1170 891
535 176 48 587 615 262 477 1027 443 777
1478 553 995 827 1326 656 15 927 1167 200
896 733 416 1114 644 189 459 1258 584 319
1014 418 688 853 32 877 523 148 62 1152
19 1297 303 763 1123 1396 530 753 1381 630
1204 65 537 249 467 776 677 1415 287 1369
1323 1280 711 599 297 873 859 585 127 589
408 218 841 1098 1252 259 1468 864 772 1082
533 216 583 241 880 641 45 123 981 16
680 296 940 429 701 49 813 361 612 386
172 1224 124 497 676 387 1306 170 707 331
1438 800 131 573 149 999 92 976 344 449
336 502 1120 1239 252 1340 948 560 290 722
245 1182 971 1221 541 784 1013 299 323 104
1087 1172 870 729 50 755 491 486 110 704
1137 1328 811 881 1020 99 1131 273 485 516
321 217 158 111 1390 1319 1293 178 1427 1447
574 14 1186 649 136 353 501 960 1401 953
830 281 1210 538 713 1164 1101 75 1088 939
1202 72 318 1135 1275 564 1404 393 276 316
1058 1451 933 1228 210 182 606 472 265 234
643 1457 1116 1056 902 905 1298 1359 557 1054
932 505 1174 1464 1110 572 571 1047 636 1374
1197 808 1440 542 395 1144 1235 590 965 452
373 470 366 685 1322 1425 754 1331 167 709
43 1052 162 1383 623 611 1378 653 270 804
598 444 1208 195 1201 876 1048 849 1301 1264
1045 442 327 1060 1066 513 455 207 1015 1314
812 35 1213 1175 237 60 737 6 1327 498
1187 1345 991 1177 313 601 794 1173 1286 798
377 4 746 370 694 989 1046 208 690 191
102 0
79 7
