8 73
520 202 395 570 321 293 529 498 181 391 492 48 285 467 14 279 36 533 491 145 583 490 116 135 288 406 337 423 308 351 63 284 394 451 172 507 300 75 163 210 269 154 85 77 307 62 495 133 33 318 255 277 258 169 362 289 112 334 370 161 160 338 138 513 475 101 561 254 155 250 236 87 73
530 410 117 50 486 558 393 231 22 385 246 555 147 207 32 232 59 377 56 92 350 355 110 464 64 102 441 460 108 532 459 94 356 526 416 407 88 226 326 452 79 158 305 151 418 422 425 454 166 457 375 390 212 175 450 218 53 107 373 345 176 508 364 30 41 282 496 569 70 468 401 44 12
174 333 556 353 313 572 270 248 519 68 575 453 271 111 419 235 24 456 424 567 241 18 571 417 543 83 69 455 501 312 388 17 435 45 26 28 9 516 512 152 182 489 2 245 89 13 99 527 287 517 265 480 360 535 21 411 434 178 554 354 183 25 371 511 177 577 275 184 342 481 148 206 266
402 366 347 157 389 376 510 485 297 54 339 358 397 484 378 205 204 257 545 150 324 304 538 222 432 5 1 466 20 256 415 253 504 96 105 267 328 164 438 420 170 186 320 268 399 3 579 316 251 559 229 317 531 140 540 536 445 549 252 478 433 114 525 144 332 127 346 443 292 548 514 6 199
449 156 547 214 412 10 260 43 191 436 93 463 74 487 180 400 31 477 134 221 126 201 261 381 185 539 197 382 553 461 196 153 286 4 220 34 61 421 405 51 208 15 306 522 38 427 190 49 442 42 58 524 325 506 71 302 348 76 330 298 404 263 60 303 534 383 349 440 414 67 565 280 439
315 557 476 16 560 82 131 446 223 384 29 550 109 240 7 564 192 136 465 521 472 314 357 165 428 336 52 580 578 403 367 125 488 369 216 523 541 123 283 352 474 194 35 137 581 479 291 78 195 374 568 398 499 368 234 90 379 120 104 471 168 319 187 57 343 505 237 106 189 225 552 295 230
84 262 502 458 562 515 473 448 363 274 86 211 290 299 344 396 242 219 162 249 482 188 573 509 167 546 544 66 542 142 493 322 566 91 39 132 118 576 121 95 331 124 327 239 437 387 392 40 380 47 200 139 574 100 582 72 341 494 193 281 97 563 323 81 203 430 129 309 98 179 146 103 215
408 115 23 247 55 365 243 340 361 217 122 143 213 128 27 46 462 359 141 8 198 19 227 228 426 470 413 469 244 233 119 171 301 296 294 113 372 503 238 276 409 444 537 273 500 173 310 329 11 483 311 65 447 497 528 431 224 259 429 130 149 264 278 272 518 159 209 335 0 80 386 551 37
4 43
2 67
