36 94
-1 2228 2794 3231 2188 1796 1244 972 2599 171 2023 115 -1 -1 -1 3264 2003 1010 2166 514 1861 613 -1 -1 50 345 1248 -1 1963 -1 396 941 -1 645 635 2604 2909 1292 857 2841 3159 2039 2299 2119 -1 1079 277 699 2256 -1 2002 -1 279 2666 2484 771 945 968 2419 2614 1402 1077 1933 199 -1 -1 1228 -1 2790 1750 2537 -1 3351 1969 237 1693 415 -1 3108 1474 3215 1404 -1 2937 1166 2724 -1 3089 -1 615 -1 1642 1311 1752
1396 1879 -1 1828 3010 -1 -1 -1 629 2086 3218 -1 1744 288 61 -1 2189 1789 -1 1753 -1 -1 3019 2652 2974 -1 -1 2792 1074 1509 -1 3064 437 -1 726 541 2059 2413 774 176 295 991 3316 2695 2921 -1 -1 2187 2730 -1 1714 694 -1 507 501 -1 813 3096 3083 -1 640 1046 38 -1 495 -1 2124 2528 -1 -1 -1 749 -1 2288 329 1489 899 -1 -1 1895 1373 1309 1748 -1 144 2665 1914 2566 23 -1 -1 28 -1 1771
-1 -1 -1 3279 1844 -1 -1 -1 1784 1654 452 1947 190 1446 -1 21 2855 2301 1532 2523 1675 1889 1326 733 -1 776 180 2297 -1 1491 936 2650 711 1409 320 -1 -1 2112 -1 2989 1067 590 -1 903 422 561 1209 -1 2821 276 2560 263 2034 1324 2874 1100 641 1277 404 3124 560 124 2432 2990 62 2046 2859 1665 -1 -1 297 252 -1 1710 679 6 -1 1537 2244 257 1415 -1 479 856 -1 470 -1 1486 2292 1328 2886 949 601 1472
2053 -1 956 178 -1 2148 -1 1214 1577 -1 2550 -1 -1 2194 -1 2037 3354 2397 -1 64 2066 2000 3051 1999 -1 1195 465 240 -1 451 2906 1770 344 1013 -1 1316 -1 3252 1538 1302 3013 -1 1043 1787 585 198 1221 -1 103 2933 -1 506 795 2857 1694 2648 -1 2084 -1 99 -1 2478 1546 924 468 236 684 311 1973 3329 1833 -1 1651 3120 2406 1116 1269 1107 -1 1056 3004 1185 -1 366 1503 2533 -1 1845 1991 2561 44 1778 1898 1193
2126 2910 -1 460 842 259 2993 -1 446 -1 1468 -1 709 1191 192 -1 2602 1689 265 2626 -1 2694 3094 2393 2380 1231 2129 1266 -1 -1 108 2816 -1 3286 -1 2837 308 2414 2495 846 2556 3035 2398 3227 271 1510 284 1989 1255 2973 551 1648 -1 3107 719 880 2133 2805 3277 1754 -1 -1 253 461 -1 1800 157 2250 2238 3129 568 -1 1066 2903 -1 3248 2868 -1 701 -1 1508 234 -1 2812 1716 1749 1254 517 2338 855 1583 195 -1 336
1874 2935 -1 744 2475 534 1281 3145 3361 300 849 130 2122 1970 1210 -1 379 524 374 513 1058 2316 -1 2447 2987 2483 2139 2721 1569 727 -1 1241 181 2058 1027 393 3289 1429 -1 923 -1 2349 104 1350 456 798 -1 1291 3001 -1 764 1101 2554 3024 -1 -1 2928 3364 -1 2198 1908 625 1176 -1 2100 331 -1 3334 3240 2012 722 -1 -1 2854 11 2490 -1 550 380 2651 3039 278 102 2916 241 1034 826 -1 -1 1152 -1 -1 1802 1772
1156 688 1296 1733 -1 1540 312 1419 -1 2940 1464 3338 -1 1560 1773 1069 2127 -1 -1 2324 3149 2170 96 2211 -1 1922 1691 2632 -1 799 -1 -1 1157 -1 2895 1988 2722 -1 -1 -1 -1 655 2448 3223 532 2934 -1 1343 -1 1038 327 448 -1 -1 1099 3302 1578 1050 -1 2574 1955 2578 1873 1208 1226 3313 1006 2123 -1 218 1306 1512 -1 2152 -1 1018 3081 983 698 20 3376 964 2581 760 1655 -1 -1 2673 1348 -1 -1 -1 2531 2981
-1 1124 -1 498 2356 2814 2290 -1 2017 938 -1 -1 3072 -1 -1 702 -1 -1 397 3237 2225 493 -1 2206 3192 -1 364 2829 1645 1325 2546 2996 3025 820 767 2296 3370 1602 1280 1276 -1 863 1977 2568 2549 -1 -1 1707 2351 2930 56 -1 2242 -1 1524 74 399 1699 -1 -1 1501 2181 1529 1247 931 -1 -1 32 3036 2371 -1 -1 112 1147 2828 2082 -1 1303 1457 107 -1 1463 17 2927 25 2488 1235 1222 2304 -1 1497 3293 -1 2113
-1 -1 -1 1791 3095 -1 1626 338 1946 1941 100 -1 -1 1721 2361 742 1339 3046 2415 770 2772 2442 2892 980 -1 970 -1 2966 3140 1565 2890 2272 -1 1471 839 2809 3136 1206 223 2379 2715 1799 -1 2081 2713 649 -1 -1 -1 989 974 -1 1252 -1 1706 1332 2766 -1 -1 1053 3070 441 2883 -1 2674 -1 1105 138 2199 -1 2863 302 -1 -1 2667 2739 1118 1505 -1 3042 1065 -1 1715 2536 120 853 1267 -1 2441 -1 -1 -1 -1 1768
1954 2813 2161 -1 -1 -1 -1 1456 -1 -1 -1 860 2625 -1 3103 3300 260 367 1029 -1 1674 594 -1 -1 421 1610 -1 3203 2796 -1 164 2697 2025 3254 -1 2220 -1 2637 -1 1445 2535 2128 1117 2485 133 2142 -1 2236 -1 3021 2505 918 2616 3026 194 656 -1 1612 2747 0 1494 -1 3155 -1 1351 2551 558 2193 1559 1848 2964 -1 1383 2858 2840 -1 1397 -1 660 1664 1604 -1 75 -1 1949 523 1582 -1 1064 494 2358 -1 1135 1994
1981 -1 2451 1347 2688 -1 934 -1 224 -1 7 865 1096 -1 -1 1738 -1 2831 2750 -1 3193 1840 3146 3121 83 -1 1470 -1 3161 1724 355 2336 -1 961 2249 160 871 -1 902 2313 2355 -1 1774 1426 3011 1629 -1 386 -1 796 2340 1371 -1 -1 2878 1366 -1 165 1837 -1 370 784 2223 -1 -1 3008 -1 -1 1360 -1 -1 952 2872 -1 1591 1087 773 2422 -1 2729 -1 -1 -1 1906 1169 1305 2240 618 2439 197 2762 2070 -1 4
768 3202 2826 168 2959 3066 -1 -1 492 -1 -1 243 3276 -1 -1 2622 2932 2595 1361 94 2638 1673 1144 -1 -1 -1 1729 1931 697 394 2700 357 -1 2461 -1 82 3320 1723 185 1385 266 2314 -1 3016 -1 -1 2963 -1 -1 516 1189 -1 2387 1793 -1 1810 1868 2873 122 35 1820 3071 -1 -1 -1 1653 967 2635 -1 -1 1741 542 -1 -1 3255 2995 1893 653 -1 2705 1376 2842 2540 1594 249 351 -1 1649 -1 3118 2094 1129 1698 -1
203 -1 -1 2782 2491 -1 -1 -1 -1 -1 2699 2474 -1 1956 -1 322 -1 848 -1 486 1171 -1 2392 -1 1756 -1 -1 587 2443 1765 3285 126 2661 835 -1 342 2969 1287 2400 -1 1211 -1 3247 2239 1482 2169 1368 1357 332 2727 -1 527 1496 54 -1 -1 -1 187 883 553 111 264 -1 2154 2525 1122 1904 592 661 -1 2035 1619 1400 -1 -1 2079 843 2961 2108 3372 -1 1731 384 1635 15 -1 2598 -1 2437 2089 -1 -1 2279 -1
2362 -1 -1 2998 2825 2819 2991 -1 -1 -1 3177 2702 954 -1 2711 3050 3205 3325 69 372 -1 1434 -1 -1 -1 -1 2182 200 1260 966 67 571 3216 3278 -1 2165 862 -1 1836 152 743 -1 1603 2608 2254 2985 -1 1308 2871 1411 695 1123 2459 2791 574 3067 244 1184 -1 12 1008 -1 1862 -1 2176 -1 -1 -1 844 1734 3197 341 -1 -1 1279 998 2956 2354 449 2738 354 476 1960 22 -1 -1 -1 -1 466 1737 2328 -1 -1 -1
1652 1349 291 -1 1341 -1 900 1523 1318 -1 -1 -1 2265 947 -1 -1 -1 2891 -1 2146 -1 1855 -1 2657 -1 -1 -1 1433 -1 1054 -1 1442 2923 -1 -1 -1 2629 2757 310 -1 -1 -1 1407 2912 2074 616 787 3 2824 1794 -1 423 -1 -1 652 447 -1 -1 1282 -1 2696 2589 2980 87 2438 578 2216 1718 2944 3297 2558 -1 -1 3323 604 -1 -1 838 121 2639 -1 1047 1256 2163 -1 873 1814 -1 -1 2130 3032 2777 434 2323
2038 1384 897 -1 227 2418 -1 -1 -1 1713 2175 566 916 1160 1637 -1 682 2765 959 1684 -1 -1 2628 1751 -1 3022 3137 1175 2746 250 -1 1389 1622 2789 2245 1921 1374 2150 2106 46 2770 -1 1983 2594 2044 -1 -1 2880 2231 2251 1920 1113 747 2905 1097 1183 816 -1 -1 2827 690 -1 2208 3023 1938 2101 1164 3368 2945 1897 304 219 -1 -1 1573 2710 -1 401 -1 1776 -1 -1 2983 987 -1 1133 1990 -1 2902 -1 -1 -1 1377 -1
2270 2931 368 3342 -1 2752 -1 926 -1 -1 2636 2907 1568 -1 3324 27 644 626 -1 307 -1 2496 828 63 -1 2213 2367 -1 -1 1978 829 1576 2908 522 -1 1702 2675 2787 -1 724 -1 2686 1015 969 -1 -1 2487 -1 2352 2306 2016 3166 2898 2500 163 1398 1801 -1 634 1555 951 -1 2613 2312 -1 2337 1902 1743 888 -1 1516 1782 -1 3326 3043 497 3111 -1 472 -1 -1 -1 -1 10 1614 3260 982 -1 1911 1168 1362 1132 -1 -1
1301 -1 -1 -1 890 -1 105 885 -1 2687 669 538 -1 -1 2376 -1 272 -1 2893 2774 1428 1511 -1 1993 1025 1536 1007 2552 1640 2516 3204 3147 2726 2204 1928 2870 137 1726 2567 1437 -1 -1 -1 -1 2887 -1 -1 3305 2707 -1 -1 1249 2979 864 2382 1345 -1 314 191 807 2274 270 -1 1725 110 430 2110 3052 -1 2847 3309 -1 -1 296 2219 143 1630 706 781 -1 1011 2028 1864 1934 1186 1319 -1 2335 612 -1 2061 1484 1150 2972
971 -1 418 408 637 1668 -1 2331 3097 3379 117 -1 1972 937 917 2534 -1 2590 -1 65 2745 1927 2506 927 2992 343 1758 1444 118 2033 473 1680 2357 638 667 1562 2277 2283 2735 1679 2717 2273 2022 -1 1781 3256 -1 2036 -1 -1 -1 557 78 445 -1 859 692 2984 -1 1307 2776 882 -1 -1 435 1746 1690 3130 -1 -1 2097 -1 621 1671 2420 2048 228 3318 -1 -1 3047 -1 -1 1913 2482 712 3086 -1 186 1091 -1 1827 -1 2780
-1 1060 2281 3360 -1 988 -1 208 -1 1647 -1 2764 3167 -1 -1 1417 1458 705 854 2797 -1 535 1223 790 715 -1 2860 242 2481 2869 1370 1032 2593 2026 220 3188 1452 2248 411 3165 2117 1527 3127 206 8 3037 -1 -1 1985 975 3191 3075 36 990 1788 1048 2795 -1 3373 3184 -1 2617 -1 -1 -1 2454 3133 -1 2309 -1 79 696 428 1514 -1 3110 555 2597 1891 -1 3321 2737 678 533 1605 2056 -1 -1 1310 889 2562 562 -1 205
519 2107 -1 3374 -1 3306 1270 -1 2111 -1 1469 2477 1883 -1 -1 -1 718 1198 -1 1179 2538 -1 670 2788 -1 2282 2180 1478 -1 3251 13 769 2654 211 2885 2725 2449 -1 -1 -1 -1 2690 870 922 -1 2284 2156 -1 2530 -1 -1 3198 2670 1995 373 85 -1 -1 565 775 419 174 2800 1563 3292 -1 1838 -1 324 -1 893 1172 892 -1 -1 2720 1459 595 -1 439 -1 2375 3123 -1 226 323 -1 2808 2078 3274 869 748 2756 1441
1103 1294 -1 2408 3104 -1 -1 1215 2253 -1 1625 438 -1 -1 948 1669 2849 254 2261 1139 -1 2545 -1 -1 901 2366 1243 -1 804 2836 233 1020 -1 2911 -1 -1 2526 -1 2221 2864 -1 1842 1926 -1 385 1253 59 818 1337 3269 554 -1 245 919 -1 1638 -1 756 3242 -1 632 1589 -1 -1 3363 2830 159 1757 92 -1 1148 -1 -1 -1 1790 755 -1 3031 3369 735 2834 2759 942 630 2252 392 3100 -1 1268 90 -1 179 -1 508
-1 101 -1 1070 3148 -1 1120 414 2504 -1 -1 2318 -1 321 2817 2853 134 1903 116 -1 1192 973 -1 731 2385 836 -1 2370 -1 -1 2714 -1 1413 154 3090 2285 1498 2539 225 -1 -1 -1 -1 3150 1289 222 1696 2390 -1 3328 3164 -1 -1 217 -1 2384 459 2620 177 -1 119 3044 -1 -1 70 794 -1 2888 -1 1656 -1 1915 -1 3056 -1 -1 -1 3182 986 2427 -1 1736 791 1106 193 1136 2915 -1 536 1236 -1 127 1353 -1
285 -1 1418 817 757 -1 2197 -1 3058 -1 1558 1761 2862 2137 1265 2767 209 -1 -1 1041 -1 500 140 710 2102 1663 1564 -1 -1 2344 1852 2378 3280 772 1847 789 2114 2740 -1 1364 665 420 2013 1149 1239 1416 2564 2741 898 471 1200 761 -1 3333 141 1088 -1 1875 1615 -1 1003 -1 -1 2929 2295 3331 2060 -1 2950 2833 487 -1 1187 -1 -1 -1 3301 1834 1188 -1 282 2099 1598 3357 2611 -1 -1 442 1551 1813 -1 -1 -1 -1
700 3062 2510 1197 -1 515 2962 1795 -1 950 283 671 -1 -1 693 1579 2919 884 -1 3131 -1 2751 -1 -1 1344 -1 2001 481 -1 780 1519 977 -1 -1 151 1381 -1 -1 2693 -1 41 633 350 -1 2583 2 1019 1465 -1 825 -1 1217 2141 210 484 2168 518 1745 2640 -1 1623 2377 3235 -1 436 -1 1777 2846 -1 2007 2497 3162 -1 3068 2222 2404 2227 -1 1393 1092 2425 -1 -1 1646 2793 2191 2952 3190 2519 1681 1477 -1 1365 -1
383 2403 -1 2736 450 1670 -1 2769 -1 1111 -1 443 2918 1631 505 3029 2683 1968 -1 2246 1225 -1 2072 273 -1 2173 -1 2986 1323 708 1455 525 607 -1 3214 802 1942 3143 -1 2243 202 425 779 -1 3151 306 547 1762 267 721 -1 2386 -1 1730 3365 1042 939 -1 84 1272 -1 -1 -1 2570 -1 -1 2682 504 1854 -1 -1 -1 -1 867 2647 358 453 1666 2050 1888 751 -1 3287 1084 -1 1114 962 2103 3236 2815 2329 -1 1872 -1
66 1658 2492 426 -1 2532 549 -1 318 2508 1035 -1 1530 2184 -1 1363 1359 2151 904 803 -1 -1 -1 3139 -1 235 -1 -1 2953 1340 2120 -1 -1 -1 125 14 -1 -1 823 -1 896 -1 -1 -1 1495 1245 303 -1 -1 2267 3154 1890 287 95 -1 2503 -1 1984 3113 -1 3233 766 1821 1145 -1 3153 2781 -1 1739 1695 2453 -1 2731 1285 1039 2644 -1 1792 -1 1907 2014 -1 1676 725 3033 -1 -1 3157 3195 2649 2045 -1 2960 1701
2147 1030 18 106 -1 1128 148 3055 49 406 2645 301 -1 2359 530 606 2472 2732 1948 1071 170 1808 1115 -1 1581 -1 2015 1162 294 1 3358 -1 2462 -1 -1 3017 1798 907 -1 1916 3053 391 1190 58 3041 1057 491 -1 -1 3238 -1 -1 1037 3112 2748 1567 3158 3312 -1 147 -1 3308 3172 2896 128 2839 738 2822 2591 -1 3117 -1 131 2360 2799 1846 2353 3322 1427 1885 2621 -1 2118 214 2603 2369 1012 -1 2330 2547 2728 2768 833 -1
-1 -1 537 1979 1246 1315 1263 2627 -1 1518 3194 1216 -1 3263 793 2264 3040 -1 3114 -1 -1 2476 2653 -1 -1 216 -1 1515 -1 -1 2949 1867 1387 -1 3179 289 -1 -1 -1 1142 600 -1 3119 3160 3239 -1 30 1219 3245 891 3362 976 1700 623 2234 3366 478 1517 529 840 2749 433 362 1953 -1 2744 -1 -1 3209 2071 1283 -1 2065 -1 -1 -1 3087 3078 -1 1857 944 -1 1500 2655 2280 2955 3282 2021 -1 -1 2958 371 431 1769
1367 1082 1818 1939 2843 1599 -1 2806 -1 398 1822 -1 921 3116 2922 1596 -1 1264 1076 2701 -1 -1 1584 703 2866 -1 -1 2345 1950 1925 464 875 -1 317 2619 37 -1 1473 552 -1 -1 2771 2417 1886 3144 979 2431 -1 1461 1330 1992 2971 80 -1 3210 2914 -1 2257 2411 33 610 -1 123 -1 3356 1352 2087 730 2179 -1 2092 1083 -1 -1 750 1126 -1 2681 1528 -1 1202 2480 -1 1131 2865 650 1104 2518 1001 -1 1493 2517 -1 3211
3091 704 2085 1943 -1 -1 3208 1476 -1 2416 1177 -1 2269 1224 1346 597 1849 2664 3014 -1 2321 1182 2954 1513 1728 1273 920 3102 3340 213 2555 3310 -1 458 1851 2435 -1 2946 2098 145 -1 -1 1230 -1 1334 668 -1 -1 663 2396 -1 2498 2501 -1 -1 2704 841 1544 -1 676 3375 286 -1 1952 2624 1300 1435 654 2507 -1 -1 -1 -1 1212 639 778 -1 1137 1061 646 2075 2719 348 605 -1 -1 -1 3332 2889 -1 583 2904 231 3138
-1 -1 -1 3243 -1 1141 230 -1 2656 -1 -1 -1 -1 -1 3101 2334 1063 -1 2785 -1 -1 1641 3335 2615 2936 -1 1811 -1 1086 1936 -1 2565 -1 -1 643 1036 1858 359 526 -1 1196 2303 375 2580 2372 2718 -1 1957 -1 1958 -1 -1 2031 2209 -1 -1 2192 1763 1548 -1 2325 1812 3099 1488 -1 2278 3082 -1 -1 2458 -1 512 319 2832 2559 -1 -1 2389 113 2569 1240 2145 -1 2758 -1 2423 1394 -1 1797 1022 -1 -1 1299 3109
1804 2811 221 1876 -1 1687 963 -1 2258 -1 2584 169 1606 1073 204 31 3250 2939 2947 1055 978 2716 894 407 -1 -1 3163 2407 1685 -1 1912 -1 -1 330 -1 142 2018 -1 2383 1892 -1 1805 467 485 -1 2350 2743 -1 5 -1 1159 1896 2140 2778 2315 -1 1841 -1 -1 3057 2388 1918 1506 2810 -1 2669 -1 -1 -1 -1 2289 153 2563 413 388 2968 2618 -1 1178 149 2509 -1 3076 -1 2230 2970 2077 1720 207 3135 -1 1320 3189 -1
1390 1600 -1 666 -1 3092 57 3348 3345 -1 -1 365 2844 1395 1708 333 -1 1887 86 47 -1 -1 2588 1964 -1 2894 -1 -1 232 -1 2542 274 1780 2692 1155 356 158 -1 2609 88 -1 3178 2143 1826 -1 -1 2073 -1 1839 577 1313 1369 1539 2030 1760 2852 1232 996 339 -1 3049 -1 2884 677 1000 -1 -1 2424 -1 567 -1 -1 1884 280 2402 1375 3241 -1 2676 930 1829 2783 -1 2471 2291 797 1204 2410 729 754 -1 876 114 786
2818 -1 3002 1659 2029 2763 -1 1775 -1 229 1785 2848 3268 2882 309 -1 -1 2606 -1 -1 2867 763 3122 -1 2466 3303 620 1504 845 2684 1869 2734 -1 -1 454 -1 400 785 77 -1 -1 -1 1288 326 3199 1462 -1 1261 -1 1719 -1 1033 -1 -1 1431 2115 1607 -1 2320 -1 556 1479 3359 3015 1830 2051 -1 -1 3060 1199 -1 3219 2409 3371 -1 3048 2090 1342 1093 -1 687 3228 1044 3380 2233 994 -1 3244 806 2342 1616 759 1835 1322
741 548 -1 -1 1483 2577 196 -1 2052 455 2913 293 184 2784 -1 -1 2276 872 1878 943 3034 -1 -1 -1 462 275 -1 3006 1549 2226 1566 510 1586 2298 2121 -1 3063 -1 -1 -1 -1 624 292 3355 417 -1 1910 1959 1660 -1 -1 -1 1080 -1 2083 3246 2925 1259 43 -1 925 1449 2381 2434 728 182 1481 -1 2513 -1 -1 2460 2332 3007 -1 -1 -1 2268 -1 2926 1089 2433 -1 3054 71 2190 -1 1705 2144 -1 2703 2976 -1 -1
2 70
2 43
