57 35
482 -1 1517 1346 -1 1021 357 561 -1 678 783 -1 -1 779 697 -1 1664 1490 1079 539 428 240 442 458 1064 1671 -1 820 -1 120 473 938 1382 182 98
1299 484 822 1203 443 1758 21 1411 338 -1 1898 797 -1 1413 -1 1371 1709 1823 -1 -1 1924 387 254 1549 1038 164 203 1387 518 370 998 812 983 -1 898
526 1768 239 -1 1208 -1 1449 549 1214 1878 -1 1907 137 1151 572 1344 1587 1337 1391 479 -1 1147 -1 1020 -1 1564 645 1043 1042 1649 300 1366 -1 1732 1197
600 -1 1653 907 -1 807 -1 1277 224 -1 1658 826 1675 -1 943 741 931 -1 1795 1500 -1 -1 1342 -1 -1 319 786 815 1537 515 617 25 917 937 -1
1087 571 67 1162 1438 -1 -1 -1 38 -1 489 1388 1551 466 1801 1111 1708 1127 531 753 942 1630 1528 1677 578 1716 832 400 1636 1227 1483 483 -1 -1 1584
-1 1369 1817 533 -1 1133 -1 339 791 1200 1008 301 366 -1 1611 232 1629 596 856 412 1721 257 201 1224 -1 -1 163 -1 1818 258 -1 1481 426 291 -1
1928 1167 1540 143 1132 248 86 1432 43 1287 -1 1608 1049 1177 1406 1030 823 1543 -1 1870 949 -1 657 131 1607 1955 1815 1091 1262 -1 1249 -1 -1 -1 1221
1531 -1 1057 1863 -1 688 830 1807 1051 761 56 -1 -1 1784 1235 1454 1676 507 845 803 1810 1378 1703 -1 1567 654 -1 1833 592 125 1294 1585 1497 1849 1713
-1 1456 1171 26 289 1579 -1 423 808 -1 1236 171 -1 1698 981 597 558 1536 690 420 1355 271 -1 -1 1570 1944 1902 587 724 -1 577 1065 1012 1210 -1
1279 1916 1961 999 332 1830 817 -1 -1 -1 1499 772 431 1433 -1 107 1462 53 194 825 1623 614 445 1897 1205 1217 1574 1836 971 1641 1321 521 1939 1306 363
1396 537 876 -1 -1 641 1760 1384 189 6 -1 922 85 1466 511 973 1741 728 1066 1966 1822 1988 603 1723 1808 1242 1782 -1 244 1198 1672 1594 1090 1929 1855
115 -1 -1 -1 1126 40 932 440 1266 1868 -1 1681 1291 349 -1 -1 1717 345 1544 -1 415 706 1645 118 430 1948 713 1452 816 1804 1893 1729 1616 198 122
1811 1268 219 1240 715 1180 -1 281 494 915 1745 1113 764 731 1006 437 1589 411 -1 621 1765 123 659 454 464 584 1184 -1 805 -1 -1 318 -1 1824 610
378 -1 1874 1256 1204 223 19 1859 564 1451 -1 382 -1 1068 -1 1861 1985 643 1598 121 -1 681 1744 1054 1191 -1 1662 211 987 -1 1647 -1 970 -1 1689
874 -1 364 1169 759 928 1965 -1 705 631 930 1887 509 1193 178 1333 908 -1 1539 193 1104 765 1917 1685 -1 -1 -1 27 377 -1 784 -1 1276 1972 1702
639 -1 1199 1990 1437 -1 -1 1078 -1 141 -1 -1 742 -1 -1 538 1619 283 -1 1153 919 68 1809 1365 668 -1 996 565 277 1234 -1 -1 -1 -1 -1
626 -1 109 434 595 444 1336 -1 1251 736 1885 -1 774 -1 1628 -1 468 -1 1718 457 -1 1114 274 1362 679 -1 1926 1472 1502 -1 168 647 472 -1 769
-1 487 1259 -1 -1 612 1445 1045 1911 1752 1322 1669 625 -1 1488 -1 -1 -1 330 1074 292 1692 1882 685 789 -1 890 802 1370 -1 743 -1 308 550 1535
756 698 582 1015 1218 -1 1981 -1 399 591 -1 1632 -1 -1 1524 -1 -1 580 -1 202 975 1430 114 1130 1791 -1 57 -1 -1 1207 -1 1160 -1 -1 502
-1 525 -1 1275 -1 -1 236 1425 -1 730 3 102 1788 -1 1301 -1 1479 1695 -1 906 1264 1263 795 -1 237 1352 982 1244 235 -1 933 -1 1405 -1 5
-1 1230 -1 -1 1852 547 1501 837 -1 954 228 495 351 1220 -1 1195 1282 962 1588 -1 500 -1 1417 1879 229 -1 251 1889 83 347 140 733 299 1719 -1
576 208 -1 1787 579 -1 -1 1101 1513 1245 1080 1443 34 -1 838 -1 55 1735 111 551 1602 1764 735 1376 1088 847 1095 70 739 -1 1576 1951 305 589 350
162 967 900 1001 1412 13 48 1595 477 1656 1590 1374 1659 -1 485 1318 1825 1690 1055 1986 321 1335 -1 1714 381 390 -1 1398 1637 170 513 1252 1375 1904 1170
124 1274 1558 -1 1933 714 1163 1941 813 1062 1270 -1 918 1071 -1 312 -1 947 1618 453 135 914 -1 1243 1527 267 -1 955 1627 1554 410 1819 346 1561 278
-1 -1 355 101 1494 429 -1 754 1084 372 793 427 717 1463 583 1368 670 -1 758 940 -1 69 1404 799 674 -1 -1 371 1959 703 1516 186 658 1450 -1
566 174 635 1910 921 1265 501 1837 1935 -1 -1 851 29 710 -1 1165 35 -1 307 1283 1305 951 1542 -1 -1 1604 1103 414 250 776 1506 -1 1145 -1 1730
279 1880 1329 231 732 475 303 1937 -1 1596 1691 -1 1161 455 78 1060 73 409 1610 745 893 1571 534 1720 316 -1 -1 1323 1915 -1 1424 -1 586 -1 -1
1895 771 873 543 1599 1187 1053 727 74 1468 -1 241 557 80 -1 1288 297 -1 1442 1272 1785 899 723 1938 839 1511 1883 -1 -1 -1 902 315 1487 -1 329
1339 913 1934 911 76 -1 1797 488 1962 -1 1779 -1 675 1422 1164 1816 1152 422 994 568 1241 -1 891 1211 -1 4 314 -1 -1 166 113 836 181 990 199
-1 1727 177 593 374 285 1140 1093 693 1289 532 746 961 -1 -1 12 1518 852 972 160 671 1733 700 -1 65 1638 636 1154 255 139 1626 294 1892 1303 1739
877 265 818 -1 1763 863 263 -1 -1 1052 358 875 -1 -1 -1 1304 1581 843 1936 701 872 197 536 744 -1 749 1793 1569 1426 -1 878 1058 302 978 649
1682 200 385 707 474 718 266 602 1983 99 -1 -1 -1 1786 328 777 1973 0 225 609 -1 1098 256 905 966 -1 1059 835 514 1173 1753 1341 1124 -1 -1
1372 796 633 -1 663 146 1281 104 158 -1 -1 -1 -1 956 1568 885 1399 821 -1 1471 535 188 1000 150 460 1019 637 613 -1 553 1229 988 192 -1 -1
1751 1705 1428 396 -1 -1 767 -1 664 1582 -1 1300 619 1122 398 601 1960 -1 -1 1798 493 1940 -1 1853 -1 -1 1580 763 -1 1847 51 1025 243 1226 227
680 819 275 392 -1 1010 -1 864 -1 -1 904 677 1168 1754 58 1834 1688 -1 1361 89 -1 376 1359 1201 30 642 849 519 1320 373 -1 497 1566 1711 -1
666 1844 712 1520 520 1901 152 1018 1989 406 708 1736 1906 416 -1 1307 -1 -1 760 -1 1302 -1 660 210 752 897 62 1142 1237 335 870 1183 214 461 1832
1674 352 1706 -1 88 1484 -1 1600 1650 -1 882 218 1334 651 -1 1687 1994 1206 644 -1 1731 -1 834 1491 1470 1023 541 -1 -1 1813 1273 1769 1492 1775 1963
1854 1175 -1 -1 798 1031 -1 -1 401 1827 1899 -1 1858 1022 894 1039 630 1738 977 516 1617 545 1158 1473 -1 1239 94 183 60 -1 1673 84 1510 1414 -1
368 261 18 -1 -1 640 -1 -1 1533 -1 948 788 45 -1 -1 -1 604 -1 655 1222 1593 -1 1255 778 97 361 1364 965 901 1909 222 1534 -1 1975 421
50 403 687 -1 -1 126 462 616 1635 93 167 -1 1033 317 1011 861 463 1606 1829 -1 1634 1435 359 72 546 1024 465 1946 216 1367 1976 -1 1945 1003 1841
848 -1 -1 -1 725 -1 1261 480 1216 934 31 331 394 574 128 992 634 1526 470 1436 110 1083 169 691 1640 766 1704 -1 419 1918 1212 -1 1460 1076 -1
386 1633 -1 -1 682 81 517 290 144 1109 669 456 1987 -1 1377 672 980 1159 173 1684 1903 554 63 1480 1286 -1 -1 1507 692 -1 -1 105 -1 435 451
704 1777 524 1007 212 -1 -1 323 75 1912 -1 -1 650 -1 1724 1563 522 927 1993 138 1707 -1 1128 976 1715 1952 1338 814 -1 1179 -1 1280 -1 1351 1773
492 1048 1129 1515 1803 1028 1800 -1 1072 1067 1767 1657 -1 1947 16 1864 1297 -1 -1 -1 611 1213 1082 1105 523 1949 1441 1410 -1 1465 892 751 909 1061 1328
1308 1504 196 528 344 1538 1789 924 1725 1486 -1 544 -1 471 1407 510 1440 -1 -1 1820 1392 828 -1 -1 1131 1954 1992 -1 632 1894 -1 1358 -1 1285 79
529 -1 408 581 309 1155 221 1553 -1 1920 1097 1467 1089 -1 -1 -1 1555 1403 1108 1532 860 1017 1254 1654 1029 -1 1347 1464 1146 1956 -1 24 1967 498 340
569 1137 1295 1423 1655 -1 1577 -1 527 556 768 -1 1013 61 1726 -1 393 1 1326 245 1293 689 1953 1343 -1 699 762 -1 273 1139 187 886 1493 1529 230
260 -1 448 313 1783 1202 -1 337 311 -1 226 1639 1759 282 17 790 1503 -1 389 -1 800 -1 1930 946 734 -1 540 648 552 1112 1573 997 -1 -1 896
1231 395 151 1189 1525 508 1746 555 11 829 866 1360 624 1081 984 1498 -1 1459 215 1842 -1 1848 -1 133 1612 -1 324 665 1186 950 -1 1196 127 1644 -1
322 941 -1 -1 450 1174 1603 1743 1348 -1 -1 696 433 785 1429 -1 1840 895 993 1523 354 209 262 1660 1181 -1 -1 1586 1757 1548 1461 1642 1943 1290 1123
100 -1 1469 1228 1134 1349 1478 47 846 1890 1086 175 365 -1 903 869 945 -1 -1 1056 -1 1860 436 1508 1696 857 -1 979 1118 -1 438 1974 1694 662 1357
-1 -1 1514 1416 -1 -1 1485 1839 -1 1156 92 1453 939 -1 391 1652 8 33 986 -1 1881 1192 1258 -1 1389 95 1209 -1 1385 1970 106 957 1004 1380 711
929 -1 -1 -1 1748 1096 615 459 1354 1557 1063 145 1856 424 112 -1 249 413 773 452 1271 1546 -1 -1 1345 -1 1125 -1 738 1250 220 1559 42 -1 -1
935 623 1397 -1 676 1547 334 -1 404 132 407 -1 1427 1115 37 1913 1541 747 683 1796 920 -1 -1 326 880 353 1905 77 -1 268 1950 1260 1984 -1 969
-1 781 1666 1319 506 -1 1977 1750 1246 1324 148 702 -1 958 1340 1420 1522 -1 1116 570 1790 -1 1040 1932 1225 190 341 -1 1668 1034 -1 -1 1891 481 801
-1 -1 1521 1931 1016 39 327 1044 402 1749 -1 -1 -1 1408 -1 342 -1 686 842 -1 750 1699 716 1446 -1 1144 -1 1755 -1 1121 1005 -1 -1 380 1884
1651 -1 1447 1298 775 1876 28 -1 726 871 1747 855 -1 66 1495 1877 -1 1583 269 960 1799 787 2 858 1148 -1 -1 854 499 179 1075 1107 1919 -1 1575
31 14
36 2
