170 51
-1 615 3060 3664 3883 -1 -1 7667 7142 -1 6598 5364 7898 3202 1505 -1 -1 7298 4054 4600 -1 4357 2138 1994 8273 1059 -1 -1 -1 5910 7969 7250 1229 598 8172 -1 793 -1 8260 -1 4305 -1 7765 -1 586 7085 2825 -1 -1 1514 256
4849 1649 3818 -1 -1 932 4692 -1 -1 383 622 1721 4793 8564 4894 -1 -1 6214 4517 -1 1498 926 -1 5568 3342 7991 4771 -1 -1 4085 3117 59 6946 -1 -1 -1 5556 -1 1903 7871 5134 -1 2636 8061 3439 -1 5881 -1 8137 5897 5727
5761 870 5094 -1 5866 6410 6746 8215 5131 2601 1878 -1 381 3762 -1 7346 5367 1587 134 -1 7782 784 -1 -1 445 7108 7810 -1 -1 5830 -1 1767 6423 1403 -1 4779 4202 -1 -1 2227 3862 -1 -1 3559 5226 -1 4325 4217 512 3182 8373
8174 -1 8076 1458 -1 5337 6014 -1 7342 6610 1209 -1 2857 6975 -1 6867 -1 -1 -1 1107 1349 -1 4460 7357 1725 -1 4594 5250 -1 -1 7387 4582 346 6981 670 1895 -1 8118 6953 -1 -1 3872 5670 6831 -1 2152 8435 -1 2134 7772 7748
6481 -1 7613 7259 -1 395 -1 7621 2938 1978 2242 8015 -1 1121 -1 7293 7371 4584 -1 5349 -1 709 3936 2231 -1 4276 7136 2571 -1 3817 -1 360 3243 -1 6604 -1 -1 3509 8446 -1 -1 3393 6152 998 2345 -1 3067 4169 2510 -1 6969
7865 -1 286 1719 8220 -1 5587 229 -1 -1 5487 1423 7596 8225 -1 795 3090 580 588 6568 -1 -1 7867 7562 5214 5742 2912 4603 8190 501 2853 6518 4710 -1 -1 8602 172 3527 -1 4461 -1 -1 5108 -1 2630 -1 3603 7905 6954 -1 564
4853 -1 6406 6046 4879 4133 6291 5619 3974 7718 8636 3703 7857 -1 -1 133 2144 4241 3293 2442 8445 2532 6248 2176 8658 -1 2405 6682 1114 965 1177 1411 -1 1276 6010 241 -1 1906 3628 -1 2106 7033 4965 2028 -1 5372 6817 3876 7677 5547 -1
-1 -1 4688 6421 7216 1008 -1 6340 -1 5744 4346 -1 -1 6574 -1 283 7348 -1 -1 3358 -1 3956 -1 -1 163 4798 -1 6678 4004 1257 7190 2879 4807 5398 4285 4648 -1 3118 182 2007 3932 5136 4719 -1 -1 -1 -1 7036 4863 -1 -1
6900 2484 -1 7694 -1 4056 249 -1 -1 336 -1 4243 -1 8583 7715 3003 191 7706 6145 3825 2047 1607 -1 825 659 -1 5354 -1 509 -1 -1 1447 6663 -1 -1 508 2522 7205 7051 2527 4872 -1 5417 224 1028 639 5419 5974 5109 1752 4314
1079 8241 5578 5088 1952 -1 7746 6347 777 5272 5880 -1 3948 2743 8126 -1 6309 3010 3237 1698 -1 1471 2719 8399 -1 5411 8136 -1 5150 -1 326 -1 5858 -1 5617 -1 -1 -1 1831 8300 8271 1838 2294 8577 -1 5281 8492 3719 5154 2266 -1
2644 -1 5284 -1 -1 -1 69 487 7405 -1 4280 -1 3291 -1 -1 2717 -1 891 3863 6971 1323 4199 2147 3734 2620 7525 3705 7873 6157 4417 742 7118 7449 -1 5721 -1 3385 -1 2100 -1 -1 -1 5842 2073 787 -1 7133 -1 2787 5039 -1
3661 -1 -1 5057 282 -1 -1 2306 204 -1 -1 6860 -1 -1 -1 7937 8338 1886 2523 8340 2046 4578 5345 1543 3340 1684 6454 -1 1280 -1 -1 -1 976 880 8562 7839 7386 1395 2849 6263 -1 924 -1 6686 7329 -1 3224 7503 5189 -1 -1
-1 -1 6302 678 4114 -1 838 -1 6234 -1 4595 719 7006 8644 -1 1408 6949 -1 6280 652 8596 -1 908 8041 -1 8463 5145 -1 4108 5343 2257 685 7091 1054 5803 1673 3574 7827 2225 8535 -1 8201 -1 -1 3539 715 1385 -1 8469 5524 1715
-1 7340 5634 7226 7509 2292 -1 4640 5430 4055 4636 6301 234 4856 8287 -1 1463 7995 1908 -1 7214 4326 6297 3099 -1 -1 8323 -1 114 -1 -1 -1 -1 5642 8414 4976 7702 -1 -1 4496 5115 1243 387 8627 3741 2314 1686 2029 6241 348 8635
-1 -1 -1 -1 -1 7143 4865 -1 701 813 7971 350 1642 4220 1357 1242 8466 -1 -1 2226 7245 7990 -1 -1 7277 7243 2268 7244 5389 7628 5980 5657 -1 4677 2195 8043 4033 6400 258 -1 -1 -1 1539 617 1507 1565 -1 1214 5583 5286 4426
8440 2375 4253 4113 -1 2126 6456 6758 2725 -1 -1 -1 7588 -1 2525 4910 -1 -1 -1 -1 2768 6909 6232 4988 2480 8040 4360 3046 1344 2802 4822 433 -1 2410 5926 2972 -1 5988 1530 -1 525 -1 -1 5413 1131 1929 7945 7963 727 3361 6452
4538 3077 3492 -1 -1 -1 7157 7644 -1 4955 6215 2677 5135 4222 -1 3842 4886 -1 7194 4510 6786 -1 2495 7556 5173 648 174 4852 -1 -1 7529 6409 5781 5078 4131 3322 6775 2042 2758 5502 7648 -1 7188 5850 7719 -1 -1 2811 -1 -1 -1
-1 2995 6125 6816 7483 2216 6716 5852 2634 5508 6223 7466 3791 3240 3472 6553 4868 -1 4800 7912 -1 6968 7463 6983 -1 7486 3928 3504 -1 6150 -1 -1 5084 5760 6024 -1 2244 4451 6719 6972 5392 6648 2815 -1 -1 402 6692 4647 7314 3013 1963
5024 4027 7590 935 -1 6471 -1 5961 -1 -1 2976 8247 6442 610 5138 8574 -1 2202 -1 599 -1 -1 6921 -1 -1 -1 -1 4551 8354 4277 -1 179 -1 492 1761 4267 -1 6567 6072 4808 8509 6526 2706 291 461 5709 6067 -1 1063 3376 -1
-1 4708 5975 -1 -1 7901 -1 -1 -1 -1 5120 5406 2476 7559 -1 -1 -1 3841 1475 2518 699 -1 -1 6728 1461 1967 -1 -1 -1 4997 -1 1674 -1 -1 757 72 5958 -1 2803 4259 384 5265 8334 3484 5551 1157 3533 8560 -1 -1 2905
919 2194 4763 2499 5832 1452 475 -1 7993 1824 -1 1040 5117 2011 -1 4420 -1 7262 3015 -1 -1 6335 6913 12 -1 -1 -1 4495 -1 -1 -1 7599 3106 3572 1023 -1 -1 5530 -1 -1 2496 -1 6054 -1 5835 4890 5228 -1 7461 -1 7582
7376 -1 6603 2264 -1 8380 1427 5595 -1 -1 7581 4532 -1 2312 2395 -1 1205 2767 6923 -1 -1 -1 1937 2136 674 -1 7750 2629 3525 5256 4448 3965 -1 7345 8585 7652 4434 8392 3678 4839 3423 3858 2045 -1 5517 4038 -1 3722 -1 6137 2497
1298 8038 593 -1 1589 -1 419 -1 6459 7369 8100 -1 8219 5400 1867 8151 -1 56 -1 5153 5488 3289 -1 -1 8633 -1 2932 2276 8581 1660 5186 3893 -1 6887 5151 8403 6595 450 5215 -1 5160 2068 -1 -1 -1 1347 6425 1571 -1 6579 5155
3048 3302 595 2419 5934 -1 6272 -1 3328 889 6191 7997 -1 2791 5428 696 5269 7629 -1 4916 -1 -1 3540 1954 363 3726 6797 2425 7242 2556 3124 -1 -1 1211 -1 8077 6136 8042 4166 158 -1 2361 -1 1864 -1 5763 -1 562 -1 4352 6582
-1 7879 1910 681 3720 -1 -1 5631 -1 4705 7753 5536 7847 4115 -1 -1 2593 934 6074 -1 -1 5992 3867 -1 1826 -1 -1 7897 1310 6748 1105 6171 6585 2052 3009 3121 8464 -1 5888 2861 55 4525 3973 -1 985 3300 -1 -1 6411 2711 3649
7282 786 5954 3777 1977 8642 6117 3635 8594 435 3454 -1 1797 2954 -1 8095 5180 7538 2109 1085 5656 6640 1689 3675 8447 2559 -1 3795 -1 3577 -1 -1 3164 4471 8490 5170 -1 8321 2564 -1 956 6615 6883 -1 -1 -1 6305 -1 2178 -1 2895
2819 834 -1 -1 159 -1 3743 -1 -1 2621 -1 3648 3688 -1 2536 5323 -1 7773 2566 -1 1726 1184 2887 330 7101 -1 5009 5342 6246 2191 5643 6825 -1 1469 4646 3934 6979 5808 5045 4482 -1 -1 5299 334 -1 4649 -1 1103 -1 465 5321
3445 6938 6098 1830 148 4715 847 -1 -1 246 8617 276 2035 8000 -1 -1 1495 5432 -1 -1 644 -1 5302 1738 879 8383 -1 -1 -1 -1 -1 6325 4867 3778 -1 -1 2001 -1 2030 243 -1 6006 3952 7508 -1 4927 -1 3724 4381 3235 6238
-1 6702 1451 4942 1682 -1 4116 -1 5786 2274 -1 5440 -1 6323 -1 -1 5259 1449 -1 2793 2940 3826 -1 -1 -1 7924 -1 3829 -1 2572 49 -1 7616 226 -1 6918 4126 -1 -1 7394 3640 2463 -1 2827 7535 764 4498 677 3092 4140 6509
-1 -1 8487 1163 4100 -1 1133 5928 1712 4752 3257 4063 7176 3570 -1 -1 4181 -1 2574 741 -1 7703 7801 6396 3396 -1 7976 97 7441 4356 7987 1255 2201 3813 1407 -1 5237 8309 7874 -1 -1 1764 -1 2874 6004 -1 8192 313 -1 7791 5667
3231 5016 7601 3566 7000 2327 1855 280 7908 2686 5644 446 1396 -1 5270 4393 1202 6485 3632 6163 7883 1118 -1 -1 -1 6048 -1 -1 -1 2247 5030 -1 -1 -1 3597 1476 6484 7296 -1 2735 3406 1392 -1 -1 479 -1 574 6555 -1 642 983
7017 4555 2633 -1 1223 8652 -1 6966 1863 1598 6482 -1 970 4540 7465 2931 1901 1735 7816 -1 8165 6312 -1 -1 6013 -1 5494 4823 6237 2985 427 3232 2926 420 -1 3699 5915 1183 7300 -1 8610 7848 4884 7545 3157 -1 3811 1456 -1 6195 7212
3191 6729 4694 5839 2478 -1 -1 4493 62 887 8348 -1 637 3554 -1 6513 -1 6823 -1 225 -1 6932 2319 3014 3519 7338 981 -1 5207 -1 3081 7193 7374 -1 2990 -1 -1 7858 -1 4685 1928 -1 3728 7808 -1 5486 7869 2792 96 -1 -1
103 1541 -1 4740 -1 -1 6934 2121 4154 7075 4196 151 6578 6206 1464 2588 5107 7128 331 7864 1956 5091 3677 1271 4147 4743 -1 5192 7717 5520 3553 463 -1 8049 5591 2466 4562 3108 5174 7550 8261 5001 1337 5774 2208 1943 -1 -1 2755 -1 -1
1263 -1 2101 5564 2852 8156 1217 1322 8474 535 2440 6785 -1 5823 3133 4208 -1 2446 160 -1 4260 6447 1272 5543 4689 1976 -1 735 -1 -1 7098 297 8534 -1 844 6937 3607 4035 977 7382 768 3432 -1 6047 -1 -1 4576 4938 -1 7373 2822
3442 248 -1 -1 4939 3178 1907 3725 -1 3171 -1 7092 2199 2618 7938 3630 -1 5203 707 6576 3431 349 5641 3238 1287 6815 5435 3241 5289 -1 -1 6464 6338 8033 -1 1680 7067 2197 -1 7499 1636 7186 8657 1050 7726 -1 1897 3742 -1 -1 2996
-1 2253 899 3790 7564 5377 6624 -1 7286 -1 -1 -1 254 388 824 6295 15 4621 5248 -1 6227 -1 -1 5861 -1 -1 1609 4830 7378 5219 -1 3087 4286 4040 758 3398 2411 -1 -1 1551 3950 3314 2316 -1 2031 3380 3764 5464 2760 5554 4072
1429 1619 -1 -1 -1 7555 753 2049 7225 669 522 -1 -1 8235 -1 2354 495 259 690 -1 8416 -1 -1 -1 7569 4300 252 -1 939 -1 -1 -1 5604 5179 3 5313 5765 -1 7925 2503 1057 7754 6868 70 5139 5089 2141 7580 -1 2393 8565
-1 3926 5032 5671 -1 -1 -1 4497 6903 4343 7462 6131 3610 -1 -1 -1 -1 3419 3280 3989 2170 7416 6951 -1 -1 4387 7175 7054 -1 -1 2956 5371 -1 421 2430 377 -1 6059 1522 -1 5567 1823 866 -1 3482 1269 7059 8443 5353 2894 3042
109 3586 4183 1622 -1 1880 2718 4162 6669 4666 3615 -1 79 -1 6221 1001 -1 1145 1552 3142 -1 -1 -1 6826 1807 7402 6880 8188 3567 -1 7655 -1 5810 1961 -1 4016 5610 2238 4625 6317 6331 571 8427 3601 7363 2698 2067 1083 -1 -1 -1
5158 1282 3732 6827 2839 -1 -1 5447 513 -1 8098 6358 -1 4264 -1 4691 2079 4837 927 5438 -1 -1 4665 8121 -1 -1 7349 8486 2368 -1 6706 6996 194 8216 6539 7949 -1 7235 117 4652 4913 7201 -1 2167 7506 6110 -1 -1 -1 -1 -1
7517 -1 6196 -1 3908 264 -1 -1 -1 5636 2013 3662 6767 3027 5960 -1 6897 4979 -1 1647 -1 186 -1 3190 5804 -1 -1 3753 3473 -1 8286 6890 8296 -1 2937 8010 -1 7284 4747 2300 7150 1681 -1 -1 -1 4903 1654 1442 7711 5143 -1
3623 6558 1362 -1 6653 -1 -1 4738 5884 -1 711 -1 197 1745 4195 794 5500 -1 -1 -1 2881 -1 1713 -1 6268 -1 8125 8110 4557 3284 2161 -1 -1 -1 3971 -1 -1 3786 1842 -1 2765 2006 -1 4858 -1 8408 -1 3251 871 1870 5309
4186 7335 335 -1 2528 4429 3188 -1 -1 -1 6 980 189 6101 -1 6155 6069 4344 7533 8489 -1 -1 5788 -1 925 3621 -1 312 -1 -1 -1 -1 2771 285 1610 1691 -1 -1 8269 -1 7472 -1 -1 4473 -1 6995 -1 -1 -1 -1 2875
394 1883 8104 4419 7 -1 661 -1 180 6690 8285 1336 -1 1751 8358 1545 738 -1 517 5176 5916 3717 6161 -1 437 251 8437 -1 -1 2847 4096 -1 8370 1960 5697 -1 -1 1052 -1 83 4549 2958 5446 -1 2813 -1 579 5660 -1 1033 6135
1101 -1 -1 7249 -1 2835 -1 3812 279 8455 -1 1899 24 1320 -1 7756 1555 3468 1017 7904 2140 4446 -1 -1 8053 3035 4269 2308 8547 6633 -1 1480 1037 3544 -1 6360 8508 6939 1090 6479 -1 -1 -1 3306 -1 -1 5505 4783 362 -1 8544
3371 3274 6475 2715 -1 -1 688 202 -1 -1 -1 4579 8057 1817 -1 2315 -1 -1 4742 1149 8083 -1 1262 -1 6236 -1 8488 6572 4812 -1 3394 2034 -1 -1 -1 8193 4111 6296 532 5688 -1 7981 4885 3226 6559 -1 1744 8371 5654 5336 807
203 -1 4588 -1 2965 -1 686 -1 149 1949 8305 -1 -1 -1 -1 4110 1246 -1 -1 1902 7257 2700 3963 3214 7109 3140 -1 -1 3283 6945 -1 -1 -1 -1 6440 1982 6103 -1 8540 -1 210 -1 1021 7674 5942 -1 635 5424 4987 -1 4265
6740 -1 -1 781 -1 167 7061 7877 3531 542 2919 2918 -1 6756 4891 5684 -1 473 -1 1605 -1 3754 -1 5956 3833 -1 1371 3900 -1 7016 -1 4989 2625 -1 -1 -1 2479 2086 2434 566 596 5416 6699 -1 5096 7560 7802 4373 6349 -1 -1
4962 -1 4687 -1 -1 6326 4847 6170 4533 5121 -1 1297 948 -1 606 -1 -1 6806 5409 -1 859 -1 -1 -1 7418 -1 -1 6127 1343 4505 5137 8031 5599 1431 8613 2670 -1 42 -1 1521 3298 82 6546 3555 7731 2187 6068 3995 -1 4163 8091
4490 3365 -1 3390 6179 -1 3065 -1 541 7676 -1 1043 7770 -1 1003 -1 -1 7025 376 8519 2751 2585 -1 2137 -1 -1 3981 1944 -1 -1 -1 8356 4907 2789 2493 -1 -1 629 780 6780 589 8050 7783 6834 2132 665 -1 2026 5434 5038 2123
881 6512 4751 -1 119 -1 -1 6369 7692 5791 -1 3998 5473 5787 -1 -1 -1 5590 -1 -1 3745 -1 -1 1900 567 7331 274 3045 3682 6427 2349 6515 366 7561 111 -1 3951 3024 7636 3919 -1 2933 2437 6040 6727 4635 470 -1 4709 2616 7812
6739 1620 2886 -1 -1 1417 8317 -1 3012 4679 4871 -1 -1 3689 897 1740 6760 4712 6808 1497 -1 -1 -1 5004 6177 3338 339 -1 1766 -1 -1 497 3516 -1 3796 -1 -1 5846 -1 6754 5148 5274 8291 7337 -1 -1 -1 6662 1998 1296 6965
1081 3622 7727 6016 -1 -1 1957 -1 1058 3765 2878 1006 368 -1 4592 5006 -1 2429 4081 7494 -1 -1 516 7959 5755 6114 6336 561 3944 789 -1 5475 2291 5295 2148 3815 1284 3282 -1 949 4066 7615 4190 -1 1024 -1 -1 -1 -1 1948 -1
-1 7090 4244 3517 -1 -1 -1 6168 -1 2378 8362 1704 5062 -1 -1 6644 -1 5247 -1 2980 4138 7930 -1 -1 5920 6849 -1 -1 306 6596 2690 -1 2365 2657 1299 -1 8538 6583 1882 -1 1706 1904 -1 -1 2836 1803 7859 4693 7353 5562 -1
-1 -1 6071 5950 7125 6333 7678 2872 5979 7843 1290 5687 3233 150 6709 -1 3587 -1 -1 3028 6198 577 2619 -1 -1 894 -1 -1 -1 6588 1087 7411 843 8480 7062 4323 1664 -1 -1 -1 -1 -1 1692 -1 -1 -1 5070 -1 -1 5890 6916
-1 -1 -1 -1 -1 5141 4554 7654 7415 6687 7047 4331 3954 -1 -1 1056 -1 -1 2537 -1 6641 1651 7167 6486 6273 4749 -1 4909 -1 6701 -1 6847 -1 -1 -1 7227 -1 922 5267 -1 -1 7576 -1 2173 -1 34 5119 -1 1931 3751 2221
-1 -1 8236 5412 409 1316 1720 4439 2025 3383 2309 247 -1 5319 -1 -1 4914 -1 5099 597 4700 6586 828 7604 7272 -1 2653 -1 -1 2696 -1 530 917 7177 -1 2545 7330 -1 231 -1 8003 7787 5870 -1 6453 2550 8289 6810 7541 507 -1
910 -1 -1 5073 398 7730 -1 1699 7935 4117 6104 4210 -1 3871 2188 6073 3193 5778 1542 -1 6491 5244 -1 -1 -1 320 6994 -1 4073 5362 4050 7313 4378 6532 -1 -1 -1 2318 -1 4145 2357 -1 584 7425 5999 2502 -1 2946 -1 -1 -1
2994 4509 7283 4835 -1 -1 -1 4453 -1 -1 457 3360 7278 3687 2914 5683 1665 6265 -1 5729 7929 131 5072 212 4298 -1 5385 -1 3278 1683 5477 -1 -1 6997 -1 5201 -1 -1 723 8662 -1 484 810 -1 1426 8178 -1 -1 2922 -1 6433
8326 4374 5648 480 6112 1819 4629 -1 1939 1753 6783 -1 4250 8245 7181 1424 6233 7684 -1 2560 3249 -1 3514 5100 1191 4972 5279 -1 4737 -1 4204 -1 -1 4456 1352 1015 4845 -1 37 -1 7221 7104 4034 1672 8422 502 684 -1 1200 -1 8575
-1 288 8404 8107 -1 5329 2377 4480 5849 -1 7846 6520 -1 -1 -1 7497 -1 -1 -1 1964 1525 3642 7803 -1 1116 -1 -1 5596 -1 6618 -1 6489 -1 -1 6292 5734 1510 3947 1547 3217 7368 4158 -1 1309 -1 -1 77 4873 4784 8553 -1
4283 7600 2729 -1 305 -1 1190 6252 -1 -1 5479 -1 5645 2804 6244 5557 3095 2241 -1 5951 5161 4099 -1 4470 6375 673 6562 -1 2587 590 -1 3802 7138 -1 -1 8196 -1 393 4526 5739 4014 1524 8084 7686 3321 -1 2182 -1 7379 -1 7095
-1 -1 -1 4599 7274 -1 2364 364 -1 1600 -1 3424 1915 4511 6950 -1 255 7055 6659 7442 1629 5126 6172 4714 5240 3691 -1 7447 -1 4546 -1 129 6003 7356 -1 8376 8124 3847 -1 1603 -1 1465 8374 -1 -1 7124 960 8058 -1 4161 -1
7543 -1 -1 3348 1919 3690 3357 2057 8402 5231 7704 -1 -1 -1 6200 6432 188 3596 -1 173 5745 2111 8087 -1 4590 -1 -1 3372 3896 7160 -1 -1 -1 8608 7834 6857 -1 -1 -1 3183 -1 6888 -1 6544 -1 -1 4087 7895 5262 1140 -1
7665 -1 534 6998 6496 -1 1093 -1 -1 7294 1917 7412 -1 3859 7450 -1 6080 3136 -1 -1 3889 1376 -1 5899 2181 -1 1840 2650 7114 -1 -1 7360 8154 -1 -1 -1 6577 5825 8603 -1 5616 -1 6654 4602 3412 1799 8503 -1 3020 7341 6676
-1 5454 8449 7936 2150 7082 2374 3776 -1 8475 7026 3064 8051 -1 8072 4536 -1 1192 -1 -1 -1 2580 3091 -1 -1 -1 6218 7740 3126 6357 -1 -1 7942 2682 3069 8333 -1 8108 60 -1 5574 -1 4491 7156 -1 3652 6030 2966 94 3325 -1
-1 2024 1446 3902 -1 -1 -1 7031 -1 2614 3369 6337 1097 -1 6790 -1 -1 1829 905 8027 4409 -1 3866 5694 -1 -1 4249 7520 1086 8105 -1 4786 -1 1585 7852 221 2834 -1 951 5973 3903 671 483 791 -1 2998 -1 8144 5352 -1 5997
-1 8290 739 6927 557 -1 7308 6984 8186 3469 8332 66 7285 7315 625 -1 5868 -1 4396 6733 -1 2474 7914 -1 5913 -1 -1 5769 3683 -1 -1 -1 7164 5773 -1 3411 4883 -1 1135 -1 7207 -1 6688 1359 7558 -1 2975 -1 7902 7878 -1
-1 1457 3557 -1 -1 5114 7011 2280 -1 -1 4445 -1 1741 8146 8384 -1 8168 8140 3608 -1 4425 -1 2546 2602 2239 130 2843 4367 4781 4915 2217 1599 896 2707 -1 -1 5732 -1 8194 2543 5640 -1 5521 -1 698 5900 6961 7518 4591 5103 2604
-1 -1 -1 2748 -1 5542 1675 -1 8082 7638 -1 4294 4920 3158 3793 -1 -1 8425 5480 4382 6670 -1 5592 270 3639 3446 8496 2359 5561 -1 -1 5407 2424 3775 8085 5378 4291 3161 -1 7738 6707 7230 2553 6850 -1 3534 7361 -1 5892 3496 3560
-1 5063 7838 -1 4205 5927 -1 2877 2009 7633 2074 3260 8537 2413 4789 5470 -1 -1 1123 -1 7022 -1 6180 3127 7475 -1 7191 2104 5040 2110 -1 4200 -1 -1 7419 -1 -1 4024 4262 4342 4930 5065 7233 2541 -1 6619 -1 301 245 -1 1790
-1 2071 3663 5710 -1 6251 3392 7739 7631 406 1679 -1 6097 -1 6141 5847 6673 6404 -1 7116 -1 2223 -1 -1 3331 5513 5735 6917 -1 5241 1068 -1 -1 950 7145 6261 6380 4744 -1 6666 6757 6300 -1 3043 -1 -1 -1 -1 2646 4678 4986
3901 6045 302 6276 6547 3259 1031 759 8629 4799 -1 6803 -1 5601 2367 5826 -1 -1 -1 7511 2168 -1 -1 -1 -1 7714 -1 -1 2229 7184 6665 2589 5421 1974 -1 4802 1690 3460 8580 6769 -1 5603 2784 5003 8361 3434 6530 6092 -1 3351 6240
-1 2971 1084 4309 603 3420 392 5728 7200 6859 -1 -1 5112 -1 -1 -1 6142 2032 5798 7800 8584 2002 314 -1 2999 5125 -1 4245 -1 6901 4951 1175 2286 7471 5341 8631 -1 969 8611 3225 2180 -1 -1 -1 5316 -1 -1 6963 -1 1440 -1
5022 1891 8563 -1 3455 3049 -1 886 -1 865 369 -1 933 -1 -1 -1 1203 7169 4529 6800 1973 7536 -1 88 850 -1 -1 4372 6861 -1 3032 -1 -1 3940 5113 7328 6064 382 -1 -1 -1 -1 -1 6557 4998 8524 558 1810 8028 4006 4287
5095 4134 -1 46 2421 4090 555 5268 5390 -1 -1 -1 -1 5563 -1 -1 1439 954 1172 7457 3055 5054 1338 -1 4656 1911 8339 2080 2773 4898 -1 -1 5972 3181 7070 2204 3684 -1 5963 4026 -1 1128 5322 631 -1 8531 4843 120 -1 3975 4537
-1 -1 1590 -1 5359 -1 -1 -1 7804 2159 1260 268 6082 19 3624 -1 -1 -1 6856 -1 3930 7926 -1 6982 -1 -1 -1 3671 5463 -1 7485 2759 3638 3002 -1 7220 1844 2882 5128 2278 5630 2396 7030 2770 -1 4454 -1 5263 7793 1584 6689
43 8468 -1 4548 -1 -1 3970 4514 -1 -1 2727 -1 2382 -1 2072 1046 4136 -1 -1 8089 7408 8444 4881 -1 4329 667 6749 -1 -1 -1 2160 5075 -1 4338 2736 6492 4303 -1 1641 1213 68 916 -1 6605 2470 5987 3613 8163 5686 -1 -1
4513 -1 8646 4361 5292 1942 5903 3850 -1 -1 700 -1 2654 8181 4765 -1 2310 6422 583 4141 -1 8557 6853 122 8253 -1 1648 1995 8198 7010 5405 885 6065 8505 4634 8418 -1 -1 3502 -1 594 -1 -1 4157 5410 -1 4198 7289 -1 3026 1186
712 7040 1743 -1 6418 -1 -1 7268 3378 -1 -1 6782 8614 -1 4442 -1 6408 -1 7103 3266 4380 5015 5209 3317 -1 -1 7693 7989 1030 3170 3548 -1 1098 5855 4349 6600 1239 6033 8479 6468 2326 2591 8244 -1 -1 8207 4432 6694 5741 3212 5386
4031 -1 -1 7034 -1 -1 -1 7790 1161 -1 -1 -1 386 1808 7404 2551 5811 2128 2542 7480 6315 5195 -1 3405 4421 1798 3440 906 5266 -1 6226 5403 1283 4806 660 1306 6625 -1 1563 2387 7698 7736 8206 -1 -1 -1 6355 814 7818 -1 4319
7209 -1 4940 -1 1232 5271 4045 464 5046 -1 -1 -1 6382 2596 2699 1638 3746 2829 4341 -1 4335 1156 4174 5813 -1 519 -1 -1 2334 7481 -1 1779 2059 4281 -1 -1 6038 89 -1 -1 -1 1281 -1 2695 7476 4059 7063 1710 5675 -1 2336
-1 4733 5257 -1 6306 2224 867 -1 3984 6602 7111 5451 7863 7516 2942 -1 4653 -1 1537 -1 -1 2790 2898 -1 -1 5261 -1 3957 6936 7758 3005 7479 1763 2373 2652 4274 36 -1 2070 7263 2911 4037 2234 3962 -1 2501 5515 4347 3152 4859 -1
1195 -1 140 1273 -1 4203 6680 -1 -1 2044 6549 -1 6561 7232 904 -1 556 3105 -1 -1 -1 -1 8209 4622 1688 3063 5985 1888 2492 -1 4520 -1 3617 1158 2107 7455 4405 -1 -1 3186 -1 -1 544 2456 -1 -1 4741 8158 714 -1 6122
-1 5663 8550 7624 4935 -1 2702 -1 8068 -1 412 1165 1168 338 -1 5496 5041 -1 8007 3590 5308 -1 6506 5499 8312 8595 207 6879 6445 -1 -1 8438 7004 8094 -1 4266 3462 8472 4983 -1 6133 -1 -1 1137 -1 7778 6869 2795 6049 4922 1493
4468 22 1425 -1 691 1432 2960 3057 -1 3025 -1 -1 4362 6042 6361 7721 1391 2358 7831 -1 -1 5317 5874 -1 -1 2124 5127 -1 2445 -1 2524 -1 4332 5014 -1 67 898 6693 -1 1818 -1 7355 -1 81 8536 6664 8173 -1 4978 -1 2917
3139 8621 1650 -1 989 5795 8355 -1 806 -1 -1 5969 2720 602 2893 2352 7567 -1 -1 2547 -1 -1 -1 7213 5483 5559 2869 4896 -1 39 -1 837 -1 8458 -1 -1 6154 1038 1557 -1 3964 5779 8451 2728 7752 5156 4861 6569 7595 832 -1
627 -1 4767 1778 -1 4832 1102 -1 8102 -1 -1 -1 1324 -1 -1 1924 8344 -1 6472 242 8187 5448 -1 4279 6352 -1 -1 4770 8134 -1 2145 -1 6153 3354 3924 7060 -1 -1 3268 6736 5538 7456 4001 277 1401 -1 1661 802 -1 -1 2970
3782 -1 6314 3084 -1 2590 913 -1 2177 7826 -1 4696 2549 7868 8122 -1 2452 5025 6027 -1 7632 2902 6126 -1 6186 6731 5626 733 2863 -1 -1 3116 1301 2471 3665 4044 4654 4619 1728 4572 3532 2722 -1 697 2833 4982 3523 -1 -1 -1 -1
5579 578 1207 2521 -1 -1 -1 4214 4135 3897 4990 1483 6162 2335 5069 -1 -1 2205 -1 7931 3476 7732 5885 -1 -1 -1 3976 6637 718 -1 8117 2786 7203 5188 6032 1558 -1 -1 4735 -1 1430 3529 3600 4057 2617 -1 -1 3137 -1 1204 -1
947 1578 1485 6989 -1 -1 416 -1 6476 3477 8428 -1 1358 -1 1693 5867 -1 499 -1 325 5382 -1 319 2296 7159 -1 7005 -1 2548 -1 -1 -1 4242 1872 74 2781 -1 -1 7454 8297 -1 8549 769 -1 -1 -1 51 -1 199 -1 5725
-1 4668 3052 7549 -1 8120 8555 -1 6910 1843 -1 2925 4527 938 5481 5639 -1 6060 5661 -1 1701 -1 -1 -1 -1 5762 -1 605 2454 1250 123 -1 4101 3882 2465 8654 5445 2876 1321 6173 6354 7605 3115 6796 5894 1127 7861 489 3637 -1 4093
4522 8155 4941 -1 6587 -1 550 -1 4662 -1 -1 986 1378 1983 1188 5056 1965 -1 620 -1 5232 -1 7591 6531 31 1560 -1 7892 -1 5893 4481 -1 1501 -1 4609 -1 -1 -1 2930 -1 4020 4882 1125 1951 -1 4777 -1 -1 6590 7339 7527
-1 5484 -1 4745 3868 -1 6285 -1 1770 3418 2369 -1 8262 -1 2947 -1 8169 -1 -1 6178 -1 2643 4337 4674 2088 3131 6898 5238 3836 3843 2003 2027 8059 17 -1 7443 3729 7584 2416 8576 6643 892 1379 -1 3969 -1 -1 2734 2249 5959 -1
5609 -1 3429 -1 185 6523 1621 6245 5752 7135 6510 1972 4553 -1 1459 7484 6614 1170 8396 -1 -1 -1 -1 7195 8212 1655 4137 -1 -1 -1 5821 4246 921 7792 4901 8250 1503 5234 3845 5943 1519 6184 -1 232 -1 7813 -1 -1 3465 5468 2372
8643 5863 2562 7607 6743 439 8127 2826 -1 7745 -1 4534 -1 6026 1947 6717 -1 169 7650 830 6548 5618 5662 -1 6190 2385 1777 -1 4817 3263 5624 7448 28 3546 5914 2592 7151 3807 8448 6412 1141 -1 -1 914 2799 -1 5098 6522 8249 -1 2979
-1 6193 7039 2865 -1 6308 -1 1722 7884 -1 713 1780 3211 -1 -1 5758 1197 -1 -1 6876 -1 -1 4780 5802 8400 5208 -1 -1 -1 3915 1222 8160 3808 7264 7840 5093 2856 -1 -1 -1 7610 -1 3138 -1 4838 7705 -1 4371 -1 7179 6281
2131 -1 6310 2488 8135 4058 -1 1516 1448 -1 472 6230 1268 6430 -1 5223 -1 1244 6584 6642 8281 1466 -1 -1 1653 -1 -1 -1 -1 -1 2568 8295 108 -1 6657 1041 1854 3865 -1 -1 7498 -1 8132 7713 -1 5019 4408 5889 6551 8113 -1
2812 2196 5439 8065 1245 7493 4017 8074 1317 -1 3541 7947 -1 4921 2986 5291 7239 4000 1935 -1 -1 8275 6527 7265 3208 8442 7725 375 -1 8620 57 8310 1444 7679 371 8517 6129 3550 6543 1711 -1 4379 -1 -1 702 7391 -1 4995 736 931 -1
1852 -1 3388 -1 6379 3227 4193 8666 -1 1122 1180 -1 7180 2252 7292 4627 5507 1000 8532 1847 -1 7836 -1 5183 -1 797 -1 1265 -1 -1 632 3877 2061 8452 4230 -1 6050 -1 -1 -1 -1 8641 6052 6096 2763 849 6891 4122 -1 3006 378
6521 2427 3857 6801 -1 8528 -1 11 3518 4028 6393 5606 -1 1198 -1 8665 328 8485 5190 -1 8429 2558 4500 -1 2563 717 7544 5338 6217 2293 6661 5952 -1 -1 -1 -1 2745 7855 404 -1 3988 -1 -1 7458 4801 7246 -1 -1 2189 -1 7400
4263 -1 4739 5305 1259 333 7117 4156 -1 8441 -1 -1 -1 -1 -1 3363 2885 1196 4336 2515 3149 6363 3430 6922 5945 2913 -1 1016 -1 448 -1 -1 1470 415 815 4307 -1 5977 4007 4631 1989 -1 6428 -1 8499 2285 573 -1 3740 4626 6399
27 -1 -1 396 3712 -1 -1 6020 1194 4119 -1 -1 -1 237 -1 3770 -1 3267 -1 4504 3693 6679 8264 1014 -1 426 -1 4586 3979 38 679 6431 -1 6376 5273 6470 5511 6498 1004 -1 8203 -1 -1 2599 8306 2738 -1 8647 -1 -1 -1
790 749 -1 5550 -1 5242 7701 6483 414 8423 -1 4761 8454 4973 6830 6224 2631 6463 6088 8582 -1 1546 -1 511 430 205 4842 3489 6870 6726 4218 2539 3051 7162 3262 353 3931 105 -1 5142 7954 6044 -1 5401 4318 6865 2363 6087 5255 449 4876
-1 1108 4560 1846 3073 1327 2094 -1 5512 4502 799 -1 -1 -1 3537 7110 -1 3686 6151 8381 6933 5691 8386 2764 7019 -1 -1 -1 8377 139 7436 5249 7028 -1 -1 -1 -1 7749 4175 5876 3199 5023 5402 3730 -1 3120 5105 -1 7240 6066 7611
-1 29 2000 2422 3239 -1 -1 -1 5476 2091 40 7189 -1 8044 1291 7377 -1 944 -1 3096 7806 -1 6041 8624 7014 5607 6378 6889 -1 1990 4377 3756 -1 -1 2220 4089 1074 5647 2916 -1 5754 5931 7395 -1 -1 3595 4435 -1 3397 811 -1
309 5947 4539 4018 -1 816 -1 -1 -1 973 -1 4015 7890 8205 1368 591 -1 -1 -1 -1 6789 7975 2798 6367 5814 6988 7431 4433 6858 4005 7073 1567 4606 215 7643 -1 5071 3082 8277 -1 -1 -1 7489 5967 -1 6322 4423 438 1067 3980 -1
4977 689 1729 3654 3324 7671 7093 -1 -1 -1 -1 1827 -1 1111 183 3265 3895 -1 1420 1110 6435 7210 -1 957 5625 6501 4401 -1 8619 7573 -1 5171 -1 1531 -1 411 4575 6329 4713 6107 3797 -1 4686 7920 5485 8232 5324 -1 3706 8523 -1
-1 -1 2595 1811 4953 5909 1760 -1 2076 5573 4541 5452 -1 -1 2198 6229 95 -1 417 6776 3614 -1 -1 1594 1044 4535 -1 -1 -1 8063 7960 -1 5533 7759 8514 5930 -1 6925 -1 1436 6118 1659 5196 -1 2867 6764 4458 -1 -1 3890 1302
6556 761 -1 5049 3801 -1 1049 6565 -1 3626 8363 1143 2778 -1 704 2481 2981 -1 -1 7689 5964 -1 -1 3145 1303 6943 -1 -1 -1 572 5162 1579 8081 4172 -1 1623 4304 6093 3230 -1 -1 5044 8070 3195 2323 5469 6915 6906 -1 -1 -1
-1 3788 4931 -1 2694 5346 6181 -1 666 293 1178 7049 5396 8525 -1 6253 6787 -1 -1 7018 8459 2714 -1 -1 6102 -1 1999 459 -1 7984 -1 8664 -1 2888 2412 6216 8548 4160 7174 3467 -1 18 5303 5844 5012 8240 460 2342 4397 -1 -1
1139 5441 -1 4302 -1 -1 7875 354 5408 2036 6028 4391 -1 2008 7255 3670 192 3840 -1 5157 6277 4068 -1 1984 7956 6202 -1 6930 8567 -1 3721 2185 7204 7695 -1 4697 -1 1851 -1 1614 7844 -1 -1 -1 -1 6022 7598 7691 8382 -1 3443
-1 -1 1595 -1 -1 8470 7077 6089 8230 -1 3272 -1 1264 -1 4290 1611 5789 -1 7469 3315 -1 565 -1 7422 -1 8022 -1 7540 7531 4661 -1 1671 2017 35 7048 -1 3004 -1 7336 -1 -1 -1 6188 2920 -1 -1 4065 8009 -1 4597 219
8541 7922 -1 21 -1 4725 -1 -1 4746 6182 -1 7687 164 2149 2183 6771 8252 -1 7409 3210 214 5086 8497 -1 -1 -1 -1 2866 -1 8056 -1 1012 -1 5698 324 2431 1060 -1 -1 4188 7888 6980 -1 3337 6591 5746 6294 4132 -1 2394 2973
-1 5504 98 2305 181 4547 3927 365 6359 8143 -1 -1 5919 3917 3861 5917 -1 3374 792 5312 2370 4723 3464 7851 -1 7941 -1 967 2609 999 6805 -1 1286 3735 942 -1 -1 2078 -1 -1 485 -1 4855 4818 8226 5668 5277 907 7830 3146 -1
3403 5598 7304 5388 7958 -1 -1 -1 5077 7008 -1 3511 -1 -1 -1 145 2509 1806 1941 -1 3701 6725 6627 4577 -1 -1 6504 1189 -1 6935 -1 6383 1007 5523 5753 -1 -1 554 3347 4904 -1 1747 -1 3837 -1 4350 -1 984 -1 2508 2122
2704 3132 6477 -1 2805 4008 -1 6327 2753 -1 8559 -1 -1 -1 -1 5584 2214 3155 -1 7634 1946 -1 1892 4422 547 -1 -1 3098 3030 5285 -1 -1 3088 -1 1853 -1 -1 -1 4411 8064 5695 812 4388 7809 3101 7291 3494 6626 -1 3109 6318
8035 -1 7311 -1 -1 4315 -1 3093 -1 3425 5181 41 2435 1950 61 8367 -1 8052 4580 4051 8500 -1 1482 -1 6148 4049 4182 7660 4628 3528 -1 4585 -1 2333 -1 1920 5101 1702 -1 -1 4675 4945 7587 796 4623 -1 -1 -1 8461 7589 966
220 -1 156 6401 2783 -1 8391 -1 7219 6516 5829 -1 2423 750 8062 3594 6095 -1 -1 5213 3475 6183 5474 -1 5816 5348 -1 5531 -1 1474 1406 -1 8047 6697 8213 1860 5896 -1 4803 2749 6446 5472 7637 7131 3359 2880 3508 -1 -1 -1 1350
2391 1865 -1 3891 -1 -1 801 5828 1339 3449 7267 6345 -1 3501 -1 1884 3160 4937 7760 6794 6055 7403 -1 6341 6947 6696 -1 468 110 -1 -1 7870 2164 -1 230 7013 1979 -1 7682 1996 3034 5052 -1 4201 5949 1181 6732 6242 -1 1227 1106
-1 4078 -1 113 -1 6778 8157 -1 5243 5290 6667 6000 4620 6986 1616 831 5516 4120 3416 1167 4565 -1 851 -1 1104 4410 -1 -1 8005 -1 8088 -1 518 2935 3949 7260 1678 7187 -1 4180 -1 3558 1221 4949 -1 3270 6473 2157 1868 3985 -1
5629 4512 -1 -1 2664 1092 3582 3771 -1 413 2133 3288 -1 5994 2679 798 854 7459 4167 4368 168 2641 5886 3853 7318 -1 855 -1 294 -1 1096 -1 6920 1932 1053 444 5104 -1 2113 -1 1962 2576 4996 -1 71 8533 1166 6974 2399 6941 7375
80 7946 -1 2162 4558 5854 5902 4757 3899 422 -1 2262 2082 4774 -1 8023 592 7271 3542 4052 4670 8615 -1 -1 -1 -1 3916 -1 4313 3846 -1 -1 -1 7490 1421 7923 1120 3584 692 -1 4053 5306 6343 974 -1 -1 -1 -1 7086 861 4905
1749 -1 1460 128 2565 5132 3884 2298 1608 8669 4255 8066 2851 1285 2746 3111 303 8272 7578 4944 6718 -1 726 8456 3522 7572 -1 5989 5597 -1 820 5307 7881 6239 344 5717 7763 6952 5571 -1 -1 -1 2777 8586 8071 -1 -1 5328 8152 6638 4252
7078 5522 7967 6199 6324 -1 2816 7743 7247 -1 2246 6189 5058 -1 6791 2613 2472 1885 -1 1124 3538 6231 6832 -1 -1 1380 -1 3769 -1 3008 6307 2328 -1 2570 -1 6351 4153 -1 6813 8128 5970 3389 211 2400 3370 5593 -1 6420 1718 -1 4669
2929 -1 4933 1875 -1 2754 6441 6818 5679 -1 7592 3341 4971 5233 4699 -1 -1 -1 8299 4750 8426 1386 8578 -1 4721 1617 4792 955 748 8395 -1 6121 2740 4902 3766 -1 -1 6960 2063 4717 8150 -1 3606 8024 -1 3772 5946 3252 1491 7273 -1
5055 5415 -1 7297 -1 2557 5921 2163 4908 5042 2271 -1 5996 1218 -1 352 -1 5318 3499 6461 2610 4322 2117 -1 1435 -1 7602 1252 -1 -1 6278 4457 1109 731 -1 1561 -1 -1 -1 -1 3256 5817 6807 872 -1 7053 4257 -1 -1 6316 -1
1208 -1 7820 1792 257 -1 3943 5700 4400 -1 3583 1251 5165 3627 -1 -1 6348 649 -1 -1 7430 5862 7420 6846 5031 8308 5399 -1 1662 5581 -1 -1 4556 6389 1694 630 3643 5048 -1 5420 -1 5060 -1 -1 -1 125 1373 1905 5310 4105 5433
4299 -1 -1 3700 5429 1410 4223 8379 318 2143 1796 1134 -1 -1 -1 3644 -1 4671 4704 8342 4959 2623 3297 -1 2095 -1 4676 -1 2417 7734 3311 1492 -1 7202 7566 -1 -1 351 3349 4950 5152 3904 6160 7774 -1 -1 100 1147 634 -1 607
-1 5000 1353 6108 8274 -1 2561 -1 1894 6284 5276 -1 5159 3715 3223 1511 8506 1366 -1 5252 4911 1236 -1 1756 481 8453 3452 5298 2193 -1 454 1966 4118 2581 6824 5066 44 -1 3547 1490 1091 272 -1 -1 5838 -1 1772 2344 -1 3599 -1
7614 4376 2840 7383 8234 3831 5167 7513 -1 8352 6792 5840 873 1577 6802 -1 540 5293 1898 -1 1575 -1 8637 3669 626 1570 7788 1724 1238 2953 -1 1727 7585 1618 5425 8598 8369 -1 -1 1881 6593 5129 -1 -1 -1 -1 645 4149 -1 8394 2469
-1 8513 -1 1462 6715 3264 3209 308 -1 3759 -1 3513 8318 5937 -1 474 6677 -1 2295 8421 -1 -1 8039 -1 1078 6249 504 -1 7672 2530 3007 443 -1 3480 -1 4398 -1 1913 347 136 -1 2272 -1 7155 5924 5102 1631 -1 3167 -1 3487
5827 6266 5771 -1 5206 7320 -1 -1 7287 8195 -1 6631 287 7299 1455 -1 239 -1 -1 -1 1314 5380 -1 4046 -1 -1 803 3591 -1 7229 990 1138 -1 538 1293 315 -1 3822 6779 -1 5339 -1 -1 -1 7751 3281 6005 6260 3173 -1 -1
7398 -1 2139 7096 -1 -1 6685 6372 5871 -1 -1 -1 8521 7046 -1 8495 7833 4663 621 -1 -1 -1 -1 -1 -1 6905 5227 5649 4088 7464 193 1032 760 385 4219 -1 7779 -1 7626 4127 -1 6287 -1 1275 1873 -1 -1 2716 5799 2668 4229
6387 5719 -1 8364 4107 587 4618 2984 -1 4928 5938 -1 7565 -1 -1 3966 5622 7269 8407 -1 1890 -1 -1 4438 -1 1639 6720 2407 7248 4464 8397 6541 -1 7547 2828 3946 3441 2457 7358 3134 477 -1 -1 -1 -1 2317 915 8592 7234 8552 852
4610 -1 -1 2462 1100 663 -1 -1 1975 -1 -1 -1 -1 2658 2687 3955 7962 -1 2512 3114 265 5546 2414 6388 4567 -1 3708 -1 4809 7317 -1 -1 7807 1668 4836 8243 3203 6034 1193 7045 -1 3216 -1 2761 2705 5777 -1 -1 2964 2997 -1
7502 5665 6002 6381 5822 6700 8424 -1 4507 3169 -1 -1 5387 774 -1 4816 8336 -1 1518 8311 3733 -1 5659 4999 8401 201 7724 5191 -1 3757 902 -1 7023 6914 1035 4658 1628 408 6298 3478 8119 2371 4268 3697 -1 -1 2353 8054 7896 3391 6053
-1 2796 -1 2910 -1 -1 -1 958 3143 7208 2156 -1 -1 2447 2192 5702 -1 7424 8008 -1 6919 2890 4638 8302 -1 -1 676 -1 -1 -1 -1 3894 8278 -1 6629 -1 284 1354 7514 7470 8656 -1 4633 3206 -1 8276 2871 6058 552 101 3335
-1 1836 -1 2948 6844 -1 -1 6655 -1 3910 2155 -1 -1 -1 -1 3222 -1 1377 2236 655 521 829 6942 5168 -1 3545 -1 -1 545 3147 3761 3569 -1 8653 2808 -1 5217 -1 -1 -1 -1 5314 1064 4642 -1 1781 -1 7432 -1 7505 -1
4707 770 6904 4077 6293 2676 -1 -1 262 -1 -1 1958 6519 875 4231 -1 1627 3271 -1 4311 -1 -1 8055 2500 7907 2386 2020 8554 4041 6270 994 5984 953 1666 2415 -1 4960 7178 4009 7994 -1 -1 -1 2483 6646 888 -1 -1 5693 1802 -1
6912 4974 6377 -1 8284 5489 -1 744 -1 -1 -1 5453 -1 -1 216 878 4943 -1 3565 2517 -1 7733 5646 3512 -1 4308 1582 -1 -1 -1 -1 2125 4123 -1 132 1144 3562 -1 -1 3650 -1 4501 -1 6144 546 -1 5580 4179 6734 -1 8079
7276 7500 7795 7623 7451 -1 -1 -1 2832 6490 1992 6639 -1 6533 6684 7784 -1 462 7996 3163 4524 -1 7950 743 6634 1916 7041 -1 1010 2859 -1 2665 -1 -1 2901 -1 6282 7903 -1 3653 7712 213 3685 4091 3159 7666 6353 5941 8259 7849 3485
-1 -1 1148 2957 7928 6508 -1 3633 5193 -1 -1 940 6415 4463 7683 -1 2638 -1 2200 3755 7775 7850 2983 6023 8398 -1 7796 8663 900 4583 3810 -1 2228 5288 -1 -1 3520 7577 -1 -1 1355 6288 -1 3368 -1 4772 1685 4369 1479 1119 -1
-1 -1 -1 1815 1428 8182 4019 3799 732 -1 3113 2904 6197 4726 -1 5602 5797 -1 2406 -1 2818 4889 3083 6487 6228 -1 7215 -1 6594 7370 -1 4711 1162 2611 7696 6037 6738 -1 3668 3071 7343 1953 -1 -1 3551 4499 2127 3273 668 4385 7913
3702 361 -1 -1 6402 -1 8542 8638 638 7785 4796 4734 -1 3244 6713 -1 2701 3576 3151 -1 6283 4724 4518 304 -1 2166 3787 -1 2259 -1 3234 1508 2269 6156 8375 5301 3285 -1 4173 -1 6795 -1 -1 2757 -1 1019 3156 1304 2119 4002 3880
3749 1174 2118 -1 4074 7446 -1 5082 5904 2451 -1 5837 1644 763 -1 3666 -1 5355 2608 4667 7992 3563 -1 3852 3530 7521 -1 3154 5730 3694 -1 2018 -1 -1 745 3039 6652 7171 -1 -1 -1 6474 4993 5678 7663 -1 4926 693 8347 6623 7723
4655 2485 4918 4957 -1 152 7354 8494 7799 -1 -1 -1 1305 6881 -1 5692 1768 5449 -1 5130 6552 -1 4098 -1 5552 4660 6658 3250 895 4664 2381 -1 -1 2823 -1 -1 3510 4258 6466 5021 4104 -1 2860 7627 -1 -1 3479 4289 3500 4946 75
4850 4552 -1 -1 1562 4430 -1 4702 4966 106 6511 -1 -1 4084 -1 6798 4389 5993 4392 -1 458 1971 5680 -1 7553 5638 6777 -1 -1 6450 -1 2505 529 7880 5577 -1 6503 -1 4826 4025 -1 -1 -1 3382 -1 4571 752 -1 675 390 836
946 2684 -1 -1 345 4821 -1 4129 4351 2288 -1 6185 -1 6612 1468 -1 2838 3172 7789 -1 399 1837 -1 3104 1839 5020 5202 6320 3593 -1 3415 -1 -1 6899 -1 -1 7097 8630 4061 -1 5394 2944 1267 3641 -1 4275 4047 8327 5991 -1 3220
6105 -1 835 -1 -1 7137 -1 3414 -1 2992 -1 -1 -1 2243 7029 1784 7635 -1 -1 2321 2607 -1 2955 -1 -1 911 3384 6321 1771 4232 4912 8648 4355 -1 3447 -1 -1 7380 5841 6439 -1 -1 2320 -1 5706 -1 -1 -1 -1 -1 4239
1550 1520 222 5437 7279 2218 -1 2366 8460 6862 8436 -1 -1 2637 3760 1292 1635 5097 -1 -1 -1 8099 2062 -1 8337 7148 7961 -1 8539 845 2949 7473 7934 8002 -1 -1 8145 7548 8139 3767 -1 170 4327 -1 290 316 7364 7183 2923 7301 5194
6723 2672 3228 7066 5623 7669 -1 5236 -1 -1 45 817 -1 4171 -1 5869 -1 8115 1835 710 2900 -1 8011 1013 6896 3404 4877 8477 5384 5747 3312 16 -1 6176 -1 3803 1708 7433 -1 5545 1794 4012 -1 4365 -1 2974 2552 3873 8090 -1 -1
1278 8520 4892 -1 8097 1215 3888 -1 -1 -1 -1 4414 5260 -1 2939 6008 2330 5175 4455 372 1528 -1 4282 -1 7105 3752 3875 1419 -1 6362 1095 5669 7434 8604 6841 -1 -1 78 7557 -1 3023 2341 -1 4964 1409 -1 762 7507 -1 7080 4919
8618 7389 -1 -1 -1 2376 -1 7575 5491 -1 823 1026 8202 -1 5300 -1 3148 4985 3820 5824 6220 7381 -1 -1 7568 5457 1850 -1 -1 -1 -1 -1 5541 -1 2744 3309 4874 1746 503 4727 -1 7606 8668 8431 -1 5756 3870 8411 2112 -1 2151
7980 -1 4386 882 -1 3486 -1 2667 3318 -1 -1 -1 -1 4248 8345 1486 7647 6018 3709 5431 -1 -1 5540 4390 5501 6882 6269 4312 -1 -1 3410 6708 -1 7780 -1 7710 452 3739 -1 5705 848 4866 1548 -1 1089 -1 -1 4791 7309 6560 5845
1029 -1 -1 7837 7044 6573 5251 6164 1274 -1 2605 -1 -1 -1 6762 2627 5245 4778 -1 -1 -1 -1 1986 1789 5585 -1 -1 6031 3255 -1 -1 5759 -1 5716 5085 -1 5461 -1 7121 7173 8301 528 1602 616 1572 2988 1248 8645 3094 -1 2283
281 1473 436 2058 -1 -1 -1 1637 -1 7147 -1 -1 4112 2841 7385 -1 -1 -1 -1 146 7352 2967 292 778 1348 4888 3367 6540 6724 2311 -1 6829 1707 -1 3680 5116 -1 -1 4207 6892 -1 -1 -1 -1 155 -1 1136 1088 3571 -1 5875
6209 -1 2870 8320 1980 -1 -1 5370 1364 -1 1592 3535 5539 3692 1677 -1 901 7539 5010 5347 6109 -1 8387 7417 -1 5395 4776 4213 -1 7618 7524 8319 -1 -1 5163 4519 -1 -1 8566 8129 884 3748 3505 -1 -1 102 3996 6438 -1 4615 471
-1 3296 5027 4443 486 -1 2260 -1 3768 6993 7119 -1 2432 337 3294 -1 4650 -1 7708 2084 4187 4924 -1 1858 -1 -1 -1 -1 -1 526 8032 7915 -1 3994 3364 -1 6877 2401 1526 6828 -1 -1 -1 7781 1586 641 3286 -1 5465 992 -1
6705 -1 6671 8218 -1 1152 5 2089 8462 -1 4611 -1 -1 6063 6931 5013 4402 -1 -1 8341 -1 2179 6394 -1 -1 4079 3050 4297 -1 -1 -1 6911 3176 -1 269 3409 2671 -1 -1 -1 -1 4637 -1 7741 -1 -1 -1 1342 874 3177 2115
-1 -1 6711 3674 -1 -1 4573 941 -1 2251 -1 5344 -1 -1 7107 7798 2037 3907 -1 5901 3353 6457 5658 7744 -1 3659 8405 -1 -1 4256 -1 7144 -1 5456 -1 -1 4317 5124 7794 -1 -1 5953 -1 7757 5957 4936 -1 -1 -1 3620 8625
7251 3885 725 2325 -1 2438 -1 -1 6621 -1 8432 -1 2215 -1 6759 3435 6500 -1 -1 8258 2660 5627 7944 826 4840 -1 6056 -1 -1 8359 -1 -1 8368 7366 -1 -1 4251 -1 3401 7866 6210 5534 -1 3619 -1 5611 -1 2903 -1 -1 -1
5724 7290 -1 7593 0 -1 198 8263 6443 8660 3645 2703 2897 -1 3356 1997 7910 539 8561 3695 299 6201 -1 1369 8086 3851 6426 -1 4787 -1 5106 -1 4095 -1 -1 4899 4790 4870 -1 7854 3036 2750 4339 7134 1384 2103 -1 -1 7943 -1 7127
-1 2899 -1 5002 -1 -1 6514 2436 3997 1182 -1 -1 6099 8579 8626 2824 5007 1414 -1 2675 5674 3736 5376 -1 8551 -1 928 2594 7786 7478 3029 -1 3019 -1 1070 8109 -1 63 -1 775 3334 -1 -1 3080 -1 1742 311 4176 6332 1438 2854
-1 4416 -1 -1 5737 -1 5672 6166 582 116 -1 5455 -1 5820 6872 -1 7965 3016 -1 1326 7429 6403 -1 1247 -1 -1 -1 7487 8573 6267 -1 2092 5426 -1 -1 -1 -1 8298 8457 -1 6255 5575 5748 8224 3923 5436 -1 5775 5971 -1 -1
2444 2951 4225 -1 5637 -1 -1 2991 3426 3277 -1 5877 1389 7872 1467 608 6149 50 1645 6368 5558 1750 7020 1700 4234 5225 3421 809 5350 6350 7899 7824 4483 4698 -1 4296 4523 7685 -1 -1 -1 -1 654 8133 4766 -1 6609 3018 -1 7115 7916
3794 -1 -1 2290 5047 -1 -1 3038 7149 6833 -1 2486 4271 1985 3497 -1 8093 5794 3310 -1 -1 2884 8294 -1 5912 1308 -1 -1 -1 695 3355 1782 8304 3906 -1 -1 -1 8439 7153 -1 2772 -1 7853 -1 3905 4406 8357 2928 -1 1237 -1
-1 3471 6143 1224 2963 1199 -1 2742 1394 -1 -1 5653 8078 4797 -1 2577 260 3290 -1 3585 -1 8060 2801 -1 -1 5122 3774 -1 4657 -1 7312 8303 -1 8251 5815 1022 1129 4224 5772 -1 2739 -1 782 1739 2153 5703 3716 5254 -1 2064 4542
1626 -1 3744 -1 -1 -1 -1 -1 7927 7819 -1 -1 7496 2085 4925 1179 6086 4782 -1 4755 1489 6765 -1 6992 4170 -1 -1 7964 6616 -1 -1 6313 -1 5767 6365 138 -1 756 5800 6601 7421 -1 2232 2579 8228 6908 4825 -1 -1 2762 -1
121 14
147 7
