84 63
-1 5027 2515 3447 -1 3983 -1 4676 3268 1821 -1 5182 1635 -1 2769 167 -1 -1 3232 -1 2992 -1 1649 -1 4116 2805 352 4781 -1 1147 456 5153 1197 1925 2886 3210 3290 1839 633 1152 1811 -1 2939 5071 3907 4066 2885 679 3835 3189 958 2082 -1 3267 1386 4974 2175 607 1890 1815 -1 4950 2161
2055 899 730 3337 2973 1162 3860 -1 4657 1443 -1 2614 676 3095 3311 5211 -1 4826 3992 619 -1 -1 4931 5128 1262 2128 -1 99 4649 -1 3307 4243 2719 4560 -1 753 127 1043 4226 -1 656 -1 3494 1003 4059 -1 4063 2815 3142 -1 5093 3517 3641 446 2238 4999 4961 4901 -1 2727 1512 220 4542
5288 5075 171 -1 2201 1329 4815 181 463 3360 2315 695 -1 5123 5050 4433 234 532 -1 -1 890 3287 -1 3364 -1 1092 754 2455 4594 3596 3462 523 1016 665 4796 3252 -1 -1 960 3357 1416 3743 -1 2733 795 -1 4893 4044 4643 -1 4577 -1 -1 976 4868 3234 5272 3138 3199 4183 -1 3821 4595
4485 3568 2753 5028 5210 -1 -1 1000 -1 3549 2516 -1 -1 4569 814 -1 4109 1010 460 -1 3049 3503 1561 2949 4007 3447 4314 1617 3329 -1 2098 -1 2068 -1 3125 -1 544 3929 2225 1394 2968 2893 1864 3905 4922 1260 -1 -1 2845 4577 -1 2335 2501 4268 -1 2923 5280 1880 -1 4497 1651 2305 -1
3379 1503 5168 3864 3144 1727 955 3264 1724 2410 2495 4327 3011 659 2747 3670 2018 377 -1 894 2981 -1 2416 -1 3359 2379 -1 5186 3529 3409 -1 -1 4342 5081 -1 446 3032 4185 2597 3121 1948 2299 4967 -1 4395 -1 5036 4960 5153 -1 726 -1 1012 -1 497 -1 4746 -1 209 4101 85 5234 3129
-1 241 2068 -1 310 3366 4904 2135 -1 2965 180 4251 3503 -1 1746 3410 4931 -1 3085 2852 3421 220 -1 3857 947 3423 1544 -1 -1 -1 3482 4450 -1 3625 1326 1615 3140 -1 3753 2395 3992 3387 3596 2847 -1 -1 -1 -1 2632 4450 2062 1668 4575 3811 822 -1 690 530 -1 356 4092 1258 -1
4800 3931 3783 5028 3245 232 2457 -1 1435 4334 2177 -1 4267 3924 4943 5243 -1 2476 4818 4222 2832 2576 366 3180 3671 668 3917 121 4012 5013 -1 -1 -1 -1 30 4769 1459 -1 -1 3584 4313 -1 -1 3203 -1 -1 4301 -1 2133 1117 3301 5250 3312 4931 -1 -1 -1 -1 -1 621 -1 3839 2357
5039 5174 -1 2698 4200 221 -1 3580 2533 3039 1637 1403 1548 3136 1483 2926 1482 -1 4299 4067 4895 1069 4923 4490 4107 -1 -1 -1 4404 3862 390 -1 4792 4889 3978 -1 2001 1156 1820 703 426 -1 1161 4920 3259 1595 2817 1016 4521 -1 4330 -1 4409 -1 -1 3067 3966 -1 -1 3725 816 296 3726
4544 1896 4537 -1 -1 -1 3637 2691 865 2890 1817 1644 4806 4317 1119 4612 -1 -1 -1 2333 4741 -1 4868 1850 -1 2143 3160 3098 -1 1598 -1 -1 4028 1533 4295 4679 4817 4354 -1 3132 3800 4944 4709 3289 2398 3067 1322 3668 -1 493 5086 4972 3872 4188 2368 1931 4885 5081 -1 1197 4787 2756 3083
464 3749 2295 4482 878 692 4257 100 181 2262 2077 1247 1936 3156 -1 1386 4379 4079 4024 -1 -1 158 643 4902 -1 -1 2418 926 2034 3511 -1 4260 -1 -1 1986 -1 1303 3363 -1 -1 1893 -1 -1 1767 -1 390 2003 4445 4932 1008 314 2022 -1 1372 2939 -1 2621 4141 -1 3727 765 4345 1871
3185 -1 2200 -1 4762 2942 1755 -1 1914 1413 3186 1114 -1 4696 2711 3138 998 3341 -1 3880 461 570 2362 1915 -1 4984 -1 3070 -1 1619 28 4593 4525 2279 2877 1333 -1 -1 2178 2352 3014 4482 -1 3036 1914 906 1706 -1 3931 861 3146 4107 4673 -1 -1 3794 -1 -1 1709 1322 1713 -1 1968
1068 4226 2541 -1 -1 -1 -1 2060 -1 -1 -1 -1 2118 -1 2104 559 1150 -1 444 -1 -1 -1 -1 213 152 1715 1590 393 -1 -1 3376 3670 2929 -1 -1 3117 911 4816 4250 -1 2546 1302 5244 1141 1482 -1 2526 5193 300 3322 -1 3516 3819 2653 1991 1421 4715 2035 1341 -1 1215 -1 1293
1639 3673 4488 -1 1962 145 2545 4971 -1 1855 151 3516 5063 2045 4541 3499 3273 4335 2666 1540 -1 231 1575 507 3359 45 2509 -1 600 5247 2564 304 3082 2767 2472 4127 972 -1 -1 -1 -1 -1 2986 72 5117 2603 1197 2866 2709 4635 -1 2425 2443 3477 1146 683 2281 3879 4479 3213 -1 -1 2919
4000 630 4890 2915 -1 244 -1 -1 386 -1 1883 4145 3904 2954 2715 201 1427 -1 523 1533 -1 794 2014 2822 3333 845 -1 2422 -1 181 -1 3999 2315 3828 321 1703 3358 -1 -1 4502 -1 861 3953 4635 1824 -1 4302 -1 3799 3355 -1 -1 2519 -1 150 463 3584 289 197 1400 2442 3410 3904
4553 5258 1237 2871 4944 2605 3901 1115 3666 1500 575 2607 902 3001 2620 1469 359 4344 2745 1506 -1 -1 4662 -1 232 1135 110 -1 -1 -1 -1 4175 634 2929 -1 3319 -1 3525 846 4040 3402 -1 3808 984 617 2652 2111 3514 3353 2186 -1 -1 1646 3981 2447 -1 2157 -1 2665 1151 2492 -1 4724
2431 424 4283 83 2480 1219 1648 3645 4145 3536 3453 744 104 2165 3240 3107 4723 3805 897 -1 2626 5204 -1 -1 -1 3819 2917 -1 -1 3125 937 4217 433 703 -1 2742 -1 95 1424 3971 3208 1740 -1 -1 3406 4368 4382 4940 2540 -1 3280 2392 -1 262 4063 -1 1170 4419 -1 158 2544 -1 2650
-1 -1 1770 -1 4006 -1 -1 118 3244 212 3319 3868 4443 5185 -1 4243 1897 4185 -1 5216 346 5195 -1 4224 -1 2672 3619 2780 -1 -1 1402 3642 3930 4035 -1 5216 3487 1532 1777 1466 313 -1 1897 -1 -1 -1 3058 -1 -1 5235 3951 4791 -1 -1 -1 2485 1760 4174 -1 -1 3448 -1 458
-1 2376 2774 145 161 3582 4189 378 705 1078 5088 388 1140 -1 4113 1796 226 4202 4409 1210 -1 4351 2607 1951 499 3118 -1 3586 101 1033 2712 -1 2485 3533 2004 4841 3439 1130 458 -1 -1 597 3745 1815 3185 3425 2775 1913 1759 -1 -1 1923 -1 -1 3216 2824 2760 514 4463 1781 4673 1499 152
-1 4014 2960 1530 3582 2838 876 1086 2736 160 2730 1168 1416 2358 3142 3060 -1 1906 -1 657 5260 3190 -1 3636 -1 2439 103 2572 -1 1059 2843 -1 -1 226 -1 5158 816 -1 -1 4301 -1 492 -1 1845 1387 136 3978 1201 1765 1822 3783 3047 142 655 3449 3783 5233 -1 -1 3479 3604 5067 -1
1638 4692 3776 -1 -1 -1 -1 -1 713 540 5128 2406 2234 -1 -1 930 4205 3832 -1 408 -1 -1 -1 1414 1529 4413 3815 299 -1 3386 4251 1002 -1 -1 4434 3830 5139 4640 1707 1300 -1 -1 836 1156 723 -1 -1 2742 2124 2357 948 5059 81 2866 4466 2248 3743 3117 1146 -1 -1 1023 2190
-1 5220 -1 498 529 2730 4464 -1 3140 1021 1631 -1 -1 304 -1 1470 22 5215 -1 2331 -1 3013 3944 2995 936 1005 -1 -1 3954 3799 2590 4586 -1 2568 -1 1168 -1 4719 2251 1553 -1 -1 -1 -1 3687 2887 -1 94 1161 891 3980 2173 3021 -1 659 -1 2795 3891 1106 2351 -1 4257 -1
-1 4120 2668 721 536 -1 -1 -1 -1 3739 -1 1512 1472 2212 4758 4128 1396 -1 -1 2609 2780 4794 4111 5184 4446 -1 3996 1649 4516 1226 1018 4725 -1 1575 2539 2055 2758 -1 -1 -1 3237 2905 -1 3200 1918 1770 -1 3093 -1 4656 2149 -1 -1 4267 5168 -1 -1 -1 3295 -1 2774 734 5151
4646 4029 4678 243 3050 -1 4543 2899 1445 946 -1 4714 1217 -1 -1 -1 540 -1 4090 3484 1572 -1 2977 3575 -1 -1 -1 958 2596 -1 -1 -1 2781 2764 1080 1515 4735 1819 -1 717 1005 2194 2023 3603 2804 -1 -1 3578 3233 2216 4582 -1 4692 3717 4320 406 -1 -1 -1 -1 1850 -1 4304
-1 2220 -1 3573 4239 4948 -1 3236 789 2477 2468 893 559 3661 1520 2426 2959 4643 2930 -1 4663 1751 50 855 3322 -1 -1 4283 -1 1100 -1 -1 4669 -1 3180 1330 1210 3085 -1 5209 4848 4458 688 -1 5176 -1 2256 731 4857 -1 3506 4807 760 -1 -1 896 58 916 5231 4276 1685 1376 -1
2308 501 -1 4278 829 260 5088 2495 -1 -1 4221 -1 -1 2459 -1 1152 1850 4298 104 3912 4899 -1 -1 823 1544 245 2153 2006 926 -1 3658 5180 4189 -1 -1 2648 424 2020 4661 3460 4303 -1 3498 -1 4491 865 2885 2504 2507 4195 2667 3985 2327 4659 -1 4327 4006 -1 -1 4720 3475 340 3841
4153 -1 429 2545 -1 4961 -1 4147 3812 -1 -1 3926 954 1561 -1 -1 3503 2779 3879 4593 -1 -1 3346 1482 531 -1 3407 -1 21 4811 4979 -1 865 -1 2832 4709 3591 1675 1157 3368 1207 3316 4420 3397 1399 4734 200 3116 -1 -1 -1 5055 -1 -1 -1 2406 -1 5042 -1 4235 -1 -1 -1
5037 -1 -1 1450 1426 4886 4164 3811 2772 4643 306 1164 3903 4125 68 4355 3232 2138 2182 1417 518 5092 841 -1 4814 2179 4113 -1 134 1786 4304 1111 -1 68 1777 -1 5089 2566 -1 544 2338 1102 -1 4604 1980 5083 2798 4117 2317 3785 245 -1 1062 5143 1565 176 -1 4412 -1 -1 1205 1907 5136
375 3 506 3814 -1 -1 3472 3595 543 1072 99 4931 4350 1453 1729 -1 1102 -1 2809 -1 3059 -1 2766 -1 2936 2374 267 -1 2548 2244 2041 1621 627 -1 4232 2951 2789 2914 1609 2353 3447 -1 -1 -1 3639 5028 4782 395 1552 3419 1347 -1 4323 4225 -1 4655 3636 4498 2812 1620 1555 4044 1166
221 3566 -1 1200 -1 -1 2013 -1 -1 -1 338 2473 3546 -1 5218 1281 742 -1 -1 1714 -1 2956 1956 2045 3551 3081 2249 1089 1365 -1 -1 4155 -1 2137 4975 2201 1681 2566 -1 150 2016 2485 -1 5014 2893 -1 1635 332 4391 1571 3102 3969 -1 -1 516 1541 4842 3928 -1 3896 1671 2182 -1
3050 5177 3780 3652 -1 -1 -1 2088 2385 673 3019 -1 133 2426 5282 3700 -1 -1 2784 4583 3571 4114 -1 5068 -1 43 2608 2750 3354 3779 -1 -1 1475 3021 4486 2453 3342 3801 1619 4899 3542 1880 5221 1753 5114 -1 1932 3525 -1 3691 10 2905 1071 -1 769 561 4672 4589 1136 -1 487 4770 3970
2275 3252 -1 -1 1366 56 2705 3319 2362 3151 2204 2281 280 1342 3023 3210 1781 496 -1 -1 688 174 -1 1083 5261 1969 5161 2065 -1 -1 675 2806 -1 3498 4277 4645 1009 2321 1504 -1 192 72 1795 29 -1 1724 -1 -1 -1 2570 1756 5003 4086 -1 3119 -1 411 97 3495 -1 1322 4369 -1
995 -1 2137 652 -1 -1 -1 -1 -1 -1 4459 2511 5118 1413 4147 3792 3668 779 -1 4397 2092 -1 3775 1311 1243 154 -1 1248 -1 -1 174 -1 3895 4021 2411 4993 4091 -1 879 1418 2210 4314 4778 -1 -1 4275 1310 2389 1458 1748 4990 1118 2607 -1 1806 -1 4619 -1 -1 2281 -1 3109 218
4308 2690 -1 3235 3425 3604 -1 -1 2320 -1 3955 2586 -1 -1 3783 2127 173 2436 2401 1589 4709 -1 -1 1528 355 4304 3046 -1 2124 4459 4132 1124 3353 1415 4335 152 2136 -1 3630 -1 493 5189 -1 -1 2435 244 3135 1249 5227 -1 -1 1638 2449 -1 4361 781 -1 2784 2140 -1 -1 -1 -1
4866 1387 -1 2045 -1 4617 2151 3356 -1 -1 3889 2104 3047 -1 1365 3411 518 5246 444 2957 834 4146 727 -1 246 2962 -1 3053 702 512 4106 2015 -1 3454 -1 5097 492 1008 2771 2511 3988 3448 -1 -1 4157 -1 2485 3968 -1 349 -1 3897 -1 1272 -1 3320 577 3217 1174 1465 2547 -1 2556
3469 1937 -1 463 4366 4550 2285 1731 2597 -1 -1 2868 -1 196 2604 3077 -1 1292 4014 -1 1487 4179 4993 -1 5114 2549 2623 2114 -1 3855 -1 244 3673 -1 2485 5178 -1 1598 3255 4992 818 3634 2840 3291 3651 4270 -1 3072 1519 3043 2531 800 2596 -1 2280 -1 4997 -1 163 1338 -1 4030 2249
3401 4320 4601 1357 -1 764 1147 3015 1515 -1 4816 2841 4082 -1 4310 -1 1132 1210 264 2342 4176 3534 1429 4656 3183 3816 5173 1174 -1 -1 5263 2362 1252 4600 722 2020 1901 4827 3085 2286 -1 -1 -1 1250 2151 2693 -1 -1 2894 898 2503 4454 -1 -1 -1 2240 4312 799 1288 3590 2080 1981 -1
4833 -1 5280 5160 2373 -1 2075 4284 3864 1633 4930 1984 -1 -1 3633 2566 5133 1629 2007 3814 2616 -1 2015 2585 3559 1138 1074 1360 4100 1115 -1 3205 -1 2432 1239 2434 2137 2213 2536 4198 -1 -1 420 3883 3892 1382 168 -1 3961 1247 -1 2726 -1 4862 2082 -1 3177 3850 4578 3847 3488 1808 1434
4646 3015 3243 1166 -1 4476 -1 633 513 2671 4146 -1 -1 3456 -1 -1 -1 5243 -1 -1 2416 700 1397 4889 517 2658 4163 -1 2313 1999 2205 1077 3762 3264 1106 4885 4854 1160 -1 -1 953 -1 292 -1 3743 4054 2444 2508 3125 4051 2486 1221 100 207 1291 2744 1922 -1 2700 2082 4766 2151 -1
4775 3901 3003 3475 3622 3656 2806 5016 -1 4840 -1 1886 3613 -1 -1 2478 3988 -1 2747 799 1070 502 1100 2101 5224 -1 3878 1433 -1 4943 4181 5179 4270 6 2080 -1 -1 3931 596 -1 -1 1484 -1 2237 4491 2162 741 96 316 -1 891 5129 -1 3123 2286 4886 2741 -1 3531 3874 4049 2448 389
3324 4505 2141 3611 2422 1349 970 -1 3704 275 1349 -1 -1 2453 1504 -1 1352 1797 1747 -1 4662 3028 3011 441 -1 -1 -1 1338 -1 4421 635 171 5056 -1 1430 195 643 2524 -1 3968 -1 1777 -1 3839 1277 3333 1218 320 5206 775 -1 4211 1327 -1 -1 3847 3181 -1 3021 4799 4710 809 5248
-1 4786 -1 641 4022 -1 3796 1051 2260 -1 1217 1083 -1 1269 -1 2271 4636 -1 3816 2450 1618 100 2345 -1 5186 3484 4610 -1 964 1980 -1 2974 -1 4212 3130 4254 222 1458 4633 4845 -1 2488 1986 4374 1283 4853 1762 3203 5279 2755 1403 1836 -1 -1 -1 2255 459 -1 3795 1969 3693 2508 -1
105 -1 -1 -1 4039 4236 4784 2953 2503 4061 4943 3830 2173 700 5078 -1 388 -1 4520 753 1979 -1 1790 2396 -1 1625 1138 -1 3216 1460 1135 2299 184 2267 -1 3886 -1 -1 1717 -1 -1 -1 3137 726 4240 257 4146 -1 -1 1222 -1 244 2660 1910 262 213 3751 836 604 3273 619 591 -1
804 3223 1732 2836 1829 3757 -1 3393 1486 1442 -1 780 4392 4989 -1 258 668 2953 -1 4300 616 1542 -1 771 -1 2389 4674 2100 -1 5272 896 2145 3818 1645 3379 1182 1458 3268 843 1942 5287 3066 1418 -1 -1 -1 1811 -1 3426 -1 4567 -1 3124 1912 706 -1 2514 1738 69 1355 4263 -1 -1
1387 341 3114 1241 -1 561 933 3149 -1 4444 2028 -1 -1 3943 5010 3354 -1 1686 977 2125 357 3773 4812 1277 1162 4105 1687 5000 -1 2153 2935 1829 801 2885 -1 3842 2970 -1 1485 521 -1 -1 -1 4777 49 -1 2333 803 2491 1917 2087 799 635 4877 -1 3107 5107 2615 2017 -1 -1 204 95
467 5035 91 3016 375 4159 558 -1 3606 456 2251 2519 765 -1 3482 4248 2623 -1 2986 4493 4829 4855 -1 5132 -1 283 3652 -1 2029 248 -1 4995 4920 -1 3251 707 2245 4079 -1 2970 -1 2566 92 1635 2716 4366 3138 2690 -1 -1 -1 3246 5001 4613 3764 2654 1291 -1 2880 -1 -1 -1 166
22 1855 2362 1667 3880 5003 3635 -1 3525 3177 -1 792 481 -1 1632 1951 4541 2702 -1 3526 -1 -1 -1 4630 -1 -1 -1 2459 3392 -1 1328 5023 4829 -1 5167 125 -1 -1 -1 257 2481 -1 84 69 1495 144 4382 1512 4196 1105 4575 1452 1756 -1 -1 -1 3388 -1 -1 3047 5103 -1 3734
572 2492 -1 1572 2239 4080 -1 4655 1522 2589 4358 -1 1725 -1 4114 -1 2715 3370 4794 3271 2230 136 4420 4282 3395 4436 3491 3274 -1 4111 252 1131 -1 -1 5085 -1 1679 181 2002 4194 2358 7 3738 615 -1 -1 -1 2831 3961 -1 4010 3194 -1 1204 205 3144 799 1301 -1 81 381 -1 -1
-1 726 -1 3248 5132 3202 3010 4648 631 3304 -1 -1 -1 1776 1758 5144 4349 848 1499 3181 3880 -1 2846 -1 -1 1842 3641 1758 4935 1709 273 -1 2345 4785 4377 -1 2154 182 2173 4264 3426 -1 -1 2578 699 -1 824 -1 -1 -1 -1 4316 1422 -1 -1 1442 1333 2595 4873 2509 -1 -1 1266
4450 3845 1681 2218 432 -1 1461 830 2 3684 3312 4863 770 -1 2617 2959 4744 4806 2956 4622 -1 -1 1816 1552 1049 1782 -1 3252 4918 -1 3888 391 3574 4236 -1 3101 -1 -1 87 1005 -1 4222 940 1492 770 4141 2915 1768 -1 2762 -1 2996 1088 5133 3289 3922 -1 -1 -1 -1 678 -1 -1
3288 3103 277 888 1034 3007 1082 2037 2459 2096 3843 -1 -1 4802 4664 4458 1267 -1 2220 1465 1164 4164 -1 1076 371 1430 -1 9 79 1827 -1 3535 -1 -1 5040 -1 588 1294 1025 3727 -1 206 -1 4540 1425 1287 3553 2018 -1 -1 2182 3525 2083 2455 2292 -1 -1 -1 1764 3975 53 1647 83
3979 4020 1856 5033 -1 2768 -1 1525 4598 2706 -1 5260 -1 2345 593 290 -1 1515 678 -1 -1 3864 1066 538 -1 -1 4404 -1 4422 3774 -1 -1 -1 -1 -1 -1 -1 4193 -1 2258 1385 -1 1504 -1 2812 -1 -1 4581 4640 1094 4706 3475 -1 -1 -1 927 3697 3891 3895 4164 -1 3121 -1
3542 3404 -1 3347 661 2664 72 4312 -1 640 1598 1398 5101 3513 -1 2949 2588 4317 -1 -1 4074 2223 1533 -1 -1 1394 -1 4873 -1 3484 -1 2077 4253 2742 2958 4639 2652 2940 1528 2314 -1 965 424 -1 -1 2762 3721 2570 -1 1233 -1 5092 938 230 2655 658 -1 -1 -1 739 5265 3286 4071
-1 2217 3332 502 4583 4635 2164 -1 3381 2622 -1 -1 5179 3615 -1 -1 -1 -1 3586 3665 1824 4394 -1 1667 3775 3384 63 4860 3105 -1 757 3514 2325 2196 5073 4522 455 4232 4827 2922 -1 -1 1537 2698 -1 986 3803 1481 -1 611 4474 2936 501 3344 3815 3191 -1 1844 -1 1176 1113 648 1533
886 -1 1632 5216 -1 1115 934 -1 3986 -1 5245 -1 2714 5064 3569 2321 491 -1 -1 308 -1 1304 -1 2372 4384 1139 4968 2801 1679 1495 -1 2002 2875 1413 89 -1 -1 614 -1 1478 326 -1 1076 4083 -1 1000 3941 3081 521 -1 -1 5288 4364 2038 -1 398 4543 1162 522 -1 1243 5033 3153
4885 957 -1 3560 1735 118 2741 859 220 988 -1 4274 1078 4958 4166 991 -1 2121 1445 747 110 4899 4783 3253 -1 107 233 -1 945 533 2509 395 -1 137 1725 -1 -1 2722 3393 4267 2416 5216 -1 4167 2925 1593 -1 -1 -1 1267 4545 -1 -1 -1 269 2696 2196 -1 1281 5209 1391 4003 1973
-1 2210 1562 3905 -1 1702 1904 -1 -1 1781 2669 1998 3490 3308 -1 5190 -1 -1 3651 492 -1 3791 2000 2577 1149 3469 1617 3891 2214 2406 -1 -1 -1 2577 -1 4044 -1 -1 4948 715 1850 3684 3984 -1 4041 1161 2813 -1 421 4277 -1 3770 -1 2376 -1 -1 2398 2984 -1 -1 324 -1 1909
-1 787 4443 1135 -1 2811 1306 4321 3255 5154 4775 4863 2642 -1 726 2334 3930 1127 2068 1552 1024 5040 1834 1358 4491 1033 2422 206 -1 255 -1 24 5256 792 3920 -1 -1 3179 -1 2641 3020 3077 873 1647 5284 -1 793 2487 1672 -1 5200 2411 4592 3889 4114 458 3618 -1 1884 -1 -1 1546 1454
1574 2863 456 365 -1 2337 3761 -1 2022 3112 -1 2008 2797 -1 -1 2922 4130 1910 3065 -1 -1 315 3595 -1 -1 4115 3405 4508 2452 -1 4005 -1 -1 -1 -1 4307 5250 2895 4998 -1 2475 428 -1 3549 2148 2756 818 1738 3651 -1 973 2731 3178 2639 5219 2648 3600 -1 2264 927 4853 3969 691
3162 2016 4098 699 1562 -1 3997 1810 4297 4466 -1 4867 2094 -1 475 1562 204 -1 2454 560 -1 2378 725 4287 2837 2254 792 115 1255 2542 4304 -1 4486 330 -1 804 4159 2447 858 5072 203 353 2972 314 2912 -1 1156 -1 3641 3696 1409 460 3432 1423 3061 2287 4537 -1 2409 2537 1282 4360 3864
4285 -1 3227 1931 -1 -1 4348 4927 474 1582 3126 2027 99 705 -1 753 3387 -1 5102 131 2184 482 3534 3728 4791 4072 920 5092 2876 2988 -1 -1 -1 4534 5126 -1 2268 -1 847 2578 958 5005 4183 4685 4394 3749 1261 1024 4108 4912 4199 1884 2645 1403 3659 4961 -1 3245 4880 2340 755 262 1039
1786 3148 -1 2225 1289 1731 294 1090 1816 425 4784 3874 3768 5044 1622 5078 -1 4437 3152 4017 89 4776 1318 62 4906 -1 -1 611 4515 3698 2981 4488 2802 2808 2466 2470 -1 1971 1297 4323 2986 2353 -1 1271 301 -1 2973 3466 4751 4241 2357 3287 1902 3739 4623 4654 -1 1217 -1 2709 -1 4991 -1
4464 2809 1322 1382 -1 -1 144 2158 2519 1343 112 -1 -1 208 -1 2783 -1 3085 1608 -1 171 4255 -1 -1 2511 4658 4355 -1 4920 4643 2084 2120 -1 -1 3133 4064 -1 2532 3695 3164 4492 -1 1799 4487 4536 2569 -1 -1 3961 -1 4760 -1 5062 784 1947 1571 3064 4904 2050 4325 1168 1912 4488
-1 4663 4187 -1 5103 1059 1630 706 2121 4008 -1 3031 -1 -1 3475 4467 4447 2647 3943 4229 4294 827 1143 2083 2404 -1 -1 1491 35 3907 4973 3970 2451 3977 3055 2105 3941 3409 -1 -1 3512 -1 -1 2555 1230 2823 4323 1100 -1 4539 977 -1 1809 -1 1498 2471 1834 2722 2750 2396 -1 1209 4797
3988 152 4132 3967 -1 -1 782 -1 4228 3614 2991 -1 -1 2542 -1 -1 4214 272 1073 4004 4543 683 923 -1 -1 3530 -1 -1 156 1304 -1 5288 4425 5098 -1 875 4722 -1 2676 -1 1494 -1 699 4751 506 3577 634 2362 67 3923 1967 4859 3737 1477 763 2087 -1 1265 4305 4432 -1 2524 4599
2689 3964 -1 526 4422 -1 3768 4986 846 -1 -1 1475 1916 1477 -1 4766 4464 3607 4712 -1 7 2929 -1 4376 2955 -1 -1 5132 -1 364 780 1617 3004 -1 -1 -1 3176 -1 -1 1379 -1 -1 -1 450 2203 3474 4468 2365 2566 3067 1632 4994 201 -1 4821 -1 -1 1295 162 4635 2823 5193 1145
-1 540 3692 5284 3917 -1 3183 -1 3486 3208 4905 -1 2750 3164 -1 4787 64 4146 97 -1 2478 703 1543 1991 1402 3810 -1 -1 -1 -1 4984 -1 -1 -1 110 1565 4469 -1 -1 -1 415 3299 -1 270 1433 3417 1258 2426 1049 4420 3543 1794 -1 2573 420 1171 3352 4912 -1 507 1954 -1 -1
-1 687 2241 -1 1789 284 3527 2866 2406 -1 -1 4125 3209 4950 -1 1307 3743 2976 2222 -1 787 2222 960 3917 1995 -1 1229 -1 4594 3877 5273 -1 -1 2235 1222 2529 -1 3446 5012 -1 1587 1101 3206 1837 3369 -1 3808 382 -1 4005 4196 -1 3218 -1 2264 5089 1479 -1 1071 -1 -1 1886 4300
3926 793 1621 3385 4060 769 3841 4470 5078 5071 -1 906 -1 -1 -1 2084 1345 5048 4867 -1 1916 4118 -1 -1 -1 3105 10 2824 -1 3606 4391 -1 70 -1 3266 4931 4972 787 812 -1 2945 1137 -1 -1 1739 2023 -1 1030 5241 1005 542 3038 -1 4297 2883 -1 5153 900 2051 4627 2883 1613 -1
1230 2296 -1 833 4061 1043 -1 -1 4927 425 469 4559 -1 1218 -1 1409 129 2270 1864 3752 -1 3011 4831 3061 753 1002 4977 5017 1217 295 -1 4608 1080 2924 2081 500 -1 3032 107 1326 3798 1835 1165 4804 -1 4428 2092 -1 2647 774 -1 3393 -1 2239 5114 -1 4198 -1 4505 678 1788 -1 2651
-1 3537 -1 4926 4705 4380 2714 1554 3009 3688 -1 918 -1 4525 765 518 -1 1132 -1 -1 2986 -1 686 1256 -1 -1 1986 2893 1124 -1 3145 828 3988 -1 844 1190 -1 4426 3938 2105 691 1802 -1 1472 3420 -1 4814 -1 580 -1 4631 -1 3325 -1 3355 -1 998 3982 3421 3189 -1 4504 2833
1864 1978 2791 2038 323 -1 -1 3281 4802 -1 3955 5174 -1 1662 -1 4743 2111 1995 2227 -1 2922 -1 -1 907 -1 -1 2992 2241 2086 4129 1004 2472 19 -1 1747 -1 -1 -1 2519 3774 -1 1163 1545 4965 1608 -1 3985 1171 2821 3849 934 2559 -1 2434 1169 4055 2628 4471 2766 58 4170 2709 -1
108 4832 -1 3170 168 2795 -1 1284 2276 1155 -1 214 4740 4948 6 2931 5246 840 -1 3291 3459 -1 2400 -1 305 4327 3127 -1 2441 -1 840 2303 1507 -1 1819 2983 542 2784 2287 -1 4454 3099 2163 1722 3877 -1 756 3155 15 2801 4807 237 1720 4438 2138 3249 77 -1 4984 -1 -1 5074 -1
2935 -1 2517 3797 -1 3237 2479 -1 5278 1821 -1 1117 -1 4858 3860 -1 2920 -1 1327 -1 3440 4803 3772 2198 3890 -1 1568 1083 2627 3038 3170 3675 21 3804 5031 4861 4856 -1 -1 4615 1682 -1 704 2142 2152 4438 3622 -1 -1 3465 529 1185 -1 390 126 5167 1545 4386 3431 1885 3935 4760 -1
-1 4497 4237 1527 1284 3549 1786 -1 3887 4799 1952 3611 73 -1 468 3645 3318 663 2588 -1 2060 3296 1593 -1 3931 770 1022 5182 2729 -1 2480 4652 3339 1040 292 2166 -1 836 -1 3307 4075 2846 706 5234 3479 5181 1552 2959 3617 1206 -1 -1 -1 3809 3047 -1 2734 37 -1 4754 3719 1105 521
3697 509 673 -1 1751 4669 1761 -1 -1 -1 865 4811 4234 3570 1693 -1 776 2017 3385 2761 285 1639 1910 -1 3744 398 836 2125 2755 4555 3343 1181 4442 1686 1484 169 5232 690 872 -1 4349 4257 4700 646 839 3879 3522 1618 1290 -1 1774 -1 1617 334 3486 1578 403 -1 50 4911 4961 895 4308
3133 3963 1463 -1 541 2845 3041 -1 2712 -1 2735 5108 1611 -1 -1 4394 1335 1208 1845 3041 3981 3898 -1 3323 4569 4377 2712 1620 3273 2329 2756 617 -1 1374 2941 993 -1 385 3979 1883 5210 -1 4919 3065 3743 1485 -1 2131 563 3732 -1 -1 2558 721 4021 -1 -1 723 4587 2227 5111 1268 -1
2552 4252 689 -1 188 -1 799 -1 764 -1 3372 -1 -1 1474 -1 2494 -1 5104 3380 -1 -1 1853 -1 4282 4158 -1 1704 4498 -1 1318 633 -1 3722 3840 19 3200 4292 4341 2942 -1 3002 2278 5138 2978 4440 1244 3501 2570 -1 -1 692 2058 -1 294 -1 2477 2175 1539 -1 863 -1 -1 1192
4463 3997 2623 4466 4716 3790 4197 2795 2033 5010 2473 2248 714 -1 3903 4337 262 628 -1 -1 4011 3163 1503 -1 1098 -1 2351 4636 2781 5180 654 -1 -1 2977 2380 4487 699 3265 4540 -1 2098 5059 1889 4253 4532 3526 1108 -1 -1 1791 3269 -1 4368 3972 -1 -1 4907 -1 4641 -1 1459 1845 526
-1 2093 2855 3397 -1 511 2942 766 4018 1947 4357 2126 4114 4833 1448 53 2918 3186 872 418 -1 668 -1 2689 -1 3884 1607 3804 3884 -1 3642 1224 4786 616 -1 1469 1268 3453 700 3522 4187 1542 582 3016 4930 5275 332 4919 120 10 -1 5030 4146 -1 1611 4755 -1 474 5229 4185 4032 3700 689
-1 3374 3599 4205 -1 3606 2629 -1 1075 1827 2736 3147 5206 -1 1475 2748 1754 4370 -1 -1 1168 -1 4924 2985 2049 -1 4084 4525 -1 -1 763 1289 -1 659 477 -1 2318 941 -1 2115 2828 951 1005 927 5179 2625 3753 -1 3802 2677 3252 2676 5157 3267 2055 834 2301 1452 379 1 1040 671 1535
2556 950 3851 2566 -1 -1 -1 4532 1886 2950 5201 2858 -1 -1 1500 2287 3576 2218 2670 -1 3776 -1 3480 -1 961 -1 276 -1 915 1137 -1 3376 -1 3037 -1 656 4635 4245 -1 4757 -1 1949 2460 2545 2732 4582 695 -1 5091 4573 215 -1 3221 -1 2611 2300 -1 913 -1 5143 4472 841 2167
-1 -1 -1 3805 888 5102 5203 3343 1943 2323 -1 1823 4401 3207 1850 -1 -1 -1 1593 3584 3678 -1 250 -1 941 -1 -1 3198 -1 3477 3616 2147 4502 62 3133 -1 -1 3949 2334 -1 2399 -1 -1 1123 204 395 2806 3141 -1 2606 2362 -1 3587 3259 -1 5204 1785 4055 -1 1038 140 5110 4940
-1 4958 4490 -1 4246 455 1107 593 3829 161 1323 -1 2076 3203 -1 2631 -1 2244 776 3482 1986 3318 3200 -1 -1 2057 2374 1074 4867 2611 30 1678 -1 -1 416 1251 2954 274 1078 -1 2793 1274 5165 3671 665 5270 2517 -1 3496 440 119 4824 2296 176 -1 1655 3438 3258 3074 3239 110 3009 1360
1619 -1 1431 -1 499 2589 2983 -1 1902 1431 -1 1655 -1 538 2507 4810 3232 4587 1778 -1 4165 2389 -1 849 -1 4428 105 2014 4492 365 2163 1046 3617 3012 -1 2424 3018 -1 1181 2906 224 52 3524 746 818 835 -1 2139 -1 915 4908 456 -1 4821 2913 4540 5143 4389 92 4867 9 -1 4108
38 46
81 19
