29 124
-1 547 22 1098 2376 2371 2511 -1 1557 842 932 1109 2638 629 1808 2118 1387 2394 2923 976 1356 -1 2553 1677 2807 -1 397 1998 1790 146 3134 2651 -1 2313 2758 1158 3416 2035 2086 1809 1661 1505 -1 533 2333 1555 928 3501 1358 -1 1482 -1 -1 -1 1176 3486 1279 98 1699 3302 -1 -1 1837 669 1531 1741 3418 236 -1 2953 1558 729 324 -1 -1 1078 954 -1 104 1273 3318 -1 -1 456 31 365 1061 55 1752 935 357 2207 1875 -1 2407 2693 251 740 3236 1839 2526 451 1154 1368 2116 1192 -1 782 42 2747 1472 928 -1 2532 1767 -1 434 467 2593 -1 -1 3011 682 2782
-1 2083 -1 1099 1284 2290 518 1622 2440 2594 3540 2180 2163 2360 1289 896 2553 512 -1 238 3143 3493 1480 974 1226 569 2120 3123 1540 2771 -1 2639 -1 -1 2204 2224 3356 -1 1510 3285 3054 682 -1 2529 1006 1522 1441 -1 -1 539 -1 662 1663 804 1354 -1 1732 25 2638 2786 667 -1 621 1216 3381 1085 1545 3547 1014 2645 96 3170 -1 1398 -1 1961 2585 3308 2198 749 3586 319 -1 -1 3587 1244 1412 1218 3198 2972 3175 780 -1 2285 398 3299 2543 3 727 245 1601 -1 1483 1289 199 430 1760 -1 855 1584 2873 865 1594 3118 -1 2079 2758 3430 2061 1474 1290 -1 3069 -1
1589 487 423 2348 662 1396 3559 3467 189 703 2686 1784 -1 2018 3525 1381 2120 1272 39 -1 1992 -1 2049 -1 2861 2890 3313 894 2478 3161 1651 -1 623 1190 1514 140 1788 268 443 -1 230 3215 108 1557 -1 -1 1014 -1 3259 2611 2924 3123 1761 2950 -1 1249 3497 51 1701 82 3296 3116 2345 1300 -1 2211 822 800 966 1556 3420 1217 3567 917 2839 3163 2455 1574 2824 3009 1827 -1 1258 1038 2078 2447 682 1692 3554 3576 2599 2530 3354 1836 2535 -1 1775 1629 1661 1882 1003 823 3491 2539 2329 1423 1111 -1 771 1319 1875 1042 723 823 1532 1061 1026 2299 2157 1630 193 812 1623 2337
379 2485 1169 3028 3061 1908 3584 3057 -1 3515 810 2724 1843 714 1253 203 2594 -1 1505 -1 4 49 1865 2110 3135 3449 1835 2678 3124 331 2723 2833 286 2113 3377 1386 3349 25 2598 1295 3525 2450 2242 1042 1031 -1 2934 447 2597 -1 689 2485 3018 2516 2726 2273 302 2202 -1 1239 55 2432 -1 61 895 1438 518 2811 1928 2071 2284 2028 1099 1322 3490 3310 3210 2578 1615 2268 -1 590 284 1959 2243 284 -1 989 -1 1085 3083 3007 -1 2707 2081 3022 1406 2596 -1 3594 1578 3013 2230 1187 2422 887 -1 1791 2764 1397 352 154 1997 3468 237 955 2298 2274 -1 2759 2542 880 3324 -1
1394 2278 1616 2835 1151 2892 2672 2852 1582 685 102 -1 -1 2621 3208 168 1131 2705 1432 -1 3508 2021 2824 -1 3290 2992 -1 -1 -1 3071 341 2943 3527 1380 212 2059 -1 -1 2536 119 109 1864 1380 388 1066 52 2530 237 -1 3423 432 3025 118 1043 76 2265 574 790 -1 -1 2286 184 2781 914 280 -1 838 -1 -1 126 3224 437 1044 2560 1339 2832 3012 1303 869 2900 -1 -1 3134 -1 2521 -1 1257 -1 -1 1518 784 3018 3582 1549 151 -1 2247 2477 3029 2175 3413 964 1287 -1 1413 1496 1111 -1 3517 1795 1928 1846 -1 2455 789 1663 3237 739 -1 3494 3326 871 2002 657
3498 936 2361 -1 1398 3095 1005 1705 1148 1306 2562 -1 2839 1654 2921 1057 539 2581 -1 2020 1893 2023 -1 2783 1911 1545 323 2535 816 1913 3070 -1 80 2022 245 -1 2547 1108 695 -1 254 1517 -1 402 2278 1857 1931 -1 55 705 1216 46 1232 1918 873 622 2707 3059 -1 2435 1242 -1 780 2173 953 -1 2710 1534 777 2761 -1 3064 2588 1472 -1 -1 1395 2642 474 -1 3292 2256 3086 -1 1038 2439 631 -1 2021 1566 820 2066 3436 -1 2430 452 3139 -1 -1 1934 2675 442 -1 2910 2749 -1 -1 -1 -1 2364 2910 2225 696 292 3348 3294 3366 2284 2073 2151 3096 1763 -1 2772
1187 3460 2201 -1 3443 3299 2349 1505 1766 2794 2742 2496 2225 1401 2731 588 1054 3239 -1 -1 3572 3121 402 641 1102 -1 841 295 77 2783 1441 2267 829 421 1705 -1 2561 3267 612 3298 1260 3205 983 -1 -1 -1 -1 690 1441 -1 2647 610 -1 1125 187 1743 -1 1457 -1 464 -1 -1 1717 3085 2379 -1 2354 3385 419 3582 598 -1 3005 -1 1551 -1 -1 2932 -1 686 3534 -1 -1 1503 1978 2547 2084 3308 -1 1367 -1 2502 -1 -1 2598 604 3093 2463 1514 410 1438 3008 3468 2029 2723 2030 263 -1 3263 1522 860 1439 2264 2452 -1 3425 -1 2348 2246 339 1897 1252 651 -1
2899 3328 3086 267 1484 3098 1529 1861 -1 3479 1831 1746 -1 835 2507 730 868 -1 1594 2473 431 -1 1160 1791 3314 1354 3490 569 2726 3214 3320 348 2427 2109 -1 2210 3446 2630 1210 657 1312 -1 2518 1350 3551 -1 2091 -1 2797 -1 3165 -1 -1 2211 -1 704 2304 1147 1808 3491 2010 2273 1310 -1 -1 607 -1 -1 -1 2576 2055 2428 78 1777 -1 1287 696 3439 848 2556 470 2631 971 2453 -1 942 -1 1656 2303 1510 -1 2293 448 1259 441 3142 1113 2210 34 3045 -1 1861 528 1632 2021 380 3450 1561 -1 2077 2607 312 1174 1749 1187 2710 990 651 649 1610 676 -1 3527 1597
1172 2657 2839 972 599 2751 1016 2776 2506 2478 1365 203 -1 950 1200 -1 2544 1511 2678 3060 -1 2094 979 2715 1063 556 -1 2209 2339 -1 2545 281 832 1258 -1 2459 1115 2001 391 3171 812 119 -1 3149 1788 1119 1027 -1 2385 -1 1930 843 -1 2908 798 400 625 -1 2251 1845 3344 793 3562 2981 1075 38 1305 3129 1755 770 2258 1783 342 476 -1 1714 2886 2128 2127 2249 1017 110 3477 0 2642 1174 1926 1828 2271 32 315 2591 2133 2828 3335 2434 3340 3224 2098 1008 3457 -1 -1 3560 3423 1143 -1 -1 775 440 2063 2262 3571 2552 1284 -1 -1 897 236 464 2721 2766 -1 659
3037 -1 376 1540 1961 102 -1 741 385 2453 1637 2749 -1 3578 -1 1548 2541 3333 2923 3161 3394 2751 955 606 2780 3530 -1 878 1633 116 -1 3204 930 509 2113 3523 1839 -1 1132 2350 2395 1503 2942 1436 1982 3214 3342 357 2290 3416 -1 -1 276 3248 -1 527 523 2020 2182 67 -1 -1 472 913 112 1845 2939 3538 -1 2646 289 2545 930 592 -1 3595 2637 1783 -1 1420 1216 -1 562 3585 -1 1644 1425 3420 1950 2002 1181 1746 1873 -1 775 977 1371 -1 -1 2932 2850 486 750 1080 1761 2952 777 3369 -1 1058 1784 3406 1444 -1 1439 1440 1930 571 609 412 -1 2104 1223 1994
561 725 2674 3191 2114 2458 2061 2264 3199 1806 1906 3240 3287 2730 169 2669 1620 1000 819 2263 976 1851 1860 3589 2332 3177 -1 547 2561 1286 354 -1 -1 772 790 1122 781 2937 2289 1166 2052 1005 1242 513 283 273 2094 3131 -1 -1 -1 798 222 3144 -1 1477 2287 3220 3448 1277 2829 1986 273 210 294 867 908 2546 1048 -1 2277 -1 3329 820 2169 3429 3276 2111 -1 2523 283 -1 -1 2174 1901 -1 -1 -1 -1 1917 1583 1269 668 3254 -1 2554 -1 1615 1309 2638 -1 1149 745 -1 -1 2710 -1 872 2086 1559 44 2405 2931 -1 -1 1806 -1 2149 -1 -1 -1 -1 2721 207
1648 1884 1439 2127 2348 3567 540 159 1274 -1 2799 3261 1217 95 628 2897 1130 2944 -1 -1 2451 1471 3566 960 950 2566 3235 242 1854 884 2398 563 93 -1 1025 -1 1817 1244 1242 604 792 1651 1928 1795 2126 2077 3144 -1 -1 2258 2635 -1 423 33 3274 1811 579 1853 3207 2320 279 3339 2665 1789 1783 -1 1225 2112 -1 1051 401 3559 3561 549 2787 -1 1783 1364 2279 3244 1614 3040 -1 2454 -1 483 2699 1253 3059 3092 2570 -1 -1 195 1296 1040 713 -1 1640 1180 1114 1579 1712 2390 -1 -1 2027 1139 -1 243 3565 1299 1788 -1 -1 1577 2943 2060 3435 319 374 -1 -1 2165
1077 -1 2290 3445 2223 1968 1173 2679 1039 688 1195 1353 3399 -1 -1 1991 430 2635 2317 2438 1627 1640 881 1736 1881 3423 67 3578 -1 -1 197 2716 787 140 2824 482 -1 2327 606 913 1021 408 2286 3082 621 2559 1118 2576 2946 2649 2589 -1 -1 2714 162 -1 1772 1008 2965 2522 3040 1855 1954 3110 1039 459 1798 -1 372 2461 1593 1329 1518 3037 2184 3085 -1 194 1621 921 2178 2260 543 -1 1130 1510 644 -1 3280 3279 -1 2967 3101 617 1903 -1 -1 2272 1840 2537 -1 2273 3341 31 2824 -1 3060 -1 -1 2242 565 1851 661 2164 514 2137 93 2239 1949 1364 2449 -1 2019 1537
-1 3069 2093 1196 1605 -1 3329 2838 1228 80 3214 3394 -1 2431 2916 250 344 -1 819 2194 2723 781 -1 3288 -1 2149 415 3032 -1 3397 910 1010 -1 2633 1371 899 -1 42 -1 -1 2065 -1 1494 2617 1658 1317 3331 983 1802 1957 971 157 716 1262 -1 3387 1526 2684 1391 -1 418 -1 2017 3494 -1 -1 2212 1580 -1 3449 -1 2574 753 -1 1169 -1 -1 2455 992 2256 433 2460 -1 3579 -1 3115 1087 1786 335 358 115 2355 2508 3197 2371 3435 3321 1391 532 3000 -1 1895 2223 3018 -1 1616 1095 3270 2537 1834 787 -1 676 3459 2022 2865 -1 3141 1213 2029 -1 2804 1026 -1
1338 -1 -1 2657 2072 -1 1854 2775 2276 1707 3048 -1 2413 3562 3121 1594 382 1425 2487 2718 3075 831 2453 705 2058 1091 1868 399 1267 3282 871 2102 -1 2708 2205 1017 1498 3502 3417 705 1464 317 3271 673 2465 -1 -1 541 1589 3144 1576 2130 637 2302 441 -1 126 -1 1651 -1 -1 2109 161 103 377 3443 2629 597 2395 271 3100 -1 2921 1683 2735 3259 3483 1057 -1 1297 2394 2546 -1 678 3562 1914 131 2498 3163 2273 1464 1329 1519 1553 1297 3550 2174 -1 1171 273 -1 -1 -1 2536 1797 2804 2028 -1 441 2481 -1 2002 -1 1875 630 -1 -1 468 2844 183 -1 281 2113 -1
3499 1154 227 -1 2 -1 3059 -1 2318 -1 3295 1129 42 1885 -1 -1 3551 -1 2119 3376 -1 627 2569 -1 2361 2499 865 1420 1703 226 -1 1247 -1 3219 529 -1 1479 1216 1121 1937 1918 1281 1302 -1 -1 2638 777 2772 3088 2938 3578 -1 76 1512 3184 1022 2675 2123 -1 2026 -1 -1 593 830 -1 1639 -1 1568 1098 1390 1624 3033 1949 1063 3455 3217 595 1004 125 413 3433 1316 764 2182 3296 -1 -1 78 -1 1303 2701 1210 121 1395 1183 -1 1238 3433 3454 -1 1413 1651 818 176 1025 -1 3039 1348 -1 485 2006 -1 1018 505 -1 569 764 -1 2419 3404 1821 -1 2523 935
-1 1461 2438 1829 424 2117 -1 755 -1 792 559 1616 1557 2695 3282 1100 -1 257 1824 2723 1307 -1 -1 3395 2143 539 2994 699 -1 -1 135 3334 -1 135 667 1334 1181 1376 -1 897 650 1234 1442 1323 3578 747 -1 3545 545 2419 363 3283 2542 -1 -1 2936 1895 -1 844 3246 659 369 3283 3264 2532 -1 -1 1623 2160 -1 1418 1282 -1 3246 520 3313 108 44 3419 1267 3228 2221 -1 2217 994 -1 3214 1145 2510 452 1716 62 446 3467 1738 1688 2021 1483 2525 3022 865 -1 1471 389 535 1846 76 638 2610 572 723 -1 1045 1424 3504 2798 1402 440 -1 2809 -1 -1 112 2395
872 -1 3219 -1 3179 599 1531 -1 1327 2295 2270 -1 3525 -1 747 1129 260 2785 1038 -1 77 -1 1381 2538 1038 3105 3303 379 3498 768 -1 396 1677 270 -1 -1 1773 2991 920 74 452 1409 -1 -1 -1 108 1068 3566 -1 -1 2906 1821 3402 3081 2002 -1 1955 -1 2630 2775 1690 2561 1009 515 14 1204 3238 2940 130 -1 93 647 1810 848 772 2776 3348 2154 853 521 2166 2377 2039 2673 -1 1776 1381 1583 1392 718 1075 1924 3037 -1 79 2972 3007 2729 -1 1778 499 3161 -1 1943 2698 -1 1789 -1 276 244 2450 -1 -1 1663 1960 2771 1071 887 2522 -1 -1 2891 2074 1468
-1 1384 1766 879 1733 1998 2466 551 3173 2079 -1 -1 -1 1202 -1 907 1135 -1 -1 -1 1349 3146 380 1009 2518 1505 1610 986 -1 1166 -1 2951 2987 3108 2460 -1 2956 316 3425 2665 81 2081 1021 804 3394 2019 -1 451 -1 -1 913 552 2254 1975 -1 -1 834 2442 3456 2100 2311 1559 3517 -1 2325 554 1263 23 853 2842 2088 1626 858 -1 2717 2797 1757 1982 2649 -1 1519 -1 -1 -1 2711 79 1081 3375 1326 -1 3373 1775 -1 2825 -1 1117 -1 1944 691 -1 22 567 441 334 1018 2830 2257 1712 546 453 -1 -1 226 362 1929 3342 2507 2566 -1 3072 1486 1982 759 1869
3208 -1 -1 3410 -1 397 740 1904 3040 -1 -1 323 -1 3368 2678 -1 1267 690 936 373 -1 1232 319 -1 1549 536 1098 2876 -1 1471 93 455 1042 3259 1874 -1 2787 2190 -1 -1 650 -1 1562 919 -1 1254 2470 349 1775 -1 2923 2589 452 -1 970 898 -1 -1 2639 3355 2697 -1 2031 752 961 -1 -1 -1 -1 2388 1849 1763 -1 1469 1381 -1 -1 1547 -1 1135 3560 2873 1117 794 788 1891 2210 -1 431 3161 -1 1658 -1 1928 2976 3381 955 2084 -1 3133 2281 -1 555 1594 1786 -1 426 2927 -1 869 1161 3041 173 -1 3379 3404 3519 259 64 -1 3024 784 -1 1459
-1 3082 235 2420 46 -1 87 -1 3582 3230 2264 1509 2456 714 -1 1889 1388 2953 1594 1682 2640 -1 1664 -1 1016 280 3252 1577 -1 1422 1543 1741 2085 -1 3276 1914 2566 592 1458 3090 3228 1274 2353 3504 -1 1529 2411 807 2458 45 637 2809 2151 2558 2315 3565 2507 3418 1045 252 1310 -1 -1 1031 1903 -1 2681 766 3038 3506 3386 3590 991 180 677 2996 3144 2400 928 3462 1321 -1 -1 3242 -1 1496 2149 -1 898 -1 3009 2112 -1 1852 2014 1598 3432 349 1086 901 3103 3588 245 2517 1157 -1 1964 2368 899 2731 3422 2680 1364 1328 1343 651 -1 3043 -1 1306 3111 2858 -1 2911
9 1120 -1 601 -1 2292 2881 2735 712 2584 -1 2379 115 2624 2298 -1 1315 2125 246 1919 -1 3488 2767 2557 3531 2962 1380 -1 1938 2122 -1 3447 1968 -1 2340 2203 3035 1265 2125 746 2983 96 3053 -1 3526 514 -1 1137 2942 1223 -1 1868 791 -1 -1 1685 -1 2986 2202 177 18 444 3095 1355 2728 876 2229 3045 183 3386 954 2508 3324 99 1341 2969 1521 2082 1970 490 3506 718 2819 -1 1030 494 851 2521 2481 3154 365 -1 2519 1471 3547 664 -1 -1 3193 3270 2466 -1 -1 1551 -1 359 1155 1862 1236 3192 1797 -1 541 -1 446 948 1113 667 782 -1 -1 568 3400 2097
-1 -1 3086 1824 644 2515 2373 2557 -1 1334 1776 1550 3576 -1 3588 -1 152 -1 1135 2358 3391 192 3188 1452 18 -1 3110 3354 -1 1833 544 3253 -1 -1 3189 967 -1 -1 813 -1 1116 934 2444 1838 2621 1159 -1 1771 2834 3352 1795 27 2340 253 2801 3041 778 2365 94 2385 100 399 -1 -1 713 1718 230 -1 600 -1 770 2433 3332 2500 1287 -1 -1 -1 3206 -1 527 478 -1 2679 -1 -1 779 3116 1669 668 3222 1279 -1 132 -1 -1 572 1257 2115 2609 1467 3516 3169 -1 2260 -1 1267 1380 1064 -1 -1 1348 2975 -1 2601 742 1703 1668 1598 1240 -1 1472 741 1234
1290 359 2279 2259 1895 3537 2478 1444 -1 -1 3521 2739 2844 700 1801 582 2739 -1 2635 2440 549 3509 2317 -1 1711 2085 885 997 2658 2359 136 259 224 936 -1 442 -1 -1 2985 3423 2832 2760 -1 2840 -1 3389 1489 86 2998 2110 187 3471 -1 1415 735 -1 1911 3502 793 3507 -1 3314 1851 2620 2477 -1 3584 3228 -1 1349 3367 -1 2961 1906 3125 -1 1628 2355 3058 2176 -1 2033 -1 467 1577 1272 897 3092 1047 2689 3210 973 3573 1361 553 3049 2940 371 -1 926 2362 2401 -1 724 3446 -1 1507 765 1267 1575 2647 -1 1406 1220 2536 2124 226 3136 1647 434 604 25 -1 -1
2753 3188 925 2328 2509 44 2837 -1 3433 -1 1945 1945 -1 1746 535 3141 2777 2349 2498 1083 3492 194 3248 325 551 2536 -1 732 1181 932 1248 2346 2218 1906 1178 2750 599 1644 1655 1737 3281 -1 1262 -1 448 828 1201 1094 749 1236 552 1326 -1 176 63 1445 1468 3101 3110 900 -1 2916 1479 1211 -1 1730 210 1538 3294 903 2014 -1 -1 1219 3424 1441 2486 257 2069 1821 1267 -1 -1 2255 1989 2929 -1 2858 -1 1409 913 -1 -1 1977 808 -1 -1 -1 278 3432 1037 65 3414 -1 2107 552 369 3104 2514 682 1174 2117 3154 2409 2684 -1 -1 1434 409 581 3496 1596 1561 2784
705 2180 1498 1053 -1 -1 3032 1342 2393 3116 3161 714 734 1656 708 3433 2123 2674 2771 1446 3018 2534 -1 -1 738 614 2844 -1 1534 3457 3214 1589 2245 2293 3317 1511 1296 2978 -1 1338 2332 1380 1750 -1 -1 -1 1528 -1 -1 1939 1479 -1 2374 2181 -1 1231 1261 1469 1508 918 -1 323 2508 3204 2462 -1 3315 2991 16 -1 1509 -1 1435 2644 3050 1553 1100 3421 669 -1 274 1171 -1 180 1941 78 940 2144 -1 3249 1720 -1 3512 3192 1222 -1 -1 3135 1372 1176 3547 -1 3537 3361 1125 3585 1599 1037 1321 970 1932 2045 3148 2270 2320 2712 1450 1038 3068 3088 1096 307 -1 2090
-1 656 -1 868 2419 -1 1474 544 -1 549 2074 23 2323 -1 3589 -1 2835 3348 -1 2378 25 -1 3427 456 -1 2813 -1 772 2617 1416 2790 2193 2159 1342 646 583 2779 3371 1677 3006 3346 1234 1885 -1 3069 -1 367 320 2688 483 1167 3516 896 1630 -1 698 -1 2393 2284 1181 2929 660 1325 -1 -1 3139 -1 1652 1908 29 -1 855 48 2134 3394 1455 379 1082 -1 41 2313 1049 2152 3027 -1 444 2088 2436 -1 1143 3559 -1 1808 -1 1647 2988 3116 2858 537 1093 304 3534 1434 840 2712 3 2337 419 2429 -1 11 -1 -1 1296 2413 2083 -1 -1 1334 -1 660 -1 -1 3104
1558 3495 322 139 1339 -1 1227 1600 3338 -1 1624 1101 314 666 1351 1667 2183 86 1517 1014 2607 2052 -1 2289 2659 -1 2166 2430 3305 1920 1680 1524 1259 1542 1517 921 2636 371 1855 2037 2781 1662 2933 184 1936 -1 1131 2244 3225 3289 935 3106 3120 839 456 3467 2987 -1 1021 213 -1 -1 1011 401 275 -1 2966 144 647 2611 -1 -1 1296 -1 -1 3106 251 -1 3151 1778 322 2768 3292 1768 2353 3524 2026 1105 2984 3277 -1 1529 -1 -1 2676 2036 2445 2636 3519 3179 940 3241 2878 2914 3562 -1 -1 2881 1811 3416 -1 3035 -1 2254 3386 -1 -1 3176 -1 3151 2213 1277 2072 1839
-1 1851 -1 3249 3578 2446 1214 2570 1650 2465 2354 -1 311 -1 2739 -1 2750 3196 1673 -1 1968 2416 2993 2191 777 2463 3470 741 1753 1817 3117 1904 2133 1720 1487 660 1045 3382 -1 845 724 535 330 26 -1 2086 -1 1441 1702 863 1128 349 454 1927 799 3002 3141 1649 1583 2643 2669 3067 868 1582 2617 55 113 2195 700 2741 3114 1533 1139 157 589 609 -1 736 -1 -1 820 2781 1824 661 2752 -1 1994 1642 809 3010 3306 1767 1250 -1 117 2806 468 1935 2451 1653 1174 3340 -1 2531 219 1065 -1 216 2440 2028 950 3334 -1 980 1630 -1 2207 366 1156 -1 1821 -1 1298 1968
9 77
10 53
