13513 343
11 11 4 117 20 12 72 19 6 2 29 28 2 41 96 47 5 14 15 68 65 25 35 5 31 170 11 20 22 32 22 36 88 63 63 40 12 30 248 16 48 1 17 20 12 55 121 55 25 5 30 24 2 26 32 34 5 76 8 3 50 5 6 305 50 40 35 32 37 37 40 14 5 12 8 41 9 22 7 4 26 41 36 99 23 5 13 3 38 7 58 22 28 42 52 26 136 25 123 18 14 5 11 67 56 72 37 32 2 13 107 14 2 5 38 148 74 47 30 26 147 77 7 169 4 14 13 13 33 6 13 104 43 34 2 4 9 22 8 90 109 29 31 97 11 6 82 2 105 3 39 17 12 24 107 12 61 5 31 9 9 26 8 9 7 22 73 16 21 9 2 54 100 51 43 34 64 9 67 33 2 28 54 28 28 101 8 1 55 6 138 1 45 47 21 75 24 93 1 5 57 1 39 35 90 6 2 25 1 63 36 3 35 35 9 28 2 2 29 57 96 215 83 65 118 5 39 14 6 141 2 11 10 11 12 15 8 27 13 119 3 50 2 36 9 2 10 33 17 75 30 111 63 49 48 85 26 29 14 21 14 29 22 24 21 5 16 27 111 57 4 199 49 8 22 3 26 10 65 28 58 27 35 25 50 169 40 67 46 4 114 1 77 7 46 21 57 11 61 21 107 19 15 15 124 24 97 139 25 8 62 96 7 27 61 10 102 49 5 75 11 34 56 89 158 20 11 33 22 7 15 31 57 1 27 31 4 27 5 103 45 1 49
12051
1
3
5
6
7
9
10
10
11
11
11
13
16
16
17
19
20
20
21
21
21
22
23
23
23
24
26
27
30
31
32
37
38
41
41
42
43
44
45
45
47
49
50
51
52
52
55
57
59
60
61
65
65
66
70
71
72
74
74
75
77
82
82
85
89
89
92
97
99
99
104
105
106
108
109
109
110
111
114
115
119
121
121
122
122
123
123
126
128
135
136
137
137
141
142
142
142
144
145
145
145
147
148
148
148
149
153
154
154
154
154
157
157
157
158
158
159
159
161
161
161
164
168
169
170
170
171
172
172
172
172
174
175
176
178
179
179
180
180
180
183
186
187
188
188
189
191
191
192
192
194
194
196
198
199
201
202
203
203
204
206
206
206
207
207
209
210
212
212
213
213
213
214
215
216
219
219
219
220
221
221
223
226
228
229
230
230
230
231
231
231
237
238
239
240
240
243
243
244
246
246
247
247
247
247
250
251
251
252
253
256
258
261
261
261
262
262
262
263
263
264
265
265
265
266
268
269
274
274
278
279
279
281
283
284
286
290
292
293
293
294
294
294
295
296
301
303
304
306
309
310
311
312
315
317
317
317
319
319
319
320
321
321
324
324
326
326
327
329
329
334
335
337
337
337
338
340
342
342
344
345
345
350
353
354
358
358
359
359
362
365
367
369
370
371
372
373
374
374
375
376
377
382
383
384
386
386
388
388
389
390
391
394
394
394
398
399
400
401
402
403
405
407
408
408
408
409
410
410
410
411
412
414
417
418
418
418
419
419
420
422
425
426
426
427
431
433
435
435
436
437
437
440
441
441
442
443
446
447
448
448
448
449
449
450
452
452
453
453
455
456
457
457
458
458
458
461
461
461
463
463
464
464
464
465
467
468
470
470
475
476
477
477
478
479
481
482
482
482
482
484
485
485
488
488
489
490
491
491
492
493
493
494
495
496
497
500
500
501
503
504
505
506
506
507
508
508
513
514
514
514
515
515
516
517
518
520
520
520
521
523
523
524
524
524
526
527
527
528
528
529
532
534
535
535
536
539
540
542
543
544
546
546
547
548
548
548
548
550
551
551
552
553
554
556
558
560
561
562
563
564
564
566
571
571
571
572
574
575
575
576
579
581
581
582
582
586
587
587
588
588
589
593
595
595
596
597
598
598
598
599
600
601
603
605
606
608
608
612
615
615
616
617
617
618
620
620
621
624
625
625
626
627
627
633
633
634
636
636
637
638
638
638
638
641
641
642
643
644
647
649
650
651
651
651
652
652
656
656
657
658
659
660
660
660
660
661
661
665
667
670
670
671
676
678
678
678
678
678
679
684
689
691
692
697
698
698
699
702
704
704
704
705
709
710
711
711
712
713
713
716
716
716
716
717
719
725
726
729
730
730
730
732
733
735
736
736
737
737
739
745
745
747
747
750
750
751
753
753
754
758
760
760
760
761
761
762
763
763
764
766
767
767
767
768
769
770
771
772
773
773
775
775
776
777
778
778
778
779
779
782
783
784
785
785
785
785
786
788
789
791
792
792
793
796
798
800
800
800
803
805
808
809
810
811
813
816
817
817
817
818
818
821
822
824
825
828
830
830
831
833
834
835
835
835
836
836
840
842
843
844
847
847
847
849
850
850
852
853
854
855
856
859
859
859
859
859
860
861
861
861
862
862
862
863
866
866
866
869
870
871
872
872
873
874
875
876
877
881
883
883
883
888
889
890
891
891
891
893
893
895
895
896
896
896
898
899
899
899
899
900
901
902
902
902
902
905
905
905
906
906
906
908
908
911
912
913
917
917
920
920
921
922
924
925
925
925
927
928
928
928
930
931
931
931
931
931
932
932
932
933
933
935
936
938
940
941
941
943
945
946
946
946
947
949
949
950
950
951
952
954
955
960
962
962
962
962
963
963
963
963
964
964
965
966
966
967
967
968
970
971
971
971
973
974
977
978
978
979
979
980
981
983
983
984
984
987
987
988
988
989
990
990
993
993
993
995
995
996
996
998
1000
1001
1002
1003
1004
1004
1005
1006
1006
1007
1009
1009
1010
1010
1012
1013
1014
1015
1016
1017
1018
1019
1021
1021
1024
1024
1025
1027
1028
1028
1032
1032
1034
1036
1037
1038
1039
1039
1040
1040
1042
1042
1043
1043
1044
1045
1047
1047
1048
1048
1048
1048
1050
1050
1051
1052
1054
1057
1058
1059
1061
1062
1062
1063
1063
1065
1065
1068
1068
1070
1070
1071
1071
1071
1073
1073
1073
1074
1075
1076
1076
1077
1078
1080
1082
1082
1086
1086
1087
1088
1090
1092
1093
1096
1099
1099
1100
1102
1103
1103
1104
1104
1107
1110
1111
1113
1114
1116
1117
1119
1119
1119
1120
1125
1128
1129
1129
1131
1131
1131
1132
1135
1135
1135
1135
1137
1138
1138
1139
1140
1140
1141
1142
1142
1143
1144
1144
1145
1145
1148
1150
1150
1150
1151
1153
1153
1153
1155
1155
1157
1157
1159
1160
1160
1163
1165
1166
1166
1167
1169
1170
1171
1171
1174
1174
1175
1175
1176
1177
1178
1179
1183
1186
1189
1191
1191
1191
1192
1192
1192
1193
1194
1194
1195
1196
1197
1199
1199
1200
1200
1202
1203
1204
1204
1205
1205
1205
1210
1211
1212
1213
1213
1214
1215
1216
1217
1217
1218
1219
1221
1222
1222
1223
1224
1227
1227
1227
1228
1229
1230
1230
1230
1230
1233
1234
1234
1238
1239
1241
1246
1247
1248
1249
1250
1251
1253
1253
1255
1256
1257
1258
1260
1260
1262
1262
1263
1263
1264
1265
1266
1267
1273
1273
1273
1275
1276
1279
1280
1282
1285
1286
1287
1289
1290
1292
1293
1293
1293
1299
1299
1300
1300
1300
1303
1307
1308
1310
1310
1310
1313
1313
1316
1317
1318
1318
1319
1320
1321
1322
1323
1323
1324
1325
1325
1326
1327
1328
1328
1328
1329
1329
1331
1336
1336
1336
1337
1337
1342
1342
1342
1343
1346
1346
1349
1350
1352
1352
1354
1354
1354
1355
1356
1360
1360
1361
1364
1364
1365
1366
1366
1371
1372
1372
1375
1377
1381
1383
1384
1385
1385
1385
1386
1386
1386
1388
1388
1388
1388
1388
1389
1392
1392
1392
1396
1397
1397
1398
1400
1403
1404
1406
1406
1406
1409
1410
1411
1412
1412
1414
1415
1416
1416
1416
1416
1416
1417
1417
1417
1419
1420
1421
1421
1422
1423
1424
1432
1434
1436
1437
1437
1437
1437
1438
1440
1441
1442
1443
1443
1443
1444
1445
1445
1446
1447
1452
1455
1456
1457
1457
1457
1458
1458
1458
1459
1459
1460
1461
1461
1463
1463
1465
1465
1466
1467
1468
1474
1476
1477
1480
1480
1480
1485
1485
1486
1487
1488
1489
1489
1490
1490
1491
1491
1491
1493
1494
1494
1494
1497
1497
1497
1499
1501
1503
1503
1505
1507
1507
1507
1508
1508
1509
1510
1511
1511
1511
1511
1515
1517
1521
1521
1522
1522
1523
1523
1529
1531
1531
1532
1533
1534
1534
1535
1535
1537
1546
1546
1548
1549
1549
1549
1549
1550
1550
1553
1558
1560
1562
1563
1564
1564
1566
1567
1570
1571
1572
1574
1575
1577
1583
1583
1583
1586
1587
1588
1589
1591
1592
1594
1594
1594
1595
1595
1599
1599
1600
1600
1600
1602
1602
1603
1605
1609
1611
1611
1614
1615
1616
1616
1618
1620
1620
1622
1622
1623
1623
1624
1625
1626
1627
1628
1629
1633
1635
1636
1637
1637
1637
1639
1641
1641
1641
1641
1642
1642
1645
1647
1648
1649
1651
1652
1652
1652
1654
1655
1656
1656
1656
1657
1659
1659
1665
1665
1666
1667
1669
1669
1670
1673
1673
1674
1675
1679
1679
1679
1679
1682
1683
1683
1685
1685
1686
1688
1689
1690
1691
1691
1691
1691
1692
1692
1693
1693
1693
1693
1694
1695
1695
1697
1698
1699
1700
1701
1701
1703
1709
1709
1709
1710
1710
1711
1713
1714
1714
1714
1716
1716
1717
1717
1718
1719
1720
1720
1720
1721
1721
1722
1723
1726
1726
1727
1727
1733
1733
1734
1735
1736
1737
1737
1738
1740
1741
1742
1742
1743
1746
1748
1748
1750
1752
1752
1753
1753
1757
1758
1758
1758
1759
1760
1761
1762
1765
1766
1768
1768
1768
1769
1770
1770
1770
1771
1772
1773
1773
1774
1775
1775
1778
1780
1782
1783
1784
1784
1785
1786
1788
1789
1790
1790
1791
1791
1791
1792
1793
1795
1796
1798
1798
1804
1806
1810
1812
1814
1816
1819
1820
1823
1823
1825
1825
1826
1826
1827
1831
1832
1834
1834
1838
1839
1841
1844
1845
1846
1847
1848
1849
1849
1849
1850
1851
1854
1854
1855
1855
1856
1856
1857
1857
1859
1863
1864
1864
1869
1869
1871
1872
1874
1877
1878
1880
1880
1880
1886
1887
1887
1888
1889
1890
1890
1893
1893
1894
1895
1896
1898
1899
1900
1901
1902
1905
1906
1906
1906
1907
1908
1908
1909
1912
1912
1913
1913
1913
1914
1916
1917
1917
1917
1920
1921
1921
1921
1924
1924
1924
1924
1927
1931
1934
1934
1934
1934
1934
1935
1935
1935
1937
1941
1945
1946
1948
1948
1949
1949
1950
1951
1952
1952
1953
1953
1954
1955
1956
1960
1962
1962
1963
1964
1965
1966
1968
1970
1972
1974
1974
1976
1978
1979
1980
1983
1983
1984
1985
1987
1989
1990
1991
1994
1994
1994
1997
1999
2001
2002
2004
2004
2005
2006
2007
2008
2008
2009
2009
2010
2011
2011
2012
2012
2012
2013
2014
2014
2016
2018
2019
2019
2019
2020
2020
2020
2021
2022
2024
2025
2027
2028
2029
2033
2034
2034
2038
2039
2040
2044
2045
2047
2048
2048
2049
2051
2051
2052
2055
2055
2055
2055
2055
2056
2057
2058
2060
2062
2062
2062
2066
2066
2066
2066
2066
2066
2067
2068
2068
2069
2069
2071
2071
2074
2075
2077
2078
2081
2081
2082
2082
2082
2083
2084
2089
2089
2089
2090
2090
2091
2093
2093
2093
2097
2097
2098
2099
2099
2100
2100
2101
2106
2107
2109
2111
2113
2114
2115
2116
2117
2118
2120
2121
2122
2122
2123
2124
2125
2127
2127
2128
2130
2133
2135
2135
2136
2139
2140
2141
2141
2141
2142
2143
2143
2144
2145
2146
2147
2147
2149
2150
2150
2152
2157
2157
2158
2159
2159
2162
2162
2162
2163
2163
2164
2167
2168
2169
2169
2170
2170
2171
2173
2173
2177
2177
2177
2178
2178
2179
2180
2182
2182
2186
2186
2187
2187
2187
2188
2190
2191
2191
2191
2192
2192
2193
2193
2194
2194
2195
2195
2197
2197
2203
2203
2203
2204
2207
2212
2216
2216
2216
2219
2219
2219
2221
2222
2223
2224
2228
2228
2236
2239
2240
2241
2241
2243
2244
2246
2247
2247
2250
2251
2251
2251
2253
2254
2255
2255
2256
2257
2258
2259
2260
2260
2264
2267
2267
2268
2269
2269
2270
2271
2273
2274
2276
2277
2281
2282
2283
2285
2285
2285
2286
2287
2289
2290
2295
2298
2298
2301
2304
2304
2305
2305
2306
2307
2307
2308
2308
2309
2310
2310
2312
2312
2313
2313
2314
2314
2314
2317
2318
2318
2319
2320
2322
2323
2324
2327
2328
2328
2330
2330
2331
2331
2332
2332
2332
2333
2334
2334
2336
2339
2347
2348
2349
2349
2351
2351
2352
2353
2358
2359
2359
2360
2364
2367
2369
2371
2371
2373
2375
2377
2377
2378
2380
2380
2380
2380
2381
2381
2381
2384
2385
2386
2386
2387
2390
2390
2390
2390
2391
2391
2391
2392
2393
2393
2393
2393
2396
2397
2399
2402
2402
2403
2407
2407
2408
2410
2413
2413
2414
2415
2415
2415
2416
2417
2417
2417
2418
2419
2421
2422
2422
2422
2423
2424
2424
2427
2427
2428
2429
2429
2429
2431
2431
2433
2434
2434
2442
2443
2443
2445
2447
2447
2448
2449
2449
2449
2456
2457
2458
2458
2458
2459
2459
2460
2461
2462
2462
2463
2465
2466
2466
2468
2469
2471
2472
2472
2473
2476
2479
2479
2480
2481
2482
2482
2485
2485
2486
2489
2489
2490
2491
2492
2492
2493
2496
2497
2498
2500
2500
2505
2505
2505
2508
2509
2509
2509
2513
2513
2519
2523
2524
2524
2525
2529
2531
2533
2535
2537
2537
2537
2541
2544
2546
2546
2546
2548
2548
2551
2551
2552
2553
2554
2555
2556
2557
2558
2559
2560
2561
2561
2563
2564
2565
2566
2566
2566
2567
2570
2570
2571
2572
2573
2573
2573
2573
2573
2574
2576
2576
2578
2578
2579
2580
2582
2585
2585
2585
2586
2590
2591
2592
2594
2595
2599
2599
2601
2603
2604
2605
2606
2610
2610
2612
2614
2615
2618
2618
2618
2619
2620
2622
2626
2628
2628
2628
2629
2629
2631
2632
2632
2636
2637
2639
2642
2644
2645
2647
2649
2649
2649
2651
2651
2652
2652
2652
2655
2655
2655
2656
2656
2657
2658
2660
2660
2661
2662
2662
2664
2664
2665
2666
2666
2668
2669
2669
2669
2669
2670
2670
2671
2674
2675
2676
2678
2679
2680
2681
2681
2684
2686
2687
2688
2688
2690
2691
2692
2694
2695
2695
2697
2697
2697
2698
2698
2699
2700
2700
2701
2701
2702
2703
2704
2704
2705
2706
2706
2707
2709
2710
2712
2713
2714
2717
2720
2721
2721
2723
2729
2730
2731
2731
2732
2733
2733
2734
2734
2736
2736
2738
2739
2739
2739
2740
2742
2743
2744
2749
2751
2752
2753
2754
2755
2755
2757
2758
2759
2759
2765
2765
2766
2766
2767
2768
2768
2768
2771
2771
2772
2772
2774
2775
2775
2775
2778
2779
2784
2784
2784
2785
2785
2787
2788
2789
2789
2790
2791
2791
2795
2796
2798
2800
2800
2801
2804
2804
2807
2808
2809
2810
2811
2812
2813
2815
2815
2815
2815
2816
2816
2819
2819
2820
2821
2823
2823
2824
2825
2825
2825
2826
2828
2830
2832
2833
2833
2833
2835
2835
2835
2836
2841
2841
2842
2843
2843
2843
2846
2846
2847
2848
2849
2850
2851
2852
2852
2853
2855
2856
2857
2859
2861
2864
2866
2866
2869
2870
2871
2875
2875
2877
2878
2880
2881
2883
2884
2888
2889
2890
2892
2895
2896
2897
2897
2897
2899
2899
2900
2904
2905
2905
2908
2910
2912
2912
2913
2915
2915
2916
2917
2917
2918
2919
2919
2920
2921
2923
2924
2924
2925
2925
2928
2928
2930
2930
2932
2933
2933
2934
2934
2935
2937
2937
2940
2940
2941
2941
2942
2942
2943
2944
2945
2947
2948
2950
2950
2951
2952
2954
2957
2958
2958
2959
2960
2964
2966
2970
2971
2973
2976
2982
2982
2983
2988
2988
2989
2991
2991
2992
2993
2993
2994
2995
2996
2996
2996
2997
2998
2999
3001
3001
3001
3004
3005
3008
3010
3011
3012
3016
3016
3019
3022
3022
3022
3023
3024
3024
3025
3025
3026
3026
3029
3029
3030
3030
3032
3033
3033
3034
3036
3037
3037
3037
3038
3039
3040
3042
3045
3046
3046
3048
3049
3049
3051
3051
3051
3052
3052
3053
3053
3057
3057
3057
3060
3060
3061
3061
3062
3062
3063
3065
3065
3066
3066
3068
3071
3072
3074
3077
3077
3078
3079
3081
3084
3085
3087
3090
3091
3091
3092
3093
3093
3094
3095
3095
3095
3097
3098
3098
3100
3101
3102
3102
3103
3104
3105
3106
3107
3108
3108
3108
3109
3109
3110
3111
3111
3113
3115
3117
3117
3118
3119
3119
3119
3120
3124
3126
3128
3130
3132
3135
3139
3143
3144
3146
3147
3147
3148
3150
3150
3150
3151
3151
3153
3155
3156
3157
3158
3158
3161
3162
3162
3164
3169
3169
3169
3170
3172
3173
3176
3178
3179
3179
3179
3179
3181
3182
3183
3185
3186
3187
3188
3192
3192
3192
3193
3194
3194
3195
3196
3197
3199
3199
3200
3200
3201
3201
3202
3202
3203
3204
3206
3208
3209
3211
3211
3214
3215
3217
3217
3219
3220
3222
3224
3224
3227
3228
3228
3229
3229
3233
3233
3236
3237
3239
3240
3240
3241
3241
3243
3244
3244
3247
3247
3248
3248
3248
3249
3249
3250
3250
3252
3255
3256
3256
3257
3257
3257
3259
3259
3259
3261
3263
3263
3264
3264
3267
3268
3270
3271
3273
3274
3274
3275
3276
3277
3278
3278
3279
3279
3279
3280
3280
3282
3284
3286
3286
3286
3287
3287
3287
3288
3290
3290
3291
3292
3293
3293
3298
3301
3302
3303
3303
3303
3304
3304
3305
3307
3309
3310
3311
3311
3312
3315
3315
3315
3316
3316
3317
3318
3321
3321
3323
3323
3324
3326
3326
3329
3331
3331
3333
3335
3336
3336
3338
3339
3341
3341
3343
3343
3347
3348
3348
3352
3354
3355
3357
3357
3358
3359
3360
3361
3362
3362
3362
3363
3364
3365
3365
3366
3366
3368
3369
3370
3370
3370
3373
3373
3373
3375
3375
3380
3381
3382
3382
3382
3385
3388
3389
3390
3390
3391
3394
3394
3395
3397
3398
3401
3402
3402
3402
3404
3404
3405
3407
3410
3410
3411
3413
3414
3414
3414
3418
3418
3419
3420
3420
3422
3422
3422
3423
3423
3423
3423
3424
3426
3427
3427
3428
3428
3431
3431
3432
3432
3432
3434
3435
3435
3436
3437
3438
3439
3440
3441
3441
3442
3443
3443
3443
3444
3444
3449
3449
3452
3453
3454
3454
3455
3458
3458
3459
3462
3462
3464
3464
3465
3466
3468
3470
3473
3474
3475
3476
3476
3477
3479
3480
3481
3482
3483
3484
3485
3486
3489
3493
3494
3494
3495
3495
3495
3496
3496
3496
3496
3496
3497
3498
3500
3501
3502
3505
3505
3506
3508
3509
3509
3510
3511
3513
3513
3516
3516
3516
3518
3518
3518
3519
3520
3520
3521
3521
3522
3522
3524
3528
3529
3529
3531
3533
3536
3536
3537
3538
3540
3540
3542
3542
3542
3543
3543
3544
3544
3544
3546
3548
3549
3553
3555
3555
3555
3556
3558
3559
3559
3561
3562
3562
3562
3564
3564
3565
3566
3566
3566
3568
3569
3570
3572
3573
3573
3575
3576
3577
3579
3580
3580
3583
3584
3584
3584
3586
3588
3589
3589
3589
3590
3591
3591
3592
3593
3593
3593
3594
3597
3603
3605
3608
3609
3610
3611
3611
3611
3611
3612
3613
3615
3616
3616
3618
3619
3619
3620
3621
3623
3624
3625
3627
3627
3628
3629
3632
3632
3633
3633
3634
3634
3635
3637
3637
3638
3639
3641
3643
3648
3648
3649
3649
3651
3651
3653
3654
3656
3657
3657
3658
3659
3659
3662
3662
3664
3665
3669
3669
3670
3671
3672
3673
3673
3677
3677
3678
3679
3679
3681
3681
3681
3681
3685
3687
3687
3688
3689
3690
3692
3692
3693
3693
3694
3695
3696
3696
3696
3696
3702
3704
3707
3710
3711
3711
3712
3712
3712
3712
3713
3714
3714
3715
3715
3716
3717
3718
3718
3719
3721
3721
3722
3722
3726
3727
3727
3728
3729
3729
3731
3732
3732
3733
3734
3734
3736
3738
3740
3740
3744
3745
3745
3745
3747
3748
3751
3755
3756
3757
3757
3759
3759
3760
3761
3762
3763
3764
3768
3769
3770
3770
3771
3772
3773
3775
3776
3778
3779
3780
3780
3782
3782
3782
3783
3785
3788
3789
3791
3792
3797
3798
3799
3799
3801
3803
3805
3806
3806
3807
3807
3809
3810
3811
3813
3814
3814
3815
3817
3817
3822
3823
3823
3823
3823
3823
3824
3824
3827
3827
3827
3829
3830
3831
3831
3833
3834
3835
3835
3837
3837
3837
3837
3838
3839
3840
3840
3841
3841
3842
3843
3844
3844
3846
3846
3849
3849
3851
3851
3852
3852
3853
3856
3857
3860
3860
3861
3863
3863
3866
3866
3869
3869
3871
3874
3875
3880
3880
3882
3886
3886
3886
3887
3887
3888
3888
3888
3891
3891
3891
3892
3893
3894
3894
3897
3898
3899
3899
3899
3900
3900
3902
3902
3902
3903
3903
3904
3904
3906
3907
3908
3908
3909
3910
3911
3913
3913
3915
3916
3916
3920
3921
3923
3923
3925
3926
3927
3929
3930
3932
3933
3934
3937
3937
3938
3938
3941
3942
3942
3942
3943
3944
3944
3944
3946
3947
3948
3953
3953
3955
3956
3957
3958
3959
3960
3961
3961
3961
3961
3962
3963
3963
3964
3965
3966
3966
3966
3968
3968
3970
3971
3971
3971
3973
3975
3976
3978
3982
3985
3985
3986
3986
3986
3987
3988
3993
3993
3995
3997
3999
4000
4000
4000
4002
4003
4004
4006
4007
4008
4010
4010
4010
4011
4011
4015
4015
4016
4018
4019
4021
4022
4023
4024
4027
4027
4029
4029
4030
4031
4031
4032
4032
4033
4033
4035
4036
4036
4037
4038
4040
4041
4044
4044
4044
4045
4045
4045
4046
4048
4048
4051
4051
4052
4054
4055
4055
4056
4056
4057
4060
4061
4061
4062
4063
4064
4064
4064
4065
4066
4067
4068
4070
4073
4075
4076
4076
4076
4077
4077
4077
4078
4079
4080
4080
4084
4085
4086
4086
4087
4088
4089
4089
4092
4092
4094
4095
4096
4097
4097
4099
4102
4103
4103
4103
4107
4108
4109
4112
4113
4114
4118
4118
4118
4119
4119
4119
4119
4121
4122
4123
4123
4126
4128
4129
4131
4131
4132
4133
4135
4136
4136
4138
4138
4139
4139
4139
4141
4143
4145
4146
4146
4147
4147
4147
4150
4150
4152
4152
4153
4154
4157
4160
4164
4165
4165
4166
4166
4166
4167
4171
4172
4172
4173
4175
4176
4177
4182
4184
4186
4188
4190
4190
4191
4196
4200
4202
4203
4203
4205
4206
4207
4208
4209
4210
4210
4210
4213
4214
4214
4216
4217
4218
4220
4221
4221
4222
4222
4223
4224
4227
4232
4232
4232
4235
4236
4236
4237
4238
4240
4242
4242
4247
4247
4248
4248
4250
4252
4254
4256
4260
4261
4261
4263
4264
4264
4267
4268
4268
4272
4272
4273
4275
4275
4275
4276
4276
4277
4279
4279
4282
4285
4287
4288
4289
4290
4290
4291
4292
4292
4292
4294
4295
4296
4296
4299
4299
4299
4299
4302
4302
4303
4304
4305
4310
4311
4312
4312
4312
4313
4314
4314
4316
4317
4318
4318
4319
4320
4322
4322
4322
4322
4323
4324
4325
4327
4328
4328
4329
4329
4329
4330
4330
4330
4330
4331
4331
4332
4333
4333
4333
4333
4335
4337
4337
4337
4337
4340
4341
4346
4346
4347
4347
4347
4349
4352
4354
4354
4357
4357
4358
4361
4363
4363
4364
4365
4365
4367
4367
4368
4369
4370
4371
4373
4375
4379
4380
4381
4382
4386
4387
4389
4392
4393
4394
4396
4396
4396
4400
4402
4403
4404
4405
4405
4406
4407
4408
4410
4412
4413
4417
4419
4420
4420
4421
4421
4422
4422
4422
4422
4424
4424
4424
4425
4428
4430
4431
4433
4435
4436
4436
4436
4436
4437
4440
4442
4442
4443
4444
4444
4446
4449
4449
4450
4453
4453
4453
4456
4458
4458
4459
4461
4462
4462
4463
4464
4464
4465
4467
4469
4474
4475
4475
4480
4480
4481
4481
4482
4484
4485
4485
4487
4488
4488
4489
4490
4492
4493
4495
4495
4496
4496
4497
4499
4500
4503
4504
4505
4505
4506
4506
4507
4507
4507
4508
4509
4509
4511
4511
4512
4512
4513
4515
4516
4517
4518
4518
4518
4520
4520
4521
4522
4522
4529
4532
4533
4536
4537
4537
4538
4539
4540
4543
4544
4545
4545
4547
4547
4549
4551
4552
4553
4553
4556
4556
4557
4557
4558
4559
4559
4560
4560
4561
4561
4563
4565
4566
4566
4567
4568
4569
4569
4571
4576
4578
4582
4583
4584
4586
4589
4589
4591
4592
4592
4593
4593
4595
4597
4599
4599
4600
4601
4602
4607
4607
4608
4608
4608
4608
4609
4610
4610
4610
4612
4614
4615
4615
4616
4616
4617
4618
4619
4619
4620
4624
4624
4624
4625
4626
4626
4627
4628
4629
4630
4631
4632
4633
4634
4636
4636
4637
4638
4640
4641
4642
4642
4642
4643
4645
4646
4646
4648
4650
4650
4651
4652
4652
4652
4653
4653
4654
4657
4661
4663
4664
4664
4664
4664
4665
4666
4666
4666
4666
4667
4668
4668
4668
4669
4671
4672
4672
4673
4673
4673
4674
4674
4676
4676
4678
4679
4679
4679
4680
4680
4681
4684
4684
4686
4688
4690
4693
4695
4695
4696
4696
4697
4697
4698
4698
4698
4698
4699
4700
4701
4701
4702
4703
4703
4703
4703
4704
4705
4705
4707
4707
4707
4708
4708
4709
4710
4710
4711
4716
4717
4717
4718
4718
4720
4721
4722
4722
4724
4724
4725
4725
4726
4729
4731
4734
4735
4735
4736
4737
4740
4742
4742
4743
4746
4746
4747
4747
4750
4754
4755
4755
4757
4758
4760
4761
4762
4763
4764
4768
4768
4769
4770
4773
4777
4778
4778
4778
4779
4779
4779
4784
4784
4784
4784
4784
4785
4787
4788
4789
4789
4789
4790
4792
4792
4794
4794
4797
4797
4798
4799
4800
4801
4802
4803
4804
4805
4805
4806
4807
4808
4808
4808
4808
4809
4809
4810
4811
4812
4816
4816
4817
4817
4818
4824
4824
4824
4825
4825
4827
4828
4829
4830
4830
4830
4832
4833
4834
4836
4837
4840
4841
4843
4847
4848
4848
4849
4849
4850
4852
4854
4855
4856
4858
4863
4864
4864
4864
4865
4865
4867
4868
4869
4869
4872
4873
4873
4873
4874
4874
4876
4877
4878
4878
4879
4881
4882
4883
4884
4884
4886
4886
4890
4891
4893
4894
4894
4898
4898
4899
4900
4901
4902
4903
4903
4904
4904
4905
4905
4906
4907
4908
4909
4911
4911
4912
4914
4915
4916
4918
4921
4923
4924
4924
4925
4926
4926
4928
4929
4929
4931
4931
4932
4932
4934
4935
4937
4938
4939
4943
4945
4946
4946
4950
4952
4952
4952
4955
4956
4956
4959
4959
4960
4962
4963
4963
4964
4966
4967
4969
4971
4972
4972
4977
4977
4982
4983
4983
4984
4987
4987
4988
4989
4990
4991
4993
4993
4996
4998
4998
5000
5004
5004
5006
5006
5006
5008
5011
5012
5012
5013
5013
5015
5015
5015
5016
5016
5018
5020
5021
5022
5024
5025
5026
5026
5027
5027
5028
5032
5035
5035
5037
5037
5037
5039
5040
5041
5042
5042
5045
5046
5047
5049
5049
5049
5050
5052
5052
5053
5054
5055
5055
5055
5058
5059
5063
5063
5063
5064
5065
5065
5066
5069
5070
5070
5071
5072
5073
5074
5076
5079
5083
5085
5085
5085
5088
5090
5092
5093
5094
5094
5095
5096
5097
5099
5100
5101
5101
5101
5102
5102
5102
5103
5104
5106
5107
5108
5109
5109
5109
5110
5111
5112
5114
5116
5116
5116
5117
5117
5117
5118
5118
5118
5119
5120
5121
5122
5122
5123
5126
5126
5126
5127
5127
5127
5128
5128
5130
5132
5133
5133
5135
5136
5137
5139
5139
5141
5141
5142
5142
5145
5149
5150
5150
5151
5151
5157
5158
5159
5160
5165
5171
5171
5173
5175
5177
5178
5179
5181
5181
5182
5183
5183
5183
5184
5188
5188
5189
5189
5190
5190
5191
5197
5197
5200
5200
5202
5203
5205
5207
5207
5207
5207
5209
5210
5210
5212
5215
5215
5215
5216
5217
5217
5217
5220
5222
5222
5223
5226
5226
5226
5226
5227
5227
5229
5229
5229
5229
5230
5231
5231
5233
5237
5238
5238
5242
5242
5244
5248
5248
5249
5251
5252
5252
5252
5253
5255
5255
5255
5255
5256
5258
5258
5259
5260
5263
5263
5264
5265
5269
5269
5269
5270
5271
5272
5272
5276
5276
5276
5278
5278
5279
5280
5280
5281
5281
5286
5286
5287
5292
5292
5293
5295
5296
5297
5297
5299
5300
5301
5302
5302
5306
5307
5308
5308
5309
5309
5309
5309
5310
5311
5312
5313
5314
5314
5317
5320
5320
5321
5323
5323
5324
5324
5324
5325
5326
5327
5328
5328
5328
5332
5333
5334
5335
5336
5338
5339
5340
5342
5342
5345
5346
5346
5346
5346
5346
5349
5350
5350
5351
5353
5353
5355
5355
5358
5360
5361
5362
5364
5365
5365
5366
5368
5369
5369
5370
5371
5372
5372
5373
5373
5374
5375
5376
5379
5379
5379
5385
5386
5386
5386
5387
5387
5387
5388
5391
5391
5391
5393
5394
5394
5394
5397
5398
5399
5400
5400
5401
5402
5405
5405
5407
5408
5410
5411
5416
5419
5420
5423
5424
5425
5426
5426
5426
5426
5426
5430
5430
5431
5432
5432
5434
5435
5438
5438
5438
5438
5438
5439
5439
5441
5442
5443
5447
5449
5450
5450
5453
5454
5455
5456
5456
5457
5458
5459
5459
5459
5463
5465
5466
5468
5468
5470
5470
5472
5477
5477
5478
5479
5479
5479
5481
5481
5483
5483
5485
5485
5485
5485
5486
5486
5489
5490
5491
5492
5496
5497
5498
5498
5498
5499
5499
5501
5501
5501
5502
5503
5504
5504
5505
5507
5509
5510
5512
5512
5513
5513
5514
5514
5516
5518
5519
5520
5520
5521
5523
5523
5524
5524
5526
5529
5530
5532
5532
5532
5532
5533
5533
5535
5536
5537
5537
5539
5539
5540
5540
5541
5542
5542
5544
5544
5545
5546
5548
5549
5550
5552
5552
5557
5559
5562
5565
5566
5566
5566
5567
5568
5568
5569
5570
5572
5572
5573
5577
5577
5582
5582
5585
5586
5586
5587
5588
5595
5598
5598
5599
5600
5601
5602
5604
5606
5607
5608
5609
5609
5610
5611
5611
5612
5613
5615
5617
5623
5623
5624
5627
5628
5629
5630
5631
5631
5632
5632
5633
5636
5637
5637
5637
5638
5639
5639
5640
5643
5644
5644
5644
5645
5645
5645
5646
5646
5649
5650
5651
5652
5653
5656
5656
5657
5657
5658
5658
5660
5662
5662
5663
5663
5664
5664
5665
5666
5668
5668
5668
5669
5672
5673
5673
5674
5675
5676
5677
5678
5679
5680
5681
5682
5683
5683
5684
5685
5685
5685
5687
5688
5689
5689
5691
5691
5698
5702
5702
5704
5706
5706
5710
5711
5715
5715
5718
5722
5724
5726
5727
5729
5730
5731
5731
5731
5735
5737
5740
5740
5741
5743
5745
5745
5747
5747
5748
5749
5751
5752
5754
5755
5755
5756
5758
5758
5760
5761
5762
5762
5762
5763
5764
5764
5768
5768
5769
5770
5771
5773
5775
5777
5778
5780
5783
5783
5784
5784
5786
5793
5794
5795
5797
5798
5798
5801
5801
5802
5802
5802
5803
5803
5806
5806
5806
5810
5811
5812
5813
5814
5816
5816
5817
5817
5818
5819
5819
5827
5829
5829
5829
5830
5831
5832
5833
5833
5833
5834
5836
5839
5842
5842
5843
5845
5845
5847
5848
5849
5851
5851
5853
5854
5855
5858
5858
5858
5860
5861
5861
5861
5862
5863
5864
5864
5864
5865
5868
5869
5870
5870
5871
5872
5874
5874
5875
5875
5877
5877
5877
5877
5878
5879
5881
5883
5886
5887
5888
5888
5890
5891
5893
5894
5895
5897
5897
5899
5901
5901
5903
5904
5905
5905
5905
5908
5911
5912
5913
5915
5915
5917
5918
5920
5920
5921
5921
5921
5924
5925
5926
5926
5929
5930
5930
5931
5932
5933
5936
5937
5938
5942
5944
5944
5944
5945
5946
5946
5947
5948
5949
5949
5950
5950
5952
5953
5958
5959
5959
5959
5960
5961
5963
5963
5963
5964
5964
5968
5968
5968
5969
5973
5974
5974
5979
5983
5983
5984
5984
5986
5986
5988
5989
5990
5992
5992
5992
5993
5994
5996
5996
5996
5996
5997
5997
5999
6001
6001
6001
6001
6004
6005
6006
6007
6009
6010
6011
6012
6012
6012
6014
6018
6018
6021
6021
6022
6025
6027
6027
6028
6032
6033
6036
6037
6040
6043
6043
6043
6044
6046
6049
6049
6050
6050
6051
6052
6053
6054
6054
6055
6055
6056
6056
6057
6058
6059
6062
6062
6063
6063
6064
6065
6065
6066
6066
6068
6068
6071
6072
6073
6074
6074
6074
6076
6078
6079
6082
6082
6083
6085
6087
6087
6088
6089
6090
6090
6090
6091
6091
6093
6095
6096
6102
6102
6105
6107
6107
6108
6108
6108
6110
6112
6112
6113
6114
6114
6114
6115
6115
6116
6116
6116
6117
6120
6120
6121
6126
6126
6128
6128
6129
6129
6129
6129
6131
6132
6132
6133
6134
6135
6136
6136
6138
6138
6138
6141
6141
6143
6143
6143
6147
6148
6149
6150
6150
6151
6152
6152
6154
6154
6155
6155
6157
6158
6159
6159
6161
6165
6165
6165
6165
6165
6167
6168
6171
6171
6171
6172
6172
6173
6175
6176
6176
6176
6177
6177
6177
6179
6182
6182
6184
6186
6187
6188
6188
6189
6189
6189
6190
6191
6192
6193
6194
6195
6195
6199
6200
6200
6200
6202
6203
6203
6204
6206
6207
6207
6207
6209
6210
6210
6213
6214
6215
6216
6217
6217
6218
6220
6220
6220
6221
6221
6222
6225
6226
6228
6228
6228
6229
6229
6231
6232
6235
6235
6236
6238
6239
6239
6242
6242
6243
6244
6250
6252
6253
6254
6255
6255
6256
6256
6256
6258
6260
6261
6261
6262
6262
6262
6264
6266
6267
6268
6269
6270
6271
6272
6273
6275
6275
6276
6276
6276
6277
6277
6278
6281
6282
6283
6285
6286
6287
6288
6288
6289
6289
6292
6292
6293
6295
6296
6297
6299
6299
6299
6301
6301
6301
6303
6303
6304
6304
6305
6305
6309
6309
6309
6310
6311
6311
6311
6312
6313
6313
6316
6317
6318
6320
6320
6321
6321
6323
6323
6324
6324
6325
6325
6328
6328
6329
6330
6331
6331
6333
6333
6338
6338
6339
6339
6339
6339
6341
6342
6343
6343
6345
6347
6348
6348
6348
6349
6349
6350
6350
6353
6355
6356
6357
6359
6360
6361
6362
6363
6364
6365
6368
6368
6369
6371
6372
6373
6373
6374
6375
6376
6377
6378
6380
6381
6385
6387
6388
6390
6390
6391
6394
6395
6395
6396
6397
6399
6399
6400
6400
6402
6403
6405
6410
6411
6413
6413
6414
6414
6416
6417
6417
6417
6418
6419
6420
6420
6421
6421
6421
6424
6424
6426
6426
6426
6430
6430
6431
6432
6434
6434
6437
6437
6437
6438
6438
6439
6439
6439
6441
6443
6443
6444
6444
6444
6444
6444
6447
6447
6448
6452
6457
6457
6459
6460
6460
6461
6463
6463
6464
6464
6465
6467
6468
6468
6469
6469
6472
6474
6475
6475
6478
6478
6478
6480
6480
6480
6481
6484
6484
6487
6488
6488
6490
6490
6492
6495
6499
6500
6500
6501
6502
6502
6503
6507
6508
6509
6509
6511
6512
6514
6514
6516
6516
6518
6518
6518
6522
6523
6524
6525
6525
6526
6526
6527
6527
6527
6528
6529
6530
6535
6539
6539
6541
6541
6543
6544
6544
6545
6546
6547
6550
6550
6553
6557
6557
6559
6561
6561
6563
6563
6566
6566
6567
6567
6567
6567
6571
6571
6572
6573
6574
6575
6576
6577
6579
6579
6580
6582
6583
6583
6584
6585
6587
6587
6589
6590
6590
6592
6592
6592
6593
6593
6594
6598
6598
6600
6601
6601
6602
6603
6604
6604
6605
6607
6607
6609
6609
6610
6611
6613
6619
6619
6620
6620
6620
6620
6622
6623
6624
6625
6625
6625
6633
6633
6633
6634
6636
6636
6636
6639
6640
6640
6641
6641
6644
6644
6646
6646
6647
6648
6649
6650
6650
6651
6652
6652
6653
6654
6655
6655
6657
6658
6658
6659
6660
6664
6666
6667
6668
6670
6672
6674
6676
6676
6676
6677
6677
6679
6681
6682
6682
6682
6685
6685
6688
6692
6693
6694
6695
6695
6696
6696
6698
6700
6702
6702
6703
6703
6703
6705
6707
6708
6708
6709
6711
6711
6712
6716
6716
6717
6720
6720
6720
6721
6723
6724
6727
6728
6731
6731
6732
6732
6733
6733
6734
6736
6736
6738
6738
6739
6739
6739
6741
6741
6742
6745
6746
6748
6748
6749
6750
6753
6754
6754
6754
6755
6755
6757
6758
6762
6763
6764
6766
6766
6769
6770
6772
6774
6775
6776
6777
6778
6780
6782
6782
6783
6784
6786
6786
6788
6790
6793
6797
6798
6800
6803
6805
6806
6807
6807
6807
6809
6810
6811
6813
6815
6816
6816
6820
6821
6822
6822
6823
6824
6824
6825
6826
6828
6828
6830
6830
6834
6835
6836
6837
6838
6838
6839
6842
6842
6843
6846
6847
6850
6850
6851
6853
6853
6854
6854
6855
6856
6857
6861
6862
6863
6864
6866
6866
6867
6869
6869
6871
6873
6874
6876
6876
6882
6882
6883
6884
6884
6884
6884
6886
6890
6891
6892
6893
6895
6895
6897
6898
6899
6900
6902
6902
6902
6902
6905
6906
6907
6909
6909
6911
6911
6912
6913
6920
6920
6923
6924
6924
6925
6926
6926
6929
6929
6929
6930
6931
6932
6933
6933
6933
6933
6935
6935
6935
6937
6938
6939
6940
6940
6941
6946
6951
6952
6952
6953
6954
6954
6955
6956
6957
6959
6960
6963
6963
6963
6963
6964
6968
6969
6970
6972
6972
6976
6977
6978
6979
6979
6979
6979
6981
6982
6983
6983
6983
6988
6989
6990
6991
6992
6995
6996
6997
6997
6999
7001
7001
7002
7005
7008
7009
7009
7009
7009
7013
7014
7015
7015
7016
7017
7019
7020
7021
7021
7023
7023
7024
7024
7024
7025
7026
7028
7029
7030
7031
7033
7033
7034
7036
7039
7039
7040
7042
7046
7046
7049
7049
7051
7052
7053
7054
7058
7060
7063
7063
7063
7064
7066
7066
7068
7068
7070
7071
7071
7072
7072
7073
7074
7076
7077
7077
7078
7078
7079
7081
7082
7083
7085
7089
7091
7092
7094
7094
7094
7095
7096
7099
7103
7106
7106
7107
7110
7110
7110
7113
7113
7113
7114
7114
7119
7120
7122
7124
7125
7126
7126
7127
7131
7131
7132
7133
7135
7136
7137
7138
7139
7139
7142
7143
7144
7145
7148
7148
7149
7149
7150
7151
7152
7152
7152
7153
7153
7154
7154
7154
7154
7159
7163
7163
7164
7166
7167
7168
7168
7169
7169
7169
7170
7171
7172
7172
7172
7173
7173
7174
7176
7176
7176
7179
7179
7184
7185
7186
7187
7187
7189
7189
7189
7190
7193
7196
7198
7199
7199
7200
7202
7204
7204
7206
7207
7208
7209
7210
7211
7214
7214
7215
7218
7220
7221
7222
7224
7227
7227
7229
7230
7231
7232
7233
7234
7235
7236
7237
7239
7240
7240
7240
7243
7244
7247
7248
7248
7249
7250
7251
7252
7253
7253
7253
7255
7257
7259
7259
7260
7261
7262
7262
7264
7264
7265
7265
7266
7266
7267
7268
7270
7273
7274
7275
7277
7277
7278
7282
7283
7286
7288
7288
7289
7289
7290
7291
7293
7295
7297
7297
7298
7298
7298
7298
7298
7299
7301
7302
7302
7302
7303
7304
7305
7305
7305
7306
7307
7308
7308
7309
7310
7311
7313
7313
7316
7316
7318
7319
7323
7326
7328
7332
7334
7334
7335
7335
7336
7337
7340
7341
7342
7343
7343
7345
7346
7349
7349
7350
7350
7352
7352
7352
7353
7353
7354
7354
7357
7358
7360
7362
7362
7363
7363
7364
7364
7366
7370
7372
7375
7377
7377
7380
7381
7381
7382
7383
7384
7384
7387
7387
7388
7388
7388
7389
7390
7393
7394
7395
7395
7395
7397
7397
7400
7404
7406
7407
7408
7409
7410
7412
7413
7414
7416
7416
7417
7417
7420
7421
7421
7422
7423
7424
7425
7425
7426
7427
7429
7431
7434
7434
7435
7435
7435
7437
7437
7437
7437
7437
7438
7439
7439
7441
7442
7443
7444
7447
7448
7448
7448
7448
7449
7450
7451
7452
7452
7453
7455
7456
7458
7459
7460
7460
7461
7461
7461
7465
7466
7466
7466
7466
7468
7469
7476
7476
7476
7477
7477
7477
7477
7480
7480
7481
7481
7483
7483
7486
7486
7486
7487
7488
7489
7491
7494
7495
7495
7495
7495
7497
7499
7499
7500
7500
7500
7503
7504
7504
7504
7506
7506
7507
7507
7510
7510
7512
7512
7512
7512
7514
7516
7517
7518
7520
7520
7520
7520
7520
7522
7522
7522
7523
7524
7524
7526
7529
7530
7532
7538
7539
7540
7540
7541
7543
7543
7544
7546
7548
7549
7551
7551
7552
7554
7554
7555
7556
7562
7562
7563
7564
7564
7566
7567
7569
7571
7572
7573
7573
7574
7575
7576
7577
7578
7578
7578
7578
7580
7580
7582
7582
7583
7586
7588
7588
7595
7598
7599
7599
7599
7600
7601
7601
7602
7603
7610
7611
7614
7614
7615
7616
7617
7618
7618
7621
7621
7621
7621
7622
7622
7622
7623
7625
7625
7626
7627
7627
7629
7629
7630
7634
7635
7637
7638
7638
7639
7640
7641
7642
7646
7646
7647
7651
7652
7654
7654
7655
7656
7657
7658
7659
7662
7665
7668
7669
7671
7671
7671
7673
7674
7676
7678
7679
7679
7679
7680
7680
7682
7684
7684
7686
7687
7687
7691
7691
7695
7695
7697
7697
7698
7699
7699
7700
7700
7700
7700
7700
7701
7704
7704
7704
7706
7707
7708
7710
7710
7710
7711
7711
7718
7719
7720
7721
7722
7722
7724
7724
7725
7728
7729
7730
7732
7736
7737
7740
7741
7742
7743
7744
7745
7747
7749
7750
7750
7751
7751
7752
7753
7754
7755
7755
7756
7757
7758
7759
7760
7761
7761
7762
7762
7762
7763
7764
7767
7767
7768
7772
7775
7776
7776
7777
7777
7779
7779
7781
7781
7786
7787
7789
7789
7791
7792
7793
7794
7797
7799
7799
7799
7801
7801
7803
7806
7807
7808
7812
7812
7813
7813
7814
7814
7815
7815
7815
7815
7817
7817
7818
7818
7818
7819
7821
7822
7823
7824
7826
7827
7827
7828
7829
7830
7832
7835
7836
7836
7837
7837
7837
7838
7838
7839
7840
7843
7844
7844
7845
7846
7846
7850
7851
7852
7853
7853
7853
7858
7859
7859
7859
7860
7860
7862
7865
7865
7865
7866
7866
7867
7868
7868
7870
7871
7872
7872
7873
7875
7876
7876
7877
7877
7878
7878
7879
7879
7880
7881
7881
7881
7883
7883
7883
7887
7887
7888
7888
7888
7888
7891
7891
7892
7892
7892
7894
7894
7894
7894
7895
7896
7897
7898
7898
7898
7900
7900
7900
7902
7903
7904
7907
7909
7910
7910
7911
7911
7911
7911
7914
7914
7914
7916
7918
7918
7920
7920
7922
7922
7924
7925
7929
7929
7930
7930
7932
7932
7933
7935
7935
7936
7937
7938
7938
7938
7939
7940
7946
7946
7952
7953
7954
7955
7957
7961
7961
7962
7962
7963
7964
7965
7968
7970
7970
7970
7972
7973
7976
7977
7977
7980
7983
7983
7984
7985
7985
7987
7989
7990
7991
7991
7997
7998
7998
7999
8000
8001
8002
8003
8003
8004
8004
8005
8005
8006
8006
8007
8007
8008
8011
8011
8013
8015
8016
8022
8022
8022
8023
8024
8027
8027
8031
8031
8034
8035
8035
8039
8040
8040
8041
8042
8042
8042
8042
8042
8046
8047
8047
8049
8053
8054
8055
8055
8059
8059
8060
8060
8063
8064
8064
8066
8066
8066
8067
8067
8067
8068
8069
8069
8070
8070
8071
8071
8071
8071
8072
8072
8073
8073
8077
8079
8079
8081
8082
8084
8085
8086
8087
8088
8089
8090
8091
8095
8096
8096
8097
8097
8099
8099
8102
8103
8107
8107
8107
8110
8110
8111
8111
8112
8113
8115
8116
8116
8119
8120
8120
8121
8122
8122
8123
8125
8126
8127
8128
8128
8128
8129
8129
8130
8131
8131
8131
8131
8132
8134
8135
8138
8139
8146
8150
8150
8151
8152
8153
8157
8158
8159
8160
8160
8160
8161
8162
8163
8163
8163
8163
8167
8167
8167
8168
8172
8172
8173
8173
8173
8174
8174
8176
8178
8178
8178
8180
8180
8180
8181
8185
8185
8185
8186
8186
8187
8190
8191
8192
8193
8195
8196
8200
8200
8201
8201
8203
8206
8206
8209
8211
8212
8212
8212
8213
8215
8215
8215
8216
8216
8218
8221
8222
8224
8224
8225
8226
8228
8230
8230
8230
8231
8231
8234
8237
8239
8241
8244
8246
8248
8251
8251
8251
8253
8254
8254
8254
8255
8255
8257
8260
8260
8260
8262
8262
8264
8265
8265
8266
8267
8271
8271
8272
8273
8273
8273
8274
8275
8276
8277
8280
8281
8281
8282
8282
8284
8284
8287
8287
8288
8289
8289
8291
8291
8291
8291
8294
8297
8299
8299
8301
8301
8302
8303
8303
8303
8303
8303
8305
8305
8306
8306
8307
8308
8308
8309
8316
8317
8318
8319
8323
8325
8326
8328
8330
8330
8330
8331
8338
8339
8341
8342
8342
8343
8344
8344
8345
8345
8346
8347
8347
8349
8350
8350
8351
8351
8351
8353
8355
8356
8356
8356
8358
8359
8361
8362
8362
8364
8366
8366
8367
8367
8367
8367
8368
8371
8371
8371
8374
8374
8374
8375
8377
8378
8379
8382
8385
8385
8386
8387
8388
8388
8390
8392
8392
8392
8392
8393
8393
8395
8398
8398
8400
8400
8401
8401
8403
8403
8405
8407
8408
8408
8408
8409
8410
8412
8416
8416
8417
8420
8420
8422
8423
8424
8426
8428
8428
8431
8432
8433
8433
8433
8436
8437
8438
8442
8443
8444
8449
8449
8457
8457
8460
8461
8461
8461
8461
8462
8463
8464
8464
8465
8466
8469
8469
8470
8471
8471
8476
8479
8480
8480
8481
8481
8482
8483
8484
8484
8485
8486
8486
8488
8491
8492
8492
8493
8493
8493
8496
8496
8496
8497
8498
8499
8499
8502
8505
8507
8508
8508
8508
8509
8510
8510
8511
8514
8516
8517
8517
8517
8517
8518
8520
8522
8524
8524
8527
8527
8528
8528
8529
8529
8530
8533
8535
8537
8537
8537
8538
8539
8539
8541
8541
8542
8542
8547
8547
8550
8550
8551
8552
8552
8557
8557
8560
8562
8563
8563
8563
8564
8564
8564
8565
8566
8570
8570
8570
8571
8571
8571
8572
8574
8575
8575
8576
8577
8578
8578
8580
8580
8582
8583
8583
8585
8588
8588
8589
8591
8592
8592
8593
8594
8594
8597
8599
8599
8599
8601
8602
8603
8604
8604
8605
8605
8605
8609
8610
8611
8612
8615
8615
8615
8616
8617
8619
8619
8620
8622
8627
8632
8632
8632
8632
8633
8634
8634
8636
8637
8638
8639
8639
8641
8642
8646
8647
8648
8648
8649
8651
8651
8652
8652
8653
8654
8654
8655
8656
8656
8656
8657
8657
8658
8659
8659
8662
8665
8665
8667
8667
8667
8667
8668
8671
8672
8673
8674
8676
8677
8677
8677
8678
8679
8680
8681
8681
8682
8684
8686
8689
8689
8690
8690
8693
8696
8697
8699
8699
8700
8703
8703
8703
8704
8704
8708
8712
8713
8713
8716
8716
8718
8721
8721
8726
8726
8727
8728
8728
8729
8730
8731
8732
8734
8734
8736
8736
8736
8737
8737
8737
8739
8739
8739
8739
8740
8741
8743
8744
8744
8746
8746
8746
8747
8747
8750
8753
8754
8755
8757
8757
8759
8760
8762
8762
8764
8764
8765
8765
8768
8769
8769
8770
8770
8771
8773
8775
8777
8778
8779
8779
8781
8781
8782
8782
8784
8785
8786
8787
8787
8788
8788
8788
8788
8789
8790
8791
8793
8793
8795
8795
8796
8798
8800
8802
8806
8808
8808
8810
8811
8811
8812
8812
8814
8818
8818
8819
8824
8825
8826
8828
8828
8829
8832
8835
8835
8837
8837
8839
8841
8843
8847
8848
8849
8853
8853
8857
8859
8860
8861
8861
8865
8866
8867
8869
8870
8870
8871
8873
8875
8876
8876
8876
8877
8877
8878
8880
8881
8881
8881
8882
8883
8884
8884
8884
8885
8885
8889
8889
8890
8891
8891
8891
8893
8896
8896
8898
8899
8901
8903
8904
8907
8908
8910
8911
8911
8914
8916
8917
8917
8918
8919
8921
8921
8921
8924
8926
8927
8927
8927
8930
8930
8931
8934
8934
8935
8935
8935
8939
8941
8941
8942
8942
8944
8947
8951
8955
8957
8957
8960
8960
8960
8962
8963
8963
8965
8966
8966
8966
8967
8968
8968
8970
8971
8971
8973
8978
8981
8981
8981
8981
8981
8982
8983
8984
8988
8990
8991
8992
8992
8992
8993
8995
8997
8998
9005
9008
9008
9009
9009
9012
9013
9014
9015
9015
9016
9017
9017
9017
9017
9018
9018
9018
9019
9021
9022
9023
9024
9026
9030
9030
9033
9036
9038
9038
9040
9041
9044
9045
9045
9047
9051
9051
9051
9051
9052
9053
9055
9058
9058
9059
9059
9062
9062
9063
9065
9065
9066
9066
9068
9071
9071
9072
9074
9074
9075
9075
9076
9078
9079
9080
9082
9082
9084
9086
9086
9089
9090
9092
9092
9093
9094
9095
9096
9097
9098
9098
9099
9100
9102
9103
9104
9105
9106
9108
9108
9110
9110
9111
9112
9112
9114
9115
9116
9116
9118
9119
9120
9122
9122
9124
9125
9126
9127
9129
9129
9132
9134
9135
9135
9137
9139
9139
9141
9142
9144
9144
9144
9145
9145
9146
9147
9147
9147
9148
9148
9151
9151
9152
9156
9156
9157
9158
9159
9161
9164
9167
9168
9168
9170
9171
9174
9174
9176
9177
9178
9178
9179
9180
9182
9185
9191
9192
9193
9194
9194
9196
9196
9197
9200
9200
9200
9202
9204
9207
9207
9208
9209
9210
9211
9213
9213
9213
9213
9216
9216
9218
9220
9221
9221
9222
9222
9223
9224
9225
9226
9227
9227
9228
9229
9229
9230
9231
9231
9234
9235
9236
9236
9236
9237
9238
9238
9238
9239
9244
9244
9245
9245
9246
9247
9247
9255
9258
9260
9262
9262
9263
9264
9265
9268
9271
9274
9274
9274
9275
9276
9277
9279
9281
9281
9281
9283
9283
9283
9284
9284
9286
9289
9289
9290
9291
9292
9292
9292
9292
9297
9297
9299
9300
9300
9300
9301
9301
9302
9302
9302
9308
9309
9309
9310
9312
9312
9312
9314
9314
9317
9320
9322
9322
9322
9323
9329
9329
9331
9332
9332
9332
9332
9333
9334
9336
9337
9338
9339
9339
9341
9341
9343
9346
9349
9349
9350
9350
9351
9351
9355
9359
9360
9363
9363
9364
9366
9366
9366
9368
9368
9368
9369
9369
9371
9371
9373
9374
9375
9375
9377
9378
9380
9381
9382
9385
9385
9387
9387
9390
9390
9390
9390
9393
9394
9395
9399
9401
9401
9402
9402
9404
9405
9406
9407
9408
9409
9409
9411
9411
9412
9412
9412
9413
9413
9413
9413
9413
9414
9416
9417
9419
9419
9419
9421
9421
9421
9421
9421
9421
9422
9422
9425
9425
9427
9428
9429
9434
9434
9435
9436
9436
9437
9437
9437
9438
9440
9442
9442
9442
9442
9444
9444
9445
9446
9446
9451
9452
9452
9452
9453
9453
9455
9457
9458
9460
9461
9461
9461
9464
9469
9471
9472
9473
9473
9476
9477
9479
9479
9483
9484
9488
9488
9489
9489
9490
9491
9493
9495
9496
9497
9500
9502
9504
9504
9505
9506
9506
9507
9507
9508
9509
9510
9512
9512
9514
9515
9515
9516
9518
9519
9519
9520
9522
9522
9523
9526
9529
9530
9530
9530
9530
9531
9532
9533
9534
9534
9535
9538
9539
9540
9540
9544
9545
9548
9552
9553
9554
9554
9560
9562
9563
9563
9564
9564
9565
9570
9574
9574
9574
9574
9577
9578
9578
9578
9578
9579
9579
9580
9581
9581
9583
9584
9585
9585
9586
9587
9589
9589
9589
9590
9591
9591
9591
9593
9594
9594
9595
9596
9598
9598
9599
9599
9600
9600
9602
9602
9603
9604
9604
9604
9605
9605
9605
9605
9606
9607
9607
9607
9611
9611
9611
9611
9612
9612
9613
9614
9614
9617
9618
9619
9623
9623
9623
9624
9626
9626
9630
9631
9632
9634
9634
9635
9635
9637
9637
9638
9638
9639
9640
9643
9646
9648
9648
9648
9650
9652
9654
9655
9656
9657
9657
9659
9660
9660
9661
9662
9665
9665
9666
9666
9666
9668
9669
9669
9670
9675
9677
9679
9680
9681
9682
9683
9683
9685
9686
9688
9688
9689
9691
9692
9693
9696
9698
9698
9701
9702
9702
9702
9703
9703
9703
9704
9707
9707
9707
9708
9710
9710
9710
9710
9711
9712
9712
9716
9717
9718
9718
9719
9720
9725
9727
9727
9728
9728
9728
9729
9729
9730
9732
9733
9733
9734
9734
9735
9735
9735
9737
9738
9738
9739
9740
9741
9742
9743
9743
9743
9743
9743
9744
9748
9748
9750
9751
9756
9759
9761
9761
9763
9767
9768
9771
9773
9773
9774
9774
9775
9775
9776
9776
9776
9777
9778
9779
9781
9781
9781
9783
9783
9783
9785
9786
9786
9787
9788
9790
9790
9792
9792
9794
9796
9797
9799
9799
9802
9803
9805
9805
9805
9806
9807
9808
9809
9810
9810
9810
9811
9811
9811
9812
9813
9814
9814
9814
9816
9816
9817
9817
9817
9818
9818
9819
9820
9824
9826
9828
9828
9829
9830
9831
9834
9834
9834
9838
9843
9844
9844
9845
9845
9847
9849
9854
9855
9855
9855
9856
9857
9857
9858
9860
9862
9862
9864
9867
9867
9868
9868
9869
9870
9872
9874
9874
9875
9875
9877
9878
9879
9880
9882
9885
9889
9889
9891
9893
9894
9895
9897
9899
9899
9900
9902
9905
9905
9908
9909
9910
9910
9912
9914
9914
9916
9916
9917
9918
9919
9920
9924
9925
9925
9926
9927
9927
9928
9928
9928
9929
9929
9930
9931
9932
9935
9937
9939
9940
9941
9943
9944
9944
9945
9948
9949
9950
9950
9951
9952
9952
9953
9954
9955
9955
9956
9958
9959
9960
9962
9964
9965
9965
9965
9967
9967
9970
9971
9973
9975
9981
9981
9982
9982
9983
9985
9986
9990
9991
9992
9993
9994
9995
9995
9997
9999
10000
10001
10002
10002
10002
10003
10003
10003
10004
10004
10005
10006
10007
10007
10008
10011
10012
10013
10013
10015
10018
10018
10020
10021
10021
10024
10027
10027
10028
10029
10030
10030
10030
10031
10031
10032
10032
10033
10033
10034
10035
10035
10036
10036
10037
10039
10041
10043
10044
10044
10045
10048
10049
10052
10052
10054
10054
10055
10058
10058
10060
10064
10072
10077
10077
10078
10078
10080
10080
10080
10081
10081
10082
10083
10085
10085
10085
10088
10090
10092
10092
10094
10095
10096
10099
10100
10102
10107
10109
10109
10110
10110
10110
10111
10111
10112
10112
10113
10113
10116
10116
10120
10122
10122
10123
10126
10129
10130
10130
10131
10132
10132
10134
10136
10136
10137
10138
10138
10139
10139
10142
10144
10144
10145
10146
10148
10151
10152
10157
10157
10157
10158
10158
10159
10159
10161
10162
10163
10163
10163
10164
10166
10167
10170
10170
10172
10173
10173
10174
10175
10176
10176
10178
10178
10180
10182
10186
10190
10191
10193
10197
10198
10202
10202
10208
10209
10209
10212
10213
10214
10215
10216
10216
10218
10219
10220
10222
10223
10223
10224
10226
10227
10228
10228
10229
10232
10233
10235
10235
10237
10238
10240
10242
10242
10243
10245
10245
10248
10249
10249
10251
10252
10253
10253
10253
10253
10254
10254
10254
10255
10255
10256
10258
10258
10258
10259
10260
10261
10261
10261
10262
10263
10266
10266
10269
10269
10270
10271
10272
10272
10273
10274
10274
10275
10275
10275
10277
10278
10278
10279
10280
10280
10282
10282
10284
10284
10285
10285
10286
10288
10288
10288
10289
10289
10290
10291
10294
10294
10297
10297
10299
10300
10302
10302
10304
10305
10305
10306
10307
10309
10310
10312
10313
10316
10317
10319
10319
10320
10320
10321
10328
10328
10329
10329
10332
10333
10336
10336
10337
10337
10338
10339
10339
10339
10339
10340
10344
10344
10345
10346
10346
10347
10348
10350
10351
10352
10353
10353
10354
10354
10355
10356
10356
10358
10359
10360
10361
10361
10361
10364
10366
10366
10367
10367
10368
10370
10371
10371
10371
10372
10376
10377
10379
10379
10381
10382
10386
10390
10393
10394
10395
10397
10399
10399
10399
10400
10401
10401
10403
10404
10405
10405
10405
10405
10406
10407
10408
10409
10410
10410
10413
10413
10413
10414
10416
10418
10418
10418
10419
10419
10419
10420
10421
10423
10426
10426
10426
10428
10428
10429
10430
10430
10432
10433
10433
10434
10434
10436
10436
10439
10440
10441
10441
10441
10444
10447
10448
10448
10449
10450
10451
10452
10453
10454
10455
10460
10461
10462
10462
10463
10464
10464
10464
10465
10465
10466
10467
10467
10468
10470
10470
10471
10472
10473
10474
10475
10476
10480
10480
10481
10481
10481
10486
10491
10492
10494
10495
10495
10495
10495
10497
10497
10498
10499
10501
10501
10501
10501
10501
10502
10502
10503
10504
10504
10504
10505
10505
10505
10507
10508
10509
10513
10514
10514
10514
10515
10515
10517
10518
10518
10518
10518
10518
10519
10520
10521
10521
10522
10523
10525
10525
10526
10526
10528
10531
10532
10533
10533
10534
10541
10541
10542
10542
10542
10542
10544
10545
10546
10550
10551
10551
10553
10555
10555
10556
10556
10556
10556
10558
10559
10559
10565
10566
10566
10567
10568
10570
10570
10571
10572
10573
10573
10574
10574
10574
10574
10575
10576
10576
10577
10577
10577
10578
10579
10580
10581
10582
10584
10585
10586
10588
10588
10588
10589
10592
10594
10596
10605
10606
10606
10607
10607
10608
10609
10609
10615
10615
10615
10618
10619
10621
10622
10622
10622
10625
10625
10625
10627
10631
10631
10631
10633
10634
10634
10634
10635
10637
10637
10640
10640
10641
10649
10652
10652
10655
10655
10657
10660
10660
10661
10664
10665
10667
10668
10668
10669
10669
10669
10670
10672
10672
10673
10676
10676
10678
10679
10680
10680
10680
10681
10684
10685
10685
10687
10689
10689
10690
10690
10694
10694
10697
10697
10698
10699
10702
10704
10705
10706
10707
10709
10711
10712
10712
10715
10718
10719
10719
10719
10722
10722
10723
10726
10726
10727
10728
10729
10729
10729
10731
10732
10732
10733
10733
10734
10735
10737
10737
10738
10739
10739
10740
10740
10741
10741
10744
10744
10745
10746
10746
10746
10749
10749
10750
10750
10753
10754
10755
10756
10757
10758
10760
10760
10760
10760
10761
10762
10762
10762
10764
10765
10765
10766
10769
10770
10773
10774
10775
10776
10776
10776
10777
10778
10779
10780
10783
10784
10784
10784
10785
10785
10785
10788
10789
10791
10793
10794
10795
10795
10795
10796
10797
10800
10802
10804
10804
10805
10806
10806
10807
10809
10810
10813
10814
10814
10814
10815
10816
10816
10817
10818
10819
10820
10820
10821
10821
10821
10823
10824
10824
10825
10826
10827
10827
10828
10829
10833
10835
10836
10837
10837
10838
10839
10839
10840
10842
10842
10842
10845
10851
10853
10854
10856
10856
10856
10857
10857
10857
10860
10861
10862
10863
10863
10863
10865
10865
10866
10866
10866
10868
10870
10872
10872
10873
10873
10874
10875
10875
10876
10877
10878
10878
10878
10880
10881
10883
10885
10885
10887
10891
10893
10894
10894
10895
10897
10898
10899
10900
10902
10904
10904
10904
10904
10907
10908
10911
10914
10914
10914
10915
10916
10918
10919
10922
10923
10924
10926
10926
10927
10927
10929
10929
10931
10933
10933
10934
10934
10934
10936
10936
10937
10939
10939
10941
10943
10943
10944
10944
10945
10947
10947
10948
10949
10951
10952
10953
10953
10954
10955
10955
10956
10957
10958
10959
10960
10961
10963
10964
10965
10966
10967
10967
10967
10969
10969
10972
10972
10975
10976
10977
10979
10980
10982
10982
10987
10987
10988
10989
10989
10990
10991
10992
10992
10992
10993
10995
10996
10997
10998
10999
10999
10999
10999
11000
11000
11001
11001
11002
11002
11004
11004
11004
11004
11006
11006
11008
11010
11011
11015
11016
11018
11019
11022
11022
11022
11023
11027
11027
11029
11031
11033
11033
11034
11034
11038
11040
11042
11042
11043
11043
11046
11049
11050
11051
11052
11052
11053
11053
11054
11054
11055
11056
11058
11058
11059
11059
11060
11060
11061
11062
11065
11066
11067
11067
11068
11072
11073
11074
11075
11076
11076
11077
11077
11078
11079
11079
11082
11087
11088
11089
11090
11092
11093
11096
11096
11097
11099
11099
11102
11102
11103
11104
11105
11105
11108
11109
11110
11111
11111
11113
11114
11115
11115
11116
11117
11118
11120
11121
11121
11122
11122
11125
11125
11126
11129
11130
11130
11130
11131
11132
11133
11133
11133
11135
11136
11138
11139
11139
11140
11142
11142
11143
11143
11144
11144
11145
11145
11145
11146
11146
11147
11148
11151
11151
11152
11154
11154
11155
11155
11156
11156
11156
11156
11157
11159
11160
11160
11161
11162
11164
11164
11164
11166
11167
11168
11168
11168
11170
11170
11172
11172
11173
11173
11173
11173
11176
11177
11179
11181
11181
11184
11187
11190
11191
11191
11191
11194
11195
11197
11197
11199
11199
11199
11200
11201
11201
11201
11202
11203
11204
11204
11207
11208
11209
11215
11215
11216
11216
11219
11219
11220
11221
11222
11223
11223
11226
11228
11229
11229
11230
11232
11233
11234
11237
11238
11238
11240
11241
11242
11244
11244
11246
11248
11248
11249
11250
11250
11251
11253
11253
11253
11254
11257
11258
11259
11261
11263
11263
11264
11266
11266
11266
11267
11268
11268
11269
11270
11270
11271
11271
11272
11272
11273
11275
11277
11281
11286
11286
11286
11288
11289
11290
11290
11290
11291
11291
11291
11293
11294
11294
11295
11297
11297
11298
11300
11301
11301
11302
11303
11303
11304
11305
11306
11306
11306
11309
11312
11313
11313
11314
11316
11319
11319
11319
11320
11320
11321
11321
11322
11322
11324
11324
11326
11326
11327
11328
11329
11330
11332
11335
11339
11341
11341
11341
11344
11344
11345
11346
11346
11347
11350
11350
11351
11353
11354
11355
11356
11358
11359
11360
11361
11364
11364
11366
11367
11368
11370
11371
11372
11373
11375
11377
11377
11378
11380
11380
11381
11382
11383
11383
11384
11387
11387
11387
11388
11388
11389
11390
11391
11392
11393
11394
11394
11395
11395
11395
11397
11398
11400
11400
11402
11402
11403
11405
11407
11408
11409
11410
11411
11412
11414
11416
11416
11417
11418
11418
11421
11421
11421
11421
11422
11424
11424
11425
11428
11430
11431
11432
11432
11433
11433
11435
11439
11440
11441
11442
11447
11447
11449
11449
11449
11451
11453
11454
11456
11460
11460
11460
11460
11462
11462
11463
11468
11468
11470
11470
11470
11471
11472
11472
11472
11473
11473
11475
11476
11479
11479
11480
11481
11481
11483
11486
11487
11487
11488
11488
11489
11490
11491
11492
11492
11498
11499
11500
11500
11502
11502
11503
11503
11507
11510
11510
11514
11514
11515
11517
11518
11519
11520
11521
11521
11522
11525
11525
11527
11527
11527
11528
11529
11529
11529
11532
11532
11535
11537
11542
11542
11543
11544
11546
11549
11550
11553
11553
11554
11557
11559
11562
11564
11564
11565
11565
11565
11565
11565
11566
11567
11567
11568
11568
11569
11570
11572
11573
11573
11574
11574
11574
11575
11576
11577
11579
11579
11582
11584
11585
11585
11585
11586
11587
11588
11588
11588
11588
11589
11590
11591
11592
11592
11594
11596
11597
11598
11598
11605
11605
11606
11606
11609
11609
11610
11612
11615
11615
11617
11617
11617
11617
11618
11618
11618
11619
11621
11623
11625
11626
11628
11628
11628
11628
11628
11628
11629
11630
11630
11631
11631
11632
11634
11635
11636
11639
11641
11641
11645
11645
11646
11647
11649
11651
11653
11654
11654
11654
11654
11654
11654
11655
11658
11659
11660
11660
11660
11660
11661
11662
11665
11666
11668
11669
11669
11673
11673
11673
11677
11678
11679
11680
11680
11680
11683
11683
11686
11691
11693
11693
11694
11699
11701
11701
11702
11703
11704
11704
11705
11705
11708
11708
11709
11709
11709
11712
11712
11713
11713
11713
11716
11717
11717
11719
11721
11721
11723
11724
11724
11727
11727
11727
11728
11729
11730
11731
11731
11731
11733
11735
11736
11738
11741
11741
11743
11744
11744
11745
11747
11748
11748
11748
11749
11750
11750
11752
11752
11754
11758
11759
11759
11762
11763
11764
11765
11766
11770
11771
11771
11771
11772
11774
11775
11776
11777
11779
11780
11782
11784
11784
11788
11788
11789
11792
11793
11793
11794
11794
11794
11795
11796
11798
11798
11798
11798
11802
11802
11804
11806
11807
11807
11808
11808
11808
11809
11809
11809
11809
11810
11811
11812
11814
11815
11817
11817
11820
11820
11822
11822
11823
11827
11827
11831
11833
11833
11833
11836
11838
11840
11842
11843
11843
11845
11846
11846
11846
11847
11849
11850
11852
11852
11854
11854
11854
11859
11859
11860
11860
11861
11861
11862
11862
11864
11865
11866
11866
11867
11867
11869
11869
11874
11874
11876
11877
11877
11880
11880
11881
11881
11882
11883
11886
11886
11887
11888
11888
11889
11889
11889
11890
11891
11891
11893
11893
11894
11895
11895
11896
11897
11898
11898
11898
11898
11903
11905
11905
11905
11907
11908
11908
11908
11909
11909
11911
11912
11912
11913
11913
11913
11914
11915
11918
11918
11918
11922
11922
11922
11922
11923
11924
11925
11925
11925
11928
11928
11929
11929
11929
11929
11930
11931
11932
11934
11934
11935
11936
11938
11939
11939
11940
11942
11942
11943
11943
11945
11946
11948
11950
11951
11953
11956
11959
11960
11960
11962
11965
11965
11967
11967
11968
11971
11972
11974
11974
11977
11978
11978
11979
11979
11979
11980
11980
11981
11981
11981
11982
11983
11987
11987
11987
11987
11993
11994
11994
11995
11996
11997
11998
11998
12000
12000
12001
12001
12001
12004
12005
12005
12006
12006
12007
12011
12011
12014
12014
12015
12019
12019
12019
12020
12022
12028
12028
12029
12030
12031
12032
12032
12032
12032
12033
12035
12035
12035
12036
12039
12039
12040
12041
12041
12042
12042
12042
12044
12047
12048
12048
12049
12050
12050
12050
12051
12052
12052
12052
12053
12054
12056
12058
12058
12059
12060
12062
12066
12066
12066
12068
12068
12068
12069
12070
12070
12072
12076
12076
12077
12077
12077
12077
12082
12082
12083
12083
12084
12084
12088
12088
12089
12089
12089
12091
12093
12095
12096
12096
12098
12098
12098
12099
12099
12099
12100
12102
12104
12105
12106
12107
12108
12110
12111
12111
12112
12113
12114
12114
12114
12115
12115
12116
12120
12121
12124
12127
12128
12132
12132
12135
12136
12136
12137
12138
12138
12139
12139
12141
12141
12142
12145
12146
12149
12154
12154
12157
12159
12160
12162
12164
12164
12165
12166
12166
12166
12166
12166
12168
12168
12170
12172
12174
12175
12176
12178
12178
12179
12179
12181
12181
12182
12184
12186
12187
12188
12188
12188
12189
12189
12190
12190
12190
12191
12191
12192
12193
12194
12194
12195
12196
12197
12203
12205
12205
12205
12206
12206
12207
12207
12209
12211
12212
12214
12215
12215
12215
12216
12216
12217
12218
12218
12219
12220
12221
12221
12222
12225
12227
12228
12230
12232
12233
12235
12235
12236
12239
12241
12246
12247
12247
12248
12248
12248
12249
12250
12251
12252
12252
12252
12252
12253
12254
12254
12256
12256
12256
12257
12258
12260
12261
12261
12261
12265
12265
12266
12268
12269
12269
12271
12271
12271
12272
12272
12275
12277
12279
12279
12280
12280
12281
12283
12284
12285
12285
12286
12287
12288
12290
12292
12292
12292
12292
12292
12292
12292
12294
12296
12296
12298
12301
12302
12303
12303
12305
12305
12306
12306
12308
12308
12310
12310
12310
12314
12314
12315
12317
12317
12319
12321
12323
12327
12327
12327
12328
12329
12329
12330
12331
12334
12335
12335
12336
12338
12340
12340
12342
12342
12346
12347
12347
12347
12348
12349
12349
12351
12352
12355
12355
12355
12357
12358
12359
12360
12360
12361
12361
12363
12365
12365
12367
12367
12370
12371
12372
12373
12376
12377
12379
12380
12380
12380
12380
12383
12383
12386
12387
12387
12388
12388
12388
12388
12389
12390
12391
12392
12393
12393
12395
12396
12399
12399
12399
12400
12401
12401
12401
12404
12405
12406
12408
12408
12410
12410
12413
12414
12414
12415
12415
12416
12416
12416
12420
12420
12423
12423
12424
12424
12425
12425
12425
12425
12425
12426
12426
12427
12429
12430
12430
12430
12431
12433
12435
12436
12437
12439
12440
12441
12442
12444
12444
12445
12446
12447
12447
12448
12448
12449
12449
12449
12450
12451
12451
12451
12452
12453
12453
12454
12455
12455
12457
12459
12465
12466
12466
12467
12469
12470
12471
12472
12475
12476
12477
12478
12478
12479
12480
12480
12480
12481
12481
12482
12482
12484
12486
12487
12489
12490
12491
12492
12495
12496
12498
12498
12498
12502
12504
12504
12504
12505
12505
12505
12506
12506
12508
12509
12513
12515
12517
12517
12518
12520
12520
12520
12521
12524
12525
12526
12526
12526
12528
12529
12529
12533
12534
12535
12536
12537
12537
12541
12543
12544
12545
12546
12548
12548
12549
12549
12549
12550
12550
12551
12552
12553
12554
12555
12555
12558
12561
12562
12562
12566
12566
12567
12568
12568
12571
12571
12571
12571
12571
12573
12573
12574
12574
12574
12575
12575
12576
12577
12577
12579
12581
12581
12582
12584
12584
12585
12585
12588
12588
12591
12591
12593
12593
12593
12595
12596
12598
12599
12601
12603
12603
12603
12605
12611
12611
12612
12613
12613
12616
12618
12621
12623
12623
12623
12624
12626
12626
12627
12628
12635
12636
12637
12637
12637
12638
12638
12640
12640
12643
12644
12645
12647
12648
12649
12653
12653
12654
12656
12661
12665
12666
12667
12668
12669
12670
12670
12671
12672
12673
12674
12675
12675
12676
12677
12677
12678
12678
12679
12679
12684
12688
12689
12689
12689
12690
12691
12691
12693
12697
12698
12699
12701
12701
12704
12704
12704
12705
12705
12706
12708
12709
12711
12714
12714
12715
12716
12716
12717
12717
12723
12724
12726
12727
12730
12730
12732
12737
12739
12741
12741
12742
12743
12745
12749
12750
12750
12753
12753
12753
12755
12755
12755
12756
12759
12760
12762
12768
12768
12771
12771
12772
12773
12774
12774
12776
12776
12779
12783
12784
12784
12786
12788
12790
12791
12792
12792
12792
12792
12794
12795
12795
12796
12796
12797
12798
12798
12799
12799
12800
12802
12802
12803
12805
12805
12805
12806
12807
12807
12809
12810
12810
12812
12812
12813
12815
12816
12817
12817
12820
12820
12820
12821
12821
12821
12823
12823
12824
12824
12825
12826
12828
12832
12833
12834
12835
12836
12842
12848
12848
12849
12849
12850
12850
12851
12853
12854
12854
12856
12856
12858
12858
12858
12860
12860
12860
12865
12866
12870
12873
12874
12874
12876
12877
12877
12879
12879
12879
12880
12880
12882
12882
12885
12890
12891
12892
12895
12896
12896
12896
12897
12898
12899
12899
12900
12900
12900
12901
12903
12904
12905
12906
12906
12907
12907
12908
12909
12910
12910
12913
12913
12914
12915
12915
12916
12919
12921
12922
12923
12923
12924
12924
12925
12926
12928
12929
12931
12932
12932
12932
12933
12934
12934
12938
12939
12940
12942
12944
12945
12945
12945
12947
12947
12948
12948
12950
12950
12951
12952
12953
12955
12957
12958
12958
12959
12960
12962
12964
12965
12965
12965
12967
12968
12968
12968
12968
12970
12970
12971
12974
12975
12976
12978
12979
12982
12984
12985
12986
12987
12987
12987
12988
12988
12990
12991
12991
12992
12993
12994
12994
12995
12997
12997
12998
12999
13003
13004
13004
13004
13005
13005
13005
13007
13009
13009
13009
13013
13017
13017
13019
13020
13020
13021
13021
13022
13023
13024
13025
13027
13027
13027
13027
13027
13028
13033
13037
13037
13038
13038
13039
13039
13040
13041
13042
13043
13043
13044
13045
13045
13047
13048
13049
13050
13051
13052
13052
13053
13053
13054
13055
13057
13058
13058
13060
13062
13065
13067
13070
13070
13071
13072
13072
13076
13076
13077
13077
13077
13077
13078
13078
13080
13082
13084
13085
13086
13088
13088
13089
13089
13090
13092
13095
13096
13096
13098
13098
13103
13105
13106
13107
13107
13108
13110
13113
13114
13114
13114
13115
13117
13119
13120
13121
13121
13122
13125
13125
13126
13129
13129
13129
13130
13131
13132
13135
13135
13135
13138
13138
13140
13142
13142
13145
13149
13150
13151
13151
13152
13154
13156
13156
13158
13158
13159
13160
13161
13161
13163
13163
13163
13165
13166
13167
13168
13168
13170
13170
13171
13172
13173
13173
13174
13175
13175
13177
13177
13178
13179
13179
13179
13180
13181
13181
13182
13183
13185
13185
13187
13187
13187
13188
13189
13190
13192
13194
13194
13195
13198
13198
13199
13201
13205
13206
13208
13210
13210
13214
13215
13215
13216
13217
13217
13217
13218
13219
13220
13228
13230
13232
13235
13236
13239
13239
13240
13240
13240
13243
13246
13247
13249
13249
13250
13251
13252
13253
13257
13259
13260
13260
13260
13261
13263
13264
13265
13265
13266
13267
13267
13268
13269
13270
13270
13272
13272
13273
13275
13275
13277
13278
13280
13280
13282
13282
13282
13282
13282
13284
13287
13288
13288
13290
13290
13291
13296
13296
13296
13297
13298
13299
13299
13300
13304
13305
13305
13306
13306
13307
13309
13309
13311
13315
13317
13317
13318
13318
13318
13320
13320
13322
13322
13323
13323
13325
13325
13327
13328
13329
13329
13329
13330
13330
13331
13331
13336
13337
13339
13339
13339
13341
13343
13343
13345
13345
13347
13349
13350
13350
13350
13351
13351
13352
13352
13352
13354
13354
13355
13358
13359
13362
13366
13366
13366
13367
13367
13368
13369
13369
13370
13370
13373
13374
13374
13374
13374
13375
13376
13376
13377
13379
13379
13379
13379
13380
13380
13381
13381
13383
13385
13385
13387
13390
13391
13393
13393
13393
13393
13394
13397
13397
13401
13402
13403
13404
13404
13405
13406
13406
13408
13408
13408
13410
13410
13411
13411
13411
13414
13414
13417
13419
13421
13424
13425
13426
13426
13429
13430
13431
13433
13434
13436
13440
13441
13442
13444
13444
13445
13445
13445
13445
13446
13447
13448
13448
13448
13449
13452
13452
13454
13454
13455
13456
13456
13457
13458
13461
13461
13463
13463
13463
13463
13465
13465
13468
13469
13470
13470
13471
13472
13474
13475
13477
13478
13478
13480
13480
13482
13485
13486
13487
13487
13493
13494
13494
13495
13495
13496
13497
13497
13498
13498
13501
13501
13501
13501
13501
13502
13502
13502
13503
13503
13505
13506
13509
13509
13510
13510
13511
13511
