2644 30
49 334 20 14 113 3 32 136 94 146 47 9 32 26 269 506 1 12 34 22 110 28 104 17 266 39 66 22 4 89
1765
1
3
6
6
7
9
9
9
14
16
17
19
22
23
25
26
28
28
30
31
32
34
35
35
39
40
42
44
44
45
47
47
48
49
50
50
52
54
54
56
56
57
58
58
58
59
61
61
62
62
64
65
66
66
67
67
67
70
70
71
71
72
74
75
76
78
80
80
83
85
86
87
91
91
92
98
102
104
105
105
109
110
112
112
113
114
114
119
119
123
124
125
125
125
126
127
131
131
131
133
133
134
137
138
138
138
141
143
144
144
145
147
147
149
152
153
154
155
156
156
161
162
162
163
163
166
166
167
167
168
170
170
176
178
185
186
186
189
190
192
193
194
194
195
198
199
201
202
203
204
205
205
207
208
209
210
211
211
215
216
217
217
219
221
225
225
226
226
228
229
229
231
231
232
235
236
236
237
238
239
239
244
244
245
247
249
249
249
254
257
257
258
259
263
263
263
267
268
270
270
270
273
274
278
281
285
287
291
292
292
292
294
296
298
298
299
299
300
300
301
302
302
306
309
311
312
313
313
315
315
316
319
321
323
326
328
330
331
331
333
333
333
336
336
348
349
349
350
351
354
354
359
359
359
364
368
369
372
372
372
374
375
375
376
379
379
381
382
382
385
387
387
387
391
391
391
392
393
393
393
396
396
398
398
398
401
404
406
416
416
416
419
421
421
424
425
426
426
427
428
428
429
429
431
432
433
433
434
434
434
437
440
440
442
444
446
447
448
450
451
452
453
454
456
456
456
457
457
457
458
460
460
462
466
467
467
468
471
472
473
473
473
474
475
478
483
486
486
489
493
493
494
496
499
499
500
500
503
511
514
515
517
518
521
522
525
527
530
532
534
535
542
543
545
546
547
547
547
550
552
553
554
554
554
555
559
560
561
562
566
569
572
572
575
575
576
577
580
580
582
583
584
585
585
585
587
588
593
594
594
595
595
595
600
604
605
610
612
613
617
619
620
622
622
622
626
626
632
641
641
642
642
642
649
651
651
655
662
664
665
667
667
670
673
674
676
676
677
679
683
683
683
684
685
686
688
689
694
696
697
698
700
701
701
703
703
704
705
707
708
708
711
712
713
714
716
716
717
718
719
722
726
726
727
728
731
731
731
732
735
737
742
744
744
745
745
747
747
747
748
750
752
753
753
754
759
761
761
762
766
766
770
773
774
777
777
778
779
782
783
784
784
784
786
791
796
797
798
799
801
801
801
801
802
802
805
807
808
808
809
810
814
814
816
817
817
817
817
818
818
819
820
820
822
823
823
823
824
824
826
827
827
827
827
828
830
830
831
831
832
835
837
838
839
840
843
844
844
845
845
847
848
849
854
857
859
859
859
860
860
866
866
870
871
873
874
875
878
879
885
886
887
887
890
891
892
892
894
894
894
894
895
895
896
897
899
899
902
903
904
904
904
905
906
909
910
912
913
918
927
927
929
932
935
937
937
938
939
943
944
948
948
950
951
951
952
952
956
957
957
957
958
959
959
960
961
963
964
965
966
967
968
971
973
975
975
976
977
980
982
983
984
985
985
989
991
993
994
996
997
1000
1001
1001
1006
1008
1010
1011
1014
1014
1015
1016
1016
1019
1020
1022
1024
1024
1026
1029
1031
1031
1034
1034
1034
1035
1035
1040
1040
1041
1042
1046
1049
1051
1051
1054
1055
1057
1057
1062
1067
1068
1068
1070
1070
1070
1072
1072
1076
1076
1078
1079
1082
1083
1094
1094
1095
1095
1096
1096
1096
1097
1099
1101
1103
1103
1103
1103
1105
1109
1113
1113
1115
1116
1118
1120
1123
1124
1124
1125
1128
1130
1132
1132
1134
1135
1136
1137
1137
1139
1140
1141
1146
1147
1152
1152
1153
1157
1162
1164
1164
1164
1165
1166
1170
1174
1179
1182
1186
1186
1188
1194
1195
1200
1200
1203
1203
1204
1204
1204
1208
1209
1210
1214
1214
1215
1215
1217
1217
1218
1218
1219
1220
1223
1223
1223
1223
1223
1224
1226
1227
1228
1229
1231
1245
1246
1246
1248
1249
1250
1254
1257
1262
1262
1263
1263
1263
1264
1265
1266
1266
1268
1270
1277
1278
1281
1282
1283
1285
1285
1285
1293
1297
1298
1301
1301
1301
1303
1304
1309
1310
1312
1312
1315
1315
1317
1319
1322
1327
1327
1328
1330
1332
1335
1340
1342
1344
1345
1346
1348
1348
1350
1353
1357
1357
1358
1359
1359
1360
1362
1363
1364
1364
1365
1365
1368
1368
1369
1369
1369
1370
1370
1371
1371
1372
1372
1373
1375
1376
1377
1379
1380
1381
1381
1389
1389
1389
1390
1394
1394
1395
1395
1395
1398
1398
1399
1402
1403
1404
1405
1405
1407
1411
1411
1411
1411
1412
1415
1416
1417
1420
1421
1424
1424
1424
1424
1424
1425
1428
1429
1431
1436
1437
1438
1442
1442
1442
1445
1446
1448
1448
1452
1452
1454
1455
1456
1457
1459
1460
1460
1461
1461
1461
1461
1462
1462
1463
1464
1466
1467
1468
1469
1470
1472
1474
1475
1475
1477
1478
1479
1479
1482
1485
1485
1486
1489
1492
1493
1493
1493
1495
1495
1496
1496
1496
1497
1499
1500
1501
1502
1503
1504
1505
1505
1506
1507
1508
1511
1515
1516
1516
1518
1519
1520
1523
1524
1525
1526
1526
1530
1532
1533
1536
1537
1538
1538
1544
1546
1549
1550
1553
1554
1557
1559
1560
1561
1565
1566
1567
1567
1567
1569
1571
1572
1573
1575
1576
1580
1580
1585
1585
1587
1589
1592
1593
1594
1594
1595
1597
1602
1603
1609
1609
1611
1613
1616
1616
1618
1618
1618
1619
1619
1622
1623
1624
1625
1626
1626
1628
1629
1629
1632
1633
1634
1634
1635
1637
1637
1637
1639
1639
1642
1643
1649
1650
1652
1653
1654
1654
1656
1657
1657
1657
1657
1662
1665
1665
1668
1670
1671
1671
1672
1672
1677
1678
1679
1679
1682
1682
1682
1683
1685
1685
1688
1688
1689
1691
1692
1699
1700
1703
1706
1707
1710
1710
1710
1713
1713
1715
1716
1717
1722
1722
1723
1723
1724
1726
1726
1726
1727
1727
1731
1732
1735
1736
1738
1739
1739
1739
1740
1741
1749
1750
1751
1752
1752
1753
1754
1754
1754
1756
1756
1759
1759
1763
1763
1766
1766
1766
1767
1768
1772
1775
1775
1777
1778
1779
1781
1781
1785
1787
1792
1792
1792
1796
1797
1798
1799
1803
1804
1805
1805
1806
1807
1811
1811
1813
1815
1815
1816
1816
1817
1818
1820
1821
1822
1822
1822
1826
1827
1827
1828
1829
1829
1830
1832
1832
1833
1834
1834
1835
1838
1838
1840
1842
1844
1844
1844
1845
1845
1846
1849
1850
1852
1853
1854
1855
1856
1859
1860
1862
1863
1865
1867
1868
1871
1872
1874
1876
1878
1878
1879
1879
1879
1879
1880
1881
1882
1882
1883
1883
1886
1889
1889
1889
1893
1894
1895
1896
1896
1896
1901
1905
1908
1908
1910
1912
1913
1914
1916
1916
1919
1920
1921
1922
1925
1926
1926
1926
1927
1927
1928
1932
1933
1939
1940
1943
1943
1944
1945
1946
1950
1950
1952
1954
1955
1960
1963
1963
1964
1968
1968
1970
1971
1971
1972
1979
1980
1982
1983
1985
1986
1989
1990
1992
1996
1998
1999
1999
2001
2002
2005
2006
2006
2008
2008
2011
2012
2016
2017
2018
2019
2020
2021
2021
2022
2025
2027
2028
2030
2031
2034
2038
2038
2038
2049
2050
2054
2054
2056
2056
2057
2058
2058
2058
2059
2060
2061
2065
2067
2071
2073
2075
2075
2076
2078
2079
2083
2085
2087
2087
2089
2092
2093
2093
2094
2094
2095
2097
2098
2098
2099
2099
2100
2102
2103
2106
2108
2110
2110
2112
2115
2120
2121
2122
2123
2124
2124
2124
2125
2125
2126
2126
2127
2129
2130
2131
2131
2131
2133
2142
2142
2143
2143
2145
2146
2146
2147
2150
2152
2152
2154
2154
2156
2157
2158
2159
2160
2161
2163
2165
2166
2166
2170
2171
2175
2176
2177
2180
2186
2186
2187
2187
2192
2194
2196
2202
2202
2202
2206
2206
2206
2207
2210
2212
2214
2214
2214
2215
2217
2223
2227
2228
2229
2229
2230
2230
2234
2242
2243
2243
2244
2244
2251
2251
2252
2254
2257
2257
2258
2259
2259
2260
2264
2265
2268
2270
2270
2276
2278
2283
2284
2290
2290
2291
2292
2294
2294
2294
2295
2296
2297
2297
2297
2297
2297
2299
2300
2303
2303
2304
2307
2307
2307
2308
2308
2308
2311
2312
2313
2315
2317
2318
2318
2324
2324
2329
2330
2331
2332
2332
2336
2337
2340
2343
2344
2346
2347
2350
2352
2354
2355
2357
2358
2363
2364
2367
2367
2367
2368
2370
2376
2376
2378
2379
2379
2382
2382
2382
2382
2386
2386
2391
2391
2395
2396
2396
2398
2398
2400
2400
2401
2403
2406
2406
2407
2408
2408
2408
2410
2413
2417
2418
2419
2419
2420
2421
2421
2422
2424
2424
2425
2425
2426
2427
2428
2430
2432
2433
2436
2437
2437
2438
2441
2443
2449
2453
2455
2455
2456
2456
2457
2459
2460
2461
2461
2462
2463
2464
2469
2470
2470
2471
2473
2474
2475
2479
2484
2484
2484
2484
2484
2487
2490
2492
2495
2496
2497
2497
2497
2498
2498
2499
2500
2500
2501
2507
2507
2508
2508
2508
2510
2510
2511
2511
2511
2512
2512
2513
2513
2513
2513
2514
2515
2515
2516
2516
2517
2519
2519
2521
2529
2533
2537
2538
2540
2540
2540
2542
2545
2545
2546
2547
2548
2548
2558
2559
2562
2563
2569
2571
2574
2574
2574
2575
2578
2581
2583
2583
2583
2585
2585
2588
2589
2590
2591
2592
2592
2597
2597
2597
2597
2599
2600
2604
2607
2608
2611
2611
2613
2621
2621
2622
2622
2622
2623
2625
2629
2630
2632
2635
2635
2636
2639
2641
2644
