4785 93
16 27 1 43 59 44 5 73 110 4 100 56 91 52 51 112 6 26 6 14 58 48 13 92 37 61 19 2 5 19 7 139 47 4 31 50 62 45 62 81 96 223 14 33 27 14 44 4 25 194 22 6 12 47 36 56 9 119 98 21 78 6 45 6 207 38 55 78 95 30 1 114 19 83 219 43 44 60 99 37 99 2 20 39 30 64 35 62 35 61 83 12 8
5721
1
2
2
4
4
4
6
6
6
9
9
9
10
10
12
13
14
14
14
15
16
17
19
19
19
22
23
24
24
26
28
28
28
28
28
28
29
32
33
33
34
35
35
36
36
37
37
38
40
41
42
42
43
44
45
46
46
47
47
47
47
48
48
49
50
50
52
53
53
54
55
56
57
57
57
58
59
60
60
61
62
62
62
62
63
64
66
66
67
67
68
69
70
70
71
72
74
75
77
79
80
80
80
82
82
84
86
89
90
90
91
92
94
94
95
95
95
95
95
98
98
98
98
100
101
102
102
103
103
104
105
106
106
107
107
108
109
110
110
111
113
113
114
114
114
115
119
120
120
121
121
122
123
123
123
123
124
130
130
131
131
131
132
132
134
135
135
135
135
137
137
138
138
139
140
140
141
141
143
145
145
147
147
148
148
148
150
153
153
155
155
155
155
156
157
157
157
157
157
158
158
159
159
163
163
163
165
167
168
169
169
171
171
171
173
175
175
177
179
179
181
182
183
183
184
184
184
185
186
186
186
187
187
187
188
188
188
189
189
191
192
193
194
194
195
196
196
197
198
200
200
202
203
204
205
205
208
209
210
212
212
213
216
217
218
218
219
220
220
220
220
221
221
221
222
223
225
226
227
227
229
230
234
235
235
235
236
236
237
238
240
240
240
242
242
243
244
244
245
245
245
245
247
248
248
248
249
250
252
253
256
258
259
259
260
260
261
261
261
261
262
262
263
264
265
265
266
268
269
270
270
273
275
277
278
279
280
280
282
282
282
284
285
285
285
286
287
288
288
293
293
293
294
295
295
296
300
301
303
305
308
308
310
310
310
310
311
312
312
313
317
319
319
320
320
320
322
322
323
324
325
326
326
327
328
329
330
331
331
331
332
333
333
334
334
334
335
336
336
336
337
337
337
338
339
340
342
342
347
349
349
349
350
351
352
353
355
355
356
356
357
358
359
360
360
364
364
365
366
367
368
369
370
370
371
371
372
373
373
373
374
374
378
378
378
379
379
379
379
381
383
384
384
385
385
386
387
387
388
388
389
390
390
390
394
394
396
396
397
398
400
400
400
401
402
402
402
402
403
404
405
407
408
409
409
410
410
411
412
415
419
419
419
420
421
421
423
423
423
424
424
425
426
426
427
428
428
428
428
430
432
432
433
433
434
434
435
435
436
437
438
438
439
440
442
442
442
442
445
447
448
448
449
449
449
449
449
450
451
452
454
454
455
456
456
458
460
461
461
462
463
463
465
465
466
466
466
467
467
467
470
470
470
473
473
475
475
475
476
476
477
477
477
478
479
479
480
482
483
483
483
486
489
491
491
491
493
493
493
494
494
497
498
499
499
500
501
501
502
502
503
504
504
504
505
507
508
508
508
510
511
512
514
514
514
515
515
515
515
515
516
516
523
523
524
526
527
527
528
528
529
529
529
532
532
533
534
535
537
537
537
539
540
540
540
541
541
543
544
544
544
544
546
546
546
547
548
549
550
550
551
552
552
553
556
556
559
559
559
562
563
564
565
567
568
569
570
570
571
571
572
573
573
573
574
574
574
574
574
575
575
576
576
576
578
579
580
581
582
583
583
583
585
585
586
588
588
590
590
591
591
591
593
594
596
597
597
597
599
599
600
600
600
601
601
602
602
602
603
606
607
607
608
609
609
609
609
610
613
613
614
615
615
616
618
620
620
621
621
623
624
624
624
624
627
627
628
628
628
629
629
629
630
630
631
631
632
633
634
634
634
635
635
636
636
637
637
638
638
638
639
639
639
640
641
642
642
643
643
644
644
644
645
645
645
646
648
648
649
650
651
652
653
655
656
657
658
658
660
662
663
663
664
665
665
665
665
666
667
667
667
667
668
668
669
669
672
672
672
672
673
673
675
675
675
676
676
677
678
680
682
683
683
684
684
685
685
685
685
687
689
691
693
694
695
698
701
701
701
702
702
704
705
705
705
707
708
710
711
712
715
716
716
716
716
717
719
720
720
720
721
721
723
723
724
724
725
728
729
729
730
730
730
731
731
731
732
732
732
732
733
733
734
735
735
736
737
737
740
740
741
743
743
744
744
745
745
746
746
747
747
747
748
751
752
752
753
754
755
757
758
758
761
761
761
762
762
762
763
764
764
768
768
768
769
770
773
773
773
773
774
774
774
774
775
775
776
777
778
778
778
778
780
781
784
784
784
785
786
786
788
788
788
789
790
790
790
791
792
792
793
793
793
794
795
795
796
796
797
797
799
800
801
801
801
803
803
803
804
806
806
806
808
809
810
810
812
814
815
815
816
816
816
817
817
818
819
820
820
821
824
824
825
825
826
826
827
827
828
829
830
831
836
836
837
839
842
842
843
843
844
844
845
845
846
847
850
850
852
852
852
856
856
856
857
859
860
860
861
862
863
863
864
864
868
868
869
870
871
871
872
873
874
875
875
877
877
878
878
880
882
882
882
883
883
883
884
885
887
888
889
889
890
891
892
893
895
896
896
898
898
900
901
901
901
903
903
904
904
906
906
908
909
910
911
911
911
912
912
913
913
914
914
915
917
919
919
920
921
921
923
925
926
928
928
930
933
933
933
935
936
937
937
937
937
938
938
939
940
942
947
947
948
949
949
949
949
950
950
950
951
951
952
952
953
953
955
955
955
955
956
956
956
957
957
957
957
958
959
960
962
963
964
964
966
966
967
967
968
968
969
971
971
972
972
973
974
974
978
979
980
982
982
982
983
983
983
985
986
986
988
988
988
991
991
991
991
992
992
993
995
996
997
998
998
999
1000
1000
1002
1003
1004
1004
1005
1006
1006
1007
1007
1008
1008
1008
1010
1011
1013
1014
1014
1014
1016
1016
1017
1017
1017
1019
1019
1020
1020
1021
1021
1022
1025
1027
1027
1027
1027
1029
1030
1030
1032
1032
1032
1033
1034
1034
1034
1036
1036
1036
1037
1038
1038
1039
1040
1040
1041
1041
1042
1042
1042
1042
1043
1044
1045
1045
1045
1045
1047
1047
1048
1048
1048
1049
1054
1054
1054
1055
1056
1056
1058
1058
1058
1059
1060
1060
1061
1061
1064
1064
1065
1065
1066
1066
1068
1071
1072
1072
1073
1073
1074
1075
1075
1075
1076
1077
1079
1080
1080
1080
1081
1081
1081
1082
1083
1084
1085
1087
1087
1088
1088
1088
1089
1089
1090
1091
1093
1094
1094
1094
1095
1097
1098
1098
1098
1099
1099
1100
1100
1102
1103
1104
1105
1106
1106
1106
1106
1109
1112
1112
1113
1114
1114
1116
1116
1116
1117
1118
1118
1121
1121
1123
1124
1125
1127
1129
1129
1129
1130
1131
1131
1132
1132
1132
1134
1135
1138
1139
1139
1139
1139
1140
1140
1142
1142
1143
1144
1146
1146
1148
1148
1149
1149
1149
1149
1150
1153
1154
1154
1155
1156
1157
1158
1158
1160
1160
1160
1160
1161
1162
1163
1163
1164
1164
1164
1165
1167
1168
1169
1169
1173
1173
1174
1175
1176
1177
1178
1178
1178
1179
1179
1180
1181
1181
1181
1181
1182
1183
1183
1185
1186
1187
1188
1188
1188
1188
1190
1190
1191
1192
1193
1193
1193
1194
1195
1196
1197
1198
1199
1200
1200
1200
1201
1202
1202
1202
1205
1206
1206
1207
1208
1208
1209
1210
1210
1210
1210
1211
1212
1213
1213
1214
1214
1215
1216
1216
1216
1217
1220
1220
1221
1221
1221
1223
1225
1225
1225
1226
1227
1228
1228
1228
1229
1229
1229
1229
1231
1231
1231
1232
1235
1235
1236
1236
1237
1237
1239
1240
1240
1241
1241
1242
1243
1243
1244
1244
1245
1248
1249
1249
1250
1250
1251
1251
1255
1256
1256
1257
1257
1260
1261
1263
1263
1267
1268
1271
1271
1271
1271
1273
1274
1274
1275
1276
1276
1277
1278
1278
1278
1280
1280
1282
1283
1284
1284
1284
1285
1285
1286
1286
1287
1289
1289
1289
1289
1289
1290
1291
1292
1292
1296
1296
1298
1299
1299
1300
1301
1302
1302
1302
1303
1304
1304
1305
1306
1306
1306
1307
1308
1308
1309
1309
1310
1311
1311
1312
1312
1313
1314
1314
1314
1315
1316
1317
1318
1319
1320
1322
1324
1325
1326
1326
1327
1328
1329
1330
1331
1332
1333
1333
1334
1337
1337
1337
1338
1340
1341
1342
1342
1343
1343
1344
1344
1344
1345
1349
1349
1350
1350
1352
1355
1355
1355
1355
1357
1358
1359
1359
1360
1361
1361
1363
1363
1364
1364
1364
1364
1365
1366
1367
1370
1370
1370
1373
1376
1376
1377
1377
1377
1379
1380
1381
1382
1385
1385
1385
1386
1387
1387
1387
1388
1389
1390
1390
1391
1391
1394
1394
1396
1396
1398
1399
1400
1403
1405
1406
1406
1407
1407
1409
1410
1410
1411
1413
1413
1414
1414
1414
1416
1416
1417
1418
1420
1421
1421
1421
1423
1425
1425
1426
1427
1427
1428
1428
1432
1432
1434
1434
1434
1434
1435
1436
1439
1440
1441
1441
1442
1443
1444
1445
1445
1446
1447
1447
1448
1448
1449
1450
1450
1451
1453
1453
1454
1454
1455
1457
1457
1459
1459
1460
1460
1463
1466
1467
1469
1469
1470
1470
1471
1471
1474
1475
1476
1476
1476
1476
1477
1478
1479
1479
1480
1482
1485
1486
1486
1487
1488
1488
1489
1490
1490
1491
1491
1491
1491
1492
1492
1492
1493
1493
1493
1493
1494
1494
1495
1495
1495
1498
1499
1500
1501
1501
1502
1502
1507
1507
1507
1508
1508
1510
1511
1513
1514
1515
1518
1519
1519
1521
1521
1522
1523
1526
1527
1528
1528
1528
1530
1532
1534
1534
1535
1536
1537
1538
1539
1539
1540
1542
1542
1542
1542
1543
1545
1545
1546
1547
1547
1548
1548
1548
1549
1549
1551
1551
1552
1552
1553
1553
1554
1554
1555
1555
1556
1557
1557
1558
1559
1562
1562
1564
1564
1565
1565
1566
1567
1567
1568
1568
1571
1573
1573
1573
1575
1575
1575
1575
1576
1580
1583
1583
1583
1584
1586
1586
1587
1588
1588
1588
1589
1589
1590
1592
1594
1594
1597
1597
1598
1599
1600
1600
1600
1602
1602
1602
1604
1604
1604
1604
1607
1607
1608
1608
1609
1609
1610
1611
1612
1612
1618
1619
1619
1620
1621
1622
1625
1626
1628
1629
1630
1630
1631
1633
1634
1634
1634
1634
1635
1635
1636
1636
1636
1636
1638
1638
1638
1638
1642
1643
1644
1646
1647
1648
1648
1650
1650
1651
1652
1652
1655
1655
1657
1658
1659
1661
1661
1662
1663
1665
1665
1666
1668
1668
1670
1671
1673
1674
1675
1676
1677
1677
1680
1681
1681
1681
1682
1683
1683
1684
1684
1684
1686
1688
1689
1689
1689
1690
1690
1691
1692
1692
1695
1695
1697
1698
1698
1699
1702
1702
1704
1704
1705
1705
1708
1708
1709
1710
1710
1712
1713
1714
1715
1717
1717
1717
1717
1720
1721
1722
1723
1723
1724
1725
1726
1726
1726
1726
1727
1728
1729
1732
1733
1734
1735
1736
1739
1739
1741
1741
1742
1742
1743
1745
1746
1747
1749
1750
1751
1751
1754
1754
1754
1754
1754
1755
1758
1762
1762
1763
1763
1763
1763
1764
1765
1766
1766
1766
1767
1769
1769
1769
1772
1772
1773
1773
1773
1773
1774
1774
1775
1776
1777
1778
1778
1779
1779
1780
1780
1780
1781
1783
1785
1786
1787
1788
1789
1791
1791
1793
1794
1794
1797
1797
1798
1798
1799
1800
1803
1803
1804
1804
1804
1804
1807
1807
1809
1809
1809
1810
1810
1811
1812
1813
1814
1816
1817
1818
1818
1818
1820
1821
1821
1821
1822
1822
1824
1824
1825
1825
1825
1825
1826
1826
1827
1828
1828
1828
1832
1832
1832
1833
1834
1835
1836
1838
1838
1839
1839
1840
1840
1840
1841
1841
1842
1842
1842
1844
1844
1844
1845
1846
1847
1847
1848
1849
1849
1850
1851
1852
1853
1853
1854
1855
1855
1856
1856
1857
1858
1859
1860
1860
1860
1865
1866
1869
1869
1869
1871
1871
1874
1874
1874
1875
1875
1875
1875
1880
1880
1880
1881
1883
1884
1885
1887
1887
1887
1889
1889
1891
1891
1892
1893
1893
1894
1895
1896
1897
1897
1897
1898
1899
1899
1899
1901
1901
1901
1901
1901
1901
1902
1902
1902
1903
1903
1905
1907
1908
1910
1912
1912
1913
1914
1914
1916
1916
1916
1917
1919
1921
1921
1922
1923
1923
1925
1925
1926
1926
1927
1928
1930
1930
1932
1935
1938
1939
1940
1940
1941
1941
1941
1943
1944
1944
1945
1945
1946
1946
1947
1947
1948
1948
1948
1949
1951
1951
1954
1954
1955
1956
1957
1958
1959
1959
1959
1960
1961
1965
1965
1966
1967
1968
1968
1968
1969
1969
1970
1970
1971
1973
1973
1975
1975
1976
1976
1977
1978
1978
1979
1983
1983
1983
1983
1984
1985
1985
1985
1986
1986
1987
1988
1988
1988
1989
1990
1990
1992
1992
1993
1993
1994
1994
1994
1995
1996
1997
1998
1998
1998
1998
1999
1999
2000
2000
2001
2001
2002
2002
2002
2005
2006
2006
2006
2008
2011
2011
2011
2011
2011
2014
2014
2014
2015
2016
2016
2017
2018
2022
2023
2023
2024
2024
2025
2026
2026
2027
2028
2028
2028
2029
2029
2031
2031
2033
2034
2035
2035
2036
2037
2037
2041
2043
2043
2043
2044
2045
2045
2045
2047
2048
2049
2049
2049
2051
2051
2051
2052
2053
2055
2056
2056
2057
2058
2060
2060
2061
2061
2062
2065
2066
2066
2067
2067
2068
2070
2071
2071
2071
2072
2072
2073
2074
2074
2076
2076
2078
2078
2079
2080
2080
2082
2082
2083
2083
2083
2084
2084
2085
2085
2085
2091
2091
2092
2093
2094
2095
2096
2098
2098
2100
2100
2101
2102
2103
2104
2105
2105
2105
2106
2107
2108
2109
2111
2111
2113
2114
2115
2116
2117
2117
2117
2117
2118
2119
2120
2121
2121
2122
2122
2123
2126
2128
2129
2129
2130
2131
2132
2132
2133
2133
2134
2134
2134
2135
2135
2135
2136
2137
2137
2138
2138
2139
2140
2140
2141
2142
2143
2143
2143
2144
2145
2146
2146
2146
2148
2149
2150
2151
2151
2152
2152
2154
2156
2157
2157
2159
2159
2162
2163
2164
2165
2165
2165
2166
2166
2167
2170
2171
2171
2171
2173
2174
2174
2175
2176
2177
2178
2180
2180
2180
2181
2181
2182
2182
2182
2183
2183
2185
2185
2186
2187
2187
2189
2190
2190
2190
2190
2190
2191
2192
2192
2193
2194
2195
2195
2196
2197
2197
2198
2200
2201
2201
2202
2203
2204
2204
2204
2205
2205
2205
2207
2207
2208
2208
2209
2209
2211
2211
2212
2212
2212
2213
2213
2214
2214
2215
2216
2216
2216
2217
2217
2217
2218
2219
2219
2219
2221
2222
2223
2224
2224
2224
2225
2225
2227
2227
2228
2229
2230
2230
2231
2232
2233
2233
2233
2233
2234
2234
2237
2239
2239
2239
2240
2240
2241
2241
2242
2244
2246
2247
2249
2250
2253
2253
2254
2254
2255
2255
2256
2257
2259
2259
2260
2260
2260
2262
2262
2263
2264
2264
2265
2265
2266
2267
2268
2270
2271
2274
2274
2276
2277
2277
2279
2281
2281
2282
2283
2283
2284
2284
2285
2286
2286
2286
2288
2288
2289
2289
2289
2292
2292
2293
2294
2294
2295
2295
2295
2297
2298
2299
2299
2299
2300
2300
2301
2303
2303
2304
2304
2305
2306
2306
2308
2309
2309
2310
2310
2311
2311
2312
2312
2313
2315
2315
2318
2319
2320
2320
2321
2321
2321
2321
2322
2323
2324
2326
2328
2328
2328
2329
2331
2332
2332
2333
2333
2334
2334
2335
2336
2336
2336
2338
2340
2340
2341
2342
2342
2343
2344
2346
2349
2349
2350
2354
2354
2355
2356
2356
2357
2359
2359
2360
2361
2363
2363
2364
2365
2366
2366
2367
2367
2367
2368
2369
2372
2374
2374
2375
2377
2377
2377
2380
2380
2380
2381
2382
2382
2384
2386
2388
2388
2389
2390
2390
2390
2392
2392
2394
2394
2394
2394
2397
2399
2400
2402
2402
2403
2404
2404
2404
2404
2404
2406
2406
2407
2407
2407
2408
2408
2409
2409
2410
2411
2412
2412
2412
2412
2412
2413
2414
2414
2414
2415
2417
2419
2419
2420
2421
2421
2421
2422
2422
2422
2423
2425
2426
2427
2427
2428
2428
2429
2430
2430
2430
2431
2432
2433
2435
2438
2439
2440
2440
2440
2441
2441
2441
2442
2442
2442
2443
2444
2444
2444
2446
2446
2447
2449
2449
2450
2452
2452
2453
2453
2453
2456
2458
2458
2459
2459
2460
2460
2461
2461
2462
2462
2464
2464
2464
2465
2466
2466
2467
2467
2468
2469
2469
2469
2470
2470
2471
2472
2473
2473
2474
2475
2475
2476
2477
2477
2478
2478
2478
2479
2480
2483
2487
2487
2487
2487
2488
2489
2489
2491
2495
2495
2496
2497
2497
2498
2498
2498
2499
2499
2501
2502
2503
2509
2510
2511
2513
2514
2514
2515
2515
2515
2516
2517
2518
2518
2518
2520
2520
2520
2521
2521
2522
2523
2524
2524
2527
2527
2527
2527
2528
2528
2528
2529
2529
2530
2531
2531
2531
2532
2534
2535
2536
2537
2538
2539
2539
2540
2541
2541
2542
2545
2545
2545
2546
2546
2547
2547
2547
2548
2548
2548
2549
2549
2550
2550
2552
2555
2556
2556
2557
2558
2558
2558
2559
2559
2560
2560
2562
2563
2564
2565
2567
2570
2571
2571
2571
2572
2573
2574
2574
2579
2579
2581
2582
2582
2582
2583
2585
2585
2586
2588
2589
2589
2591
2591
2591
2591
2593
2593
2594
2595
2595
2596
2596
2596
2598
2598
2599
2600
2600
2601
2602
2602
2602
2603
2603
2603
2604
2605
2605
2605
2606
2607
2607
2610
2611
2611
2612
2613
2613
2613
2614
2614
2614
2614
2615
2615
2617
2617
2617
2617
2618
2618
2619
2619
2620
2620
2620
2621
2621
2621
2622
2623
2624
2625
2625
2626
2626
2626
2627
2628
2628
2629
2630
2631
2631
2635
2635
2636
2637
2637
2637
2637
2638
2639
2640
2642
2642
2643
2644
2644
2645
2645
2646
2647
2648
2648
2648
2648
2650
2650
2652
2652
2653
2653
2653
2654
2656
2656
2656
2656
2657
2657
2657
2659
2659
2659
2660
2660
2662
2663
2663
2664
2665
2666
2667
2667
2668
2668
2671
2672
2672
2673
2674
2676
2676
2677
2677
2677
2679
2681
2682
2682
2683
2683
2684
2685
2686
2688
2689
2691
2691
2692
2693
2693
2694
2696
2699
2700
2702
2704
2706
2707
2707
2707
2707
2708
2708
2709
2710
2710
2711
2711
2711
2712
2714
2715
2715
2715
2716
2717
2717
2719
2721
2722
2722
2723
2723
2724
2724
2724
2724
2725
2727
2729
2730
2731
2731
2732
2734
2734
2735
2736
2736
2736
2736
2739
2739
2741
2742
2742
2743
2744
2745
2746
2746
2749
2749
2750
2751
2755
2755
2755
2756
2759
2760
2760
2765
2768
2770
2771
2771
2771
2772
2772
2773
2775
2775
2777
2779
2780
2780
2782
2782
2785
2786
2787
2787
2789
2789
2790
2790
2793
2794
2794
2795
2796
2796
2796
2797
2797
2798
2800
2800
2801
2801
2802
2803
2803
2804
2805
2805
2806
2807
2808
2809
2810
2813
2814
2815
2816
2816
2817
2817
2821
2822
2823
2824
2825
2825
2826
2827
2827
2827
2828
2830
2832
2835
2837
2839
2839
2839
2842
2842
2844
2845
2845
2846
2847
2847
2848
2848
2848
2848
2849
2849
2850
2851
2851
2851
2852
2855
2855
2856
2856
2857
2857
2858
2860
2863
2864
2864
2865
2866
2869
2869
2870
2870
2870
2871
2871
2873
2873
2874
2876
2877
2877
2878
2878
2878
2878
2882
2882
2882
2883
2884
2884
2885
2886
2889
2890
2890
2891
2891
2891
2891
2892
2893
2894
2894
2896
2898
2898
2899
2899
2900
2900
2902
2902
2902
2902
2904
2904
2906
2906
2907
2909
2909
2910
2911
2912
2912
2913
2915
2917
2917
2918
2918
2919
2920
2921
2922
2923
2923
2924
2926
2929
2929
2929
2929
2929
2929
2929
2931
2933
2933
2934
2934
2935
2935
2937
2937
2937
2940
2940
2940
2941
2941
2943
2943
2944
2944
2945
2946
2946
2948
2949
2950
2951
2951
2951
2952
2952
2952
2957
2957
2957
2957
2958
2958
2962
2963
2964
2965
2965
2965
2966
2966
2967
2967
2967
2967
2968
2969
2969
2970
2970
2972
2972
2974
2974
2977
2977
2978
2978
2978
2978
2978
2978
2979
2980
2981
2981
2982
2983
2984
2984
2985
2986
2987
2988
2988
2989
2991
2991
2992
2993
2993
2995
2995
2995
2995
2996
2996
2996
2999
2999
2999
2999
3000
3000
3000
3001
3003
3004
3004
3004
3004
3005
3007
3011
3011
3013
3016
3016
3018
3019
3019
3022
3022
3022
3022
3024
3025
3028
3029
3029
3029
3029
3029
3032
3032
3032
3034
3034
3035
3035
3035
3036
3037
3037
3037
3038
3038
3039
3039
3040
3041
3042
3042
3042
3044
3045
3045
3046
3046
3047
3047
3047
3047
3047
3048
3048
3048
3050
3051
3051
3053
3053
3053
3053
3054
3054
3054
3054
3054
3054
3054
3055
3057
3057
3059
3060
3064
3066
3066
3066
3067
3068
3068
3069
3070
3070
3070
3071
3071
3072
3075
3075
3076
3076
3077
3078
3078
3079
3079
3079
3081
3082
3083
3083
3083
3083
3084
3087
3087
3087
3088
3092
3092
3093
3094
3095
3096
3097
3098
3098
3099
3103
3103
3106
3106
3108
3109
3109
3111
3114
3115
3116
3116
3116
3116
3118
3119
3119
3120
3123
3123
3124
3125
3127
3128
3131
3132
3132
3132
3134
3136
3136
3136
3137
3138
3139
3140
3140
3141
3141
3141
3141
3142
3142
3143
3146
3146
3148
3149
3150
3151
3151
3151
3151
3152
3152
3152
3154
3154
3156
3157
3158
3159
3161
3163
3164
3165
3165
3165
3165
3166
3168
3169
3169
3169
3169
3170
3172
3173
3175
3176
3177
3178
3179
3179
3180
3181
3182
3183
3183
3184
3184
3184
3184
3185
3185
3186
3188
3188
3189
3189
3190
3191
3192
3192
3194
3194
3195
3195
3196
3197
3198
3198
3199
3199
3200
3200
3201
3203
3203
3203
3204
3205
3205
3205
3208
3209
3210
3211
3212
3212
3213
3214
3215
3218
3218
3218
3220
3221
3222
3224
3225
3226
3228
3230
3231
3232
3233
3234
3234
3236
3236
3238
3239
3239
3240
3241
3241
3242
3243
3243
3244
3248
3250
3250
3252
3253
3254
3254
3254
3255
3257
3257
3258
3258
3260
3260
3262
3266
3267
3267
3268
3268
3268
3270
3273
3273
3274
3275
3275
3276
3276
3277
3277
3277
3279
3280
3280
3280
3280
3281
3282
3283
3283
3286
3289
3289
3289
3290
3290
3290
3291
3292
3293
3295
3296
3297
3297
3298
3300
3301
3304
3304
3305
3306
3306
3308
3308
3309
3310
3311
3312
3312
3312
3312
3314
3314
3315
3315
3319
3320
3320
3320
3322
3323
3324
3325
3325
3326
3327
3328
3330
3330
3331
3331
3332
3332
3333
3333
3333
3334
3336
3336
3336
3336
3336
3337
3337
3338
3340
3340
3340
3342
3342
3342
3342
3347
3347
3348
3350
3351
3352
3354
3356
3359
3362
3365
3365
3365
3366
3367
3367
3368
3368
3368
3369
3369
3369
3370
3371
3371
3372
3372
3374
3376
3376
3376
3378
3379
3379
3380
3380
3381
3382
3382
3385
3386
3387
3387
3387
3388
3389
3389
3390
3390
3390
3392
3392
3393
3397
3399
3400
3404
3405
3405
3409
3410
3410
3411
3411
3411
3412
3413
3413
3413
3415
3415
3416
3418
3421
3422
3423
3424
3425
3426
3426
3426
3426
3426
3427
3427
3428
3428
3429
3430
3431
3432
3432
3433
3434
3434
3435
3435
3435
3435
3438
3439
3439
3440
3440
3441
3441
3443
3443
3444
3444
3444
3445
3446
3446
3446
3447
3449
3449
3449
3449
3451
3451
3453
3453
3454
3454
3455
3455
3455
3457
3457
3457
3458
3459
3460
3461
3461
3462
3464
3464
3464
3467
3468
3468
3468
3468
3468
3469
3470
3471
3471
3472
3472
3473
3473
3476
3477
3477
3479
3479
3480
3481
3482
3483
3484
3484
3485
3486
3487
3489
3489
3490
3490
3490
3491
3491
3492
3494
3494
3495
3495
3496
3496
3498
3499
3500
3503
3504
3504
3504
3504
3504
3505
3505
3506
3507
3507
3510
3514
3514
3514
3515
3517
3517
3517
3518
3519
3519
3521
3521
3523
3523
3523
3523
3524
3524
3525
3525
3526
3526
3527
3528
3529
3529
3529
3530
3530
3531
3531
3532
3533
3533
3533
3533
3533
3534
3534
3534
3535
3536
3536
3537
3538
3538
3538
3539
3540
3540
3542
3542
3543
3545
3546
3546
3546
3549
3549
3551
3553
3554
3554
3557
3557
3558
3558
3558
3559
3559
3564
3567
3570
3570
3571
3571
3571
3571
3572
3572
3574
3574
3574
3574
3575
3575
3576
3577
3579
3579
3579
3580
3581
3582
3582
3583
3583
3584
3585
3585
3585
3588
3588
3589
3590
3590
3592
3593
3594
3595
3596
3596
3597
3597
3598
3598
3600
3603
3603
3603
3604
3604
3606
3607
3607
3609
3609
3610
3612
3616
3617
3617
3619
3619
3620
3622
3623
3623
3624
3624
3626
3627
3628
3631
3632
3632
3635
3637
3638
3638
3638
3639
3639
3639
3640
3642
3643
3645
3647
3648
3648
3650
3651
3652
3652
3654
3654
3654
3657
3657
3658
3660
3660
3661
3662
3663
3663
3663
3664
3664
3665
3666
3666
3666
3666
3666
3667
3668
3669
3670
3671
3674
3674
3675
3676
3676
3679
3680
3680
3681
3683
3683
3684
3685
3685
3687
3687
3689
3690
3691
3692
3692
3693
3695
3696
3697
3697
3698
3699
3699
3699
3699
3699
3699
3699
3705
3706
3709
3711
3712
3713
3714
3716
3716
3717
3717
3718
3718
3718
3720
3721
3721
3721
3724
3725
3726
3726
3728
3728
3728
3730
3730
3732
3733
3733
3733
3734
3734
3734
3737
3739
3740
3740
3741
3741
3742
3742
3743
3743
3744
3744
3744
3747
3747
3748
3752
3752
3753
3753
3753
3754
3755
3755
3756
3758
3759
3760
3762
3764
3767
3767
3768
3770
3770
3771
3772
3773
3774
3775
3776
3777
3779
3780
3781
3781
3783
3783
3784
3784
3784
3784
3785
3787
3787
3788
3788
3789
3790
3790
3790
3793
3794
3795
3796
3796
3798
3799
3799
3801
3801
3802
3803
3805
3806
3808
3810
3810
3810
3811
3811
3813
3814
3814
3814
3815
3815
3816
3817
3817
3817
3817
3818
3818
3819
3819
3820
3820
3821
3821
3823
3823
3823
3824
3827
3828
3828
3828
3829
3830
3832
3832
3832
3833
3835
3835
3837
3837
3838
3838
3839
3839
3843
3844
3845
3845
3845
3847
3847
3847
3848
3849
3849
3849
3853
3854
3854
3854
3854
3855
3855
3856
3857
3858
3858
3859
3859
3860
3860
3861
3862
3865
3866
3868
3868
3869
3870
3870
3870
3871
3872
3873
3874
3875
3876
3876
3878
3879
3879
3880
3882
3882
3882
3883
3884
3886
3887
3888
3888
3890
3891
3893
3894
3895
3895
3895
3895
3897
3898
3900
3900
3901
3901
3903
3905
3906
3907
3908
3908
3908
3908
3909
3910
3912
3912
3914
3915
3916
3918
3920
3920
3921
3921
3921
3922
3922
3922
3924
3924
3925
3926
3926
3929
3930
3931
3932
3932
3932
3932
3936
3936
3937
3938
3938
3938
3938
3939
3940
3944
3944
3944
3945
3947
3950
3950
3951
3952
3953
3953
3954
3954
3954
3954
3955
3956
3957
3957
3957
3958
3958
3961
3962
3962
3963
3964
3965
3966
3968
3968
3969
3969
3972
3972
3973
3975
3975
3976
3977
3977
3977
3978
3981
3983
3984
3986
3986
3986
3986
3987
3988
3993
3993
3994
3994
3994
3996
3996
3996
3996
3998
3998
4000
4001
4001
4001
4002
4004
4004
4005
4006
4006
4010
4011
4013
4014
4014
4015
4016
4017
4018
4020
4020
4020
4020
4021
4022
4022
4023
4024
4024
4026
4026
4027
4028
4029
4029
4030
4032
4033
4033
4034
4036
4036
4037
4040
4041
4041
4043
4047
4047
4047
4048
4048
4049
4049
4050
4050
4051
4052
4052
4052
4053
4054
4054
4055
4055
4056
4061
4063
4067
4068
4068
4071
4072
4073
4075
4078
4079
4079
4079
4079
4081
4084
4087
4088
4088
4089
4089
4090
4090
4091
4092
4093
4093
4093
4096
4097
4101
4101
4102
4102
4105
4107
4108
4110
4110
4110
4111
4112
4113
4113
4114
4115
4116
4117
4118
4119
4120
4120
4122
4124
4125
4126
4127
4130
4131
4132
4133
4134
4135
4135
4136
4136
4138
4138
4141
4141
4143
4146
4146
4147
4150
4150
4152
4153
4154
4157
4157
4157
4158
4158
4159
4159
4160
4160
4160
4161
4161
4162
4162
4162
4162
4163
4163
4163
4165
4167
4167
4168
4169
4169
4169
4169
4170
4170
4172
4173
4175
4175
4176
4177
4177
4177
4178
4178
4178
4178
4179
4181
4184
4185
4185
4185
4186
4186
4188
4189
4189
4190
4190
4190
4191
4192
4192
4193
4195
4199
4200
4200
4202
4203
4203
4204
4204
4204
4204
4204
4205
4206
4206
4207
4207
4209
4210
4211
4211
4212
4213
4214
4215
4215
4216
4216
4216
4217
4218
4218
4219
4219
4219
4220
4220
4220
4221
4222
4222
4223
4224
4224
4224
4224
4225
4225
4225
4226
4229
4230
4231
4232
4234
4235
4235
4237
4237
4242
4244
4244
4246
4247
4249
4250
4251
4251
4252
4252
4253
4253
4254
4254
4256
4257
4257
4258
4260
4265
4267
4267
4268
4271
4271
4273
4274
4274
4274
4275
4277
4277
4279
4279
4279
4280
4282
4283
4284
4284
4284
4286
4286
4286
4287
4287
4289
4290
4292
4294
4296
4296
4297
4298
4300
4301
4302
4302
4303
4304
4304
4305
4305
4306
4306
4306
4307
4309
4310
4311
4312
4312
4313
4314
4315
4316
4316
4319
4319
4319
4320
4320
4321
4323
4323
4323
4323
4325
4325
4326
4326
4327
4327
4327
4328
4329
4329
4331
4331
4332
4332
4333
4334
4336
4336
4336
4336
4339
4339
4341
4343
4343
4344
4346
4347
4349
4351
4351
4351
4351
4352
4353
4354
4355
4356
4356
4358
4359
4360
4360
4361
4362
4363
4363
4363
4363
4363
4364
4364
4365
4366
4369
4370
4371
4372
4372
4372
4375
4375
4375
4375
4376
4376
4378
4380
4381
4381
4381
4384
4384
4384
4385
4386
4387
4387
4389
4389
4391
4391
4393
4394
4394
4397
4397
4398
4398
4399
4400
4400
4401
4403
4403
4403
4404
4404
4405
4406
4406
4406
4407
4408
4409
4411
4411
4411
4412
4412
4412
4413
4413
4414
4415
4415
4416
4417
4417
4417
4417
4418
4418
4419
4419
4422
4422
4423
4423
4424
4424
4424
4425
4426
4428
4428
4430
4430
4430
4432
4433
4435
4436
4436
4436
4437
4439
4439
4440
4441
4441
4441
4442
4442
4442
4443
4445
4449
4449
4450
4450
4450
4451
4451
4453
4454
4455
4455
4456
4456
4457
4457
4458
4458
4458
4459
4459
4459
4459
4459
4460
4460
4461
4462
4462
4464
4464
4464
4466
4466
4468
4469
4469
4469
4470
4471
4472
4472
4473
4473
4473
4473
4474
4476
4476
4477
4478
4482
4483
4483
4483
4484
4484
4488
4489
4489
4491
4491
4491
4492
4494
4495
4495
4496
4497
4497
4499
4500
4501
4501
4501
4502
4502
4502
4505
4505
4505
4506
4507
4507
4508
4509
4512
4513
4513
4513
4514
4515
4517
4518
4519
4520
4521
4521
4522
4524
4524
4529
4529
4530
4531
4531
4532
4534
4535
4537
4538
4539
4539
4540
4543
4543
4543
4544
4544
4545
4545
4546
4547
4547
4548
4548
4550
4550
4551
4551
4551
4551
4551
4554
4555
4557
4558
4558
4559
4560
4560
4560
4562
4563
4564
4565
4565
4566
4566
4566
4567
4567
4567
4568
4568
4568
4569
4570
4574
4574
4575
4575
4575
4576
4577
4578
4578
4580
4581
4581
4581
4581
4582
4583
4584
4587
4588
4589
4590
4590
4591
4592
4592
4593
4595
4595
4595
4597
4597
4599
4599
4600
4603
4603
4603
4604
4605
4606
4609
4609
4614
4614
4616
4618
4619
4619
4619
4620
4620
4620
4621
4621
4621
4622
4625
4626
4626
4627
4627
4628
4629
4630
4630
4630
4630
4632
4633
4633
4633
4635
4636
4636
4637
4638
4640
4641
4643
4643
4644
4645
4646
4647
4647
4648
4648
4649
4649
4649
4649
4650
4651
4651
4652
4653
4654
4655
4659
4662
4662
4663
4665
4665
4666
4667
4667
4668
4668
4669
4669
4671
4672
4672
4673
4673
4675
4675
4676
4677
4677
4677
4678
4680
4683
4683
4683
4684
4684
4685
4689
4689
4693
4694
4695
4696
4698
4698
4698
4701
4701
4703
4704
4705
4706
4706
4707
4707
4707
4708
4709
4709
4710
4710
4711
4713
4713
4713
4714
4714
4714
4714
4715
4718
4718
4718
4720
4720
4723
4724
4724
4725
4725
4727
4731
4731
4731
4734
4735
4735
4739
4739
4740
4740
4740
4743
4744
4746
4749
4750
4751
4752
4754
4757
4758
4759
4759
4760
4760
4760
4760
4761
4761
4762
4762
4763
4763
4764
4767
4770
4771
4773
4774
4775
4775
4775
4776
4776
4777
4777
4781
4782
4783
4783
4784
4785
4785
