73010704 2
11654502 61356202
9363
18266
34716
44501
47379
54753
64913
85629
88036
89218
96827
96830
98818
102874
110878
125265
125371
128255
132408
136423
139638
158962
193087
210965
227859
233192
235017
265668
267250
269656
279453
293010
321955
323732
340744
363260
364936
366659
367421
368223
370087
377865
398350
409490
419058
424136
429180
446662
473899
478339
481056
493800
502707
523155
540080
541733
555033
556923
557908
560708
562739
563146
572333
578102
585800
589537
592109
596021
596074
604219
607935
639623
643598
650116
653465
676072
677215
679515
701526
703178
713169
717656
731603
743501
747146
748364
751528
766375
777716
794057
810770
816047
841537
843001
848933
857590
875434
911455
924822
933690
938942
940735
940778
950835
956803
956930
978508
986104
999176
1014383
1023288
1032351
1044409
1047772
1054506
1068792
1078074
1117217
1126277
1130527
1134487
1135377
1154057
1155761
1168129
1180395
1180884
1186286
1197099
1214173
1216914
1223510
1248705
1268073
1269816
1274105
1285050
1286301
1289955
1292493
1294077
1309495
1311167
1319762
1322495
1325053
1327877
1333429
1342082
1342253
1345256
1355831
1355987
1369638
1401640
1410694
1420092
1420980
1427766
1432127
1434928
1455910
1456130
1462819
1466707
1487394
1488417
1491091
1491125
1507065
1512587
1526329
1530798
1533729
1538440
1540128
1552220
1565213
1567772
1572883
1581755
1583631
1600158
1603015
1610795
1611839
1611891
1613619
1635569
1645443
1645984
1660682
1665113
1683498
1689439
1694665
1695285
1697925
1700775
1702114
1714023
1731138
1731364
1732027
1732326
1753644
1770403
1780185
1787028
1791872
1808768
1809954
1813055
1816720
1819506
1820259
1820368
1826987
1840185
1847178
1850194
1874011
1885728
1889554
1902056
1924563
1929206
1935365
1943958
1968549
1988550
1988934
1995773
2010792
2019241
2031487
2032155
2037534
2057652
2068290
2081206
2111281
2118617
2138674
2147467
2154890
2158174
2164802
2170320
2194940
2206416
2215847
2218575
2222529
2227476
2231022
2231224
2234220
2244507
2260709
2265337
2268466
2276790
2286403
2289012
2290922
2294432
2297308
2319144
2324273
2324512
2324913
2337286
2337704
2377112
2390122
2395103
2402437
2404593
2408619
2416931
2418386
2419786
2425924
2435735
2456271
2457612
2463766
2472264
2472744
2485581
2498290
2507097
2508019
2518608
2525224
2540775
2566666
2568123
2575573
2579065
2586668
2588777
2590948
2593806
2599125
2608477
2609060
2611470
2613450
2617560
2617883
2641567
2646747
2649199
2655826
2658131
2666139
2672473
2675066
2686433
2689156
2692392
2715895
2721300
2729119
2739720
2744525
2755193
2768039
2780923
2792676
2799605
2801751
2806012
2809603
2825826
2831115
2831735
2833370
2836400
2839830
2840349
2853663
2854142
2857316
2868979
2906834
2926360
2928797
2951895
2952105
2957569
2963450
2964286
2965689
2972876
2974074
2978854
3007817
3008435
3015368
3026767
3033421
3050747
3051173
3071380
3071734
3073834
3075170
3083525
3083884
3093767
3110138
3114186
3127539
3133827
3155334
3155373
3168425
3175281
3177450
3188191
3205059
3206834
3211405
3215209
3216995
3218534
3221586
3238694
3239991
3250369
3265383
3266287
3267957
3278373
3281145
3282212
3289656
3308609
3319633
3321412
3322395
3326613
3327609
3334556
3336154
3347447
3357506
3372540
3374586
3378944
3379077
3381418
3391509
3393120
3396308
3398604
3398993
3402079
3436008
3438715
3455113
3458694
3474337
3500923
3503982
3512435
3513920
3515211
3527024
3554591
3563093
3573079
3576906
3577767
3583050
3588521
3593711
3600511
3610722
3616688
3622130
3623304
3631938
3632279
3641926
3677202
3690442
3704080
3704933
3706707
3717286
3718075
3722754
3727584
3734253
3738313
3747334
3758518
3758728
3766384
3769784
3774911
3786238
3798566
3800652
3808088
3809496
3815240
3829314
3852441
3870301
3874505
3875212
3884962
3893580
3895795
3900346
3914075
3915596
3915966
3925265
3941560
3953015
3961802
3974908
3977929
3996779
4008697
4009914
4025723
4027141
4042361
4046585
4056768
4066914
4074785
4079804
4085457
4091715
4093147
4099878
4125283
4129551
4135343
4138628
4144144
4147004
4155989
4174291
4187077
4189408
4194100
4211694
4219067
4238541
4239504
4245344
4245414
4249143
4279611
4281949
4294582
4296839
4299410
4314483
4320467
4337820
4339009
4339848
4345227
4370263
4382800
4390074
4394672
4397171
4401179
4406776
4407549
4413585
4427497
4445846
4454795
4458074
4465527
4467977
4468332
4474548
4477949
4483186
4484615
4484716
4488762
4490004
4512912
4515923
4517820
4522222
4527759
4529290
4539973
4540141
4544226
4587737
4594962
4596681
4597403
4604681
4605699
4611738
4612639
4623871
4641451
4679080
4679434
4684664
4700167
4719465
4727645
4734055
4742165
4742399
4746834
4775284
4788952
4789027
4802057
4802074
4814791
4819669
4821690
4834735
4837319
4837791
4847709
4848322
4850170
4861748
4862550
4864250
4865628
4870699
4872841
4875380
4880942
4890855
4895588
4903978
4911567
4919882
4920242
4921148
4925506
4928974
4931416
4949439
4951632
4958366
4974783
4974921
4977167
4998925
5005313
5010665
5013652
5015674
5021962
5023964
5031784
5037958
5038911
5040229
5073468
5080858
5081159
5093130
5097808
5107825
5113537
5124310
5125976
5128658
5148790
5163673
5177324
5187801
5200952
5204200
5211809
5213696
5219383
5220802
5227625
5229200
5233396
5237587
5237733
5243482
5254165
5263945
5278578
5283209
5286299
5287176
5287816
5288560
5291099
5295739
5295956
5299845
5312860
5321317
5324022
5326070
5328120
5343393
5347696
5351993
5361897
5371077
5383136
5401994
5405362
5423033
5425740
5439965
5441978
5448286
5457299
5461222
5476115
5476450
5479148
5480617
5483818
5503731
5515215
5520966
5528381
5545854
5603320
5634284
5648303
5652629
5656611
5669517
5670818
5675114
5676204
5681615
5685012
5686968
5700262
5712712
5718575
5739021
5740538
5746150
5748160
5749972
5752510
5756986
5757665
5761824
5762072
5766795
5784337
5789103
5802195
5812080
5820750
5820793
5829394
5829742
5831370
5836004
5836082
5840213
5840439
5859307
5860776
5870976
5894220
5904649
5906155
5910608
5925652
5933390
5939790
5945791
5972564
5977080
5979618
5982501
5993085
5993840
5997177
6008730
6020340
6024196
6027495
6028094
6052067
6057314
6058756
6069634
6070426
6082443
6099538
6104376
6114291
6124446
6135394
6137509
6141992
6150558
6185637
6198409
6213400
6225988
6230651
6230834
6234439
6235728
6238086
6261553
6265101
6277871
6282325
6294770
6295820
6300972
6310999
6312786
6339162
6345306
6346739
6355218
6357475
6360053
6381002
6384978
6394590
6415026
6415528
6417353
6423921
6429560
6433359
6468738
6479712
6481266
6485896
6486858
6487296
6492999
6499905
6513634
6517127
6519916
6527372
6543721
6543822
6545312
6554326
6565249
6568522
6569270
6572959
6582256
6593489
6603898
6613736
6641864
6652194
6665372
6675625
6686877
6696257
6698342
6700383
6701357
6725994
6740669
6756162
6756635
6760518
6768821
6769975
6786877
6787801
6793040
6802753
6807340
6819467
6822644
6843536
6864733
6869400
6872187
6872307
6876442
6886147
6888023
6891317
6891367
6894708
6904064
6904850
6913580
6926697
6933704
6939943
6942433
6981878
6985604
6990178
6997019
7041279
7067138
7067346
7078708
7098433
7108606
7109502
7113510
7128606
7141813
7157083
7157220
7161119
7166293
7169010
7171594
7177185
7214806
7223676
7237530
7250329
7253452
7254627
7257537
7270534
7283935
7298779
7299996
7305105
7325232
7328314
7349990
7351053
7362183
7365343
7373983
7416023
7440062
7469315
7471458
7483089
7485238
7486109
7508247
7509732
7536885
7544246
7544486
7545560
7547751
7568234
7587541
7592651
7597616
7599700
7608918
7616185
7624270
7636855
7641616
7646288
7654857
7660104
7661160
7667624
7677306
7679267
7689494
7699330
7702030
7706352
7709887
7715229
7735104
7735226
7736595
7743710
7743769
7748625
7752463
7754529
7755281
7763755
7776058
7784217
7790574
7796221
7809519
7820915
7823208
7831100
7833947
7846437
7849091
7854122
7855773
7861162
7863268
7870761
7898227
7898444
7898868
7910794
7924226
7932509
7943806
7950797
7955682
7956017
7966813
7967043
7967711
7969589
7969681
7970632
7978461
7980090
7984934
7985143
7989884
7994055
8013836
8024663
8025720
8042602
8043567
8068497
8069708
8083496
8085027
8105249
8112729
8115679
8117160
8127819
8155095
8167191
8169538
8170221
8172957
8185370
8190507
8197759
8200501
8238046
8247826
8251695
8254244
8255313
8257358
8273694
8277397
8289405
8289893
8298034
8299698
8315652
8319274
8320840
8345965
8367161
8374139
8374818
8378466
8387251
8393699
8398847
8407089
8420905
8423322
8424422
8460290
8472608
8477056
8480080
8483047
8493349
8494464
8502247
8503814
8515952
8517433
8521023
8527381
8539138
8542455
8546151
8550382
8559424
8577245
8593255
8610719
8615526
8625752
8626901
8629047
8647844
8673895
8680501
8700651
8709093
8709266
8727759
8732417
8739692
8768806
8788863
8793354
8799444
8818505
8822836
8844596
8845746
8848236
8857826
8859483
8867758
8870788
8876177
8879942
8890108
8897942
8899984
8900938
8902275
8907982
8909510
8909564
8916921
8919039
8926239
8928375
8943750
8948982
8951628
8972792
8973168
8982065
9000978
9006073
9006435
9006579
9009182
9021750
9022078
9023708
9025921
9074996
9079126
9094371
9096702
9100633
9109485
9113311
9119496
9132319
9152093
9154847
9157172
9161930
9180101
9180376
9183749
9183978
9184788
9189443
9190541
9194372
9199721
9216465
9216606
9223349
9226224
9228963
9229288
9236190
9242285
9256018
9257614
9258545
9262049
9265850
9275391
9280232
9288194
9293745
9313526
9315670
9321940
9330327
9333362
9353138
9354971
9360895
9362217
9377175
9379715
9385190
9388788
9394982
9395190
9395298
9395403
9412311
9416691
9427611
9434144
9443841
9450457
9460236
9460860
9461077
9463160
9464312
9472993
9487066
9494974
9497240
9519411
9519474
9525046
9530243
9533897
9536997
9554247
9564081
9575191
9583317
9590787
9592991
9594259
9595798
9623586
9624766
9626462
9641526
9647966
9659233
9663113
9675191
9680591
9685377
9692039
9694327
9695952
9721519
9722318
9724273
9737706
9745831
9778459
9786056
9794647
9802335
9816413
9817136
9820559
9822944
9828355
9830373
9838758
9841992
9849948
9851375
9860447
9864493
9867967
9869838
9871646
9880690
9888349
9892448
9895095
9897873
9904512
9912194
9914009
9915667
9920185
9922797
9923158
9924677
9931587
9944797
9946464
9948810
9953198
9959142
9971232
9971614
9986925
10013239
10021326
10047212
10053802
10075461
10084939
10091167
10093315
10098949
10114128
10116536
10118301
10119026
10120190
10123418
10126909
10138633
10139818
10148213
10155772
10170056
10178607
10187109
10187188
10187678
10188658
10189944
10214089
10225124
10242699
10247198
10254883
10260334
10268507
10274385
10284552
10287801
10290804
10302422
10317567
10326282
10329157
10334024
10336732
10341025
10347027
10350082
10350454
10350517
10355494
10363054
10366670
10376417
10383013
10385586
10394482
10395097
10401202
10421712
10422157
10433848
10436878
10440785
10454009
10459968
10472039
10472889
10478321
10478725
10481335
10496375
10513004
10514711
10550553
10572865
10580042
10580658
10593145
10602882
10603418
10605505
10608928
10616025
10622312
10627373
10635046
10636052
10651536
10654683
10655865
10663117
10668721
10674848
10677519
10686638
10690729
10712873
10728635
10731677
10738493
10751211
10763734
10772906
10784361
10808708
10816477
10818716
10827788
10830881
10837463
10851418
10857990
10864171
10869552
10871812
10880899
10893913
10899854
10902837
10912744
10932234
10947529
10954446
10955490
10989052
10999497
11000490
11011993
11021728
11032052
11045886
11047356
11049318
11067142
11073477
11074073
11081297
11085005
11087430
11099812
11103998
11113531
11120927
11140162
11140188
11147817
11156155
11166615
11167259
11169471
11183616
11192468
11193273
11195647
11206938
11216924
11243704
11244490
11280129
11280877
11281345
11283796
11285935
11287837
11296610
11297095
11297551
11307721
11308426
11315889
11323119
11328067
11339059
11371218
11396686
11398287
11403518
11412348
11417359
11443828
11445852
11464325
11471512
11482603
11485000
11501290
11507884
11515549
11518038
11518977
11525834
11528127
11531185
11539987
11549578
11561294
11572442
11573213
11577807
11588044
11590739
11591248
11611846
11619007
11619206
11626786
11640617
11651579
11688510
11702851
11705250
11722059
11729137
11743390
11746465
11749896
11786915
11790415
11790600
11792404
11797358
11808393
11818645
11826823
11827605
11828883
11840441
11849242
11859468
11868162
11870573
11873166
11888338
11891129
11894315
11895824
11903446
11904524
11904889
11912909
11918147
11920236
11924461
11924852
11926131
11935344
11943889
11945067
11948569
11956129
11965274
11967054
11969576
11979589
11987896
12000886
12011256
12017044
12017955
12020947
12021970
12037832
12043201
12044210
12051470
12087567
12094204
12095645
12099419
12101651
12104074
12120081
12125922
12126300
12128802
12154544
12154842
12156841
12159875
12177388
12178639
12188459
12192803
12202125
12204599
12216736
12253765
12261848
12276994
12284155
12288534
12295455
12304479
12305079
12315701
12318701
12321831
12328499
12329637
12329908
12339970
12343203
12358315
12360710
12360853
12370297
12373406
12401155
12404472
12408984
12416923
12421171
12425425
12438864
12441007
12441598
12441696
12452714
12457309
12467549
12485151
12492139
12497790
12523663
12532251
12532650
12533251
12534892
12540398
12558438
12559259
12563205
12565676
12572718
12607085
12611504
12613285
12617362
12617939
12627644
12644116
12645200
12649714
12671924
12672680
12680910
12684747
12691113
12692926
12695094
12701598
12706755
12710821
12731412
12734273
12734535
12740875
12756988
12762026
12770485
12770541
12779889
12781296
12788348
12798841
12805162
12811284
12813979
12814074
12816515
12830509
12830836
12845971
12848727
12851250
12868920
12874427
12883138
12890820
12891900
12893070
12902680
12911041
12911981
12916649
12926332
12929282
12943848
12945872
12946896
12947382
12951447
12960486
12968751
12983187
12986576
12992570
12998172
13014989
13033946
13035231
13045774
13055647
13065890
13080051
13080521
13092727
13094004
13099104
13119280
13121643
13136176
13142683
13142997
13144101
13147633
13149223
13161066
13180215
13195021
13199617
13203765
13212804
13224487
13226255
13232025
13237666
13241706
13245438
13271118
13278341
13282994
13301611
13305149
13319033
13319900
13323073
13342245
13344853
13351207
13353086
13354294
13358400
13359182
13361180
13395480
13403988
13412296
13415742
13418184
13422589
13428115
13428851
13430248
13447167
13449448
13450443
13452631
13468095
13468758
13478718
13479024
13486422
13501999
13503998
13505651
13505775
13509965
13517154
13524137
13525671
13526339
13526726
13540839
13552063
13564107
13572183
13575735
13577882
13582323
13582540
13595792
13608060
13615649
13623639
13626618
13628302
13630876
13632869
13644786
13653954
13663827
13667423
13669137
13669602
13683737
13685571
13693047
13694529
13695283
13697284
13700778
13705697
13714352
13721883
13722931
13725067
13733075
13736246
13744342
13746197
13768553
13775796
13780188
13794125
13805228
13819254
13826887
13828557
13833583
13842289
13845808
13852593
13852834
13864296
13865724
13865828
13867209
13884682
13891142
13891436
13901062
13918013
13918055
13925088
13937262
13947847
13955587
13960954
13977697
13983073
14002713
14015761
14020666
14029163
14045243
14060148
14067307
14082089
14114615
14120307
14140032
14143139
14145100
14148899
14155989
14156338
14157217
14157457
14184791
14190191
14190753
14199647
14203606
14212841
14228106
14230410
14231706
14234047
14242843
14252689
14257417
14259152
14263614
14264082
14264158
14266229
14283203
14286050
14290033
14296964
14297182
14304270
14316764
14317709
14320224
14336728
14351490
14356694
14359729
14365140
14367436
14372583
14374468
14384808
14392866
14397348
14404102
14434915
14436850
14443503
14447926
14457831
14457907
14487088
14500825
14503552
14519189
14519207
14520181
14521538
14523544
14523653
14545463
14545934
14558055
14568073
14570107
14570551
14584479
14584748
14585216
14599509
14604662
14608084
14608314
14616035
14632241
14632826
14636134
14637364
14641331
14642206
14647713
14649061
14672846
14680957
14685160
14686508
14706854
14720889
14726989
14747473
14754477
14754998
14760168
14768065
14768122
14777462
14795097
14811237
14831209
14834245
14847672
14853811
14859006
14862056
14867060
14885812
14895013
14934534
14936761
14940519
14940949
14945989
14951462
14964722
14986471
14989259
14999272
15005745
15018834
15023916
15025468
15056480
15064412
15076549
15086726
15089191
15092356
15093145
15101396
15103310
15114173
15128189
15144612
15158542
15180427
15194211
15202493
15212189
15237524
15243888
15243954
15246007
15248271
15249919
15260153
15265086
15265539
15265908
15268822
15272499
15272832
15279715
15283447
15287071
15295941
15296727
15303192
15304175
15308121
15311683
15319409
15322249
15325618
15335416
15339678
15344895
15374585
15380480
15380545
15385756
15388925
15403264
15419459
15419816
15423106
15452253
15460747
15465616
15467982
15486255
15497668
15497696
15507993
15508494
15517526
15529694
15529833
15530703
15531756
15539287
15543132
15545139
15551012
15555353
15557261
15557833
15586220
15604911
15608254
15612312
15628315
15629166
15632381
15635396
15639503
15648612
15658267
15665524
15671779
15675638
15688422
15697088
15698023
15701411
15703357
15714157
15720669
15730044
15743926
15751706
15761128
15774820
15785071
15786615
15793962
15798440
15799280
15801254
15802019
15804712
15809000
15809821
15814835
15820146
15826694
15828525
15828772
15871681
15873801
15891471
15892886
15921277
15936681
15940708
15947425
15955178
15957933
15972758
15978358
15991310
16005633
16009515
16010813
16012530
16020011
16021286
16059276
16076790
16079097
16108196
16110628
16111582
16128009
16132361
16139894
16141583
16141719
16155433
16166517
16173179
16176217
16184224
16187136
16187348
16194747
16202719
16212695
16214712
16215624
16216926
16222998
16236015
16239973
16254841
16258755
16261687
16296768
16297290
16298893
16300656
16306873
16321772
16322001
16323539
16324204
16333525
16342818
16356812
16359785
16375018
16376319
16389897
16394590
16397783
16397945
16411676
16412092
16423032
16429508
16459749
16468064
16479376
16490589
16530389
16536705
16536841
16548178
16568539
16574187
16579770
16580718
16588253
16600081
16623470
16627835
16637651
16638315
16654866
16664421
16666621
16669683
16681398
16698178
16705710
16717290
16744036
16755765
16762570
16767554
16787631
16813915
16815853
16818447
16824739
16844713
16844735
16850001
16863392
16871461
16874072
16878540
16892766
16893690
16909068
16914823
16915263
16920825
16926893
16944953
16951041
16951836
16954828
16960574
16961654
16962210
16964989
16965933
16968903
16970571
16985235
17021028
17022362
17022691
17023305
17026488
17030200
17030554
17039654
17047030
17056523
17067584
17070174
17083805
17090219
17107406
17111024
17111576
17120168
17120873
17123863
17131115
17145643
17168619
17181266
17182689
17184258
17188565
17189344
17228306
17251582
17258316
17258842
17271742
17279182
17300233
17300996
17301568
17304759
17306513
17307007
17319482
17345262
17349106
17358240
17383420
17396618
17397566
17413531
17427427
17451396
17455253
17466392
17468035
17476410
17492668
17499609
17512237
17514042
17519173
17528265
17543945
17544898
17563718
17577411
17588248
17591703
17595793
17607128
17609168
17609475
17624004
17625238
17629469
17636099
17641422
17651918
17653187
17677422
17695324
17704004
17709347
17710281
17712208
17724732
17732874
17734329
17737921
17755231
17757493
17760404
17765405
17779660
17785750
17791702
17794463
17803777
17841144
17842473
17843741
17844597
17859220
17864829
17869121
17869782
17875009
17876428
17912510
17927499
17935188
17943944
17944524
17945086
17949362
17953076
17953919
17965081
17966825
17986926
17988295
17991325
17991956
18005074
18014792
18015753
18037744
18055532
18059390
18060244
18066935
18076612
18077741
18081665
18085111
18090745
18109943
18116744
18125974
18129017
18142324
18152087
18153070
18165736
18177216
18195669
18212347
18244594
18247106
18249250
18252828
18258786
18266614
18271351
18284489
18292934
18296471
18300094
18303814
18306978
18312034
18325073
18336198
18347037
18357903
18357984
18361723
18362430
18364101
18368030
18370397
18373608
18383738
18386312
18392048
18392693
18398195
18411726
18413896
18416068
18423279
18432008
18443321
18445512
18449527
18451496
18465302
18465515
18472925
18476740
18497205
18505498
18518182
18528538
18532257
18554549
18565535
18592581
18594285
18600621
18605392
18605927
18609754
18632585
18635129
18635634
18657544
18667079
18671909
18694521
18698412
18705538
18712216
18713267
18715046
18717394
18717453
18731015
18733796
18738127
18756809
18780294
18789441
18798739
18798740
18803691
18805211
18812779
18814382
18826403
18830716
18845135
18845355
18849065
18849362
18861922
18865448
18871479
18876641
18913839
18915564
18925223
18941741
18950871
18966767
18969538
18985593
18986012
18986404
18996394
18996480
19006643
19008287
19012037
19016868
19022237
19030640
19037266
19037931
19038615
19044516
19048950
19065992
19066601
19068608
19073668
19093774
19095946
19099104
19100254
19106756
19131662
19137376
19137721
19163231
19165629
19165987
19167921
19168354
19168637
19182453
19205795
19235974
19247399
19266345
19268185
19269969
19275593
19277468
19309523
19310286
19350871
19353593
19357780
19376257
19390894
19391817
19398789
19412112
19415363
19425361
19434949
19436802
19466079
19472126
19479992
19493065
19516718
19532451
19536966
19549148
19550962
19585799
19590835
19596440
19601187
19601327
19605345
19610708
19627800
19640009
19650591
19666407
19669454
19671808
19684626
19688482
19700750
19728906
19729396
19742291
19753051
19785454
19791287
19798195
19798581
19801435
19809465
19810068
19832816
19839550
19844855
19846099
19846952
19848446
19853144
19858796
19862505
19871196
19871440
19873741
19877899
19878220
19881246
19892092
19893805
19910603
19924052
19925139
19933114
19942764
19943397
19949063
19950180
19954724
19965126
19972354
19983015
19988654
19994042
20021959
20026673
20028995
20032010
20037952
20048137
20052239
20057091
20057646
20057918
20063455
20065096
20072666
20074399
20076731
20080115
20092468
20103143
20112832
20121950
20122009
20122484
20131314
20138882
20144704
20147212
20155271
20157783
20178664
20185945
20187836
20207037
20210251
20224955
20225773
20252710
20252727
20260218
20304438
20306171
20315322
20337660
20344920
20345922
20346887
20351536
20374339
20376584
20390252
20399491
20403020
20407488
20408340
20417133
20426646
20430743
20446815
20483134
20487254
20495465
20502332
20502966
20514587
20523129
20523646
20525151
20527527
20532288
20536578
20547882
20568478
20582906
20594024
20600057
20605319
20608124
20612874
20613621
20621452
20625003
20630953
20633002
20636924
20644638
20645686
20655830
20658544
20664810
20668558
20672079
20677167
20678888
20680062
20680484
20681738
20709283
20709867
20713791
20729443
20731697
20732235
20740749
20745934
20764374
20772222
20779666
20812304
20816505
20817950
20839812
20843102
20851687
20853659
20855592
20858979
20884962
20893513
20908279
20908792
20909609
20912627
20925455
20933698
20933817
20935178
20942975
20960813
20964118
20972061
20978404
20984503
20987121
20988562
20990730
20996337
20999117
21011218
21012499
21027444
21042625
21043791
21045493
21056406
21063561
21063775
21080486
21090935
21096510
21098452
21113978
21133134
21143992
21150141
21161120
21162695
21171418
21173456
21189895
21197846
21200159
21203737
21208520
21219765
21235679
21237243
21243514
21281280
21318190
21320968
21323359
21326591
21332219
21333733
21347905
21358040
21360997
21369350
21374813
21376285
21395110
21399986
21409224
21413111
21430210
21430381
21433287
21439305
21444332
21453025
21475440
21486579
21493395
21495483
21513362
21523325
21525740
21526436
21532053
21534096
21538402
21542151
21542697
21550209
21559044
21561370
21563420
21583200
21583617
21585640
21612587
21620726
21622552
21640496
21642750
21647234
21651938
21662113
21679309
21684082
21686784
21688325
21692816
21723010
21744844
21746691
21748603
21749846
21759770
21760011
21760359
21764052
21777038
21783188
21793324
21797510
21808633
21815112
21820895
21827124
21827620
21831866
21861945
21871607
21876690
21878932
21886370
21890211
21904591
21920125
21928887
21929653
21941443
21948807
21952734
21954785
21958921
21962341
21974201
21978915
21994243
21995514
21997561
22001570
22002999
22005697
22012071
22022693
22044742
22051953
22053957
22056571
22059446
22062325
22064764
22073138
22079654
22081078
22087212
22087675
22089620
22102868
22107210
22108220
22113504
22116457
22126563
22128146
22138814
22141708
22148054
22158715
22170854
22172972
22180240
22185590
22191130
22201615
22208684
22212766
22220300
22227727
22232700
22241457
22243539
22245434
22259339
22287919
22296206
22311738
22317053
22343858
22348305
22348896
22361104
22363209
22376278
22377984
22380550
22382570
22394016
22404549
22418984
22420123
22421627
22430331
22475277
22488347
22497946
22498264
22501953
22506470
22508917
22509244
22536007
22539079
22544704
22552133
22555578
22561908
22566942
22603732
22629409
22641178
22646070
22661399
22661421
22667150
22675087
22680478
22695142
22707182
22707587
22717529
22719447
22722087
22723561
22730551
22731102
22738949
22744192
22747237
22766038
22766342
22769000
22783146
22783653
22797727
22825207
22829484
22850407
22851428
22871153
22876505
22881882
22884695
22903931
22916427
22922256
22925786
22929205
22929264
22936358
22963378
22966117
22976779
22987558
22991513
23003618
23008935
23009465
23011387
23022807
23028069
23030522
23040450
23043737
23044016
23047788
23049899
23056265
23056573
23057150
23057870
23061314
23062549
23066004
23070215
23073234
23073271
23073526
23076192
23076682
23078880
23080751
23091263
23098140
23114217
23115161
23120757
23122695
23134964
23139805
23142067
23155778
23164360
23168616
23205199
23209006
23211730
23216842
23230816
23233742
23234216
23247930
23253929
23265681
23277735
23277804
23279704
23289779
23297599
23302007
23317245
23332524
23350015
23358416
23362079
23378431
23379618
23383723
23383811
23383859
23401845
23408733
23421237
23426814
23428044
23429159
23451568
23453066
23456893
23461148
23465955
23479464
23489508
23511432
23518522
23535675
23553509
23558796
23581281
23606319
23613674
23617553
23617866
23626196
23648527
23674845
23675509
23686737
23689614
23692445
23703310
23704432
23719860
23725854
23733598
23742715
23754122
23758283
23758617
23763350
23770912
23776447
23782870
23784279
23805085
23812343
23838420
23856407
23857855
23861644
23864775
23869838
23883322
23892295
23907776
23941784
23943588
23944288
23947013
23961327
23964586
23968484
23973114
23974310
23975525
23978066
23981136
23981738
23993695
23994019
23998089
24004445
24004621
24006377
24007913
24014316
24019111
24030871
24033316
24036872
24052296
24054225
24055920
24058455
24063764
24066905
24070652
24079356
24084684
24085124
24086290
24088276
24094558
24098922
24130414
24132845
24133027
24151354
24155235
24157772
24167208
24175687
24182028
24200221
24200912
24202309
24209487
24222158
24224704
24235293
24237762
24247351
24247469
24276619
24277745
24294311
24314745
24323524
24329189
24331350
24360114
24361073
24371364
24388198
24404397
24404740
24419437
24422583
24438472
24441067
24442660
24453719
24457136
24466692
24472302
24477256
24506644
24506729
24509951
24519932
24542108
24551220
24552269
24552797
24557607
24560883
24569080
24572161
24580118
24581132
24592966
24594488
24595374
24600017
24603183
24604489
24604677
24606714
24608148
24609313
24617665
24623547
24639719
24657899
24661301
24662015
24663780
24682739
24682829
24696058
24724697
24729219
24729685
24730553
24742569
24763885
24769648
24774223
24775614
24791686
24798356
24803938
24827163
24835054
24840373
24844706
24854926
24859599
24869962
24891766
24892568
24906519
24914113
24938421
24947890
24949919
24955047
24956371
24967884
24969380
24972393
24979329
24979347
24989828
24990272
24995233
25005449
25010979
25015217
25023698
25033449
25035266
25061732
25063082
25078591
25086557
25091225
25098762
25102400
25110900
25114622
25120037
25154146
25156718
25164722
25165715
25167540
25174500
25188805
25190058
25194395
25194779
25196260
25198698
25208530
25210093
25217859
25219254
25220171
25220396
25223541
25232475
25236368
25245192
25247910
25258996
25268237
25269298
25271195
25274754
25278414
25295387
25297883
25299678
25314701
25323392
25323524
25354372
25371165
25381060
25391310
25391654
25392231
25394190
25397946
25413681
25431335
25433600
25436420
25442014
25447384
25469886
25479189
25488218
25490899
25494782
25507799
25515020
25517614
25533959
25545633
25565379
25565437
25568266
25569685
25580715
25580876
25593315
25602939
25603420
25625093
25626202
25633609
25645560
25659652
25661579
25669326
25671922
25673259
25674732
25675331
25675372
25684279
25686280
25701096
25705760
25721425
25733949
25741401
25767290
25777414
25783587
25787594
25818279
25835622
25836573
25839352
25847519
25847592
25852457
25853557
25858480
25860749
25865253
25873313
25874685
25884204
25892223
25893617
25901571
25936603
25939480
25953951
25981369
25993840
26000030
26000376
26004255
26009215
26011898
26013617
26018445
26019940
26023655
26024267
26030091
26048589
26055223
26057298
26061487
26074033
26075921
26077615
26078235
26078724
26087701
26088539
26095724
26116202
26122050
26141018
26175097
26176155
26188374
26188698
26190380
26190804
26194899
26200152
26201707
26203167
26206671
26211909
26215465
26218404
26226450
26229266
26233725
26242353
26253313
26265469
26266273
26302602
26306248
26307379
26310706
26342864
26347894
26351429
26356895
26376633
26383974
26391502
26428950
26440020
26443986
26456545
26458103
26460231
26473425
26484713
26490162
26494243
26497907
26501817
26508124
26517905
26523871
26526550
26529528
26560679
26564991
26574941
26597572
26599263
26609069
26628720
26636237
26637808
26637919
26641559
26649101
26673873
26677136
26685013
26694402
26702016
26751241
26773536
26785926
26791029
26807469
26809010
26811328
26820042
26845353
26852847
26858242
26863111
26867769
26883636
26885908
26887079
26891449
26911338
26914600
26918673
26920808
26932233
26935289
26942687
26947729
26954886
26956841
26967609
26971736
26996636
27004547
27014730
27017414
27018957
27030623
27036028
27042339
27050396
27051679
27061511
27065712
27092128
27093017
27101608
27115332
27151443
27154651
27156641
27163705
27170013
27189601
27197206
27198246
27207086
27214127
27214325
27230414
27232238
27233570
27236397
27238447
27262494
27275932
27278457
27285484
27286354
27298075
27304356
27319274
27324944
27333061
27339861
27340010
27345464
27347784
27349692
27354370
27360647
27362377
27364732
27372884
27373330
27386505
27393654
27403677
27427169
27444352
27449580
27453045
27454740
27467516
27473972
27494285
27500521
27502488
27514298
27529232
27543237
27544538
27545219
27553120
27553395
27572192
27572389
27574697
27581522
27583095
27583538
27584624
27584813
27585198
27590973
27606231
27609135
27622662
27626117
27641383
27650894
27657629
27665947
27673161
27674680
27678612
27678784
27691093
27697426
27703499
27710182
27715944
27727543
27731651
27736089
27754265
27764419
27765903
27774295
27774639
27804064
27816736
27822294
27823285
27833587
27851027
27853788
27857414
27867522
27902222
27903644
27910074
27932811
27936639
27942623
27957837
27970377
27975076
27976613
27977479
27980716
27984299
27993328
28014862
28017056
28031235
28031536
28050000
28057064
28080297
28107980
28108993
28133777
28160350
28164553
28165164
28170437
28172384
28204947
28209996
28213719
28234482
28244593
28250129
28257750
28260633
28261216
28263624
28264752
28277934
28296549
28296841
28307301
28323867
28327877
28327958
28328212
28337979
28343354
28349083
28353803
28361241
28363956
28369555
28373978
28378632
28378804
28379820
28386898
28387988
28388407
28395977
28397977
28404660
28409344
28417392
28424616
28436828
28443444
28445793
28456059
28468219
28469372
28476410
28489444
28493654
28497793
28500065
28502873
28515654
28524355
28531207
28536257
28538681
28540250
28553807
28555601
28558314
28567319
28575078
28577472
28598856
28616985
28622511
28623594
28626458
28629064
28656860
28658293
28670231
28686597
28696470
28715948
28720100
28740088
28742887
28746252
28750592
28759477
28761442
28761971
28784430
28788093
28797367
28802429
28832975
28837585
28848732
28856461
28864771
28884951
28885782
28918492
28919368
28921287
28938710
28947615
28950875
28952577
28953315
28964549
28964576
28975179
28976959
29003243
29008913
29019367
29023842
29031322
29039147
29044811
29048232
29053760
29061332
29065190
29065835
29068129
29071997
29075070
29076864
29086427
29104163
29108255
29110416
29110723
29123652
29129225
29130827
29131135
29152077
29155749
29162122
29176765
29196150
29197673
29224816
29234728
29241331
29242586
29244853
29245847
29265121
29275263
29293701
29299985
29302101
29305643
29310191
29312275
29330405
29340578
29341503
29360087
29362835
29376275
29384463
29407561
29423982
29426249
29428228
29430043
29441744
29453490
29460241
29466729
29483824
29496955
29508390
29510462
29522330
29523173
29526064
29527116
29536085
29564140
29587790
29599975
29605751
29608144
29614546
29614918
29619680
29620319
29625801
29628014
29639128
29650145
29662684
29709645
29718016
29725205
29750655
29753162
29763971
29764720
29768949
29775883
29780437
29783541
29788431
29796632
29804713
29812360
29815543
29816726
29823063
29825469
29843438
29848308
29849494
29854850
29861613
29863138
29868577
29883331
29887766
29902032
29916944
29928033
29935932
29952156
29953268
29953741
29955046
29959488
29960493
29992929
30003238
30013346
30025171
30027235
30041507
30046522
30051444
30059388
30065531
30065800
30073762
30084911
30085269
30086506
30103240
30110285
30113835
30117561
30126446
30132159
30140904
30144268
30151099
30161513
30161819
30180487
30184967
30187194
30199063
30207491
30218373
30220475
30228346
30245581
30259181
30265096
30270650
30275938
30277373
30280448
30287343
30290112
30297807
30309980
30328483
30333469
30333578
30355105
30357162
30358455
30363142
30365679
30366286
30381578
30403976
30407394
30410165
30420697
30421586
30433711
30434256
30442713
30458834
30464874
30467952
30471686
30472792
30474438
30474750
30492560
30497836
30499138
30505289
30507536
30533786
30542688
30543084
30543511
30553517
30556863
30557934
30564529
30567552
30568497
30575436
30588350
30603063
30608827
30609204
30610050
30616404
30616524
30633044
30633511
30634963
30635402
30643556
30657845
30662658
30664185
30697766
30705409
30706550
30713539
30718411
30721492
30724333
30738390
30740834
30748328
30751907
30753602
30759599
30760230
30767941
30773707
30781654
30783216
30785877
30805711
30808498
30810257
30816960
30824150
30838183
30865653
30873890
30892948
30893009
30899754
30918457
30923897
30925734
30932765
30932881
30938478
30948335
30950463
30956137
30971053
30974537
30981522
30989459
31005582
31005744
31005886
31018269
31025226
31026607
31027784
31030811
31040607
31044132
31044151
31050014
31057602
31067236
31086720
31090426
31090577
31091711
31097921
31105933
31128242
31132303
31133676
31143958
31147283
31148100
31153727
31158157
31160246
31173853
31185030
31185880
31190487
31195618
31200948
31210319
31221980
31222210
31222672
31237364
31243583
31250554
31251203
31252704
31268010
31274302
31276909
31282667
31300150
31327114
31332220
31332574
31339379
31340621
31344856
31356608
31378160
31381676
31394806
31395172
31402413
31409760
31421583
31425967
31451548
31469595
31474378
31491423
31495241
31542215
31543543
31550910
31571468
31584263
31584664
31590726
31598662
31599568
31621908
31631115
31633671
31639862
31641364
31646101
31654513
31671313
31675804
31679163
31684245
31688916
31696878
31698646
31701226
31720373
31723341
31724647
31729110
31745178
31747003
31754508
31762531
31772981
31793205
31804073
31820611
31824137
31875127
31884503
31925515
31925926
31932102
31937730
31948028
31955358
31959540
31966740
31972345
31979915
31994862
32008806
32011346
32013682
32052382
32052719
32059615
32064484
32072103
32075310
32076318
32078488
32082054
32084760
32085311
32093337
32109299
32123033
32139767
32143074
32144123
32146721
32149946
32163851
32167117
32172222
32172805
32185437
32186622
32189329
32190836
32191920
32203643
32210242
32213111
32230868
32234409
32237147
32246639
32250356
32251713
32262221
32275048
32288349
32289093
32292891
32296628
32299423
32304681
32310725
32310956
32323026
32329957
32333448
32335846
32348074
32352400
32353241
32354227
32361143
32391796
32395748
32397677
32397883
32402079
32402200
32415654
32426173
32430583
32430623
32440015
32454598
32460317
32461075
32465387
32473756
32476593
32476985
32481007
32482924
32490416
32505383
32509519
32520720
32523632
32539996
32556345
32558086
32558612
32561187
32572957
32576665
32580619
32583952
32586224
32586543
32595594
32595987
32598858
32601252
32605357
32606893
32619192
32669722
32674140
32679324
32679910
32681538
32686601
32709548
32716775
32726989
32740930
32748077
32763416
32769232
32777702
32781117
32783517
32788342
32793376
32810244
32813319
32820596
32823028
32827797
32846099
32847440
32851344
32871969
32873746
32874596
32883428
32886969
32932215
32945053
32946532
32952571
32969703
32975526
32976598
32991852
32997593
33006068
33020343
33020826
33026270
33036711
33042394
33042625
33043355
33050839
33052715
33070982
33081877
33089839
33103638
33108648
33121335
33145242
33151097
33154081
33169706
33194397
33210839
33239057
33239161
33260984
33263495
33272565
33285610
33288225
33290037
33301018
33302451
33318544
33329023
33330078
33335031
33337426
33338082
33343546
33349872
33356250
33366121
33372292
33374102
33375056
33380435
33389027
33401547
33442269
33473942
33474023
33477931
33479548
33480748
33485347
33493188
33494327
33508084
33513594
33517193
33518246
33533430
33538881
33552163
33555420
33558953
33564546
33565181
33613305
33613657
33616957
33623500
33633673
33635580
33639003
33673547
33677181
33680320
33681545
33688402
33689617
33728954
33738639
33741340
33747137
33750773
33756588
33761230
33766244
33771344
33777161
33791796
33794288
33798268
33810527
33811531
33812989
33830079
33834028
33843589
33847400
33861091
33861946
33865751
33869867
33875132
33875734
33895636
33900878
33912089
33912318
33916459
33916511
33922808
33935482
33947979
33955018
33972764
33977278
33984219
34011018
34021034
34028742
34030151
34040617
34046994
34051697
34054470
34071806
34076227
34079121
34081222
34092772
34095614
34112503
34117322
34136450
34150001
34157250
34160496
34187419
34187503
34197883
34204774
34204958
34208039
34212596
34214125
34218126
34220745
34242929
34249591
34255654
34259446
34263743
34268285
34268451
34275921
34277012
34281953
34282739
34282804
34294224
34295638
34299833
34302203
34304570
34310345
34316633
34319806
34331470
34335489
34339988
34350186
34351708
34361027
34371671
34375370
34375862
34376035
34403153
34418686
34431721
34431793
34448022
34451796
34469287
34477096
34482983
34486476
34507513
34509197
34512184
34513724
34519009
34523586
34536301
34537251
34541111
34543381
34560207
34564384
34566602
34566961
34569570
34573345
34580345
34589750
34593240
34605294
34614262
34624755
34633103
34641912
34650505
34662528
34665786
34666310
34675285
34689657
34699668
34719133
34720431
34723181
34729218
34729786
34731114
34732941
34737354
34740246
34747789
34757898
34769061
34778527
34783603
34788395
34790786
34791819
34797102
34808105
34810039
34813593
34830962
34832565
34833907
34840951
34843535
34845833
34846066
34847375
34849951
34850905
34856102
34863786
34863952
34869756
34880333
34890105
34893854
34894951
34903309
34905521
34916294
34918196
34920691
34932927
34954966
34958941
34965423
34971334
34977039
34984935
34993969
34998674
35002182
35008479
35017440
35021182
35021610
35024760
35026919
35029795
35036305
35043017
35043399
35043901
35044137
35045706
35066789
35071043
35087033
35096345
35098388
35103256
35111964
35131085
35138726
35145744
35157880
35168078
35205240
35205351
35206077
35211245
35246111
35253327
35266450
35268069
35270070
35281508
35281569
35287785
35295788
35297433
35304792
35312091
35330602
35363816
35382361
35395412
35396387
35399535
35404206
35428880
35446004
35446988
35456047
35457497
35460786
35490717
35493994
35500062
35505497
35513856
35515407
35532640
35534843
35543305
35563067
35570074
35570993
35573352
35577272
35580436
35601861
35620079
35624161
35625764
35630227
35655437
35676153
35677037
35679467
35689118
35724990
35740282
35745121
35755049
35760353
35763239
35765368
35802320
35805503
35810160
35816423
35828814
35851448
35863214
35869251
35870265
35871683
35877676
35883961
35884781
35898346
35900116
35900511
35908701
35909922
35918693
35936140
35937417
35955343
35955746
35964748
35965164
35975978
35993001
36017236
36034062
36034161
36035837
36037468
36045968
36058834
36065764
36072803
36079573
36082771
36094363
36122225
36124216
36132080
36146859
36151733
36165205
36166626
36173990
36183481
36185965
36186220
36193928
36195284
36197928
36202187
36210374
36210601
36223850
36224589
36224876
36234474
36235946
36237694
36242409
36242457
36243964
36248608
36257576
36264023
36269185
36272793
36273855
36289974
36295614
36296572
36303294
36303956
36312830
36316318
36317808
36318905
36328826
36346089
36348122
36356819
36368132
36370638
36371852
36377455
36380925
36389383
36390550
36391601
36392790
36396515
36396861
36397368
36398333
36406802
36417025
36424009
36430987
36439770
36452488
36453153
36461965
36474231
36481611
36486127
36492147
36506804
36509290
36519937
36524096
36531135
36534659
36535590
36541469
36570366
36575314
36575362
36575658
36577813
36582556
36588328
36588567
36596707
36599276
36607821
36610416
36622090
36623823
36632086
36677900
36682608
36690194
36691812
36702779
36703255
36703507
36718349
36732939
36736833
36757134
36758263
36758791
36767943
36790319
36793875
36797327
36813368
36819728
36824396
36827581
36841420
36855955
36885344
36890259
36894111
36902242
36911041
36914822
36919442
36921990
36923019
36942603
36948377
36954771
36954908
36955397
36961665
36965590
36967375
36977245
37011802
37012921
37023296
37032738
37036133
37043776
37053005
37060492
37067542
37080274
37103681
37106522
37112142
37115382
37120484
37125423
37149652
37151877
37155950
37159227
37162490
37166959
37171861
37200250
37204389
37208605
37216054
37222944
37223480
37223945
37247555
37255920
37263583
37266275
37269078
37277432
37278069
37284412
37295413
37302076
37303515
37314087
37319853
37321450
37324227
37330323
37352514
37352628
37353600
37355263
37357434
37361604
37369343
37378732
37384064
37392713
37402185
37411773
37419124
37431190
37436899
37451284
37454751
37454931
37465064
37473839
37475340
37480394
37480566
37480585
37482908
37487259
37489097
37489641
37504521
37510897
37511903
37512378
37520314
37529088
37530380
37534496
37534528
37547655
37551717
37553654
37574326
37597290
37598636
37605860
37613146
37613253
37624127
37625893
37631855
37633054
37638140
37639156
37655097
37658401
37669288
37670703
37677961
37678205
37686589
37691622
37691757
37702249
37734091
37739946
37759740
37763192
37765323
37774596
37781645
37783733
37786048
37794649
37803919
37816241
37869775
37882227
37885863
37889984
37902882
37910032
37910236
37926149
37949647
37954046
37954384
37962544
37982176
37982700
37986617
37991946
38001865
38013933
38028735
38032961
38037501
38060534
38060867
38091076
38096824
38118327
38130721
38132482
38156192
38160063
38166657
38179117
38192056
38197592
38206490
38221137
38232729
38251969
38257225
38265104
38270728
38273323
38291044
38296110
38298536
38306170
38314603
38314698
38317433
38318094
38321251
38323966
38329228
38336241
38340585
38353372
38353441
38369612
38370602
38377804
38378586
38381983
38385509
38402029
38412565
38423870
38431173
38457278
38457557
38459012
38460773
38472621
38476929
38481422
38488998
38492290
38497199
38504669
38508739
38512065
38519740
38529949
38532250
38534743
38536206
38541081
38543185
38553830
38572433
38605572
38608125
38612148
38619937
38624228
38631505
38644736
38656555
38659905
38660031
38667160
38670189
38671715
38672035
38692117
38697233
38697797
38712963
38726085
38755241
38757328
38763043
38763991
38766362
38769198
38769754
38779912
38790842
38800982
38844121
38854647
38865934
38867705
38870104
38873730
38906068
38921705
38924007
38937602
38992085
38998681
39018791
39020193
39033062
39036067
39036427
39051606
39064221
39075218
39077406
39091227
39101236
39111621
39125660
39140889
39154235
39155688
39164408
39169851
39181067
39183822
39193005
39193161
39196488
39197313
39200323
39202775
39220907
39228797
39230499
39245474
39260128
39265618
39266297
39269289
39276888
39277368
39282954
39288300
39294819
39295436
39300558
39303311
39303661
39317765
39331182
39347241
39353542
39354277
39383880
39384294
39406104
39412651
39424052
39431455
39433270
39475155
39480102
39487665
39494203
39509170
39510118
39512371
39513433
39530737
39539063
39539364
39542600
39549503
39554733
39554912
39560583
39569337
39574853
39585962
39587050
39607135
39622233
39627553
39637520
39638405
39664109
39674501
39691036
39717553
39722552
39730843
39752840
39752857
39758236
39759417
39762104
39770379
39774822
39775663
39777387
39787217
39790464
39810514
39811419
39813021
39827215
39835816
39841546
39849035
39849429
39880640
39885109
39901318
39903314
39916411
39923594
39940163
39945532
39957748
39961916
39966294
39973502
39973922
39976276
39979570
40006157
40006344
40008743
40012588
40019594
40022426
40026200
40029053
40040044
40053502
40058701
40060518
40079737
40086355
40091144
40106596
40114858
40126760
40126899
40138758
40151062
40166416
40167235
40182406
40201715
40206905
40213170
40222382
40224428
40227706
40237535
40245843
40246144
40248071
40249240
40265752
40278034
40289897
40307341
40312236
40316393
40319185
40340198
40345920
40363502
40368349
40369664
40388348
40392701
40406112
40416060
40435328
40436730
40452934
40463364
40465137
40469889
40471719
40479146
40496887
40512551
40515587
40533763
40535693
40554557
40556653
40563113
40563287
40582202
40586597
40587292
40588841
40600269
40609878
40620924
40627003
40631808
40637857
40643568
40647529
40648009
40657702
40664533
40681353
40684897
40687230
40694170
40699588
40704081
40709014
40718005
40745224
40746519
40763263
40764240
40764580
40766902
40772718
40772964
40778228
40783575
40794757
40801166
40840169
40844005
40850925
40852237
40886999
40888427
40888995
40897597
40901966
40902742
40915841
40938947
40945699
40949837
40950833
40952987
40955988
40959348
40969928
40973671
41002227
41022148
41031597
41036149
41041179
41042128
41043443
41054339
41056289
41064436
41076840
41077600
41104845
41105964
41109032
41113417
41115960
41129215
41139564
41158319
41162618
41163181
41192695
41196867
41197474
41198982
41201573
41202179
41203121
41209316
41213975
41227301
41230730
41231861
41235474
41242993
41244119
41245531
41263409
41268407
41276189
41278218
41280599
41287061
41290945
41306792
41320774
41328272
41330236
41341005
41351899
41356077
41357146
41358113
41375996
41387596
41389426
41392257
41401456
41410702
41424274
41427338
41459118
41462378
41466827
41469594
41481595
41486276
41486981
41491416
41510502
41533529
41542019
41544140
41546722
41554749
41563487
41569405
41579367
41581063
41586041
41590767
41591954
41595563
41597652
41598134
41604215
41604601
41626119
41629888
41645881
41647665
41665574
41667201
41670371
41674080
41676573
41678220
41679455
41681932
41682621
41695002
41704713
41716497
41724764
41737222
41745605
41763865
41782838
41785099
41792519
41794320
41801529
41816424
41820468
41826619
41843615
41865797
41868053
41870354
41874175
41875951
41880094
41890044
41892067
41893650
41904748
41908663
41914196
41918689
41928697
41937551
41938332
41961044
41965545
41968081
41977212
41982233
41983925
41991641
42002571
42005127
42006922
42014713
42016624
42016757
42020680
42025548
42026068
42028502
42045231
42046171
42046598
42047649
42058918
42060798
42068950
42075876
42080139
42100806
42105459
42105824
42113850
42122129
42128226
42128674
42133279
42134028
42160140
42165820
42172829
42175632
42176330
42179465
42193624
42197808
42198165
42203167
42209975
42216064
42227326
42229453
42234291
42250925
42255965
42256440
42265889
42267086
42270989
42295724
42300868
42306437
42306766
42311843
42314841
42319321
42322142
42323005
42324469
42336505
42337324
42338019
42338902
42345047
42350439
42353379
42360975
42361496
42366733
42381184
42385259
42392780
42404020
42414444
42435592
42438632
42445565
42472881
42475336
42477374
42485041
42492085
42492328
42494123
42498509
42511349
42517738
42518989
42534310
42545188
42549002
42558855
42569178
42569681
42607034
42612616
42623682
42646257
42658757
42660360
42664240
42664475
42673020
42675038
42679129
42688419
42691953
42692606
42698274
42710221
42711315
42720243
42722998
42742771
42743315
42745638
42747506
42756078
42761531
42764785
42773394
42797577
42814418
42818235
42868512
42880159
42881002
42881632
42893912
42894024
42895734
42903163
42908332
42909498
42928357
42935215
42943701
42946143
42946210
42962981
42978146
42982268
42988711
42998446
42999056
43002995
43003531
43004239
43009426
43009952
43012633
43021022
43035300
43056439
43071963
43078255
43086455
43091604
43105328
43112553
43125220
43132075
43182724
43185457
43186857
43188310
43193860
43194213
43201080
43201449
43206668
43212054
43216065
43220756
43248139
43248487
43257674
43269726
43275942
43282454
43283804
43285951
43302079
43314845
43320609
43331144
43346968
43361625
43381458
43382970
43383531
43384866
43391194
43405460
43407270
43421772
43426529
43430589
43431732
43433182
43439368
43458696
43460387
43473056
43476192
43476984
43481502
43497579
43515675
43523181
43530084
43535545
43544160
43545935
43559842
43562002
43569428
43571373
43584215
43591472
43598086
43599564
43600996
43639451
43651247
43665912
43666532
43670588
43671860
43681663
43681731
43691086
43695797
43700837
43702333
43704654
43712410
43716390
43723863
43725471
43725836
43726514
43733534
43740147
43744990
43775424
43787479
43793498
43795681
43801521
43805637
43833264
43842827
43859460
43861313
43876266
43888607
43889507
43889577
43899579
43904694
43922471
43929446
43934517
43951944
43952790
43996278
44007120
44010842
44019491
44023967
44028242
44036278
44045399
44046429
44055414
44057075
44081207
44081325
44086863
44088723
44090983
44106376
44106387
44108865
44121731
44121895
44126811
44129159
44133062
44139488
44145185
44169057
44204062
44204866
44211642
44219691
44224372
44226749
44247930
44258733
44260789
44263342
44270091
44278173
44285886
44286580
44291312
44295353
44296794
44306510
44323469
44323564
44330459
44332787
44336952
44349273
44350233
44363670
44375476
44375830
44397934
44400719
44417188
44420108
44421549
44427105
44438586
44440880
44445675
44462483
44471562
44476213
44476634
44483060
44510330
44510831
44511777
44514693
44526785
44527719
44530826
44564429
44579244
44587741
44594559
44603054
44609753
44645996
44651558
44664081
44673348
44677155
44683715
44714739
44718068
44723574
44733851
44735604
44766666
44775088
44780499
44805696
44809330
44814222
44818892
44822438
44826405
44836180
44855141
44859860
44865490
44880092
44884805
44887344
44894381
44898877
44899944
44903259
44910613
44920465
44947444
44948548
44960472
44964807
44983789
44996828
45007879
45008280
45011198
45015618
45020044
45027726
45028534
45039793
45050733
45067051
45071108
45090446
45117167
45127912
45140937
45174113
45190406
45213031
45220204
45224133
45227205
45244686
45251088
45262456
45285264
45287861
45301718
45306173
45339492
45350233
45353032
45353630
45356447
45357069
45357308
45360026
45365624
45369870
45377993
45380863
45387451
45400317
45402513
45412104
45424275
45430906
45441805
45442267
45446215
45446536
45449446
45457615
45472950
45474066
45487315
45499488
45501552
45502882
45524329
45539979
45541535
45543001
45544951
45554529
45567665
45575978
45580025
45588450
45592176
45603297
45606012
45606738
45615716
45616216
45621959
45631504
45643697
45647331
45647962
45653951
45666948
45697324
45700061
45711196
45715416
45719434
45727482
45731699
45735689
45736253
45737144
45755562
45758027
45758068
45767896
45771294
45794636
45796309
45798426
45799586
45801827
45807467
45818105
45821226
45839515
45858222
45859818
45867460
45873735
45877484
45885456
45906143
45922017
45941317
45947436
45952148
45962236
45973748
45995950
46017765
46032332
46032953
46033959
46062660
46063718
46077052
46090028
46090160
46099302
46106337
46115755
46125077
46130700
46134135
46136202
46136730
46154426
46157302
46159064
46167116
46171302
46188145
46189659
46190785
46197631
46202559
46206172
46221125
46222961
46224621
46230236
46230996
46237959
46242279
46242654
46243265
46243583
46244303
46252912
46257735
46259179
46263594
46287055
46293047
46297189
46297618
46307082
46310601
46325047
46338803
46339069
46355680
46356333
46364658
46381777
46384095
46385762
46392478
46392705
46397316
46397571
46403050
46412933
46439458
46464024
46465631
46465813
46469352
46473682
46475779
46476134
46490907
46501852
46513318
46513965
46514291
46514411
46518087
46548411
46555171
46559439
46566765
46581495
46581620
46600329
46600700
46615779
46616843
46622696
46623404
46627193
46634958
46638717
46646735
46648507
46649736
46660117
46664670
46683400
46695046
46701955
46720701
46747248
46755007
46773528
46779584
46781749
46804245
46804540
46812507
46818581
46825782
46828783
46830272
46835068
46836508
46840283
46844543
46854526
46854587
46864092
46877947
46886402
46893307
46899955
46907792
46907961
46908673
46912128
46917134
46921163
46943409
46943718
46945046
46945712
46947650
46956797
46966357
46991470
46996365
47001452
47026150
47026480
47039995
47043844
47059624
47062586
47069326
47071925
47084846
47099980
47105184
47117178
47119500
47121697
47126669
47132572
47139300
47141723
47141731
47142075
47159176
47159785
47160913
47169659
47194105
47199074
47210653
47214831
47222221
47228038
47234745
47243894
47249009
47249019
47266290
47274505
47286280
47298549
47307590
47321469
47329693
47330529
47334746
47335534
47341572
47345058
47345305
47354895
47360261
47362897
47366016
47367234
47371162
47382939
47387740
47397556
47403723
47423414
47427108
47436977
47450080
47452879
47458095
47461486
47463354
47468307
47483556
47484906
47494192
47500872
47510696
47521687
47547748
47552077
47556102
47558363
47562412
47570345
47595377
47599155
47599205
47610241
47613723
47627426
47635558
47638400
47638531
47649686
47673706
47674186
47695690
47701997
47719626
47729592
47747620
47753617
47765568
47775344
47791905
47794242
47796285
47812006
47828813
47845017
47849821
47851402
47853115
47861929
47870199
47873477
47883805
47887833
47889936
47908552
47910180
47918516
47949407
47950088
47953453
47953492
47958509
47958522
47960692
47980992
47981773
47992892
47993720
48005951
48009336
48015857
48017436
48023955
48033496
48036678
48058108
48068665
48073134
48091886
48098251
48101313
48109618
48121824
48128549
48130825
48140046
48146405
48162841
48181049
48193291
48221064
48245244
48252363
48255230
48255708
48262733
48274197
48274953
48279760
48304610
48308541
48325873
48329609
48332829
48338093
48339514
48345417
48351116
48371469
48395268
48398792
48411628
48412900
48414592
48415460
48417914
48420696
48425675
48425929
48430706
48477362
48482133
48500072
48500592
48509295
48512692
48521249
48549987
48555581
48558124
48569705
48576449
48579915
48589149
48606512
48609314
48614294
48621213
48623630
48635706
48644599
48644616
48644939
48654824
48668635
48672662
48673988
48685296
48689959
48703473
48761140
48763490
48778776
48790801
48800310
48804056
48809127
48811973
48815290
48815766
48816798
48832326
48839897
48842991
48856232
48864719
48873612
48882844
48883410
48898941
48901959
48905223
48914152
48914766
48915628
48918443
48919574
48932634
48940136
48946304
48981696
49023009
49025005
49035797
49037808
49038584
49041454
49049015
49081351
49086412
49095011
49095570
49099772
49103280
49104184
49113147
49116692
49118188
49119479
49122830
49124467
49124473
49125994
49136946
49145439
49152387
49152662
49155063
49172341
49178490
49183287
49184387
49195259
49197264
49202589
49202785
49209765
49226220
49231938
49235404
49245520
49249544
49252828
49258440
49266912
49270293
49289871
49297410
49330604
49331356
49338401
49350580
49356538
49357205
49360913
49382672
49388993
49389506
49397176
49414512
49414596
49420208
49433181
49435514
49440682
49446030
49481333
49486269
49501121
49501771
49503453
49512192
49523727
49529804
49565550
49581840
49584027
49587099
49587809
49598574
49617157
49623309
49626224
49659032
49662250
49682685
49689045
49703436
49703536
49707605
49715038
49718513
49718663
49727233
49732033
49747385
49765188
49784191
49784931
49787048
49800768
49805056
49813567
49822482
49823388
49824672
49831377
49836654
49844967
49850198
49850805
49862872
49883375
49891776
49930561
49943412
49952518
49969322
49972741
49980651
49982595
49990104
50002012
50009595
50018130
50025053
50030590
50046506
50053883
50059382
50064857
50068892
50069343
50077093
50083930
50087553
50088007
50097731
50106814
50120728
50123980
50129606
50134295
50158609
50160989
50164231
50175312
50177263
50180372
50190032
50204458
50213414
50214895
50216051
50216276
50225413
50231138
50241517
50244801
50257702
50260316
50263278
50265988
50283735
50289899
50334041
50336489
50363048
50385834
50391140
50391264
50410286
50411043
50415075
50425502
50439532
50443822
50450903
50457120
50465147
50467994
50474372
50476293
50481741
50488927
50503630
50511258
50518922
50528922
50532966
50546834
50552154
50565005
50571452
50575901
50581485
50582515
50610366
50628607
50633889
50639875
50657104
50662512
50662661
50671734
50675661
50679351
50689197
50697666
50701685
50705576
50715500
50719440
50722091
50735886
50739801
50749341
50764994
50770985
50772586
50774247
50791261
50792713
50798096
50827631
50828772
50830306
50839699
50842273
50842453
50844134
50848678
50849587
50856370
50857865
50862860
50870335
50879744
50895514
50902900
50916040
50916938
50929994
50934307
50936230
50940504
50941116
50995102
51000213
51004216
51015319
51017239
51019649
51029723
51038687
51040299
51052287
51055422
51056712
51065704
51087186
51095159
51096536
51098593
51100222
51100685
51104637
51105975
51111128
51117195
51120466
51129223
51142393
51149229
51149790
51166505
51169580
51171787
51178037
51188680
51191153
51197100
51218889
51220991
51222188
51225433
51226975
51231756
51238326
51240026
51240504
51249372
51258974
51262976
51274277
51279480
51285769
51286129
51300414
51302594
51306535
51310251
51314210
51317155
51334370
51366384
51368887
51401773
51410878
51413921
51415998
51420228
51424846
51424846
51453057
51457230
51474018
51482303
51485100
51486909
51488069
51490840
51496158
51517409
51518829
51526671
51527623
51535633
51536497
51538499
51545266
51556225
51559788
51563744
51564350
51572748
51575626
51594837
51597917
51599225
51599394
51601639
51604941
51611284
51633935
51635135
51654499
51679893
51695279
51706537
51721668
51721977
51723519
51730701
51730889
51733763
51744694
51747582
51758450
51758549
51759636
51763036
51765456
51775882
51778154
51787249
51801359
51801609
51801776
51802268
51802997
51807337
51812323
51812865
51819743
51819850
51826757
51864257
51875256
51875841
51880919
51919182
51940095
51940142
51941092
51949453
51952095
51963632
51968111
51978438
51978463
51981808
51990041
51990880
51996716
52002170
52006296
52007800
52028842
52033605
52042367
52056595
52061358
52061755
52092489
52095088
52103688
52115590
52118032
52119217
52129715
52131816
52135291
52167071
52172007
52179036
52183145
52192022
52196678
52206405
52208665
52215499
52224333
52227147
52232952
52260626
52274804
52292974
52303959
52315754
52323708
52333584
52334075
52373572
52374876
52385578
52391536
52413256
52421498
52423952
52430921
52438285
52444110
52447306
52462163
52464494
52468171
52473195
52498381
52500204
52515202
52517136
52518063
52519748
52521512
52522158
52524982
52528095
52534714
52535792
52538460
52554955
52561308
52561758
52569782
52576647
52582486
52588193
52589204
52599526
52603139
52633215
52639045
52639271
52647321
52656496
52664721
52673262
52696555
52703856
52707713
52708160
52709197
52713672
52724847
52734350
52744210
52762818
52766979
52768133
52768142
52780277
52784225
52789888
52804086
52806410
52814427
52819739
52822814
52827686
52829092
52854235
52857210
52860342
52870570
52873461
52873908
52875293
52880417
52882645
52886404
52909163
52909641
52910675
52911556
52926341
52936697
52946330
52947525
52953749
52959063
52976750
52983385
52988576
52990047
53004032
53004915
53025964
53028201
53032372
53038679
53038970
53043267
53043684
53066258
53078795
53085086
53085138
53092516
53097197
53100528
53101753
53104492
53120845
53145305
53155003
53179471
53183152
53190814
53213094
53254731
53256080
53266299
53276684
53282748
53285597
53293506
53302412
53314236
53314994
53328358
53331727
53332675
53342503
53344401
53381836
53386267
53386412
53392358
53392944
53416409
53418017
53426257
53426274
53434164
53438005
53441214
53442974
53446673
53447424
53448846
53449326
53457325
53457334
53472640
53498157
53528996
53540535
53543035
53549289
53556459
53565412
53565537
53573012
53573625
53575159
53587367
53592529
53606334
53612341
53627093
53656347
53657626
53680484
53705840
53721109
53723286
53723411
53725563
53726224
53732862
53741953
53743214
53780153
53835881
53848560
53854276
53855475
53879087
53884319
53888922
53891648
53893575
53903617
53908245
53912880
53923029
53934705
53935852
53953841
53954785
53961438
53962332
53962433
53962514
53964573
53968435
53975161
53990222
53991750
53992332
53995264
54000394
54001929
54008005
54009836
54014467
54017242
54019403
54020406
54020589
54021655
54029541
54033366
54035299
54037018
54046486
54052853
54065870
54071218
54073263
54073416
54074433
54081069
54091461
54108182
54115320
54119105
54126896
54127393
54130547
54139523
54145490
54153789
54168780
54179329
54182506
54195317
54197666
54200359
54203390
54213339
54219938
54248911
54249947
54250707
54258966
54261757
54263974
54266848
54281571
54284050
54284195
54284667
54291612
54302054
54309751
54315740
54316508
54357204
54366466
54370188
54372129
54378629
54382369
54383928
54391173
54392394
54411411
54418361
54420115
54434104
54439027
54441545
54442131
54446623
54452456
54464261
54466418
54467914
54477276
54492316
54494436
54501782
54504144
54505161
54522081
54525653
54535141
54536606
54537239
54545312
54547298
54548374
54554504
54561385
54577860
54591615
54592286
54597388
54603322
54618576
54624143
54633613
54634264
54637202
54639073
54640298
54664663
54682630
54684907
54698618
54699913
54701265
54718329
54726748
54729737
54732384
54741246
54744670
54758983
54773306
54777215
54786102
54788004
54801149
54803313
54804190
54807588
54813822
54814249
54820818
54821506
54829468
54830155
54834731
54849706
54881299
54890929
54898373
54910558
54914503
54920331
54926973
54934751
54947806
54948741
54951134
54953475
54964241
54965755
54971444
54973807
54982365
54982993
54989371
54991754
54996395
54998044
55004237
55005570
55006354
55010143
55015551
55015990
55029101
55029609
55042008
55042631
55045284
55054867
55070265
55078525
55079813
55090178
55099508
55111082
55132135
55136579
55137366
55142325
55146541
55153917
55166952
55181861
55185743
55187199
55192715
55196629
55197225
55198029
55206469
55206982
55209587
55214430
55247659
55249129
55287324
55302171
55304531
55307386
55311770
55328654
55330452
55331197
55349829
55353563
55357502
55361566
55361768
55378127
55379956
55380679
55408673
55411872
55422895
55428317
55435415
55442362
55446927
55452245
55463690
55466309
55481625
55493563
55493584
55512958
55514548
55523875
55542028
55547775
55551003
55552559
55561116
55562031
55582448
55599010
55601855
55603222
55604610
55619545
55620945
55622983
55625510
55629569
55637538
55651255
55653382
55654605
55658328
55670316
55679934
55692980
55697143
55705227
55722778
55728272
55728735
55730226
55734734
55770063
55776488
55779378
55779655
55797383
55800447
55803870
55806654
55811539
55826486
55845625
55846162
55856823
55860109
55863174
55865866
55869920
55876502
55881505
55883888
55887633
55889304
55899503
55903260
55917692
55919946
55929556
55929899
55938255
55943579
55949512
55970922
55988528
56006452
56006523
56007648
56010049
56012901
56014090
56029897
56040948
56042512
56045476
56049633
56053960
56058197
56059814
56068786
56081307
56094497
56105208
56129761
56141155
56145225
56147876
56147940
56156652
56188496
56190930
56193504
56207413
56212354
56215118
56244787
56245678
56271241
56276146
56285800
56293045
56305585
56326135
56331306
56333587
56357805
56361475
56363470
56370323
56370459
56377503
56384519
56400783
56401279
56406202
56419487
56430318
56444131
56452021
56462574
56468010
56472340
56473450
56484008
56485255
56498062
56505362
56505622
56508700
56509133
56524802
56531525
56532893
56539344
56542728
56543719
56544967
56551455
56555980
56571885
56574908
56577974
56588891
56594261
56601431
56606741
56608163
56609689
56627714
56637058
56637606
56650666
56662897
56683295
56687578
56689568
56698035
56711501
56712098
56717578
56718349
56719236
56727511
56727742
56729281
56745402
56755710
56756793
56762560
56763975
56771658
56772114
56778092
56793242
56820966
56821141
56822344
56830024
56842679
56851186
56853975
56858728
56872055
56873054
56879212
56882785
56891088
56896140
56896909
56908494
56935861
56942387
56958411
56964995
56969869
56975916
56979197
56982619
56997674
57007375
57009509
57017839
57027018
57035036
57039759
57045073
57048449
57053663
57056979
57060596
57062291
57063210
57065234
57067138
57067373
57070609
57076694
57088093
57089765
57117044
57117476
57118181
57121403
57138637
57142126
57146871
57149951
57154311
57158542
57163888
57173307
57178842
57197490
57199386
57200899
57203355
57203465
57204246
57205270
57206482
57211958
57215087
57221529
57231395
57253973
57256914
57265782
57303661
57304423
57333738
57352845
57360094
57372975
57374768
57379817
57387804
57394672
57401678
57406837
57418243
57451473
57453944
57456169
57461682
57464218
57478784
57490816
57501831
57501981
57507349
57507830
57518978
57521231
57541884
57542216
57560353
57562353
57564886
57580287
57585004
57591336
57593632
57596683
57625706
57632837
57669008
57671204
57671927
57692502
57694767
57706962
57723499
57731061
57749185
57757593
57760119
57766596
57774415
57777931
57786032
57787371
57787564
57794434
57807982
57817254
57830505
57835407
57837203
57845512
57848379
57854435
57856256
57857060
57859062
57863574
57864121
57865559
57867461
57870997
57872437
57898916
57912324
57923498
57965698
57967324
57967474
57981117
57982927
57992558
57996547
58014232
58018336
58030634
58040023
58041813
58047081
58059467
58064552
58066781
58068487
58070811
58079007
58079059
58108906
58129413
58131120
58140991
58150989
58187654
58188183
58191157
58205746
58215270
58226395
58235206
58239430
58241254
58249359
58249984
58251709
58268570
58277847
58289000
58300744
58301655
58313343
58314920
58319822
58337783
58347987
58359287
58361345
58376532
58380641
58382702
58387150
58399673
58400166
58403716
58414743
58424335
58424398
58431015
58431445
58443995
58447010
58447477
58459995
58460768
58466569
58475855
58489515
58494616
58495957
58498832
58507845
58510574
58510864
58511259
58533627
58537335
58540401
58561908
58566585
58570425
58570499
58570861
58591439
58595088
58613457
58619655
58628901
58634186
58638298
58649491
58656191
58656493
58657014
58663714
58663757
58672232
58685002
58686646
58693679
58713807
58726409
58728941
58735773
58738664
58775845
58788201
58795640
58802443
58804311
58805043
58805533
58818732
58821710
58832474
58844653
58852285
58853790
58854388
58858608
58885832
58891139
58893512
58909807
58911499
58926214
58931055
58935050
58947620
58985665
58986497
58995995
58999095
58999657
59009331
59012051
59014604
59022062
59024982
59025117
59045616
59048105
59054756
59055353
59071460
59086686
59088041
59090079
59121046
59121358
59132140
59142379
59148937
59149468
59153137
59156742
59170970
59173583
59187064
59190227
59191268
59208730
59209482
59210528
59214845
59231544
59246342
59247826
59262983
59263335
59267071
59270047
59272333
59286560
59289613
59294253
59299036
59343652
59345927
59383698
59392046
59401039
59411891
59415838
59419451
59435799
59442908
59445908
59455086
59458451
59464175
59481590
59492799
59496016
59497252
59497766
59503133
59505553
59510885
59511632
59533915
59549525
59552121
59567655
59567963
59586036
59588177
59589028
59594717
59598112
59598634
59603934
59604614
59612163
59627999
59631753
59632447
59646690
59652351
59662738
59672943
59678687
59693684
59707264
59718994
59727594
59743386
59752806
59766967
59779379
59782304
59785992
59786865
59795181
59801047
59804300
59808766
59811181
59814284
59816100
59838807
59857030
59861666
59866749
59882557
59888496
59917303
59921637
59922091
59923348
59925972
59931423
59931659
59935442
59942523
59949635
59950005
59950538
59954185
59970075
59972387
59996368
60003442
60012729
60015195
60018050
60035814
60038367
60045744
60057211
60063470
60069737
60076798
60085147
60094505
60107802
60122838
60122870
60125085
60126856
60136610
60151829
60169470
60170017
60172518
60173220
60188187
60213823
60223269
60224861
60231266
60247049
60259692
60276569
60298311
60311300
60314217
60318238
60323110
60326434
60328452
60331405
60347826
60379924
60392015
60405081
60408532
60409884
60414479
60438655
60439860
60441635
60484299
60490328
60496492
60501635
60506997
60512516
60519145
60532524
60545052
60550298
60558016
60574787
60583737
60584079
60585637
60590435
60603152
60614546
60615387
60618616
60622553
60624501
60630040
60640083
60648825
60650132
60659281
60677453
60691926
60692210
60701933
60716027
60726668
60747801
60757632
60761791
60776253
60802591
60815577
60820182
60828407
60838508
60839920
60842414
60848514
60866208
60872989
60877048
60879733
60885138
60893481
60897389
60901721
60912552
60916345
60922404
60940526
60952310
60959771
60963149
60965741
60970373
60970462
60970971
60975009
60978878
60984769
60994404
61014209
61032491
61036155
61039474
61051836
61061710
61076384
61092695
61118364
61144581
61145489
61148524
61153701
61153715
61175980
61176220
61186022
61189883
61190367
61196206
61241987
61282893
61296373
61309635
61311167
61313858
61319583
61321226
61341077
61344922
61345618
61352978
61357178
61366868
61367235
61369025
61428056
61435499
61457286
61467839
61478990
61506687
61507062
61513675
61519052
61524372
61528055
61529834
61532380
61535329
61538621
61550910
61552816
61554591
61559646
61584899
61617391
61633840
61639168
61650466
61659521
61672844
61673086
61675760
61676493
61677180
61680534
61693113
61696810
61700332
61704867
61707807
61710777
61716691
61721908
61730956
61741989
61748022
61749476
61749727
61761009
61783081
61789646
61794746
61804320
61805520
61806780
61808973
61810061
61813237
61816520
61819539
61821726
61832864
61835896
61846102
61858058
61874250
61888097
61893281
61895724
61903746
61905654
61908752
61923307
61936324
61953000
61962615
61981252
61992831
62015809
62022830
62025600
62033570
62049256
62051971
62052145
62065540
62067445
62084178
62093428
62099483
62111527
62130777
62137383
62147114
62160276
62163746
62172969
62175367
62180115
62186711
62195665
62206778
62215115
62217379
62223435
62232476
62248594
62263737
62277522
62289707
62294663
62321798
62346387
62347035
62363332
62367919
62372900
62396822
62403431
62436901
62438580
62439762
62447476
62450167
62463021
62464803
62469577
62472401
62476641
62479859
62493036
62501540
62516763
62517091
62522683
62531020
62531624
62556753
62561609
62574232
62578532
62587318
62590069
62591133
62604355
62614238
62635950
62636187
62636587
62636697
62641260
62644560
62652802
62663101
62664675
62691227
62700352
62708067
62710132
62722359
62738073
62740093
62750349
62759617
62764276
62764402
62776092
62778862
62787112
62788053
62788615
62790621
62829334
62846186
62848056
62853389
62857368
62865988
62877213
62877291
62877981
62882749
62893872
62897720
62908936
62929840
62946731
62952836
62953304
62988301
62999575
63006784
63008133
63017398
63026597
63029051
63030573
63036216
63036908
63040936
63045995
63064953
63090337
63105319
63106434
63120485
63120839
63122922
63124775
63129341
63131093
63140843
63148778
63149507
63157968
63169593
63172621
63184222
63184559
63192296
63215435
63216312
63221327
63228663
63234923
63264775
63282349
63286424
63289073
63289193
63299389
63319199
63363934
63369008
63377976
63378692
63387256
63394102
63403437
63406639
63408600
63421009
63441602
63447732
63452703
63462440
63477117
63481258
63485879
63493945
63505528
63519979
63539513
63539553
63540013
63548061
63564251
63570657
63580175
63580300
63590174
63592193
63602577
63606084
63612519
63639789
63643929
63654109
63667401
63681084
63687800
63714027
63730062
63735715
63742346
63749047
63763972
63764323
63768148
63777964
63790549
63798530
63812109
63812613
63812695
63814900
63817807
63821776
63821977
63829264
63829430
63836935
63851755
63863058
63874077
63874899
63875888
63877249
63882198
63886502
63896899
63899032
63904128
63908915
63926656
63935958
63943776
63952042
63965378
63966782
63970289
63982136
63987678
63998537
64008100
64013855
64026488
64029449
64043042
64047142
64048632
64055956
64056221
64058979
64060611
64063794
64068368
64075161
64093812
64097508
64102724
64103676
64104966
64107543
64113563
64114818
64119549
64133683
64145906
64152274
64167081
64173593
64174609
64174913
64192546
64194238
64196446
64208052
64208053
64212813
64232133
64265349
64273382
64325977
64343569
64346211
64349780
64360531
64370104
64371293
64379100
64387230
64389117
64394876
64399947
64409394
64409419
64412002
64416672
64417902
64420744
64422013
64425299
64426021
64430961
64437932
64441073
64465169
64468203
64470228
64478400
64479277
64495359
64497222
64509479
64512440
64523421
64530072
64530680
64531251
64551751
64564660
64567812
64569446
64576374
64579338
64589252
64592345
64593291
64595437
64601800
64605938
64608941
64631600
64632191
64651329
64672150
64685025
64705270
64707268
64709728
64715229
64722508
64729169
64735043
64742756
64746913
64757288
64758108
64759218
64764013
64769448
64773826
64780234
64781651
64787920
64791246
64795373
64795735
64799619
64815225
64816001
64821220
64841592
64853826
64854011
64864385
64870023
64878596
64891118
64891344
64894340
64900562
64912501
64919071
64924286
64929655
64934431
64952362
64953778
64961749
64980202
64989540
64990594
64993650
64999690
65008433
65016490
65020974
65026868
65039424
65048876
65055133
65056069
65064428
65070322
65073446
65074900
65082103
65082245
65084022
65084824
65092131
65106385
65107027
65107257
65124479
65124909
65126395
65127208
65137563
65137814
65139732
65147887
65161670
65162235
65164678
65172068
65172600
65174121
65199624
65232067
65256421
65257012
65260706
65262153
65280045
65285059
65308441
65351813
65354954
65360038
65363721
65371927
65383482
65384066
65407619
65414256
65421593
65426136
65435354
65437642
65439624
65445988
65446167
65450845
65456712
65465534
65468429
65473946
65492274
65499614
65505227
65508611
65515005
65522742
65535944
65538317
65539510
65588629
65598072
65604709
65624036
65624396
65625631
65630560
65631685
65642917
65656258
65666847
65672410
65675326
65677822
65680790
65682983
65685016
65688015
65710646
65744179
65755166
65765870
65770300
65772040
65796898
65802032
65805682
65810367
65812687
65828031
65828324
65831262
65831304
65833118
65835302
65848093
65861055
65869027
65873150
65879067
65898481
65905459
65907173
65907315
65917786
65930778
65944658
65962227
65966237
65969741
65981434
65985317
65995486
65998492
66000242
66004933
66010424
66015363
66022885
66057055
66058537
66069187
66071166
66073600
66080719
66081031
66084394
66085162
66119965
66120199
66133405
66135772
66143187
66147677
66153588
66163297
66174083
66176978
66181339
66181584
66196866
66213589
66231227
66247943
66264177
66268346
66272187
66278659
66289393
66299081
66299340
66303204
66323219
66344642
66350888
66356297
66361270
66361680
66366088
66367402
66382497
66382940
66388602
66397863
66404661
66405388
66420537
66426451
66428543
66429147
66436471
66441366
66444119
66459398
66464600
66475180
66477630
66481884
66487024
66489310
66494019
66503114
66515609
66517162
66534931
66538425
66558873
66566175
66573465
66575224
66575279
66575371
66576256
66591225
66595740
66599651
66604185
66607372
66613371
66613576
66615876
66624891
66639982
66659419
66660995
66663763
66664826
66670266
66673380
66674187
66677121
66677501
66698553
66700477
66706346
66707692
66715559
66715702
66726387
66732386
66741738
66746957
66754070
66789897
66794184
66811547
66821643
66826582
66839895
66857064
66867928
66872614
66872640
66873575
66882479
66887167
66899548
66935201
66943663
66950891
66962162
66967341
66970997
66977651
66985196
66998115
66998749
66999117
67002274
67004427
67012378
67021548
67022939
67026130
67072865
67089241
67089630
67092977
67108526
67117860
67139307
67142653
67154246
67155194
67165689
67165768
67190692
67191340
67208377
67209215
67213839
67220845
67227875
67228125
67250321
67262760
67271745
67281821
67283025
67286989
67295540
67302538
67307788
67316993
67345665
67346597
67350906
67380956
67385615
67399427
67416492
67431698
67432403
67441225
67475260
67476561
67496189
67503797
67507915
67508051
67508345
67514177
67521182
67537540
67539139
67546094
67549531
67554519
67558107
67568003
67574984
67586630
67602275
67607036
67607054
67610521
67619819
67622703
67626224
67627762
67639158
67644800
67647735
67671441
67688028
67699659
67702507
67709375
67713603
67723272
67737136
67747182
67752563
67754247
67766129
67769369
67789487
67819863
67824643
67825356
67842454
67860190
67879139
67891013
67906620
67907335
67912368
67917809
67921042
67943970
67949313
67955789
67962205
67969103
67971809
67975477
67990413
68001229
68004348
68023693
68031497
68038186
68047721
68068458
68080067
68082304
68094420
68101248
68106543
68106902
68117126
68118168
68120768
68125013
68131179
68144675
68148058
68148099
68148508
68149246
68158050
68169458
68172105
68183573
68207952
68209255
68212160
68219257
68226189
68231391
68246490
68255133
68258836
68260388
68266220
68268787
68271871
68278159
68279433
68286150
68291005
68292752
68294516
68297307
68313196
68331953
68334716
68337811
68341195
68355308
68366394
68374223
68383013
68390490
68395487
68398011
68398691
68400612
68408449
68426357
68427159
68428292
68435123
68439154
68448150
68449811
68458241
68471353
68471470
68472799
68475440
68491791
68506418
68507312
68508784
68532266
68532829
68537302
68540269
68556869
68571989
68576580
68576792
68582883
68600663
68600899
68600989
68609207
68615643
68635700
68642847
68658510
68663588
68672645
68678538
68679118
68687614
68701906
68705232
68706824
68723602
68725501
68732479
68755289
68758062
68760896
68784167
68785552
68806028
68806983
68807847
68821011
68825730
68835160
68855673
68855951
68857033
68863286
68865260
68866324
68867565
68884085
68884264
68896303
68903555
68912720
68912854
68913136
68926708
68933061
68934949
68942342
68950606
68950813
68969965
68975047
68990690
68993947
69000989
69002033
69014889
69015200
69029663
69032266
69062840
69067229
69072669
69082919
69091877
69094174
69101013
69102252
69105411
69107768
69118864
69119866
69123689
69127884
69131606
69132700
69134513
69165393
69168266
69181402
69185551
69205363
69210269
69233192
69234140
69246933
69252447
69263357
69266405
69269186
69275552
69286060
69286392
69290749
69306352
69307348
69314414
69314533
69327299
69340664
69343134
69343650
69366896
69376542
69395571
69398140
69400034
69402984
69410573
69412486
69429743
69435926
69436982
69439552
69441571
69441781
69458212
69459552
69463811
69473354
69489152
69491013
69495104
69502896
69509991
69515153
69522461
69528612
69529218
69553631
69567398
69580505
69586716
69587148
69588111
69590399
69594388
69598375
69604784
69607771
69610797
69613961
69614353
69615395
69615827
69644882
69660001
69671617
69681318
69696308
69706663
69723329
69723688
69728367
69735353
69736726
69736783
69741607
69748881
69761490
69765791
69784351
69790708
69791804
69797614
69804219
69804355
69818123
69822642
69826866
69842204
69850482
69866816
69875627
69880944
69885652
69886021
69898748
69902125
69906152
69907731
69908912
69909489
69913087
69913830
69923077
69936336
69951488
69953095
69953142
69956599
69956960
69962983
69976375
69985086
69993808
69997863
70007942
70024729
70038105
70040116
70040211
70042145
70056394
70074719
70101513
70110402
70128300
70138391
70142189
70146438
70149996
70154821
70155149
70156603
70157710
70158334
70164952
70166752
70174394
70177662
70180242
70184209
70194553
70199404
70221375
70222081
70225560
70244458
70259456
70261670
70277357
70283839
70290318
70294563
70296506
70296604
70300181
70301630
70305507
70309666
70310442
70321531
70326493
70332232
70342886
70356709
70359924
70388249
70390240
70390563
70391921
70392766
70403243
70409813
70416911
70421037
70423357
70442442
70451441
70459794
70465025
70466175
70480874
70483588
70489621
70496258
70501345
70503261
70521405
70538135
70552132
70552498
70555021
70563214
70563528
70565416
70588505
70613540
70616275
70625020
70625444
70625958
70627444
70631899
70651264
70653749
70668039
70678490
70682738
70691917
70693947
70696741
70698527
70712570
70718608
70735071
70736216
70741110
70741912
70745686
70751646
70765336
70779711
70783398
70804614
70815753
70830353
70839850
70857254
70859697
70873168
70888998
70897082
70909746
70911501
70944073
70944924
70968003
70968934
70977872
70987269
70989817
70998692
71000529
71009159
71010246
71011702
71089017
71099299
71112870
71119753
71125077
71144952
71148768
71153959
71161001
71164919
71165898
71187017
71196669
71206444
71207151
71217519
71223476
71227175
71230331
71238966
71249519
71261841
71266847
71276905
71277440
71293633
71299253
71308963
71335534
71339851
71354090
71356630
71371505
71377736
71380151
71384963
71402036
71412281
71418214
71420194
71428720
71432472
71432676
71435260
71438280
71443150
71450027
71452812
71466997
71474621
71504004
71505032
71537464
71542157
71556128
71572836
71585173
71600388
71600698
71603830
71603984
71617465
71625946
71629150
71636355
71636922
71637390
71641304
71650185
71656617
71657326
71668768
71674119
71687982
71707039
71714812
71721233
71724189
71743472
71765368
71767777
71774568
71776767
71777975
71787958
71795249
71795994
71798644
71804323
71815166
71824206
71829740
71831265
71832792
71853930
71874513
71886272
71900664
71902175
71911520
71913330
71915096
71916404
71942038
71954211
71961616
71970529
71988343
71989628
72000675
72004538
72006110
72013791
72017765
72027186
72035863
72039978
72043429
72050456
72077383
72090896
72093032
72096763
72119476
72120822
72126065
72129270
72130501
72151842
72157284
72170079
72182658
72184297
72190063
72190681
72200132
72209539
72218360
72224203
72243963
72245314
72250249
72250602
72256075
72260795
72267453
72293542
72309368
72324019
72339443
72372222
72374580
72382011
72412308
72425583
72432375
72463536
72465042
72470093
72471685
72478651
72481025
72495591
72507847
72513143
72527321
72531324
72542985
72550659
72572971
72581080
72594661
72604176
72612701
72638351
72646341
72665750
72671416
72695590
72702139
72717014
72728580
72733152
72751054
72767118
72774311
72791991
72796926
72800752
72813498
72814256
72819887
72843269
72854155
72867903
72868513
72870993
72871745
72873393
72873736
72877408
72880135
72889596
72895421
72916884
72932539
72941800
72952442
72954480
72960949
72963166
72973888
72978501
72994920
72998523
73005315
