1788321 2
579621 1208700
330
3188
3380
12012
13022
16724
21557
28623
34376
39527
44945
52533
60676
61699
72995
90993
91691
95412
106537
107703
111873
114240
119228
119683
125661
126987
128898
136316
145413
150185
153592
160156
166314
171321
176423
186153
195043
197171
198733
203848
207581
210643
218737
224279
246963
248846
259075
261760
265366
265953
267124
268024
277485
285530
285530
288501
300707
317606
321799
322656
328588
342698
343210
345899
363181
368562
374202
381790
382120
386007
387569
391289
392102
400324
412222
417731
418209
426741
427279
429830
434049
447012
454795
459919
462564
474638
475227
478088
494163
495962
498253
499788
501882
503080
504795
507213
515338
530490
542818
543649
546281
547973
564122
565099
569293
570695
571676
574337
579364
581946
582404
594464
596244
608075
608993
622319
624118
628593
632046
636916
642815
643316
645425
649494
650461
655608
658426
661549
663744
664309
664362
669050
673379
675813
677659
684148
686955
690568
691512
692027
695064
696628
703227
704010
707327
722227
728778
730799
737127
748175
775951
779442
786909
798331
802146
827888
834671
845849
862172
865230
873220
873697
876795
879402
890346
890582
892025
893745
893962
894767
896273
902276
904594
907022
908286
908324
909733
950886
951195
952471
957626
959190
960483
966338
984660
987333
991116
992223
992846
1000318
1005508
1008726
1009225
1022098
1024094
1026541
1029291
1047227
1047372
1053497
1062758
1063502
1063710
1065955
1078008
1083945
1102438
1113952
1114887
1118818
1120942
1128596
1129406
1133008
1138268
1144362
1148946
1162728
1177415
1182930
1184457
1190926
1191128
1193229
1196548
1200870
1204406
1206200
1217713
1218070
1220067
1245584
1255903
1267170
1277607
1280603
1286213
1290300
1291802
1300930
1305851
1307939
1318230
1333608
1343389
1351647
1359541
1361232
1361326
1363842
1370324
1371654
1381477
1388725
1391721
1402774
1408098
1408667
1409043
1411445
1414359
1415971
1418256
1425812
1428869
1432565
1436571
1436587
1437481
1438397
1446693
1450292
1451746
1463108
1463656
1466685
1472164
1472635
1474294
1484312
1488720
1503695
1505525
1518585
1525812
1530257
1536428
1555493
1558622
1563164
1571649
1579529
1581312
1583561
1585313
1596711
1597006
1601615
1607909
1608209
1610006
1616139
1620462
1621846
1624987
1628999
1629114
1635228
1636560
1639195
1642030
1647304
1647394
1668567
1669117
1677279
1683536
1691292
1691801
1698400
1698787
1743158
1748003
1750793
1755059
1762339
1765977
1770373
1781039
1782000
1787690
