1000 10000
24728 93548
2863560 78047
1484226 52635
3205837 58966
2999128 38765
7837200 9661
7825982 91341
9886865 83035
559162 96165
5442001 23023
3742935 37843
7477571 53014
4619491 28722
1224390 55406
6351884 15034
8618967 4737
7537606 10489
1845696 87450
5155053 81557
2562929 42134
9831994 74493
190217 80880
340487 72589
6100713 41292
2465928 55281
3991308 99863
2830636 71260
4522229 29241
654804 63054
6643882 51514
4775615 92395
4040481 31806
9128852 2698
5128864 79265
1107116 84964
216383 80508
3008657 69255
235229 78317
2531529 42158
3609584 65773
7728418 38476
2355121 68922
6128175 96947
9489685 1637
8653380 99792
8295798 6633
4420946 30207
483993 67785
3322804 82472
9615954 1368
1404465 52975
4175509 31037
3671383 64832
5211917 66235
6428992 66567
3957497 77604
2266889 57367
2826624 40845
7995777 83815
758776 98463
9342117 49569
252145 76170
6073690 76638
4536271 28828
2920501 91095
3270103 36442
1011435 91593
4464064 68258
8279270 79387
2318975 76073
4428105 66717
1849526 57303
5289433 37296
9762329 96754
6987407 59555
4841939 27571
1221132 56476
3043348 43312
9471856 28892
4829139 66209
3367692 62234
8427482 98094
4805451 83180
8409680 62883
9831471 1066
3619868 34600
3606634 34672
7040089 82841
7277018 95116
189918 81049
1646201 50142
6696547 14037
5476141 22840
2948980 61245
4216587 30922
3441197 35599
8193561 6980
9103358 17362
8332148 6044
472036 68957
7777188 74344
5668609 21615
5297242 24320
8717481 85713
2027481 56705
480823 67819
4594663 28793
4364462 41330
2600079 92906
5862173 18813
9906323 93414
3161755 37757
9407088 84625
7276090 11821
7891666 56407
8880883 99712
1989470 45267
2823598 81263
8557980 86964
6374028 14936
5085778 97933
5355127 23926
9527687 72721
1602502 51618
5407391 23084
1613800 50693
3008597 84687
9620347 21429
610783 63999
5916809 22537
8322324 81579
7140452 93809
167888 95951
772348 62108
676746 63036
6236327 15816
639095 63352
8540518 86369
2157961 92613
1400125 53079
5148541 48579
16532 95136
3534320 35051
9005149 3730
4297645 30447
4593342 66282
4459851 29710
8888254 94260
3572990 34695
8338419 76110
1832278 82750
7425009 61821
8991472 67235
6152306 16074
1334037 69420
8321636 44704
5961554 85328
5649469 63685
7185453 82486
2026101 45238
2980948 39507
5219256 24673
6668333 45809
7459941 10802
9903672 139
2289226 77777
8443797 17849
5426746 23028
5777457 77015
8044035 7943
4406679 57888
2819829 80756
1767270 47657
5919478 61081
3397860 35897
7847813 9605
5912073 42512
745244 62358
3360850 35991
240139 77773
4924603 55520
8088236 7881
1083642 59985
4450828 29895
6762720 56431
9979403 69270
4797013 27861
1443280 81821
5823075 19766
7798233 39238
7574006 10449
9921118 94106
6121212 16166
1292791 54315
8299043 88651
7133038 12247
3593148 34679
5222398 24648
123362 87197
8070463 85377
9592141 1431
3226027 37670
9556525 42009
5242403 24521
1878829 46183
332321 90886
9940346 95138
7199774 83592
1864739 69251
1151098 58754
5691137 20786
9864682 25757
9081681 93234
8877215 93817
7336579 86689
8672027 4714
3174103 60574
3064657 80002
2216861 44180
3735177 75307
378433 71607
4763571 28051
9445337 77011
2801777 40912
480043 89039
9967616 91829
7815241 9701
2128247 44686
1877707 77860
7319713 62242
9376664 45081
7211178 42938
1790904 47492
5042835 25432
5603514 22115
3961275 75364
4084548 31600
7368566 11253
9396319 85221
7985827 8579
8847339 4009
1248872 55330
7324388 80309
5215715 24784
5238510 24608
1078576 60264
4736182 28345
1064145 60457
8922046 41328
5347342 79479
5507358 22637
4956583 61705
6736765 13272
1358673 53642
429655 70606
1360718 53177
3608448 36852
9775811 1121
6853955 37168
2894017 39929
4524094 29080
7111945 97326
8118881 71828
8293468 6637
8256416 6934
7080170 12763
6286530 15507
1222345 56063
7619600 10180
4803304 95898
3328054 49846
5771008 40009
1182239 58666
6754618 62327
4835379 70633
1966248 78238
2619179 69000
8225196 91424
5805572 20026
9732690 1122
7807531 9906
9789137 1071
472938 68302
2785911 41317
5183744 25020
368433 83519
3603133 77420
5184417 57561
4780647 80258
611353 81682
9264182 2411
1592056 51721
7425310 10902
6668508 34224
4144701 31111
5289427 71089
3483122 55129
3437069 44584
5942268 61857
6047432 17501
9893314 281
9877761 70336
585016 64193
4622723 58187
9294148 2222
9860222 608
2522528 82303
1608941 51049
9864622 384
2408570 42446
1930025 96199
7918680 87500
5403672 23123
4850257 27339
6621175 91030
4362142 62072
4711184 28571
1214519 57038
5223311 82943
3805728 92030
382759 71489
129575 85804
7765984 9993
4618477 59593
5410905 63972
4059859 31666
2742989 41133
8771594 75860
2428790 42283
526417 65191
8821122 4221
1222631 55928
7798496 15255
6241554 15787
629340 63397
3656213 52405
2109004 81775
7429057 74399
1575438 52131
756576 86675
5785231 26691
7357022 48058
3836172 54507
9204065 89896
490889 67366
3951480 70299
9301162 59508
1361109 53167
827748 96630
6983513 13132
7315614 39638
7103814 12550
2190567 46976
9214876 2514
534176 64408
1686785 78515
979585 60641
9975418 79026
5141812 25049
1888829 54609
7668887 81904
8590761 58912
1302625 71505
4285818 60742
8402899 48067
1792696 64995
3381316 35944
4372235 30272
1425761 88432
4715153 69259
8429990 67178
8792667 51446
4095314 31303
4861993 26059
5187501 24897
3520562 63414
1636824 50257
1998912 92004
5650816 21836
4029951 32035
52706 89114
9063800 53053
7230943 12087
8392442 5360
679109 62935
8197657 77697
437129 70457
7160896 25357
2631303 41385
9188059 21476
84614 88680
8108621 49981
6704938 81199
9170054 32698
1268971 54826
7234779 12011
3027824 38727
567353 80872
3705456 74187
6664939 14254
2885257 64445
8537098 20861
4318515 39884
8166599 43957
1196716 57107
2198773 44194
8682951 4577
1602900 94321
7954522 67978
7212704 62190
3659855 93549
6038166 17625
9574621 1529
8354156 5489
8488394 4875
781595 76682
335476 98240
7843702 72429
278079 74665
2294439 42934
3719981 33734
4552467 95920
9138538 91268
1924049 94982
7356198 11518
3790180 36757
2974419 50409
3490208 51458
925017 60926
7968431 99530
2853019 40815
3658952 75675
6557108 65073
1655895 49330
5508337 51865
2222498 43670
1694988 48709
5139104 25289
7451482 88759
4112239 35706
466801 69900
807786 87737
7040861 92582
2061694 45109
6141504 16160
4417723 84472
157117 84998
8109423 93475
7874015 9165
6736476 21815
3298534 77918
211405 90172
9104645 59445
6349039 39728
9345425 2121
5867159 18800
7698491 64492
17473 94727
6348553 21435
6774906 13255
1825940 89687
6992207 12887
7164564 20907
8023266 8208
3581530 75005
5542494 72231
5768388 40113
7408939 95676
8057852 23660
7383422 73852
9105067 3262
1761995 81234
3790012 32942
2817733 67742
9490293 6230
1633210 50338
6759745 83273
2341254 42780
7485354 41328
8768949 65929
9276589 2251
3960947 32167
4829297 94618
882470 61433
3676317 34489
2137982 53245
1260789 59842
1266340 55012
7399843 83566
2944605 39665
1194111 58438
2023394 45239
1125421 74083
6675592 14116
9105999 85687
237792 78285
7662809 10375
9609809 24745
1877810 46191
1073617 60335
3487991 35388
1441897 98326
6523243 49866
8323372 6078
1359283 53261
9291246 22593
5809326 19948
6702780 13400
8587966 49288
8917997 53909
9808951 85633
3457923 35480
3344318 36073
7169067 72912
9673988 1340
2219229 43865
9886675 70119
5857681 68807
8015523 8451
7476086 50718
3662850 71170
6747135 13256
1577320 52015
2993347 89143
8418732 5234
9224079 33409
7124095 24166
2524172 77517
8212895 86878
4672069 64772
328653 73544
9994677 71
9066777 3425
6375391 14799
2545025 59022
7344110 11705
9615420 33994
7344590 11703
1939860 45528
1154699 81074
8810855 4227
1903830 45875
888638 87488
7885025 9025
3539659 40427
7371809 11046
5473749 22909
8448821 7452
6871204 13141
4452048 71633
5213772 57515
2079120 44953
6482043 21644
184981 82714
5911186 87929
3718458 76099
2288643 43467
7223654 12096
8371425 7811
1822483 47417
9574490 1535
5539411 22248
4401845 67264
4405627 89995
6435913 14665
9090897 22093
5102058 98067
6563523 55400
3414857 62632
523629 65717
9841907 23659
6291736 66330
1547602 52318
296468 74300
5026146 94495
7955139 8667
821444 61872
1099082 59653
9123057 3170
2117795 44773
1927194 93019
1661973 48947
9967602 99975
5257758 24437
9239948 97612
556547 64313
7202349 92694
4924264 25782
5305113 65216
4910022 25850
7866236 9338
4267112 65236
5191585 24835
8680569 4582
4525146 28890
4429203 66143
6238369 92703
7138165 12100
7252609 11851
7036986 77125
9491398 83637
1642229 63027
2384208 42571
8173196 7296
1625301 50405
9288635 67286
2806181 43701
9679720 1246
3481981 61354
2007787 79414
6603846 89628
1341271 54205
6786170 27839
2650059 41336
6217911 15886
7850461 9572
1135418 58902
3103483 38482
4253556 30738
8770111 4389
3205351 37453
9352684 25937
4835485 27841
601214 64089
6606981 96906
2176264 44307
5024024 89075
6317169 21220
7988106 8529
2508551 42189
9967977 69737
3150412 37790
6504659 61644
3557831 34829
5105794 76749
3510503 35253
8063973 26845
6051324 40253
4713540 28520
7853490 9454
9065933 3432
1347866 53647
2314816 53947
3049037 38674
2986286 39491
3108072 80887
614463 63944
7000671 81592
1407936 91551
5374460 23726
1233356 93493
1399434 92591
1662271 86244
9972464 78318
7519957 80528
4751283 28152
3452953 74646
3865445 75485
4860888 26375
9320834 19761
5342379 47455
3511736 35163
6422257 14715
678798 63006
6179595 16012
3222023 37208
7233362 98201
6984469 91643
3849097 32827
8029485 8089
1406572 91118
3215881 37246
9947475 34368
2584732 41557
229677 79256
9159961 99968
7426647 57194
9862791 391
2886401 40387
5634865 22098
5484481 22795
5450725 90571
1334669 62898
5670722 21154
1039411 80339
9613383 1406
4626275 28655
4119903 99978
9343668 63079
8672079 4606
5190136 24860
3162894 37704
712910 62685
717577 62672
2273121 77716
1840955 47411
6227767 84044
6391262 81619
2761681 41077
2289677 43136
3468769 59664
8622728 4717
1591436 51902
4843902 33620
5302564 24014
1762331 47727
2656226 41306
5326868 27993
6069304 17037
7441938 10846
1845861 46662
3042917 46317
6314508 67694
9920617 67096
8101280 7851
3304079 51589
5677012 21097
4178074 64293
807938 62076
6574530 14500
1800093 53431
8956544 48614
9058481 3564
4262803 30577
7088506 12614
1656780 64212
475732 68051
5031630 57227
2373805 42665
5885325 29082
373286 72268
83155 91292
1516894 52426
3488569 35339
6688718 96472
6214760 43904
5013495 25536
4999131 42446
3616437 34651
9459262 1927
4166152 94881
7360746 65124
8198210 71042
5596833 83152
1653855 49664
9200198 2581
2297945 95474
3728109 33050
336441 72953
5738545 20358
3934929 32213
2613064 41420
5824515 19505
9513562 1556
1740577 80589
4902149 26032
9425229 2102
8034733 66712
4261475 30593
8371047 62680
5241682 69718
338966 72589
9981879 98618
4487968 29468
7783736 9915
4397922 87724
7718829 56065
2144705 94680
8663739 32582
2587475 80438
1584737 62717
4475251 95762
4741240 68912
4485437 78924
5283525 60938
5535272 22518
894182 61223
1022644 85596
3419291 35689
9452846 27359
5852717 18943
2905707 39903
5527255 95555
2134396 44613
4298568 32573
997999 60628
269983 75095
1695087 48493
3323780 52673
5599673 96613
1273246 54464
8413678 48583
3891812 32798
234640 78851
3697301 34221
2769070 50310
3084682 38622
3916012 32673
1116260 58964
2108551 55435
7664695 10107
3969312 77384
9227121 99933
7169430 89607
3135532 38096
7466580 10513
4035891 49515
5750338 28189
7906227 68919
1049268 94124
2934646 39699
4401739 89345
5737971 20582
5729250 20589
8356461 5431
2998692 39442
4362218 30384
6811705 54667
9369724 90060
2918325 39821
4851630 26590
4228102 30823
4755649 91295
6245340 70877
6058472 41391
9072265 3405
1792404 47453
1496631 71572
5184239 24980
9073237 91956
6292830 15302
5990371 17874
1884613 46068
163561 84298
5236045 70655
4633324 31361
5402248 23490
4370306 85108
2118177 44767
3710200 73802
2536692 42146
8257898 6702
113036 88025
4945747 86373
7951713 74951
3925065 32392
9521775 31991
5843172 19353
4439773 30149
3454193 38191
395877 71263
9540930 95988
525927 65288
4581465 72241
8457989 72914
721292 62634
5204807 82891
4458550 29761
7569318 71445
3343161 36380
5250663 24507
8170214 7605
6323505 58701
5373709 56011
6103428 16845
5793502 20356
2647333 41337
4845963 94768
636667 63382
9995345 94296
2617133 70856
8162830 7810
9271610 2266
5011293 25683
8817486 93415
2161677 96899
2440753 63251
3101352 38514
7251022 61319
5984678 17997
3382008 97455
7113851 43895
5680077 54886
804448 93306
3474755 35466
832235 61786
7528075 79089
4453161 73599
8420528 5038
5236079 56821
7575021 69921
5441144 83971
6843756 39603
4928579 25694
3931820 50086
513166 66657
5901637 18178
134422 94783
5607598 61799
6708410 13340
5017953 69487
7596468 10304
7634933 11648
1549686 52175
7868386 26215
6944988 22783
961897 60871
9586837 54993
8963225 72925
245384 77415
7578336 10358
5269635 24330
4711570 72628
5382899 23606
5658649 21622
3816133 99273
2666366 41175
500825 67287
8962261 41291
5534255 25579
6424222 90611
1727354 48394
4961890 78242
6828226 89091
2367834 91878
7932189 8723
5148183 46939
9873870 70840
4141966 31183
9955025 58134
5821532 19878
5712602 96802
8799219 82820
5065447 25357
1872850 84193
109168 88669
3384506 97593
3131354 38286
7256743 29961
615227 63746
6108989 16666
2161978 44537
443847 70405
9857239 888
7936220 86381
2605703 87446
4692157 44974
5048136 50132
9030062 3573
8697477 4490
6665521 14250
8007636 8472
6345270 15289
1319338 96353
9915042 126
4167768 31038
1710061 64423
3121339 38327
1251545 55265
4470013 29524
5780804 91292
7696978 71953
5145904 36636
4227189 90094
3340710 94407
1619613 52454
6389353 61434
247235 76362
5350797 23954
4726499 55119
4261320 52356
2468311 56855
612499 95771
8893193 3900
7073986 12849
9103144 3371
9142973 41041
3984648 32037
47939 89520
855961 61520
3175389 49265
5306287 76122
3234868 37040
2064867 69711
5482746 63602
1947936 97927
2344370 87770
9859624 685
5107044 89039
4712502 28526
8494735 4806
5241934 24527
1086074 59800
1642196 96333
8730187 37592
8990157 80121
4805301 65692
821013 76111
1236050 56039
5366432 99885
