500 10000
543761 31649
2612918 11884
3373121 6762
2293354 46977
4284703 2577
98180 39179
750740 44574
3242213 8264
4280420 13842
3868263 33513
339909 47671
637333 46737
545041 29604
4749784 781
1271791 19612
1702639 16350
1808969 15906
704669 48470
46709 43591
1241624 19858
1721361 16343
4354614 39059
4963473 41643
1181045 24038
1452816 21373
3168617 9173
4153856 44662
1127554 20789
1592883 43731
365016 36939
851155 43425
1565541 17795
3266443 8182
1095738 21078
1520924 47380
3894903 3472
3344010 6773
3232279 29784
285190 40711
4932735 261
3961988 47582
38728 44584
1229597 19965
786486 24850
3604933 4889
1021903 22925
2961436 10030
111473 38864
1874611 15342
4539033 1566
4748109 31046
2979198 9699
3479882 5673
1853028 22129
1227989 19979
1072440 21242
1245590 23401
298197 37521
4773572 36895
4699245 48121
166228 42666
2214698 13344
4232413 41359
3545626 5267
1892722 15106
3272657 7627
1685723 16434
3689708 4620
3259417 27720
1673560 16854
529568 30073
3552273 22610
4372680 2313
61058 40318
3920332 33376
1061585 21302
54976 40747
3463409 6278
3706613 26981
3359212 27820
3577637 46083
2795146 45132
4186260 2846
1219356 20515
3005898 9583
4778341 25824
1630232 42452
1556910 17859
4943910 48639
2904379 11180
3712933 4390
181560 47405
3555741 28555
3419759 6318
1633444 17623
1649639 17379
1437008 18767
478760 33531
1401976 40793
4687215 25582
3213253 21932
1410633 43874
3729277 23296
2562714 12140
1921293 14480
3974965 44809
4606279 19724
4127439 3119
4701680 2604
3294601 17800
2617488 11861
4737356 25806
1553712 35704
2591392 36749
1038945 21884
3579389 4917
4117810 28613
3292679 7294
3861696 18996
3969314 44712
127442 41798
501774 33007
2508935 20398
653470 36907
4542561 39445
1012757 23812
2308280 12796
2956279 10190
1363683 19160
1313143 33046
4647372 13459
1967049 14228
692539 25848
1192577 20600
1836213 42601
4816508 536
293965 37540
1983465 47855
4444720 49978
4981115 21564
3562097 4957
3342390 7104
4306456 2553
4437142 42394
2052558 46570
4986440 79
1454776 18758
1021427 22987
1297752 28861
4992715 46978
3352065 44426
3345653 34306
2735179 24853
2441693 33221
2010724 13745
3728994 42803
1370695 19092
2517124 15274
2355088 39667
3875288 34584
4138319 3024
639977 27167
683640 26073
3402842 6492
3368597 43202
2612986 11871
3896222 38575
3772905 4028
1496658 37482
2009145 19133
2927463 31656
1235554 42286
1589443 32353
3086354 9236
4023133 14817
4383905 40330
1377112 19083
1819407 15869
4144621 38023
4350584 48900
1122954 43230
3226755 8280
2873910 10654
2208541 13353
1151138 38479
1764862 16273
164081 38395
3525547 47187
1364340 19147
1734175 16285
3017580 49327
1807722 47675
682895 26115
2100905 30226
4568023 8197
4384204 28897
1166030 28314
975298 23921
2070865 13703
3507784 5339
2945649 37197
4975516 39925
1457740 46165
1519859 31742
1440122 31035
4503742 44039
4845071 31768
1222024 20442
2866842 11120
4309121 41348
1033748 22204
348221 36975
402893 35053
1896461 15094
344094 40420
335864 38460
3300330 41841
2099174 13587
2680386 13368
1860971 26566
50147 42452
4509012 1875
2640303 31437
4228212 32926
4451985 47555
3477803 35003
4399892 15265
2116288 13461
621439 27844
2764080 11220
800813 26598
4708636 13908
2498155 37526
1180359 46892
441254 34869
321261 37168
3466405 6166
1637341 36722
4933897 29940
953583 24091
1279685 19560
2251369 13271
3471581 6064
1769022 42039
4201167 12685
885039 40528
2410596 25538
1940876 14476
3038572 9575
2473986 48019
2933493 10302
1415524 26713
3018317 31406
458035 40519
4592155 49152
671092 26633
12673 45523
4097826 3242
240002 37845
466423 33928
4270174 8209
4834426 3628
579058 29391
1019176 34888
4341384 45555
750963 42252
4494059 20632
4269633 2816
4635416 43093
751647 24891
581429 29225
83330 45187
4429106 1987
2887432 48731
1264336 19765
2183199 26038
2588559 27274
809480 27312
2925452 10565
321369 37070
4291761 35562
4845754 26042
1530315 35317
369974 36013
4467183 1965
842847 47108
1325222 19429
72954 40066
704745 31384
1803289 35402
1030874 49091
4028256 3316
4332301 2396
766404 47186
3051090 9547
4348377 2394
2555297 49638
2895931 47656
3537299 36128
3691234 36441
3610350 4651
4943490 1478
581596 27892
2340269 12401
2341987 12339
954712 25009
2147967 40029
2613613 24798
2537035 44369
510411 31511
3915487 3430
2577141 11982
3478346 5991
2001780 13860
3466816 18005
3609387 48335
2308434 12672
3113472 22354
674889 26385
1553099 26585
4890206 413
786107 34526
3584790 43785
1816456 44937
2284559 12934
3574894 17133
4812461 576
3630971 25989
4117729 15585
2882529 10619
442956 34424
2464244 45963
4982705 26850
507038 32368
814153 24104
4369230 2339
4379857 31895
710241 24928
2625879 11481
566356 29561
3172539 9086
3855202 3662
4348114 18678
3675509 4649
1915788 14621
2407299 40256
628016 27558
3787915 9271
3943074 44962
3183117 46497
498651 33267
847822 24101
4423532 41059
842511 48175
1217312 20582
791121 24423
3312603 7183
4716617 982
3480961 5655
3060440 9388
4636856 30199
60373 47775
4442185 39378
54754 41584
4638434 36044
2629216 48155
2317599 12408
4746974 886
3042508 42367
38486 43619
137247 38677
1397265 19079
1624410 17632
4397567 2236
4350968 24781
4990272 24012
1130085 29679
109062 39141
2510842 12280
2765547 49953
3510346 41509
4702677 1020
164969 38333
1245368 19804
4332444 29672
1074072 24536
1859165 36882
6485 46939
402309 35283
79494 39802
172022 37941
467832 33543
1020147 23165
2375740 42255
3438634 45377
346839 37059
2523458 26231
419081 44544
964222 24072
4980039 43316
165083 38133
519904 30726
2620380 11715
2137338 37198
1471351 35534
3954813 10011
4687813 1417
3296460 7293
1015749 34155
1333164 26662
968947 26452
1509816 17949
1826380 15602
1661849 17206
740369 48988
3214958 8296
1779537 16037
4867902 36805
3381675 25202
2280716 13180
3662437 22523
2278628 34649
3980897 32909
1638663 17603
1867770 39895
3050213 28480
1892208 43570
603937 39089
1327954 19294
2241061 13288
4580769 1539
1233553 33410
158140 38496
3808699 49612
3282795 7466
1684480 35859
3761279 47637
1464922 18196
4672129 41215
3873271 3530
533649 29826
983019 44454
1222305 20375
4659190 31108
4490560 1942
708385 25767
4724930 16199
4959174 46630
2928257 25248
2713870 11336
3257017 39035
2605917 49560
3920564 5056
2238307 13300
2413678 16191
265663 37696
4274849 2625
4894140 29373
2572946 11987
4965022 17844
2345810 44025
4511670 26519
4323938 2455
1394864 43312
3853332 3706
1264938 19728
78173 39960
441656 41590
576169 29462
4488566 31215
544907 29742
1877429 15237
3725354 18958
4656397 1469
1082171 21093
2625019 11566
4034613 28139
4151307 2932
1769800 16266
999502 24072
2729860 11263
807946 27514
3509726 19613
3848400 14855
417619 35013
1535695 17869
3553806 41076
1372112 26134
4399673 2046
1699857 28266
3173568 8676
2114183 24495
4558097 22081
224552 37866
950212 32375
1585678 39525
3709878 4549
1829202 15460
96999 39661
3205661 8581
