1000 10000
4905088 21809
3113381 47344
4646426 48172
8773552 5275
2311491 40402
1318868 53128
1905900 98105
1498632 58249
4726560 79511
2941792 93684
2381656 39880
8334985 34137
9254085 2435
2737773 72768
6689772 99592
6609359 33194
3100941 31963
9331561 94114
8784015 80715
3583398 29277
1721945 46578
345398 94687
1424067 52474
5142791 20666
8493764 98730
432544 72735
9830075 892
8693094 46310
3385768 30461
7251905 63787
9496580 1791
6267735 66702
1333680 52953
1343275 57093
1941745 51269
5468056 80610
714017 65825
2689297 37442
1444103 57198
9307525 32453
4229538 99365
4067734 71126
2047461 43090
3033215 32841
924415 61135
9972267 33
6413733 14496
8137088 7439
1079369 57798
1370110 52739
9291712 79521
697983 65926
100731 88476
4530012 74025
2985152 33500
2999318 33357
7724459 8652
3115164 31659
4281728 25573
2848701 34352
393429 73924
5337439 19584
5586224 17556
3540456 29373
2962678 70399
6063308 80339
5345378 19423
9470035 2254
134188 87519
1335907 52914
6686876 96842
9616102 899
2051971 42816
2118884 83538
1712252 46619
4468988 24688
7937017 53724
6468288 41245
7002189 12056
567856 67982
2849793 46475
3777568 28307
244513 79610
9717070 26587
9750281 82629
9419749 39989
7672153 9048
2730901 36166
8622367 5707
1598852 93637
3333353 97660
3909158 54627
6918175 87397
3673795 28544
7895138 8415
5606921 17314
7936034 8055
845694 62320
1649445 97380
4148810 34279
7528560 70353
9887643 63387
4751264 22783
225534 81943
1557773 92525
5888398 16343
9121832 90516
2978180 33802
3594502 48660
4695233 23407
8188786 7124
2312838 40315
8748961 22187
8759263 5442
9129767 40594
8952356 82315
2531019 70407
2304284 40411
6188419 15299
2364079 86627
3825091 79146
8299619 28028
9802462 39041
9382871 74174
5123955 21040
3390523 30317
9983271 75596
946788 60463
4088799 80555
6303275 58985
5675805 52630
3993077 27355
2889892 34230
6031973 15914
2429383 58865
3829813 58951
6732053 78627
2236986 41428
8045677 19448
4896196 92320
6983474 93601
957554 60396
7621910 64363
45253 91533
5793377 57984
2133584 42716
167433 85885
2862821 53641
8131175 7448
5378158 40827
1594937 49329
4516087 23894
9079547 70059
1108815 56877
4858336 78035
4750530 22867
7851249 47873
2427682 65957
2353599 82041
9514704 64778
2978081 33880
515566 69060
7859497 8528
4763444 22642
7089910 59073
692049 91493
463454 71384
4398342 75910
7959071 7952
4542702 41423
7356681 79892
7681251 29393
8946624 62295
2182241 42461
6288715 14563
3853708 92257
2471950 57633
4751241 77043
7170974 83487
5135256 69219
9139653 74890
5069233 47367
5639076 17279
3589337 29178
6915640 12245
7742777 62018
3721386 28516
9297735 79890
4086103 72568
1161641 95939
5395554 18750
8190324 6839
6202899 15080
4247896 25649
6723948 84430
682008 66230
8842065 39714
1231547 97997
4066589 26839
1071796 58574
4999876 21235
109633 87951
2695476 36897
4891285 57296
5504481 18224
8272874 34197
718401 65635
4985883 86218
8187089 72585
7790686 8650
5004120 21231
3614931 29046
4840154 42830
7533697 10248
7642680 9754
8570431 49950
3327831 31130
7324795 79155
7934900 8276
4526664 23894
3977478 65322
6110910 65911
2632770 37586
8060809 7834
1579714 49850
8771301 58744
4643466 23637
5322473 19787
2561555 85942
5053266 86163
3068532 93245
4545980 23882
6022314 87608
1939763 44152
5358771 86085
3436848 53956
8005106 29667
6600982 12831
7451071 16780
4985233 90175
1078534 57813
7500371 31194
2179130 62351
5576356 17987
6555468 13094
9241857 2676
6440340 13821
5264384 19969
2424332 40123
9592794 77634
3902365 27523
6700064 47658
9324206 58089
3285012 31309
1668201 47180
9891958 425
5580117 17935
6968406 12160
8658352 5670
4421659 37831
8287027 42878
5838441 71714
7057430 11999
6766396 40400
8284882 92635
7697717 96011
2364809 39964
4201208 83342
7665067 9224
5362841 19107
1234560 54209
6956854 52076
2743462 35849
2976132 33995
5677522 52824
3984821 27412
9955349 343
4302528 25173
9773536 93541
3042527 99426
5963775 83895
6017877 18057
4823864 22558
8946423 70522
7561097 10198
3886605 96335
1269035 53951
9008794 42901
7453530 93595
8989213 6571
7150740 11581
8166058 41912
1118859 60590
9053283 3525
9770123 71544
1110042 56584
1069494 96587
4399506 53583
5436411 18734
5689452 53576
7220940 32105
6825164 61956
5956279 16185
4880854 22361
7277689 77908
5713604 17148
8860120 57751
5105538 86497
5569477 94670
597005 67795
434994 71728
9390150 71812
297159 76788
9400692 94684
817295 63626
6830374 16307
4527729 68066
6191229 75151
6056568 61544
2950721 53910
1877228 82426
2822300 35216
1310666 53461
2359160 40127
8424960 6075
8037737 36643
2292507 86406
9360141 99815
8261009 6832
9278996 90977
7205039 89214
5445877 61416
9020761 90558
2561444 38513
2056605 73243
5032673 84662
8187041 7137
8277613 32920
2516966 38633
4539651 74636
3029934 32944
9378905 17388
8262806 6619
3992094 80099
7658414 9684
3518879 29580
5968336 92591
2003524 43753
871742 61890
9584926 1144
2519173 71880
9927229 61339
5567891 77990
1469637 51232
3101848 31849
3673138 34889
9490359 1888
1521507 51014
6089817 15682
6403564 53893
4269941 71754
5760794 44294
9566211 1306
6422756 83891
227898 83028
8982530 3657
3003834 56639
3446481 88854
3050814 32816
8893788 12528
9448539 54250
8661961 45318
3605895 29051
3532368 29377
6139794 84499
3818020 28306
7477421 42241
853429 62157
1490518 51856
8608451 95776
7838372 8574
4148238 26533
1226735 91576
2370603 72009
3059513 32151
746681 64009
7568666 88513
4692987 23467
2694453 37372
490787 70186
3907742 46518
3831041 28243
4330739 97982
4224382 25903
6487514 36036
3881512 80546
7745258 39262
1580297 79827
2576571 55877
3108817 31722
5597511 17355
4206004 47285
777112 63883
8285691 86756
5383531 18884
6521337 28455
7195467 11474
6012527 80195
1191181 66942
2943920 51502
2251878 41266
3830930 83877
5215081 26389
1973255 85673
4707724 23274
5618885 80235
2230291 79977
1914435 62271
6962390 84216
1470291 51021
5585727 18331
5196504 63560
5086837 30953
5541485 18083
5553748 19034
3869292 27722
9720481 88780
3303770 53639
5554237 36632
7576609 10155
8763868 46948
72746 89426
9158797 3396
6170535 84721
5338363 94488
2706831 94409
8629658 75275
7246299 11371
9865406 808
6447123 85450
7950875 9925
4988661 21493
5830068 20581
4914405 46593
8632614 20856
3132617 68535
1598126 48528
2488707 38809
434170 72239
2206289 42298
4259119 50429
5043433 71309
7292606 31049
5495502 18365
8364076 6353
8875334 4407
8552036 71059
5738266 16966
9282370 82597
7422119 86061
2684318 91234
1687704 46821
6313748 86008
3009587 78474
9364424 65512
8933779 3992
7556682 10237
1092110 57673
5931074 38076
7305557 10989
2561481 58644
2288379 40642
7091383 11986
4456279 24951
9103803 10020
359001 74779
1424777 88852
6664986 51916
1568896 50255
1273245 53903
8366041 43824
7158483 11501
3962597 42185
4719225 81656
6062684 27012
4253161 55549
4042543 27015
9877106 792
5009854 21166
1392807 52539
5098246 62172
8359899 49138
2992907 81437
111653 87876
3566144 29320
8226621 37531
5438095 83516
1014509 93939
1797015 46295
3012694 74299
8283172 82581
7433346 10587
3264940 68930
466222 70342
9544444 1480
3586006 29199
5603786 77457
1820829 63272
2395347 39775
6364815 66761
960036 60101
1107526 56926
9593825 74574
9191075 82387
7486812 10414
1222879 54531
6186742 15525
7705812 8885
9139820 94494
5059736 74580
6198435 53261
6388304 21500
8150492 42736
2370464 39933
6554960 94547
4321485 25151
1461524 66030
4603 94690
3096187 53041
4707674 70680
1908112 66643
5375030 80133
3859151 30488
8538821 48830
9936800 92459
450151 71406
2038268 48340
932350 61069
7635790 9963
9386881 52914
695776 66176
9077787 85072
3471612 29691
2456007 63427
9169601 3142
3479899 29599
1085396 88175
9358689 95241
423712 72921
525054 68894
5737082 65604
6894519 39942
2389709 39849
4223789 26204
3637517 74758
2767155 35766
4747473 29096
8810302 87595
7985985 86565
8028199 82827
3414402 85354
6853697 95769
7153282 11577
1033601 59126
2189521 67314
6893132 12292
3465165 60467
2568091 38079
1917827 44406
5966252 16068
2419167 96437
6506484 13417
5906382 16269
6996854 81036
3681130 92818
1859473 45571
133581 87723
2259327 90672
8172343 78763
1744728 89448
6095110 15627
6461352 75210
4086872 52759
2106701 42743
1211532 55852
3788978 91087
339995 75177
4873789 22441
4817041 96286
7368412 11349
8041425 44456
5046829 21150
3457019 29820
824046 85323
8781581 5160
3657719 28685
4974527 21790
3702336 99379
6542240 49278
491034 69456
7475939 10415
2980933 33580
1862719 45427
1967952 44006
9095478 3501
9546184 11741
310368 76762
2304150 73721
53781 91427
6787255 50280
9593712 73989
1988152 43756
5596274 17532
6623302 12825
5851096 16657
5123787 50779
5450146 36075
4003726 29184
2203477 52593
1871380 44924
3849071 28092
4723571 74941
1441650 88587
3008296 38559
3012184 32992
4298141 25276
366004 74371
7973963 81433
3897029 78482
5568415 18022
1867332 45390
6879500 46696
7308697 10665
8407732 6270
4866289 88288
5434041 88726
8624183 93533
32323 91938
8557084 75401
634524 66233
8931142 10892
1609133 48183
3332739 30966
1734623 46460
3424982 29826
9903280 96035
4633894 87002
982109 59605
2471771 38854
3176137 31539
5049457 47205
5854683 16601
8310351 77117
6054473 15832
3860834 76742
1165779 56090
5795661 16684
4283249 63256
7127562 97541
9558275 1382
8709457 5518
1531405 50993
1796 96249
6751955 12812
9455153 3671
8479909 5888
9227591 2760
2325923 40286
9157239 62904
7227235 11404
4494619 24492
3024281 95738
6417642 68076
5508714 18178
9050307 96457
739750 64049
1926458 44288
6839910 76841
1641399 48072
3193670 51609
15980 92831
7398136 89248
6000227 60063
6033696 26053
148368 99946
1633899 48180
1871198 47223
4998470 21353
29287 92020
5171497 20436
1838923 45960
6088068 15760
8635993 54233
9668408 59190
660137 76013
1156070 96383
4494695 54244
6483395 91827
2194468 69220
6166818 77468
7578287 10087
1606743 48435
3289951 32026
5212856 68541
2779180 35479
327246 75938
5411703 19360
3271530 90803
3697194 34993
8119292 7496
8446268 68217
3335784 30745
9742725 92220
805987 91389
3379889 66438
8622530 84542
6349607 14528
3100478 31976
3181270 32214
3926493 58262
2771039 35484
1391160 71910
9906948 13030
4766796 22608
8795282 51783
4029769 27169
6834637 12783
843113 63615
848542 90912
872386 80395
8474740 77551
1948846 44079
2083721 42770
7574804 45349
7438016 37005
6496541 13548
7675998 97328
8131987 65028
8382357 77593
9960058 123
606326 67360
4086494 26545
5556526 33583
6873101 95984
9103023 3436
4116399 60359
9489031 37158
9589452 28569
9226979 53112
9504341 1787
3661846 28567
8050962 7882
1570590 97426
9904063 46897
176196 84924
1630670 63026
6849691 12476
6878265 72943
6247201 14957
4444329 85568
8903201 98395
4215945 36111
3257611 97808
5590183 99227
1934174 58639
3246533 31309
4294838 61495
7928895 15131
1082567 90673
4570450 23879
9377681 33760
1762737 91184
8922925 4019
9437967 88136
3307823 31131
4079925 26811
2991955 87189
8744998 5461
843161 63462
1017263 59488
2060053 46152
9221001 98865
228350 81856
7627526 33726
7855576 16497
8147553 24348
2923231 34049
1573041 50230
1074652 58006
2805915 35429
3637143 28947
8072661 7727
9412669 89714
2112394 42734
5080546 77867
8200383 81690
1043434 58975
5935498 16229
1433191 52168
9349858 52590
238543 79779
843193 62483
5873949 16393
6435439 13953
6083942 47478
335817 75396
74875 88690
371891 74092
4333553 96907
6927759 42583
1970279 43984
7138702 52475
7913540 82125
2620671 37756
4756562 94281
5253555 20338
8583831 50941
3002255 33259
6559758 13069
8350377 6467
4814509 84633
7328948 70920
8941570 3733
6433348 14182
2898929 34126
4278422 45546
225462 82214
8137966 76745
7321787 10600
8873791 4736
5960240 55417
8506712 5803
8051244 51935
5308738 84601
5322658 19740
7782599 89790
4219857 86629
1854701 78191
1278214 95079
1060360 58789
5715886 17020
5972526 43080
8068024 7739
3209776 82838
8149066 73275
4302249 31935
5679199 41576
9283288 2358
1539724 50631
5872372 16426
1041462 78214
5734020 59140
4990024 21489
6725739 26794
9646591 87573
5746014 69468
6569258 12855
5114310 56356
3399090 29878
8178780 7431
4622886 74435
1976897 56426
2608612 37943
5103145 21054
8648347 94256
282218 77560
6059747 38252
6750913 49180
1508043 69813
4894559 22255
8347357 6558
6456352 13734
249009 79402
4368004 25125
732231 64059
8795857 4738
1315299 99290
8072398 13461
8582539 83866
3748420 28390
7301423 11199
6659561 85468
5130108 20771
6015003 15978
5049877 92064
7886434 8474
1708995 51330
5498521 18258
2740856 36015
2210019 60038
564842 68447
970704 60028
3647329 28775
3072244 32099
704604 65915
1800286 46287
7181598 85342
7313693 36291
4984190 21763
9487940 2248
1046904 58935
7294782 13087
8212831 77721
8317288 97684
7617033 10024
9697590 50116
7838893 81213
3959456 62041
3872840 27540
7806539 89542
264075 78966
5894215 71271
8552031 23948
8805544 18725
8588728 5742
514909 88409
1909898 44516
3693768 75767
6477798 13558
2946988 34006
275763 88493
5963095 96879
4958427 46239
1438232 51312
731730 88838
8095794 8454
6011057 88950
7667738 99637
2269735 40673
4850255 22502
6011372 54530
2382623 39860
1939728 44163
7440329 71815
8881349 4280
2670930 96323
3833654 65201
9017540 3570
5262316 20105
4439513 95773
6523043 13328
9514501 1561
7333407 66839
5464991 18367
5768734 87425
606905 67151
9195305 3050
557633 68501
7982386 8651
371689 74229
244204 79706
971635 59843
3749896 53896
4455534 35601
2877289 38492
4753117 22680
2595492 38030
5118326 88307
4184142 85161
4549419 81183
4521386 94183
4019986 27251
1312815 71798
1610887 81605
6414070 97230
9388571 2358
5583706 17904
7266471 79457
3354728 30512
9925294 374
7647102 44639
8190048 6844
6778181 55549
5738829 28069
5896642 16323
63915 89642
6462517 13732
2616786 37928
4212079 26304
5373025 19011
2465695 39254
3695415 28537
279218 78086
1368105 66556
885593 61715
2758206 53403
6286515 14782
2614399 80113
8423721 6145
2450719 39725
4159165 74216
3736413 86401
2583115 58750
1592729 49599
7940074 9260
4743660 22976
5788225 16764
6281900 91302
2709748 36646
8133949 71573
