1000 10000
4959229 50247
4168205 56231
3141925 66138
6171609 38700
6462240 36157
8696989 13876
7493211 28375
2061823 79122
1148851 89726
4586203 52668
6940112 31391
4540143 53042
9517750 4051
6169383 38861
8936234 10575
9289725 5567
7488313 28431
2056330 79580
7499706 28303
8221991 19790
6084274 39069
7771390 25772
9148246 7245
6284063 37721
5855891 41627
4225264 55680
5684330 42870
3676732 62165
2816456 70290
2002145 80122
2445459 74165
8799903 12948
9424911 4329
615892 95057
2279225 76308
4313588 55156
3188885 65951
4493111 53232
3944240 58777
3396126 64248
138945 99027
4256371 55454
5582440 43767
708304 93810
2557645 72569
6416067 36752
8820591 12167
6058579 39517
9793190 1585
6233832 37953
7006651 31164
372643 96969
9971197 402
695311 94032
5066207 48620
5358907 45820
754379 93535
4466883 53779
5752900 42194
9250213 5754
5037191 49130
3839396 60867
6386853 37165
7136780 30446
4373202 54337
3309296 64837
9187305 6970
536332 95486
6791081 32935
8713650 13772
6461377 36224
9105451 7996
4155732 56430
1068796 90459
4814126 51324
3825889 60976
8464052 16626
5960267 40343
503921 95647
2890521 69264
190146 98564
5635364 43373
5454410 44938
5835488 41739
2462418 73881
5303247 46480
5891563 41375
1104468 90053
727490 93706
2105960 78655
9619869 2545
8909205 11238
7530183 28132
2821262 70219
4917468 50390
6753706 33359
4485725 53736
2212200 77088
4662581 52238
3237900 65256
3491641 63600
6918581 31398
467257 95664
1144592 89763
7963538 22041
3365429 64300
454168 95861
2634701 71867
4976376 50089
5286415 46756
2970758 68475
8918668 10895
1245119 88811
8815773 12373
6629683 34423
2704316 71392
7466574 28877
1975973 80665
2849687 69794
3937822 59097
8959386 10135
7558663 27754
7920653 22522
1392520 87091
1626163 83788
8992914 9349
9111793 7779
3124304 66263
1295946 88005
4703545 51902
9829646 1248
7824343 24037
3856607 60472
4395418 54316
3620922 62653
390662 96744
3134384 66243
3676471 62322
1477491 86277
2301672 75898
62452 99802
6302250 37670
8806612 12784
7528794 28161
5481159 44724
5763051 42139
2819687 70279
9609365 2926
8242745 19427
5109276 48269
6949813 31274
6517995 35768
3316525 64807
7597228 27361
617936 94875
7538894 28037
859181 92009
8701805 13779
2323946 75181
9277749 5621
3260928 65253
9003108 9346
6567108 35313
8792646 12966
5567004 43916
1620508 83914
3003129 67997
4568974 52839
2250088 76877
1482772 86146
1575443 84641
1276503 88396
9376325 4912
860383 91877
7270147 30169
7015691 30967
3917316 59551
5755970 42179
9333268 5508
1574729 84672
8932520 10883
6394102 37106
4486933 53395
5498120 44560
7071671 30607
8670319 14098
2577971 72490
5718441 42370
6377678 37257
1564438 84758
8259009 19201
3897751 59820
7622561 27291
1827112 81767
8473706 15786
3062420 66750
3023706 66779
2391513 74743
2588067 72361
755410 93438
4476674 53761
5884454 41503
231451 97701
7552984 27776
3461120 63899
625215 94684
6573564 35290
2766427 70880
2164331 77268
5486942 44608
3326046 64507
2273709 76315
8700964 13796
4767632 51893
7700309 26353
8989807 9484
9264881 5669
2547764 72933
2463167 73792
3633629 62363
8976237 9979
630918 94565
6236746 37880
1075013 90420
63337 99795
4010571 58239
2250578 76431
4839871 51104
4970456 50221
4280992 55362
4367952 54375
202646 98192
636502 94497
3535218 63397
7916554 22699
2803993 70503
5459731 44861
7443545 29203
1502472 85531
4853091 51069
6761117 33189
5193245 47615
9244114 6157
1984738 80567
8645277 14141
5881861 41543
2201912 77144
3878492 59996
5749609 42203
2444883 74442
4362684 54483
5238083 47307
3359635 64450
9563942 3308
7113643 30554
3564793 63026
4204562 55773
1607521 83996
7888267 23324
46452 99873
4819348 51262
2453703 74140
4324856 55099
355918 97043
1737367 82717
1807904 81963
8556249 15033
6253143 37835
5749841 42194
7866934 23535
5560929 43991
8072000 21661
8514557 15457
9149522 7216
7560590 27738
5703339 42725
1668359 83581
6010467 40035
8613323 14473
8396709 17233
7941844 22430
6195227 38540
8521121 15168
2767697 70781
6303162 37620
40027 99902
7818594 24431
7780825 25606
2556234 72602
8630702 14211
9152985 7201
2266868 76340
71321 99659
8940328 10353
3843291 60627
2473056 73531
7762769 25774
9998652 96
6656607 34001
8203609 20135
6514840 35944
9031240 8603
8277922 18954
6957055 31210
9450868 4287
968371 91169
9850648 1197
3104315 66553
7451602 29132
3300004 64887
897592 91702
5661384 42931
4433569 53960
1381502 87177
9712929 2097
5458958 44906
2058845 79439
4975076 50165
4140701 56997
2491407 73327
6587326 35056
212528 97869
3107675 66500
3430618 64151
5183560 47741
6114781 39057
3469221 63657
6608650 34910
6551097 35484
9926008 988
3791268 61205
7269077 30236
7341980 29787
7699208 26701
9069180 8371
1039756 90599
1114303 89952
2867859 69507
3634496 62356
2708688 71388
9340126 5343
9573553 3026
1737605 82694
2063248 79102
6043983 39786
7964064 21877
4526672 53168
3566941 62945
6547676 35597
6944143 31362
830607 92559
6327007 37619
6857806 32459
5111606 48026
5173208 47824
6793973 32839
5679264 42921
7785308 24904
564726 95317
2681134 71663
1883398 81485
2814590 70345
7699400 26513
4142364 56911
3676075 62349
2014356 79978
3876108 60275
2605620 72249
3744167 61272
9115596 7533
8328517 18305
9713541 1903
5821931 41951
3323343 64592
1643556 83684
7409534 29363
3208188 65395
4426736 54211
4134119 57120
1773617 82510
6336977 37600
9565292 3304
2566465 72543
4647778 52264
5200198 47491
439806 96562
506304 95553
8307534 18578
1384192 87127
2309019 75648
6880885 32272
5934199 40455
154437 98957
6898216 31580
592486 95192
5901358 40893
2830723 69810
7264562 30315
8976761 9949
8080634 21202
8873310 11576
9343758 5270
6738177 33419
2464546 73772
5040996 49024
814721 92749
2554258 72645
8966483 9987
5708287 42513
6891337 32013
3285009 65073
8481747 15663
613660 95135
4362820 54452
4424879 54271
6017658 39902
2518016 73051
7487451 28516
8125564 20818
3606704 62732
4111192 57620
7710762 26319
5719268 42348
3614238 62688
9014396 8956
3464430 63891
7775529 25767
8780002 13273
5447152 44949
801359 93190
9292088 5541
950971 91683
7945233 22314
3719401 61708
4569657 52814
7902075 23093
6074931 39209
1836924 81763
3542812 63376
3011463 67706
6885388 32033
190371 98429
6060561 39318
1493931 85838
1157313 89581
700082 93858
8907275 11242
3295836 65013
1562049 84962
760377 93410
6067551 39209
6709908 33540
1718147 82816
2540469 73032
5162966 47885
1464098 86341
2499128 73322
6842565 32718
1558993 85357
1486132 85896
2800548 70651
8834571 12125
2295821 76237
4451572 53885
3537399 63382
8446840 17134
5944366 40377
9293411 5523
1946626 80872
9661959 2355
72349 99618
8742383 13654
162315 98617
1316742 87918
4050532 57975
1160856 89367
6561788 35376
9598217 2938
9723850 1869
1422096 86736
9689705 2206
1578269 84429
6691673 33890
533485 95500
1958936 80733
9404281 4674
5219756 47371
2036143 79820
5555617 43993
3959002 58536
7968912 21758
6611327 34820
7014998 30977
6227793 37962
8987407 9537
3022569 67644
1287864 88216
919693 91684
753038 93608
5258697 47078
5350609 45894
7604992 27343
282628 97371
3271396 65078
6516020 35935
9104220 8286
5126883 47967
2953967 68772
2611802 71935
4090290 57643
4026922 58053
8448870 16775
1794711 82227
8984314 9904
115573 99115
2908091 69050
1144606 89741
6377568 37450
9359270 5112
6786496 32960
4071512 57854
6081128 39172
3738155 61277
2830099 69941
9994490 195
750937 93618
4556208 52873
3205197 65558
4175570 56196
5060967 48664
4151944 56901
2976947 68357
7611251 27318
9051390 8383
559511 95352
6239291 37846
1543284 85364
5458320 44937
3141831 66185
4863313 50830
1365839 87615
1822992 81939
9018526 8941
1394458 86921
6415593 37053
5420431 45047
9348948 5268
7062251 30639
6299729 37696
963478 91683
5994898 40284
6192658 38635
7942150 22366
2826418 69949
4584151 52753
875554 91793
7711338 26131
6655119 34010
9484466 4251
363540 97007
2640214 71698
265641 97446
3070338 66675
1940 99973
6605434 34930
2140704 77892
1477098 86289
3459407 64099
8543476 15113
7725345 25827
4021956 58191
2788569 70761
4541276 52893
3907115 59555
9012518 9107
2822556 70207
2741904 71190
3434437 64137
2117500 78624
9226637 6578
7373069 29628
1471714 86297
8753623 13603
4799059 51408
4994362 49668
3201019 65888
1223190 89268
9168136 7004
7816988 24459
3628179 62459
2893479 69226
2366804 75072
2703518 71410
4288792 55283
3142423 66018
6621003 34497
2589184 72276
8809462 12678
6995152 31164
9134264 7506
5914984 40639
9114603 7554
5907901 40809
3350745 64497
4917321 50393
1717126 82821
2077620 78986
2995495 68241
6879074 32397
3099847 66640
9967250 713
2081791 78879
429829 96731
5424020 45033
6708556 33540
7633014 26940
4791 99932
7547959 28035
4889761 50577
9805623 1364
6419410 36641
7910983 23013
5005120 49418
6654844 34193
446999 96302
456697 95775
4140561 57048
3112198 66387
6645105 34404
3695207 61961
1110151 89964
2369144 74831
679527 94157
9917727 1015
5393397 45608
2727117 71304
4070725 57854
2028300 79841
1459219 86441
5281337 46815
7468667 28750
6652268 34378
3681052 62136
6462889 36095
5642143 43337
6005407 40250
2997336 68088
7858508 23763
1611743 83939
4188204 55893
8585319 14926
1701170 83024
4862340 50969
1989289 80188
3715510 61755
264355 97489
5015591 49347
9398242 4678
2698007 71516
5111513 48171
8887716 11365
8083792 21171
6854561 32647
4336119 55061
3418987 64223
3627193 62462
5773917 42009
6798139 32837
7630093 27268
1872580 81494
3171439 65963
9962038 832
6662990 33899
2973417 68381
4039458 57994
6553616 35467
6437356 36517
1560872 85047
6227741 38020
7406776 29377
2458124 73997
6765183 33072
7654473 26832
9415898 4406
6037018 39799
8347072 17970
775660 93318
4902240 50556
2947856 68834
3008386 67711
5187701 47639
7854915 23916
1447689 86651
2969294 68491
8190474 20319
3544614 63373
1409595 86759
4978109 49827
4998355 49643
7572652 27542
323257 97362
7893562 23298
5308105 46471
7037496 30824
1018283 90624
8119901 20830
143204 99005
7395791 29402
1251251 88498
641051 94378
1763865 82635
4253928 55557
9520807 3839
4638120 52421
1377086 87266
8477251 15756
625034 94778
4783033 51754
669041 94295
5088406 48360
9104136 8314
6200498 38450
8370943 17503
1866291 81579
7567056 27657
986466 90849
2360421 75112
803791 92752
3203403 65866
2423404 74613
755860 93435
8379451 17458
4560815 52850
7269722 30229
8246879 19288
4935125 50338
4053246 57936
6885199 32106
2850404 69777
9748711 1768
9249209 6024
5293220 46543
6221248 38249
1804563 82215
5900848 41293
4185390 55905
7385427 29477
7776505 25681
8007572 21739
7245613 30413
688402 94118
8279720 18834
2184390 77169
1566720 84716
9806122 1287
107821 99386
5544209 44206
2329790 75159
1052734 90579
7841985 23967
1783448 82436
8333369 18140
9026339 8631
9366797 5079
9239834 6429
3681192 61986
220619 97835
5957448 40361
5709046 42378
9277408 5658
1596280 84065
3495247 63580
1464666 86311
160427 98823
8259468 18992
4133663 57155
8408313 17230
5077675 48409
9368937 5003
377772 96751
6583104 35151
6758726 33197
5540410 44218
9995069 107
4604434 52649
9146800 7379
869828 91874
6116016 39033
9832001 1210
7824155 24209
7724303 25880
3591703 62909
1645157 83674
5499896 44436
6902997 31552
6586621 35142
8272112 18971
4344780 54915
2574919 72514
8440833 17187
3995491 58305
3874012 60312
8021556 21730
3219354 65374
8359404 17701
9571830 3156
7946998 22207
8748911 13648
7860896 23712
2647028 71679
8943644 10233
5401032 45163
9527101 3626
5249126 47157
6480295 36035
4449332 53902
97404 99504
7526709 28201
2238472 76905
4805567 51334
8522455 15142
1688934 83395
1125586 89816
9038881 8537
9610628 2699
967966 91452
9285317 5592
434804 96694
9506236 4184
4537708 53086
3291243 65020
4791659 51429
3419166 64201
1509425 85529
8560044 14966
2123047 78604
4362073 54849
8934385 10818
1898476 81367
5320517 46217
8805575 12796
2764842 71096
9820063 1254
5462834 44859
8311647 18340
1229137 89152
7987793 21745
9236486 6575
5391080 45661
8773287 13287
67969 99705
1806628 82206
4252419 55579
9500518 4200
800369 93213
2060116 79199
6697763 33855
1562244 84846
1924454 81264
9191841 6740
774121 93393
9795411 1517
2878546 69281
4125406 57428
4629181 52438
4393868 54325
8934170 10839
554742 95452
8816088 12185
5385514 45695
5934793 40420
2373642 74810
2157654 77318
5875819 41590
6019696 39810
5908617 40640
444372 96373
7805217 24697
9783338 1714
3521973 63575
3732071 61504
833575 92366
4907587 50394
9909446 1143
5196692 47563
8880932 11472
9045313 8500
3711554 61833
5734653 42216
848061 92151
5081221 48394
1494278 85686
6370250 37527
3530339 63509
8347888 17715
4130002 57370
3721067 61573
1079797 90128
2766114 70919
9012986 9050
5925696 40558
1491973 85894
9216079 6582
7445269 29201
5372743 45812
7879224 23431
7485466 28745
9916280 1128
9552283 3527
329074 97106
4862452 50924
9754374 1738
6754934 33352
8985085 9853
8985688 9614
4527842 53117
7855046 23791
8055838 21675
6366230 37596
2346019 75139
6444017 36354
1373196 87295
5240238 47184
159295 98943
2732171 71232
8769155 13336
8119309 21041
5335044 46084
4119594 57469
7908657 23024
637340 94487
6181711 38653
8244815 19329
5502256 44365
4454851 53793
7235757 30429
2087215 78862
2445129 74218
9698046 2152
5729084 42243
6219169 38447
203394 98071
4400408 54285
8630364 14266
4594528 52660
6976310 31178
1000791 90646
182437 98588
4159736 56358
9515397 4143
9979059 236
8130242 20623
1940267 81159
5393816 45380
451962 96235
9474135 4280
5775202 41976
2130657 78391
8215593 19840
5510042 44298
1000066 90778
726140 93782
6298273 37713
8344093 17992
6120009 38956
6044099 39673
8732962 13671
9556630 3441
2511908 73255
6059766 39494
2475749 73446
9556677 3436
6619051 34542
4701951 52114
2409735 74664
1995821 80158
6405857 37070
8292465 18602
5601978 43472
1768751 82606
2141161 77884
5274935 46939
4868122 50585
5564582 43927
2320587 75637
453438 96207
2606203 72245
8160323 20588
890476 91715
8022912 21729
3956616 58764
8464872 15898
8184565 20525
6012686 39971
5479531 44766
3805621 61133
791874 93240
7786428 24807
4785206 51617
3986337 58515
