100 4950
12331 9870
613480 3967
577882 3983
790210 2217
73637 9199
824860 1992
711539 2663
422509 5594
938360 934
465209 5154
656824 3205
69498 9216
973144 734
847232 1799
14586 9707
640804 3412
285965 7035
146850 8324
268298 7352
535599 4793
342549 6003
460457 5157
316580 6724
797534 2196
86236 8814
370416 5978
291603 6925
707867 2763
535622 4719
787165 2219
39492 9625
973547 655
204988 7813
625645 3574
10914 9982
163844 8208
568457 4475
33412 9644
146578 8329
258466 7384
479067 4896
335191 6327
93492 8790
333094 6434
452711 5348
474332 5108
849260 1774
628373 3477
668566 3054
402348 5944
685725 2834
168999 8109
831751 1921
469640 5138
682889 3016
977677 387
315306 6834
235622 7523
337912 6315
394573 5963
68320 9258
522224 4828
273450 7170
45846 9604
342456 6020
744571 2559
659395 3083
46207 9570
883276 1432
92710 8800
573465 4090
46243 9419
13355 9719
459366 5171
626343 3536
84851 8871
418137 5716
543364 4487
619710 3626
569381 4141
133418 8428
381736 5976
176616 7995
171133 8083
983261 73
540489 4494
896555 1378
251207 7425
569148 4206
439825 5540
930751 1045
615998 3708
915575 1134
631833 3452
340771 6298
65561 9414
974604 583
443737 5493
206285 7677
410032 5761
