997 10000
1 50
101 1
183 94
201 25
251 1
2012 38
3628 99
5552 3
6160 83
6771 64
7379 52
7531 14
8539 28
8876 79
9120 23
9215 35
10099 26
10461 16
13910 55
14338 28
16965 6
17576 72
18539 65
18823 67
20580 99
20583 19
23325 50
24103 24
26456 45
27920 48
29046 83
29137 96
30498 8
32682 62
33736 89
33896 85
34065 34
35640 39
35958 15
36563 99
36702 10
39178 12
42874 86
43025 92
43298 82
45548 96
45966 29
48732 17
49401 49
51627 17
51686 15
55031 56
56665 49
57729 82
57993 68
58325 66
60686 66
60800 89
62388 10
64246 14
65520 79
65801 35
67780 67
69714 63
70697 61
71390 73
72145 25
72562 29
75185 30
75497 97
75744 95
77081 14
77311 76
77314 78
79295 4
79343 71
79380 44
80032 82
80492 54
80524 75
81317 63
82185 97
82918 98
84534 46
84730 88
85595 86
86350 15
89876 38
90048 71
91369 74
91692 86
95368 44
95508 96
95813 61
95984 8
97174 51
98610 16
99385 63
100540 81
101003 76
101200 21
101543 65
101555 53
102658 76
103060 55
103727 39
105586 15
106739 40
106780 39
106829 67
107647 23
110219 79
111273 65
112783 13
114024 4
115992 97
116471 34
116888 5
116912 13
117390 35
117968 25
119996 11
120427 63
121433 63
121837 14
121938 35
123094 22
124145 25
124755 32
125764 57
126825 68
128165 43
130422 31
130648 23
134245 79
134312 23
134697 23
135933 94
136115 75
136585 91
137451 27
137490 48
137826 70
140306 81
140823 80
144225 73
144880 46
144948 59
146907 79
149337 78
151301 47
152522 29
153722 42
155771 81
158487 90
158500 23
164736 24
166268 48
169287 38
169733 68
171043 23
171636 53
171995 29
172572 4
173887 26
174500 90
175079 41
176980 74
178860 22
179033 59
179489 24
179768 14
180873 72
180994 13
181043 10
181355 16
181474 56
181679 90
183399 89
184248 74
184269 31
184745 96
185417 32
185522 32
186350 21
186418 29
188252 1
188604 5
189587 98
195107 44
195731 99
195823 87
195824 10
197584 64
197599 67
198164 25
198455 81
198755 94
200188 7
200771 12
201500 49
201539 81
201682 51
202170 13
204047 72
204486 71
205477 77
206987 77
207017 25
207374 21
207675 2
208586 14
210037 24
211502 34
215028 53
217009 99
219746 86
220570 64
224033 43
224352 29
226568 36
226864 89
227205 97
227288 27
227348 2
232019 45
233486 76
233533 43
234132 85
234567 96
235950 33
236227 85
240973 26
241949 13
242679 69
244638 12
249267 80
250669 81
252081 60
253993 53
254049 15
254314 68
255104 98
256912 73
258884 69
260105 32
262033 7
262991 57
263219 85
263499 87
263687 38
265549 56
266929 62
267912 58
270254 29
270720 71
272099 19
272935 9
275039 81
276152 50
276511 53
276842 93
277351 20
279875 75
280882 79
281610 63
282827 83
283328 8
284616 28
289072 81
289123 99
289367 2
291392 63
292262 74
292728 51
293263 89
294102 59
296796 66
297183 30
297532 63
297949 87
300318 16
301897 36
302942 71
303260 38
303358 91
304894 86
306013 12
306871 57
307972 45
309000 26
309205 52
310959 48
311426 8
314969 49
317863 9
318578 35
320634 49
321160 12
321326 85
321599 83
321801 79
322070 27
322473 57
322564 8
323440 87
325413 58
326171 37
328397 58
331532 76
332326 98
335500 63
335840 82
341105 13
341338 82
341737 5
343575 44
345624 59
346352 66
346479 67
347315 44
347413 23
347961 85
351499 97
352261 4
353770 48
354845 43
357721 26
358205 98
358634 38
358772 89
359168 37
360234 26
363322 79
364602 38
365416 92
365908 86
370459 54
370531 62
370731 60
373279 78
374910 78
375259 57
375888 31
376801 45
376939 32
378287 9
379926 94
379972 65
380544 67
380637 74
381974 62
382503 60
382650 3
382700 64
382813 95
382948 57
383781 68
385685 78
388025 56
388268 13
389767 37
390066 62
392132 63
394291 9
396569 86
397090 75
397351 99
399267 47
399684 85
400420 61
400844 20
400879 69
400887 57
401022 11
401631 34
403627 32
404259 81
404558 54
405256 3
406559 13
406774 22
407242 20
407280 88
409142 41
409337 27
409470 48
409993 38
410841 3
411122 64
411249 29
411413 29
411790 95
413919 74
418871 8
419566 24
419715 29
423014 22
424559 27
426209 80
426923 9
426963 84
429628 5
430147 68
431309 10
434567 75
434989 83
436117 72
437276 60
438266 3
438270 24
438506 74
439155 14
439716 29
439726 25
439815 71
442283 25
442804 27
443570 97
444857 75
445234 68
445386 60
446902 55
449067 68
451011 96
451329 35
451370 90
453632 11
455727 69
455880 72
455943 80
458341 15
459014 54
459821 15
460192 92
461409 84
461498 24
461814 8
461963 29
463197 72
464223 5
465002 92
465023 52
469048 37
469993 26
470103 30
471171 28
474945 31
477611 28
478874 16
478952 18
479223 82
479388 98
480226 42
484149 54
485276 48
485675 21
486335 93
487086 70
487813 70
490329 60
490696 40
491046 83
491744 15
492919 78
494029 44
495742 58
495931 54
496773 39
497625 95
497998 75
498697 57
501796 99
502091 84
505397 11
506918 59
508922 31
509679 61
509944 87
510093 98
514220 28
516778 90
517314 38
518986 96
519463 3
520490 93
521547 98
523420 12
524073 87
524569 31
525206 63
525223 5
526384 23
527261 88
530819 89
530931 59
531566 77
532208 45
533736 75
535098 78
535788 41
538353 59
542612 44
543512 41
543588 17
543688 99
546720 34
547623 42
547624 98
548158 68
552210 26
552287 17
553781 60
554309 51
554743 4
555253 57
556258 55
558646 57
559476 40
562242 11
563499 32
564755 97
564922 91
565246 17
565303 72
566299 61
567004 46
569544 41
569723 90
570220 25
570513 65
571056 19
571158 92
571242 26
573767 7
575463 69
577895 49
579395 12
581004 18
581224 76
584625 75
586982 89
587531 94
590114 69
590144 59
591383 1
595094 84
596447 70
597327 92
598267 28
600368 24
600382 76
600532 55
600606 89
600772 9
602163 5
602922 35
604192 83
604716 67
605778 2
606382 71
607514 62
608847 79
609219 48
609405 53
609407 2
610235 26
612755 91
613806 26
614392 53
616352 90
617608 46
618154 76
618370 9
618552 45
618757 25
619863 48
620430 38
621015 91
621353 87
622643 84
623513 15
623813 88
625790 54
627807 96
630853 48
631071 68
634240 70
634511 40
634594 51
640460 5
640637 64
641872 84
642630 43
642909 41
642921 49
645236 85
646206 15
646755 68
647009 33
647734 31
648920 43
648934 88
648979 21
649088 84
650478 34
651896 49
651910 18
652169 61
653682 55
654800 32
656516 40
657853 75
658989 55
659961 51
661583 65
662720 29
662735 11
665283 98
666531 27
666798 94
668880 61
668888 76
669612 97
670665 43
671804 36
672015 10
672818 96
674296 96
674323 67
675534 37
677058 77
677404 20
678051 43
678507 22
678615 39
679534 53
680423 31
681446 50
682260 47
686472 56
687137 62
688776 67
688890 55
688931 32
689095 56
689632 21
689971 6
690304 7
691390 16
692896 87
692919 13
693708 6
695237 76
695526 93
695935 9
696918 81
697804 73
700676 70
700960 25
701419 29
702069 21
703655 58
704748 67
704909 83
707528 64
710409 12
711068 32
713154 81
713482 17
715328 98
716229 67
716949 54
717494 60
717636 58
720156 35
720995 38
722902 58
722943 45
723485 25
724161 38
725383 3
726261 79
726886 17
727258 99
727369 62
727766 80
727901 98
728862 95
731153 35
731594 98
734151 2
735598 80
736550 86
737152 60
737971 33
738676 63
738769 25
739240 63
739353 29
741732 39
742584 61
742639 61
746798 97
746890 14
747741 58
748132 50
748418 97
748996 72
749026 91
749569 57
752372 31
753003 91
754091 6
754205 73
754586 11
754629 68
756369 3
757299 97
757762 74
758403 80
758445 41
758936 38
759071 25
760112 3
760999 96
761133 81
761828 24
762073 56
762197 26
763117 36
763288 9
764771 25
766076 10
768368 18
769541 4
769978 2
770907 51
770975 54
771973 78
772522 29
772694 89
773673 83
774089 70
774260 48
774442 62
774704 21
774886 94
777028 5
777710 5
777744 21
778782 89
779142 25
779584 62
779643 97
780004 43
780508 6
783505 55
784278 87
785285 13
785320 82
786443 48
787555 39
787692 31
787771 98
788573 31
788985 44
791664 90
791841 69
794261 64
794794 9
796738 58
797423 18
797995 85
798352 37
801252 23
801975 74
802682 85
802922 54
803287 26
803856 6
804213 80
807054 78
807953 24
808129 24
808844 97
809174 8
809254 44
810836 54
810891 75
811825 9
812256 67
813455 39
814017 86
814550 66
815908 87
816345 65
816465 56
817323 89
817548 68
817785 57
818685 62
818997 62
819304 79
820108 47
820718 51
821338 62
821818 54
822019 80
824082 10
824992 24
827476 58
827836 85
828386 60
828439 53
829280 8
829381 2
829887 69
831230 55
834992 56
835176 89
835508 76
836330 25
836359 74
836763 50
837009 86
837246 36
838919 30
839186 5
839869 69
839962 37
840142 7
841472 53
843829 59
843834 19
844608 6
847283 19
847793 9
848784 84
849047 54
849395 99
850614 22
850991 63
855358 60
856854 74
856989 99
858400 41
858609 5
859833 19
860156 82
860174 71
861594 88
862052 78
862289 95
862880 64
864522 17
864995 26
865318 95
865731 17
865831 48
866356 45
866978 75
868587 28
870311 24
871051 25
871860 95
872183 14
872975 52
873964 33
875878 36
877401 75
877403 17
879797 45
880674 38
880798 55
881511 20
881569 52
883151 13
883246 52
884222 57
886660 63
887966 6
888600 69
889869 25
891146 7
891261 67
895595 13
896619 10
898170 28
899646 19
900685 50
902918 92
903154 30
903671 74
904186 8
906583 5
906593 73
907803 47
908785 71
909446 6
909605 51
910091 36
910105 52
910320 27
910860 20
911576 88
913926 3
915679 16
915944 89
916788 22
917013 68
917342 60
917369 20
918533 83
925432 70
925748 86
927185 2
927667 2
928244 77
928694 12
930245 45
930460 55
935956 97
936795 92
937021 67
937040 63
937171 17
940103 6
941767 23
942148 64
942235 29
943193 63
945347 74
945648 80
946872 11
947629 11
947875 21
949854 60
950650 21
950886 84
951721 38
953012 19
953284 74
955899 3
957264 28
958794 38
960101 35
960223 71
960435 92
961674 85
961859 27
962312 79
963658 5
965431 12
965637 81
966080 70
966124 62
966176 79
966437 7
967073 62
968083 43
970037 29
970126 85
970224 74
970715 51
970750 24
970800 24
971011 54
971115 38
972511 76
973738 73
973871 64
975210 97
977150 80
978843 23
979289 55
980102 89
981569 70
982735 52
982855 60
983495 82
983634 35
983743 69
984313 54
986675 2
988124 4
988283 7
988412 60
990748 70
990884 36
992052 13
994174 87
994994 39
997750 51
997856 53
998205 85
998671 22
