5000 1
823982 492728
49846370 1472
47447521 21468
21135035 286446
37975533 120831
27740403 219064
9215663 412400
26773747 227783
34293930 157719
40929486 88485
3875330 465351
20123388 298364
22753496 269020
31915887 181900
12866544 373859
15720407 340367
30636718 193910
12806254 374492
9597062 408950
24777239 249744
9704894 407909
40748219 90411
26281525 231595
25986609 236376
37516384 125526
11150931 395026
45193043 44747
20785296 289226
22317479 273022
35262515 147346
45250529 44398
34362158 157080
10642986 399926
46747824 27005
36571795 135189
30052391 198508
20135892 297429
13520041 367628
12922541 373283
43627969 61860
43231347 67312
1132138 490764
40450032 94568
24267409 254426
33863368 163123
42896288 70415
16069009 336125
12506851 378840
15377919 343617
26531197 229207
30494191 195401
1924086 484079
45391374 42649
49889113 1184
11383639 391355
49186201 7056
13053788 372438
27575025 220755
18707836 313345
22477934 271544
19758277 302327
44464504 53108
29416602 203275
32640210 174344
1004257 491143
38460085 115760
37745973 123152
49442681 5460
18566940 314695
24535925 252387
15595033 341828
15086323 347116
7079935 434671
21243333 285215
15288536 345206
40421376 94977
29794312 200350
10758952 398840
30133047 198056
47686081 18100
4902841 456002
4010552 464221
18321962 316316
42517350 72831
45843887 37299
4815255 456856
11350779 392182
41365090 84226
8211587 422314
27699580 219300
6816382 437000
46012162 35734
18043694 318223
37348272 127914
18206690 316840
36803263 132825
17681901 320948
8240075 422182
32041851 180707
34670484 154136
43304586 65528
27860019 217906
42477837 72956
22145408 274815
66955 499008
15440653 343448
48232515 14057
2809395 473506
31521247 184810
32624331 174481
31458608 185220
36852293 132192
2943679 472375
2581037 475745
11121427 395443
12258475 382225
20903995 288370
37711196 123712
2077366 482488
37258819 128563
10852650 397977
22727920 269138
35778709 142547
41604134 82946
20119145 298379
26025529 235272
47659194 18431
21417497 283491
46846445 26294
36492003 135722
18117289 318031
42977424 69502
46398834 31207
23202051 265647
8482682 419578
38732921 112600
25895360 237178
23803820 258805
38629804 113057
38796780 112058
48742250 10378
5301835 451410
16888867 328257
4508072 460042
27434616 222144
42262967 76093
33419605 166482
31932339 181617
39989628 97892
13885579 362614
46533238 30244
16256605 334389
34686478 154010
39620905 101332
15330639 344450
15641302 341542
19131484 308983
22821623 268731
32891038 171333
14256326 359232
30392908 195807
15823477 338467
12799424 374991
49665845 3253
33379376 167069
31090660 189746
18110705 318097
17532006 322112
14809926 351203
44564979 51251
46326045 31614
48209107 14368
30286857 196691
13212351 369986
25779486 238469
23703624 260529
3388095 469255
8716173 416479
34883270 152653
30268674 196833
15949331 336875
15178162 346551
8595743 418177
24874497 248295
2812095 473442
36191221 139113
46824545 26517
9770996 407530
4164284 463087
3257563 470234
18290662 316352
46529941 30252
8198401 422437
4288300 461910
42760887 71027
44206424 55155
32618425 174726
48561700 12378
16573406 331091
1511206 487525
39056827 108210
35209381 148204
35574626 144666
46452626 30567
12201880 383014
8066800 424199
6278038 442015
44135300 55508
4365870 461472
34065209 160271
36676105 133792
587747 495486
42145260 77199
15639444 341553
24856261 248701
41697821 81950
9060269 414450
20140241 297183
27695241 219632
27762883 218950
17317122 324204
2191096 481445
20710864 289895
1251015 490030
45376432 42828
3060926 471791
37588540 124694
45728817 38916
21094693 286910
30536909 195388
33486926 166156
29118801 205318
33860117 163406
6135913 442862
8177044 422606
45187753 45002
21161168 286037
45388837 42703
40506406 93524
47022937 24440
17992764 318878
11071649 395505
35763547 142780
48369094 13139
33220564 168438
25256250 243959
39533363 102365
45531815 41344
32204371 178772
24959720 246931
3384135 469406
11831732 386595
23212548 265111
16713958 329492
26026568 235264
41374331 84092
16120053 335304
5094088 452665
3617704 467138
5093001 452692
36926686 131484
43095657 68838
22623094 270106
7557914 429657
2739805 473946
5955013 445070
23043893 267582
46848024 26112
33927137 162372
13391001 368723
38421271 116163
22953341 267826
32869504 171650
27808633 218411
37397638 127547
33962325 162138
4882027 456175
25880875 237322
4008338 464337
43800992 58631
8180739 422556
15854013 338428
27001311 225970
34577447 154384
16644437 330334
29183237 204725
10270421 403235
19809334 302040
39597283 101373
21469922 283203
8547756 418531
24373270 254023
40744696 90431
21491379 282827
27093445 225079
25915509 237074
7190925 433540
49472041 5189
11564883 389886
45167976 45626
3910844 465105
25925579 236937
14059856 361009
31328577 186068
23803800 259042
31716141 183583
34856259 153003
37560990 125065
13598129 366198
41213481 85035
37892597 121949
23651104 261038
23274657 264875
42280588 75751
17946195 319485
17132729 326503
26386842 230465
29829056 200163
17900500 319898
37794225 123113
22404521 272159
24872649 248306
14276213 358558
1122861 490875
12591634 376756
19818204 301809
30391465 196127
18883350 311642
49758906 2071
13575245 366235
26797747 227486
39500331 102631
20524611 291651
5579694 448962
11768765 388047
37290284 128366
6267001 442377
11594595 389773
36287350 137670
1531980 487479
38940476 110231
14450688 355689
33952210 162269
32405740 177563
42172070 76730
38618073 113328
38430996 116103
38101433 119358
48254902 14027
13871786 362690
22431533 271766
14773614 351269
9535314 409695
31470551 185139
49908734 954
39682874 100547
3583889 467239
43159924 68127
20609840 291224
14226974 359285
37391883 127567
38991947 109156
48340739 13293
40694777 90902
5899458 445612
36082600 139417
36874468 131830
34545104 154780
13678782 365235
42685727 71635
12805902 374714
29559247 202206
4705909 458589
32903887 171147
7869912 426714
37449834 127316
22099339 275215
22031769 276803
8977514 414874
32573561 175521
44344435 54086
17519079 322233
4192068 462543
22629097 269865
31841159 182598
1873224 484465
27173646 223721
24373747 254013
26474530 229427
34743576 153676
11779359 387965
10601454 400128
13920571 362430
6474313 440363
20693628 290373
5026712 454632
45793783 38150
22623035 270134
13141475 371274
7882976 426714
2888426 472688
13976551 361907
27694576 219969
48961424 8356
12509853 378822
4036099 463713
29802370 200333
34722751 153715
11380446 391583
3271894 469928
22243590 273590
45893676 36552
10063820 405191
37209746 129289
21518525 282802
28596733 209930
36750308 133086
378092 496355
20407601 293131
2186084 481521
45804119 38095
24020974 256379
11802172 387643
16876796 328324
999218 491500
27455034 221953
19199130 308519
12092774 384546
14827009 350782
9365540 411186
32862511 172082
7929545 426537
33762786 163878
31518522 184847
27023950 225427
28507158 210765
10460117 400866
2512146 476455
26052072 234317
42562420 72508
33211133 168655
33404836 166996
24459941 252574
6308899 441752
27462948 221950
9852834 407167
19261558 307567
34934536 152062
2994380 472192
15707977 340582
24604786 251938
5858112 446163
23116919 266806
49307349 6188
3308237 469526
21915220 277749
39368200 105446
34266947 157834
36909767 131562
10477181 400645
29685353 201627
20396641 293394
9924772 406388
46799927 26625
5795190 446989
33622497 164604
27334320 222876
48951672 8706
11268894 392438
46195634 32883
37186488 129580
45748430 38713
7583592 429561
49596844 4262
36517537 135673
14671715 352594
37840338 122753
27245337 223139
28785363 208098
37977675 120557
15021185 347632
41784100 80881
19613520 303521
3098206 471522
39130679 107395
30460129 195553
14767724 351333
35480714 145239
37265356 128563
2455332 477141
34235979 158845
32891111 171251
35653971 143916
1000023 491381
34202343 159117
9867666 406862
989831 491596
20131321 297610
16239957 334428
38857259 111166
26141333 232811
22485521 271512
9856880 406936
2708428 474057
5635392 448046
37698757 123942
28190475 214487
10899442 397390
3827406 465733
48661494 10968
24271865 254400
19610907 303708
44479861 52827
21194852 285456
23753927 259799
11428822 390907
21001698 288126
5051485 453478
44652970 50428
28561550 210250
39561754 102293
46687551 27776
26564144 229144
1926956 484038
32205188 178645
32083085 180596
48590430 11783
32547816 176077
47915903 16845
19200180 308304
5824710 446536
22759001 268920
2870816 472700
47866563 16995
18483218 315447
5885378 445817
8132188 423314
25135091 245614
28205468 214376
49152415 7283
21991627 277181
35976195 140534
7269500 432853
47773778 17964
3904502 465245
35985828 140469
17311242 324285
31693354 183618
9615800 408794
9270695 412224
26168721 232576
38863004 110968
11966649 385215
25555460 240421
31948764 181496
12547786 377318
11201301 394337
5724275 447861
41661221 82254
44902635 48370
29980887 198975
39083830 107861
8065181 424396
18839721 311853
11670214 388529
4338695 461529
21473644 283024
335309 496763
8760099 415828
19605254 303831
25829179 238057
12557178 376919
14549706 354672
29262828 203862
18832906 311993
45631247 41208
16664156 330037
49705495 2370
20643268 290679
47339327 22297
27468006 221779
13560285 366840
34696915 153878
11910183 385611
47392413 21612
41031956 87214
32626080 174370
44401428 53231
6379761 441209
18034393 318598
6247636 442526
36445436 135978
15935019 336969
42449258 73075
33525047 166084
48165149 14734
38203936 118612
39906928 98712
20787395 289137
46713199 27654
14944376 349507
46733669 27243
38829881 111570
22681074 269149
23768389 259761
12785972 375163
5127412 452332
29454124 203043
28047055 216137
43985954 56635
13439481 368350
25792210 238108
10439499 401210
20464910 292272
38080195 119368
23136620 266434
48401577 13085
27035369 225290
10562720 400411
40363369 95651
43300368 65768
37073836 130700
12503229 379034
45007227 47194
47721072 18057
16305687 333447
3777694 466168
30129014 198309
39568042 101917
14102956 360752
24181742 254965
34139573 160052
49761648 1985
2391741 478498
28075097 215761
2162429 481855
49148395 7377
37567473 124824
13732435 364717
13573987 366346
10959963 396886
2273426 480039
9489353 410213
25903898 237147
14070909 360911
14633175 353628
7436591 431554
6798960 437271
43293360 65910
42760516 71060
25163971 245560
35043055 150194
15853196 338451
23584065 262275
20013649 300121
25038387 246069
13662769 365609
5371172 450036
12973556 373203
8520411 418849
20650210 290663
17729476 320520
11820951 387470
23025039 267629
10723347 398961
27573005 220889
33045583 169465
19568636 304015
10710274 399513
36477637 135945
39910137 98669
35063768 150127
21887246 277750
8260734 421885
12929293 373278
3465025 468523
44200402 55242
16818570 328940
41010803 87450
25636357 239580
34657094 154138
45174161 45135
41176948 85414
10066677 405191
1634124 486893
21061129 287637
40467386 94295
40830868 89848
47686549 18061
22628601 269985
44781567 49542
30740373 192379
21199828 285288
19509403 304262
11159954 394944
5312223 451235
42928108 70226
10206588 403745
48196190 14411
6414532 440929
10878661 397434
16268400 334338
46792574 26716
27018965 225491
13799482 363596
3627541 466877
23881178 257906
31098214 189489
16801252 329056
11851751 386371
23929972 257037
25604823 239865
3263904 470202
34916119 152203
13547622 366994
25015288 246674
14304613 358554
18095525 318198
43360447 64105
37283988 128508
20185191 296423
27904964 217175
34401296 156871
28159395 214640
5955483 444916
34689604 153964
22235272 273772
21526431 282620
49001814 8153
24139226 255172
20773500 289666
23262072 264949
10853077 397613
2352269 478977
44370115 53904
43048027 68962
19575768 303898
48857382 9544
10172940 404380
3764153 466214
48567427 12333
22882707 268185
35599398 144560
14269956 358625
47556035 19682
42468749 73041
40358928 95660
23097875 267118
47185727 23207
21936868 277600
42209118 76572
12416115 379755
45523855 41830
26398112 230136
49209982 6955
48934359 8781
30008684 198728
863359 492515
19843969 301433
47451324 21130
15050658 347341
16382512 332723
33215718 168654
27887493 217691
22557952 270454
23296895 264763
15901800 338205
134060 498544
40795332 90262
30190599 197166
6925492 435896
37253459 128613
29660159 201705
31126014 188320
12245502 382423
24012537 256391
32416563 177167
13448177 368243
35944682 141148
44400514 53354
17424701 323376
35985367 140474
17259642 324606
30813624 191647
29145160 205108
2611651 475496
38280393 117594
36254476 137998
9470695 410358
29017417 206031
30903202 190486
42138947 77256
11051582 396294
9718665 407743
40431698 94832
10276494 403065
21467712 283234
26885388 226425
43807330 58108
49544333 4930
32593112 174883
2230389 480816
7637302 428887
29866414 200087
37955200 121001
49805349 1933
13765 499910
19291182 306542
27404200 222597
18376468 315900
47517654 20088
44183218 55350
42521888 72654
2635789 475129
11449031 390691
806361 492954
425369 496210
12734234 375748
16988860 327503
32007363 181061
36836323 132470
7274929 432849
47005995 24792
8719007 416283
15629228 341555
14858815 350532
27391510 222621
22422918 271804
18926744 311612
39139446 107385
21925671 277638
6643900 438577
9165275 412601
8551138 418516
41245853 84634
14712321 352372
36385874 136575
33677658 164241
24858690 248650
19720310 302631
21386874 283931
1750998 485739
24653876 251619
31268488 186944
32690688 173747
8798333 415654
24258924 254597
36954629 131350
41852972 80476
40562204 92095
22422774 271813
41306994 84393
40034487 97337
25956469 236780
16630046 330676
7502052 430451
15519775 342249
32671988 174118
26820383 226857
11561347 389978
39953381 98593
27284476 223039
28456151 211941
1557030 487319
162628 498262
45458420 42181
8142021 423090
36908484 131823
29906722 199633
7092511 434477
9998228 405775
23999872 256443
42038899 78146
13814558 363038
687940 494499
47507841 20156
5240163 451761
45370621 42871
45082592 46893
36258738 137954
14482934 355458
25336077 242878
9739420 407586
12243018 382426
18788881 312439
17372875 323898
34438380 156348
37099291 130315
5484800 449918
44844310 49319
32199032 179076
4538906 460010
10375761 401504
23162378 266203
6539248 439457
2175045 481740
41958786 78759
49413700 5650
33604249 165298
40392188 95381
44886982 48584
43529245 62689
32693879 173627
10555941 400412
47284180 22566
21859159 278460
44612279 50837
27567808 220934
28525902 210500
25494869 241135
2064817 482502
3145384 471475
44504932 52294
34166050 159846
14930747 349969
23322682 264718
15675120 341018
14186852 360496
16555016 331126
19612589 303653
39299298 106124
20387990 293556
9199911 412439
18039519 318256
16288173 334310
2204879 481037
569588 495582
29486006 202541
43254225 66853
8203314 422429
8280109 421591
16537571 331479
24634335 251754
38346547 116915
26352525 230598
24129244 255211
42018649 78327
39503 499701
28611905 209546
47021756 24581
44339302 54296
32130698 180276
3456822 468610
38885616 110520
37704618 123824
8643413 417828
20028400 299912
27252616 223123
501135 495843
39270396 106614
27151475 223867
4765089 457596
42901059 70297
9785133 407498
24721467 250911
14214415 359615
32669911 174129
20693686 290351
43432916 63554
40258912 96400
37620242 124557
8851588 415296
20316687 294974
6784000 437444
39721880 100062
40915171 88753
23397289 263794
43339069 64734
38490970 115363
24256066 254641
9689422 408084
15797751 338938
23400475 263728
22408239 272123
24422855 253053
43282096 66121
37912493 121589
36547202 135277
5105989 452536
27034530 225325
3491792 467903
27603578 220262
5221151 451896
10210961 403726
13102095 371649
42976472 69659
22382937 272388
7628121 429015
14651319 353209
39620629 101352
41054750 87137
2675249 474596
37207273 129578
30637395 193644
8466764 419798
4451828 460601
14557606 354480
19551522 304258
33281202 167298
38580622 114269
32604351 174746
46289849 32163
47975717 16560
9747403 407576
10679347 399671
11319082 392380
28342167 212953
1407596 487988
26848208 226497
40020327 97644
15819473 338492
48183438 14578
21258548 285213
44474994 52835
36400435 136340
30346514 196383
3696069 466674
16487239 331707
43799678 58999
5153385 452211
938938 492033
3097620 471557
31411639 185823
14443703 356626
45781388 38583
22097573 275627
27939508 216493
49285016 6408
28919847 206694
24826631 248931
34184734 159467
24875069 248212
25080100 245918
14397611 357484
48491052 12604
883713 492499
40132917 96830
21139679 286418
2014335 483743
5586491 448817
7671939 428748
39526716 102383
35994760 140244
25117382 245694
3633798 466841
12993523 372820
33902595 162630
29230478 204068
44721003 50229
19462954 305015
19354644 306154
11128842 395425
43530523 62677
26831 499872
12205227 382989
24303797 254226
11341790 392182
3505527 467625
13571697 366637
14462683 355561
23428639 263586
9708005 407828
22431234 271801
2178952 481576
3930157 464997
47461123 20557
4317854 461690
33277935 167712
9429666 410536
9189380 412443
18822763 312222
34025794 160842
38109075 118962
45456131 42191
23376963 263885
39792305 99093
37515920 125766
11239004 393031
24437182 252655
35729962 143170
544419 495828
35965802 140633
8156649 422964
10375392 401761
13853420 362959
25008628 246748
19864894 300895
26814742 226861
2844668 473226
192377 498000
18683141 313725
2659163 474775
40958548 88211
15801832 338744
47862580 17081
33522415 166133
5919833 445545
5101232 452566
13340082 369412
37487161 125982
45472568 41940
42351084 74570
15342768 343782
10267727 403251
18458373 315576
23088830 267145
20879006 288756
16917282 327950
7963905 425936
45843021 37338
6819024 436986
23300378 264751
28541836 210390
18794355 312411
29130849 205110
5608699 448452
24149515 255135
32826386 172197
45527779 41645
10546038 400438
4588646 459783
45192775 44766
41109266 86432
33315986 167235
11965267 385275
40883567 89131
28861708 207831
40901491 88814
42240874 76203
2574475 476020
27213276 223393
7739716 428196
47670691 18164
34528747 154936
49957573 329
36725880 133163
11329276 392273
37461656 126669
36400262 136448
29107082 205428
29701450 201087
26354607 230534
35253297 147383
44164243 55463
4079752 463388
48053676 15762
36148765 139248
7406500 431790
24893246 248129
11635456 389222
11645972 389073
15572451 342150
5370059 450597
35970543 140582
48093930 15521
37814973 122917
37333382 127917
29041289 205919
43184361 67694
20727618 289749
32876591 171386
44083237 56447
37968045 120920
47828027 17511
1257361 489961
14738390 352349
33317574 167211
45806750 37909
20226218 296207
15660515 341399
3814203 465900
40958177 88416
8688232 417112
34626692 154257
47515642 20116
4373879 461359
47571041 19645
3484798 468157
48952404 8539
30748884 192054
19018173 309628
22627732 270000
31120862 188497
19555836 304249
45666662 39730
6091359 443149
14814871 350950
3291989 469805
28061719 215992
34008558 161491
18875487 311648
20462203 292377
11244474 392646
19441549 305398
18368318 315983
31726852 183581
15914077 337987
115071 498646
487592 496027
27121987 224738
6813129 437105
26996618 226004
29672828 201653
2225593 480908
17025021 327056
18156824 317307
3210200 470712
38173347 118728
45002338 47373
34249435 158629
36264093 137877
44372391 53659
25719834 238823
37886045 122068
35549291 145058
21567097 281849
2513490 476455
7587168 429477
18169140 317209
40450651 94513
20223861 296230
11209258 394309
17352673 324124
33478627 166330
35204106 148604
33882337 162792
45674572 39669
49167655 7199
21383095 283957
12475054 379055
40462868 94425
16091090 335472
29937852 199535
35898725 141252
30760625 191983
47107308 23637
42403203 74061
17922610 319683
14451534 355666
23211412 265467
13745981 364294
13163392 370603
27309497 223004
27965649 216476
11666437 388550
21836086 278986
15627985 341694
17176291 326020
19929186 300571
18632752 314081
40492856 93958
22663974 269194
2193407 481095
30351303 196221
43901149 57697
38974468 109529
20357472 294674
35175500 148784
32322072 178239
29787300 200404
11601791 389414
26634040 228379
6705551 437716
42339689 75356
15460696 343034
45699878 39246
6334014 441742
3428503 468766
29880092 200062
39770789 99762
47989325 16456
24446022 252617
36259200 137936
39189408 107055
47324645 22540
29975996 199111
37300321 128242
33652671 164439
2287726 479970
6857781 436698
40838854 89608
35748463 143029
10181967 404330
25305361 243341
697401 494420
3428334 468805
4322325 461552
5813239 446659
43498074 62928
4737378 458061
49599056 4224
47204521 23164
33562954 166005
41135351 85960
26047902 234705
6618810 438681
5778788 447389
30307511 196637
38298206 117417
49882701 1263
23643481 261255
27777031 218755
25955604 236815
11053004 396209
13748249 364246
32181621 179378
11498647 390604
7893014 426704
13130205 371487
16541056 331468
36199621 139094
7345128 431978
3660537 466689
31689393 183623
3861978 465423
12298329 381372
45693216 39330
44377634 53547
39076743 108017
20887959 288575
43582316 62105
10906330 397325
703407 494364
46957650 25214
29248959 203911
38493487 115092
45352148 42888
27598518 220559
28184292 214609
8530443 418558
30311167 196610
13502645 367735
41722466 81939
11846610 386396
13106873 371607
15463223 342866
25155755 245585
21412264 283598
24911397 248019
4092076 463366
21835684 279083
42067207 77965
21630664 280853
12053995 384794
49867543 1384
1626126 486952
32205981 178601
1988514 483802
9464047 410412
32999215 170165
42586350 72451
41596565 83030
35685871 143746
19493620 304316
14555211 354556
11654573 388826
9666778 408307
19197238 308566
5511357 449437
5616785 448358
6373739 441229
31897719 182239
9968569 405955
6535912 439662
43595716 62085
24555844 252215
3619190 467132
47476314 20383
18123145 317788
33100020 169182
14679494 352462
38681467 112926
39794148 99087
26671906 228262
43982237 56666
22564251 270298
14628557 353845
47017302 24777
25738615 238702
3200954 470995
28761400 208128
24381500 253811
6443710 440624
19151084 308927
2067284 482497
9909739 406465
44540422 52069
2845330 473168
27989218 216318
18421794 315667
28595559 210054
9837119 407200
44256413 55009
35473941 145514
31916707 181878
39037757 108344
10595174 400406
24707390 251025
6484490 440219
8589503 418264
18691127 313358
1648270 486685
15459267 343179
30003556 198860
33619793 164859
31427562 185517
19430315 305452
40405908 95316
38319800 117214
23823356 258626
44150625 55464
34971448 151948
12660023 376506
39954529 98471
27886624 217693
42776369 70899
35856646 141808
4196224 462505
42399713 74127
39066120 108145
15197889 346035
9893791 406591
31780855 183050
43993973 56556
49551406 4876
39369985 105430
14829935 350692
34311091 157447
35618988 144274
12303070 381183
46378331 31222
17168213 326114
39386601 104463
39382598 105147
11981686 385171
40853413 89424
26891079 226367
26995882 226047
49593085 4324
15505242 342422
7538572 430029
16346630 332851
23382991 263822
45280350 43559
37660127 124218
56381 499029
6443412 440752
19640689 303372
24430635 252891
15675027 341186
10226112 403471
5465774 449930
38316901 117268
25075569 245943
14357313 357553
34753043 153637
17247055 325117
40290224 95982
26946233 226215
45192084 44870
14126680 360705
39193921 107029
44124434 56126
17460932 322622
28472056 211589
31904898 182175
5623246 448339
47949919 16651
5740948 447810
19293341 306447
26301788 231321
45420312 42315
29713946 201084
33882218 163039
20622148 291164
1447856 487863
9374399 410734
8110304 423554
6028773 443839
32009756 181020
27636225 220197
13794164 363884
29531513 202327
42182059 76712
10078859 405121
22113709 274971
37819708 122804
15145761 347031
45094998 46327
22500838 271182
25443082 241819
6399081 440953
13668067 365517
16258140 334341
16292391 333789
19829711 301729
30149545 197969
12004498 385013
48928294 8834
9640980 408521
37367351 127784
35536627 145093
27793992 218514
6286650 441995
33988481 161725
5307824 451322
1830210 485049
13631536 366032
31551650 184521
33095444 169237
12627967 376612
34390141 157039
19953316 300280
22180483 274809
3826659 465856
18539480 314872
19425545 305515
48341829 13280
46110022 34164
25222271 244088
38532081 114521
44469687 52911
2954582 472298
46929481 25636
22749305 269059
47523878 20050
17492878 322361
33478992 166308
4699412 458621
42862729 70460
48195376 14477
1149985 490667
33614218 164940
42419371 73791
18134853 317558
9433472 410451
45078548 46987
4376055 461225
28555517 210290
13364718 368827
34779492 153308
34887032 152650
18681583 313906
10447954 401073
37239652 128768
8335257 421543
12170221 383251
39629824 101281
30223168 197005
2806877 473699
45473883 41933
5350791 450905
11189014 394417
25612971 239827
22112534 275048
34864604 152969
2558492 476178
38378282 116706
41481551 83660
25591109 239880
45372540 42835
35370636 146757
1622455 487075
21676001 280502
45751077 38700
39511708 102479
44312949 54431
9186941 412445
15316459 344656
13959803 362034
29283373 203676
8274271 421827
10188068 403932
19784770 302220
19232384 307708
11719000 388419
12062307 384564
44939502 47834
47604720 19533
43772085 60023
28101256 215594
7942857 426232
42423018 73701
42302863 75628
49510478 4953
18991358 310493
16244000 334399
47099439 23700
19922327 300577
2452159 477296
7060436 434738
12721255 375865
27746852 219057
27411431 222345
14215750 359348
34870267 152800
42343241 75300
40976887 87900
1305483 489732
49815952 1622
45868250 37086
33267970 167881
40210056 96620
39988121 98298
21838601 278755
22350883 272503
44699409 50232
44725190 50076
39108748 107453
9890589 406654
27132424 224373
27152824 223752
33849342 163675
40565987 91783
6504432 439727
25880035 237404
15927647 337229
12340976 379898
24277526 254253
29890038 199843
28576069 210201
22654953 269419
9501204 410144
22332531 272674
41854343 80244
44186300 55335
16159391 334814
36750363 133031
36478514 135894
33829088 163792
38836839 111543
43758032 60635
10131321 404992
36342851 136988
15325917 344560
343927 496465
23881794 257902
15604837 341828
37132971 129810
20135539 297590
3571900 467360
29062699 205606
18181747 316911
31953980 181369
42145480 77064
5776043 447418
27495828 221527
42751701 71357
2865817 472734
26803572 227430
6090927 443348
17172990 326054
24087444 255487
17258498 325042
28070451 215896
29436068 203070
7803184 427342
24618533 251832
37948644 121250
8195536 422461
298964 497159
10252760 403411
39660411 100593
24940389 247362
13152236 370722
17058028 326676
19656538 303309
248215 497717
44228671 55154
48037747 15992
13086720 372050
23323299 264543
1218128 490352
48694309 10772
2697517 474356
17754775 320445
12160504 383615
6852638 436748
42640915 72207
42277297 76051
25426803 241836
48297640 13646
29689440 201485
31397124 185889
13038231 372708
663565 495094
20430782 292727
42187984 76658
21818521 279126
9897846 406546
33114059 169088
25170020 245305
38716126 112624
41759619 81427
21760253 279333
27441431 222129
42227778 76413
6415777 440913
34013103 160982
22442106 271575
13558128 366886
39420628 103567
30397702 195591
3563919 467475
27038511 225287
23210218 265582
20899526 288494
32205477 178605
14946462 349473
3037551 471947
4033270 463761
7701980 428378
18015556 318781
9543780 409219
23084341 267171
31883012 182259
7496376 430850
4852233 456369
14672952 352494
36235931 138224
39969704 98396
8870174 415245
37381388 127610
20574933 291464
33606407 165291
16561680 331108
2910446 472398
38274020 117785
38931150 110258
46027718 34689
13100511 371723
48294202 13729
2336213 479255
24216226 254834
34020980 160845
14884627 350445
1545044 487426
44941858 47746
22540030 270582
35930677 141185
19704315 302738
48763028 10106
47613475 19367
24916464 247860
46021073 35128
31806385 182760
2647892 474934
46411014 31074
47218759 23083
36061590 139611
48812588 9769
36290155 137631
22778027 268806
38683340 112668
47189870 23200
19775625 302306
15771140 339427
42154792 76919
21532553 282317
34463627 155628
11129168 395119
37846427 122637
43755950 60768
32194147 179326
1410948 487948
34721814 153817
47439296 21560
47942855 16695
19407501 305625
44889263 48545
29909293 199619
20104453 298969
35088750 149863
35033336 150439
46232928 32422
21774904 279281
17055663 326709
3953538 464901
13637232 365999
25977800 236431
38645570 113025
11821599 387094
49251983 6410
8251963 421958
9068957 414181
20395568 293396
5335417 450994
45103686 46207
32409181 177192
9546020 409146
15970414 336582
23497431 262684
47526915 19785
19307020 306383
12788440 375139
39595195 101510
29583587 202026
6223252 442579
34637761 154251
10941477 397024
38988586 109448
8039591 424956
30241362 196925
28411789 212001
18151684 317530
23849435 258039
1362626 488827
15582284 341976
10776939 398567
34300485 157501
21042944 287666
16380753 332797
9080444 414023
39451598 103474
41920252 79573
3480005 468201
14053399 361150
45234442 44514
6210870 442606
46782469 26839
5538140 449355
20093769 299183
12360277 379873
39286320 106214
35961553 140820
43919811 57509
24950494 246970
19844579 301001
20343040 294706
48044850 15775
43717267 61212
37083214 130566
36354241 136858
43151028 68240
11855220 386358
37960545 120994
7913450 426566
14682768 352424
2130208 482280
25191798 244717
44480333 52643
17163455 326115
31867534 182370
1490008 487751
46747534 27153
678618 494505
38841805 111470
48279038 13969
12986488 372869
10670845 399790
5826770 446525
11576406 389799
14656731 353158
42711833 71458
18402263 315848
14447972 356088
42108764 77426
25063330 245955
29161806 205058
28924044 206689
49602806 4206
39311115 105892
26825502 226722
14914218 350061
11732123 388288
33848832 163712
4836862 456498
47857190 17244
35778243 142627
17454292 322786
24974697 246889
10159802 404727
30779916 191882
27894123 217608
40535699 93058
24232586 254728
27866867 217696
12213303 382755
43444183 63290
28655087 209515
34530176 154895
8707744 416784
29053243 205687
43270325 66408
43652504 61765
31012875 189893
12982038 372945
340245 496728
6016827 443858
14305804 358409
9439486 410417
22630719 269775
40519653 93437
17720643 320648
31241632 187152
7496773 430614
5568166 449062
8114988 423340
39742498 99878
13485260 367897
13573366 366359
792377 493031
21861235 278320
47614920 18839
47906278 16916
26783361 227696
431636 496125
28840847 208055
21884655 277952
42045430 78107
20083998 299263
43124108 68424
10069987 405155
325241 496807
26890471 226380
9336522 411574
18127994 317590
20136895 297220
45978622 35886
25998248 236015
35022942 150616
4611156 459422
12989654 372858
30170370 197587
27910924 216888
37741253 123213
3399157 468891
10715801 399195
10156947 404845
8715351 416601
9504804 410036
25633102 239738
7301206 432351
28886409 207420
11576256 389813
6393857 441169
47621779 18795
7039565 434750
16188590 334537
41205838 85089
6489140 439796
32425848 176839
38999402 108881
26164476 232713
24817809 249381
17032454 326998
22328313 272693
33608535 164962
20070181 299528
31552025 184449
8978735 414754
709875 494250
14738544 351809
19459754 305018
31801085 182791
35853878 141857
35061820 150158
43531205 62148
35741745 143059
16290104 333890
48860148 9508
27193821 223488
23927021 257529
34400141 156906
6616419 438713
7415337 431706
37327572 127977
9982362 405807
12835888 374095
24081309 255683
5324980 451156
25555821 240124
10890394 397404
20042212 299716
46195471 33042
39781404 99164
11233837 393955
29364530 203405
14286336 358557
35107574 149681
35140579 149475
37118902 129877
8036772 425204
32966534 170875
3173809 471381
27372486 222694
5576518 449008
37458191 127034
35336412 146781
15782030 339164
22517496 271160
11873254 386011
7783489 427445
43806201 58209
8665975 417476
42669256 72023
35432081 145903
3498313 467793
22660626 269303
25918566 237025
49438121 5592
46216528 32670
28990931 206388
38483415 115390
5039212 453568
42993453 69303
19199817 308461
30733107 192720
14573989 354234
28865038 207486
44000083 56548
18761316 312703
11836920 386444
7162556 433651
32368575 177692
19484569 304494
30880066 191222
24669019 251463
7795462 427417
14516225 354961
23152676 266413
26735184 228145
34254798 158304
899649 492461
32565273 175637
33760663 163940
20696111 290278
7007084 435219
18276646 316462
39730461 100015
34492543 155213
4937444 455375
44554854 51681
33061259 169239
35144173 149457
30631290 194024
36986995 131295
24681871 251113
33569429 165704
47331327 22517
17624452 321622
24621090 251779
23002553 267790
6770698 437517
27339012 222698
6717302 437650
32774675 172672
40029281 97378
33989328 161705
28370965 212865
33568863 165777
29817704 200272
13533196 367057
39132903 107387
44278905 54668
20481092 292034
33355610 167114
35303027 147163
47284431 22546
3186185 471098
24679363 251265
10405868 401299
2064389 482798
6486388 440170
17896480 319924
41697857 81947
44652906 50488
35569351 144736
12328088 380239
13307644 369485
20596561 291256
26050452 234391
32702486 173545
32801452 172411
25464469 241470
41837833 80661
15163645 346860
24749425 250035
15924996 337237
35721725 143501
30990843 190204
17010820 327305
5842720 446253
46942332 25305
9510981 409883
23334070 264334
41821231 80682
33169702 168906
19321731 306251
25308094 243227
20253014 295896
38915009 110509
10309404 402551
8825554 415572
21683822 280285
28120957 215589
49112604 7918
5357673 450690
46007675 35754
44113105 56186
19491693 304359
48645813 10981
38929805 110378
37078982 130600
7690800 428497
40547198 92811
45311914 43480
13821664 363027
41352119 84305
3470851 468247
11685074 388491
39785174 99122
15079546 347291
3180854 471339
7111184 434125
29266268 203820
19155507 308821
39825345 98991
24071050 255907
7621235 429251
37092087 130411
4297868 461866
37564534 124972
11242544 393007
29480954 202975
27445340 222084
9119470 413380
46596114 29327
15739887 339948
920710 492098
903069 492407
18766109 312677
34612569 154380
49758730 2211
13172371 370436
31796558 183037
40239426 96518
4679644 458636
34334507 157404
19284530 306704
5076919 453280
11373170 391661
21091432 287361
16018864 336212
10039107 405272
5605341 448455
39026434 108408
24417163 253368
48687177 10908
41566425 83219
11868622 386133
12313884 380402
38473739 115429
14343908 357802
24929354 247462
25368565 242582
44636072 50693
46904173 26099
47479253 20335
20011709 300266
5172078 451993
12165775 383456
33159106 168950
38128602 118822
22879805 268260
5675952 448046
18020828 318722
8452612 419924
40348129 95770
2348353 479151
9293051 412091
26163813 232759
1848654 484815
22639986 269606
18625146 314341
12871754 373606
13247680 369897
48918468 8921
9236421 412328
48091171 15720
17056565 326702
46125318 33898
4458299 460242
12136902 383646
5434415 449972
11027072 396594
21400786 283622
11775091 387996
44272275 54762
5531268 449406
19825220 301801
29323546 203558
43694606 61527
46298401 32060
23011044 267761
22625797 270007
39342231 105528
12311575 380681
43805219 58409
49831972 1566
26648922 228290
17219926 325354
24415148 253547
4752333 457639
14704123 352376
42347082 75199
38872315 110716
3558188 467559
37652685 124224
22089518 275996
25437212 241823
8849307 415308
47457158 20964
27994509 216316
46538310 30013
20401490 293236
36683885 133404
49665489 3272
14512639 355047
48477931 12632
16094379 335406
25183819 244733
19446060 305322
16463409 331927
17365854 323950
36754916 132919
12682044 375909
20106860 298965
27934931 216706
47628021 18769
25576670 240062
24650566 251753
7348899 431957
48634163 11264
12098664 384313
22836743 268351
47910782 16871
4401360 460991
1505848 487531
26285656 231539
30343295 196430
4677481 458839
30312394 196452
17453175 323004
48185906 14568
19252851 307680
11836580 386564
431403 496177
19271896 306838
17934907 319508
8792319 415728
8807106 415642
6334772 441334
24072058 255874
29573792 202184
9351132 411446
39988416 98234
14359637 357546
1268238 489866
21443641 283478
28512990 210539
34570575 154549
24327635 254093
16710350 329597
14190002 359949
30898974 190658
40433762 94745
8657121 417499
33264530 167963
11522140 390301
23717115 260248
26070053 234112
7033680 434806
7002603 435240
28750865 208614
39729963 100054
48201383 14373
42682306 71846
48426179 12713
46835192 26408
45950719 36036
24868530 248498
15703883 340612
14382679 357526
31800171 182800
15918857 337525
1935277 484013
13206841 369997
43290471 65925
47567763 19681
47191806 23191
14188355 360231
21919587 277741
38286468 117476
8428572 420446
4751136 457876
40891822 88872
41865364 79968
7088359 434617
32471653 176692
6790424 437417
19719970 302647
26088618 233350
35798854 142386
47628149 18739
8490242 419387
17977269 319030
7583247 429602
15606249 341779
18586142 314629
14258620 359153
31209960 187713
32904558 171099
21185991 285606
46534944 30015
25738577 238761
36427816 136079
38064123 119624
10359917 401968
39374199 105343
1377668 488586
44893399 48490
23914438 257679
9722518 407683
18641205 314052
1840356 484941
23720316 260234
28783131 208119
26960355 226143
46464198 30562
49577054 4487
18512265 315306
42670242 72008
21566516 281991
24468228 252521
6667623 438275
5822628 446627
40996382 87551
29337607 203487
38037012 119996
37401103 127507
30974015 190303
34015572 160862
6774089 437510
38864539 110832
21318389 284615
19270375 307467
12399143 379838
22068196 276188
32759921 172750
41066527 86826
31105365 189073
16945530 327785
30852043 191311
1018957 491098
34480358 155265
25402279 242123
8963199 415070
45424823 42312
21357225 284124
2826884 473411
12899568 373507
5689465 447962
12577229 376876
22925115 267874
23217453 264964
22190454 274535
23890181 257688
31249796 187144
30729443 192755
48773130 9879
36638192 134548
47826294 17787
3743912 466362
23923327 257610
15952284 336788
18744755 312791
26079895 233601
45396564 42536
26823892 226826
39385810 104680
18826316 312013
43398015 63800
48160335 14925
17034605 326935
40923618 88498
25169274 245313
16579694 330979
36704401 133393
2330208 479484
22082358 276122
37065416 130732
20641454 290899
29187304 204333
3619829 466959
18052323 318210
31839775 182669
26107751 233170
12764745 375489
44467881 52996
7352171 431892
25006530 246789
8476804 419686
45258457 44078
8091442 423792
11001376 396602
42597614 72357
21957286 277212
27423394 222314
17800963 320189
12220489 382698
1333852 488830
37952236 121186
43605097 61904
45992176 35872
34273935 157735
39653663 100973
36283551 137721
4793174 457165
17197971 325745
7457843 431075
983341 491617
32868003 171735
37032540 131292
25523498 240849
10994810 396676
27935583 216684
25987112 236201
16384698 332674
47810754 17850
2491232 476967
737565 494238
12071961 384560
7893714 426667
43247631 67183
30564679 195364
24165918 255092
37085420 130476
34128187 160186
22223708 274074
22245047 273486
1401707 488158
16296407 333787
11670987 388519
41723213 81777
15042476 347411
12846933 373880
19128631 309134
16169854 334604
35308222 147130
43672233 61642
14519851 354786
9316959 412067
677851 494692
9853921 407148
31149934 188035
43658012 61705
18161914 317302
2192633 481202
4650038 458944
35802348 142357
38733917 112510
42780128 70844
8005673 425364
37761024 123147
32677085 173926
28337749 213278
32392489 177674
11511949 390578
38076585 119536
2918618 472393
32498304 176690
33429300 166477
45397137 42434
46941811 25440
12124133 384081
10689441 399622
31167039 187965
2849808 472746
825395 492708
34987486 151233
47640974 18656
12171921 383122
49022677 8124
1369710 488804
25171029 245120
26944992 226217
9677187 408116
25379960 242162
21109371 286640
17358507 324027
4043305 463452
20584374 291427
30047636 198550
26321670 231230
48133027 15088
21346275 284152
24634687 251753
48332352 13313
36748804 133099
44860370 48968
46464722 30514
42349714 74736
8343520 420655
4200023 462495
43270474 66234
37868225 122242
46679893 28263
14022231 361561
43887609 57866
47552436 19726
29168272 204912
22527346 270990
9524866 409733
16486185 331749
40793112 90338
21943305 277323
32326648 178184
8153488 423044
26738515 228071
43636725 61849
46550773 30011
49460856 5214
28293354 213975
3902085 465274
46659448 28699
43226103 67578
49901882 1093
8158525 422652
12514677 378431
7220198 433537
41247045 84454
24687490 251060
20827657 288832
29432607 203215
7849323 427114
27487960 221655
35844241 141871
3796036 466112
29093020 205434
49079277 8066
16687756 329987
13406517 368527
6209662 442610
25151525 245592
49915946 520
6093036 443148
5926638 445292
8429021 420404
46491493 30396
6150271 442787
23713397 260273
28490047 211016
21840567 278663
40604533 91584
14009931 361729
8592701 418213
10357528 401978
3181156 471124
6956389 435557
44523855 52165
18534894 315202
11003722 396597
46312503 31744
30882741 190954
32962820 170982
12979111 373202
49213735 6928
165755 498094
33607254 165179
1722706 486368
19005237 309647
17880243 320021
44562399 51355
13069090 372420
29217120 204099
14175556 360650
45914095 36144
28864068 207690
37971021 120896
2676816 474460
23544588 262428
11443007 390902
30261523 196833
23193253 266105
47110046 23561
34877367 152793
4465590 460236
8829745 415567
46654574 28860
15985967 336396
8073735 423859
10718869 398993
3454018 468613
5051498 453409
29028585 205998
32873068 171536
49694033 2839
24435822 252782
12512750 378793
14925464 349978
19692084 302746
35249987 147417
26991581 226066
4606269 459606
29530829 202410
23817081 258793
19717965 302735
20113175 298711
15890225 338229
3124191 471519
28456623 211860
30808240 191658
31550609 184562
14082122 360902
41547826 83381
6936596 435639
13100246 371745
3242436 470651
8672743 417267
29719551 200848
8015352 425323
5948607 445094
29177813 204758
40993187 87560
4792776 457170
3395993 468912
36520706 135501
43578498 62140
36844599 132348
16234070 334452
10326447 402213
42934847 70151
31210466 187354
239312 497791
14030140 361370
23637153 261714
14639464 353399
2059117 483505
13795947 363799
5378203 450026
4363600 461484
42754514 71149
27282737 223042
256966 497436
18846650 311804
14935505 349697
38983171 109482
31969009 181246
32528058 176616
10484353 400473
45652237 40076
43703916 61484
22192563 274493
27792385 218680
516879 495838
24915743 247985
40480956 94239
14465774 355559
37408181 127471
36482754 135789
23278429 264823
24409710 253642
48406476 13076
47099157 23714
28749641 208618
9129517 413371
3729759 466426
165160 498202
27812980 218407
14346605 357633
15103927 347096
16068210 336130
36669229 134059
2263558 480194
15655868 341534
1745242 485858
40849481 89505
12759115 375638
47238849 23028
14466813 355507
11396786 391329
23736306 259903
42370347 74335
13162214 370620
41989382 78485
20279126 295889
5922228 445315
9339545 411490
27146012 224361
21743499 279596
28376042 212582
18109025 318112
21611457 280926
31111730 188756
6447544 440616
96775 498725
4627094 459197
19059722 309588
4618117 459396
4837421 456398
49684725 3053
32802004 172338
15624059 341700
8877604 415124
10842397 398326
43736030 60924
38527523 114570
48904110 9232
9590833 409015
28667357 209383
9635502 408688
37139397 129796
1815235 485067
48320497 13359
31275569 186658
2499753 476871
13781510 363997
19214919 307749
17548692 322040
43349418 64224
26075673 233914
37819425 122812
48100199 15172
43396167 63945
15993327 336375
40696176 90799
30364983 196132
49052086 8113
46612520 29005
9536972 409479
16583373 330946
9274888 412122
38917536 110496
5970122 444815
42345269 75236
28295529 213904
36401277 136325
38031076 120022
39842599 98832
49665408 3282
31503839 184888
4870840 456199
24665218 251494
18336975 316235
2059441 483238
5252011 451606
16371087 332804
44518315 52229
40018589 97656
41567982 83113
757589 493512
12740402 375716
9285511 412104
26000169 235350
30802729 191694
25662018 239501
12322995 380248
29827210 200266
34411717 156408
41628078 82935
1050351 490882
49074702 8072
17224307 325288
28674530 209355
36802026 132893
222262 497880
34338672 157351
24860385 248499
12190175 383051
27324474 222904
45466139 42129
13208926 369994
41567590 83174
16328948 333198
24166607 254982
11823144 387019
38796654 112103
41202866 85166
30586605 194517
22894418 268184
28301530 213828
45715312 38965
21325685 284550
39844608 98824
12782651 375276
10325147 402332
10452821 400964
25203276 244271
14592470 354015
20665162 290619
19833688 301601
44583500 51126
32973377 170197
11813892 387619
20272325 295889
35877166 141442
29045283 205825
36219828 139077
10971675 396815
24448098 252583
4827539 456549
17223946 325299
23798887 259079
46411572 31010
4773328 457309
1775889 485312
33812970 163806
7016290 435207
45384947 42786
9668330 408156
30726179 192793
19286125 306678
21276835 284907
3654857 466807
40084735 97065
2348460 479138
39953528 98509
47827612 17665
7732344 428272
30741068 192178
44565705 51136
44304804 54506
31999020 181240
36670888 134039
32506848 176674
20100181 299027
20467725 292107
2105125 482372
7667312 428791
24829680 248836
11784085 387782
1450893 487826
43071191 68844
20147719 297075
9509354 409948
20204495 296403
35602950 144394
46717321 27440
23976613 256451
10121447 405002
18768519 312660
29905518 199731
36512050 135694
19727521 302505
1042322 490890
13943303 362296
14084144 360796
47474313 20497
30698850 193306
7766791 427754
26465307 229572
16544326 331248
16474864 331758
21281374 284724
13855905 362845
38593349 114021
35705405 143609
35146920 149387
37544546 125089
48104708 15151
23206379 265618
19004685 310096
11214828 394250
4953413 454910
6578670 439165
3485592 468022
1446798 487895
17846777 320166
11867551 386259
15381984 343604
46373112 31391
5596123 448473
30004348 198740
14047028 361226
20709942 290210
42140250 77208
43462112 63100
24675051 251441
7699030 428383
39785269 99116
13573324 366449
45669373 39689
20078146 299426
22896583 268138
17301269 324423
29626349 201795
28377697 212151
17549984 321841
4236914 462449
253765 497498
45280052 43915
39468687 103000
47449686 21171
40410862 95282
5248922 451699
47571635 19635
46653350 28932
2576482 475911
26034554 234967
29959476 199307
20207845 296361
42987226 69425
27096347 224978
46181976 33323
8124340 423334
41176451 85544
1737238 486038
45046874 47127
36941459 131402
16218787 334464
1380392 488582
11164438 394599
15738733 340117
29456048 203022
43798262 59122
40069151 97083
23094659 267133
1990297 483798
17772788 320442
18037152 318575
37126381 129862
15375010 343693
34251793 158386
13799063 363615
49891903 1171
8756716 416008
18525344 315294
16144056 334975
48029801 16125
20114539 298599
23843955 258133
42448059 73589
15787288 338974
41026043 87308
32177777 180134
7291822 432397
35947691 140854
46217247 32664
9149697 412897
40557296 92134
35414969 145948
20747094 289672
10260929 403344
21530354 282483
14159162 360690
2233323 480807
41017787 87343
3082636 471571
44936561 47972
27750185 219003
43530652 62298
40677130 91106
4164501 463076
35281642 147258
27633964 220203
40973804 87931
8590539 418220
32965518 170892
14264811 358666
49287797 6258
34171381 159771
6664018 438461
20291600 295733
38134206 118770
2905735 472483
22359882 272460
24759784 249764
14943300 349536
24324086 254172
7151393 434045
26064486 234207
49165314 7246
49010396 8142
8160832 422612
17391902 323876
48981609 8242
3358799 469478
6468480 440384
41443731 84026
27098882 224909
22199993 274478
30894525 190846
43917989 57571
16750482 329320
45096180 46256
40432142 94761
17691572 320671
12765304 375332
16528104 331551
49910899 693
21571773 281745
22924629 267935
48027391 16259
24067609 256222
15341514 344109
40224818 96525
23655334 260996
23848676 258113
38258903 118035
45078480 47069
3610168 467147
13511299 367721
36433678 136049
7161129 433817
23446281 263297
4945915 455179
19684021 303014
30676308 193599
4273166 461976
35493915 145148
3571867 467426
8588211 418418
25588874 239976
39990282 97872
6177822 442638
5878428 445922
32580674 174943
8507738 418939
27127935 224464
23044669 267445
22022986 277120
7017231 435176
18548655 314786
32457252 176706
24895297 248043
35652592 144256
31764155 183274
12436053 379628
43776907 59865
35590783 144599
11963080 385435
44097130 56363
39570239 101800
37721371 123293
33567646 165843
7515206 430238
28037864 216175
27846031 218074
36803952 132690
22776078 268898
34445643 156262
46045194 34327
13015016 372738
41462227 83756
33122541 169043
37105337 130113
18415220 315754
20508302 291674
27923301 216763
3201741 470779
25260391 243844
16978391 327533
23266648 264924
22676029 269154
9964564 406103
46034666 34533
34702671 153843
46963604 25142
34898431 152344
18997576 310312
39478254 102709
41016695 87358
39168976 107360
30123865 198384
35163437 149128
44762315 49706
33923312 162487
40010106 97868
49959627 324
25543796 240682
49634021 3324
12630176 376515
10701304 399547
40314630 95893
30911384 190469
43265691 66471
23923862 257558
38109700 118917
39808842 99071
23057211 267198
47459639 20710
7823017 427194
38764383 112346
16437365 332374
37979173 120363
5100804 452637
29370172 203364
17362419 323985
39019592 108474
12362862 379847
9827232 407352
26077666 233757
14983166 348265
42226544 76454
2501923 476555
17966996 319109
4017250 463897
1419982 487920
25845125 237831
5051053 453523
6000549 444150
21282667 284687
25490024 241174
43443493 63545
10098881 405080
20897587 288532
5781681 447189
43941467 57433
13343972 368918
33897813 162683
5106148 452534
15469909 342790
49406581 5717
19204279 308266
7533558 430198
12820630 374233
4625572 459220
10156791 404988
32556540 176043
20219289 296253
41938866 79382
2534131 476345
59236 499026
42961076 70004
5199424 451975
12270279 381869
37310616 128167
5069254 453286
32014193 180980
28169355 214617
45122699 45748
21726379 279831
45425172 42193
6442053 440792
43381064 64050
44481677 52330
46016885 35259
46666521 28604
8141414 423242
27253502 223069
25374697 242300
26398954 230051
7979201 425462
19850194 300939
22103929 275076
25279381 243432
15180586 346109
95738 498772
22973683 267826
5068000 453405
20307957 295075
38945750 109975
23700808 260676
4826705 456596
21338642 284353
35585502 144659
33978624 162092
41909597 79731
48309032 13543
46568652 29656
705645 494354
35403972 146292
31113442 188745
9892519 406614
24037696 256287
43848785 58000
44929953 48314
4006130 464468
40366541 95629
4441639 460948
14918295 349991
26460428 229824
21271590 285174
42427094 73676
2367875 478697
47925205 16831
41511417 83399
31418405 185618
17032069 327018
49417767 5600
5222827 451866
42082294 77846
2290793 479942
32735765 173135
15326967 344469
26332338 230863
14231133 359282
48611140 11629
20364054 293866
26981907 226078
13897128 362474
6589162 439012
21716499 279862
33936974 162368
2060556 482976
40034730 97275
17913787 319740
5864318 446098
35203212 148693
6809298 437252
42731299 71433
42804615 70642
2383330 478648
26185099 232098
21463814 283336
17279514 324465
32806475 172297
45804390 38032
41231911 84785
45635054 41042
34089934 160239
23933315 256905
17800364 320313
33419577 166589
10029245 405645
25706897 239131
38524082 114695
37046898 131073
45092861 46368
23371242 264030
27818320 218316
43111920 68777
16302214 333754
3269012 470121
28284979 213986
25925415 236958
11365608 391832
30112636 198461
29932484 199556
3503999 467674
39701181 100511
16638540 330483
41508115 83439
10788714 398392
41835175 80664
9635515 408584
20442533 292446
3522998 467588
37169087 129765
27986078 216433
28207583 214287
23355207 264316
12302723 381306
6979014 435484
8603403 418132
45295549 43538
38366705 116794
15716797 340446
25487678 241222
20683981 290493
40708927 90531
21863437 278005
27841044 218099
14406901 356859
42103247 77593
32975552 170180
7677098 428667
21590360 281484
31224142 187259
30260145 196874
22200846 274458
31875051 182269
49714937 2233
9145375 412945
46257286 32277
44252080 55025
43800950 58842
27099498 224769
46304196 31969
35407226 146074
15114072 347059
41326185 84353
40870845 89357
35490447 145232
21799806 279261
48544799 12456
550034 495630
26592722 228732
25684618 239156
820734 492852
23037946 267601
21581596 281645
43889854 57759
42204649 76632
4271331 461995
43031444 69091
23867584 257917
38555842 114466
3826513 465890
39471135 102843
17744291 320463
30692013 193375
40595062 91719
7859406 426888
20782955 289482
3386640 469309
1867450 484498
34347422 157348
18567487 314692
12525366 377954
43456546 63225
21274779 284978
3070604 471764
32740290 172761
41196037 85210
42565908 72470
5503320 449464
38728005 112617
18726386 313345
32811020 172283
11999081 385060
34370093 157041
8520764 418572
21013411 288078
21751983 279394
42351310 74356
23214380 265069
9368466 411138
23827259 258444
26170716 232348
41145740 85880
10316447 402363
36825930 132561
13437000 368357
34220960 159022
34136003 160057
22308850 273197
24944973 247177
42314071 75561
40141039 96718
31128150 188287
39443742 103562
6554742 439302
32837157 172179
7484462 430861
3194114 471019
23672377 260782
22217476 274190
9781065 407514
13146093 371196
20373322 293754
8065616 424256
2737858 473993
49973953 91
37319800 127993
927308 492090
8500368 418988
35246708 147438
33187774 168862
14986648 348155
28375385 212629
37905964 121787
27146086 224128
638901 495119
34010402 161104
18870257 311711
26646336 228323
25735463 238777
46007186 35759
4450393 460688
19470722 304598
39981835 98367
18818958 312252
25472338 241339
20510949 291668
11714750 388439
44997108 47443
5755254 447449
10286749 402817
37224063 128963
49473955 5177
26833700 226528
46167957 33675
41093499 86763
791262 493032
4820988 456750
29836986 200107
39339009 105808
15554464 342177
39290661 106201
38571354 114274
10500295 400454
47507073 20225
46228530 32532
13071412 372262
40662943 91106
5596039 448758
15034866 347432
31642370 183781
18956574 311183
6954297 435624
25294007 243430
5882990 445852
41130675 86062
23782208 259338
8674495 417155
14908224 350255
49815260 1785
28146355 214834
39641217 101029
36052043 139846
13088739 371931
29938621 199435
33887969 162734
27792179 218735
17150297 326439
23137492 266419
17607230 321636
26268419 231687
48218 499223
16911638 327980
36239605 138186
38405209 116428
47613160 19372
4809877 457052
28551901 210330
15291343 345080
24272469 254357
37348919 127835
27174772 223537
4002544 464504
39145185 107379
33881471 163047
32556640 175782
25226265 244065
2000525 483762
18000471 318818
3301777 469585
633819 495269
2056083 483692
36845186 132197
5077147 453145
23329444 264361
42492994 72945
40015379 97761
19579203 303866
15903911 338182
27700235 219091
6343150 441316
45418380 42409
46918295 26052
45731553 38785
43747504 60860
38797041 111960
27540243 221501
15259133 345218
28919066 206826
2648366 474827
7560536 429642
16944435 327813
42682385 71727
12503616 378903
12346038 379893
6758812 437617
1687111 486583
28620254 209544
3509585 467594
18041498 318228
15672469 341374
41116635 86383
5803998 446754
16734250 329322
15414754 343477
7600724 429416
2136364 482252
20164612 296548
21360202 284095
24743596 250155
7779497 427468
24114977 255318
16438599 332251
37185238 129707
18248516 316592
24589562 252204
7507258 430396
28376212 212187
43031556 69047
33013322 169740
7603970 429325
42983997 69501
37368462 127778
17219662 325498
27150726 224018
35896123 141319
46670258 28446
29079979 205467
48897111 9334
30011148 198699
37942963 121500
35862307 141659
25770248 238524
17502485 322303
7708174 428336
32711750 173463
21172031 285870
4737161 458522
23169518 266112
12802137 374755
34390167 157012
12303015 381290
38877850 110596
46712843 27704
11156235 394977
16082522 335748
9587818 409078
7425639 431583
4167116 463045
13862163 362738
1101699 490881
1583986 487269
45841581 37365
38962048 109611
30247932 196912
45004073 47350
3944750 464924
41486712 83506
42543984 72623
17475035 322592
786393 493409
43432580 63700
40264826 96379
9008400 414686
48584336 11909
26216376 231784
1484013 487809
34976177 151630
43711129 61478
48036757 16026
1888468 484253
418264 496217
41450120 83992
38363350 116826
11357609 391921
21275962 284940
28759367 208503
4178917 462596
4304169 461780
33751684 164176
15198550 345609
9220985 412390
41755143 81585
28134724 215322
19168493 308617
20396774 293349
2760685 473708
270815 497434
4924432 455720
34816540 153198
25119057 245693
34892701 152640
2365207 478728
25448354 241812
18473312 315547
43162602 67986
41099923 86667
413942 496290
2684620 474430
46074470 34183
38424331 116154
31346425 186044
33110695 169178
13582848 366232
43898226 57755
48664426 10911
33753162 164009
17016842 327110
8360152 420489
2620900 475250
16112631 335382
22434349 271679
17355560 324041
38223674 118449
16907092 328034
47880851 16948
47247583 22921
1240443 490304
15798622 338803
19669588 303215
10162175 404617
38762785 112490
17780293 320316
21000796 288192
34262161 158048
33334286 167150
859571 492571
26293009 231469
13764509 364046
19367708 306053
10282342 402833
30272038 196764
21730315 279820
46605671 29296
49442985 5219
25652173 239519
981566 491634
1140749 490671
15519159 342311
5317529 451220
22850958 268350
32602013 174864
15678140 340926
35097811 149755
18023184 318669
32122282 180410
13130211 371452
30830391 191644
26743056 228060
27013004 225722
24078505 255739
723987 494240
29735116 200545
15307772 344731
31759933 183313
39015799 108780
21633464 280778
49172076 7188
38463651 115629
32410336 177167
16051829 336189
12727433 375854
8359308 420490
2326107 479695
49206961 7000
34897020 152536
25241674 243966
34548676 154710
31142602 188096
16328365 333364
10025245 405713
42050846 78071
8669077 417392
8970501 414963
1318397 489290
25145283 245596
19168263 308691
42169423 76902
40242424 96446
15721517 340252
34053008 160360
3729637 466650
38592583 114102
45644939 40085
3392202 469044
7963420 426202
4870880 456187
11230850 394018
14400762 356913
16461409 331945
42681863 71921
38873228 110635
40929703 88424
38202330 118679
48381745 13123
48714497 10653
29010425 206128
33021124 169540
26833139 226630
36230551 138424
16830081 328911
12444756 379502
37429741 127414
11123102 395439
47111523 23435
4884098 456110
20430144 292886
5922063 445409
9867386 406931
6900655 436129
38798190 111896
9884699 406689
2673153 474641
32126312 180380
47074217 23982
2379636 478691
25348508 242583
44654501 50419
1850332 484521
8044240 424895
30001339 198884
43963479 57281
8970264 415056
29625226 201803
1003927 491146
15026889 347507
28121614 215568
7972280 425651
39377245 105178
22059865 276407
48383546 13114
36376972 136652
13524128 367166
43814829 58052
233853 497851
17927961 319664
37713915 123678
43234113 67188
12277182 381857
23656525 260918
25268662 243615
13565819 366648
26046856 234933
941657 491983
41170054 85778
44671056 50322
35385644 146526
38946681 109759
37985220 120223
29880110 199957
12901676 373300
35330200 147018
27572445 220906
9027714 414479
2334879 479271
28008576 216311
34973931 151679
46552329 29793
6602398 438837
13892846 362598
11685730 388491
22696132 269141
32513161 176636
14769390 351309
4021964 463792
46065873 34232
17861042 320092
39585330 101567
34056769 160321
25856055 237540
7288924 432688
3911648 465037
48614888 11569
23345751 264325
45185957 45031
40283981 96211
12672770 376121
31737716 183429
48411134 12995
13926606 362419
43032509 68982
43389290 64033
3203731 470763
10280163 403000
19686405 303006
47660070 18165
8471814 419686
4942365 455317
29000880 206183
42234756 76302
35373743 146726
1787121 485102
2505145 476506
28857906 207838
37033359 131223
34353124 157144
5791057 447145
43142279 68331
39702470 100497
14752361 351601
26213445 232034
32739738 172864
13006172 372819
46208629 32814
2437260 477810
46351542 31543
3426780 468819
4838407 456373
22326513 272806
1657602 486614
7221219 433283
11049501 396331
22858178 268276
14908230 350215
4442427 460728
7027139 434923
12122007 384164
6574553 439194
49382532 5721
6555672 439273
40846116 89535
42096242 77812
42437921 73620
46195771 32827
47384822 21624
32255291 178299
21401462 283616
28746893 208839
34455897 155910
43330202 64849
32607226 174733
20469542 292107
16965442 327600
38626212 113245
29202659 204239
15006514 347749
12519400 377968
40646066 91278
10412146 401298
38599791 113565
49942509 392
19111407 309254
20827459 288898
488568 495973
39657843 100793
21078548 287471
47121896 23345
18939753 311440
34507652 155058
34401983 156722
28942083 206565
22227254 274055
7312798 432098
13678638 365320
13899230 362456
24272890 254345
6032130 443757
27021651 225451
29580236 202151
45819017 37863
40812064 89958
24924793 247779
8252122 421897
7978456 425563
38770940 112293
32862938 171858
7155320 433854
2325342 479700
4538697 460013
46577636 29494
37708845 123781
48130389 15128
41549206 83314
49342280 5931
22701933 269140
13324148 369421
13299667 369524
33911550 162518
20909614 288327
36332342 137483
18103961 318118
26078694 233725
11610195 389293
48342435 13207
45678148 39611
45120640 46083
34987245 151406
3363864 469420
47005163 24797
47880382 16994
34241442 158714
12784672 375231
11139541 395074
21064320 287629
27340659 222697
35243626 147561
10292090 402557
20169726 296426
48629518 11470
31005965 190002
1328061 489225
29248165 203956
10037919 405589
39370095 105361
19655815 303344
43308430 64880
5695838 447911
22825945 268625
29244758 204053
2316709 479716
48011856 16286
33161325 168914
40644756 91482
6464672 440506
48811477 9788
46365754 31533
26525033 229217
16454556 332182
35975572 140549
12900567 373420
24895188 248126
1768898 485354
18046155 318219
25007433 246788
20491130 291729
40635639 91488
45638503 40999
43904699 57618
37532636 125314
22042372 276677
47520981 20061
16780982 329234
11219703 394108
43057590 68892
42272327 76057
7238595 433013
44560167 51655
40379066 95544
10850146 398225
49998351 86
25197989 244458
47382235 22190
15288619 345170
46275073 32273
15970466 336399
39215243 106791
8187979 422506
18418551 315689
20632831 291134
36043322 140034
24819176 249214
6089041 443374
30174874 197345
18987176 310653
47815656 17803
11469275 390664
26254924 231781
17528339 322230
33577916 165447
26676683 228238
36808865 132569
40447717 94636
42704788 71634
10276004 403097
32000337 181174
1243217 490073
43343765 64305
8136474 423258
43299134 65849
27891337 217636
27564613 221015
25667049 239175
32737390 173064
45908427 36492
15444615 343392
1310313 489651
24850422 248806
40621400 91546
240990 497726
22906458 268052
9104486 413440
32355427 178029
31296990 186531
46731320 27413
36018546 140227
11065906 395796
23198639 265931
37487071 126196
49704829 2610
35137834 149524
32204421 178666
14428682 356829
14561310 354444
20784187 289449
34755606 153508
1278687 489764
45847974 37221
11876609 385820
7149736 434073
43714680 61424
34951546 151991
40536513 92897
45081421 46950
22253032 273408
46972204 25041
6921523 435953
13523125 367346
43265065 66493
39415720 103901
5853661 446225
4007117 464424
2146889 482125
3186300 471063
42150248 77026
38775892 112286
2159572 481997
980191 491657
8751632 416057
24600762 252024
28780770 208120
22225199 274064
41660003 82804
37094245 130400
37222243 128975
23733119 260002
7634379 428996
27157892 223724
5500393 449509
10649023 399916
11251289 392642
42289646 75719
11234979 393502
18869095 311775
22416551 271831
42632027 72225
27507305 221518
7441032 431090
26259300 231737
17637057 321218
5989512 444521
18118416 317862
26071131 234039
37467058 126240
48330963 13320
48274523 13983
46581968 29444
4747407 457975
11398824 390918
46406851 31143
4280363 461947
7437358 431442
2890754 472531
14949444 349088
12031641 384922
38403823 116484
35946911 140997
22397299 272194
25481021 241327
11236965 393462
21030951 287830
9068964 414079
49623831 3416
18784939 312473
24070706 256096
39472834 102785
23054506 267200
37429663 127424
33411268 166827
31186331 187777
35471690 145682
34461029 155846
18618655 314478
11609050 389413
19746592 302476
9637376 408583
20245815 296171
31580594 184192
26810596 227244
49244209 6507
40486626 94190
1783688 485113
24068117 256222
4989602 454883
40564896 92021
19258663 307667
45119601 46182
2150140 482022
3920112 465014
31758141 183374
12103141 384200
40120528 96957
43004227 69181
11210387 394304
14496090 355344
13313244 369432
16131093 335285
19484757 304486
18688321 313593
40875546 89238
48855710 9665
12224492 382439
15107779 347063
40017685 97726
23629145 261933
27216015 223289
14971523 348486
33191903 168736
22252667 273482
5079799 452903
27556872 221441
27609211 220241
37500015 125891
13177690 370204
17689132 320685
16345333 332893
39003702 108820
29264057 203841
34748177 153643
27888790 217686
16635851 330644
44723333 50208
7814735 427249
17600653 321731
8610521 418123
31281027 186537
9598123 408933
44133353 55569
45202573 44594
33015706 169608
35243440 147651
48116338 15146
4251853 462313
41358750 84271
31486267 185125
48297389 13649
2737394 474037
6770677 437573
3051134 471860
37064438 130870
8095231 423749
4268129 462263
455446 496047
6833436 436953
8071243 423987
5822833 446616
43970499 56909
15857545 338364
23774335 259617
21161504 286015
45690221 39398
140362 498385
49133113 7769
28498852 210954
37887199 121956
18277022 316382
42684789 71707
41774855 81388
26372983 230506
33416757 166628
7504936 430449
19893740 300595
26125869 233015
48096397 15482
40632347 91507
26127534 232838
29279231 203790
42999484 69229
5872355 445940
11388002 391331
46032148 34631
22095522 275915
46682764 27988
44346371 54044
16780863 329316
6126197 442940
9875541 406817
12945391 373248
4135294 463153
19146486 308977
45248882 44492
36241367 138153
25237214 243999
26029458 235080
27199253 223415
435997 496071
14215415 359375
27802257 218470
30586499 194604
7235237 433028
24754976 249813
39761736 99816
36859812 132164
39460 499792
21097257 286704
1180432 490575
29458106 202977
29689604 201309
18216249 316815
2179812 481551
41885744 79870
9904473 406530
30685869 193539
16365316 332850
35321737 147062
16703626 329610
196405 497926
37039533 131212
9103080 413522
39397620 104074
5348736 450990
22832155 268592
36719592 133256
29493568 202520
28650642 209530
21567887 281819
39810771 99002
13490200 367801
4234785 462474
5625918 448082
30713371 193149
42508167 72908
3753740 466255
19265963 307555
3912556 465035
1370127 488802
36381356 136638
10374500 401955
38022939 120136
2846757 472976
46612047 29112
16895299 328239
663663 494747
38042202 119908
23928680 257042
36617744 134660
738720 493863
6850683 436854
40895289 88867
11825628 386652
42670496 71978
18683446 313681
39309484 106032
23129360 266684
25666827 239480
38763687 112470
34438418 156343
42384141 74173
41959936 78624
30889993 190929
35321646 147071
14591715 354180
12470545 379216
40775501 90394
38924178 110487
15499452 342641
19289784 306604
20128009 297658
36102317 139373
33666610 164369
13687973 365220
3027202 471972
33364107 167100
24733445 250740
20483007 291732
46983036 24912
24538171 252322
2749563 473904
38251734 118244
38163501 118750
15021516 347582
22051424 276407
23941810 256635
2211423 480964
8773155 415825
1393373 488205
35772106 142666
13223168 369926
4178711 462980
31272372 186799
18772047 312549
19676075 303138
33795620 163827
30050440 198518
42018550 78341
34955212 151963
21800199 279179
17638049 321174
49677151 3072
29977901 199066
32722366 173287
31623721 183792
32536045 176415
44733359 50056
9476805 410351
41985071 78575
386092 496305
22497719 271361
25855057 237564
26393315 230398
15228252 345263
35834078 142279
5240671 451712
13951989 362151
13551794 366948
21285748 284677
5798112 446967
13236578 369909
20409897 293071
14813828 351045
38835340 111555
21170197 285890
16856258 328716
16409247 332481
26164810 232594
32852642 172135
28364405 212905
17901365 319833
33114978 169071
28904820 207138
46930144 25622
13737180 364462
33179204 168904
11066731 395649
48194149 14490
5316088 451229
24947946 247000
16813906 329045
48457067 12657
43305224 65294
15139596 347034
29761117 200526
46941655 25571
42792676 70664
25026061 246432
21001113 288170
49911725 529
14155096 360693
48415158 12934
26608143 228417
7930510 426301
28906824 206921
22047999 276550
21653843 280587
31470216 185191
49185787 7091
45926496 36137
18201862 316900
10335990 402138
38375940 116745
23783281 259177
35291760 147218
29605734 201877
42763389 70984
9454119 410413
18689331 313381
17014060 327146
16642350 330386
1613015 487245
27318095 222994
47162603 23314
31099778 189318
41242757 84731
17536308 322099
25954120 236857
21376102 284069
46979381 24950
44031140 56531
31675780 183735
7978430 425607
20152821 296951
18915232 311633
16725104 329356
30705997 193284
45659273 39909
6667645 438162
26754135 227907
27564360 221047
24529773 252390
49824668 1609
29000493 206272
49372199 5768
11658591 388799
45460669 42161
13166658 370546
44933269 48271
40441652 94710
35769416 142705
34151677 159925
41131306 86011
32859082 172086
39404996 104002
18837531 311990
48914124 9199
10984269 396687
16713864 329493
44546472 51964
42371246 74206
11465872 390664
21653570 280678
7267837 432960
32160620 180137
33962905 162129
30619064 194254
6678158 437775
612690 495385
2484165 477054
19037626 309617
30197637 197067
16988267 327525
3996210 464770
27186464 223489
43339190 64403
43794183 59220
2269400 480176
37961148 120925
37979878 120251
14955631 348996
19454248 305028
41177585 85409
35894664 141440
21698644 279883
23452273 263213
42103423 77590
8656678 417750
40347121 95874
28142638 215025
20432582 292680
5499561 449700
20126359 297666
44249308 55041
26330383 231030
42098925 77667
47749090 18022
16521168 331619
21474969 282995
9093863 413664
969061 491742
49146226 7431
6664536 438295
19085035 309489
42959092 70094
49558217 4567
2255012 480446
46031267 34659
1308760 489670
9019168 414487
753037 493562
1955452 483969
6584733 439025
43414138 63789
8619732 417919
6998631 435386
8510161 418911
14335690 358030
13953823 362077
25128272 245686
16693457 329804
47524950 19959
41660033 82566
4607219 459453
38586953 114217
42962065 69660
1710715 486402
3079509 471580
24723719 250856
39461263 103076
11557931 390278
39866860 98755
10981366 396706
2251724 480516
30579418 195198
21023170 287985
33953278 162175
30187677 197221
31044701 189788
20281418 295792
279372 497319
33416389 166767
11658909 388631
27598964 220349
15929562 337009
7691379 428404
4322233 461617
3777240 466170
9785450 407488
28935213 206618
20217394 296332
5811904 446688
6076439 443385
26586728 228820
47614366 18988
15174828 346774
2178345 481589
23634691 261718
11942498 385579
6264841 442512
21369942 284084
34408204 156670
29831655 200163
28944918 206519
35022360 151149
14995509 348069
47684353 18127
340293 496621
1026008 491034
12040111 384871
40530104 93341
28655528 209476
14657264 352998
17675124 321000
8616007 418050
11153309 395015
12314761 380272
45597170 41261
31037355 189873
9229050 412331
47833598 17459
1776212 485229
22117631 274862
28903916 207219
45617018 41252
20440462 292546
16455563 332177
19626640 303501
31533107 184611
28256797 214181
10180534 404347
20027277 299915
17849852 320140
38420707 116283
23365760 264090
39854790 98783
7234370 433067
39480828 102703
49094872 7930
22822218 268694
35240077 147652
40471315 94295
28325454 213399
46962988 25198
7623941 429130
27896260 217330
20360413 294644
8491749 419275
10598969 400379
10220624 403628
48568717 11974
36673226 133905
2590526 475713
36613461 134965
8276621 421794
27951829 216487
34798693 153238
19377178 305902
20320543 294795
31928994 181759
8698929 416845
963764 491933
4442322 460799
10935294 397162
48552572 12400
13426165 368371
30751647 192040
44852921 49269
6673624 438095
46172747 33652
13689206 365196
46449905 30662
41168034 85851
18205617 316867
20488995 291729
41178191 85285
4487449 460112
20362178 294523
24431090 252828
1555829 487400
20338941 294749
47438980 21603
5970602 444712
43261130 66563
40962572 88208
30585615 194858
2471166 477102
45326007 43003
6630140 438592
38105786 119190
21002359 288086
32134295 180145
26120525 233122
13656940 365746
1690785 486515
19449029 305099
9918190 406409
5741901 447580
25115755 245888
44804087 49370
6108978 443115
12264012 381912
20359556 294660
10472961 400811
19107134 309387
33825169 163794
27598134 220723
45217896 44532
25206631 244152
33260637 168048
13656635 365849
39018252 108545
18959911 310850
37976288 120681
33146410 169015
1388291 488363
22542041 270485
18802319 312346
19689812 302834
45631808 41176
45082732 46380
16637784 330544
41728189 81769
33281089 167378
27651135 220182
37913504 121570
49780478 1976
38213901 118502
12677668 376029
25942382 236931
39269370 106694
33411244 166947
35159470 149306
44541187 52009
45913926 36378
34794320 153300
38510473 115042
27410044 222414
17800849 320198
15084731 347149
30634583 194011
2698770 474269
21690715 279964
12427873 379651
36833980 132482
45884137 36696
19298650 306412
10406850 401298
39461156 103176
30584222 194976
2967938 472239
29419953 203223
24487921 252489
6462169 440600
2545975 476338
10024960 405766
49982691 86
44648518 50648
9061256 414320
4644507 459157
33667009 164253
12286702 381596
27700146 219293
31197104 187750
43688613 61607
45878787 36810
28727664 208984
40134348 96740
32411095 177167
11178132 394527
32219008 178483
32099233 180498
33924556 162455
43991180 56617
8865999 415256
49706522 2274
25835215 237929
39745523 99840
19463599 304971
14765508 351407
12532670 377540
33011531 170017
19935795 300477
31574197 184405
3943903 464965
28502800 210814
9376499 410674
25979476 236414
32884831 171348
37583003 124737
36340902 137382
34177316 159515
2608331 475681
17283144 324435
36860394 132125
6913554 435960
5297734 451521
16585705 330691
6870885 436221
12169402 383356
33137797 169029
7829583 427178
28703896 209103
41230402 85013
20998224 288205
1762238 485469
20434764 292571
10614979 399989
28605226 209698
33395365 167033
37239923 128666
26304870 231240
40528319 93436
31094911 189524
26675089 228249
13775516 364044
21070767 287533
1983806 483860
26697820 228227
2438663 477678
47085746 23968
17989264 318907
28948819 206415
39556352 102356
23442231 263557
13733067 364560
43742438 60897
24332569 254091
15403192 343542
28914414 206870
3450862 468744
17922243 319720
5370620 450129
44407513 53208
5289218 451557
4760801 457632
41802501 80737
22396599 272328
49556582 4753
31121609 188495
37893460 121801
16714990 329380
30715766 192959
41108967 86664
30922304 190445
18549271 314727
8046903 424726
39387335 104310
41910328 79694
23586376 262109
31117616 188590
37514789 125864
14255792 359272
21479485 282969
1272630 489835
49622005 3538
43757769 60699
32704490 173503
39268324 106707
40679322 91053
41281092 84401
18682449 313870
21548428 282196
40778750 90360
37947138 121371
37667027 124204
47003961 24851
34924450 152109
40375367 95580
18254463 316518
22122688 274839
17458026 322702
49483756 5109
9362488 411226
31186080 187919
5917117 445607
16656063 330218
42013873 78350
17457022 322735
3345870 469482
18727017 313280
49697927 2803
5030373 454536
36624772 134622
35901350 141232
37465432 126603
10405209 401398
43719586 61133
40851919 89437
26184203 232159
18448914 315617
44859891 49263
48892593 9404
42830696 70514
12609206 376646
23165661 266132
21590914 281369
35840392 141971
48285804 13732
43622096 61865
36860187 132144
20978623 288294
37277976 128530
35273967 147299
12823671 374152
13784986 363974
21848519 278632
42130402 77330
16141663 335161
14661608 352904
23481976 263021
9731035 407676
28341787 212967
25043480 245987
9131751 413328
23528617 262624
34525194 155049
47361364 22259
14524381 354693
969179 491726
25257153 243909
44861231 48930
39772337 99469
9524049 409798
43663458 61655
11327595 392324
35751571 142915
28678139 209334
14973670 348314
28140136 215126
24491739 252486
46052065 34292
39040173 108333
22327226 272707
43647649 61814
45515719 41930
20019977 300046
26083304 233521
47370921 22215
16896420 328107
26463643 229688
12277441 381793
37455687 127088
14614801 353848
38596123 113784
8350787 420566
37943549 121385
23702141 260594
20021033 299929
19891922 300863
23211718 265216
1888258 484403
19815388 301991
44971756 47646
33909759 162586
9978924 405822
9648551 408413
24084673 255585
19271307 307113
10933316 397258
6865200 436247
49861448 1440
14488578 355346
44472190 52883
11878363 385817
35014502 151204
29075029 205468
14488553 355434
47064718 24389
20072493 299429
49556305 4830
15703447 340800
27837230 218197
49616067 3539
25173156 245087
21739038 279623
14223658 359317
6119796 443096
4021702 463882
33050905 169278
39518635 102399
29887881 199934
20540459 291634
47859830 17216
31105526 189065
40372219 95601
43495519 63078
3656219 466693
36714196 133265
32541925 176157
41908069 79841
21738299 279782
13801630 363404
44648142 50660
11891822 385643
13276741 369674
37290382 128351
45768563 38593
49225832 6533
39025955 108471
35386639 146419
20331482 294783
1950429 484006
22031633 277075
24969262 246921
10792865 398364
5986806 444662
16795410 329230
27817967 218327
23470794 263164
12189971 383086
5000659 454684
40285084 96137
23238536 264954
1392403 488228
2750907 473897
28489637 211541
49353600 5775
41777396 81127
34111471 160195
34255108 158277
48221141 14347
48423473 12848
5832014 446387
41173081 85675
12259441 382030
13150138 370860
10287774 402583
28152045 214817
21596580 281177
28323500 213545
20795955 289002
19381062 305800
1496220 487739
25026094 246233
34271988 157742
31412061 185764
31824013 182738
47984290 16514
22558364 270337
29639993 201706
38526876 114610
32621087 174677
30614923 194296
49931017 494
25202425 244372
34430963 156391
21388966 283839
49873309 1351
38561795 114389
40996121 87557
42244070 76096
41190956 85259
43768070 60340
31326598 186242
36676376 133740
17574101 321782
15179315 346221
38017629 120159
34560793 154576
18620385 314415
23795958 259099
2828986 473255
48729940 10540
39635989 101067
31831529 182727
23986627 256449
28703035 209192
19004224 310138
43506742 62723
9383636 410582
18180156 317146
30783090 191758
22076977 276187
46143054 33751
39401354 104039
28696797 209229
12883843 373602
1125098 490813
8774157 415783
7234160 433245
4559867 459927
31405539 185829
43781836 59705
9147042 412935
40290398 95921
2502682 476524
47273498 22572
34259993 158266
37226263 128849
36668801 134404
32790863 172640
13264401 369815
27033188 225423
41322404 84379
24548399 252317
5697157 447903
37591370 124648
43505471 62829
48178467 14656
35216367 147872
28849618 207845
49568594 4538
35608748 144333
48593738 11696
15585087 341931
13080368 372112
35677769 143869
28527139 210393
4114991 463297
2737383 474049
35797619 142449
22228921 273860
14400093 357145
44066075 56515
1921564 484247
18735366 312864
11986349 385168
49808113 1903
49316193 6066
9951920 406182
33749021 164184
28998746 206300
25278103 243569
39888809 98739
45661710 39805
13491186 367795
48806501 9829
3247221 470590
9182461 412516
28159250 214769
9354341 411399
9063170 414264
46733701 27231
30861446 191234
49902973 964
6864627 436628
45829558 37403
46433363 30928
44888677 48571
31062708 189776
39574251 101584
40195580 96706
41130488 86106
10763082 398602
