1000 1
2470619 75501
5278857 46334
670796 94419
78690 99668
2291434 77333
1086387 89535
3824471 63026
760910 93574
8895591 11671
6834903 30502
4394501 56065
2858141 72264
6990833 28449
2771382 73364
5690313 41566
6884285 29911
962405 91426
8463721 15937
4761851 52060
5235671 47342
9978000 474
6774275 30698
4006431 61504
9546672 4101
3484823 67167
3333534 68056
9433151 4836
4360042 56687
3243273 68834
1319204 87348
3054574 70848
167484 99050
3453084 67409
1910643 80185
3032744 71120
3086792 70268
6028860 38756
3781912 63495
4988504 50114
145827 99368
8318051 17497
6383322 35436
8632586 14265
1140195 89012
2673452 74204
47562 99930
8031426 20341
5336910 46006
490086 95695
3187430 69341
8397137 16665
8730758 12706
1283587 87540
9678366 3247
2390038 76692
213843 98503
164993 99066
1662266 83163
8376309 16704
4135204 59340
4722087 52645
4593583 53908
8380036 16670
6541643 33535
5738127 41016
3804176 63384
4736678 52230
7040512 27564
3863690 62666
6886149 29883
1413041 86572
4496349 54936
9208135 6403
4827786 51164
9298618 5708
6854477 30326
537258 95564
30765 99931
1784619 81472
9103675 8510
8162264 18876
2532496 75115
113106 99486
9330645 5554
5196034 47743
492053 95670
1591039 84002
4535549 54859
842865 91952
9073860 8814
9179512 7269
2114154 78607
5346337 45957
5106225 48759
1250832 88028
4167943 59215
982472 91238
1713773 83029
1037182 90090
979412 91415
8961879 10561
399944 97641
5765803 40898
6712336 31830
9148070 7766
5153335 48232
7330870 26635
4875732 50932
3689884 65261
5727579 41109
4989238 50096
3301564 68447
4700241 52971
2963222 71396
8797025 12333
6353054 35799
1214214 88579
281917 98254
3078358 70454
2544453 75080
5464887 44925
6478567 34159
9892001 1423
6159872 37618
8482567 15381
2102099 78614
4355378 56934
1481691 85413
6544398 33474
5034926 49849
3640763 65651
6259727 36541
2491002 75479
9043021 9955
8128392 20058
7087887 27337
5063324 49385
84317 99573
2757615 73602
9183971 6775
3774287 64362
3984373 61632
1729384 82275
4365135 56575
1046105 89959
3616992 66021
4013163 61201
6420698 35113
5578362 42552
6584194 33280
1850455 80713
4158893 59330
483187 96380
1970573 79543
612960 94747
430461 96811
8131242 19776
5198340 47468
2064665 79050
8046437 20341
528990 95619
5528796 43249
602134 94950
9926563 749
1582238 84019
3565070 66377
6187774 37404
1479218 85849
4210703 58916
533783 95590
3085747 70307
4320158 57430
3274315 68697
9406994 5008
4423802 55322
3637918 65726
211097 98628
8991308 10384
9325696 5556
924291 91436
6741854 30824
7153852 27094
5430360 45301
5976145 39165
9999997 78
5360997 45608
5419289 45438
3752741 64919
8372493 17073
7941426 21243
8506932 14814
5501823 43748
9021231 10236
9200194 6501
1786199 81455
7581632 23899
1375011 86801
5292451 46048
8130018 19992
8658076 13947
2784220 73158
25881 99954
1526107 85178
5468766 44849
4771918 51835
5098273 49005
1433282 86204
806081 92831
4553472 54596
590883 95074
4948266 50433
3861812 62878
5585106 42493
8708889 13317
7451846 25376
2592283 74584
9376434 5371
3538015 66701
9586353 3817
8016872 20483
5218817 47440
3696653 65231
4091248 59951
6292871 36503
1483815 85319
6537975 33575
4058466 60620
9771424 2425
7142202 27186
6972156 28759
4265144 58230
2036680 79127
9173107 7550
821868 92562
7125025 27226
2184225 78160
5733089 41087
4108444 59636
9935244 625
3604897 66107
6161007 37563
1005745 90964
1273115 87862
1254956 87903
7315194 26638
8173350 18728
717623 93800
6973206 28687
4282144 57760
4095849 59822
844784 91846
2337078 77055
4396432 55759
3908489 62530
328207 98079
7506181 24189
2291716 77247
5792141 40341
9966580 527
4071519 60402
8190732 18488
6403827 35280
2302506 77067
2531440 75222
2889007 72143
5493184 44520
3607673 66062
4055916 60768
6644086 32554
9768528 2446
8258832 17777
7148175 27140
9292291 5889
1006553 90355
5783051 40364
8165039 18828
9932244 637
9056967 9306
1620559 83875
2362797 77045
4348758 56980
9930695 732
1632795 83281
6312399 36328
3634670 65995
9779722 2330
6354380 35703
593642 94999
4395809 55773
4510393 54861
5347044 45806
8535971 14670
4565604 54452
6610996 32865
4734949 52354
3161467 69696
880337 91641
9189433 6665
3563350 66498
3511321 66957
5058540 49419
5727093 41181
2265732 77394
1083111 89750
769452 93540
1939812 80020
4871909 51010
6943897 29022
7807795 22369
2372004 76870
4383204 56480
2076077 78996
4136670 59332
4173497 59043
7847461 22215
7919723 21314
9916297 1145
4776643 51431
3863249 62778
4288857 57520
806616 92810
6386686 35324
2175129 78233
1614265 83908
3073542 70577
4696453 53138
8474753 15687
2208414 77848
6458889 34850
7413575 25932
1300632 87417
6256059 36546
7748620 22786
2771625 73162
7456785 25138
6909488 29267
3188595 69069
4436754 55160
4834877 51156
6406150 35220
4098293 59679
7926925 21267
6712645 31755
9249328 6248
6593553 33081
3224025 68869
574632 95369
4336238 57166
489013 96243
4955563 50333
7971361 20622
9144623 7824
9216595 6342
2968892 71386
999517 90996
5567468 42818
9579430 3827
2911234 72108
5413441 45521
5656650 42288
9372884 5420
5576648 42585
8121744 20106
1741832 82148
5585422 42493
4566498 54444
8119075 20151
9281409 6137
7747080 22799
4256037 58560
7035343 27880
6344166 35916
9486782 4598
66582 99922
5037834 49755
6869149 30079
1080292 89824
8709797 13205
889297 91601
8631347 14267
4011930 61282
9922301 764
2567791 74753
1256291 87895
1852010 80693
9970758 494
5470993 44582
9316675 5573
3015999 71318
5621595 42343
6192680 37107
2866018 72210
432862 96524
6521415 33600
759403 93648
7419112 25799
8008988 20597
426532 97105
8251704 17794
5868040 39470
7425492 25783
4297478 57447
8557095 14575
3429410 67665
587561 95325
8952599 11200
5775674 40558
3569972 66199
2646311 74232
8198827 18363
1334654 87313
4050576 60829
9044504 9704
2495846 75245
399458 97717
5461927 44945
2830777 72493
5182567 48176
6126012 38018
8191341 18473
294131 98150
8498835 15259
1426220 86501
5803484 40277
5762877 40987
1864949 80529
3332197 68201
6610432 33005
5123755 48291
2713033 74077
7069300 27454
7106785 27333
1742138 82038
4595613 53618
4554434 54514
1842941 80848
4626103 53444
9285131 6112
4942649 50469
3320296 68326
4633291 53208
5047522 49686
9138300 8168
1968362 79559
3430636 67449
4278105 57908
193463 98710
73972 99763
3676782 65550
7107536 27310
4917993 50703
7066650 27480
8367243 17075
1008846 90190
1927843 80097
1232712 88315
3733090 64963
8469887 15910
4702411 52755
1304060 87414
5107809 48611
4372209 56563
6513013 33640
2732715 74049
390766 97782
4606329 53591
7674875 23067
9535051 4350
1976172 79260
9156485 7569
2950673 71869
3176202 69484
3642609 65596
3152501 69925
3499272 67125
9352111 5461
5198188 47507
4798708 51349
1564078 84344
8983760 10503
5830479 40268
7482565 24819
8483446 15306
6590329 33135
7339389 26484
7481188 24864
5430011 45430
9395122 5262
6619519 32684
8790029 12482
5528703 43375
8954895 10878
3618813 65995
4800147 51301
281006 98325
6306414 36431
2736899 74023
5255680 46984
3101025 70196
3797745 63411
3026827 71296
2807358 72754
9742810 2808
9896014 1366
1615822 83887
6489983 33976
5092422 49066
4306778 57432
7955143 20936
3384830 67760
8554380 14632
9864846 1846
9068796 8881
4389918 56414
1780724 81992
5325176 46009
2076578 78957
113466 99401
825034 92480
9196882 6538
9727747 2951
8951863 11414
7820844 22344
2095589 78776
241034 98464
5713807 41516
5258613 46591
8706707 13374
8157596 19653
7013137 28024
1348845 86895
4244283 58643
1623651 83676
2824260 72540
710172 94027
4897013 50789
5693955 41548
1671276 83147
7314922 26777
6493777 33652
2739325 73669
1335702 87147
5895792 39450
1108734 89188
6812200 30539
3235917 68862
5724921 41326
9667670 3376
9948914 606
4012481 61262
5253349 47093
7000196 28218
4038630 60876
7109184 27295
817013 92733
5498227 43961
8226981 17971
8201606 18222
9998941 105
9986018 184
4326184 57239
2624427 74485
3772184 64451
8213028 17977
831850 92195
8313243 17506
7825779 22335
3963673 61901
4964354 50306
6739817 30858
5114064 48509
7633371 23559
3936487 62527
5849529 40138
7597680 23871
1254394 87946
1839213 81219
8312555 17519
4962023 50315
1352221 86805
1552575 84655
9259654 6161
7313648 26790
5290409 46163
1726365 83015
1811402 81229
8957029 10752
1374825 86803
2341114 77048
523559 95643
9905788 1229
6384802 35403
9780795 2192
4060643 60471
7420856 25798
1846587 80738
778176 93352
5465626 44894
818861 92669
1785965 81457
3425176 67679
1432682 86235
3082587 70357
4991971 50016
9209839 6366
6188669 37277
625854 94688
6668127 32404
3249622 68826
2534574 75095
3779401 63715
5522858 43521
6356804 35593
1104106 89401
7150886 27122
8437787 16468
1469970 85865
7867080 21635
4079590 60069
8446910 16285
9545784 4261
2167506 78399
5049299 49520
9595441 3758
9136846 8182
6555812 33360
3114958 70131
9536550 4336
8821882 12099
1561834 84415
7970326 20731
9954499 586
8115782 20193
5084139 49205
8340850 17246
3458841 67357
3030784 71267
6642750 32589
2375532 76783
3506864 67074
5450250 45047
9859635 2019
4324328 57357
6685959 32109
714592 94015
3599198 66112
7556917 24054
8500023 15173
9752647 2681
7115090 27268
2606207 74528
1284368 87506
6362785 35479
5850599 39978
1407526 86630
4399447 55678
4560069 54487
3854979 62881
8698823 13430
5938327 39331
9884679 1586
385705 97805
8948094 11611
4578903 54379
7474059 24870
6243740 36603
1687995 83106
9180709 6885
3043995 71049
6062528 38392
2413776 76425
4128386 59449
3568359 66323
7763049 22624
9906253 1223
6887340 29275
5500632 43862
379920 97923
3160769 69760
5649319 42299
6423612 34868
603268 94832
3333170 68153
9760728 2537
5152292 48252
8158770 19027
2803307 73067
3582150 66146
3712949 65181
3662735 65555
4411558 55636
1841860 80926
803669 93022
7414493 25848
9546434 4146
8687721 13494
2676395 74119
6100611 38232
6155652 37773
9685645 3041
3470814 67185
3693374 65252
1237807 88173
872267 91822
8306085 17543
1805458 81306
1064231 89913
721392 93774
9572290 3874
9865636 1705
290979 98155
3158398 69838
4773826 51464
9749197 2768
9031550 10174
9984427 314
5575897 42781
1943836 79992
4087404 59991
8020772 20445
2808537 72599
5244277 47245
1174996 88954
2878587 72153
1581821 84100
5259090 46514
3322492 68311
3071694 70603
3326878 68285
8266287 17567
441968 96505
6859363 30184
8448298 16102
9419567 4868
4269727 58163
6929473 29127
2417111 76091
5106428 48615
413465 97274
9683436 3139
8959799 10698
7895904 21515
1136270 89021
6026703 38759
266125 98335
7965301 20844
6182439 37554
6664134 32442
9107324 8491
8246617 17837
1230262 88560
9966089 569
4090685 59980
4427567 55272
5380725 45551
866964 91838
1781581 81714
1816372 81226
8860032 11753
7128791 27193
8050047 20312
9054479 9316
2084532 78890
3808313 63270
710144 94050
6423282 34920
1906076 80378
5143272 48283
7621588 23721
6716199 31192
8798522 12274
9403754 5233
6324628 35980
1379040 86725
9131067 8359
8455633 16047
5685935 41684
379556 98043
2100967 78644
8405489 16549
6573769 33310
8336945 17405
7178732 27000
5994468 39115
8994800 10240
9980629 363
5087620 49200
8340954 17110
9664600 3585
3162749 69486
7389699 26316
5075762 49268
7432504 25617
531980 95609
4167546 59219
1121093 89133
8794095 12407
1572665 84188
4385106 56437
7703848 22898
5929110 39361
1089828 89501
4289589 57510
2046179 79113
9635215 3692
177680 98764
6792714 30657
2468559 76006
3884588 62562
5501379 43812
8747694 12627
9044840 9579
4421043 55502
7866980 21690
6077280 38272
7850439 22103
6302844 36461
7667597 23106
8852130 11855
5518008 43679
3555060 66522
1496926 85283
1600434 83964
5039220 49700
5865722 39649
5862549 39948
3053187 70870
9136163 8207
3753027 64884
7849103 22210
9044977 9455
9511060 4398
9891533 1516
3846071 63003
7682296 22943
171758 98897
3354655 67862
5559591 42838
2199927 78118
7041447 27551
6958175 28874
5259291 46346
6117338 38141
8738436 12683
8189268 18524
6139719 37810
2915642 72048
6476896 34827
1245844 88114
3689255 65439
4009531 61311
3745584 64950
8776515 12561
6698332 31855
1786217 81408
8479499 15600
9724371 3017
5979329 39148
6051448 38645
7436653 25617
409970 97365
2769556 73469
7461234 24966
7370586 26375
6016464 38823
6314633 35991
8833532 11988
173368 98891
7310629 26865
2454117 76023
5018439 50007
6594688 33026
4623529 53514
1845792 80807
3617889 66019
6005566 39097
8657470 14142
4810481 51234
6200965 36677
339315 98054
3716827 65154
7887839 21565
9308382 5667
9918360 785
4889086 50844
642179 94424
1537468 84913
4711252 52654
2737379 73722
8470541 15826
7636577 23537
482416 96450
4076455 60281
426300 97205
4359106 56735
7697432 22905
8710286 13187
1189505 88818
7003778 28148
1447976 85934
6138054 37988
4741819 52182
9776383 2405
96164 99558
3142041 70048
1429230 86468
1775747 82016
5947032 39319
147926 99111
5490597 44553
2549395 75020
2589559 74743
1550719 84690
9492137 4598
3202967 69051
5716795 41414
3775214 63929
7605412 23751
1192427 88629
3045260 71028
792378 93053
1189989 88657
8738909 12654
5103035 48923
2114260 78581
1250562 88111
7339325 26539
3111559 70132
4036466 60885
1308651 87361
5435739 45167
4611450 53552
2704608 74115
9154281 7662
2555249 74976
8898053 11645
7426003 25722
3047607 70899
5323656 46022
5973806 39210
7796613 22509
2768136 73576
604671 94818
9730654 2919
8303276 17566
6521011 33635
9025008 10198
4120818 59521
5439617 45159
8334215 17427
4477858 55067
1962282 79846
6767339 30724
6965027 28814
1852438 80535
7902981 21445
2294592 77170
3064932 70663
6416501 35208
7555728 24139
1085925 89749
1433295 86034
6684314 32240
8398301 16643
3363606 67837
4466866 55116
5774464 40631
4048114 60839
8563500 14459
1630193 83387
5303514 46025
5494646 44434
2840651 72395
5076065 49227
1982759 79199
1146726 89006
989437 91187
3791210 63447
1974192 79323
2244911 77646
2632775 74468
9038347 10145
708917 94384
7486735 24640
1628192 83675
881501 91634
3961170 62409
4398372 55682
1466127 85883
8595598 14301
6309425 36384
6061483 38509
5714975 41506
2364243 76945
7557017 23968
2806078 72810
7907967 21438
4342685 57071
1416698 86504
4230648 58908
