100 1
876072 3176
241461 6433
431421 5632
183775 9113
527342 3765
612684 1270
300856 5317
617065 5420
848994 7385
514276 8287
30975 7923
991199 5179
756703 6669
679149 1402
953595 9060
221 9548
5795 8237
548716 8512
873294 8261
582815 1471
450923 9846
611292 8582
232060 9436
311693 5186
717396 8306
744902 5390
638732 8229
308404 9836
470112 9070
6912 8157
638850 8185
297688 9538
202862 8315
295115 5363
439212 9872
396042 3694
439617 3225
325856 5016
524027 7297
728078 618
771112 547
396112 3682
655476 728
298875 8165
54828 6887
375432 3860
971585 8041
147440 9719
227238 5978
169884 6971
947309 289
483827 2262
324353 5096
161286 9748
574187 1632
808969 9867
833922 376
426090 3296
480211 7793
915438 6489
409679 4524
652095 8972
485214 5330
711253 672
14133 7997
703099 3939
507964 2048
351332 4342
881590 6314
215173 7069
74606 6382
432324 3267
251437 5741
742948 582
389836 8680
240955 5741
621977 1152
993983 8444
687513 719
937937 1161
512640 6810
14718 7997
855535 374
636568 8975
201060 6113
980399 213
407805 3645
893484 306
935607 1255
897294 8065
963897 5441
755650 2563
743787 8594
181135 6365
447732 9993
734229 2345
516732 1684
999963 500
47856 7608
283802 5629
