100 82
986881 1624
549782 1624
23978 1624
290794 1624
425119 1624
26545 1624
453587 1624
846655 1624
564989 1624
980093 1624
652362 1624
403298 1624
300809 1624
461936 1624
509442 1624
373136 1624
907065 1624
208174 1624
321190 1624
808542 1624
440407 1624
707558 1624
62009 1624
79754 1624
735266 1624
165628 1624
727461 1624
482898 1624
185975 1624
619698 1624
481647 1624
752212 1624
681574 1624
618814 1624
678869 1624
771365 1624
958839 1624
577515 1624
217211 1624
817326 1624
407601 1624
400839 1624
374773 1624
529333 1624
866888 1624
406343 1624
806141 1624
771035 1624
168845 1624
856078 1624
275501 1624
961046 1624
726711 1624
554444 1624
378806 1624
115580 1624
169449 1624
31652 1624
357189 1624
542669 1624
167323 1624
940197 1624
567627 1624
723954 1624
792485 1624
473512 1624
516221 1624
815126 1624
921794 1624
377026 1624
610783 1624
925600 1624
234334 1624
448397 1624
349453 1624
57720 1624
764693 1624
847147 1624
395169 1624
431318 1624
929879 1624
122279 1624
259496 1624
723146 1624
100058 1624
440736 1624
322228 1624
357997 1624
488254 1624
649291 1624
947552 1624
664887 1624
918006 1624
160254 1624
297510 1624
160178 1624
250556 1624
810732 1442
144029 1624
647437 1624
