1000 56
4690727 34579
1145837 34579
4182903 34579
1048446 34579
5423962 34579
7965137 34579
9574823 34579
1803107 34579
1112303 34579
2468828 34579
8084187 34579
2678231 34579
4246322 34579
5507188 34579
6158617 34579
7759074 34579
2598492 34579
7908402 34579
8823015 34579
2847011 34579
679096 34579
8180856 34579
9312648 34579
4524215 34579
9360618 55544
8220367 34579
8605757 34579
8121283 34579
4847733 34579
3622606 34579
6916326 34579
5270008 34579
5829067 34579
4320898 34579
2863039 34579
6558430 34579
3931312 34579
4691068 34579
7064643 34579
9193619 34579
3662206 34579
7375931 34579
6924774 34579
8374935 34579
5734319 34579
8347094 34579
829010 34579
3248688 34579
9370093 34579
3879106 34579
3764737 34579
3901533 34579
1019258 34579
2114251 34579
9646989 34579
8218706 34579
48019 34579
1651777 34579
8405737 34579
1767921 34579
4693319 34579
4044813 34579
7158452 34579
6085429 34579
4988626 34579
4766067 34579
7718494 34579
2081204 34579
3445057 34579
7459514 34579
1546230 34579
1452176 34579
3157062 34579
5385433 34579
9270410 34579
2586798 34579
2878943 34579
6928692 34579
5440559 34579
949864 34579
7195058 34579
499888 34579
2687614 34579
9216114 34579
5727759 34579
2907687 34579
2625927 34579
5076608 34579
1124807 34579
2680165 34579
4787230 34579
4135774 34579
6622364 34579
5910006 34579
2753120 34579
9298517 34579
5890354 34579
2261076 34579
1130894 34579
8177934 34579
2154626 34579
9925804 34579
5787238 34579
3366033 34579
2214084 34579
3355586 34579
9236280 34579
5051152 34579
7894479 34579
7640468 34579
8119481 34579
5282257 34579
1585243 34579
2192265 34579
7389591 34579
1577593 34579
7675702 34579
3125542 34579
6911080 34579
9784515 34579
5742209 34579
4174514 34579
8796147 34579
4933851 34579
7518777 34579
8489168 34579
2688467 34579
7421724 34579
3657134 34579
6931201 34579
5112589 34579
7310172 34579
9877561 34579
2588484 34579
8964621 34579
9132593 34579
9433744 34579
1990010 34579
9697460 34579
1964794 34579
8521813 34579
7682282 34579
6188930 34579
4943411 34579
8109429 34579
9196255 34579
9209181 34579
367559 34579
5173975 34579
6361138 34579
2280646 34579
2900796 34579
7578217 34579
5942002 34579
9043795 34579
2974292 34579
4521306 34579
4998187 34579
8270250 34579
6000969 34579
5864979 34579
9862169 34579
6877175 34579
8814913 34579
7367719 34579
6876606 34579
6721442 34579
9814030 34579
2417395 34579
5878641 34579
2534632 34579
231146 34579
7629827 34579
6399852 34579
7443572 34579
125315 34579
710438 34579
5187878 34579
4256617 34579
3613537 34579
9023339 34579
5077135 34579
8040402 34579
39420 34579
9031705 34579
3634212 34579
5907399 34579
8125287 34579
5797515 34579
4004220 34579
9577871 34579
4850452 34579
8256120 34579
2858826 34579
594117 34579
2686751 34579
3560519 34579
2886581 34579
5590875 34579
8974897 34579
4718662 34579
9761354 34579
5099772 34579
9419051 34579
1426982 34579
5835725 34579
1803914 34579
8094005 34579
7439561 34579
1872473 34579
7123812 34579
1081126 34579
772669 34579
6918376 34579
1075453 34579
7209264 34579
5020788 34579
9979693 34579
6549222 34579
7127193 34579
6173721 34579
9259829 34579
2051234 34579
1152253 34579
650025 34579
7938299 34579
4293073 34579
41848 34579
9361199 34579
4763055 34579
1176419 34579
4315469 34579
6458207 34579
3511500 34579
135964 34579
4801934 34579
8987888 34579
7640840 34579
2451502 34579
11652 34579
2929073 34579
59791 34579
4975407 34579
3911634 34579
4049441 34579
100093 34579
1504087 34579
1760852 34579
7701083 34579
8507744 34579
9155324 34579
9581180 34579
341951 34579
8208660 34579
6537441 34579
420122 34579
5258609 34579
3103014 34579
9362095 34579
8692141 34579
4650395 34579
8654689 34579
8371188 34579
282653 34579
2070723 34579
2274682 34579
6961568 34579
2834522 34579
9846268 34579
4266628 34579
4135484 34579
3521583 34579
6685268 34579
3596683 34579
9365275 34579
4384650 34579
3885026 34579
5493292 34579
3942574 34579
3328662 34579
1416504 34579
9876833 34579
7615417 34579
6987125 34579
8287599 34579
9034165 34579
7544805 34579
2441128 34579
8151823 34579
1209760 34579
7992515 34579
7317226 34579
7343545 34579
6405241 34579
6736628 34579
8336137 34579
4127922 34579
3194501 34579
9730377 34579
3267380 34579
7996248 34579
3088852 34579
1004144 34579
2820579 34579
2125706 34579
790520 34579
1375318 34579
5089418 34579
103198 34579
204758 34579
850778 34579
2424903 34579
8215882 34579
1556766 34579
3900198 34579
2767139 34579
2657509 34579
6709528 34579
1718022 34579
2762577 34579
9117956 34579
3488585 34579
7002742 34579
1916991 34579
1455740 34579
2130837 34579
166646 34579
7581254 34579
4722911 34579
1608843 34579
4362402 34579
1907505 34579
2881670 34579
1319275 34579
6026955 34579
2022556 34579
1456231 34579
6714678 34579
4067388 34579
531814 34579
1544827 34579
3912925 34579
7563104 34579
363451 34579
5429136 34579
8684915 34579
4684727 34579
6508720 34579
3849232 34579
9079969 34579
6291429 34579
3520852 34579
442649 34579
4523299 34579
6224504 34579
52122 34579
6076702 34579
1533426 34579
676485 34579
7553739 34579
7705066 34579
2943340 34579
8582224 34579
3748348 34579
9580958 34579
7348850 34579
4092780 34579
7226617 34579
323328 34579
8492924 34579
5497915 34579
7409556 34579
8028488 34579
1969429 34579
8577546 34579
4393206 34579
9483768 34579
1115282 34579
449401 34579
999935 34579
560772 34579
8292180 34579
9048032 34579
6520379 34579
6016190 34579
8877690 34579
5770482 34579
7980700 34579
7905438 34579
5501634 34579
405248 34579
6500888 34579
500175 34579
7711742 34579
4093257 34579
4333715 34579
8966045 34579
1114643 34579
4545697 34579
769510 34579
8189892 34579
5756575 34579
4042748 34579
4317032 34579
4852737 34579
8837589 34579
8549013 34579
1600476 34579
8062454 34579
7657524 34579
1505866 34579
3323884 34579
4103493 34579
8295280 34579
521690 34579
3817741 34579
2153238 34579
6180199 34579
7221988 34579
527855 34579
3967674 34579
8918002 34579
2544845 34579
7333642 34579
6999176 34579
8792240 34579
7629820 34579
7879678 34579
2416976 34579
736948 34579
5814244 34579
6544557 34579
4773007 34579
7310732 34579
3860883 34579
6905446 34579
8183808 34579
9236645 34579
5635107 34579
9381033 34579
9090889 34579
3990083 34579
5207697 34579
2457777 34579
9217982 34579
2111146 34579
3639398 34579
5688860 34579
6891369 34579
9095770 34579
4763147 34579
1376744 34579
4657660 34579
4923860 34579
8369154 34579
1266715 34579
3920658 34579
5530973 34579
8112892 34579
6043069 34579
325334 34579
4332980 34579
3410560 34579
1065729 34579
6661532 34579
9887411 34579
8087869 34579
5626665 34579
753604 34579
9612425 34579
4869360 34579
1936567 34579
7932990 34579
4040204 34579
5457600 34579
6120931 34579
8473068 34579
998310 34579
8374250 34579
7441218 34579
5096335 34579
1977331 34579
585687 34579
7862911 34579
6494477 34579
7451152 34579
5412289 34579
2468761 34579
9194583 34579
5558139 34579
3083698 34579
4453079 34579
4338442 34579
7720220 34579
6678258 34579
4587396 34579
2669816 34579
4550545 34579
625013 34579
3120506 34579
4639780 34579
767262 34579
444058 34579
8542737 34579
9707397 34579
2123784 34579
3817956 34579
9945005 34579
9303515 34579
5453236 34579
3730164 34579
4321122 34579
95720 34579
4214472 34579
4433011 34579
9969778 34579
6287792 34579
6591411 34579
8445523 34579
9498895 34579
3995136 34579
4963563 34579
8459523 34579
8607040 34579
2250014 34579
9116355 34579
8590389 34579
5002067 34579
8011476 34579
9039865 34579
9934636 34579
1603752 34579
832860 34579
7236663 34579
7460333 34579
7498953 34579
9051926 34579
4522914 34579
9875847 34579
3709780 34579
1755477 34579
4207661 34579
9516747 34579
4410860 34579
4323161 34579
287426 34579
1329071 34579
5232323 34579
4632009 34579
8298908 34579
848976 34579
315855 34579
8606006 34579
5019368 34579
2560213 34579
8791313 34579
9266252 34579
2170457 34579
4857329 34579
2271507 34579
6435780 34579
2897588 34579
7186039 34579
2012374 34579
5226069 34579
5697836 34579
1417212 34579
9299244 34579
8532147 34579
198121 34579
334490 34579
9346999 34579
267207 34579
2695251 34579
435346 34579
405375 34579
835135 34579
5843999 34579
6202381 34579
6339052 34579
8114622 34579
4008011 34579
1727528 34579
6532488 34579
3934704 34579
6340508 34579
598521 34579
9045041 34579
8929626 34579
7698070 34579
3467405 34579
9378718 34579
2763081 34579
698035 34579
2049047 34579
9749851 34579
1351258 34579
1732601 34579
5661681 34579
6567021 34579
3745925 34579
5558153 34579
3506239 34579
6549316 34579
7431802 34579
2065346 34579
7456973 34579
6694415 34579
8353443 34579
4106471 34579
6970875 34579
8808786 34579
3719977 34579
4670586 34579
7438589 34579
3698813 34579
6954445 34579
6140405 34579
6544133 34579
5292568 34579
7523129 34579
771000 34579
1997457 34579
1847040 34579
1607210 34579
3197012 34579
3445376 34579
210735 34579
2251623 34579
4402355 34579
2441367 34579
9265273 34579
9381031 34579
1329702 34579
9098780 34579
337181 34579
4527663 34579
5918068 34579
3366291 34579
1334307 34579
3873980 34579
3924545 34579
2701409 34579
9657503 34579
4706513 34579
2061626 34579
360345 34579
3090708 34579
299756 34579
2730768 34579
7409718 34579
458464 34579
2535299 34579
9233790 34579
4457084 34579
7022369 34579
186317 34579
6892531 34579
3895728 34579
2586889 34579
6282892 34579
7218614 34579
7202587 34579
6648777 34579
5748383 34579
4224353 34579
4546968 34579
9002744 34579
6145867 34579
9941895 34579
6204843 34579
9519288 34579
7311074 34579
7473314 34579
9826111 34579
7002489 34579
135378 34579
2140448 34579
1616040 34579
6029668 34579
8167671 34579
508877 34579
2902625 34579
2459581 34579
8514722 34579
7686986 34579
7895176 34579
4899788 34579
5909268 34579
3837622 34579
8029860 34579
4982104 34579
9908753 34579
918495 34579
2757916 34579
2777521 34579
1314188 34579
7879467 34579
4812914 34579
3439164 34579
5637922 34579
8080970 34579
7488674 34579
5697453 34579
2456878 34579
5841039 34579
2309909 34579
7491738 34579
9313812 34579
1629181 34579
3138130 34579
6232688 34579
3422370 34579
7915446 34579
7560548 34579
2344072 34579
6339311 34579
4268565 34579
8586995 34579
8742059 34579
2291195 34579
6545325 34579
1794941 34579
1112192 34579
8346949 34579
1250312 34579
1185604 34579
4875335 34579
7977794 34579
2545414 34579
2279361 34579
1199807 34579
239943 34579
923778 34579
9347411 34579
4503177 34579
685747 34579
8306337 34579
8306265 34579
2724242 34579
9069245 34579
5081268 34579
5557777 34579
1345724 34579
5575261 34579
1557551 34579
95795 34579
4925401 34579
1903369 34579
2060256 34579
7656406 34579
2086785 34579
1468987 34579
5231616 34579
8726718 34579
7262226 34579
4883258 34579
3329951 34579
7301577 34579
6602397 34579
6257090 34579
1472464 34579
3464863 34579
7723750 34579
8236664 34579
6412868 34579
9760115 34579
9970452 34579
1012855 34579
5730565 34579
6830831 34579
3270365 34579
1009522 34579
4635330 34579
4859677 34579
209082 34579
9802268 34579
4786202 34579
9963815 34579
839755 34579
5138182 34579
8583586 34579
6410291 34579
1316177 34579
9686819 34579
4261125 34579
786216 34579
5490047 34579
235443 34579
6637892 34579
9043513 34579
1260981 34579
8021385 34579
7026816 34579
5453721 34579
2703406 34579
683403 34579
5641245 34579
3947471 34579
9183481 34579
6534153 34579
7348158 34579
4956346 34579
4497103 34579
1551553 34579
465696 34579
8034412 34579
1634589 34579
2310562 34579
1634174 34579
7307024 34579
7491442 34579
4049182 34579
7432 34579
2733342 34579
5019586 34579
5939191 34579
7111959 34579
2247108 34579
749827 34579
5212459 34579
7522887 34579
7544706 34579
296292 34579
6439187 34579
1361167 34579
9642633 34579
9398421 34579
360327 34579
6875885 34579
9761140 34579
5976424 34579
8316360 34579
5179060 34579
1384997 34579
361480 34579
5720714 34579
2470438 34579
5958586 34579
1422868 34579
1287548 34579
6395956 34579
6230508 34579
2761367 34579
7377679 34579
1637240 34579
7429658 34579
4172323 34579
1827812 34579
1407993 34579
8624393 34579
1101002 34579
9105483 34579
9464890 34579
5708637 34579
4476187 34579
6263018 34579
8213675 34579
1554235 34579
7338592 34579
7371 34579
485607 34579
388609 34579
2737340 34579
7854584 34579
8975209 34579
363097 34579
4634449 34579
7788099 34579
4600205 34579
4108143 34579
512295 34579
6943893 34579
6996789 34579
8529393 34579
5102464 34579
1616138 34579
9789648 34579
2335218 34579
8992996 34579
7234204 34579
2180859 34579
8871366 34579
6038256 34579
8277512 34579
5091905 34579
7544960 34579
8990111 34579
6742796 34579
1239223 34579
163800 34579
6167667 34579
5215932 34579
5255269 34579
8360615 34579
680529 34579
2875059 34579
3484148 34579
1486328 34579
8305476 34579
2061028 34579
6461440 34579
4996668 34579
4583843 34579
5179635 34579
215296 34579
5068925 34579
1812588 34579
7917675 34579
9506192 34579
7641911 34579
8177737 34579
2769399 34579
1226654 34579
4386570 34579
9063705 34579
3855171 34579
1164467 34579
7686603 34579
5105414 34579
4864528 34579
8436977 34579
827154 34579
6227588 34579
5219390 34579
114766 34579
8970280 34579
4915096 34579
3107517 34579
99233 34579
2061347 34579
6896991 34579
4448700 34579
7847848 34579
9996791 34579
1952834 34579
8812307 34579
9166161 34579
7302653 34579
789499 34579
4386256 34579
8282687 34579
9067785 34579
2046646 34579
1296717 34579
839566 34579
4197582 34579
6801157 34579
9839213 34579
8097881 34579
6193354 34579
6789529 34579
5411752 34579
8986419 34579
7582011 34579
1068860 34579
9364575 34579
5729536 34579
8410371 34579
4280740 34579
3786684 34579
3048487 34579
4581719 34579
1253640 34579
4246101 34579
5030290 34579
7768585 34579
4847748 34579
7140214 34579
2971235 34579
8638212 34579
5926602 34579
7977584 34579
3947273 34579
4976553 34579
5690612 34579
3664436 34579
568126 34579
7374863 34579
1756812 34579
3452139 34579
3630137 34579
7602907 34579
9272183 34579
6422054 34579
4564320 34579
9808476 34579
37991 34579
1665459 34579
7281662 34579
9091484 34579
3052396 34579
1734071 34579
4323520 34579
7379722 34579
7687878 34579
1898760 34579
2928400 34579
5035604 34579
4596320 34579
