2000 10000
10755832 91999
14325010 58192
17528370 24812
5379262 146305
6558051 135063
432846 193475
9773653 101779
8617805 112464
8079014 118959
18579001 14361
16191156 39229
8710836 111954
19289015 8436
14106463 59568
5311421 146709
13243342 65812
15799804 44357
11826373 80825
4327463 156256
703265 190540
11183033 88222
16522894 36346
18643852 13675
3132829 168792
9810859 101377
2267908 176524
15503279 46900
15231130 49734
15879443 42936
18274517 17061
2705241 172871
4555507 153967
5934541 141555
6007698 140867
1508803 183488
15808548 44333
19700359 2972
1768382 180587
2799697 171726
4849383 150532
8300690 116041
8174847 118092
12126615 78408
11374005 87212
6983940 129621
11591440 83743
8661133 112185
16682045 33647
6339706 137473
10242666 97385
8505641 114428
12804487 70290
2271520 176504
13742683 62212
17539967 24747
18133617 18950
3619910 164250
15234982 49711
14586091 55400
4468168 155621
3126422 169028
18911311 11274
13062700 66878
5488101 145745
13811029 61398
12892783 69703
6926734 130412
185340 197849
11002644 89917
12321930 76566
1936002 179311
16601797 34584
2664623 173182
13430203 64606
15556021 46606
13820248 61336
11700031 81832
5685681 143745
704037 190511
16842619 31640
11625578 83146
12454201 75420
5341747 146661
19383282 6126
9970080 99988
1853286 180297
7251464 127238
3156487 168623
893144 188594
15901194 42443
17681837 23192
6408426 136767
786439 189257
18656091 13417
12767833 71152
18188056 18535
15267990 49225
1053743 188291
4625500 153030
572201 191553
2314441 175839
6881170 130931
762655 189863
3033097 170278
7568758 124290
2294528 176185
11871034 80512
15798991 44364
15123236 50423
14587664 55325
11022563 89728
5089012 149006
5759464 142642
1282683 187012
3382336 166464
16831844 32354
14673568 54149
9044220 108748
12730429 71335
4526395 154525
8119353 118707
14362980 57161
3703339 162492
13798705 61515
12817942 70164
5683148 143938
15038777 51307
11548029 84002
11990005 79519
8674407 112123
12750612 71177
4210755 157832
16959966 31118
19843105 1903
4516267 154580
501628 192376
19370885 6457
2996408 170504
9978725 99750
19655781 3241
121404 198526
13116507 66240
12461470 75229
12031572 79203
7536031 124363
6468400 136082
992609 188395
18651462 13616
6288812 137883
11485113 84472
11786574 81544
3342572 166897
15984782 41642
11963513 80171
9974276 99922
2379912 175429
13721197 62429
16696422 33470
1514975 183312
12847923 70026
18115990 19037
2949694 170930
13757995 62211
15785132 44385
1237563 187327
16048195 40994
2669348 173106
18517152 15763
2449461 174323
17392741 26968
15303429 48638
284675 196053
9679117 102386
16301777 38272
6386521 137064
6566254 135063
19276571 8723
9490464 103741
19836375 2169
5804300 142495
16619029 34564
1758226 180655
15828668 44327
1457966 183990
7597412 123855
9246544 107001
19074514 9803
13856007 61085
18167834 18611
5365955 146600
881219 188767
16983432 30804
8667056 112132
4246347 157697
10569766 94246
14602763 54831
7320067 126333
9192273 107747
5693165 143631
7096044 128701
11455450 85825
14861818 51806
281615 196067
12071349 78530
7205695 127707
9371981 104828
3467207 166110
10958063 90915
2727553 172583
17466930 26294
5937603 141383
6867330 131269
8243618 117046
11964675 80147
2720000 172709
9251774 106955
17116174 29784
17511937 25337
5267849 147312
2519469 174080
7671380 123007
15916080 42072
18496814 15963
14179385 59138
1991134 178765
3377843 166609
12272342 77031
13355983 65226
4514939 154654
19356573 6970
8536575 114118
3102440 169256
9682672 102197
13401840 64747
14595091 54976
4183583 158283
6320462 137794
14673815 54133
17992855 20757
17815855 21919
1407421 184855
6834285 131878
12011319 79476
9577586 102723
7826592 121918
1924640 179727
7994817 120098
4448921 155698
16878517 31313
8251975 116979
8922283 109839
12698713 71683
9619316 102626
6097321 139748
10179727 97919
8434486 114893
19320156 7325
16996314 30433
4316569 156618
19619392 3668
10502497 94768
344586 194375
1483430 183605
7765849 122273
19472014 5470
15462859 47108
13017155 67497
19853881 1782
17145995 29453
10996271 90207
3898736 160510
7044520 129176
129857 198381
527121 192179
10959546 90738
9197958 107694
12411181 75951
9547850 103385
749428 189943
7888749 121456
9177190 107944
15645639 45747
11821992 81315
10815743 91850
16290999 38440
18268483 17298
14810626 52252
15702069 44979
842134 189076
14758547 52892
12308134 76757
4466983 155658
1616195 182288
566803 191765
3869738 160524
12994433 67601
4259126 157522
12430883 75848
13910655 60611
5533921 144973
6970095 129803
15876408 43013
104888 198626
15956403 41774
7578461 123895
19409994 5899
1354223 185794
6575554 134881
16205791 39178
5786624 142606
19192735 8888
15072488 51215
451287 193089
16376283 37521
3742968 162231
14115994 59275
5241031 147468
9989569 99501
1356401 185575
7106239 128648
7931403 120606
17202156 29007
12207951 77340
213022 197346
7640844 123451
2414064 174682
8004473 119785
13968571 59854
7575374 123898
10426361 95105
3732632 162378
1639013 181734
3669595 163581
8529443 114272
15141579 50259
9202974 107189
14586594 55363
12722321 71357
6951639 130346
11465098 85564
6852137 131581
5611766 144451
3474615 166012
18953573 11098
18197981 18335
667391 190873
12548490 74299
15072977 51157
6623105 134005
11381085 86513
12039369 79084
18734539 12386
10334594 95862
10941509 91413
2667906 173124
10404728 95476
8764700 111495
8010145 119525
15670300 45322
13600384 63762
16563148 35167
7372592 125651
6182670 139278
18429270 16321
3868370 160768
4615722 153223
4468614 155583
2213867 177537
5262076 147387
5159064 148709
14663345 54172
18810234 11868
15570718 46292
11060563 89620
8187163 117863
17958121 21122
4591373 153402
10038933 99037
4029551 159791
12627938 73142
6666025 133900
14539752 55756
3697828 162692
6491474 135371
4681646 152598
1742580 180880
18367981 16809
11067398 89471
19882357 1335
1511664 183445
19059516 10024
6167911 139527
9908163 100712
4143080 158671
18559267 14994
3081633 169401
626309 191069
9338396 105666
18682350 13046
9648337 102413
10922873 91593
16194912 39178
16427990 37372
8368992 115422
7321966 126008
3526685 165459
11259459 87694
4371193 155991
15995947 41470
4098396 159195
8167989 118253
9179540 107799
1915542 179840
19360336 6793
13798919 61408
8910758 110071
17547488 24509
7413396 125211
15104251 50616
6723211 132642
9171794 107951
17466450 26324
10552825 94266
9737112 102120
8438667 114703
7445114 125134
15765772 44513
40138 199290
7040109 129319
19037991 10215
14938613 51500
16439943 37197
19890915 943
16917103 31214
1319061 186409
15691347 45014
9794514 101401
18834088 11722
16237939 39104
478888 192760
11516704 84036
16023043 41262
4789529 151150
1734219 180886
11984395 80028
3792616 162045
1922223 179747
4709294 152147
6247596 138856
5740733 142920
10241835 97409
335678 195282
13925544 60306
744722 190234
12773804 70808
95808 198868
13849884 61090
15445393 47276
5680743 143942
8726526 111546
1277548 187216
3859922 161565
9366575 104857
16667824 33869
2885453 171428
18112497 19299
12304723 76904
1879170 180134
18542786 15208
11392062 86246
6798756 132184
2168643 177901
11648747 82258
18981913 10949
7192203 127790
14731595 53464
9225803 107116
5567624 144909
12321701 76578
10125931 98550
2663561 173217
13699202 62482
15268738 49210
1971021 178893
12993068 67736
18088364 19790
5236341 147481
3645205 163987
7321056 126322
8098945 118944
12825955 70141
16324389 37990
17221282 28325
7612398 123545
11084167 89376
15250852 49528
4972765 150315
11011521 89833
19677901 3199
19768740 2766
4281839 156940
9754939 101793
1282587 187063
8676698 112018
4774925 151274
15769949 44432
13947310 60060
16248760 38837
12583884 73770
6236417 138994
613518 191213
11169671 88331
13447023 64345
14613797 54619
16668829 33796
18746232 12300
9030805 108876
159387 198297
19090524 9778
91088 198935
19072134 9823
10270574 96816
498450 192412
14753459 53289
16168628 39290
6272710 138834
8644813 112239
14675637 53726
2385162 175324
17094781 30020
19661577 3238
8917270 109990
13737481 62297
3311079 167173
15745224 44750
13030836 67266
17672024 23235
9353917 105302
10360350 95737
1521827 183250
14411679 56808
2210221 177665
15681387 45130
2174916 177835
10233985 97441
15921293 41886
6963775 130135
18607122 14117
14595887 54910
5874884 142309
4665315 152882
9951177 100037
14286277 58431
4305199 156775
18563643 14817
17138557 29562
17740340 23041
8315852 116017
10173262 97986
18762115 11927
6109643 139721
12337272 76202
12626431 73234
13029799 67492
3850845 161624
18576063 14683
6879159 131017
7185563 127851
6077936 139999
2750288 172507
4553298 154128
4597219 153224
8185924 117875
8002776 120056
14352707 57382
11156940 88537
13892128 60875
9456961 103952
2067546 178561
10982084 90274
11144277 88552
6697922 133204
5298486 146782
9553 199686
15117096 50538
10161250 98142
10638044 93091
15505690 46880
19678749 3056
5274657 147189
18736643 12380
17970610 20828
8403087 115181
4725817 151794
6416952 136635
12147444 78056
418207 193773
4020035 159863
6735629 132624
2996668 170486
19977397 255
12213591 77251
17637146 23681
9307392 106593
10160636 98325
3314046 167073
5297141 147125
7886330 121496
16117652 40279
14680955 53621
428965 193599
101602 198772
13888410 60891
2320571 175711
3322799 166914
17514632 25268
1083006 187883
7697394 122639
628688 191054
997574 188361
8524169 114347
2024630 178625
1747960 180861
17036882 30037
6601549 134712
7118691 128239
16314022 38074
10954461 90992
16409485 37394
10629506 93407
10636817 93258
6164660 139621
5787762 142596
12139120 78135
306501 195772
4762574 151295
6493089 135319
1663609 181620
14206129 59087
6288176 138024
16710629 33354
6177142 139450
13417709 64663
9642780 102535
3825190 161909
3678950 163043
2179122 177668
16379028 37518
4884340 150433
14085848 59789
15919937 41886
1459388 183671
10249515 97159
16564889 35044
19776051 2743
7249975 127366
14801676 52585
12866879 69966
5122161 148793
8826798 111048
7442687 125189
16515785 36452
5683860 143842
11476387 85190
18860442 11495
7512160 124446
746581 190058
4099855 159181
8110332 118841
12176096 77647
7161584 127886
19546067 5188
14537596 55758
16159438 39302
6459505 136309
12793598 70470
1985607 178821
19573112 4937
4327367 156344
7249170 127432
2062971 178602
16876211 31348
17208282 28491
14328033 57693
18681362 13051
16864254 31531
12543088 74362
8792962 111289
18482794 16026
13924377 60325
5934791 141474
17538739 24785
12955209 67788
2360976 175576
4037060 159592
17881668 21616
16349738 37940
769404 189737
19548266 5110
4175285 158367
411384 193907
5187873 147848
2441286 174510
476079 192928
3588079 165006
3370586 166871
10654180 92889
17659562 23249
17369076 27044
17327824 27375
7080223 129014
14330178 57632
9518411 103681
19475836 5453
3976439 160148
89879 199087
8623878 112411
3112573 169079
12945732 68077
4364819 156032
5874118 142379
11321904 87315
16914543 31248
5915673 141984
12517453 74882
6075774 140210
5226806 147605
12316507 76696
13847716 61273
13787736 62202
19867867 1746
15547227 46849
18253048 17422
1717990 180958
16529835 36263
13960227 60012
19509896 5435
30704 199373
16532654 35267
11496655 84048
15051451 51232
386346 194161
16466576 36925
10585666 93758
5185293 147923
18814755 11814
5014933 149423
19371888 6373
15669861 45452
15573380 46236
247505 196182
1584110 182454
6730384 132637
15588665 46224
3480704 165910
9997747 99265
17543834 24705
550462 192022
1433615 184408
7096552 128685
5426422 146243
3051348 169618
4602075 153224
3085850 169328
13291745 65700
22694 199504
17989141 20795
3195383 167556
14386950 56987
17257449 28025
15093378 51134
7032150 129322
5869056 142380
14027291 59846
694326 190649
7286160 127011
822407 189185
5002902 150072
16355596 37902
1705041 181005
9616641 102702
18535165 15423
12806188 70289
18287621 16955
12608983 73544
19056619 10051
14346514 57491
5230211 147563
4472248 155499
4711087 152112
5743038 142912
4667124 152755
13117410 66148
15252714 49444
4143431 158662
15639760 45836
8626999 112358
8599173 112656
4263112 157414
7313365 126775
4734852 151474
14754266 53226
9359465 105108
14373250 57027
440321 193136
5679038 143997
5845294 142446
9414233 104148
7113548 128465
9553282 103346
19333791 7181
15133 199545
9960257 99988
18443321 16188
12654522 72923
669038 190865
1212047 187496
14287649 58374
6868862 131256
17254850 28076
8800821 111201
14381750 57008
12612684 73484
2441553 174450
1179312 187528
14903540 51617
16210075 39131
13693788 62485
16114256 40318
18060967 20035
19550594 4986
13934021 60241
11823450 81063
3045185 169807
7955822 120487
7569705 124190
1508481 183499
1414048 184624
12697781 71700
17648349 23612
17907613 21609
6975489 129768
734111 190303
490721 192464
8069794 119194
10430001 95064
18904499 11310
15147219 50203
12065387 78765
18061722 19964
7248516 127447
9392938 104328
16651595 33999
8774191 111318
14588128 55312
15460829 47169
14690967 53566
6865536 131276
15911943 42140
156803 198304
9928577 100550
8296986 116312
12318431 76606
7513316 124417
19647486 3570
9518769 103627
1322886 186364
8610489 112581
1579543 182545
12070390 78668
10650615 92975
15893493 42499
11807869 81400
8118474 118732
11630817 83128
6679182 133489
17348250 27171
4472193 155541
9364783 104899
18199091 18151
3480827 165849
5732870 143176
8885307 110721
4033300 159698
19967601 407
12781379 70563
10262650 96937
9084105 108276
6102023 139739
3866019 161056
17748276 22970
1671294 181450
8842 199740
5422408 146249
6180359 139379
16102654 40459
1627683 182037
5882263 142139
8713344 111919
14604497 54682
12912513 68850
336108 195241
2385952 175131
3224471 167248
13938100 60233
6351711 137230
10943148 91124
8462369 114582
5298284 146920
11729273 81763
18601341 14315
2249335 176911
3142103 168626
1342068 186131
3391930 166298
4206524 157928
19827013 2325
469875 193006
18373214 16793
4152667 158493
10268350 96868
14640256 54482
4818244 150702
19273957 8753
2797649 171758
10040446 98972
5716895 143561
4676653 152743
14791668 52595
6467124 136263
16131494 40261
8860274 110979
18970223 11025
14042012 59797
17946124 21534
11649839 82198
10313963 96254
7299227 126918
15860639 43407
3442556 166257
15167098 49793
11063339 89525
7921847 120715
2650007 173352
14965685 51349
8546171 114108
13324796 65619
13179206 66081
13074876 66527
15392347 47636
1357435 185452
12872749 69893
19887949 1239
1555768 182730
17309425 27763
4388696 155939
6075206 140381
16270117 38710
5211200 147607
3662161 163590
1837595 180410
8125853 118697
9782408 101719
12533456 74473
562870 191788
18702653 12767
1625873 182095
6864038 131445
17587578 24446
18429124 16418
19355062 7104
4480864 155099
15331333 48249
351292 194326
10950766 91036
13581217 63867
19270416 8849
14344067 57542
18032672 20458
4781366 151245
11610388 83405
3215798 167373
9363787 104927
19167445 9089
19751713 2841
2118720 178111
5007573 150021
5032613 149204
18624107 13681
3282031 167205
12893132 69496
14651678 54403
11481232 84662
8360549 115712
15492758 46993
10912341 91723
2876745 171682
16157738 39616
8600962 112633
15908190 42341
6836412 131758
15562804 46489
9785119 101636
11931676 80325
11748268 81594
2907967 171398
14660957 54257
9244747 107004
8174696 118206
12131152 78376
14214112 58941
8284763 116531
17695668 23108
19907606 591
15162327 50144
8248978 116982
3795011 161970
3198726 167454
7467071 125018
5356023 146602
16242923 39047
8723419 111845
9553749 103275
10508032 94622
15276357 49131
8416592 115064
15646561 45690
8931413 109686
4224537 157703
16235603 39127
16135995 40018
3530383 165299
17803709 22258
8967915 109037
1379710 185424
4565166 153712
2750865 172319
8196265 117795
7337340 125704
12152212 77858
5523286 145100
5160257 148427
5755405 142688
6804957 132102
17187206 29063
15851220 44287
19398789 6011
259872 196130
10134216 98422
10277041 96459
9853905 100968
5596407 144505
6326745 137686
1396540 185027
8949752 109081
16313493 38115
11280029 87655
12769313 70931
3445933 166146
19868303 1715
12614960 73302
4198828 158275
6186367 139179
16990254 30585
1218612 187387
10079070 98869
14885536 51736
12928593 68645
14140688 59189
19618602 3879
13014675 67511
8437359 114824
8497105 114445
19900814 744
4543114 154177
15294610 48789
4096526 159467
19575293 4811
9629053 102618
15702921 44976
15401361 47621
4850844 150473
1691674 181448
242859 196261
9340699 105315
1972732 178887
9406657 104180
1167299 187553
2885573 171413
2012833 178753
11639777 82386
108361 198548
1352275 185929
7023721 129329
14307380 58194
5162882 148340
19299198 8074
17335759 27352
9893469 100832
14696603 53520
17657544 23456
19168818 9068
10396172 95507
479236 192575
5599448 144475
3730303 162437
16287128 38564
10251242 97134
17320852 27745
6148722 139655
18080061 19932
2989255 170544
19318567 7465
7967506 120389
15884891 42688
4212722 157794
5176949 147961
7906797 120857
16539036 35205
6849588 131750
14109575 59316
15656743 45596
1464191 183658
11955210 80223
16263456 38744
18917801 11256
18317500 16857
8808282 111075
17445608 26840
6991102 129409
1869204 180153
18188329 18467
13116196 66417
13350292 65440
11592410 83613
7404906 125484
15707824 44921
8101586 118882
14597900 54841
17298815 27784
18604049 14267
11482348 84582
13166658 66087
6706399 133085
4511320 154741
17684942 23142
4431202 155744
17628012 24299
905233 188584
3660861 163775
16971777 31082
7800397 122198
12021439 79390
5988914 140942
5074571 149122
14108248 59431
16891259 31258
9901847 100827
15860440 43449
12522099 74793
12297871 76906
11766658 81550
1653429 181658
7999610 120067
12625792 73288
15283112 49115
18622216 14103
1551391 182831
12428864 75850
6601463 134785
10636942 93254
17167324 29204
9993245 99455
7650331 123402
14285469 58440
9570397 103155
19275277 8734
8427685 114949
16142604 39856
198232 197746
15319525 48573
10307789 96348
3578801 165074
4319315 156469
11401338 86045
9438636 104096
17527980 24916
4842991 150609
7138453 127898
1847883 180325
11537869 84016
4959415 150377
1853731 180287
5449458 146075
8298522 116249
12323190 76539
9338372 105674
2493031 174204
9274153 106871
10703891 92363
4004138 160058
18010895 20507
12338307 76102
1063292 188168
8015788 119447
14480605 56267
3223009 167290
4035730 159672
15324534 48442
4324008 156446
17268967 27986
4716078 152015
9362771 105018
1802532 180459
11169512 88434
11843641 80795
16464509 36943
10331978 95899
4514477 154688
13633010 63674
12054558 78815
17184264 29197
12288085 76938
91925 198920
6419800 136601
6789257 132221
5764438 142633
19575514 4659
185130 197881
9354600 105261
13606319 63678
17597157 24319
8874334 110842
16951509 31165
10946225 91122
11330236 87240
6313960 137843
17763356 22545
12053695 78891
1899442 180119
8142675 118310
13649260 63212
5171184 148246
5580130 144556
5001769 150107
6060085 140601
14254370 58597
13383044 65085
14536137 55820
1157358 187710
9287234 106804
6551301 135138
11754778 81554
12953251 67939
16658461 33963
18023604 20484
18975983 10990
18763159 11873
9547669 103440
589333 191539
18036432 20379
12943851 68123
13677108 62531
4574794 153419
4628089 153020
6937595 130410
1340839 186325
1411994 184845
2766842 171818
9680120 102209
18310879 16878
2274367 176435
10112134 98568
15151562 50173
3646286 163973
11300685 87317
15320410 48458
15863638 43058
16103448 40430
6999389 129349
16375519 37592
1429848 184542
15099114 51049
2346566 175589
16674826 33704
14222846 58739
12555585 74227
13161556 66142
13792843 61570
11630902 82877
10809995 91853
11984407 79980
18925885 11201
8940020 109553
826709 189131
4679836 152640
7831326 121883
7896789 121124
2524754 173971
182307 198011
16135714 40023
4566013 153695
8409739 115178
11478411 85061
10536731 94286
17204352 28943
11552361 83984
9234007 107063
15685002 45085
11558221 83840
5132005 148779
4410956 155818
13069508 66597
342126 194691
12136218 78243
14467577 56487
4749681 151436
16365085 37685
18383741 16648
8866833 110901
19291903 8331
7869027 121622
781978 189563
8636192 112290
2944982 171174
17268416 28012
18092604 19748
17542281 24717
7605762 123566
8290848 116490
11252616 87745
11351709 87220
12610356 73530
8358884 115834
10480318 94860
10415963 95459
14880281 51744
19807586 2640
14389189 56913
11889301 80471
3375981 166621
4943969 150424
2372965 175468
16566650 34932
19713423 2907
9461182 103898
525385 192224
645555 190924
17058913 30030
5477488 146027
17446517 26775
14473576 56374
6064930 140536
17434348 26871
14622404 54550
17159316 29395
3108763 169132
13113363 66436
17516811 24978
15502953 46910
16564299 35151
18042397 20192
16806776 32897
9117735 108188
13216940 65996
15736129 44833
10123363 98552
8591823 113334
5095726 149001
11676362 82083
11982200 80075
6023757 140674
10040151 98988
1346775 186002
19984525 114
13495877 64292
12903006 69326
15164201 49876
8925067 109824
10529121 94424
19319665 7435
326838 195693
884197 188686
5074075 149193
12572735 74018
1618085 182278
9141267 108095
1877354 180140
8363555 115666
15904495 42353
11986713 79609
1318557 186409
1081600 187977
2658733 173236
15103849 50696
15129455 50325
5881354 142284
10712359 92342
14118126 59271
9358907 105175
9915513 100687
12037531 79117
5572007 144708
8342254 115903
6468606 135575
10627920 93444
7875901 121545
19755603 2802
7076968 129045
2821526 171697
5892590 142003
17634059 24152
134784 198342
19877159 1363
10468597 94862
6956664 130173
19191539 8956
1353037 185868
13914047 60555
13929089 60267
8946544 109435
7355772 125671
9166503 108023
2309335 176023
19176891 9050
1311950 186803
18166295 18856
19067681 9922
1597639 182309
9093843 108252
8307842 116035
12919305 68664
1546096 183082
10288420 96395
14900686 51620
15680184 45167
18740515 12365
843204 189054
17235321 28077
11441864 85876
1074113 188015
11120655 89323
350738 194343
12572738 73824
12457832 75306
17525299 24927
9098398 108251
1633730 181936
7383014 125607
18455337 16167
19901404 652
5635418 144410
18760280 12061
15388025 47675
13236401 65919
11384896 86481
6548675 135158
10979615 90572
2415282 174617
16531326 35969
17780303 22539
3313246 167107
19327874 7213
12090748 78424
5638518 144350
711926 190495
5692949 143708
8580073 113966
14827009 52148
2309388 175963
13361130 65128
18582548 14350
7076889 129078
15316507 48576
17504606 26172
12396987 75998
1852536 180320
13230529 65925
10079101 98830
16625032 34534
14941084 51494
2103783 178233
6328390 137648
15755986 44550
3700367 162602
18578157 14624
11293362 87454
7277204 127022
8516786 114371
16452276 36957
58756 199169
18987147 10800
16634116 34308
14898310 51657
17807195 22117
2096076 178310
17102059 29832
13376255 65121
12498487 75068
12306598 76805
3632228 164125
19875483 1597
11134056 88711
15887912 42545
14215679 58892
2385640 175209
9504415 103725
14266058 58585
19066808 9989
2697789 172879
4088135 159571
11864963 80659
1343082 186088
9334979 105776
3113573 169050
3755619 162189
3534669 165144
11186553 87875
18697184 12837
4529696 154467
4262730 157498
14750321 53414
12189756 77426
5848030 142402
3513858 165470
6814699 131963
2262141 176789
4487428 154883
11856146 80772
19968809 337
4267396 157119
13444932 64457
12683225 72373
8116786 118753
6012862 140859
10572655 94206
7832029 121817
16707541 33431
5162104 148358
8533368 114160
13444623 64469
4091145 159485
10583949 93777
9936308 100323
10955129 90962
19973217 305
3013478 170282
17853959 21892
10974329 90613
2020132 178694
11481009 84880
4509394 154854
15567398 46325
11986527 79774
861536 188795
2984152 170576
16643882 34057
222171 197221
9815889 101352
19359712 6859
10868 199589
14558847 55483
1402619 185006
15928830 41846
19006159 10546
18095052 19347
12452057 75829
1316929 186774
2296035 176063
2928526 171275
6109849 139697
225035 196290
1175736 187548
11884340 80478
16690503 33511
10655174 92559
5891081 142116
15354517 47874
6231903 139072
19366687 6520
18986301 10825
11163845 88438
16099796 40572
19297715 8165
6489217 135512
448098 193090
19043853 10142
2124327 178100
16725289 33196
12154450 77741
1293103 186932
12794629 70431
19405101 5946
12073976 78437
3617759 164739
6510910 135318
15425275 47512
2948051 171096
5938355 141189
10577286 93925
11430875 85882
4807727 150708
13691047 62524
8233934 117636
9466856 103894
1440567 184097
13009120 67522
9326959 106197
10095549 98809
7630094 123460
17674012 23220
294198 196005
773794 189649
3947564 160465
11422667 86018
7076051 129114
5720394 143465
3624488 164177
8425075 115048
4199250 158010
1985466 178861
5714638 143610
1977321 178872
12897486 69453
14496070 56032
11827921 80798
12909560 69109
5246179 147451
9218642 107157
16840559 31875
12797666 70353
7600327 123795
18951970 11171
3964080 160380
9940579 100227
1669226 181619
17759395 22548
6933333 130412
16868216 31458
6925996 130609
16816441 32522
17504787 25906
2718898 172810
15679792 45185
2541598 173921
2612449 173643
7563103 124356
13282031 65706
14866725 51771
2756439 172090
6622074 134412
6757878 132320
11938724 80247
2412085 174943
14422663 56744
1951841 179278
9954434 100016
12133954 78370
1796474 180514
375944 194282
4593962 153380
4795236 150784
3484602 165670
4397701 155829
13543325 63987
1074486 187979
6836714 131757
19091734 9645
3660644 163787
5968517 141062
13897411 60869
17443279 26867
17367008 27164
15114785 50584
253714 196147
14494358 56036
19882715 1273
10576769 94139
5195773 147681
18946839 11184
1669864 181508
3100065 169326
18351095 16847
9041951 108788
7087711 128711
9390910 104726
11471662 85295
6321275 137753
4141422 158801
2621174 173371
8962116 109068
9314903 106461
18756643 12203
6833511 131897
5549466 144909
2276204 176332
9068335 108580
17204439 28905
10214046 97897
19604459 3917
4004222 159988
1317777 186547
18549828 15068
905247 188401
6016264 140769
16474186 36844
74659 199148
15127316 50350
6906345 130715
18172670 18565
12052605 78940
10396002 95521
9244309 107010
3945470 160499
6967332 130064
6988868 129597
13897706 60612
1635271 181830
18038037 20269
1355515 185582
14156969 59148
15599935 46085
12720153 71566
12006655 79495
2077591 178412
6636860 133946
10716408 92206
13280125 65743
15556501 46560
9075516 108553
4174922 158402
18482348 16155
19979919 214
5027999 149205
6749050 132543
1497693 183558
7125450 128163
3561895 165115
19014126 10329
19810946 2350
10992162 90258
12143746 78118
12688389 72210
11787221 81421
10015470 99076
1551110 182928
2491089 174215
13792196 61870
9199597 107278
11722858 81797
2609730 173810
18717419 12744
376923 194204
17186535 29096
17954183 21521
14844689 51955
4283273 156835
6093459 139852
1613827 182302
13520926 64176
19809887 2402
3052517 169447
15932444 41824
3993524 160065
8781177 111317
10700441 92504
17965377 21099
7003392 129341
3480184 165942
12947544 68023
4570628 153463
9570129 103157
10110922 98604
11487417 84301
10465684 94995
7890001 121324
11023838 89715
10130571 98495
10577058 94085
1262433 187251
2970304 170726
18441786 16317
18491489 16020
18650883 13630
8044435 119378
8586322 113795
7489139 124854
15219375 49762
186064 197786
6751615 132425
17338611 27274
8359163 115744
4564429 153866
1756725 180792
17270041 27846
8693960 111981
11130770 88970
3181691 168278
16455625 36946
8155657 118278
14612389 54674
15641601 45758
1513846 183426
4453961 155673
4115055 159054
3209511 167396
7683933 122787
6433207 136419
16579471 34642
7126871 128128
17503951 26202
6671281 133752
2396184 175039
8527851 114325
8546765 113984
16021301 41318
5512071 145462
2587662 173859
12655792 72525
7224532 127471
7112964 128493
14507237 56025
11376272 86790
11635783 82705
12563658 74096
6710343 132978
1683234 181449
7665066 123262
10483931 94776
8134708 118636
13032101 66954
17200260 29035
14240850 58653
17231241 28206
14086394 59610
3679631 162726
18164477 18895
7329275 125852
17991557 20786
7660172 123359
6236209 139006
11283738 87461
8241279 117099
4010972 159903
10127704 98546
5745734 142757
8281740 116688
3980525 160125
2111304 178152
16759349 33136
3981750 160093
10212964 97913
461251 193039
4271903 156976
16045829 41194
218189 197306
10614638 93694
12613823 73341
10417351 95382
4975552 150226
18894927 11448
2681817 172954
10099157 98806
12254981 77170
4515393 154611
18230323 17933
18670326 13318
13380846 65088
12676589 72501
14625783 54537
506060 192346
4875496 150465
8352330 115888
3042662 170044
343676 194468
14353716 57347
12771945 70924
18541508 15353
11391680 86349
17420060 26959
19935866 522
9083001 108394
18272379 17269
4713941 152075
11391695 86263
14708558 53472
10849308 91736
16389264 37468
7332950 125766
328719 195480
3591531 164904
13642635 63563
10121131 98555
17789005 22275
16011668 41455
8906281 110560
1754369 180842
8588985 113360
6467151 136210
13667924 63212
8142289 118524
12775867 70774
14643155 54414
17461291 26673
10274951 96531
14394127 56843
3806286 161941
7327259 125992
14810063 52318
11933725 80312
11918486 80381
9051236 108634
4700689 152560
14839091 52140
6681341 133270
4362284 156068
4328292 156242
7040413 129305
3370443 166875
1540545 183112
5084084 149097
14353410 57375
11205462 87860
6597029 134834
5190329 147731
9792085 101606
7661227 123314
7494252 124477
1384877 185215
11463279 85699
3589648 164957
5515055 145319
9015143 108877
6544539 135263
8646161 112220
171862 198020
19288550 8597
19586536 4548
5167569 148316
5255293 147433
16188106 39263
16783488 32955
15401598 47554
9861137 100938
7721002 122298
299910 195896
7131605 128062
17999888 20662
3778039 162161
16073187 40705
16061410 40737
19288366 8630
16593090 34605
17511102 25875
17033747 30275
7403713 125539
10926810 91579
591183 191323
13643404 63503
83844 199129
6619240 134495
13675131 62885
17865141 21875
2237332 177043
18308675 16902
88 199938
10453632 95061
18271592 17295
12387732 76022
19842840 2011
3386221 166348
13676507 62626
9744491 101838
5964319 141157
967124 188401
14454838 56488
730340 190455
12323315 76280
6872157 131018
8868689 110852
5924555 141586
16716255 33233
11690693 81844
4620960 153211
18728607 12572
15235364 49599
11182769 88330
3736800 162234
10506763 94688
16446318 37061
17397440 26959
1241414 187320
843983 188893
3179679 168596
10514992 94525
9786795 101629
1697069 181126
7081397 128855
19794434 2643
16821086 32459
