48 1128
66769 12514 19524
39 17
2 41
33 37
17 44
21 20
40 43
7 8
15 17
17 9
20 46
48 40
34 35
36 29
4 6
27 46
25 5
38 2
38 47
35 15
1 37
23 37
21 35
19 32
31 12
40 45
15 16
30 23
12 38
32 2
23 47
22 7
1 41
32 14
25 45
26 14
30 15
15 47
46 6
38 16
31 33
42 6
35 8
14 4
40 41
8 5
5 46
20 9
15 42
15 33
9 21
19 4
31 2
4 2
33 28
31 22
42 3
43 47
26 36
9 48
17 37
4 16
24 8
6 29
38 14
45 43
41 11
39 3
42 29
46 48
23 4
20 35
37 29
4 3
21 29
17 6
25 41
39 31
27 22
9 12
12 3
28 21
9 13
24 25
21 44
21 15
31 42
45 15
19 2
3 21
39 41
30 2
41 21
24 18
17 3
10 44
27 32
31 5
41 35
42 30
46 2
5 39
8 42
44 19
14 5
43 6
12 11
10 31
11 28
6 32
6 45
19 31
14 3
40 8
46 42
43 10
18 19
33 38
35 9
3 24
47 19
40 10
13 14
38 11
47 32
25 48
47 37
24 31
13 41
3 6
9 15
24 28
48 18
15 2
36 43
35 5
4 11
20 28
14 28
22 41
23 12
20 37
2 39
45 21
30 9
29 34
26 6
36 37
5 45
10 34
36 9
25 18
19 16
5 21
38 4
11 13
19 35
47 16
47 10
46 32
44 3
28 22
30 25
34 25
37 11
38 25
38 35
35 24
14 21
43 25
13 39
44 14
46 3
32 39
15 38
15 11
17 36
10 13
3 30
7 5
18 5
29 17
17 1
48 36
10 20
12 18
1 33
32 45
17 38
25 47
43 17
43 39
11 6
38 41
10 37
1 4
25 13
30 32
16 42
32 26
47 42
36 12
32 5
9 42
16 33
48 44
28 5
22 6
8 25
1 32
28 31
31 27
44 38
28 23
30 5
11 36
16 20
31 43
6 34
21 1
36 16
40 47
31 4
3 11
40 11
12 44
26 7
25 22
40 35
1 34
1 20
27 20
23 34
28 3
4 20
47 20
43 19
36 19
42 39
36 35
18 32
44 6
37 6
26 4
21 25
8 38
5 11
11 34
4 10
12 13
14 19
31 21
15 34
7 48
48 14
13 28
8 2
24 16
18 29
5 12
9 24
45 19
18 14
29 28
12 22
30 31
43 8
41 30
30 46
1 10
8 41
33 24
27 15
36 31
22 46
31 14
20 43
24 2
24 47
1 40
8 29
17 5
45 14
47 39
31 20
33 12
2 11
41 5
3 47
28 19
34 13
13 32
12 42
47 34
41 42
44 7
1 36
32 4
17 42
12 8
45 42
11 7
4 22
40 20
41 27
46 40
42 18
7 27
29 35
16 31
32 31
22 44
4 46
32 48
19 33
37 27
10 19
3 7
5 40
8 4
35 13
16 34
29 40
28 17
30 38
38 28
30 36
26 42
44 36
37 26
28 37
20 34
14 24
42 44
34 45
8 11
8 48
30 13
7 33
21 23
16 40
10 11
40 32
20 42
31 45
21 34
1 24
46 16
23 18
43 12
6 30
9 33
18 7
5 16
6 13
15 41
33 3
22 14
45 38
36 46
46 23
30 48
40 42
25 42
19 8
2 37
34 37
37 18
17 47
11 30
22 2
16 37
23 43
41 20
38 32
48 26
15 32
22 37
36 47
46 8
18 10
30 18
4 17
27 10
10 45
29 7
47 48
38 27
47 11
39 28
11 24
12 25
45 39
20 15
35 14
30 37
25 36
17 25
26 34
34 27
35 46
6 18
26 33
33 4
12 6
39 24
31 34
37 32
45 48
18 20
26 13
39 10
20 30
13 37
27 5
43 18
21 26
13 2
9 23
28 2
45 17
22 21
33 11
8 26
34 41
44 27
46 25
40 33
8 15
28 9
12 17
23 13
48 41
28 4
8 18
4 9
40 22
9 10
38 7
11 9
24 40
36 27
44 9
29 22
25 40
8 16
20 2
12 47
11 46
4 29
21 40
22 1
4 21
18 38
12 35
6 7
33 39
15 6
9 8
5 33
10 38
30 8
43 34
31 29
25 9
33 22
33 20
40 14
1 26
41 9
44 24
20 29
47 30
14 10
28 12
1 3
19 21
41 24
18 21
8 3
11 43
7 12
13 21
32 35
34 24
40 19
43 30
18 1
15 14
11 27
1 9
6 28
41 3
20 39
28 47
9 5
12 16
19 12
18 40
29 33
36 10
1 8
20 32
47 29
47 45
7 28
7 46
11 35
43 3
39 8
30 17
44 8
35 10
16 30
7 19
5 15
43 15
9 2
19 15
37 15
45 18
14 29
43 35
30 21
24 6
42 35
48 12
48 22
48 19
6 2
47 21
47 26
26 29
41 33
36 20
9 29
48 27
1 5
43 46
44 35
41 28
33 8
28 45
39 25
40 30
20 17
34 14
27 8
28 10
22 18
20 19
7 21
37 25
3 10
48 1
39 27
8 37
44 15
35 47
5 44
29 24
41 44
42 24
16 25
34 28
26 11
19 27
38 31
27 12
2 33
18 15
40 31
38 48
17 11
10 48
5 36
44 30
1 7
6 41
26 16
38 26
20 22
21 6
29 16
12 4
29 5
25 14
1 11
26 18
2 3
34 36
34 46
9 47
40 17
22 13
12 46
39 22
3 31
9 31
3 5
16 7
22 3
21 11
3 23
17 35
15 4
44 31
23 31
39 9
4 37
22 19
20 3
24 38
10 16
6 14
41 17
41 46
17 16
45 37
25 4
28 16
30 10
43 41
18 39
16 22
22 17
34 4
39 26
26 35
39 38
8 14
23 8
45 44
5 22
48 31
12 30
32 9
33 32
44 18
38 42
5 47
35 23
8 28
7 32
14 37
5 23
45 36
12 34
47 41
30 34
31 15
9 19
15 1
10 7
7 2
10 15
35 28
28 42
39 35
24 48
35 18
10 32
22 26
39 7
46 21
32 44
10 5
31 13
47 44
18 9
27 17
25 33
24 5
31 18
44 2
13 24
35 22
19 37
19 6
20 12
47 31
17 46
4 35
38 22
1 13
28 32
45 35
15 36
33 47
33 10
14 46
10 46
46 47
39 46
40 28
12 21
45 27
26 15
25 10
19 5
23 11
36 41
40 9
40 2
6 33
33 14
9 16
46 15
24 4
17 32
6 8
10 2
26 3
13 16
36 2
36 4
1 28
9 14
43 7
2 25
8 21
19 13
15 23
31 11
3 48
24 7
32 25
14 23
3 38
27 6
18 27
9 26
42 32
1 35
26 17
34 9
40 4
42 7
1 6
22 34
35 16
2 34
18 13
6 38
22 43
28 25
41 26
26 23
6 16
29 44
30 4
32 23
6 20
30 24
15 3
32 29
13 27
39 19
15 13
11 14
45 16
4 48
10 21
19 24
13 45
7 36
4 39
43 1
25 44
29 25
23 42
37 44
19 17
48 15
1 25
29 38
13 20
42 37
26 12
33 21
23 36
7 9
21 37
45 11
41 23
16 11
46 38
12 40
13 36
16 41
29 11
27 14
28 27
29 46
31 1
28 48
5 13
20 38
9 22
28 43
44 28
22 8
24 20
43 44
1 27
5 38
16 48
7 23
43 37
27 16
14 1
11 44
34 33
45 8
23 48
13 33
20 44
22 32
32 24
27 23
21 32
16 21
16 44
9 37
38 34
22 15
19 3
1 45
21 17
20 8
18 36
47 14
8 10
24 21
48 39
2 18
21 43
32 36
19 41
24 17
30 45
39 11
39 1
43 14
34 17
30 7
23 1
6 9
30 14
7 35
43 27
29 15
44 4
39 37
27 3
8 36
45 22
42 34
26 30
27 21
20 45
13 44
40 37
43 38
3 40
5 20
22 30
13 8
37 31
46 9
24 12
39 36
42 43
18 46
23 6
27 47
27 9
43 16
40 39
3 35
29 2
38 40
23 2
17 8
36 38
17 33
40 15
15 24
39 12
46 33
16 18
40 7
26 5
26 28
46 31
17 14
27 42
6 5
43 5
3 32
30 35
14 2
7 15
23 29
25 6
4 47
16 14
13 4
4 42
34 8
42 10
39 15
27 2
38 23
18 3
3 29
35 6
19 23
41 10
34 7
2 47
37 46
4 45
16 39
35 48
13 47
39 44
32 11
40 34
18 34
25 26
13 3
36 42
13 46
23 22
4 7
23 24
41 45
6 40
46 28
25 27
31 26
46 44
40 27
35 27
10 22
7 13
41 7
41 4
31 17
16 3
1 38
29 27
14 39
38 19
13 40
25 15
36 21
36 14
7 47
8 32
29 48
3 36
29 30
48 17
30 1
43 2
26 2
40 36
27 30
9 43
25 20
42 33
10 29
29 19
42 2
2 21
45 9
3 34
13 43
23 44
4 18
19 34
18 33
37 24
37 48
29 13
14 7
39 29
45 26
38 37
46 19
48 11
34 5
20 14
23 25
28 18
31 7
48 33
13 38
42 5
11 22
25 19
32 12
12 2
47 8
46 45
19 11
22 47
13 48
1 44
5 2
5 4
42 22
35 31
41 37
26 46
25 31
9 3
1 46
43 24
33 44
32 16
28 30
45 3
22 24
29 12
42 19
45 29
48 6
18 41
24 45
35 25
36 28
34 44
23 40
40 26
33 23
41 29
23 45
43 29
23 39
12 14
19 1
32 43
7 25
42 14
17 18
41 32
42 11
10 23
6 39
26 27
48 2
30 19
10 24
27 33
24 26
1 12
29 1
28 15
21 39
37 5
47 6
2 16
39 30
34 32
24 27
20 26
24 46
31 8
26 43
12 15
12 41
26 44
48 34
6 31
38 21
37 7
45 2
4 43
36 22
16 23
27 4
18 11
11 25
2 17
37 3
23 20
20 48
23 17
12 37
10 12
12 45
21 48
44 40
41 14
37 35
48 42
42 21
19 26
42 1
33 43
33 45
1 2
38 9
6 10
36 33
24 36
17 13
33 30
45 7
31 41
33 35
2 35
17 7
20 7
16 1
11 20
17 10
13 42
36 6
48 5
10 26
34 39
1 47
18 47
48 43
25 3
