1000 9644
59441 96916 196
618 36
498 168
650 624
672 386
577 704
752 224
149 729
219 617
873 758
810 906
107 661
391 628
74 827
851 522
453 537
425 778
851 811
777 636
157 931
654 760
514 390
515 167
362 858
648 399
984 764
731 144
61 451
271 154
890 571
885 518
165 980
800 101
328 93
658 378
933 204
682 750
665 372
6 615
127 312
75 360
790 708
10 167
836 287
30 338
173 408
657 371
545 118
88 19
479 172
771 477
302 66
763 83
58 183
461 420
961 862
391 194
54 850
232 906
231 162
447 670
76 1000
136 442
363 740
72 457
641 365
676 731
379 378
796 109
343 902
171 262
880 846
938 346
493 629
313 526
387 575
449 993
411 943
631 808
945 805
811 550
819 269
793 959
640 653
40 475
449 619
481 13
151 534
39 190
477 984
827 632
738 873
588 908
623 434
873 928
432 64
821 848
891 513
464 576
545 274
353 175
8 824
913 923
910 126
318 513
719 952
663 488
354 690
105 169
490 511
762 49
181 802
589 502
939 989
456 900
889 710
548 330
638 344
200 924
324 185
105 268
461 868
17 489
488 189
822 646
165 43
331 622
107 553
79 487
920 772
734 564
205 322
105 610
107 450
264 557
625 484
458 494
551 27
396 348
897 497
206 94
280 776
172 495
105 756
339 12
826 888
626 58
172 105
174 464
162 23
796 865
906 457
596 878
454 432
162 246
763 189
616 107
564 596
450 670
646 339
229 505
540 115
459 927
5 981
90 958
979 332
422 81
292 972
308 489
417 734
610 213
893 324
493 802
27 789
224 340
903 132
439 702
11 801
263 493
557 982
953 631
992 490
749 232
733 872
197 824
731 860
56 861
760 158
654 255
332 354
678 405
924 437
865 333
746 12
310 39
367 6
106 900
921 883
104 76
965 539
371 478
508 208
560 708
298 410
25 815
679 171
404 344
406 700
461 274
987 284
151 467
384 173
749 155
790 982
90 207
579 542
501 416
866 406
412 788
600 773
463 668
887 365
482 897
130 389
682 119
336 565
348 474
691 857
276 396
245 953
106 593
58 280
301 950
989 859
542 585
835 476
263 85
968 604
297 611
372 341
700 354
956 934
386 435
765 788
246 850
952 810
140 952
810 83
274 944
690 568
87 86
745 418
35 756
815 96
30 216
292 809
357 168
334 601
296 37
689 27
32 403
238 714
805 72
814 481
597 604
127 198
698 54
737 937
183 234
384 314
318 940
317 455
348 951
554 461
136 529
170 804
420 611
804 755
247 434
952 927
807 822
777 789
413 607
25 584
151 186
519 679
815 540
675 819
65 698
762 854
842 941
164 471
235 344
409 10
185 832
17 110
404 994
848 968
937 82
376 626
177 883
924 967
291 690
372 519
802 233
439 252
52 363
965 614
604 488
426 254
216 45
163 614
27 332
913 482
376 204
704 737
64 280
717 95
327 501
148 812
296 55
925 781
485 77
382 77
543 856
836 852
377 292
298 930
800 256
912 943
854 114
624 61
223 434
452 494
525 852
200 311
472 138
36 641
869 234
523 603
525 135
5 764
519 394
943 748
875 832
528 756
63 6
709 89
136 699
218 908
699 390
432 603
531 740
624 608
736 623
544 887
344 563
15 396
209 816
997 805
903 803
440 588
300 427
64 397
67 892
62 96
222 263
442 930
810 585
869 754
608 129
374 409
694 653
751 369
33 932
448 512
466 46
294 591
744 257
883 210
807 98
485 872
622 57
938 802
288 626
496 461
350 569
809 289
740 222
889 93
964 138
233 944
348 392
154 1000
424 326
460 386
128 138
22 968
723 358
372 875
391 528
525 250
718 278
352 332
920 399
734 901
534 19
997 535
64 485
843 444
718 550
919 293
763 324
845 136
194 787
76 132
831 24
352 538
489 505
996 780
130 23
998 318
242 835
10 63
796 237
120 669
410 194
574 728
44 25
297 878
293 132
174 353
143 953
918 67
134 320
829 852
644 228
556 304
820 952
918 779
705 859
267 181
247 787
178 698
501 509
754 191
398 217
481 902
208 127
884 859
371 537
654 887
521 716
474 468
102 622
11 921
445 209
553 707
801 293
976 310
761 696
203 654
367 681
442 378
779 347
153 375
686 208
536 186
862 28
232 281
986 582
321 669
702 732
186 653
314 868
978 727
330 494
118 830
161 584
360 794
903 841
883 83
237 528
71 961
51 239
510 339
749 672
710 454
945 265
47 531
329 875
348 261
661 779
922 707
113 175
769 561
878 824
339 75
439 956
603 654
793 731
673 121
568 787
85 39
285 775
112 448
733 943
637 343
133 101
40 182
368 366
231 289
134 117
483 582
157 783
803 975
379 846
784 306
667 803
971 525
32 945
234 954
37 258
958 322
302 810
421 249
855 743
829 730
369 383
121 431
272 425
936 136
144 491
842 340
332 936
296 900
168 950
309 685
788 132
621 119
171 383
633 794
426 596
89 219
561 981
807 113
348 825
157 809
281 284
668 110
675 7
35 639
675 771
43 819
303 427
451 751
653 399
274 866
598 367
546 134
646 63
905 691
957 309
479 930
977 242
454 398
818 884
606 389
507 808
270 199
875 638
678 228
361 932
609 282
313 30
884 994
813 102
110 160
119 995
495 185
760 360
298 309
802 511
943 725
177 207
52 936
543 214
911 146
663 428
578 619
147 792
591 288
205 63
222 715
176 125
735 779
158 954
547 591
198 365
573 46
145 778
978 569
436 747
24 233
272 179
109 386
766 663
385 128
917 290
343 155
757 174
206 245
342 648
605 122
161 397
642 249
506 668
551 445
675 432
878 1
175 823
403 955
893 857
786 322
360 596
604 396
182 655
267 844
877 69
387 684
217 84
959 100
226 667
717 986
950 416
840 517
386 42
237 198
903 305
38 145
602 147
593 248
541 473
609 750
482 172
642 106
568 738
613 188
193 502
59 852
624 725
188 846
476 468
366 815
3 106
651 985
423 133
562 655
389 377
890 985
11 547
800 366
647 608
341 106
542 998
60 691
559 370
461 765
406 377
21 26
210 780
227 717
661 621
964 663
471 746
713 243
743 470
361 939
134 739
45 665
126 86
190 567
413 290
597 930
634 571
94 360
373 339
682 451
861 728
380 135
255 557
259 486
761 366
866 966
745 116
357 463
784 653
480 215
397 619
437 335
260 140
98 339
4 511
378 740
158 890
175 733
91 418
105 47
273 754
543 280
86 947
356 917
753 333
169 427
792 567
519 337
786 216
462 658
148 698
961 352
274 358
888 446
483 531
233 377
687 597
436 199
303 217
809 899
560 806
175 974
202 658
885 437
432 397
88 724
384 457
496 680
138 965
802 387
741 846
847 882
418 377
509 40
273 320
401 200
353 18
834 86
941 853
156 878
840 14
303 2
656 448
58 405
74 485
446 487
404 167
209 356
192 686
259 621
490 91
255 303
716 81
469 962
354 545
416 7
465 32
810 601
821 162
749 966
239 425
880 703
258 357
60 639
239 971
381 505
592 960
838 740
71 493
763 917
149 235
593 875
154 221
246 417
965 506
471 442
32 459
352 260
358 40
108 657
723 775
444 89
410 94
912 50
71 848
123 450
805 415
587 142
583 839
502 932
78 232
315 447
590 915
571 18
449 886
120 58
121 814
318 879
718 51
868 309
553 297
958 165
296 155
587 655
38 172
740 182
64 467
164 47
26 855
48 535
812 34
732 215
608 5
703 581
490 846
667 855
173 197
252 724
114 372
866 456
541 617
77 631
848 404
593 759
694 175
597 488
229 70
594 112
474 759
589 422
938 570
626 977
499 128
32 49
719 764
956 113
824 358
66 317
30 89
24 823
122 829
22 801
946 417
353 798
33 228
156 347
227 236
932 582
120 231
824 171
658 579
101 385
538 380
582 663
46 355
79 205
628 249
265 30
709 252
889 601
184 149
522 872
418 829
793 432
648 697
567 573
95 245
143 828
693 563
303 917
406 530
796 485
712 102
463 88
881 181
421 724
542 851
528 835
29 729
791 993
656 251
135 501
517 410
642 402
43 423
810 485
637 283
946 97
414 910
750 711
350 629
821 398
322 478
275 671
630 688
887 260
682 164
393 209
503 185
205 25
993 37
667 290
394 984
1000 233
519 622
805 324
71 989
952 837
153 651
799 774
44 77
580 985
433 74
876 630
508 662
41 396
413 761
677 407
406 888
500 471
931 325
176 262
504 755
845 873
745 36
780 170
814 380
970 617
958 719
773 942
396 485
828 621
870 609
897 568
194 560
553 149
220 605
931 658
802 148
648 596
502 859
314 394
24 771
388 299
562 183
538 914
965 223
97 929
426 367
8 608
899 831
739 469
160 411
160 901
652 644
287 496
58 675
734 730
904 730
922 354
11 248
642 979
39 188
874 309
536 259
400 6
103 779
528 786
565 804
321 94
466 965
18 438
201 805
78 748
138 575
994 41
144 865
560 8
550 331
245 717
776 530
392 813
377 918
611 846
20 171
536 966
214 705
802 629
182 483
735 902
452 325
240 574
561 358
51 579
363 531
337 525
102 914
733 288
296 297
226 409
294 174
875 983
281 391
451 420
255 216
107 766
913 846
824 866
70 89
700 729
644 146
612 178
283 45
332 992
769 39
501 67
694 237
130 301
633 628
296 387
585 239
852 695
207 907
520 572
939 921
218 6
611 929
191 924
63 548
874 678
119 588
444 403
855 622
695 946
940 160
528 273
764 807
653 681
796 970
285 995
588 995
218 307
447 74
375 145
975 23
363 757
681 841
112 377
818 860
196 628
103 268
375 242
177 540
867 584
542 76
376 740
826 322
335 60
783 33
146 631
376 190
41 833
933 864
728 92
954 371
29 297
450 914
592 684
884 398
866 665
778 229
184 530
344 616
5 748
300 528
772 72
918 729
836 318
279 558
388 159
343 960
650 133
621 370
804 807
433 493
503 51
837 555
254 440
413 335
711 981
257 983
728 601
842 266
32 148
525 933
915 712
248 253
105 955
360 392
466 202
35 845
627 401
581 395
208 150
970 493
418 825
148 924
158 710
591 816
752 402
742 260
813 59
648 625
7 486
764 548
247 594
202 304
897 973
854 286
484 657
691 50
235 828
650 752
614 477
425 585
249 75
51 826
291 752
897 12
113 155
127 192
88 952
848 428
580 449
450 796
856 906
866 575
146 932
262 489
983 838
24 795
746 322
895 599
436 652
993 33
844 33
176 383
246 405
209 641
481 23
48 464
795 807
771 213
788 601
969 838
200 780
946 365
26 736
502 495
820 26
329 550
744 632
247 108
412 780
182 360
82 54
649 319
497 792
179 122
662 492
731 16
464 339
609 71
546 706
460 491
59 241
313 659
38 78
642 447
776 935
137 838
589 617
296 78
568 683
740 578
903 172
855 624
530 715
990 939
466 177
49 16
726 328
268 97
299 624
15 797
271 506
140 328
190 617
318 662
958 99
387 925
921 817
847 86
529 74
958 564
851 2
284 310
409 708
538 995
349 866
61 425
343 335
352 245
470 832
908 882
983 590
986 989
36 585
110 35
817 4
259 832
662 571
390 377
697 569
147 104
305 225
618 294
852 414
871 472
745 22
243 334
598 922
86 631
825 360
277 450
462 705
493 715
951 369
649 428
497 781
946 474
87 858
885 763
913 380
797 349
722 731
449 81
478 759
822 439
494 760
285 47
137 480
776 760
787 583
733 414
455 723
914 624
200 568
403 245
922 19
475 485
505 560
214 742
355 166
563 673
145 148
4 975
442 83
865 78
487 49
550 485
972 199
206 996
123 646
431 832
788 983
663 744
372 497
69 55
861 719
915 700
194 925
117 247
911 866
237 622
720 159
287 393
515 2
417 920
548 942
309 651
960 341
973 630
938 375
883 322
450 591
351 458
303 86
549 587
161 335
214 406
801 923
560 849
259 922
703 400
529 338
923 354
192 52
521 490
337 159
545 467
35 993
412 124
328 681
57 456
192 893
312 596
789 324
110 674
423 183
157 243
483 477
238 336
852 17
157 500
728 648
790 649
400 201
88 926
890 316
642 451
739 379
973 288
885 435
114 881
415 216
290 302
14 943
293 676
651 516
862 265
300 517
649 334
63 447
373 356
26 840
257 546
714 563
351 937
181 268
868 44
232 141
690 271
239 719
382 179
791 104
231 697
580 537
239 860
937 454
899 126
661 983
580 368
69 687
513 616
906 551
589 376
106 497
796 75
427 555
952 90
183 991
393 291
997 607
839 549
90 971
666 519
32 94
869 420
784 242
442 325
277 165
880 206
13 772
310 323
287 279
969 26
486 203
296 574
428 548
750 747
223 80
444 479
640 87
206 677
168 434
324 973
329 238
302 154
345 856
15 230
347 613
875 304
496 44
672 791
931 426
623 213
957 837
679 71
164 472
712 26
850 919
557 847
62 492
734 555
405 626
673 766
805 887
640 768
732 549
915 917
809 526
881 404
759 56
264 235
110 826
472 1000
329 411
558 609
773 202
759 597
567 631
346 55
129 22
103 927
998 770
275 345
839 620
619 800
450 81
75 873
437 426
130 501
203 254
399 762
712 483
988 237
155 926
184 270
639 319
902 40
318 191
671 462
234 262
639 956
208 674
356 479
396 718
569 866
32 450
806 528
268 484
321 578
552 129
357 478
307 352
820 384
542 302
720 949
474 892
222 30
972 24
981 787
504 249
97 789
658 426
270 345
897 494
428 880
155 939
379 382
688 232
989 605
324 781
93 121
122 350
72 168
593 241
334 397
972 379
527 413
798 852
888 201
472 602
685 298
666 206
790 156
89 702
95 266
654 930
768 576
203 97
656 228
755 669
496 967
511 959
119 453
747 387
925 923
660 20
832 489
283 485
476 139
387 1000
917 551
271 779
668 137
663 975
186 729
246 748
345 815
537 341
959 80
438 727
401 104
218 144
649 332
274 814
884 703
478 845
551 854
383 262
932 798
26 610
950 905
905 770
193 623
758 870
148 917
613 232
759 443
276 219
934 5
70 539
821 705
338 948
598 835
770 652
223 877
828 626
453 767
686 24
167 201
200 25
881 727
754 108
339 590
512 388
854 614
689 440
904 861
603 125
586 953
370 464
481 830
439 898
894 369
752 476
561 63
411 847
64 216
576 469
722 769
988 705
725 923
192 218
444 111
507 880
64 244
581 663
504 618
692 623
929 740
854 820
580 594
789 385
170 766
944 864
317 477
491 486
383 160
961 660
593 735
217 313
899 997
248 282
73 481
328 906
424 201
895 886
491 494
989 851
322 613
922 656
948 288
321 80
599 348
122 918
855 357
600 301
729 99
810 696
915 288
394 95
807 998
67 696
748 84
781 122
62 109
198 969
897 39
669 516
714 609
452 172
977 360
94 810
735 208
577 558
619 693
431 94
926 805
314 20
664 756
22 605
157 645
219 551
902 780
693 729
307 289
845 877
673 213
737 54
549 187
415 568
216 839
667 148
185 30
223 144
158 925
630 869
30 868
925 416
86 818
464 13
878 249
750 389
671 901
231 358
732 626
446 84
56 553
328 120
945 496
12 370
311 94
496 960
296 53
451 411
879 248
25 157
117 313
606 223
945 262
682 118
789 112
274 974
518 48
46 611
973 649
33 705
230 560
188 319
672 497
625 906
764 174
657 110
704 517
746 244
186 720
23 919
896 267
130 656
978 120
313 96
81 677
314 885
621 277
651 430
40 762
579 18
438 521
673 746
956 863
860 414
76 406
128 321
922 569
81 452
766 422
798 228
90 79
450 577
33 921
475 282
899 162
188 430
426 435
624 298
596 634
879 835
936 677
830 540
508 375
638 704
804 457
467 662
846 689
539 441
248 292
458 138
632 86
524 886
561 411
682 374
433 550
364 522
474 8
678 783
632 122
433 404
433 700
647 362
255 262
759 134
273 718
836 347
373 550
510 124
300 532
933 1
513 357
543 367
180 707
900 85
333 949
15 649
870 709
921 624
294 370
481 400
244 629
635 863
711 898
650 385
617 197
448 14
103 606
380 340
452 890
493 357
223 94
983 970
19 54
310 23
293 291
835 732
848 627
323 351
970 635
66 878
912 170
113 703
529 177
583 701
675 935
862 103
436 885
849 803
336 698
579 790
873 820
853 479
445 383
643 181
286 159
623 535
950 200
780 628
298 380
506 710
735 335
97 661
428 838
290 66
261 276
994 528
332 290
53 970
859 809
426 477
755 964
570 832
126 745
568 495
509 710
577 15
646 584
514 976
715 624
983 175
58 680
759 674
780 231
444 347
428 504
734 193
127 645
867 356
268 965
480 556
737 455
359 569
182 243
950 761
184 196
537 114
2 906
456 709
803 891
699 22
565 217
332 470
389 80
916 604
152 553
560 422
765 146
138 879
894 983
811 939
899 155
959 273
305 717
178 434
345 530
471 646
588 789
589 922
665 238
323 765
818 158
235 925
732 601
995 421
503 945
735 264
201 613
984 819
62 974
32 831
766 1000
486 241
640 314
676 255
401 182
791 974
42 842
344 314
682 450
761 499
267 376
449 403
193 69
143 302
280 126
529 749
837 914
123 91
462 911
122 201
698 650
327 503
798 510
340 888
75 106
810 67
375 244
947 46
618 355
674 313
639 383
479 462
254 135
592 465
59 520
958 657
625 197
572 163
664 57
485 247
457 134
141 847
662 832
796 145
448 632
690 473
272 813
22 998
855 560
833 376
491 620
36 535
471 621
120 989
832 693
345 941
872 747
866 880
857 623
639 739
550 711
258 457
418 541
470 719
335 433
115 16
692 833
602 575
116 967
745 223
448 153
603 342
997 565
190 962
90 762
490 181
491 226
111 1
511 691
140 468
408 443
887 348
122 768
234 237
176 811
374 765
338 719
422 173
637 658
142 131
250 364
248 467
470 520
795 87
664 572
736 642
721 35
956 526
970 644
484 755
831 912
514 737
119 133
133 464
547 773
431 527
659 207
666 82
897 795
147 796
784 373
206 638
715 824
336 411
429 727
521 132
113 493
40 471
459 201
520 133
360 525
650 545
274 620
738 616
642 279
518 942
837 325
760 576
89 309
701 671
741 870
651 726
139 184
557 989
272 500
127 324
974 122
748 973
483 235
323 672
309 115
335 434
238 230
751 726
635 212
884 140
822 229
435 731
634 761
616 436
573 473
200 186
686 789
909 970
117 49
595 167
470 64
719 297
625 641
48 982
286 972
556 410
475 516
592 882
504 466
75 347
532 537
915 595
649 430
171 195
516 653
798 22
628 227
956 127
452 839
263 6
414 777
984 664
143 355
243 37
882 674
129 528
919 411
383 829
337 349
97 277
323 241
10 831
583 338
396 12
389 763
389 13
660 814
931 714
202 65
348 189
48 659
926 313
542 924
469 374
159 764
273 26
951 690
216 750
182 910
574 61
505 227
306 935
844 752
366 663
598 444
857 452
145 744
156 696
235 958
385 208
274 451
819 102
724 446
663 924
263 684
956 423
570 341
281 836
192 566
186 845
641 553
309 446
679 317
733 354
946 750
843 595
256 458
232 908
580 225
93 439
327 440
692 403
838 866
721 309
891 291
822 756
848 911
31 37
795 266
942 764
465 956
10 174
704 662
191 155
209 788
608 423
765 969
298 649
420 193
635 840
918 59
109 529
538 301
696 15
29 570
999 774
171 199
804 93
886 568
95 875
250 647
97 554
900 381
733 392
525 318
962 70
45 891
689 697
788 990
191 955
261 219
234 632
347 293
8 813
381 738
718 887
380 967
629 233
441 331
935 132
171 936
418 220
821 664
504 214
722 194
715 143
275 649
247 56
480 100
203 82
11 16
185 194
564 417
222 286
232 543
143 742
352 998
413 397
760 162
494 929
161 504
86 202
827 125
857 842
479 503
457 159
231 359
137 22
202 395
139 138
521 47
521 103
720 158
178 970
792 101
769 549
451 837
535 5
284 573
745 878
752 776
586 833
352 962
529 561
406 292
483 35
834 879
782 89
743 813
183 49
18 815
496 285
383 409
684 244
540 627
200 690
598 505
686 35
544 197
876 811
491 585
869 12
998 506
573 169
234 867
247 253
37 35
372 499
576 642
654 300
123 918
585 151
221 986
24 659
624 595
283 273
77 549
932 35
326 330
354 78
98 163
16 276
133 998
327 689
559 739
957 834
816 578
933 519
751 332
74 616
703 434
142 396
828 381
366 408
223 765
768 511
297 168
114 868
800 456
847 555
110 13
549 736
941 73
498 439
882 338
711 558
667 275
787 81
26 541
259 406
84 134
396 188
462 519
689 508
147 269
469 819
762 30
365 913
120 940
90 564
481 778
433 162
420 983
818 744
15 746
554 734
107 223
56 362
816 654
74 597
866 347
336 753
429 16
541 942
96 657
454 319
822 451
321 765
528 272
514 391
561 474
824 97
476 976
107 263
177 528
65 910
711 69
577 220
316 533
554 845
298 170
461 825
944 576
38 138
274 807
719 93
300 562
825 151
15 572
731 246
432 679
865 226
596 489
269 727
97 160
328 836
991 775
634 604
165 850
995 795
233 969
563 203
759 804
280 99
753 327
542 671
246 604
442 155
523 32
267 640
849 976
492 68
477 488
669 240
80 916
546 42
580 498
614 596
938 687
161 437
151 52
382 167
735 459
824 94
484 719
217 201
381 785
658 84
715 739
264 730
584 381
6 664
278 461
845 769
601 806
579 837
561 371
667 245
619 117
378 563
524 702
415 131
907 991
837 116
887 406
257 741
839 433
848 332
270 928
385 787
643 890
520 918
58 521
738 747
200 460
583 634
875 521
353 390
201 401
662 860
590 824
991 629
808 705
185 212
806 463
508 629
372 633
342 758
786 689
156 742
796 795
177 223
448 828
933 518
734 788
489 451
711 973
335 48
110 539
315 111
412 424
38 289
718 290
298 948
241 820
446 775
921 211
303 177
523 491
148 972
437 884
797 271
443 418
614 700
54 183
54 474
317 788
943 51
659 392
599 170
741 104
999 367
472 841
262 965
278 670
200 516
740 119
357 135
106 266
488 234
814 472
357 883
571 919
958 171
808 860
993 657
820 6
26 199
121 386
453 495
128 331
957 78
650 44
915 278
294 477
415 173
799 103
471 169
205 859
996 585
619 747
544 985
339 394
380 301
408 584
104 975
389 289
575 973
142 886
20 279
106 875
109 940
589 193
734 546
553 819
989 899
527 560
550 596
823 798
36 248
392 97
806 259
977 496
825 291
909 676
225 836
286 211
53 465
748 669
923 244
607 464
674 842
4 835
789 566
511 354
502 467
365 576
122 644
134 897
832 90
268 209
717 203
813 641
625 359
837 28
116 58
72 578
352 17
135 665
451 868
979 307
309 587
907 858
105 118
25 569
848 216
716 604
355 470
383 390
489 816
158 804
939 699
268 763
424 868
117 997
551 580
835 632
903 536
732 28
109 831
705 15
733 468
241 266
295 57
237 656
759 982
17 358
669 982
161 60
287 656
588 62
178 910
691 478
211 16
865 455
29 84
416 811
275 292
517 437
641 272
483 71
752 309
977 683
339 102
555 263
612 566
312 958
174 179
799 886
583 116
917 557
59 200
224 134
164 25
329 360
327 1
229 180
832 483
260 893
524 395
122 224
227 785
881 979
911 791
124 447
682 675
408 197
102 512
420 788
179 337
396 682
801 870
679 68
733 90
967 813
556 913
184 197
885 479
34 408
938 150
576 271
444 466
412 148
1 702
440 354
661 954
850 235
863 232
260 368
465 72
37 399
859 926
429 22
362 812
707 182
95 463
914 82
28 326
164 326
464 467
548 310
976 542
165 675
118 351
201 974
149 370
49 596
988 493
939 81
203 678
336 240
109 765
82 176
848 499
143 395
28 558
256 73
488 215
837 810
702 842
801 574
251 254
842 240
614 501
999 929
831 446
400 919
36 633
872 164
648 208
406 202
790 116
843 113
92 49
264 200
427 449
893 205
248 222
888 383
30 206
534 556
284 655
551 166
564 767
257 626
724 616
583 955
802 862
563 5
246 20
291 302
140 14
562 97
602 568
379 66
241 921
400 29
100 136
343 72
861 740
620 439
945 123
274 235
269 278
140 572
492 303
100 368
918 155
318 228
6 738
891 594
625 13
205 120
436 419
579 948
191 493
541 208
93 543
975 648
87 861
681 257
509 784
105 746
844 36
842 450
933 879
91 561
31 681
899 194
987 281
688 535
970 819
95 580
23 817
285 456
328 435
523 741
107 370
339 899
272 826
365 459
525 696
35 594
845 387
513 741
132 994
116 734
867 416
692 960
689 371
191 639
25 73
919 418
374 177
623 855
511 694
743 540
315 635
134 162
706 695
633 587
159 824
885 226
755 497
960 709
852 331
755 304
178 870
456 561
522 629
196 592
409 462
842 498
50 833
970 44
920 620
570 802
430 345
568 322
687 759
198 107
57 573
27 404
34 77
16 697
265 960
353 583
126 79
233 292
623 403
562 718
764 963
86 515
313 94
179 91
763 586
757 82
998 548
831 796
461 101
970 621
254 788
639 129
958 249
325 279
247 786
666 339
928 147
139 274
994 727
954 184
337 9
422 701
320 157
55 297
902 28
620 771
943 641
184 914
327 691
437 538
265 272
183 417
590 820
376 136
82 974
919 600
205 989
816 896
106 671
448 950
966 626
375 731
971 115
812 706
346 776
94 420
946 35
664 498
338 580
695 464
179 679
405 124
353 836
662 791
846 249
461 666
581 679
905 96
865 618
111 26
898 477
308 400
776 273
88 252
815 226
285 792
133 720
975 149
429 298
192 746
988 36
898 103
699 831
333 714
672 291
914 867
915 942
896 174
770 435
765 985
108 758
510 995
556 236
604 911
584 527
741 393
67 517
283 251
495 429
395 258
418 985
699 830
498 22
5 442
304 959
961 579
571 261
376 601
613 836
624 872
476 895
96 786
241 864
98 959
205 977
628 487
745 362
720 20
393 282
932 790
603 5
773 392
77 243
163 349
648 334
58 478
825 573
295 644
43 954
236 718
34 534
29 381
519 63
918 758
841 823
345 846
617 538
469 242
46 63
707 621
968 777
875 959
102 571
334 657
190 136
481 150
205 681
266 932
232 877
585 804
78 886
997 120
620 505
221 781
496 225
178 410
401 483
225 767
771 258
824 330
369 62
776 719
134 215
818 563
494 817
854 557
929 478
838 64
647 145
613 262
714 540
214 515
298 527
157 338
675 464
374 503
812 146
940 146
86 785
561 151
56 94
352 692
151 654
963 793
273 476
424 197
521 737
354 156
79 511
617 740
620 535
571 758
101 343
499 891
232 473
891 96
275 738
940 155
527 592
631 542
70 409
337 720
179 715
46 848
392 520
401 302
637 468
296 82
25 60
245 348
27 620
471 211
699 466
256 443
3 2
188 399
567 705
207 875
546 933
474 647
255 235
554 639
582 611
582 285
189 804
79 358
981 374
218 45
63 678
372 646
485 933
311 505
29 72
656 911
261 85
526 76
306 844
583 94
694 55
17 530
176 164
859 975
795 647
172 176
681 727
508 981
634 183
279 614
618 889
41 540
732 594
90 333
466 185
115 625
573 640
964 105
527 119
984 717
669 662
866 352
123 307
659 866
784 979
344 903
158 510
838 603
369 979
803 907
607 592
530 882
568 552
980 82
637 144
278 215
994 415
710 568
922 586
483 106
410 873
607 628
215 138
516 932
7 180
575 111
650 18
311 187
119 595
992 156
829 452
935 214
272 612
600 555
2 288
201 82
623 996
992 302
644 500
754 322
414 164
206 655
284 737
16 202
571 356
101 487
259 516
464 497
795 695
428 522
698 614
861 992
216 103
407 43
369 130
282 837
964 443
631 198
134 165
557 824
495 939
177 149
691 615
360 19
52 758
104 240
530 275
669 195
341 588
715 345
952 601
124 330
267 119
594 121
954 825
541 743
569 710
690 226
610 547
675 120
715 289
506 822
550 887
820 786
444 776
976 892
577 19
780 70
233 886
862 66
705 626
449 982
383 845
751 844
795 789
443 434
327 581
386 517
133 995
215 501
484 83
343 210
647 280
318 182
537 543
900 228
62 593
110 534
700 473
782 49
662 942
778 277
326 898
285 451
886 452
372 586
923 227
259 477
918 278
605 736
957 684
101 916
768 686
84 250
954 332
70 959
248 766
798 419
11 389
241 978
23 496
45 476
926 101
864 711
231 604
52 672
676 830
796 695
468 71
742 496
671 639
986 681
146 357
369 827
645 816
199 473
500 339
394 689
924 306
692 721
729 211
287 982
355 631
419 265
987 236
253 685
4 109
873 645
410 361
610 142
983 289
277 301
648 268
853 196
983 937
965 61
443 61
579 411
3 913
864 527
207 49
41 384
142 309
230 160
431 881
207 13
910 249
415 883
254 9
80 115
594 32
975 578
352 348
849 474
168 250
415 781
455 561
615 689
298 92
57 52
122 341
230 453
915 913
426 695
61 485
612 66
521 812
159 416
386 383
328 92
183 232
662 411
321 873
296 275
911 358
57 561
829 602
581 65
430 976
318 554
315 993
386 295
114 152
760 747
500 78
788 492
171 900
770 28
412 131
750 1000
504 886
282 229
103 235
964 766
593 468
794 917
604 9
959 72
930 336
542 181
854 267
482 441
815 16
117 69
167 437
126 138
415 66
397 185
992 680
753 934
857 61
270 734
621 236
75 611
714 147
874 854
498 302
790 222
292 239
7 819
614 707
884 400
945 894
695 994
492 105
615 660
210 274
274 604
316 286
115 319
545 415
400 524
128 303
498 677
134 315
853 674
751 434
299 463
875 703
549 29
648 790
596 595
921 796
822 849
242 559
433 915
439 781
98 84
29 305
839 676
169 514
544 159
475 227
548 45
936 489
6 532
791 340
678 239
576 836
394 144
760 734
351 680
771 233
90 199
933 885
301 464
451 350
701 102
762 409
24 259
803 560
274 30
578 760
269 991
930 108
598 859
871 856
448 190
626 356
790 306
375 414
342 815
315 17
242 276
851 136
586 811
358 242
837 561
379 395
634 705
710 545
327 854
68 26
575 918
854 112
411 676
691 421
534 283
262 865
273 803
241 675
755 124
767 163
574 764
405 730
578 738
249 193
580 651
148 850
108 94
190 286
622 40
869 838
855 873
209 907
454 847
316 581
741 423
448 779
433 905
277 124
100 198
351 557
937 861
20 593
609 903
656 373
402 586
493 804
955 673
641 75
820 70
929 991
475 356
596 710
176 753
209 935
971 596
462 593
658 855
819 992
387 418
939 630
938 316
931 903
400 138
139 265
215 5
82 851
450 26
908 522
371 956
685 880
400 324
321 60
423 973
984 481
403 140
124 218
607 985
14 286
284 380
727 384
845 502
413 828
935 525
103 864
370 364
21 759
675 158
683 8
381 192
386 773
741 635
318 801
148 491
176 130
69 411
895 83
640 662
224 207
935 237
545 54
979 435
810 481
923 899
128 848
199 237
872 900
969 150
446 836
13 626
28 244
279 850
50 310
186 235
669 353
682 223
148 958
165 553
320 703
749 684
963 38
407 284
394 384
478 212
102 823
941 255
458 627
489 32
11 277
20 127
851 982
929 964
9 86
600 864
715 354
944 506
589 301
242 360
218 284
588 388
541 867
112 201
129 567
918 903
844 49
452 986
551 755
807 757
863 777
295 188
260 401
906 764
47 670
264 343
907 765
780 143
742 909
680 437
869 435
861 821
607 239
841 636
816 240
636 346
601 577
657 964
418 33
410 428
386 114
378 473
263 315
774 952
258 118
8 209
133 599
835 15
922 92
186 417
463 844
934 663
775 565
979 118
330 476
334 635
505 578
141 298
638 122
216 53
630 617
752 440
878 336
100 379
636 869
277 233
164 912
19 58
577 148
608 329
74 920
7 744
215 240
626 483
525 105
295 568
382 908
567 524
294 746
974 859
668 853
740 146
273 903
980 739
774 762
370 764
274 200
459 50
678 581
933 814
707 554
463 66
603 742
290 591
971 517
764 678
754 259
134 577
174 610
966 36
987 985
951 779
380 375
664 555
427 956
249 531
326 252
194 93
84 986
796 621
40 690
147 197
562 645
759 227
778 604
162 194
800 979
94 831
215 912
293 441
441 473
356 929
112 941
246 356
833 90
341 929
558 486
192 926
9 367
576 759
336 691
844 399
236 775
591 987
343 606
934 374
186 474
329 813
679 920
324 752
240 68
693 100
626 233
106 187
585 236
787 743
174 904
886 538
359 488
875 859
908 338
750 595
542 978
732 122
266 340
139 898
745 646
440 255
917 555
332 590
258 766
806 597
515 968
122 387
329 808
150 313
686 154
210 886
384 713
366 705
931 568
201 789
532 832
257 764
582 560
330 618
700 373
928 708
467 255
730 897
229 551
695 947
99 969
709 982
68 735
813 423
64 385
183 48
817 944
144 675
630 639
736 329
932 130
419 498
530 560
240 268
198 487
791 803
936 408
805 134
476 867
196 980
217 220
804 907
226 707
784 246
313 519
415 981
860 580
189 990
580 831
623 860
363 896
331 808
259 774
426 309
466 685
541 43
994 912
600 70
915 206
929 464
292 219
298 234
95 868
564 815
715 476
808 965
273 831
514 881
830 283
110 573
196 439
252 669
931 752
384 278
357 712
232 780
44 561
14 902
780 305
925 122
80 278
493 140
157 444
835 970
655 666
23 717
372 698
644 660
352 833
937 536
625 964
105 91
186 922
269 905
510 346
900 517
895 574
782 339
865 884
732 430
690 539
14 246
425 991
100 486
729 172
53 288
60 102
429 737
237 841
429 293
260 290
804 454
580 259
675 629
238 933
200 452
704 306
222 450
585 686
908 704
398 999
493 251
70 323
97 996
901 418
783 626
657 379
407 703
776 445
990 603
889 301
330 707
253 696
945 73
535 150
945 80
1000 372
45 378
662 613
784 600
576 103
794 584
932 678
411 437
737 700
720 95
750 337
607 554
702 890
239 203
636 744
865 397
458 573
843 326
968 110
471 683
273 538
922 785
34 447
505 149
434 61
322 659
983 221
472 823
790 757
259 325
524 864
371 345
643 498
310 59
334 65
432 52
424 548
659 902
537 17
516 960
515 561
776 927
50 149
901 75
400 311
80 146
610 668
837 645
156 749
334 654
987 667
986 120
473 462
291 800
695 722
661 690
34 347
837 142
88 468
938 440
447 235
536 975
900 768
870 852
820 13
222 151
508 942
785 54
930 475
738 236
42 921
444 73
568 563
761 814
369 673
104 806
977 448
870 416
29 14
888 828
481 879
484 821
257 255
34 335
144 567
663 677
358 737
396 713
460 988
753 6
882 643
334 292
608 852
365 222
307 749
428 83
970 146
846 242
900 57
102 883
672 955
487 997
621 182
933 36
102 99
80 163
714 810
642 749
820 339
835 974
143 736
284 241
868 367
476 684
384 995
774 791
944 589
568 846
751 96
212 848
420 110
915 187
540 706
515 603
786 557
797 899
148 1000
996 749
787 612
987 423
606 799
839 666
390 368
177 318
561 152
935 45
582 563
145 667
728 10
654 921
227 531
485 389
79 475
581 651
791 93
892 797
18 713
47 698
694 341
923 64
906 651
474 242
791 870
412 667
102 556
827 187
876 375
568 125
376 694
211 786
809 173
474 171
657 503
826 123
830 274
249 259
173 911
587 474
64 253
667 11
877 471
340 87
258 330
492 421
576 773
35 921
612 667
75 977
415 390
451 62
11 458
786 783
171 600
998 539
558 565
715 104
594 624
838 975
182 403
871 378
241 307
609 459
760 892
902 503
287 334
799 880
651 104
129 50
274 168
396 490
648 969
977 899
300 701
252 595
56 782
278 267
970 832
780 615
646 852
165 962
891 841
690 800
62 710
747 765
290 848
630 729
458 548
182 700
567 24
493 152
869 484
758 10
705 907
255 981
8 896
646 974
708 894
667 527
880 429
745 345
605 857
33 143
86 951
211 123
957 313
319 941
8 756
375 496
587 276
568 757
489 16
266 75
373 755
666 452
120 293
542 89
927 516
571 537
614 605
485 294
941 308
742 18
406 481
109 840
909 143
332 703
170 49
882 649
237 507
12 164
738 900
82 293
899 66
770 306
403 35
417 563
176 511
832 533
281 294
102 996
405 465
752 457
950 781
109 51
274 270
487 772
402 501
370 383
544 759
26 454
344 848
845 732
79 229
93 316
473 951
339 961
876 616
299 775
20 793
406 119
329 823
938 911
759 210
634 382
195 798
208 111
757 699
254 456
114 326
336 818
926 748
174 658
239 212
462 32
948 426
20 331
650 209
772 713
638 478
535 850
651 852
603 746
546 749
615 7
134 294
530 556
100 784
674 904
445 912
334 975
311 164
913 695
801 691
620 579
942 532
792 818
64 426
149 362
882 841
630 263
734 198
642 670
737 44
606 571
64 541
41 820
466 977
525 748
953 438
588 927
856 963
89 270
775 342
743 46
1000 111
355 679
485 962
223 821
174 968
513 944
683 721
913 450
115 270
31 831
377 641
41 30
654 807
468 909
541 598
657 909
598 724
930 807
835 541
710 712
108 842
953 542
26 689
574 621
248 426
420 34
155 257
43 827
976 829
645 258
897 431
505 262
814 11
477 489
375 587
185 591
246 95
819 855
508 29
380 557
290 441
293 351
637 62
163 44
906 34
448 293
3 647
239 217
443 865
975 36
642 552
807 1000
707 90
556 452
643 555
267 81
635 791
938 958
583 718
722 213
500 834
745 69
36 487
460 303
764 164
736 325
593 631
271 102
491 40
844 926
347 595
63 439
682 770
799 784
567 835
297 383
585 113
612 401
780 550
392 300
861 650
138 2
449 288
48 383
378 520
698 312
937 346
662 476
400 617
546 57
838 510
783 975
2 854
661 125
900 222
695 570
934 488
329 941
139 302
59 782
185 188
911 328
325 902
218 502
469 844
599 820
19 968
106 301
436 30
122 42
562 229
100 22
145 766
792 990
374 719
273 142
468 913
941 464
895 851
785 82
548 958
664 991
86 988
972 338
689 886
56 776
900 501
703 753
701 141
248 211
483 822
407 929
683 581
80 781
680 623
177 8
152 150
303 390
899 738
500 375
8 318
975 289
900 686
972 98
203 122
457 923
548 617
237 777
917 328
54 761
377 1
138 811
955 394
367 591
336 879
395 266
945 664
29 360
719 942
429 516
635 892
580 468
257 941
452 71
954 944
173 641
377 656
430 816
617 729
674 424
630 670
666 126
9 169
896 510
574 825
558 661
407 215
837 244
393 456
7 409
813 934
508 268
70 958
215 190
916 856
469 583
842 775
207 838
799 558
220 107
157 502
179 801
331 203
736 508
685 786
909 928
909 454
171 417
826 416
74 933
263 102
551 682
481 606
775 435
148 245
666 291
707 405
717 901
211 530
422 296
397 37
45 261
352 185
794 87
27 825
47 172
127 525
106 305
936 872
816 521
139 507
471 400
521 370
139 289
618 951
600 494
391 987
346 732
396 997
487 292
766 640
845 356
199 744
164 614
205 414
307 653
779 873
292 791
110 430
863 765
533 692
114 46
401 285
979 704
175 370
77 263
978 733
794 690
627 620
553 73
809 86
86 844
617 160
134 350
77 625
364 614
266 107
276 938
19 702
288 408
840 417
380 604
300 743
946 198
556 489
534 467
817 605
26 639
499 677
418 741
800 900
587 529
428 68
95 212
543 698
33 151
175 135
393 755
71 674
750 365
29 286
854 453
821 747
719 450
489 61
557 848
845 92
208 803
176 479
137 662
806 71
628 241
870 59
463 473
936 249
748 446
24 301
326 262
296 426
686 574
217 865
849 68
700 660
726 490
84 558
339 67
234 403
230 345
436 815
133 18
93 146
382 548
915 673
533 45
459 773
945 30
212 141
371 919
439 734
52 939
827 913
127 86
139 884
507 406
302 588
186 573
401 177
247 292
527 95
1 577
890 746
295 456
59 89
35 656
481 944
68 181
146 503
443 423
202 853
443 67
600 87
962 389
935 517
792 743
418 995
633 170
276 806
166 85
735 628
755 797
621 792
258 616
927 722
690 91
956 550
985 127
996 24
811 552
168 64
37 706
759 543
73 211
859 175
861 201
970 61
175 932
359 609
599 432
353 34
31 627
57 609
527 859
385 573
743 885
831 795
951 359
528 389
908 555
827 239
981 576
415 758
770 132
269 530
135 768
408 245
130 486
632 528
71 748
342 446
57 8
394 217
288 109
928 787
689 738
198 3
342 24
863 290
105 760
180 531
498 875
904 220
577 948
913 612
941 648
135 108
404 111
643 402
73 432
384 46
274 178
775 796
84 516
155 578
138 235
464 2
395 814
412 763
92 917
339 628
642 276
595 199
605 81
363 323
881 255
426 644
380 292
517 540
20 223
612 285
309 301
726 573
941 786
473 722
505 97
555 990
655 765
536 338
352 150
997 755
551 282
925 430
108 6
440 792
340 659
949 590
317 27
58 967
709 560
127 535
679 854
225 342
161 682
170 872
357 693
426 500
975 50
411 147
449 638
201 489
403 754
969 478
201 525
383 990
453 253
381 322
716 540
717 875
988 837
819 645
748 361
878 933
668 704
300 729
341 829
241 612
883 462
752 101
441 897
156 474
561 87
922 87
697 105
215 250
888 59
928 233
556 905
579 913
681 474
799 730
835 288
417 925
162 668
710 180
357 166
772 557
387 10
501 731
85 453
78 495
992 431
63 424
532 453
34 877
669 1000
18 475
94 132
577 891
679 719
732 630
311 784
35 786
649 176
480 7
514 823
579 717
952 607
65 23
917 171
293 779
895 7
388 108
532 26
249 701
783 969
724 30
408 145
237 296
573 71
887 482
701 755
628 861
208 431
957 230
773 873
606 973
503 594
8 838
567 549
407 408
407 954
177 495
771 918
542 165
202 695
757 309
382 201
265 907
494 908
928 651
862 985
220 258
106 578
506 850
553 469
835 680
452 252
30 100
361 213
557 52
761 288
414 654
696 190
988 829
595 278
694 35
582 167
72 981
955 398
428 552
851 801
739 987
7 683
66 780
99 320
195 990
703 769
758 593
423 535
596 683
189 633
799 580
620 845
493 650
47 237
22 982
929 832
719 348
863 886
695 241
642 875
733 74
466 987
881 407
979 498
152 981
290 569
988 921
207 190
98 441
156 724
295 673
978 324
691 480
46 186
106 762
16 70
395 53
881 356
12 299
7 40
118 514
384 892
345 302
952 313
240 909
608 497
67 350
868 364
832 57
775 640
68 957
365 300
18 953
398 236
640 84
218 788
293 825
278 173
863 557
862 49
493 220
156 703
357 337
776 846
779 145
706 323
169 1000
840 330
952 710
16 805
786 203
108 469
948 235
385 449
146 550
436 937
811 457
552 421
636 701
114 883
316 403
367 330
813 827
423 67
647 898
767 920
300 765
989 522
858 20
458 258
934 941
22 313
854 309
202 704
989 619
273 681
436 26
128 81
420 552
289 374
93 620
582 101
136 125
117 508
726 759
128 789
317 398
27 742
906 830
316 648
815 885
970 723
333 884
457 75
979 481
947 186
444 38
941 545
628 635
330 423
545 681
675 289
671 645
342 840
85 217
776 862
651 151
983 218
172 127
933 219
291 581
848 231
55 513
964 966
522 861
566 870
139 331
350 598
212 945
237 728
626 78
675 972
217 837
128 242
890 838
563 348
748 89
7 973
330 917
571 903
983 21
250 964
760 945
464 989
413 440
822 116
878 357
178 889
897 195
95 708
209 514
261 100
748 849
22 563
684 679
909 307
48 104
222 308
430 263
349 727
744 763
657 502
414 909
272 541
708 558
854 699
82 910
391 420
591 840
33 983
577 625
711 526
970 898
942 428
966 85
312 203
45 182
634 331
29 293
876 956
633 991
281 368
992 137
2 796
359 330
335 449
510 712
631 914
486 455
612 833
807 58
226 569
380 194
693 482
117 520
19 369
393 298
442 665
172 233
983 477
413 418
891 391
103 632
689 579
85 473
310 571
66 199
128 64
388 210
454 118
581 39
584 983
727 521
851 960
700 784
297 419
805 213
579 510
576 684
578 780
383 895
685 673
493 99
26 802
633 800
124 593
725 791
129 214
553 451
540 40
967 22
969 639
56 233
430 165
967 64
114 154
239 369
364 144
605 734
172 523
946 251
67 473
104 746
475 958
10 73
935 409
4 879
463 103
572 544
10 987
511 430
473 498
812 830
212 672
865 990
563 496
62 70
798 535
169 949
669 334
123 927
375 806
652 184
612 596
36 366
727 36
493 38
905 246
91 616
528 208
752 534
735 352
942 430
782 720
399 793
102 930
729 649
392 967
943 131
221 870
4 414
14 864
823 594
133 636
327 24
446 803
585 389
295 619
616 860
600 147
238 983
947 482
868 703
587 319
913 407
657 913
741 643
214 672
205 740
36 982
960 311
44 992
492 414
177 541
17 405
31 360
786 457
604 123
928 469
144 434
988 290
508 175
744 222
143 128
888 237
177 905
391 897
585 815
596 281
188 342
477 601
466 834
75 747
697 349
686 466
847 547
545 877
617 537
522 538
140 808
143 479
50 929
157 859
207 48
105 452
92 68
705 112
615 643
893 901
504 604
553 876
389 769
419 286
554 599
745 912
909 464
440 835
564 536
266 660
129 329
895 202
141 472
790 712
813 336
30 52
232 639
313 35
268 906
147 287
352 756
914 721
507 408
497 528
968 535
944 219
801 275
10 421
199 992
594 139
284 121
153 467
441 839
518 613
478 924
148 289
968 684
331 480
617 843
755 672
593 238
510 722
745 627
82 62
449 858
172 391
68 409
229 395
831 76
787 535
396 935
486 669
533 419
6 883
195 436
179 6
232 58
734 972
824 248
641 633
52 650
374 229
729 791
993 514
992 644
260 4
640 967
446 935
665 977
698 548
344 895
175 848
957 209
969 388
658 204
752 981
427 156
265 125
502 764
52 764
246 512
933 364
367 385
735 524
661 2
473 543
941 162
797 9
466 176
499 569
980 314
232 16
762 214
317 481
654 376
186 440
570 114
743 249
615 614
973 799
567 607
241 214
359 507
615 659
131 605
692 149
25 102
1000 311
810 610
892 859
621 779
643 620
999 997
976 504
100 943
906 38
63 707
180 663
686 862
751 825
370 991
317 775
140 231
982 635
88 967
593 317
756 419
905 22
132 371
144 46
359 483
991 613
28 176
442 187
301 955
15 708
880 771
312 813
405 562
832 698
584 534
743 584
989 221
176 222
271 760
722 523
695 282
927 601
936 452
305 64
846 533
651 757
540 69
551 537
706 510
556 490
180 302
632 133
562 886
261 176
784 338
278 318
12 725
708 171
401 44
131 101
154 265
127 368
330 445
217 46
711 724
313 24
891 242
124 29
237 801
441 662
20 531
159 647
394 551
858 173
911 759
656 338
827 714
504 110
938 545
614 852
699 922
930 611
740 435
436 115
255 684
474 414
56 1000
383 663
465 293
345 855
111 456
663 623
119 987
542 746
157 357
519 309
207 355
388 205
451 379
439 424
236 231
502 45
846 308
214 571
4 203
324 136
757 227
493 707
224 897
279 178
186 513
863 512
826 157
961 538
632 569
150 223
215 179
978 100
45 56
465 299
739 645
656 915
469 115
428 338
184 246
379 60
242 104
528 425
684 983
509 149
480 522
117 285
179 509
219 102
486 827
113 171
536 414
445 277
576 246
399 360
726 900
684 390
861 347
593 504
443 446
995 159
924 766
66 363
853 624
487 547
837 485
714 681
153 758
846 503
122 979
817 537
224 762
902 774
46 379
287 506
503 408
986 540
944 396
898 846
170 32
564 218
268 507
782 384
905 440
720 27
83 109
639 880
715 164
841 945
701 355
500 45
661 11
61 621
791 712
359 40
395 751
3 188
750 410
637 824
859 163
949 883
114 855
798 598
778 134
977 245
357 333
805 788
204 777
321 794
692 356
27 615
502 810
8 591
904 868
162 990
633 930
949 400
308 733
657 735
610 714
714 290
698 657
496 764
715 793
501 974
964 423
727 203
346 296
760 837
821 900
47 924
240 933
934 918
984 960
935 30
866 408
972 486
971 217
702 613
124 605
445 988
719 720
545 131
634 917
71 118
12 174
781 933
695 457
14 99
690 471
382 981
340 260
74 972
199 634
52 815
776 722
473 202
861 436
269 995
87 98
990 213
483 289
736 138
832 138
605 872
302 313
370 83
616 354
40 275
314 73
421 571
910 315
434 400
738 120
546 678
889 309
903 450
461 90
842 73
476 592
272 946
703 493
308 99
226 103
504 334
485 115
639 290
279 514
461 832
704 721
661 143
177 780
14 293
48 429
576 217
558 953
567 297
50 669
325 914
507 885
345 537
885 585
93 481
441 575
14 519
807 332
591 76
487 410
730 49
269 170
437 12
425 119
485 727
699 943
664 117
728 374
333 861
736 617
723 852
201 24
713 994
296 683
836 746
247 789
384 317
617 148
658 755
733 456
105 624
541 34
853 522
109 736
674 585
787 854
520 931
485 877
658 275
129 804
569 829
50 776
221 53
773 645
469 404
212 317
104 286
36 661
366 648
778 859
407 493
265 723
141 601
752 236
366 498
766 974
948 364
107 551
868 118
156 644
237 685
113 838
910 723
739 142
942 637
372 790
103 438
240 92
312 853
531 591
452 12
596 559
204 390
415 516
663 113
358 904
930 553
625 64
807 195
54 387
145 612
526 979
521 199
583 497
358 27
827 404
68 766
924 544
707 343
301 285
363 901
566 197
461 382
284 392
15 828
352 294
102 245
456 858
266 675
19 444
861 248
865 12
213 911
666 925
116 937
962 970
823 55
61 148
22 725
38 786
477 588
641 544
102 751
222 110
282 582
150 330
970 994
795 415
175 851
896 605
593 517
338 809
871 194
824 641
175 221
371 980
586 760
689 311
373 498
110 31
529 879
427 86
964 884
636 397
496 632
173 914
204 566
418 238
535 159
289 338
360 136
154 921
993 744
897 324
943 598
404 140
551 135
130 597
242 518
962 783
796 631
473 905
390 855
662 867
561 585
452 540
811 712
571 638
73 827
703 897
873 971
999 944
134 984
406 603
143 415
439 465
510 621
295 939
380 689
931 674
451 466
941 483
779 561
359 864
395 501
726 157
963 513
51 697
522 30
391 745
87 243
398 918
916 655
54 576
179 374
723 888
708 91
362 102
13 277
774 517
42 247
354 997
267 469
322 709
462 341
82 256
52 112
508 880
140 629
340 396
748 992
78 692
732 571
30 382
943 544
781 656
325 637
126 948
607 570
665 192
55 438
71 324
695 387
393 459
374 690
62 922
867 727
963 248
468 479
557 625
446 521
882 31
829 633
429 827
744 944
50 275
968 895
93 203
717 603
405 236
711 100
985 278
182 579
562 206
762 512
434 538
814 824
213 126
569 446
737 375
196 331
417 434
253 681
368 479
93 500
14 31
224 176
323 730
109 813
430 193
603 201
890 442
212 491
135 870
223 217
609 224
961 622
36 469
591 125
117 613
230 896
744 278
621 23
648 821
600 694
352 526
106 558
384 183
964 135
804 205
536 331
341 348
797 476
112 153
968 340
788 172
49 573
166 124
444 960
437 766
531 104
689 97
479 655
991 39
201 530
205 45
511 116
710 218
485 895
900 909
172 157
938 897
943 560
20 633
672 197
193 419
156 951
116 292
434 908
579 960
574 327
646 301
771 25
9 498
370 245
728 350
234 176
264 475
979 772
9 827
533 317
556 202
555 786
619 731
358 742
9 289
5 723
918 208
702 16
807 913
549 426
708 180
228 600
395 223
44 632
763 535
633 875
239 468
144 182
653 123
619 7
481 457
423 652
369 80
358 87
541 557
436 186
954 44
390 833
785 586
956 802
690 702
594 403
281 851
978 998
199 806
634 801
641 363
480 325
403 382
756 189
738 561
272 245
84 19
655 484
20 368
667 505
812 243
11 533
990 242
804 105
221 247
15 992
269 458
649 665
469 232
549 962
620 761
898 459
12 286
893 281
482 696
351 312
512 8
367 704
914 967
523 858
730 705
130 965
953 668
651 822
808 902
634 54
533 707
65 313
802 949
691 301
759 81
684 872
281 590
399 388
279 532
905 284
255 867
861 77
146 703
642 57
905 499
563 690
523 392
415 246
395 542
838 458
98 698
14 349
541 329
733 240
408 403
980 587
267 421
331 400
703 23
204 643
221 369
697 199
450 578
113 186
476 420
737 32
517 731
501 28
474 373
155 171
700 294
189 405
569 509
640 341
877 220
197 514
461 229
95 764
46 314
825 716
434 730
960 986
765 523
805 879
72 25
196 79
825 775
234 958
128 822
540 903
950 351
872 146
761 712
474 187
652 872
81 639
830 726
221 649
607 290
946 41
556 292
66 587
365 774
172 709
184 130
485 931
781 184
794 346
151 571
333 329
365 3
87 746
259 332
589 841
764 900
532 648
642 307
538 679
492 91
734 337
531 979
135 572
681 283
200 720
951 312
102 853
555 118
168 143
439 157
246 714
435 502
773 128
932 132
800 349
574 589
18 163
58 989
745 543
758 788
973 442
546 871
50 201
631 666
868 100
36 49
233 98
307 844
193 863
593 786
492 727
389 616
112 823
617 495
68 974
114 193
964 149
795 208
643 715
388 239
276 158
4 965
286 612
692 870
789 825
436 750
286 912
414 150
686 578
783 6
446 642
67 649
506 993
525 657
589 613
840 826
480 698
938 196
505 808
91 129
76 280
280 797
935 98
740 972
55 387
551 131
686 188
733 372
143 470
690 671
680 499
19 406
942 270
813 387
815 786
605 479
343 522
165 215
936 98
44 564
700 623
562 771
937 849
993 624
724 657
748 751
770 335
713 735
166 438
950 160
232 930
36 914
496 68
777 398
309 15
704 52
104 159
189 615
979 767
788 588
168 940
944 751
229 741
559 385
423 158
51 639
526 948
130 785
852 999
199 886
262 807
242 527
323 25
602 41
581 339
795 815
584 445
482 100
729 540
814 530
748 988
82 971
21 25
1000 849
578 575
964 976
168 30
103 311
651 84
396 265
728 392
268 567
360 716
969 206
895 674
856 14
926 257
16 505
637 225
340 401
304 370
269 319
595 674
423 110
879 188
115 416
484 777
901 628
402 525
961 958
521 59
734 468
263 329
208 194
517 137
677 664
51 530
968 301
810 783
883 627
296 225
703 190
473 125
929 681
675 632
382 838
826 619
61 112
899 887
899 959
843 842
136 67
1 720
623 171
910 17
500 998
536 667
518 743
925 404
996 673
404 854
757 250
64 278
392 952
188 770
1000 691
840 290
685 386
921 298
903 405
200 879
838 125
860 177
845 683
158 69
613 368
349 235
709 266
923 275
654 61
973 96
258 184
603 72
151 629
104 404
836 841
313 810
923 36
901 519
750 302
193 362
147 591
102 697
322 443
276 571
283 302
241 11
490 443
9 88
186 575
122 424
546 188
815 298
443 935
886 254
123 921
651 657
309 226
677 619
282 988
373 831
654 588
364 805
135 595
975 121
73 577
29 683
441 144
204 445
570 334
366 351
785 610
994 92
715 98
417 587
314 754
447 413
202 108
717 682
5 228
709 825
583 633
555 337
869 524
199 668
959 251
767 782
563 924
428 852
858 522
307 174
9 112
936 545
994 570
438 69
459 843
532 420
832 14
87 3
775 318
250 247
455 854
666 735
407 777
737 644
780 105
619 384
497 399
727 832
364 611
653 646
11 543
490 317
243 586
860 915
98 195
548 678
180 1
83 315
139 126
681 967
22 505
614 98
635 577
150 896
987 981
550 488
465 399
662 60
647 837
827 421
445 867
120 1000
957 340
12 714
289 989
628 504
477 444
288 612
548 860
628 498
391 359
619 876
173 490
548 356
909 960
122 965
961 998
341 633
947 89
637 101
858 505
22 437
333 263
557 784
736 808
540 527
567 33
240 893
601 402
405 813
542 291
434 983
18 100
613 470
912 865
355 833
573 245
887 591
321 663
265 794
679 924
413 935
375 830
592 147
566 683
432 669
311 441
98 239
985 476
927 465
840 740
983 602
702 786
502 390
565 95
651 785
244 887
623 969
261 479
951 661
187 791
997 789
763 764
959 432
976 809
908 74
333 977
170 829
607 334
604 109
110 860
367 912
959 994
909 117
969 77
183 544
773 675
518 92
622 780
756 588
978 838
85 973
591 677
789 626
442 276
199 469
748 747
150 411
355 728
142 939
147 828
784 484
963 593
683 217
666 609
58 978
158 263
440 985
796 651
3 766
875 479
770 54
60 55
296 761
446 390
416 674
137 694
628 974
789 185
773 592
439 8
141 908
983 424
814 89
873 155
706 907
491 571
861 446
485 896
775 975
996 629
715 158
569 589
736 470
63 502
255 629
550 877
680 629
252 434
680 371
7 657
550 125
935 272
861 739
183 828
13 409
736 264
906 531
282 673
475 455
898 136
216 726
522 511
737 714
73 925
180 259
456 849
916 547
300 363
326 766
423 530
151 397
159 553
72 672
921 578
645 371
893 441
460 979
187 19
280 423
98 227
503 956
443 827
556 143
412 20
897 414
122 115
120 937
496 797
820 448
618 872
451 921
993 291
768 327
579 704
307 945
554 879
87 554
726 411
538 402
452 790
647 533
11 616
200 358
372 745
209 551
717 681
293 458
456 70
425 801
260 938
40 884
158 410
316 942
20 1000
406 639
538 212
567 786
842 137
391 245
526 292
369 869
379 959
502 606
460 39
674 433
735 783
245 817
580 710
517 482
183 678
787 768
480 319
818 934
133 653
417 926
277 515
880 177
217 502
255 445
596 352
927 262
225 712
182 546
148 966
262 272
362 458
387 470
720 881
243 819
842 555
433 480
847 788
710 160
912 316
185 735
543 273
786 178
621 528
207 693
555 989
388 43
162 426
631 108
23 578
795 744
802 164
23 592
776 740
759 489
927 368
959 703
608 360
170 383
49 857
780 110
640 16
897 625
325 123
358 305
717 222
227 730
266 539
365 118
593 376
984 541
772 866
24 975
736 683
887 436
425 950
24 1000
419 431
494 888
764 133
929 156
412 503
71 72
158 474
98 479
264 882
93 189
62 189
931 36
512 29
517 390
821 823
92 513
959 650
535 145
787 839
388 912
501 653
663 821
296 66
478 559
98 734
627 104
95 11
52 444
719 128
725 240
976 795
907 664
789 980
624 805
571 739
176 839
8 301
79 973
340 91
285 954
756 234
253 641
840 309
16 844
643 345
4 533
920 661
16 436
92 436
589 490
474 163
781 225
625 750
355 186
533 688
416 947
405 390
577 416
822 27
32 583
491 280
701 993
333 775
840 437
943 26
30 666
889 278
909 982
877 39
11 847
268 686
133 146
155 325
938 250
431 316
678 704
546 784
972 904
493 491
671 204
678 726
821 558
502 321
992 436
935 171
40 173
754 539
440 819
810 336
829 748
678 718
608 818
344 974
261 8
209 868
121 71
561 133
304 135
511 131
293 8
715 471
874 288
624 366
931 820
608 324
501 927
112 583
569 407
515 836
237 145
491 27
160 477
961 672
274 415
752 381
329 179
442 194
688 726
930 693
811 611
539 333
862 57
950 730
855 746
892 396
341 668
135 188
173 413
50 283
601 167
410 247
61 45
60 220
902 364
520 835
716 447
102 704
647 629
608 386
95 349
926 552
181 868
299 586
580 320
932 321
527 266
910 185
539 94
664 404
869 863
626 131
75 242
256 649
690 495
861 971
655 106
152 853
602 88
724 313
354 461
575 788
837 27
167 872
394 336
940 485
686 216
633 251
572 292
957 25
330 397
406 380
106 930
267 921
825 854
349 464
632 840
315 502
351 951
605 655
720 930
433 938
87 74
63 609
803 213
784 392
12 816
79 416
533 735
860 962
439 293
106 548
790 469
697 494
564 194
981 581
149 831
286 575
46 593
695 910
391 607
410 480
496 580
726 51
828 799
80 870
854 449
174 893
668 427
303 436
662 806
340 924
469 23
100 748
580 788
669 828
739 96
373 657
843 167
547 397
534 240
369 424
94 642
936 472
723 496
802 953
875 495
642 387
637 226
385 583
242 400
776 619
201 882
344 325
588 75
35 284
800 977
575 821
254 890
204 912
285 527
333 169
532 35
688 79
950 285
844 674
452 483
365 431
138 772
623 134
137 909
587 326
323 196
260 113
429 317
186 833
400 274
698 18
312 518
139 136
423 782
525 560
781 237
437 603
968 51
680 596
565 993
430 661
979 139
824 91
625 400
151 21
572 756
534 836
798 820
518 55
180 6
285 337
120 176
326 877
274 455
88 276
878 182
80 174
104 949
383 444
996 77
128 925
869 649
719 225
627 141
793 247
212 813
577 212
163 505
227 687
424 924
21 770
169 526
307 769
454 444
459 28
829 799
96 796
619 638
114 130
743 789
124 56
593 242
669 690
946 123
785 365
567 856
257 992
485 941
211 382
604 712
186 380
935 18
987 781
899 496
262 588
790 94
309 602
102 206
796 530
282 841
888 616
366 752
783 826
349 854
765 851
903 505
149 764
355 97
626 803
407 846
275 66
581 385
930 632
846 560
430 654
873 597
176 533
265 609
592 91
593 258
285 116
446 120
980 212
465 862
84 671
501 425
502 423
76 726
852 439
187 79
746 383
229 401
14 235
77 266
155 178
326 208
444 164
673 821
696 188
461 246
661 799
1 589
500 915
208 987
148 321
396 24
258 219
505 87
453 120
183 438
532 336
532 680
138 175
1000 149
574 554
787 935
601 920
954 186
666 583
564 185
605 823
414 51
402 169
580 876
549 620
482 749
777 894
245 211
54 772
920 807
722 683
454 226
583 698
56 614
574 837
488 668
472 366
602 450
636 454
98 549
214 318
626 250
137 936
812 910
454 815
524 605
737 379
343 291
942 22
740 696
530 497
958 895
457 487
630 489
687 487
63 668
273 773
563 742
421 540
335 281
287 881
33 375
160 903
89 414
202 32
615 71
946 590
61 69
980 753
708 316
395 992
408 632
261 893
890 880
550 756
858 691
751 838
868 766
202 915
316 186
781 683
328 720
914 620
580 900
413 36
331 263
767 340
332 637
821 155
507 43
288 131
830 333
206 549
804 706
716 240
995 171
704 685
501 147
637 349
309 895
90 658
294 465
45 821
900 945
6 541
1 853
201 32
302 577
166 349
946 624
299 11
319 116
914 993
428 373
691 292
523 90
466 242
333 225
629 95
54 936
986 344
901 301
349 417
24 880
821 170
397 206
136 685
222 285
286 478
677 154
341 610
441 673
276 455
582 269
257 620
586 952
815 606
513 684
789 141
402 896
547 81
857 332
363 174
168 908
707 81
948 932
741 92
325 435
617 471
887 809
393 696
106 711
670 737
982 190
222 273
535 945
581 44
135 575
58 595
314 563
303 327
323 852
880 548
958 738
745 789
703 796
226 973
810 171
248 857
151 680
737 996
858 578
357 391
482 314
662 320
279 454
502 403
41 375
516 679
947 139
463 278
94 756
121 275
997 16
891 199
617 734
109 936
523 445
530 425
850 816
86 937
356 377
545 959
823 927
402 339
759 304
19 892
597 624
935 455
385 289
661 497
599 1
325 700
349 679
872 481
761 988
836 72
321 430
234 715
514 317
6 793
96 172
329 625
908 39
224 360
239 554
746 957
266 733
325 618
120 140
406 714
37 908
112 253
211 430
74 754
113 257
72 992
667 269
312 295
28 777
203 570
596 72
245 744
707 840
479 504
406 867
201 552
96 155
861 303
882 620
268 554
194 405
676 647
561 980
223 379
50 167
272 815
919 83
903 82
743 16
956 323
235 910
267 727
75 470
236 420
607 246
213 978
891 715
951 960
49 801
874 560
585 614
484 729
218 308
521 760
980 273
403 715
189 80
371 423
534 323
822 103
685 363
17 512
935 344
184 570
420 396
436 226
443 331
303 707
963 606
928 899
379 304
288 316
580 883
752 571
586 101
363 682
41 941
588 253
644 489
210 575
50 277
952 764
513 3
862 765
647 192
166 826
856 430
768 654
783 625
894 770
154 680
328 285
149 848
63 57
92 302
155 348
240 27
189 523
833 323
607 910
150 927
593 126
700 26
214 798
937 287
602 642
286 185
218 970
574 280
935 571
421 835
954 804
715 869
506 854
337 335
88 601
358 635
790 431
598 360
362 130
661 733
44 69
734 682
552 32
382 982
584 845
786 739
665 461
842 190
612 550
707 302
159 652
598 550
687 42
659 413
348 955
47 745
496 560
187 201
717 3
583 164
796 296
934 418
544 667
841 834
153 83
757 688
536 678
970 771
964 702
79 826
294 48
66 439
822 25
838 492
660 910
603 887
726 39
190 301
981 784
950 41
522 327
989 473
899 852
731 568
459 569
917 14
524 946
628 167
662 98
998 290
132 31
134 504
311 154
535 777
230 777
487 411
667 225
750 957
24 672
683 108
334 331
614 213
307 120
963 629
277 888
434 988
532 354
271 671
201 970
367 34
935 236
15 47
373 154
571 643
115 458
379 749
983 415
518 603
384 935
246 701
105 889
684 405
258 293
732 381
489 723
895 75
555 828
377 880
98 210
992 934
534 485
564 659
518 130
149 560
126 715
917 901
838 655
739 474
548 706
82 546
567 116
530 279
255 896
596 958
272 862
369 51
990 853
629 162
683 74
236 186
705 273
168 90
580 127
468 133
966 159
623 975
944 148
20 843
411 67
914 690
12 62
588 450
52 832
253 958
157 607
379 201
699 33
388 976
409 384
256 651
247 818
766 551
451 315
121 256
74 193
892 31
884 526
377 374
993 41
176 173
166 999
63 852
289 991
640 59
528 420
236 315
195 219
975 486
169 114
737 541
689 153
795 972
707 802
721 485
662 968
557 741
81 791
370 723
294 742
456 530
328 251
931 419
449 201
694 533
799 872
716 171
263 356
201 174
613 826
496 599
776 264
11 582
623 338
602 883
585 834
412 446
356 60
597 656
172 474
867 982
501 557
485 808
47 456
460 319
688 842
303 194
1 794
917 606
335 251
127 663
44 845
917 83
923 265
366 190
717 573
470 38
153 209
234 584
191 884
16 441
267 697
488 256
738 84
840 912
304 913
122 805
934 511
501 559
472 415
274 607
810 648
558 195
769 342
779 947
421 603
667 550
941 245
749 897
751 155
207 381
896 568
229 485
774 541
824 574
901 505
658 32
570 573
171 553
132 876
479 510
252 707
287 887
773 710
922 989
138 443
28 872
492 134
272 233
839 744
398 52
32 585
371 924
2 501
620 730
972 509
606 813
562 868
872 922
211 668
790 329
296 797
637 209
331 346
156 131
414 903
991 505
710 390
916 152
983 258
267 967
426 595
315 992
86 456
454 113
518 159
835 701
855 911
108 708
62 239
996 492
268 929
72 164
222 852
580 785
226 293
675 82
234 681
613 328
499 594
525 648
316 514
147 685
380 666
208 242
911 685
466 146
243 546
921 5
136 577
258 778
161 634
975 664
104 402
738 202
422 232
140 259
319 401
448 907
303 920
802 432
66 182
706 569
530 432
961 499
704 940
427 584
245 755
673 458
113 597
707 73
35 72
865 489
454 713
308 201
431 554
997 372
293 760
627 925
36 463
653 819
553 838
917 800
27 664
791 808
80 66
865 704
299 688
606 807
99 645
746 490
422 665
727 780
51 611
934 455
827 258
693 589
992 49
600 158
861 985
775 160
708 80
855 363
747 155
940 405
19 213
247 658
486 234
719 159
130 958
385 504
424 682
51 510
371 520
865 936
336 741
245 791
245 565
645 914
969 355
726 743
952 465
584 36
858 619
59 248
803 541
52 470
943 927
204 785
990 965
432 321
280 386
157 894
494 190
69 303
195 857
471 16
967 526
823 28
911 696
841 85
385 283
218 60
321 705
424 665
884 519
432 66
773 227
736 482
445 347
53 364
765 395
54 860
499 688
263 827
855 187
26 48
685 912
681 106
928 968
19 97
233 533
586 37
84 770
587 208
31 488
506 249
20 544
563 642
515 935
524 267
220 924
728 878
403 456
866 599
328 2
542 716
680 364
186 644
584 49
702 780
352 376
813 73
466 387
276 766
979 845
234 273
727 468
402 234
5 155
10 475
103 356
684 913
827 512
31 170
188 607
433 131
499 914
516 935
863 259
785 71
953 306
222 729
830 755
602 196
91 552
260 474
11 97
885 592
684 411
152 936
923 207
856 270
811 93
647 887
852 991
663 416
481 556
798 363
446 100
685 500
103 509
7 48
286 389
523 320
589 200
161 792
621 989
927 703
457 609
722 932
841 130
749 676
902 47
55 476
286 216
164 663
774 40
458 517
670 211
654 335
965 587
685 819
346 106
198 600
25 358
134 513
887 728
299 542
676 661
301 302
399 135
788 764
299 740
712 227
294 918
367 102
952 789
924 538
792 450
450 737
247 710
953 13
543 364
705 635
386 65
909 904
520 93
223 488
187 515
745 442
127 511
705 648
81 191
682 82
318 899
740 36
966 397
268 880
459 512
500 477
960 245
763 679
192 702
149 990
636 548
254 290
906 707
306 60
698 738
160 739
241 991
941 846
923 303
985 645
92 817
685 208
79 376
595 929
704 657
635 379
562 215
120 69
755 838
361 519
29 132
736 897
474 224
884 220
455 646
198 830
244 869
993 392
495 458
635 292
292 315
331 151
267 918
135 878
366 58
841 906
871 997
701 403
761 860
948 513
287 51
56 81
36 280
953 699
874 682
313 118
634 367
271 362
910 142
627 205
484 261
158 542
677 251
696 326
434 399
352 710
742 465
699 822
678 59
970 131
531 116
778 317
129 476
873 178
225 754
245 807
399 204
520 557
34 771
432 976
65 489
201 506
206 420
87 31
505 643
869 230
615 385
811 191
632 298
76 209
658 156
813 475
104 24
818 418
253 183
828 714
583 407
473 456
823 789
53 174
968 176
831 142
926 756
389 202
973 870
920 327
714 379
912 396
311 622
848 11
744 590
337 756
184 389
941 527
630 945
87 217
198 918
666 191
314 293
282 27
844 74
999 699
472 577
938 92
273 158
942 871
659 279
796 404
122 199
176 818
9 403
66 714
729 538
770 296
120 630
593 276
409 430
767 156
112 587
695 523
429 393
443 249
441 967
149 302
714 743
848 620
541 796
603 2
66 838
859 260
573 92
30 279
189 552
32 732
831 634
478 662
863 24
292 70
17 149
920 858
395 246
787 646
865 620
700 233
383 872
913 864
898 254
468 761
210 643
731 6
84 459
727 554
929 754
891 358
909 863
111 271
607 250
315 821
503 993
940 787
967 345
638 147
173 583
739 312
849 674
575 335
788 986
847 503
947 345
431 52
157 142
491 526
931 737
286 926
48 854
555 972
93 564
351 369
610 558
520 82
251 375
263 692
405 324
77 281
34 294
831 781
860 171
619 912
316 833
682 302
406 319
291 957
772 288
453 706
855 885
105 580
367 863
496 903
938 267
406 621
826 708
777 329
386 655
82 794
307 727
166 674
586 591
3 529
95 261
920 228
122 190
305 805
226 139
548 627
564 576
840 995
792 998
77 206
228 640
988 918
486 82
573 597
430 33
330 486
720 834
931 805
398 900
123 467
777 61
555 763
839 282
156 544
292 16
805 993
267 914
595 151
818 899
536 521
669 5
929 148
357 901
569 696
366 477
855 574
861 690
251 977
619 309
861 319
498 752
13 824
54 25
703 348
158 901
624 2
921 173
46 482
439 938
742 575
107 113
603 919
548 825
30 106
708 241
800 216
844 509
292 851
173 929
413 486
436 889
643 801
217 241
227 44
430 672
50 251
440 315
713 739
456 98
92 30
201 703
136 675
432 863
262 161
529 783
983 295
181 461
422 348
948 115
157 67
291 118
337 556
896 271
380 354
686 897
425 999
348 74
504 280
131 840
946 473
392 552
24 675
183 40
763 756
446 612
217 623
302 665
150 837
299 289
20 322
173 854
371 770
912 27
777 177
494 56
426 905
705 18
314 536
872 895
849 136
958 678
417 505
70 589
405 770
431 18
848 42
136 797
840 562
983 118
915 945
762 785
203 644
53 403
583 704
47 646
954 728
830 574
218 331
555 896
477 303
94 900
268 407
246 740
234 432
923 216
200 167
867 777
870 368
336 544
921 679
486 646
778 327
646 620
542 662
517 179
274 472
962 937
366 344
598 294
289 757
467 207
25 872
895 215
303 977
963 478
807 349
282 829
829 556
782 962
714 900
558 810
526 554
670 18
33 734
177 845
896 870
567 126
779 413
651 448
233 48
779 46
295 764
830 34
827 384
138 190
641 870
207 977
854 605
555 496
534 977
872 860
308 297
710 208
566 407
88 456
908 65
250 509
251 764
738 359
927 859
221 920
321 750
986 733
333 353
189 234
255 939
839 657
22 359
285 438
733 737
439 10
462 465
218 352
70 747
124 710
58 508
835 885
731 29
551 265
367 182
517 371
287 467
829 866
821 104
140 146
689 762
84 111
306 962
125 576
36 593
612 382
345 309
845 399
695 73
42 99
300 980
336 560
531 788
19 184
388 981
567 523
826 715
729 497
455 600
110 580
740 598
798 963
114 620
878 493
972 262
882 124
920 344
331 626
55 279
229 659
948 800
630 994
325 906
430 962
720 182
465 274
841 719
308 27
306 782
496 47
295 738
180 435
763 489
278 467
150 861
85 372
308 578
853 949
817 20
36 173
887 930
939 384
730 659
397 235
12 335
475 232
234 112
936 293
360 526
136 739
187 991
568 84
412 121
616 186
743 55
165 830
740 90
566 969
13 886
634 286
221 730
932 677
111 658
697 762
232 681
459 406
117 988
456 113
59 977
289 933
93 727
903 437
525 139
204 70
635 581
76 947
302 570
822 779
492 693
9 616
504 853
825 73
214 229
186 67
973 67
868 600
352 107
637 802
920 580
107 170
148 883
35 355
412 144
312 964
377 802
613 523
357 285
934 354
442 618
918 505
821 644
610 455
448 698
776 204
986 178
6 353
91 960
469 981
293 727
477 272
974 826
160 607
855 96
341 227
22 854
802 608
908 508
758 972
368 583
118 93
158 100
455 808
307 896
469 285
77 32
446 889
612 817
130 624
294 874
348 326
287 117
783 874
179 257
903 362
289 102
757 163
915 602
553 411
283 93
145 125
126 979
236 711
86 450
590 114
516 551
898 99
397 403
711 397
108 345
463 496
398 504
702 456
244 581
4 311
115 351
336 439
273 497
857 473
436 304
973 211
662 202
413 736
694 54
912 826
250 21
785 966
754 424
918 751
760 833
574 134
520 880
494 304
684 260
940 538
350 283
365 605
48 574
494 631
256 297
272 865
631 179
420 741
584 141
59 113
581 404
727 800
780 132
364 23
278 905
696 556
584 935
901 884
947 554
978 15
621 874
441 719
249 405
239 293
380 711
822 673
164 313
120 317
380 698
580 324
55 651
460 781
964 773
86 751
946 485
584 885
592 836
764 94
10 102
639 604
227 277
151 66
822 530
453 992
863 12
438 927
192 689
893 571
441 483
206 848
898 246
61 373
870 52
636 364
824 278
619 900
548 653
938 927
219 242
939 221
534 266
447 294
833 185
153 969
643 969
92 58
653 584
23 27
40 907
345 578
410 180
800 78
613 491
534 990
552 977
535 544
711 671
897 413
191 858
748 154
489 574
559 904
763 375
935 241
845 851
377 534
965 302
701 413
49 745
697 35
560 839
894 997
331 703
893 534
106 378
913 636
134 508
268 408
34 846
352 652
729 314
817 455
272 140
116 893
133 663
837 703
37 209
789 246
852 146
307 32
559 75
841 860
614 371
485 991
9 826
605 937
71 446
469 901
661 529
53 588
179 475
564 441
30 370
893 76
490 290
54 690
4 322
385 183
942 168
610 447
617 479
553 86
39 192
399 525
490 466
401 107
78 918
30 814
492 42
126 706
68 360
784 367
266 846
284 519
940 322
266 31
689 863
715 996
476 470
969 304
863 208
873 129
169 252
351 918
205 71
826 27
318 232
584 402
314 517
715 443
515 926
243 939
495 590
321 733
102 468
793 588
478 106
992 115
115 578
500 806
502 388
694 665
908 252
577 696
342 585
915 152
486 801
64 503
898 407
230 811
50 856
488 289
72 997
178 392
482 455
976 380
114 310
117 791
947 657
845 233
750 537
896 620
144 983
415 677
736 680
891 491
622 712
924 620
652 171
375 843
623 233
439 846
754 615
924 504
511 914
754 791
624 999
495 28
152 750
834 420
435 222
856 942
92 661
659 675
191 875
176 284
119 931
313 67
146 3
947 141
831 398
882 880
160 391
883 151
636 740
758 759
737 824
468 707
732 736
343 616
266 242
949 300
843 399
586 391
200 450
418 783
875 721
799 244
794 863
712 1000
926 433
560 904
504 45
195 271
180 286
990 270
4 219
641 620
244 673
234 95
285 900
218 895
537 622
846 923
392 978
61 34
980 650
208 421
668 382
311 260
813 372
129 15
622 794
708 127
158 381
327 806
947 20
23 471
498 762
725 916
987 941
708 492
326 491
801 893
318 606
399 56
772 904
672 521
883 723
448 755
770 794
365 642
613 993
255 957
348 137
464 710
390 952
22 65
908 506
181 594
529 354
665 655
542 36
271 24
409 949
486 522
375 187
800 375
395 645
245 386
821 776
406 270
233 851
880 213
646 475
104 137
109 116
969 657
757 792
979 749
256 150
938 820
511 570
77 698
427 762
364 235
534 21
215 114
190 101
413 562
812 617
719 672
250 812
939 369
851 585
367 779
569 327
34 316
704 372
145 978
681 299
202 997
919 209
415 353
41 611
927 447
341 747
221 244
266 854
744 88
902 979
978 337
985 346
410 275
262 777
819 649
737 435
555 526
988 701
576 638
176 571
726 294
408 326
674 540
866 871
948 599
823 980
18 844
858 118
695 207
335 646
675 604
120 42
243 944
541 164
757 817
419 407
491 18
515 413
153 462
990 687
294 153
914 144
62 717
409 102
900 701
829 239
804 398
299 301
825 746
183 775
555 411
973 946
335 230
701 557
519 141
519 227
570 136
212 397
911 347
852 754
520 155
543 652
10 565
702 237
822 504
448 82
909 518
794 204
723 68
743 348
406 64
301 857
737 684
83 403
696 511
557 460
735 870
193 443
853 233
781 271
813 556
873 633
871 106
793 121
460 115
67 7
720 819
392 120
273 571
109 209
552 581
36 611
736 794
534 77
906 30
975 809
987 876
219 921
435 514
158 560
486 846
559 363
694 150
715 236
345 712
359 170
907 715
573 16
8 90
236 6
32 335
227 554
516 617
889 185
579 179
868 122
631 156
851 659
218 453
47 316
380 980
194 702
572 275
190 851
366 992
364 450
725 398
821 610
772 790
795 845
88 176
393 660
493 126
807 438
925 259
277 995
521 67
923 729
602 247
894 288
247 93
43 269
877 423
630 390
451 705
828 114
932 758
123 808
430 712
181 120
549 223
693 33
916 369
185 769
75 860
703 918
472 531
489 446
818 970
551 285
556 835
377 744
853 847
633 920
468 710
886 943
243 232
3 839
548 894
175 615
989 794
812 662
153 582
46 564
897 813
757 110
632 976
790 442
507 873
324 246
205 625
519 84
265 21
982 902
837 14
664 678
699 958
592 418
558 957
801 667
802 330
340 280
243 715
213 829
845 867
525 591
492 500
118 113
963 467
497 290
188 11
34 665
769 378
468 546
815 213
105 449
742 703
80 143
687 208
117 165
12 968
427 747
128 826
318 216
128 625
963 608
286 344
319 671
784 132
492 611
763 531
315 383
389 744
472 792
462 41
833 934
856 833
855 407
142 744
48 940
756 168
406 18
187 881
193 303
582 854
929 548
838 423
540 14
228 921
409 990
612 653
594 325
518 344
162 620
961 663
278 505
676 49
715 785
413 596
450 470
808 57
216 47
656 417
565 923
291 638
683 405
536 461
558 188
680 799
625 626
713 774
652 732
698 41
272 17
226 255
891 740
841 886
316 499
514 790
575 27
861 455
369 259
184 597
737 371
730 660
922 291
314 245
4 910
531 137
751 253
427 298
178 285
888 628
391 439
139 617
138 227
456 735
362 880
670 933
449 387
652 192
638 656
910 734
570 308
917 858
230 987
456 63
734 897
512 55
16 621
565 388
589 759
129 190
900 70
825 908
623 670
251 947
161 644
636 501
733 828
106 363
681 307
768 564
694 444
553 919
150 628
26 747
749 481
203 158
944 648
59 537
846 81
722 986
740 338
928 407
513 22
312 623
282 719
188 853
733 340
564 158
269 498
980 139
303 751
750 124
220 732
833 920
55 960
885 718
942 434
734 993
758 549
273 794
561 592
173 860
684 419
533 891
623 889
783 186
312 303
578 584
169 287
744 36
881 81
850 814
208 192
356 437
270 110
700 896
171 967
726 957
981 829
367 797
650 279
739 415
109 561
322 855
343 259
278 374
346 86
537 82
854 109
454 619
286 353
147 169
590 293
232 197
798 330
128 231
153 161
320 183
972 745
36 144
325 668
38 884
15 676
418 973
77 660
341 259
312 311
301 376
604 509
170 205
129 640
729 513
258 569
580 361
105 698
383 457
424 630
218 48
320 375
92 789
642 556
985 724
733 808
147 754
819 252
31 998
249 882
958 386
802 57
289 647
978 616
139 639
935 266
46 609
87 814
740 280
632 793
406 447
63 277
630 98
801 9
931 39
416 135
30 525
200 29
423 783
630 642
801 630
240 762
504 658
821 15
413 867
650 330
540 227
910 692
787 899
327 4
6 349
308 166
14 965
814 386
695 173
190 150
699 473
46 243
151 65
985 598
663 537
577 328
643 319
342 81
90 65
139 149
441 207
264 835
623 751
349 658
807 258
92 719
894 819
365 499
62 182
779 616
561 551
379 909
423 583
691 813
319 553
944 763
327 616
459 444
455 541
640 976
552 228
611 640
620 693
228 182
100 104
706 321
68 341
726 208
255 958
113 249
939 754
714 721
651 606
191 148
922 915
215 132
903 249
642 844
500 652
147 105
626 484
486 200
42 413
685 44
244 294
517 673
954 178
529 222
447 634
692 108
159 290
470 994
770 313
588 353
489 633
362 961
570 466
711 880
334 940
182 712
361 67
53 897
420 955
922 126
542 88
117 517
940 760
157 827
312 153
53 292
5 776
242 340
826 206
563 222
629 860
575 56
503 364
51 41
222 676
573 689
267 714
351 969
647 749
754 214
430 304
714 20
129 538
136 243
848 976
595 294
634 438
309 642
625 781
435 260
606 117
589 75
407 886
905 769
725 865
383 26
457 125
378 552
50 666
823 398
610 91
326 201
16 564
19 250
652 465
137 951
388 1
384 860
771 664
449 338
463 155
360 367
760 562
527 755
76 861
547 626
438 94
7 765
859 698
398 101
979 628
466 891
145 499
903 260
370 503
513 280
53 369
539 7
245 22
211 293
386 247
319 891
605 662
551 192
718 219
173 14
326 280
913 843
240 363
549 82
950 983
521 488
335 499
653 482
547 259
55 856
651 539
950 224
113 11
95 375
241 493
833 978
514 903
423 115
518 516
858 40
396 686
799 247
41 118
434 214
129 991
263 667
722 590
662 740
646 55
253 396
341 748
357 103
600 585
37 903
132 170
65 437
773 44
305 607
382 276
21 654
904 209
45 107
481 483
312 207
832 31
703 846
908 647
941 279
717 995
218 913
144 657
508 456
824 303
49 18
244 385
151 38
283 307
100 347
531 207
872 496
304 876
784 363
59 226
327 797
519 239
208 469
598 154
761 398
189 305
602 843
151 642
721 898
445 526
893 970
268 321
827 361
96 39
714 157
951 743
56 484
655 113
228 394
656 561
28 888
166 318
863 332
384 722
564 876
795 25
59 776
660 169
165 385
771 947
698 752
612 440
611 484
612 747
858 461
852 812
76 97
997 903
702 828
600 660
738 345
674 914
101 471
673 600
982 866
409 842
124 662
472 612
784 34
834 266
775 1000
942 899
890 373
52 264
773 549
572 601
875 569
668 121
859 371
982 731
716 337
169 328
405 310
63 23
594 291
532 458
309 270
677 454
679 21
69 407
953 357
126 397
518 537
179 251
606 220
451 816
258 36
739 51
413 277
478 128
483 804
261 315
169 814
915 72
158 835
827 915
382 212
160 881
956 978
941 138
74 740
177 53
370 24
972 220
980 498
49 706
188 257
724 91
5 102
427 611
441 491
726 931
463 216
128 352
906 276
285 997
817 61
389 830
858 898
279 880
69 162
217 852
893 124
716 925
275 255
33 717
389 726
177 429
950 891
227 293
248 240
459 910
324 283
467 503
848 442
690 902
455 832
376 600
251 26
222 340
138 544
820 575
928 647
794 660
159 523
14 341
39 573
438 226
824 857
13 60
181 901
445 878
982 412
17 124
913 100
409 131
32 128
1000 742
597 362
814 535
120 756
115 924
615 196
372 174
451 456
202 472
558 357
271 274
717 999
771 210
268 139
512 290
664 488
759 833
47 325
898 273
545 214
718 473
970 4
332 4
68 815
141 781
875 540
105 794
155 60
253 935
517 256
44 151
56 512
645 261
473 123
610 35
786 472
662 242
84 916
769 726
938 83
613 382
476 858
102 435
836 3
69 517
828 192
386 983
717 684
918 726
540 401
891 524
463 694
989 208
249 372
96 358
181 455
588 556
745 132
274 849
406 154
121 97
680 746
609 997
661 344
293 660
173 472
398 423
33 363
310 120
598 897
942 850
908 953
82 56
584 194
797 746
522 962
285 315
644 917
111 628
49 916
558 599
145 224
940 745
790 461
649 861
101 596
825 750
226 389
326 144
627 392
329 197
294 672
512 519
157 462
475 746
92 875
652 634
572 950
811 219
84 792
783 646
462 58
1000 340
381 692
419 852
28 429
185 83
209 410
207 88
991 507
961 539
373 330
221 91
480 191
275 822
757 362
180 457
773 193
901 126
49 760
30 644
917 874
300 127
643 431
637 669
444 180
911 993
818 238
1 44
287 108
274 294
391 433
917 539
668 302
794 672
405 575
44 57
173 147
675 563
970 877
738 446
58 99
701 473
323 386
158 607
241 534
22 60
395 604
28 340
508 852
499 238
716 127
474 988
524 404
757 97
71 807
607 758
762 903
957 896
958 641
642 532
773 217
981 414
837 747
715 882
135 117
531 108
721 741
44 467
298 943
528 109
834 794
411 634
478 266
722 544
591 231
123 158
995 448
79 664
331 821
242 568
516 807
80 533
188 266
154 911
520 151
502 865
626 108
787 80
897 110
257 785
790 490
806 479
71 185
452 450
678 301
213 676
872 319
387 104
362 469
554 410
881 288
652 590
959 396
336 885
99 952
531 656
13 649
992 7
940 636
378 766
184 332
678 389
682 97
174 671
774 707
907 355
50 633
243 371
792 186
586 155
