7865
4
1 163
3
4
1 90
1 6284
1 4696
3
4
1 3904
4
3
1 6790
3
4
4
1 4900
4
4
1 3458
1 7046
3
1 5777
3
3
3
3
4
4
1 5298
3
1 7044
1 3212
3
3
3
1 5312
3
3
3
4
1 3779
3
3
3
4
4
3
4
4
4
3
3
4
1 9762
4
3
1 9266
4
1 5106
1 7803
3
3
4
4
4
1 7221
4
3
4
1 4531
3
3
1 3923
4
4
3
4
3
4
3
3
3
3
3
1 6180
4
1 4516
4
4
3
4
4
4
4
1 6455
3
3
1 2390
4
4
3
3
3
4
3
1 6606
3
4
4
3
4
1 1064
3
4
3
1 8031
3
4
4
4
1 9763
3
3
4
1 618
3
1 5386
3
3
1 4281
4
3
3
1 6756
4
1 8592
4
3
1 9019
1 943
1 5563
3
4
1 2139
3
3
4
1 352
3
4
4
1 8532
3
3
1 1146
1 3386
4
4
4
1 648
1 3122
1 3777
1 5214
4
1 9501
4
3
4
1 5908
4
3
3
4
3
3
3
1 8914
4
1 5933
1 572
3
3
1 3173
1 2519
1 3896
1 2328
3
3
1 1332
3
3
1 6034
3
3
3
4
1 5174
1 3103
4
4
3
4
3
1 8894
1 4142
3
1 1842
1 2270
4
1 4255
1 4586
3
3
3
3
1 3946
4
3
1 2590
3
3
1 8199
1 5786
1 8563
3
4
1 1340
1 2873
1 8851
3
4
3
4
1 765
1 1061
1 9884
1 4234
3
3
3
1 6200
4
4
1 2101
3
3
4
4
3
3
3
1 4283
4
3
3
4
4
3
1 1341
1 1495
4
4
3
4
4
1 7735
1 8479
3
1 4447
3
1 6397
1 624
4
1 572
4
3
1 5479
3
3
3
3
1 3026
4
3
3
1 5932
3
1 5131
1 7688
1 4339
4
3
1 7282
3
1 263
1 6888
4
1 7624
4
1 6074
1 5972
1 4456
3
1 3976
4
4
4
4
3
1 5277
1 7684
4
3
1 9101
1 5097
3
3
1 2336
3
3
1 6830
1 1133
3
3
4
3
3
4
3
4
1 7422
3
4
1 484
3
1 6760
1 6817
4
1 6498
3
4
4
1 2022
4
1 8226
1 219
3
1 7624
4
4
1 7880
3
1 666
1 7025
4
4
3
4
4
4
1 5237
3
4
4
1 412
4
3
3
1 8570
4
1 2448
4
1 479
3
4
3
4
1 9959
3
4
3
4
1 6880
1 9640
3
1 9402
4
3
1 7221
1 1809
1 7064
3
1 9446
1 9058
1 5218
4
1 6263
3
1 6865
1 1054
1 6215
4
1 5894
4
4
1 2373
3
3
3
3
4
3
3
4
1 7208
1 6235
1 3864
4
1 8600
1 9783
1 2521
3
3
4
1 7685
3
1 1068
1 4847
1 3457
4
1 8796
3
1 9401
1 9615
4
1 8117
4
4
3
3
4
3
3
4
3
1 5132
4
3
4
1 5386
3
3
4
1 9828
1 2637
1 481
1 5668
3
1 5751
4
1 9084
3
1 388
1 4679
3
1 3581
1 3103
3
1 1771
3
1 5962
4
4
1 594
3
4
3
4
3
3
3
3
3
1 8455
1 9261
3
3
1 8218
4
1 1050
1 5999
4
1 4008
1 4405
3
3
4
1 6546
4
4
1 956
4
4
1 535
1 3954
4
4
1 4980
4
4
3
3
3
4
3
4
1 935
3
3
1 1069
3
3
3
1 5834
1 1269
3
4
3
3
3
4
4
1 431
1 8548
3
4
1 995
4
4
3
1 5708
3
4
1 995
1 4451
1 8839
1 9967
1 7746
1 3564
4
4
4
3
4
4
4
4
3
3
3
3
3
4
1 1980
1 4349
3
3
4
3
1 4357
1 1494
4
4
3
4
3
3
1 8608
1 4007
4
4
1 5412
1 1229
3
3
4
3
1 5982
3
3
3
1 3866
3
4
4
3
4
1 6128
3
4
1 3564
4
3
3
4
4
3
4
3
4
3
3
3
1 6392
1 7083
4
3
4
3
1 1316
1 468
3
1 7149
1 6224
1 5293
4
1 1081
4
3
3
4
4
4
4
3
1 8059
1 3788
4
3
3
1 6940
3
3
3
3
1 3988
3
3
3
3
4
4
4
4
3
1 4124
4
3
1 6906
1 7353
3
3
3
3
3
3
4
4
4
3
3
4
4
4
4
4
4
1 4584
3
3
4
3
4
4
4
1 2325
4
1 4130
4
1 5307
3
3
4
1 9439
4
4
1 1854
4
4
3
4
1 905
4
1 4836
3
4
3
4
1 3391
1 1823
1 3855
4
3
3
1 9949
1 9904
4
3
3
4
1 654
1 4801
4
3
4
1 5457
3
1 1664
4
3
3
3
1 168
1 2350
4
3
1 3878
4
4
4
3
4
4
3
4
4
3
4
1 2712
3
4
4
1 1124
1 4427
4
4
1 8498
4
3
1 1088
1 2007
1 513
4
3
3
4
4
3
1 4309
3
1 7332
4
1 8462
3
1 170
3
3
1 3569
4
4
3
4
3
3
4
1 8437
1 7822
1 3158
4
4
3
3
4
1 4989
4
4
1 5285
1 9559
3
3
1 7511
1 7818
3
4
3
3
4
1 7348
3
3
1 5232
4
1 1564
3
4
1 4943
3
4
3
1 5422
3
1 5121
1 6059
1 4913
3
3
3
3
3
4
3
4
3
1 5797
4
3
4
1 6897
1 2153
1 4568
4
1 9492
3
1 6169
1 7575
4
4
4
4
4
3
1 6552
4
4
1 7005
4
4
3
3
4
3
1 8243
4
4
4
3
3
1 1891
3
1 1036
1 1429
1 4283
4
1 1032
1 1872
1 2194
4
3
4
4
3
3
3
4
4
1 3792
3
1 3840
4
3
4
1 6392
4
3
4
4
1 3506
3
4
4
3
3
3
3
1 4267
1 261
3
3
4
4
1 181
4
3
4
1 2115
3
4
4
4
1 5464
3
4
1 3723
3
3
1 6604
3
3
4
1 480
4
3
1 7070
4
3
1 1196
4
3
1 2665
4
3
1 3902
4
4
3
1 7502
1 7520
1 6915
1 2801
4
4
4
1 8715
4
1 3095
4
3
4
4
4
4
1 9826
1 9889
3
3
1 8553
4
4
3
4
4
4
3
4
1 8467
4
4
1 6084
4
1 1567
1 3245
4
1 8010
1 1706
3
4
3
3
1 7651
3
3
1 500
4
1 1431
1 4821
1 5840
1 2120
1 3822
4
4
1 2465
3
3
3
1 9171
1 2329
4
3
1 2475
1 1232
4
4
1 1481
3
1 6030
4
1 1309
4
1 9923
4
1 6498
4
3
4
3
3
1 2742
1 5743
3
4
3
4
4
3
4
3
1 72
1 2315
3
1 5739
4
4
4
4
3
1 1343
4
3
4
1 3040
1 6849
3
1 887
4
3
1 2505
4
4
3
3
3
4
1 5829
4
4
3
4
3
3
4
3
1 4106
3
3
1 305
3
3
3
3
3
1 1080
1 1901
1 4495
1 8132
3
3
1 7808
3
3
3
4
4
3
1 6103
3
1 1495
3
4
3
3
1 5132
4
3
3
3
1 7775
1 8382
3
4
1 1198
1 5316
1 3908
1 4983
3
1 3003
1 2167
1 7617
3
4
1 2454
1 4374
3
4
4
1 9351
1 7916
4
1 4761
4
1 1451
3
3
1 1217
4
3
4
4
4
4
4
3
3
4
1 6033
3
3
4
3
3
3
1 5372
1 8230
3
3
1 1488
1 6399
3
3
1 1352
4
1 9360
4
1 165
1 2562
4
1 8391
4
4
1 6637
3
4
1 9908
4
1 4682
4
4
1 3744
1 7043
1 7656
4
1 7458
1 5402
3
3
1 8621
1 7949
4
1 6832
1 2533
1 2387
4
4
3
1 9881
3
4
1 5926
4
1 8677
3
1 4794
1 9652
1 7894
1 8331
1 1174
3
1 1397
1 4051
1 6948
3
1 515
1 6388
3
1 8254
4
1 2078
1 6130
1 2635
4
1 6129
1 6153
4
4
4
4
1 2014
3
4
3
1 4900
3
3
4
3
3
4
4
1 3499
4
3
4
4
3
1 2528
3
3
1 3109
3
1 7853
3
4
3
3
1 9075
4
1 1157
1 1627
3
4
4
1 1487
3
3
4
1 3202
4
1 2685
1 3680
4
3
3
1 1019
4
3
4
1 4507
1 4494
4
4
3
3
4
1 3050
3
3
3
3
4
4
3
3
1 1263
1 8109
1 5777
1 4198
3
4
1 2425
1 985
3
1 4505
3
4
1 8657
4
1 5244
1 4540
3
3
4
4
1 2780
4
1 9393
3
3
1 7787
4
3
3
4
3
1 2824
3
3
4
3
3
3
1 5469
3
4
4
4
3
1 4695
4
3
3
3
1 3935
3
3
4
1 7904
1 4101
3
3
1 2606
1 63
1 1376
3
3
1 6501
4
1 3688
1 1637
3
4
4
3
4
3
4
3
4
4
1 8810
4
3
4
3
4
3
1 6263
4
4
3
3
4
1 2317
4
4
3
1 6001
4
3
3
3
1 5150
1 8230
3
1 7161
3
4
3
4
1 1306
3
1 6877
3
1 7507
4
3
1 5105
1 6494
3
3
1 7135
4
4
1 5714
3
1 3108
4
1 626
4
1 8109
1 6236
3
3
3
1 9987
3
4
4
3
1 4473
4
1 2215
3
1 5104
1 7491
3
1 6195
3
1 7952
1 1657
4
4
4
1 2488
1 7055
4
3
4
1 3087
4
1 4236
1 5145
1 1524
3
3
1 2021
3
3
1 760
3
3
3
4
4
1 6984
4
1 2091
3
1 1480
4
3
3
4
3
3
3
1 5297
4
3
1 7594
3
1 9802
3
1 3948
1 3157
4
4
3
3
3
4
4
4
4
1 6254
3
3
3
3
3
4
4
3
4
4
4
3
1 6969
4
4
4
1 6850
3
1 7714
4
1 2232
3
1 1309
4
1 4028
3
3
4
1 3617
1 6891
4
4
3
3
3
1 483
3
1 2840
4
1 8382
4
3
3
3
3
4
4
1 6769
3
1 6962
1 1154
3
1 9032
1 1043
4
1 8735
4
1 77
3
4
1 3797
4
1 5691
4
4
3
4
4
4
4
4
3
1 9513
4
4
3
3
1 1803
3
4
3
3
1 6841
1 7595
4
4
3
3
4
3
1 5424
4
3
4
4
4
3
4
3
4
1 8478
4
3
1 2135
1 7991
1 6618
4
1 920
3
3
4
1 8315
4
3
1 593
1 9093
3
1 4663
1 7283
1 5585
3
1 8708
4
3
1 359
3
1 5700
1 315
1 7693
1 2614
4
1 3588
1 3485
4
3
3
1 2815
3
3
1 2064
4
4
4
1 2137
1 6177
1 9660
1 9095
1 8976
4
4
3
4
1 5093
4
4
4
4
4
3
3
1 6432
1 8902
4
3
1 5595
4
3
4
1 8072
3
4
3
3
3
4
1 4624
1 4484
1 7629
4
1 8878
3
1 1859
4
4
3
3
4
1 7313
4
4
3
1 4932
4
1 8000
3
4
3
3
3
1 2248
1 6734
1 8498
1 6065
1 5648
1 7762
1 7746
4
3
3
4
3
4
1 4711
1 4496
3
3
3
1 5805
3
3
3
1 4651
3
4
1 1769
1 8342
3
3
1 5191
4
4
1 3324
3
1 2953
1 5070
4
4
1 3788
4
1 806
1 4002
1 5090
3
4
1 4475
3
1 1672
3
4
4
3
3
4
3
1 5544
3
3
4
3
4
4
4
1 5661
4
3
1 7240
1 5489
1 3021
3
1 4277
4
4
3
4
4
4
4
4
4
3
4
4
4
1 5821
1 5783
3
3
4
4
4
1 194
3
1 443
3
3
1 6687
1 5143
3
3
1 331
3
4
3
1 7277
3
1 1912
4
3
1 7257
4
3
1 2317
4
4
1 2960
4
1 6822
1 3814
1 1041
3
4
4
4
4
4
4
4
3
1 5971
3
3
4
1 8023
1 3952
4
1 3268
3
3
1 1070
4
3
1 4002
1 394
4
4
4
1 9557
3
4
4
4
1 9786
4
3
3
4
4
1 1500
3
1 960
3
3
4
4
1 3813
4
1 492
1 6399
1 6584
3
4
4
1 9199
1 4921
3
3
3
4
1 9241
1 5443
1 9269
3
1 8749
1 4844
3
1 79
3
1 2000
3
3
1 1922
1 4475
4
4
4
4
3
3
1 440
3
4
4
4
1 8829
4
4
4
3
1 7550
4
1 3875
4
3
4
4
4
3
4
1 6186
3
4
3
3
1 2824
3
1 1662
4
3
1 2137
3
4
4
1 1755
3
3
1 1639
3
1 1633
3
4
1 2351
4
4
3
4
3
4
3
1 4186
3
4
1 2171
4
1 3003
1 112
3
4
4
1 4443
1 4447
3
1 5223
3
4
1 1391
3
1 3113
4
3
1 389
4
3
3
1 6513
4
3
3
1 8341
1 294
4
3
1 3785
4
3
1 7576
1 4960
3
1 7635
3
4
3
4
4
4
1 8891
4
1 2335
3
1 6021
1 7631
4
3
4
4
4
3
3
4
4
4
1 532
4
4
4
1 1672
4
3
3
4
3
4
4
3
3
1 8777
3
3
1 9905
3
1 6274
4
4
1 4483
4
3
4
3
3
4
3
3
4
3
3
4
3
4
1 9520
1 9743
4
1 8817
3
1 5698
3
3
1 628
1 9379
3
3
4
4
3
1 4208
4
4
4
1 190
4
3
1 9258
1 284
4
3
4
3
3
4
4
3
1 5839
1 6351
3
4
1 4974
4
4
3
4
1 9183
3
4
1 8129
1 2494
3
4
4
3
3
1 5289
3
4
3
4
1 2483
4
3
3
3
3
3
1 9851
1 4452
1 9466
3
3
1 7036
3
1 9666
1 6850
4
1 3683
4
3
4
3
1 5168
3
1 3679
1 6555
3
3
3
4
1 9730
1 3176
4
4
3
3
4
1 3336
1 3660
1 3093
4
4
1 9443
1 9700
3
3
1 6415
3
1 1776
3
4
1 8351
3
4
1 3892
3
4
3
4
3
4
3
4
3
3
1 5475
4
3
1 8984
3
3
4
4
1 9644
1 185
1 5140
4
3
1 806
1 5468
3
4
3
3
3
3
4
4
3
3
3
4
1 5269
4
3
3
4
1 2615
1 4471
1 3748
1 1694
3
4
3
1 4476
3
4
4
4
3
4
3
4
3
3
3
3
3
1 2221
3
3
3
1 2141
4
3
4
4
3
4
4
4
3
1 6631
1 950
4
4
1 3053
1 7805
3
4
3
1 7564
3
1 5507
1 1760
3
1 1285
3
3
3
4
3
4
3
3
4
3
3
3
3
3
4
3
3
3
1 4601
1 9556
3
1 5467
1 9780
1 560
4
3
3
4
4
1 4825
1 9960
4
4
4
3
3
3
3
3
1 855
4
4
1 7412
3
1 8650
4
4
1 6504
4
4
4
3
4
1 9443
1 9952
3
4
4
4
3
4
1 6687
4
3
3
1 2938
3
3
3
4
3
3
3
4
3
4
1 1821
1 6255
4
3
3
1 3704
4
1 4937
1 5412
1 8337
3
3
1 2862
3
3
1 4362
1 5559
3
1 9034
4
3
1 2769
3
3
3
1 2099
1 7066
1 5570
1 589
1 9817
3
1 3808
3
4
4
4
3
4
3
4
1 2486
1 6899
4
1 2142
3
4
4
3
1 3403
3
1 5325
1 519
3
3
3
4
1 9630
3
4
4
1 1593
4
3
1 6347
1 5479
3
3
4
1 299
3
3
1 3615
1 9636
1 785
1 2320
4
4
3
4
4
4
3
4
1 1630
3
3
4
1 9105
4
1 2920
3
4
3
4
1 9263
4
4
4
3
4
4
3
3
4
1 4006
3
4
1 3987
1 7259
1 7403
1 2035
3
4
1 4499
4
4
4
3
1 8062
3
1 911
4
3
4
3
4
1 4315
4
1 2877
4
3
4
4
1 2155
3
3
3
3
3
1 6816
3
4
3
1 5653
3
1 2508
4
3
4
3
3
1 5766
3
4
4
1 7748
3
1 455
1 2644
4
3
3
4
3
3
4
3
4
4
3
4
4
1 4803
4
1 8578
4
1 4337
3
4
3
4
1 7310
3
4
3
4
3
3
1 4697
4
4
1 629
3
3
3
4
1 6629
3
4
1 5177
3
1 3629
3
1 3881
4
4
4
3
3
1 5162
1 8592
4
3
3
3
3
1 5389
1 9613
3
1 8071
3
3
4
1 5462
1 5887
4
4
4
3
4
1 1404
3
3
3
1 7430
4
1 2008
4
1 2102
3
1 9533
3
3
1 8180
3
4
3
1 2001
3
4
4
3
3
1 990
3
1 3506
3
3
1 9819
1 1184
1 9047
3
3
1 2621
1 4860
1 7947
1 6432
3
3
3
1 5914
1 7480
1 891
1 5934
1 7014
3
3
4
4
3
4
3
3
3
3
1 1400
4
1 9135
1 7987
4
3
3
3
1 1926
3
4
3
4
1 7507
3
4
4
4
4
4
1 3089
3
4
4
3
3
1 1552
3
1 1478
1 4293
3
3
4
4
1 3440
3
4
1 5024
1 7072
1 2906
3
1 9877
1 3772
3
4
4
4
1 5576
1 667
4
1 4886
3
4
1 2868
4
3
4
4
4
3
4
1 787
1 8618
3
3
1 4144
4
4
1 4244
3
3
4
3
3
3
3
1 1395
3
4
4
1 3852
1 7793
3
1 235
1 2588
3
4
4
4
4
1 7209
1 8148
4
4
3
4
4
4
1 426
3
3
4
1 2815
3
3
1 3397
4
4
4
1 6993
1 9425
3
3
4
1 6449
1 6356
4
1 6565
3
3
1 9671
4
3
3
1 8785
1 8392
1 5458
4
4
3
1 3172
3
4
4
4
3
4
4
3
1 9926
1 8198
1 8061
4
1 8623
3
1 8053
3
3
3
1 5688
3
3
3
4
4
3
3
4
3
3
1 6276
3
3
4
4
1 5868
1 6932
1 4033
3
4
4
3
1 3772
3
4
1 8921
4
4
4
3
1 3035
3
1 7799
1 7098
1 4965
4
1 5859
3
1 106
4
4
1 2781
3
3
4
4
4
1 2833
1 4589
3
3
3
3
3
1 188
4
1 8741
1 5198
3
3
4
4
4
1 2314
1 6465
4
3
3
3
3
3
3
3
3
4
4
4
3
3
1 5694
3
1 6879
4
3
1 9929
3
3
4
3
1 1316
3
3
3
4
3
3
4
1 2822
3
3
4
3
3
1 8003
4
1 2299
3
4
4
1 9081
1 5362
4
4
4
3
4
1 2809
1 1502
1 2345
3
3
4
4
1 3999
3
1 6012
3
1 8889
1 2394
1 6239
3
1 3219
3
1 812
3
3
4
4
4
3
4
4
4
1 4705
4
4
4
1 4726
1 2912
3
1 9945
4
4
3
4
4
4
3
3
4
4
1 8808
1 8336
4
3
1 4169
4
3
3
3
4
4
1 4828
1 3444
3
3
3
1 2465
4
1 2455
4
3
3
4
3
1 357
3
4
1 3668
4
4
1 9699
4
4
1 6145
3
4
1 2947
1 3921
3
4
4
3
3
1 956
3
1 8642
3
3
1 3694
1 5652
4
3
3
3
3
1 2689
3
3
1 3411
1 6477
3
3
4
4
3
1 9785
1 9750
1 9104
4
4
3
3
4
3
1 302
1 6442
1 3637
4
1 5267
1 5035
1 532
4
1 9340
3
1 3695
3
3
1 9200
4
3
1 9762
1 7145
4
3
3
1 6340
3
3
3
4
3
3
3
4
3
3
1 9885
3
3
3
1 4489
1 3933
1 2504
1 8235
4
4
1 6052
4
1 9145
4
1 8760
1 4188
3
3
1 5410
4
4
3
4
1 1667
4
3
4
4
3
1 3279
1 338
4
1 8782
3
3
3
4
3
1 2136
3
1 8304
4
3
3
1 9965
3
3
1 6156
1 1656
3
3
3
3
1 8562
1 2852
1 4566
4
4
4
4
3
3
3
4
4
4
1 2707
3
3
1 6970
1 4830
1 694
4
1 7265
1 589
4
1 6399
4
1 3396
1 3699
4
3
1 5014
3
4
4
1 7168
4
1 3777
3
1 5345
3
1 1616
1 6392
1 236
3
4
4
3
1 78
4
4
1 1335
4
1 3989
3
3
1 9960
3
4
3
1 9204
3
1 7305
3
3
1 7646
4
3
1 3585
4
1 4026
3
3
1 1546
4
1 5812
3
4
1 8302
3
4
3
4
4
4
1 6896
3
3
4
3
3
1 5459
4
4
4
4
1 9948
1 5044
4
1 553
4
4
4
4
4
4
3
3
3
3
1 5487
1 8450
4
1 8666
1 5044
3
4
1 1567
1 7581
3
1 1654
1 5949
1 3008
4
3
4
4
3
4
3
4
1 9925
4
1 4295
4
3
4
4
1 5149
3
4
3
4
4
4
4
4
4
4
3
4
3
3
4
3
4
3
1 1491
1 6289
3
3
1 3714
4
3
4
3
3
4
3
1 8619
4
4
3
3
4
1 3890
4
4
4
4
4
3
4
4
3
1 2287
3
3
4
4
4
3
3
4
3
3
4
1 3043
3
3
4
1 9851
4
4
4
1 6512
1 2149
4
3
4
4
4
1 3089
1 2570
4
3
1 4939
3
1 7972
1 3308
3
4
4
1 9334
1 434
1 9134
1 8743
3
1 720
3
1 4075
4
1 5628
3
3
4
1 5388
3
3
4
4
4
3
3
4
4
3
1 4157
4
3
3
1 396
1 8935
3
4
3
1 4356
1 8236
1 6972
4
1 8984
1 8844
4
4
1 1621
1 7843
1 94
3
4
4
3
4
1 2506
4
1 2899
1 8875
1 2387
3
4
1 5448
4
1 379
4
3
3
3
4
1 786
1 4702
1 2901
1 9291
4
1 9807
3
4
3
4
4
4
4
3
1 7172
3
4
1 7459
3
4
4
1 9605
4
1 818
4
4
3
3
1 1428
1 2970
3
3
3
1 1390
4
3
4
4
4
3
1 8699
4
1 2848
1 4151
3
1 3142
1 196
3
3
1 7992
1 7789
4
4
3
4
4
3
4
1 9301
1 5816
1 4806
4
1 2502
1 5218
1 4716
1 433
4
3
4
4
4
3
1 4801
4
1 5131
4
4
1 16
3
1 163
3
3
1 2092
3
3
1 6771
1 810
3
1 3277
3
4
4
1 9029
4
3
4
3
4
4
3
1 9778
3
4
4
3
1 9075
1 4484
1 6278
3
1 3689
1 1606
3
1 7437
1 9677
1 1267
3
4
3
4
4
3
1 5031
3
1 6701
3
1 4888
1 1410
1 4897
3
3
4
3
4
4
1 5472
4
3
4
1 7724
4
3
1 5589
3
1 7981
1 1273
4
3
1 165
4
4
1 5229
1 1331
1 2046
3
1 7559
3
1 856
3
1 7283
4
4
1 558
3
1 4797
1 2933
4
4
1 9582
1 6127
1 8512
4
1 324
3
1 1876
4
1 4891
1 4792
3
4
3
1 1127
1 4192
1 3294
1 3369
1 8547
4
1 7580
4
4
1 6889
1 6207
1 2575
4
1 2061
4
1 9478
3
1 8716
4
3
1 4530
1 9186
3
1 781
4
3
1 3475
3
1 7299
3
3
4
4
1 9728
3
1 5494
3
1 3578
1 676
4
1 6874
1 560
4
4
1 3268
3
3
1 5610
3
1 8275
3
4
3
4
3
3
3
1 84
3
3
1 9968
1 1267
1 2910
3
3
4
4
1 276
3
4
1 819
4
3
1 5845
4
4
4
1 1906
4
3
4
1 2284
3
1 5839
3
4
4
3
4
1 4605
3
4
3
4
3
3
1 7741
4
3
3
1 8561
4
3
3
4
4
4
3
3
3
1 5328
1 5951
1 9533
3
3
4
3
1 6071
3
3
3
1 9719
4
4
3
4
4
3
1 2835
1 1455
4
3
3
1 4651
4
4
1 5733
3
4
1 7461
3
4
3
3
3
1 3236
1 3021
4
3
1 7609
1 9137
1 5096
3
1 3072
3
1 87
3
1 4205
1 6565
4
4
3
4
1 6508
1 493
1 3755
4
1 5624
3
4
3
1 9708
3
4
3
3
1 6758
3
3
4
4
3
3
1 4992
4
3
4
4
4
3
1 2490
3
3
3
4
4
4
1 9611
1 498
3
4
3
3
4
1 6334
4
3
3
4
1 789
1 7115
3
3
4
4
3
3
3
4
1 3257
3
1 8157
4
3
1 3775
1 7244
4
1 1544
3
4
3
3
3
3
1 3758
3
4
1 8516
3
1 8186
3
1 446
3
3
4
4
3
4
3
1 1472
1 3731
1 3156
3
4
3
1 9536
4
3
1 7192
1 1188
3
3
3
3
4
3
4
1 4221
4
1 7725
1 481
4
3
1 2007
4
3
3
4
3
4
3
4
3
4
1 59
4
4
4
1 695
1 6857
4
4
3
1 5758
4
3
3
3
3
3
3
4
4
4
1 2315
3
4
3
4
4
3
4
1 6064
1 7687
4
1 1712
3
3
3
1 1173
4
3
4
1 6863
3
4
4
3
1 9469
4
3
1 7754
4
4
4
4
1 3677
1 8557
4
3
1 7345
3
4
4
3
4
1 5280
3
4
1 4784
1 1254
1 1529
3
1 7908
4
4
4
4
1 3093
4
4
4
4
1 5408
1 1474
1 9987
3
3
1 5878
3
4
4
1 4359
3
4
4
4
1 3531
4
1 4817
3
1 8626
3
1 5299
1 6272
1 9628
4
4
1 7451
3
1 6936
4
4
1 4844
1 812
3
4
1 6908
1 9322
3
1 2462
1 1296
4
3
4
3
1 8585
4
3
1 9846
4
3
4
4
4
3
3
4
3
4
1 1462
3
3
1 2166
4
1 7410
3
3
1 9119
1 7218
1 2569
1 3066
1 3422
4
1 3279
4
4
3
1 1338
1 5593
3
3
4
3
1 3210
4
3
1 6568
4
1 7306
1 8429
3
1 3110
1 5211
4
4
4
1 5636
3
4
4
1 4029
1 2924
3
1 8709
1 6635
3
1 8978
4
1 8544
1 246
3
3
1 2699
4
1 4621
3
1 9134
4
3
1 9435
3
3
1 8722
1 1528
4
3
4
4
1 7594
4
4
4
3
3
3
1 951
4
4
1 8440
3
4
4
1 1733
3
4
4
3
3
4
3
1 7486
1 411
1 426
4
3
4
1 4181
4
3
3
4
1 9488
3
3
3
1 4340
4
1 4242
4
3
3
1 9478
4
1 5266
4
4
1 52
4
1 3845
1 5009
4
4
3
4
3
1 180
1 5879
4
3
4
3
3
4
1 6105
1 6448
3
4
4
3
3
3
4
3
1 6740
3
3
3
1 8629
3
1 7950
3
3
3
1 5916
4
1 5281
1 4491
1 9411
1 9294
4
4
3
3
1 6154
3
4
3
4
3
3
3
3
3
1 813
3
1 6328
4
1 1266
1 9285
3
1 2427
1 8216
1 3822
3
3
3
3
1 7608
4
4
1 2089
1 2318
3
4
1 9551
3
4
1 8054
4
3
1 1599
3
3
4
3
4
3
1 6328
3
1 787
1 2207
1 464
1 2466
4
3
1 1092
1 2185
3
1 8422
1 2153
4
4
4
4
4
3
4
1 7667
4
1 3397
1 7976
1 6702
3
1 456
4
3
3
1 2284
3
4
4
4
4
4
4
3
4
1 4412
1 3573
1 2220
4
4
3
1 5846
3
3
1 1243
1 3309
1 6873
1 1353
1 7099
4
3
4
1 9531
1 178
4
1 7860
4
4
1 2299
4
4
1 109
4
1 1924
3
4
1 4276
3
3
4
3
1 3349
3
3
3
4
3
3
4
3
4
3
1 9487
3
3
1 7866
3
3
1 4993
1 1773
4
3
4
1 5543
4
4
4
4
3
3
1 2651
4
1 2520
4
3
4
1 5504
3
1 6327
4
3
3
3
3
4
3
4
4
3
1 6512
1 568
3
1 9646
4
4
1 9010
4
3
1 3903
3
4
4
4
4
3
3
4
4
3
3
3
3
1 8725
1 8680
1 1194
1 7659
4
3
1 3486
3
3
1 6713
4
4
3
3
1 9831
1 8962
4
4
1 9806
1 6333
3
1 9377
3
4
4
3
3
1 7467
4
1 2733
4
1 175
4
1 118
3
3
4
3
3
3
3
4
1 7119
3
4
3
1 9682
1 2335
4
1 7997
1 4067
4
3
3
3
1 1309
3
3
4
4
1 8915
3
1 2975
4
3
4
4
3
4
4
1 3361
1 418
1 9148
1 5906
3
4
4
4
1 3909
4
1 2789
3
4
1 4711
4
1 9657
4
3
4
4
3
1 3992
3
3
1 5025
1 1417
1 6279
4
3
4
3
4
4
1 5942
1 6106
3
4
1 3110
4
3
4
4
1 8549
4
4
3
3
4
1 9785
4
4
1 7789
4
4
4
3
1 3651
3
1 1864
3
1 4987
4
3
3
1 5446
1 4348
1 3610
1 6669
4
1 3874
1 8060
1 4678
3
1 4165
1 6600
3
3
3
1 1170
1 5129
4
1 1300
4
4
1 9114
1 4846
3
1 4335
1 9814
3
1 2784
1 4428
1 1768
3
1 6504
3
3
1 4009
3
1 6192
1 2291
1 4379
3
4
3
1 1156
4
1 6903
1 2313
3
4
4
1 5139
1 4658
3
1 1559
4
3
1 6396
4
3
1 5714
3
1 8496
4
3
4
4
1 3017
1 9647
3
4
3
1 5364
4
4
3
4
1 1436
1 1660
4
3
3
3
4
1 3215
3
1 9300
3
4
4
4
1 4122
3
4
3
1 6937
4
1 2086
4
3
4
3
1 2102
4
1 2245
4
1 862
4
1 5174
3
1 3145
1 5208
1 1444
4
3
1 9047
4
1 1770
4
3
4
1 7974
1 1953
4
4
4
4
4
3
1 1834
3
1 1188
1 3704
4
3
4
1 2029
1 6680
4
3
1 6220
4
3
1 1089
4
1 2381
1 2088
1 9051
4
4
3
3
4
1 157
3
3
3
1 9702
1 3839
3
4
3
4
4
3
1 6000
4
3
4
1 3669
1 7925
1 5938
1 9021
1 5223
3
4
3
4
3
4
3
4
1 4378
1 4269
1 8756
4
3
3
4
4
1 8339
4
3
4
1 6338
3
1 2963
4
4
4
4
3
4
4
4
1 7082
1 6233
3
1 6469
1 2102
4
4
4
4
3
1 5352
1 4465
1 4102
3
3
1 5474
3
3
4
1 5720
4
1 9983
1 1298
1 884
4
1 8311
4
4
4
4
1 8556
1 4850
1 9492
4
4
3
4
4
4
1 9194
1 7530
1 3045
3
3
3
1 4923
1 5426
1 4897
3
3
4
1 5249
3
4
1 9817
3
3
4
4
1 2614
3
1 5471
4
1 7700
1 473
1 3592
3
3
1 8989
3
3
4
3
3
4
3
1 9291
1 5740
3
1 1497
1 2832
3
4
3
3
1 7468
4
4
1 7815
1 1181
4
4
1 1037
4
3
1 3775
4
3
1 896
4
1 2518
3
1 3365
3
4
3
4
4
3
4
1 8863
3
3
1 8124
3
4
1 8313
1 2224
3
3
4
3
3
4
4
4
4
4
1 7203
3
1 6866
4
1 1720
3
4
4
4
4
3
1 3659
3
4
1 6467
4
1 8646
3
3
4
1 2956
1 3450
3
1 7809
1 854
3
3
4
1 7703
4
1 5352
4
4
1 792
3
4
4
4
3
3
4
4
3
1 6616
4
4
1 2011
4
4
4
1 9275
1 9613
1 3121
4
3
3
1 8969
3
3
3
3
1 3389
1 3669
3
4
3
1 1735
3
3
3
1 2143
1 4924
3
4
1 6769
4
3
4
4
1 6211
3
1 7525
1 7190
4
1 3294
4
3
1 8899
3
4
1 6527
3
1 9218
3
3
3
4
4
4
3
1 2583
4
3
3
1 5551
1 9806
1 951
3
1 724
1 1349
4
3
4
4
4
1 6810
1 645
4
1 2955
4
1 3639
3
1 8420
4
3
3
1 553
4
4
4
4
1 9249
1 8195
1 7653
1 5920
3
4
4
1 5189
1 4132
3
1 8910
1 7465
4
3
4
3
4
1 6239
4
3
3
3
1 5890
1 4898
4
4
4
1 1715
4
4
4
1 2485
4
4
3
1 2265
3
1 8883
3
1 5633
4
1 1148
1 6042
4
1 16
4
3
3
3
3
1 7294
1 1648
1 4181
1 8719
3
1 988
3
3
3
4
4
1 923
3
4
3
3
4
3
1 6693
3
3
3
4
4
3
4
1 2534
4
1 3511
1 4205
1 4738
1 3338
4
3
3
1 3348
4
3
3
3
3
3
1 2316
3
3
4
4
4
4
1 5233
1 3551
1 9101
3
1 9443
1 8986
3
1 6626
3
1 6006
3
1 2387
4
3
1 4632
4
1 1629
3
4
4
4
1 2080
3
4
1 9156
1 3354
4
1 540
3
3
4
4
3
1 2487
1 7412
3
4
3
4
4
1 4793
1 1833
4
1 6990
3
3
1 1243
4
1 8061
1 1811
3
1 3623
1 5625
1 4486
3
3
3
3
1 7932
1 2243
3
1 8850
3
4
3
4
4
4
1 7635
1 7314
1 2884
3
1 3876
1 3362
3
3
4
3
1 6292
4
1 581
1 158
4
3
1 6133
4
1 6698
1 444
4
4
3
4
4
1 8278
4
3
4
1 7121
3
4
1 3929
4
4
4
1 9777
4
4
3
4
1 1539
4
4
4
3
3
3
4
3
3
1 5976
3
1 1607
4
3
3
1 7239
4
3
1 2572
4
4
4
1 4726
1 6877
1 3188
3
1 6808
4
3
4
1 8612
4
3
4
1 8579
4
3
4
4
1 8052
1 5216
1 7886
3
4
4
3
3
4
3
3
3
4
4
4
1 6446
4
3
3
4
4
3
4
1 1708
3
3
1 5554
4
1 8765
1 771
3
1 6342
3
3
1 4015
4
3
4
1 3674
1 7680
1 8489
4
4
1 7390
1 7947
1 1638
3
3
3
1 2898
1 1137
1 7824
1 9882
1 2337
4
3
3
4
1 1020
1 680
1 4895
3
4
4
4
3
1 9252
1 3106
3
3
4
4
4
1 4803
3
3
1 5314
4
1 83
1 9141
3
3
4
4
1 330
3
4
4
3
1 3693
3
1 3273
3
4
4
3
4
1 6829
3
1 3424
3
4
4
3
4
4
4
3
3
4
4
4
4
1 7790
3
3
3
4
3
1 4780
1 7454
4
1 7088
1 6290
3
3
1 8418
1 2636
1 5547
1 7533
3
3
1 5313
4
1 6054
3
4
4
3
3
4
4
4
4
1 1264
1 8264
4
1 2025
4
1 5526
4
4
1 1412
4
3
4
4
3
4
3
4
4
1 232
1 4260
3
1 6161
4
3
3
3
1 9629
1 3701
3
4
1 1309
3
3
3
3
3
4
3
3
3
3
1 9473
3
1 5525
3
3
4
1 724
4
1 4408
3
3
1 5005
4
1 1186
1 2406
1 6860
1 6243
1 5116
3
3
1 1473
1 565
3
3
1 1254
4
4
3
4
4
3
3
1 2615
3
1 3454
1 3837
3
1 9229
1 991
4
4
4
3
1 4479
3
1 9781
4
4
3
1 6153
3
1 9809
4
3
3
3
1 1553
4
3
4
3
4
4
1 6845
3
3
1 8296
3
3
1 8450
1 8083
4
4
3
3
4
1 8557
3
4
1 4318
4
1 3874
1 9885
1 8492
3
3
4
3
1 5060
1 2491
3
1 9708
1 7708
1 427
4
1 1570
3
4
3
3
4
3
1 5549
3
3
4
4
4
1 2950
1 9165
4
3
1 8390
1 1375
1 9668
4
1 2885
3
1 8494
1 5152
3
4
3
4
3
4
3
4
4
1 8383
1 7737
4
3
1 8371
4
4
4
4
3
1 409
1 7003
3
1 7338
4
1 6641
3
3
3
3
3
4
1 4757
4
1 7089
4
1 9143
3
4
4
3
4
4
1 3675
1 4098
4
1 7704
4
4
4
1 8028
3
4
3
4
4
4
3
3
4
4
1 3415
3
4
4
3
1 6002
4
3
1 7858
1 4985
3
4
4
3
3
1 8528
4
1 2009
4
4
4
4
1 2182
1 5012
1 8763
3
3
1 1957
4
4
1 3431
4
3
3
4
1 9936
4
3
4
4
1 2644
1 1281
1 5276
4
4
4
3
4
3
1 7358
3
3
4
1 8018
3
1 8406
4
1 5249
4
3
3
4
4
4
3
4
4
4
1 2577
4
3
1 7495
3
3
1 5188
4
4
4
3
3
4
4
1 1177
3
4
3
4
3
4
3
3
4
3
3
4
3
4
1 7171
3
3
1 5575
4
3
4
4
3
3
3
1 4060
1 1869
3
1 2417
3
1 4962
4
3
4
4
3
4
1 5901
4
3
4
1 7556
4
1 3913
4
3
3
4
4
1 8184
4
3
3
4
1 471
4
3
1 6819
3
1 1811
1 2849
1 4799
1 4513
1 4578
4
3
1 7061
1 2290
1 5613
1 2599
4
4
1 7532
4
3
4
1 4630
1 5642
3
1 2342
3
1 465
1 4423
1 7510
1 4757
3
4
4
3
1 5749
3
3
3
3
1 8244
1 7606
1 6827
4
1 691
3
4
3
4
4
4
1 1710
4
3
4
4
4
1 9239
3
4
3
1 9212
3
1 9529
1 9504
3
3
1 3963
1 5204
3
4
4
3
3
1 8133
4
4
1 3380
4
4
1 1667
3
3
3
1 5779
1 9275
3
1 5230
1 562
3
4
3
1 6261
1 8496
1 5401
3
3
3
4
4
3
3
4
1 9111
4
1 2650
3
4
1 384
4
3
3
1 1106
1 9951
4
3
1 1795
1 9913
3
3
3
4
3
1 8274
1 1833
4
3
3
4
1 4098
4
3
4
3
1 6478
4
1 7490
1 9513
4
3
3
4
4
1 9991
3
4
4
4
1 9960
1 8956
1 7581
4
1 6815
3
4
1 2224
3
1 7180
1 876
4
4
1 341
3
4
1 145
3
1 8512
4
1 8677
1 4311
1 9428
1 4652
4
1 9162
3
3
1 6261
4
1 6355
1 8138
3
3
4
1 7552
1 8751
3
1 1904
4
3
1 3806
3
4
4
3
4
4
4
3
4
4
4
1 7454
3
4
1 1786
3
4
1 5779
1 3268
1 7173
3
1 6506
1 1726
1 794
4
1 2143
1 8228
3
4
1 7508
1 7253
4
1 1923
1 4774
4
3
4
3
4
4
4
1 3012
1 3831
1 6751
3
1 756
1 4001
4
1 9145
4
1 1019
4
1 6726
4
1 3547
3
3
4
1 2516
4
4
4
3
1 3219
3
1 1976
3
3
1 1655
1 5637
3
4
4
1 1396
1 7057
4
1 5808
3
1 7849
4
3
3
3
4
1 6910
1 5689
3
1 1542
1 4198
3
4
3
1 283
1 4817
4
1 5414
1 4925
4
3
1 2836
3
3
3
1 9091
3
3
3
1 413
4
4
1 7149
1 4236
1 4367
3
4
1 5584
3
4
1 9056
1 248
4
3
3
1 3563
3
4
4
4
3
4
1 9462
3
1 4972
4
4
4
3
4
3
3
1 4656
4
3
1 1320
3
4
3
1 8944
3
4
3
4
1 6247
3
1 5247
1 8921
1 2332
4
3
3
4
3
3
3
1 1320
3
4
3
1 467
3
3
3
1 2395
1 4673
4
3
1 7712
4
4
1 5705
1 8193
1 8342
1 1740
3
3
3
4
1 1278
4
1 5430
3
3
3
3
4
1 4091
3
4
3
3
4
1 686
1 3867
1 4615
4
1 6968
3
1 6494
1 5806
1 3724
1 9845
1 4081
1 6380
1 8669
1 3858
4
4
1 1450
1 3270
1 1223
3
4
4
4
4
4
3
3
3
4
4
1 3035
4
1 6030
1 1629
1 3690
3
3
4
3
4
3
3
4
4
3
4
3
4
3
3
3
3
3
3
1 6085
4
3
1 8207
4
4
4
1 6908
1 7257
4
1 5367
4
1 8043
4
1 2118
3
4
3
3
3
4
4
3
4
3
3
4
3
3
4
3
3
4
3
4
1 2051
1 2403
3
4
1 9363
3
4
3
3
1 3459
3
4
1 640
3
3
1 1011
3
3
4
1 7617
3
3
1 8979
4
4
3
4
4
4
3
4
4
1 9670
1 3978
1 8767
4
1 6953
4
3
3
1 4370
3
3
3
4
3
3
1 6974
3
1 4361
1 8124
4
3
4
1 2841
3
3
3
4
3
1 7170
3
3
4
1 3049
4
3
1 7160
3
3
3
4
3
3
1 2709
3
4
1 9183
3
1 9721
1 753
1 3884
4
3
1 6166
3
4
3
1 1575
1 9537
4
3
1 9054
1 8357
1 9362
3
4
4
4
4
4
4
4
4
1 1073
4
1 9095
3
1 3377
4
1 6420
4
1 1147
3
3
3
4
3
3
3
1 3742
1 5755
1 2327
4
4
1 3555
4
1 5612
3
1 9679
1 2527
1 5529
3
4
3
4
4
4
1 8822
4
3
3
4
1 2945
1 3929
3
4
1 5807
1 9597
4
3
4
3
1 6471
4
1 5674
4
4
3
3
3
3
1 621
3
3
3
1 1124
1 14
3
4
4
4
4
3
1 9677
1 7341
3
4
4
1 8346
4
1 2291
1 5989
3
1 7930
1 2278
4
4
1 8045
1 6034
4
4
4
1 3932
1 9614
1 9635
4
1 6265
3
4
1 5393
4
1 5547
1 1991
4
3
1 8203
1 446
4
3
3
1 5462
4
4
4
4
4
1 7919
1 5336
4
3
3
4
4
3
4
1 657
4
3
4
1 9747
1 6704
3
3
4
4
1 4761
3
4
1 5657
4
4
1 3381
4
1 5416
3
4
4
1 6251
1 9446
1 4670
4
1 6973
1 937
3
3
3
1 1115
4
3
1 9335
4
3
4
3
4
4
3
4
1 8831
3
1 5617
1 529
1 7079
4
1 9790
3
4
3
1 6041
3
4
3
1 4915
1 3763
1 3041
3
1 1902
3
3
4
4
1 970
3
3
3
3
4
3
1 7091
3
4
4
3
1 4523
4
1 4076
1 9194
3
1 5046
4
3
1 7540
3
1 8853
3
1 7739
4
4
1 5472
3
3
3
3
4
1 3044
1 2615
3
3
3
3
1 4340
3
4
4
4
4
3
1 5887
3
4
4
4
3
4
1 3048
1 6963
3
1 7250
3
4
3
3
4
1 6908
1 7798
1 2262
4
1 1586
4
1 2010
1 8220
4
1 301
4
3
3
1 4626
4
4
4
1 9601
1 8245
1 2919
3
3
1 8888
4
4
1 6002
1 7273
1 4636
4
4
3
4
3
1 6542
3
1 9971
1 7739
4
3
4
1 9113
1 3248
1 242
1 9763
1 1614
3
4
4
4
1 3272
4
3
1 3363
1 8161
4
4
1 2241
4
4
1 2109
4
3
1 1201
3
4
1 1031
4
4
1 4736
4
1 642
1 8718
3
4
4
1 6888
1 1499
4
1 7704
3
1 5099
4
3
3
3
3
1 2746
4
3
1 2065
3
1 3536
3
3
3
4
1 3536
3
3
3
1 1668
4
3
1 7627
4
3
3
3
1 5027
1 8871
1 1330
1 6213
3
1 6708
4
1 401
3
4
3
4
4
3
4
1 9583
3
1 7904
3
1 5013
1 7492
1 3255
3
3
4
4
3
3
3
3
3
4
4
1 7167
1 2192
4
1 6411
1 4182
1 372
4
1 4801
4
1 8035
3
1 2291
3
4
1 4823
3
1 7844
4
4
4
1 89
1 4114
1 4993
1 9636
4
4
4
1 3292
4
1 6570
4
1 5154
3
4
3
1 496
1 1787
1 6323
1 4027
4
1 6119
3
4
1 3952
4
4
3
4
1 3520
4
3
1 4314
3
1 4220
1 3367
4
3
1 3953
3
1 15
4
1 5192
4
1 7724
1 7400
1 2596
1 4406
4
3
3
4
4
1 9186
4
1 2521
1 9035
3
1 9312
3
4
3
1 7585
3
4
3
4
4
4
4
1 7553
1 8478
1 3771
3
3
1 6757
1 2357
3
1 5913
3
4
3
1 9949
3
4
4
1 950
4
1 189
1 3084
1 5953
4
3
3
1 5091
3
1 3853
3
3
4
3
3
4
1 4714
3
3
3
4
1 2786
4
4
1 8685
3
4
4
3
4
1 1277
3
1 7911
4
3
1 1512
1 4402
3
1 5308
4
4
1 7821
4
1 9601
3
1 6840
3
3
1 5852
1 2149
4
1 7098
1 3440
1 2621
3
1 5565
3
1 6555
4
4
3
3
3
3
3
4
4
1 2585
3
4
3
1 8465
3
1 6
3
3
4
4
1 934
3
4
4
1 5137
3
4
3
1 9599
4
3
4
1 684
1 5269
4
4
1 4956
3
3
1 9833
4
1 6429
1 470
1 7873
1 9090
3
3
3
1 2638
3
4
1 7160
3
1 4859
4
3
4
4
3
3
3
1 6334
3
4
4
3
4
3
4
4
1 8072
1 1542
1 3061
1 311
3
3
4
3
1 3173
3
1 936
4
3
4
1 9080
3
3
4
1 6846
4
4
3
3
3
3
3
1 1864
3
1 6583
3
4
4
1 5155
4
1 7743
1 5576
4
1 5934
1 8981
3
4
4
1 7976
1 1403
1 8913
3
1 5662
4
3
4
3
3
1 8505
1 2231
3
4
3
3
4
4
1 1575
3
4
4
1 4394
4
1 7794
1 7595
4
1 7433
1 127
1 6923
3
4
1 2566
4
1 6163
1 3838
4
3
4
4
3
4
3
1 3983
3
4
1 578
3
3
3
4
1 2166
3
4
3
4
3
3
3
4
4
3
3
3
4
1 8312
3
1 7951
3
1 6771
1 8895
1 3301
1 6453
3
1 7378
1 3439
1 7111
4
1 9814
4
3
3
1 9086
4
4
1 222
1 9604
1 5605
1 6319
4
4
4
4
3
3
1 8232
1 5318
3
1 2552
4
4
3
4
4
3
3
3
1 5588
1 1777
1 9058
3
3
3
1 9067
4
4
1 5962
4
4
1 6693
1 5744
3
4
1 7199
4
3
1 3483
1 5622
1 4724
3
4
3
1 9100
4
3
4
3
1 4244
1 2517
3
4
1 6533
1 828
4
4
1 5869
1 7412
1 2411
1 3683
4
1 16
1 9387
3
1 5737
3
1 9490
1 7887
4
3
4
1 8909
4
4
1 4542
1 4962
1 9240
4
3
1 8101
3
4
3
1 3042
3
3
3
3
4
4
1 8599
1 2642
3
3
1 7388
3
1 5997
4
1 5718
4
4
4
1 3590
1 7279
3
4
3
4
3
3
3
3
4
4
4
3
3
3
1 3514
1 8572
4
4
4
4
3
4
4
1 5627
1 268
3
4
3
3
1 3283
3
4
1 7501
1 1957
3
4
4
1 6185
4
4
4
1 6104
3
4
1 3273
3
3
4
3
1 8198
1 3893
3
3
3
1 1332
1 7833
1 1573
1 9554
4
3
4
4
4
3
4
1 3438
4
1 1477
1 3308
1 2341
4
3
1 808
1 8581
4
4
3
4
1 2667
4
3
1 4328
4
3
4
3
1 548
4
4
4
1 7216
1 7533
4
4
4
4
4
3
1 1521
3
1 1682
1 8748
4
1 5470
1 8291
3
1 6572
4
4
3
3
1 9331
4
4
1 1319
3
4
3
1 8434
4
3
4
4
4
4
4
4
3
4
4
1 7863
3
1 8137
1 4091
1 8826
3
1 6574
1 3439
1 4318
3
3
1 4141
3
3
3
3
4
1 4042
4
3
1 2109
4
1 9282
4
3
1 3329
3
3
1 68
3
1 5616
1 6353
4
1 6812
1 2978
3
4
1 2583
1 1805
3
3
3
1 3277
4
4
3
4
1 4259
3
1 9137
1 2785
4
3
4
4
4
1 6465
3
4
4
3
3
4
4
1 9941
4
1 5756
1 5795
3
4
3
4
3
3
1 6435
3
1 5595
1 3708
4
4
3
1 5360
4
4
3
3
3
4
3
1 5950
4
4
4
1 1331
4
1 3025
4
4
4
4
1 754
3
1 5757
4
4
4
1 186
1 5296
1 5187
1 4357
3
3
1 4668
3
1 2340
4
4
3
3
3
3
1 1740
4
1 2293
3
4
3
4
4
1 1929
1 8803
1 9703
4
3
1 7086
1 846
3
1 9220
1 2626
4
1 9525
1 5770
1 6617
1 4092
1 6488
1 3943
4
1 7122
1 4398
1 7144
1 9553
1 2702
1 5120
1 5654
1 9705
4
3
3
4
3
1 5388
4
1 1527
1 8887
4
3
4
1 120
4
4
4
4
4
3
3
3
3
3
4
1 2793
4
4
3
4
3
1 5405
4
4
4
3
4
3
1 8661
4
3
1 3466
3
4
4
4
3
3
4
1 6033
3
4
3
4
1 2534
3
3
1 1458
3
1 8514
1 1496
4
4
3
1 1648
4
4
3
4
3
4
1 8621
4
3
3
4
4
3
1 7749
3
3
3
1 2702
1 461
3
4
3
1 2058
4
3
4
4
4
1 4789
3
4
3
1 5314
3
4
1 2262
3
3
1 1164
3
1 8231
1 9602
1 3533
3
1 8631
1 7725
3
4
3
3
4
3
1 9235
1 533
3
4
3
3
3
3
4
3
4
1 2093
4
3
1 88
3
3
3
3
4
3
3
1 7316
1 9888
3
4
4
4
4
3
4
3
1 1426
4
3
3
1 9604
3
4
4
1 4002
1 2924
4
1 978
3
4
4
3
4
4
3
4
4
1 5033
3
1 4010
3
1 2803
4
4
3
4
3
4
3
3
1 9916
3
4
1 5456
1 4626
1 103
4
1 8469
1 3547
3
3
3
3
1 4761
3
4
1 9599
1 3555
4
4
3
3
1 5377
1 5261
4
4
1 9866
4
4
3
3
1 2372
3
3
4
4
3
3
1 8245
1 257
3
4
3
1 3835
3
1 2152
1 4806
3
1 9253
3
4
4
1 108
3
1 3876
1 5427
4
3
3
1 6459
3
3
3
3
1 2984
1 3380
1 2511
1 2599
1 6338
4
4
4
3
3
4
4
3
1 6495
1 2280
4
3
1 5821
3
1 5081
3
3
4
3
1 859
3
3
1 7951
1 181
4
1 4552
3
3
3
1 4697
1 3218
1 5630
4
4
4
1 4748
1 8094
3
1 632
3
4
1 382
4
3
1 8318
4
4
1 646
4
3
4
1 288
3
3
1 4278
4
3
1 7239
4
3
4
4
1 1945
1 8176
3
3
1 4419
4
3
4
4
4
1 5619
3
4
3
3
4
3
1 984
1 2947
1 2213
4
3
4
3
3
3
4
3
1 5695
3
1 1573
1 8961
1 9320
4
3
1 5323
4
3
3
3
4
1 6243
3
4
4
1 4143
4
3
1 8527
4
3
1 459
1 8624
1 9399
4
1 8160
4
1 3119
3
1 4695
3
4
3
3
1 2382
4
3
3
1 8377
3
1 7906
4
4
1 5268
4
1 2701
1 1827
1 7033
3
4
1 2416
4
4
4
1 9928
1 1016
1 7492
4
3
3
3
1 5516
1 7236
4
1 8803
4
3
4
3
4
1 8573
1 1654
1 9045
4
3
3
4
4
3
4
1 6467
3
4
3
1 3555
3
4
1 7082
1 9535
1 5409
4
3
1 8589
1 9363
1 3743
3
4
4
3
4
4
3
1 9075
4
3
1 1387
3
4
4
3
3
4
1 5884
4
1 5737
4
3
1 685
1 8164
4
1 2288
4
4
1 5690
3
3
4
4
3
1 4584
4
3
4
