1649
1 1991
4
4
1 6355
1 5936
4
1 8420
4
4
1 5140
4
3
3
1 5983
4
4
3
4
4
3
1 3496
1 9883
1 5404
3
3
1 6229
1 7582
1 5286
1 5449
3
1 3221
4
1 517
3
3
3
3
4
4
4
3
1 3927
4
1 7596
4
1 6807
1 5331
1 3122
3
4
3
4
1 1447
3
1 5087
1 8153
4
3
1 6988
1 6740
3
1 9569
4
3
3
4
3
3
3
3
1 421
3
4
1 565
1 2898
4
4
3
4
4
3
3
4
4
3
1 9618
3
4
4
4
4
4
4
3
1 4431
4
3
4
3
3
4
1 2049
3
3
4
3
3
3
1 225
1 5291
4
3
4
1 9997
3
4
4
1 4711
1 6854
3
3
1 2894
3
4
3
4
4
1 5449
1 8287
1 2488
3
3
3
4
4
3
1 9209
3
4
3
3
1 7065
1 6696
4
1 2648
3
1 5666
3
1 7450
3
4
1 8688
4
3
1 3327
4
3
3
3
4
3
4
1 3822
4
1 9614
3
3
1 1961
1 1648
3
4
4
3
3
1 7850
1 7165
3
1 426
1 9142
3
1 5469
3
4
3
1 8713
3
3
1 7509
4
4
4
1 9003
3
3
3
1 288
1 1962
3
4
1 478
1 6409
3
3
3
1 7118
1 8547
1 6327
1 8687
1 7326
4
3
1 1855
1 3419
4
4
3
3
1 8214
1 1922
1 4222
1 2482
4
3
4
3
1 7785
3
3
4
3
3
4
4
4
4
4
4
4
4
3
3
4
1 1257
1 8139
1 1382
1 6443
3
4
3
1 4908
3
1 2111
3
4
1 3595
4
1 6654
1 3712
1 2565
1 7224
3
3
4
3
3
3
1 2060
3
1 3984
1 5021
3
4
4
4
3
3
1 9982
3
1 6101
1 6725
1 7329
3
4
4
3
4
1 4761
4
4
1 8291
4
3
4
3
3
1 5280
4
1 7107
4
4
3
1 3145
4
1 6940
3
1 1332
3
3
3
4
3
1 8535
1 4140
1 5922
1 4436
1 8370
1 2069
4
3
4
1 4381
3
1 9348
1 4648
4
4
3
3
3
1 7936
1 4742
3
4
1 1176
3
4
4
4
1 5406
3
3
3
4
4
3
3
4
4
1 6899
3
1 655
3
3
1 6748
1 2899
1 8927
4
3
3
3
1 7940
3
3
4
3
1 1169
1 8066
1 3126
1 6290
1 7751
3
3
4
4
3
4
1 1937
3
1 8153
4
3
3
1 2337
3
3
3
4
1 637
1 8744
4
4
3
4
3
3
3
3
4
1 6875
3
4
1 9042
3
3
4
3
3
1 1619
3
1 5174
4
3
3
3
3
1 3093
4
3
3
1 5180
3
4
4
4
1 3308
3
1 3819
1 2854
3
4
4
4
4
4
1 6586
3
1 8373
4
3
3
1 470
4
1 42
4
1 8447
1 9714
1 1079
1 4017
4
3
1 6246
1 336
1 9262
3
4
1 5071
3
3
1 7839
4
3
1 8122
1 3611
1 2492
4
1 9946
3
3
3
4
1 7282
3
4
1 6691
1 6474
1 4070
3
3
3
3
4
1 6515
4
1 8149
1 899
1 9710
4
4
1 5356
3
4
1 1679
4
1 7466
1 8508
3
1 6208
4
1 1192
3
4
1 642
1 9626
4
3
3
4
3
4
4
4
1 7799
4
3
4
1 6890
1 4067
4
1 8443
1 3415
3
4
3
3
3
3
3
3
1 4027
3
1 1667
1 4710
3
1 9311
4
4
1 5116
3
4
3
1 1684
3
1 3122
1 6671
3
3
3
4
4
4
4
4
1 809
1 6029
3
1 6509
4
3
3
4
1 6062
3
3
1 7901
4
4
3
3
3
4
4
3
3
3
3
1 2940
3
3
1 6899
1 7449
3
1 9363
4
1 2401
1 325
1 9801
4
1 9055
3
3
1 108
3
3
3
4
1 912
3
1 7376
4
1 6826
3
4
1 3989
1 2593
1 5642
4
3
3
1 7172
3
3
1 441
4
4
4
3
3
3
4
3
3
4
4
1 4481
3
4
4
3
3
4
1 1052
3
4
4
4
3
1 1763
1 4608
1 9562
3
3
4
3
3
3
1 4712
1 7737
1 8061
1 1798
1 2798
4
1 3233
3
3
1 9493
4
1 8925
1 2370
4
3
3
3
1 733
4
1 8477
1 4681
1 8056
4
3
4
4
1 4379
1 7552
3
3
4
3
1 32
4
3
4
4
3
4
3
1 1447
1 6155
1 8307
1 7407
3
1 469
1 9729
3
4
4
1 5875
4
3
4
1 7345
3
3
4
4
1 6020
3
4
4
3
1 1979
4
3
1 7271
4
3
3
4
3
4
4
4
1 8035
3
3
3
3
4
3
1 4348
1 6738
3
3
3
4
3
3
4
1 9693
1 4233
1 1323
4
4
3
1 6681
4
4
3
3
1 581
4
4
4
4
3
4
4
3
1 5483
3
3
4
1 4117
1 5681
1 44
1 6989
4
4
1 2325
3
3
4
1 6858
1 9459
4
3
3
1 8902
1 8678
1 7994
1 2398
3
1 7408
3
1 758
4
3
1 9484
1 8098
1 3160
4
3
1 7302
4
1 3052
1 8557
1 1243
1 9482
1 352
3
4
1 3696
4
1 1412
4
3
4
4
1 2944
4
3
4
3
3
3
4
3
4
1 2380
3
1 8340
1 3310
1 2158
3
1 9922
1 2899
4
3
3
1 5645
3
4
4
3
1 6196
4
1 3749
1 5291
1 2259
4
1 6938
4
3
3
4
4
3
1 5441
1 8596
4
3
1 781
4
1 6326
4
4
3
4
1 6565
3
1 9982
4
1 8060
3
4
4
3
4
3
4
3
1 3926
3
4
3
1 5050
3
4
4
1 776
1 5692
4
1 3141
3
4
4
1 2459
4
3
3
1 4421
4
4
1 7717
4
3
3
3
4
3
4
1 1056
4
4
1 599
1 1527
3
4
3
1 429
4
4
3
1 3899
1 8954
4
3
1 3774
3
4
4
4
1 8200
4
3
1 8790
4
4
4
4
3
3
3
4
4
3
4
1 8340
4
1 9729
4
1 1013
3
1 3872
4
4
4
1 8228
1 2590
4
3
1 1013
3
3
4
1 1632
3
3
1 248
3
4
4
4
4
3
4
3
1 4096
1 1796
1 698
4
3
3
1 8201
1 6785
3
3
1 7123
3
4
3
1 6487
3
4
1 7447
3
4
3
4
4
1 2742
3
4
3
3
4
1 6477
1 1021
1 9318
1 4099
3
3
1 1019
4
4
1 1251
4
3
1 2042
3
4
1 7349
3
1 6715
1 1241
4
4
3
3
4
3
4
4
4
1 6038
1 8878
1 4845
1 1102
1 5095
4
1 7597
4
3
1 7437
1 1584
1 1649
4
3
1 4672
4
4
3
1 854
1 4683
4
1 8324
3
1 4313
4
3
3
1 9025
4
3
4
3
4
1 4456
3
4
3
4
3
1 4006
4
4
3
3
1 7952
3
1 2633
3
4
4
3
4
1 8494
1 7437
3
1 4769
3
1 219
1 3717
3
4
1 8331
3
3
1 2567
3
3
1 6183
1 2109
3
4
4
1 3830
3
1 1806
4
4
3
3
4
1 7851
4
3
1 8131
4
1 9446
3
4
1 9349
1 3063
1 6825
4
1 5543
3
3
3
4
4
3
1 4909
3
3
1 5897
1 4504
4
1 146
3
1 9150
3
1 8665
3
1 7647
4
4
4
1 8856
4
1 1729
1 6657
1 2558
1 6625
3
3
3
1 5404
1 936
4
3
4
1 8168
4
1 15
3
4
1 3722
3
3
1 9231
4
3
1 3832
3
4
4
3
4
4
3
1 7914
4
1 4806
3
4
3
3
3
3
1 3178
4
3
1 805
1 3319
1 3633
3
3
3
4
3
1 1063
4
3
3
4
4
1 1939
3
3
4
3
1 1400
3
4
3
4
3
3
1 6515
4
3
4
1 6160
4
3
4
1 5176
1 3394
3
1 3079
3
4
4
3
1 3758
3
3
1 7874
3
3
4
3
1 3807
3
1 232
4
1 4397
4
1 7052
3
1 2692
4
1 3328
4
1 995
4
1 1395
4
3
3
1 2257
1 3138
4
3
3
3
3
4
1 7283
1 7761
1 1027
3
4
3
3
3
4
3
1 3763
4
3
1 5060
4
1 1385
4
3
3
4
4
3
4
1 326
3
4
1 3557
1 2298
3
3
4
4
3
1 5483
1 7459
4
3
1 9586
1 3272
1 2136
3
4
4
3
4
3
1 187
1 1086
1 7354
1 6989
3
3
4
3
4
3
1 304
3
4
4
1 7325
3
4
3
4
4
1 9640
4
3
4
3
1 7806
4
4
4
3
1 8873
1 5998
3
1 1338
4
4
4
1 7275
3
3
4
4
3
4
1 4372
3
4
1 8083
1 7081
3
3
4
4
4
3
3
4
1 2378
4
3
1 4803
4
1 9719
1 8544
3
3
4
1 2426
1 1859
1 2338
3
3
3
4
4
1 3584
3
4
3
4
4
1 4350
4
3
1 3075
4
3
4
1 5227
3
4
4
3
3
1 2421
4
4
1 449
1 9967
1 5719
1 5089
3
3
3
4
3
1 4683
4
1 7712
1 307
3
1 8616
4
4
3
4
1 4514
3
4
1 2776
4
1 873
1 3263
1 5520
1 2210
4
4
4
4
4
4
4
4
3
3
3
3
4
1 4841
1 6794
4
1 779
1 3116
3
3
4
3
3
4
4
4
4
4
4
3
1 3173
1 2003
1 7684
4
1 3694
1 2592
4
1 133
1 1411
3
3
3
4
3
3
4
3
1 1043
3
4
4
1 7500
4
3
4
3
3
3
3
4
3
3
4
1 1162
1 893
3
1 7054
1 5017
4
3
1 6719
3
1 7461
3
3
4
4
4
1 9852
4
1 2508
3
3
3
3
3
3
4
4
4
1 9275
1 7488
1 3780
4
4
3
1 7992
4
3
3
3
1 9182
4
4
4
4
4
3
1 1556
3
3
1 3804
3
1 9815
3
3
1 3032
4
4
3
3
3
1 7601
3
3
1 4034
4
4
1 5521
4
4
1 1098
1 5318
3
4
1 9849
3
3
1 3571
4
4
1 9834
4
4
1 7736
3
1 7101
4
4
3
4
1 3381
1 1331
3
1 6171
1 7906
3
3
3
3
3
1 1305
1 8656
3
1 4439
3
1 585
1 8678
4
1 9634
1 1320
3
3
1 9242
3
1 3518
4
4
1 2851
3
3
4
1 7696
3
4
3
4
3
1 8953
3
1 4691
3
3
3
1 2159
3
3
1 3934
4
3
4
1 1632
4
1 7015
4
3
1 3893
3
3
1 8513
4
3
4
1 6079
3
4
1 9890
4
4
