1716
1 1716
4
4
3
4
3
4
1 7565
3
3
4
1 9662
3
1 374
1 886
1 6109
3
3
3
1 6557
1 7270
4
1 5108
1 1575
3
1 6148
4
3
3
4
4
3
3
3
4
3
3
3
3
4
1 1354
3
3
1 1093
1 6293
4
3
1 9975
1 8291
1 5478
3
1 1500
1 4300
3
3
3
4
1 8490
1 5263
1 1444
4
3
4
4
4
4
4
4
1 1264
1 1177
4
1 4367
4
3
4
3
3
1 5605
1 5332
3
1 9292
3
4
4
3
3
4
4
4
3
4
3
3
3
3
4
1 9133
1 6780
3
1 2235
1 3725
4
4
3
1 9393
3
3
3
3
1 6820
3
1 2759
4
3
3
1 4571
3
4
4
3
1 5361
1 6141
4
4
4
3
1 1703
4
4
4
4
1 5126
4
3
4
1 5281
1 6653
4
1 7224
3
4
1 4290
3
4
1 8670
1 7168
4
3
3
4
3
4
1 4293
4
3
4
1 938
3
3
1 4489
1 7418
1 4525
4
4
4
3
3
4
4
4
3
4
4
1 1530
1 5711
4
4
1 1983
4
1 4519
1 6469
1 380
4
1 8397
3
1 9101
4
4
1 561
3
3
3
4
3
4
4
1 7692
1 8746
1 1138
4
1 7617
4
4
3
4
1 6617
1 1389
4
3
3
4
4
4
1 5953
4
3
1 5768
3
1 6667
3
3
4
3
1 7098
1 8943
4
3
4
1 5710
4
4
3
3
3
4
1 2324
4
3
4
3
3
4
3
3
1 4267
4
3
3
4
3
4
3
4
1 6655
3
1 840
4
4
4
1 2394
1 3569
4
4
4
1 3152
1 9441
4
1 2042
3
1 3380
3
1 3261
4
1 8929
3
4
1 7571
1 294
1 4865
4
3
3
3
1 5851
4
3
3
3
4
4
4
1 8761
3
4
3
4
1 2590
4
4
3
3
4
1 8348
4
1 1336
3
1 5022
1 4460
3
1 3952
4
4
3
1 2737
4
4
3
4
3
4
3
1 6963
1 4376
3
1 3454
4
3
1 4563
4
1 893
1 4741
1 4347
4
1 8291
4
4
3
4
3
1 8214
4
1 2862
3
4
4
1 269
3
4
3
4
4
1 9517
1 4620
3
4
1 2819
1 1357
1 2975
4
4
1 4831
4
4
3
1 9741
3
4
4
1 1117
4
3
4
1 313
3
3
3
1 6950
4
1 4409
3
4
4
1 5047
3
4
1 3907
4
1 4945
4
3
1 9746
1 3225
3
3
3
4
1 3009
1 2000
4
1 7896
1 2784
3
1 9618
4
4
3
1 9425
3
4
3
4
3
4
4
3
4
1 7736
1 7498
1 2018
1 5603
4
4
3
3
3
4
1 6223
3
3
4
4
4
3
3
4
1 4521
3
3
3
3
3
4
3
3
1 8315
1 4144
4
3
4
4
4
1 3665
3
1 6428
1 9836
1 3649
1 7697
1 9004
1 2457
1 2101
4
1 7940
3
1 9654
3
4
4
3
4
1 4688
4
4
4
1 3609
3
1 2797
1 3160
3
3
1 8251
1 1891
4
4
3
1 9281
1 7050
4
3
4
1 9087
1 7460
3
4
3
4
3
3
3
1 4248
4
1 6095
4
1 1465
3
3
1 418
3
1 500
3
3
3
4
4
3
3
4
3
3
4
1 8712
4
4
3
4
4
3
1 9636
4
1 7631
1 1126
4
1 9834
3
4
1 2698
1 2720
1 9716
4
4
4
1 8146
4
4
3
4
1 1195
4
4
3
3
1 2728
4
1 8592
4
4
1 8641
4
4
4
4
1 6472
3
1 5092
1 7571
1 4004
4
1 4035
3
4
4
4
4
3
3
1 8063
3
3
3
1 3908
3
4
1 3005
3
3
4
3
3
4
4
1 9156
3
3
4
1 6301
3
3
3
3
1 4051
1 924
4
3
1 8907
1 6648
3
1 8642
4
4
1 9626
3
4
1 6373
3
1 8168
3
3
3
3
1 8010
4
4
4
4
1 4365
1 1036
3
1 4459
1 5806
4
4
3
4
3
4
3
1 1502
3
1 4371
3
3
3
3
4
3
1 9263
4
4
3
3
3
1 1752
1 5616
1 6342
1 1621
3
4
1 4816
1 115
1 6543
4
3
4
4
4
1 9679
3
1 8711
3
3
1 2274
1 2502
4
4
1 3003
3
4
3
4
1 2468
1 881
1 1908
3
4
1 5343
3
1 7285
4
1 8373
3
1 2278
4
4
4
4
3
4
4
4
3
1 4303
3
4
1 800
1 7363
4
4
1 8251
1 8794
3
1 2866
3
4
4
4
3
1 4135
4
4
3
3
4
3
4
4
4
3
3
1 4832
1 569
4
1 851
3
4
4
1 6494
1 8832
3
4
3
3
4
3
1 6120
4
4
1 127
4
1 8516
3
3
1 7814
1 8211
4
3
3
4
4
1 6859
4
3
4
1 1954
4
1 4744
1 305
4
1 9904
1 8707
3
1 1286
3
3
1 9606
1 5689
1 3209
3
4
4
4
3
1 8833
4
3
4
1 4409
1 5603
3
3
4
1 4938
3
4
4
4
1 7734
3
4
4
4
4
1 7809
1 6412
4
3
4
4
4
4
4
1 3460
4
1 2541
1 9860
1 9467
1 4446
1 3836
3
1 5370
4
1 8558
1 5683
3
3
1 6083
1 7718
1 5873
1 3427
3
1 4945
1 450
3
1 5117
4
4
1 8100
1 6780
3
1 2032
1 8480
1 2730
4
4
4
3
3
1 950
3
4
1 5446
3
1 4255
3
1 1879
4
4
4
1 1732
4
1 6015
1 4102
3
3
4
3
3
3
3
4
3
4
3
1 4629
1 559
1 7654
4
3
3
4
3
1 6647
1 7099
4
4
3
3
3
4
1 2781
4
1 3969
4
1 8010
3
1 2448
1 9054
1 4351
3
4
4
4
1 1577
1 9544
4
1 7091
4
1 5829
3
1 8864
3
1 3674
1 5546
4
3
4
3
1 39
4
3
4
1 9932
3
3
4
4
4
3
3
1 2329
4
1 5388
3
1 4775
4
1 1029
4
1 5351
3
4
4
1 1998
4
3
1 7999
4
3
1 3981
4
1 9716
4
1 8463
3
4
1 6695
3
1 7413
4
3
3
4
1 4310
4
4
1 4138
4
3
3
1 5214
4
1 5680
4
3
1 9973
3
3
3
3
1 7190
1 8434
3
1 2271
1 8623
4
1 5084
1 3453
1 7646
1 2402
3
1 3376
3
3
4
1 57
3
1 1796
3
3
3
4
1 7110
1 674
4
3
4
3
3
4
3
4
3
1 1170
3
4
1 9828
3
3
4
3
1 270
3
3
1 4371
4
3
3
4
4
1 479
4
3
1 6164
3
1 2755
1 457
3
3
4
1 3990
3
1 7686
4
1 4604
3
4
3
3
4
1 1435
4
3
3
3
4
4
3
3
3
1 714
3
3
1 1888
3
3
1 7766
4
4
4
4
1 1003
1 2122
3
1 6270
4
1 8701
1 7847
4
4
1 7246
3
1 3134
1 2602
1 8673
1 9284
3
1 149
4
4
1 3807
3
1 235
3
1 7694
3
1 4480
3
3
4
4
4
3
3
4
1 7983
1 2641
3
3
4
3
4
3
4
4
1 725
4
3
4
4
1 8263
1 5221
3
3
3
4
4
1 4591
1 4208
1 7560
4
3
4
1 7264
1 4796
3
3
1 5274
3
3
3
1 1160
3
3
4
1 6649
1 188
3
1 1252
4
1 619
3
4
4
1 9805
1 9242
1 1676
3
4
4
4
1 7523
4
1 5886
4
1 9223
1 2926
4
3
4
3
3
1 2729
3
4
4
1 9928
4
4
4
4
1 7337
1 7611
1 404
4
3
1 8681
4
3
4
3
4
1 9072
4
3
1 4473
4
4
1 7316
1 9348
4
4
4
4
1 6029
4
3
3
1 162
3
3
1 5343
4
4
3
4
4
3
4
3
4
4
4
3
3
4
3
4
1 2914
3
4
1 7950
3
4
1 7351
1 5889
3
3
3
4
1 392
1 1760
3
3
4
1 7357
4
1 4600
1 9810
3
3
4
4
1 1832
3
3
4
1 4955
3
3
4
3
3
3
4
1 8474
1 753
3
3
3
3
1 2363
1 2426
1 8736
1 2236
1 5454
3
1 9473
1 4848
3
4
3
3
4
3
4
4
3
3
3
4
3
4
3
1 6254
1 132
1 2425
3
3
4
4
1 3881
3
1 8820
3
4
3
4
4
4
4
4
1 9996
1 3750
1 6284
4
4
1 3780
1 7758
4
1 9787
3
1 6032
1 8874
1 3509
3
3
3
3
1 2711
4
4
3
3
3
4
3
3
3
4
4
3
3
1 7850
3
3
1 8996
3
1 5745
1 1405
3
4
4
4
4
4
3
3
1 6918
4
4
1 6641
4
1 8794
3
4
1 79
4
3
3
1 8468
4
4
4
1 5508
4
4
1 9731
1 1185
1 6556
1 7436
1 8732
4
3
4
3
4
3
4
4
3
1 401
1 6722
3
1 8449
4
1 1157
3
4
4
4
1 30
1 9205
3
1 1332
4
4
1 104
4
4
1 8785
3
3
3
3
1 5309
4
1 4510
1 1770
4
4
4
1 584
1 3640
4
3
4
3
3
4
3
1 7179
4
3
1 4035
3
4
3
1 565
4
1 1233
4
3
3
3
4
3
3
4
1 8376
1 295
4
4
3
4
1 6950
4
1 86
1 585
4
1 4169
4
4
4
3
1 3502
3
1 8983
4
4
1 1360
4
3
3
4
3
4
4
1 7736
1 5291
1 2051
1 1857
3
3
3
3
3
4
4
1 1403
4
4
4
1 2668
1 6281
1 202
3
1 4836
4
1 502
4
3
1 3179
3
1 1613
3
3
4
3
3
4
4
1 4717
4
3
4
3
4
1 5716
4
3
4
4
3
1 6950
4
3
3
3
1 6145
1 5312
3
1 8662
1 5675
3
3
3
3
3
3
1 2293
1 6960
3
1 6655
4
3
1 1271
1 9574
3
1 364
1 8633
4
3
1 2212
3
3
3
1 2737
3
4
4
4
1 649
4
4
1 9350
4
1 5414
3
4
3
3
1 5751
4
4
4
1 6560
4
1 9911
4
1 7351
3
3
1 6656
1 8652
3
3
4
3
3
1 4139
3
1 9886
3
3
4
4
1 3428
4
1 2267
1 2118
1 6524
1 9502
3
4
3
1 964
1 484
1 2775
3
1 2651
3
3
1 2236
4
1 8446
4
3
4
3
1 2160
3
3
4
1 8623
4
4
1 7254
3
4
1 2651
3
3
3
1 7640
1 5040
4
3
1 7095
3
1 5856
3
4
1 4147
3
3
4
3
3
3
4
4
4
3
3
4
3
3
4
1 9308
1 4139
1 8176
3
3
4
4
3
4
4
4
3
4
4
1 7301
3
1 3580
3
4
3
4
3
1 1962
3
4
3
1 9281
4
3
3
1 577
4
4
1 7330
3
4
4
4
3
1 1834
4
3
3
4
4
4
3
4
4
4
3
3
1 3996
4
3
1 6728
3
1 7787
4
3
4
