3799
3
3
3
1 8579
4
1 2314
3
3
4
1 7269
3
4
4
1 8769
3
4
1 3489
4
3
1 459
3
1 4095
1 4124
1 3727
4
1 352
3
3
3
3
1 3231
3
1 9706
3
3
3
4
4
1 9374
1 4311
1 3450
1 4958
1 4457
4
3
3
3
1 4273
3
3
4
1 6437
3
3
4
1 5320
4
4
3
3
4
4
3
4
4
4
4
4
3
1 8244
1 1012
4
1 4638
3
3
1 743
4
4
4
1 6083
3
4
1 3704
4
3
3
4
3
4
3
4
3
3
3
3
1 5637
3
1 296
4
4
3
3
4
3
3
4
3
4
3
4
4
1 8009
4
1 3409
4
1 7804
3
4
4
1 497
3
4
1 2559
1 4666
1 6901
1 1866
1 9923
3
1 6853
4
1 2925
3
4
1 6918
4
3
1 8374
3
4
3
3
4
4
3
1 1571
1 5463
1 5669
4
3
4
1 7470
1 4978
1 4806
4
3
3
3
1 84
1 1584
1 9841
1 6199
1 8229
3
3
4
1 4604
1 3235
1 897
3
3
3
3
3
4
3
3
4
4
1 3961
4
1 7686
1 5092
3
3
1 2778
1 7953
4
4
1 2947
4
1 4539
3
4
4
3
4
1 3613
3
4
4
4
3
4
3
4
4
1 3247
3
4
1 3032
4
4
4
4
3
4
4
1 4074
3
3
1 3782
4
4
4
3
1 4231
4
1 8194
1 6774
3
3
1 4969
1 4660
4
1 443
1 8732
4
1 1446
1 5361
3
3
1 2647
4
3
3
3
4
4
3
3
3
1 5124
1 500
1 5890
3
1 170
1 4613
4
3
1 392
4
1 382
1 7921
3
1 7879
4
1 5323
4
4
1 9712
4
1 4482
1 9550
1 416
4
4
1 8512
3
3
4
1 8446
3
1 5956
4
3
3
1 2551
3
3
4
1 2479
3
3
1 9715
4
1 7822
1 4434
3
1 92
4
3
1 6286
4
1 6090
1 169
4
1 4162
4
1 7191
4
4
1 2548
4
3
1 6729
3
1 6946
3
4
4
1 2190
3
4
1 8256
4
1 8109
3
1 4393
1 3533
3
4
3
1 4950
3
4
1 9960
4
3
4
3
3
4
1 708
4
4
4
4
1 7986
1 1999
3
1 94
4
1 6753
1 5304
4
1 6067
4
1 5866
1 5682
3
4
4
4
3
4
3
3
1 1310
4
4
4
3
4
1 7686
3
4
3
1 6072
3
3
3
4
4
4
3
1 9174
1 6114
1 1222
3
4
4
1 1442
3
3
3
4
1 3713
4
3
4
1 8836
1 6838
3
4
4
1 5477
3
3
4
1 4407
4
4
1 3443
4
3
4
1 2176
3
4
1 699
1 9586
3
4
3
4
3
1 3507
1 2725
3
4
4
3
4
3
1 1949
1 8675
3
4
3
3
3
3
4
4
3
3
4
1 4674
1 8555
3
1 4254
3
4
3
3
4
3
1 5150
1 5712
4
3
1 6192
4
1 8728
4
3
3
1 5971
4
4
1 2707
1 5225
1 1453
4
1 8076
1 1867
1 4064
1 8811
3
4
1 5986
1 9319
4
1 2861
1 4022
1 7118
1 580
3
3
4
4
1 3362
3
1 2598
4
1 2272
4
1 8264
1 2131
3
3
3
1 5219
3
4
1 279
1 2774
4
1 2163
1 9606
4
1 5899
1 5651
3
3
1 3621
4
3
3
3
4
1 1479
4
1 1089
1 5162
4
3
4
3
4
3
1 2302
1 5150
4
1 4934
1 4301
4
4
4
1 3634
4
3
4
4
3
1 4236
1 7681
4
4
4
4
4
4
4
1 3521
1 8839
3
1 194
3
3
4
3
4
1 6452
3
3
3
1 6394
3
4
3
3
3
3
3
3
1 148
1 4999
4
3
1 2564
3
1 9516
1 4161
1 9031
1 6127
1 8710
1 882
1 147
4
1 84
1 9863
3
1 4809
1 3160
3
4
1 4964
3
4
3
1 5041
3
3
4
1 6522
3
3
4
4
3
3
1 665
4
1 2077
1 6629
1 1114
3
1 6108
4
3
1 5520
3
4
3
3
3
3
1 1145
3
3
3
4
4
3
1 2910
1 2394
1 8591
1 9528
1 9266
1 7114
1 9065
4
1 9471
1 9689
3
3
4
4
3
4
3
4
3
4
3
3
4
3
4
1 4241
3
3
3
1 3573
4
4
4
3
1 6423
1 6710
3
1 3304
3
3
3
3
1 718
3
3
3
1 6149
1 3374
3
4
4
3
4
3
4
4
4
1 2640
1 8188
4
3
4
4
4
3
1 8122
3
1 1794
3
4
4
4
3
4
4
4
1 4548
4
3
3
4
3
1 8332
4
1 3496
4
4
1 8940
1 1250
4
3
1 9416
1 6057
3
3
4
1 157
3
3
4
3
3
3
3
1 2651
4
3
4
4
1 2999
3
1 7865
3
1 6169
4
1 338
3
3
3
4
3
4
4
3
4
4
1 1996
4
3
1 2167
1 6287
3
3
3
1 8824
1 6174
1 1513
1 8541
3
1 1051
4
3
3
1 108
4
3
3
3
1 5684
4
4
3
3
3
3
3
1 2482
1 1368
3
1 3671
1 9595
4
4
3
1 8171
4
3
3
4
1 1440
3
4
4
1 7419
3
4
4
3
1 6
1 2844
3
1 2353
1 4409
1 7616
3
3
1 4514
3
3
3
3
1 7323
1 3174
4
4
3
3
4
3
1 5161
3
3
1 5919
4
4
1 8501
3
4
4
1 7477
1 6592
3
3
3
1 5275
1 3452
4
4
3
1 9346
1 5872
4
1 9158
1 630
4
1 1401
3
3
4
3
1 8741
1 8311
3
1 9053
1 6940
3
3
1 7100
1 4805
3
1 9838
1 7964
4
4
4
1 3088
4
3
4
1 2174
4
3
1 7784
3
1 158
3
1 5755
1 7760
1 2407
3
4
1 8827
4
4
1 9618
4
1 1105
4
4
4
4
1 9956
1 1192
4
1 1074
3
1 3331
1 6328
3
1 9657
1 9344
1 1011
4
1 4955
3
1 5469
3
1 5517
4
3
4
4
4
4
3
1 4214
3
3
1 2162
4
4
4
1 8635
4
3
3
4
1 1341
1 2562
1 414
3
3
3
3
3
3
4
4
3
4
1 7057
3
1 2067
3
1 8199
4
1 8317
3
4
4
4
3
4
3
3
3
4
3
4
1 7324
3
1 3643
4
3
1 7259
3
4
3
3
4
3
4
1 4988
4
1 2025
4
3
4
1 5480
3
3
1 52
3
3
1 9930
4
4
1 8308
3
1 439
1 5186
3
3
4
1 9952
1 8398
4
4
3
3
1 9163
1 5185
1 559
3
4
3
4
3
1 9849
3
3
1 3107
1 6765
4
4
1 1983
1 6755
4
1 8652
3
1 424
1 8985
4
3
1 8124
1 5667
3
1 9395
3
3
3
4
3
1 8708
1 4521
3
4
1 4169
4
1 8613
1 586
3
1 9946
4
1 651
1 6089
1 514
3
1 8148
4
3
4
1 8245
4
3
3
4
1 9745
4
1 4153
3
1 266
4
3
1 7178
3
1 7701
3
3
1 3571
1 614
3
3
4
3
4
1 9098
4
4
4
3
4
4
1 4302
4
4
3
1 1596
4
3
1 7887
3
3
4
3
4
1 1653
3
1 6410
3
4
3
4
1 3745
4
1 7816
1 8227
3
3
4
3
3
3
3
1 4523
3
3
3
4
3
3
1 7579
1 7055
1 1726
4
4
1 3745
1 8211
4
4
3
1 7472
3
3
3
4
1 7337
3
4
3
4
1 1969
1 6928
1 3708
4
1 5726
3
1 8631
4
3
3
1 4533
3
4
1 7361
1 3397
3
3
3
3
3
3
4
3
1 4240
4
1 389
1 6098
4
4
4
3
4
4
4
3
1 3104
4
3
3
4
1 9654
1 4920
1 9536
1 6301
1 5869
3
1 9690
3
4
3
4
3
4
3
1 667
1 4069
1 9276
1 3403
1 5628
3
4
3
4
1 7797
4
1 8884
4
3
1 1590
4
4
4
3
1 8877
1 352
3
3
4
1 1278
4
3
3
4
1 1024
1 1415
4
3
3
3
4
1 319
4
1 7565
4
1 2471
1 6407
1 3811
3
1 265
1 4590
3
4
1 737
3
3
4
4
1 7880
1 5526
1 3155
3
4
4
3
1 3827
1 7058
4
1 90
3
3
4
1 5265
3
1 7815
1 7114
3
3
3
4
4
4
4
1 6703
3
4
3
3
3
1 4437
4
4
4
4
3
1 2976
4
3
3
1 2154
4
4
1 1435
1 3984
1 3669
3
1 5973
4
3
1 8381
1 2151
3
4
3
4
4
1 2333
4
4
1 3081
4
3
1 6247
1 1403
4
1 533
3
1 24
4
3
1 876
3
1 200
4
4
3
4
1 4969
4
3
1 619
1 3555
1 9579
3
1 8531
3
1 8070
3
3
3
4
3
4
3
4
3
1 7551
4
4
3
1 6610
4
1 7044
4
4
4
4
1 4460
1 6540
1 5474
1 4314
3
4
4
3
1 4337
4
4
3
4
4
3
3
3
4
3
3
1 7674
1 5232
1 701
4
1 3763
4
1 5530
1 9466
1 6037
3
3
1 2610
4
1 8746
3
1 2327
3
4
4
4
1 2046
3
1 7952
3
1 6919
3
3
4
1 9138
3
3
4
1 5013
1 4344
4
3
1 6591
1 3747
3
4
1 4059
4
4
4
4
3
1 195
1 4448
4
1 6544
1 8824
1 6012
1 3046
3
1 5457
4
1 2734
3
1 5799
1 6749
4
1 4033
4
3
4
3
3
3
4
3
1 5177
1 3334
3
4
1 2808
4
1 916
1 597
3
3
4
3
1 701
4
3
4
1 4986
4
4
1 3003
1 8192
1 1942
3
1 1335
3
1 828
1 6525
4
3
4
3
1 5811
1 4738
4
4
1 3649
4
3
1 7369
1 7209
1 7348
3
1 8042
4
1 2144
1 2323
3
1 1430
1 9814
3
1 265
3
1 6438
1 5911
1 7027
4
3
3
1 4354
3
3
1 6818
4
3
4
4
3
3
3
1 1466
4
4
4
3
1 1058
1 962
1 8012
3
1 5929
1 6128
4
1 9170
4
1 7998
1 4738
1 5040
4
4
1 677
3
1 9641
1 3178
3
3
3
3
1 838
3
1 9828
1 5225
3
3
3
3
4
3
4
3
4
1 2497
1 2894
4
1 6691
4
4
4
3
4
1 4772
3
3
4
3
3
1 147
3
3
4
1 4642
3
1 5173
4
3
3
3
1 4811
4
1 8047
4
3
3
3
3
1 4998
3
3
4
3
1 9343
3
3
4
4
1 2983
4
1 565
1 423
4
1 2994
1 4174
3
4
3
4
4
4
3
1 7019
3
4
3
1 2433
3
4
4
3
4
1 65
4
3
3
3
3
3
3
1 7740
3
3
3
1 4038
1 2723
3
4
3
4
3
4
1 943
1 1558
4
3
3
4
1 2039
3
4
1 214
3
1 8073
1 8954
1 1558
1 3657
4
1 7565
3
3
1 1364
3
1 2623
1 1879
3
1 6182
1 1428
4
4
1 5305
4
3
3
1 3820
3
1 3827
3
3
4
3
3
1 9234
3
1 5610
1 2809
3
3
1 6489
3
3
1 1724
1 5625
4
3
3
3
4
4
3
1 5368
1 9984
4
3
1 4541
4
1 7192
1 4344
1 8230
3
3
3
3
3
3
1 8299
1 9165
3
4
4
4
1 4407
4
4
3
4
4
3
3
1 7185
3
1 9035
4
1 2949
3
3
1 7151
1 525
4
4
3
3
3
3
1 2645
4
1 3904
3
1 327
1 4935
4
3
3
4
4
4
3
3
4
3
3
3
1 6337
4
4
3
3
1 3057
3
1 6075
3
1 8545
3
1 6225
1 9463
4
1 5041
3
4
4
3
4
4
4
3
4
1 7233
1 6078
3
4
4
3
1 6096
4
3
3
4
4
4
4
1 8182
3
4
3
4
1 5612
4
1 4662
1 3960
3
3
1 4084
3
3
1 8323
3
3
1 5263
1 3492
3
4
1 8989
4
3
3
4
4
4
4
3
1 367
3
1 8587
1 284
3
1 739
1 3542
1 2235
3
1 5469
1 3242
1 9290
4
1 5629
3
1 1831
3
1 6386
1 3430
1 8886
1 4169
3
3
1 7114
4
3
4
3
3
3
1 349
3
3
4
1 9276
3
3
1 2404
3
1 2383
3
4
1 6234
4
1 617
4
3
3
1 610
1 5205
4
4
3
3
4
3
4
1 4961
1 9546
4
4
1 9384
3
4
3
3
1 7659
1 2911
3
3
1 7244
3
1 4335
4
3
4
3
4
4
4
1 6578
1 1638
3
1 1640
3
3
3
1 275
1 4006
4
4
4
4
3
1 7163
3
4
1 85
1 682
4
4
4
4
4
1 8688
4
4
4
1 7851
1 9921
3
1 2868
3
1 8276
3
1 7597
4
4
4
1 5910
3
4
4
4
3
4
1 4220
4
3
1 5131
4
1 6169
4
4
3
1 141
1 1881
1 4605
1 8998
4
1 7838
4
4
1 4570
3
3
4
1 9430
3
4
4
4
3
4
1 3673
4
3
4
3
1 3323
1 2937
4
4
3
4
3
3
4
4
4
1 560
3
1 3721
3
3
1 9640
3
1 3775
1 2423
3
4
3
4
4
1 5587
1 3549
1 4528
3
4
1 6993
4
3
3
3
4
1 3428
4
1 6913
4
1 5926
4
3
3
4
3
3
3
4
1 9142
3
1 1789
1 7091
1 3938
4
3
1 5755
4
3
4
4
4
3
1 2569
3
4
4
4
4
4
4
3
4
1 4164
4
4
4
3
4
4
4
4
4
4
3
4
4
3
1 5405
4
3
3
4
3
1 8484
3
3
1 1331
1 5755
1 7872
4
4
1 57
3
4
1 5782
3
4
1 1210
3
1 345
1 9728
4
4
1 6485
4
1 4899
3
4
3
4
1 8192
1 2849
1 7698
4
1 2183
3
4
3
3
3
3
1 2660
3
3
1 1539
1 8669
3
1 5239
3
4
4
4
1 6982
1 4972
3
4
3
1 2882
3
3
3
1 1046
4
3
3
1 9979
4
1 6436
4
3
1 6714
4
1 7583
4
4
1 5530
1 9541
4
3
4
1 9851
1 2183
4
4
3
3
1 256
3
4
3
4
3
3
1 2899
3
3
1 3546
4
3
4
1 2504
1 2886
4
4
1 6226
3
3
4
3
4
4
4
3
1 4822
1 1854
1 5122
1 9995
4
1 9392
1 2998
1 8491
1 2257
3
1 1127
3
4
4
3
4
1 959
3
4
4
4
1 6130
4
1 8253
1 3844
1 2428
4
4
1 6980
4
1 1163
1 6330
3
3
3
1 2832
4
1 3316
1 1439
4
4
1 9079
4
1 6358
3
3
4
1 989
4
3
3
4
3
3
4
1 1206
4
1 7951
3
1 5809
4
3
3
1 9603
3
3
1 6349
4
3
4
1 6400
1 4492
1 2283
1 5821
4
3
1 8712
1 636
4
4
1 3439
3
4
3
1 9228
1 6338
1 5987
4
1 4580
4
3
3
4
4
1 9602
4
4
4
4
4
3
3
3
4
4
4
3
3
1 9598
4
3
4
3
4
4
1 9786
3
1 5498
4
3
4
3
3
3
4
1 5959
3
4
1 2188
4
1 7050
1 2470
3
4
4
3
1 4589
3
4
4
4
1 2715
1 8211
1 3552
3
1 9312
1 7782
4
4
3
3
1 6820
3
1 8908
3
3
4
1 6260
3
3
1 2493
4
1 1363
3
3
3
1 593
1 5708
4
1 7548
1 1932
3
1 1631
1 9103
3
4
1 2153
1 4736
4
4
4
3
4
4
1 8947
3
3
4
3
3
4
4
1 908
1 5835
3
1 5003
1 4995
1 5071
4
3
3
3
4
3
3
1 3380
1 9960
4
3
4
3
1 812
1 3370
4
4
4
1 320
4
4
3
1 4264
4
1 668
4
4
1 3091
4
4
3
1 3922
3
3
4
1 5451
1 8869
3
3
4
1 6868
1 2880
4
4
1 4344
3
1 1319
4
4
3
4
4
4
4
4
1 7166
3
4
4
3
1 7060
1 1200
3
3
4
3
4
4
1 801
1 2654
4
4
1 9878
1 6193
1 5329
4
1 8252
1 5169
3
4
4
1 1821
1 915
3
3
1 4113
3
1 7525
3
1 7684
4
1 1158
1 3443
3
1 5808
3
1 9079
3
3
3
3
3
4
3
1 1695
3
4
1 2533
3
1 329
3
3
3
3
1 4681
4
4
3
4
3
3
4
4
4
3
1 6791
4
3
4
3
4
3
1 6005
3
4
1 3487
4
1 3551
3
1 5024
1 9275
1 5247
4
4
1 429
3
4
1 7175
1 5431
1 1582
4
3
4
1 7854
4
1 7495
1 8444
4
1 853
1 5514
4
1 2616
4
4
4
4
1 173
1 3674
1 1435
1 630
1 6327
1 7936
4
4
3
4
4
3
1 7726
3
1 9864
1 3192
1 3372
3
3
1 7885
1 9111
4
4
1 5728
4
1 2495
1 3080
1 4385
4
1 5530
1 2893
4
4
3
4
3
4
1 6613
1 4054
1 3306
3
1 8179
1 8586
1 5900
3
4
1 2763
1 7425
4
1 329
3
1 9759
4
1 7676
3
4
4
4
3
3
1 6747
4
1 4888
1 7721
3
3
1 7612
1 8200
3
3
3
3
3
3
1 1573
3
3
4
4
4
3
4
3
3
1 8752
1 5556
3
3
1 7404
3
4
3
1 8429
4
3
4
1 6975
3
3
4
1 3480
4
3
4
1 3574
4
4
4
1 172
3
4
3
1 3354
4
3
4
1 5323
3
4
4
3
3
3
1 1029
3
4
4
1 828
1 6102
4
1 9646
1 2062
3
4
4
4
4
4
3
3
1 975
3
3
1 1765
1 8506
1 8760
1 4702
1 6264
3
1 6599
3
4
1 4740
1 2110
4
3
3
4
4
3
4
4
1 934
3
1 8758
3
3
4
4
1 5361
1 6619
3
4
3
3
1 6216
4
4
1 3960
1 9347
4
1 8125
4
3
1 9332
1 6903
4
4
4
3
1 7533
3
3
1 3858
4
3
3
1 1799
4
4
1 3275
4
4
4
1 3131
4
3
3
3
3
3
4
3
3
4
1 2151
1 4178
1 7515
4
4
3
1 6007
1 4845
4
4
1 7205
1 1741
1 6953
4
1 1567
3
1 9916
1 9837
4
3
1 9894
4
3
1 3386
3
4
3
1 5920
1 6882
4
1 9084
4
1 7010
4
4
3
3
1 9404
3
4
4
3
4
3
4
1 9100
3
4
4
1 4659
3
3
4
3
1 4786
1 9392
3
3
3
4
3
1 4621
4
4
3
4
4
3
1 8981
3
4
3
1 3931
4
1 448
4
3
4
3
3
3
1 464
3
1 216
3
4
3
3
4
3
1 2582
1 7884
1 5644
3
3
3
3
3
4
1 2234
3
3
3
4
4
3
4
1 2193
3
4
1 3780
1 4705
4
4
4
4
4
1 5636
4
4
3
1 7582
3
3
4
1 4157
1 9251
3
3
3
3
4
3
3
4
3
3
3
1 3547
1 9736
4
3
1 5646
4
3
3
1 5923
1 7130
4
1 7298
3
1 2699
4
1 6133
4
4
1 5386
4
4
1 8492
1 3223
3
1 2628
3
1 1912
1 7238
3
4
3
3
3
3
1 5412
3
1 7985
4
1 1827
4
4
1 7177
4
4
4
1 913
4
4
1 1006
1 614
4
4
4
1 9561
3
3
4
1 9599
1 7161
4
1 3275
1 9973
3
1 7509
4
4
1 3963
1 1537
4
1 3180
1 6729
4
3
4
4
3
1 5178
1 4480
1 5488
4
1 7970
1 8805
3
3
4
3
3
3
4
4
3
4
3
1 8355
3
4
1 7089
4
3
1 392
1 6557
1 9657
4
4
4
4
1 6214
4
4
1 2242
4
1 7517
4
3
1 2697
4
4
4
4
3
3
3
1 7790
3
4
1 3563
3
4
3
3
1 2982
4
4
3
4
3
4
3
4
1 6530
3
3
4
3
4
1 5502
4
4
4
3
4
4
3
4
1 5815
1 7768
1 2204
4
4
4
4
3
3
3
1 9763
1 4254
1 7774
3
1 1729
1 7571
1 5118
3
1 5176
4
4
4
4
3
4
3
3
1 368
1 839
1 4100
4
3
3
4
1 2299
4
1 2832
1 7625
3
3
3
4
1 9464
4
3
4
1 8031
1 7319
4
3
1 6383
4
4
4
3
1 6081
3
1 5041
1 6550
1 4367
4
3
4
3
3
4
3
3
3
3
1 9306
3
4
1 4609
3
1 2444
4
3
1 4857
3
3
4
1 6315
1 1127
3
4
3
4
3
3
4
1 4608
3
3
1 9564
1 3440
1 5246
3
4
1 6672
1 4059
3
4
1 2935
1 2687
1 6078
3
1 7798
1 8956
1 6796
3
4
1 7437
3
1 7008
3
1 632
4
3
1 3696
3
1 1837
4
4
1 8170
3
1 6208
3
4
4
4
3
4
4
3
4
3
1 7727
4
4
3
4
3
4
3
1 8186
4
1 2486
3
4
4
3
1 5675
1 773
4
1 49
4
3
4
4
3
3
1 9321
4
4
3
4
1 2987
3
4
1 916
4
3
1 7703
4
3
3
4
3
3
3
3
4
4
1 8275
3
1 2053
3
4
3
1 1405
1 6268
1 7141
4
3
1 9314
3
4
3
3
3
4
3
3
3
4
1 531
3
1 4487
3
3
4
3
4
4
3
1 2576
1 1689
4
3
4
4
3
1 1724
1 5200
1 265
3
1 3957
4
1 6625
4
3
4
1 5928
3
4
4
3
3
4
3
1 7269
3
4
4
3
1 7400
4
1 1350
1 4338
1 6661
4
1 3039
3
1 6942
3
1 5849
1 5274
4
3
1 204
4
4
4
3
1 8081
1 5328
4
1 4250
1 1256
1 1612
1 7849
1 2197
4
4
3
1 8494
4
3
3
4
3
3
4
1 9419
3
1 4517
1 3902
3
1 1339
1 1702
3
1 2955
1 3673
4
4
3
1 5856
3
1 1100
4
4
1 6270
1 318
4
4
4
3
4
1 8744
1 5656
4
1 1774
1 8224
1 5645
4
4
3
1 8376
3
3
3
3
4
4
1 1720
1 8515
4
1 7022
1 9030
1 6595
4
3
1 9550
4
4
3
4
1 4974
4
1 27
4
4
4
4
1 9783
3
4
4
1 5582
1 6513
1 8342
1 5688
3
3
1 799
1 9547
4
3
4
1 6966
4
1 6655
4
1 4326
1 118
3
4
3
4
4
4
1 8823
4
3
3
4
1 3819
1 3920
4
1 9624
3
3
1 3629
3
1 783
3
1 385
3
3
1 8578
3
3
4
3
1 6324
3
1 3965
3
4
3
3
1 8129
3
4
3
3
3
4
3
1 1984
1 1422
1 4892
3
4
4
1 4235
4
4
1 9726
4
1 4073
4
1 2849
4
4
4
1 6571
1 8366
3
3
4
1 5419
4
4
3
4
3
1 5686
1 9724
4
3
1 2575
4
1 4766
3
3
4
4
1 7570
4
3
3
4
3
3
3
3
1 2740
4
4
3
3
1 7677
1 9865
3
3
1 2267
4
1 1128
1 3975
4
4
4
4
4
4
4
4
4
1 2658
3
3
3
4
3
4
1 5139
1 9323
3
1 6204
3
4
1 7809
3
4
4
3
1 1014
3
4
4
1 76
3
1 8745
1 6691
3
4
1 1154
4
3
4
1 3258
1 2801
1 8871
4
1 2101
1 4284
4
3
4
3
4
1 8389
4
1 5022
4
3
1 4057
3
3
4
1 2816
3
1 6091
1 8300
3
1 8795
1 3942
4
4
4
3
4
1 3110
1 310
4
3
3
4
1 3035
4
3
3
1 5124
3
1 3668
1 4066
1 4209
3
3
1 5291
4
1 2075
3
4
3
4
4
3
1 1577
4
4
1 6343
3
1 9085
1 9177
1 4645
1 6234
3
4
1 1002
3
4
4
1 995
4
4
1 301
4
3
4
4
3
4
4
1 9838
1 4693
1 9276
4
3
4
3
3
1 1712
1 5076
1 6227
3
4
3
3
3
1 4538
1 9565
4
3
1 6565
1 957
1 6144
3
1 4089
4
3
3
1 779
1 2846
1 4815
1 272
3
3
1 4426
4
4
1 9439
3
3
1 5215
1 776
1 7880
3
4
1 9676
4
1 1329
3
3
3
4
3
1 9138
4
1 6521
3
1 2573
4
3
1 2753
3
3
1 2267
3
1 1217
3
3
4
1 1427
4
3
3
1 2736
1 303
1 6567
3
3
4
1 6090
4
3
3
3
4
4
4
4
3
3
1 8731
4
4
4
4
1 8705
1 6932
3
3
1 1889
4
4
3
3
3
3
4
4
3
3
1 7227
1 9333
4
1 6446
4
4
3
4
1 6742
4
4
4
