6586
3
4
1 6828
3
3
3
4
3
3
1 5598
4
3
1 3501
1 1520
4
1 3855
3
3
1 1036
4
3
3
3
3
1 6592
4
3
1 4683
1 702
3
1 4771
4
4
4
3
3
1 6623
1 8232
4
1 9572
4
3
4
3
1 35
4
4
4
4
3
1 5337
4
4
4
4
3
1 9731
1 921
3
4
4
4
4
3
1 4865
4
1 2665
4
4
1 2108
1 9806
4
4
1 5286
1 1153
1 3244
3
3
4
4
3
4
4
1 9258
3
1 5991
3
1 160
4
3
1 2050
4
1 4867
4
1 7400
3
4
1 3411
4
4
3
1 497
4
1 20
3
3
4
3
4
4
4
1 4254
4
1 1058
1 1914
3
1 2074
4
1 3587
4
3
4
1 374
1 6239
3
1 578
1 8899
3
3
3
3
3
3
4
4
3
3
1 160
4
4
3
3
3
1 5951
4
3
1 5276
1 7654
4
4
4
1 6899
1 8276
1 6327
3
3
4
3
4
3
1 7202
3
3
1 8521
4
1 6400
1 1186
3
3
1 4380
3
1 7085
1 3029
4
3
1 4842
4
3
3
4
1 4407
4
3
4
4
4
3
1 6891
4
3
4
4
4
1 8985
4
3
1 1879
1 4825
1 2184
4
1 2216
1 8364
3
3
1 8800
3
1 52
4
4
1 6710
1 1787
3
4
3
3
4
1 4294
3
3
4
1 9608
3
1 5045
3
4
1 1892
4
3
3
4
3
3
4
4
1 4626
4
4
1 7487
4
3
4
1 8780
3
1 5061
1 7299
3
1 9383
1 2802
1 4968
3
4
4
4
4
4
4
1 5076
1 8443
3
1 367
4
3
3
4
4
3
1 7008
3
4
3
3
1 703
1 8069
4
1 5904
1 6686
4
1 9013
1 9184
3
4
1 4160
1 8113
1 8301
1 8223
3
3
1 2497
4
1 6520
3
1 2355
1 77
4
3
3
3
1 2029
1 3112
1 813
4
1 9994
4
3
1 3473
1 4487
4
1 8019
4
1 9636
1 6260
1 6897
4
3
1 4909
4
3
3
1 3282
3
3
4
4
1 6414
4
3
3
3
1 185
4
3
1 7737
1 4306
3
1 4312
1 759
4
1 3743
1 4392
4
4
3
3
1 1927
3
4
1 9822
1 597
1 265
4
3
4
1 7573
3
3
4
3
1 5884
3
4
4
3
3
4
4
4
4
3
4
3
4
1 5954
1 1744
4
1 138
3
1 8742
3
1 8976
1 5129
4
3
3
1 2787
4
1 5869
3
1 2391
4
1 3354
3
4
3
3
3
1 3887
3
4
3
1 9892
3
4
1 2353
4
4
1 5671
1 899
3
3
1 8572
1 1993
4
1 1573
3
1 7687
3
4
1 7819
4
4
3
1 9429
4
4
4
3
4
1 6154
4
1 9884
1 3721
1 7848
4
4
4
4
3
1 6955
4
3
4
4
4
4
3
4
1 2710
1 3374
1 3407
3
1 9859
4
4
4
4
4
3
4
3
1 6615
1 9458
1 1599
1 2027
4
1 4683
3
1 6770
3
4
3
1 123
1 1986
3
1 3200
4
1 2368
1 1690
1 7729
3
3
3
1 3936
3
3
1 9779
4
3
4
1 2341
4
1 5259
1 14
4
4
3
1 4460
1 9604
1 1270
3
1 2127
1 8467
4
4
1 6084
3
1 3522
3
3
4
3
3
3
3
4
4
3
3
4
4
3
1 6231
3
3
1 5574
3
1 6672
4
3
3
3
1 4430
4
1 5017
4
1 2208
4
1 6836
1 8410
4
4
1 6637
4
1 9237
4
4
1 6228
3
1 7983
4
1 8175
1 2347
3
1 7468
1 1907
1 4480
4
3
1 1010
3
4
3
1 2146
3
1 3281
4
4
1 4484
1 7513
1 7489
1 9700
3
3
1 7988
1 7450
3
4
3
3
4
3
1 8130
1 854
1 4136
3
3
3
1 4422
3
4
4
4
1 1035
3
3
4
4
3
3
3
3
3
1 4919
1 3526
1 34
1 1450
4
3
1 6263
4
1 3369
1 2918
3
1 5640
3
3
4
4
3
4
3
3
3
4
1 9283
1 2156
3
4
1 7332
4
1 4141
4
3
4
3
3
4
3
1 2024
1 7954
4
4
1 9744
4
1 1727
3
4
3
1 8705
1 3987
1 2125
4
4
1 9086
1 4472
3
3
4
4
3
4
1 4888
4
4
4
4
4
1 671
1 3819
3
4
4
1 8025
3
4
3
3
3
1 8776
3
1 9986
1 7896
1 2616
3
4
3
4
4
1 5822
4
1 875
1 5802
1 7460
3
4
1 8161
1 5138
4
3
3
4
1 2395
4
4
4
1 375
4
4
1 3252
3
3
4
4
1 4448
4
3
3
1 5028
3
4
1 9190
3
3
1 406
1 6248
3
3
3
1 6877
3
3
3
4
3
3
3
1 3044
3
4
3
1 8276
3
3
4
1 2072
1 173
3
3
3
3
1 1678
1 5386
1 7535
4
4
4
4
4
3
3
4
3
1 9960
4
3
1 8048
1 2943
4
4
4
3
4
3
3
4
3
1 714
3
3
4
3
3
3
4
3
1 3123
4
4
3
3
3
1 7438
4
4
3
4
1 4638
4
1 4633
4
1 7978
1 8365
4
3
1 457
3
4
1 194
4
4
3
3
4
4
4
3
1 6046
1 5002
4
4
3
1 7161
4
4
3
4
1 8417
3
4
3
4
4
3
3
4
1 8729
3
3
4
1 5004
1 8761
3
4
3
4
4
3
3
4
4
1 1497
1 3778
3
1 8712
4
1 9747
1 4249
4
4
3
4
3
4
4
1 6531
1 298
1 1118
4
3
4
4
3
1 2261
3
1 1927
4
4
4
1 1791
3
3
1 5498
4
4
1 4963
3
1 5430
1 640
3
1 9307
3
4
1 7959
4
4
1 2213
4
1 1867
4
4
3
3
4
3
1 1513
1 6885
3
3
4
4
3
4
4
1 1956
4
4
4
4
4
1 6434
1 2473
4
3
3
3
4
1 9084
1 5295
4
1 6119
4
3
1 4135
1 9580
3
3
1 2274
3
4
4
4
4
3
4
3
4
4
3
3
4
4
1 7393
4
1 9272
3
3
4
4
3
3
3
4
4
1 7731
3
4
3
1 2975
1 8844
4
3
4
4
1 5673
4
4
4
1 1494
3
4
1 9554
4
4
4
4
3
1 8688
3
1 8359
4
1 5385
4
1 9686
4
1 5506
1 2021
1 663
1 1937
1 7073
4
1 8799
3
3
3
4
1 664
3
1 2326
3
1 1870
1 8304
3
3
4
3
4
1 4085
4
3
1 1303
4
4
3
1 3231
4
4
1 8125
1 7713
3
3
1 7090
4
1 8288
4
3
3
4
4
1 2882
4
1 1192
3
3
4
3
1 4548
4
3
3
4
4
3
3
3
1 3900
1 5755
4
1 4569
3
4
3
4
4
3
4
3
1 8638
3
3
1 9499
3
3
1 1639
3
1 9860
3
3
4
1 3047
3
1 7359
4
4
3
4
3
4
3
3
4
3
1 1935
1 5682
3
1 5617
4
1 6984
1 2408
1 479
1 1864
4
4
3
1 1382
3
4
1 5307
1 9693
4
3
4
1 8151
3
3
4
4
3
1 4289
3
1 9066
3
1 3233
1 8046
3
1 2576
4
1 757
3
1 1025
1 5173
1 5338
1 2041
3
4
3
3
3
4
4
3
1 3298
3
1 8590
1 6481
3
3
4
4
4
1 8300
4
1 1153
1 9447
1 4503
3
3
4
4
3
1 4083
4
3
3
1 8210
1 738
1 4721
1 8059
1 6731
1 7081
3
4
4
3
4
1 4014
3
4
4
1 18
3
3
1 3918
3
1 7585
3
3
4
4
3
4
4
1 3012
1 6950
1 5930
1 1912
3
4
1 2452
1 4181
1 5207
4
4
4
4
3
4
1 552
3
3
1 4739
3
4
3
1 2681
1 5476
3
4
4
3
3
1 9136
3
1 9734
1 8648
1 2382
4
3
4
1 3031
1 9574
1 6994
1 1133
4
3
4
3
4
4
3
3
3
4
4
4
3
3
3
1 3095
1 4113
3
3
3
1 5311
3
1 1222
1 6693
1 1917
1 2479
3
3
4
3
3
4
4
4
1 4561
3
4
1 5084
1 7910
1 2245
4
3
1 2735
4
4
3
4
1 5886
1 1002
1 3364
4
3
4
3
4
1 8765
4
3
4
4
4
3
1 5931
4
4
1 1194
4
3
4
3
3
4
1 3285
3
4
4
4
4
4
1 9494
1 7941
3
1 5090
3
4
3
1 5146
1 999
4
1 1281
3
4
1 7683
1 8454
4
1 6236
1 3795
4
4
4
4
1 124
3
1 1196
1 9910
1 3516
4
1 9011
4
3
1 4032
3
1 9790
1 3269
4
4
4
4
3
3
4
4
1 2940
4
3
3
1 2978
1 4178
4
4
1 9391
1 692
3
3
4
4
4
1 317
1 8049
3
3
4
3
3
3
1 9773
3
3
1 8137
4
1 3453
4
1 4544
1 9917
3
4
4
3
3
1 9463
3
1 1907
1 71
4
1 4349
3
1 1162
1 1626
3
1 298
1 9202
4
1 9922
1 4735
1 836
4
4
4
3
3
4
3
4
3
1 1510
3
3
4
4
1 8297
3
3
3
1 1586
3
4
3
1 1858
4
3
1 9559
3
3
1 9827
1 6382
3
4
4
3
3
1 9138
4
4
4
1 3220
3
1 7873
1 3398
1 5752
1 1502
4
4
1 4373
1 9169
4
1 9011
4
3
1 2172
3
1 5511
4
4
3
3
3
1 3283
3
1 6260
3
1 9988
4
1 8586
3
3
3
4
1 2199
4
1 598
3
1 6550
1 8346
1 4425
3
4
4
1 3774
3
3
3
1 449
3
3
3
3
3
1 7099
1 5264
1 5900
3
3
4
1 8995
1 6482
1 8637
3
3
4
1 9155
1 4293
1 7068
1 3435
1 1352
4
1 8943
4
1 5617
1 1770
1 9056
1 251
3
1 7897
4
3
1 5534
3
4
1 8525
1 4896
4
4
1 8999
1 8249
3
4
4
3
4
4
3
4
4
4
3
3
3
4
1 7473
1 2573
4
3
3
1 5631
1 2736
4
3
4
4
1 2691
4
4
4
3
3
3
3
3
4
3
1 8136
3
3
3
3
3
1 5715
3
1 6105
4
1 4417
1 4465
4
4
3
1 8339
1 1095
3
3
4
1 729
1 9122
4
4
3
1 1800
3
4
4
4
4
3
3
1 3100
1 7521
1 6363
1 3647
1 940
1 7078
1 3195
4
3
4
3
1 5893
3
3
4
3
3
4
3
4
4
3
3
1 9483
1 9902
1 9509
3
4
4
1 4131
1 2586
1 7650
3
3
1 6468
4
3
1 7659
4
4
1 5718
4
1 7604
4
1 8038
3
3
1 2557
3
4
3
1 4188
4
4
3
1 8460
3
4
3
3
3
3
3
1 9761
4
1 4870
1 8379
4
1 4504
1 8278
4
3
3
4
1 2272
3
3
4
4
3
4
3
4
1 2890
4
1 8424
3
1 8529
3
4
1 8913
3
3
4
1 5567
3
3
4
1 6880
4
1 4010
1 685
1 7652
1 700
3
4
4
1 5563
3
4
1 1730
1 1428
1 714
3
3
4
4
1 2647
1 3345
3
4
3
4
4
3
1 7658
1 7151
3
4
1 8132
1 9740
4
3
1 901
1 7169
1 8844
3
4
3
3
3
4
4
3
4
1 4904
1 6278
4
3
4
3
3
4
4
1 4551
1 7110
3
4
1 6172
1 7921
3
1 5624
4
3
1 4234
3
3
3
4
3
3
1 6844
3
3
3
3
3
4
3
4
1 1605
4
3
1 1973
4
4
4
4
1 8966
4
4
3
1 2908
4
4
1 2228
1 5296
3
3
3
1 8526
4
1 5240
4
3
3
3
1 8714
4
3
4
4
4
3
1 2662
3
4
1 2304
3
4
4
1 8795
4
4
1 996
4
3
4
3
4
3
1 2235
1 8668
1 8013
4
4
4
1 3200
1 2208
4
4
1 1121
1 1961
1 8448
3
3
4
4
3
4
3
4
1 2883
1 3723
4
4
3
3
3
3
3
3
1 4070
1 4731
3
4
1 3029
4
1 6151
4
1 5885
1 1258
3
3
4
3
3
1 3617
3
1 5197
4
4
4
3
3
3
1 1271
4
3
4
1 3126
4
4
3
1 9541
1 8806
4
1 8448
1 7568
1 482
4
1 4305
1 6862
3
4
3
1 900
4
4
3
3
1 2186
1 507
1 7380
4
4
1 6842
4
1 7292
3
3
4
1 6717
1 6356
1 4354
3
3
4
3
3
1 2326
1 4743
3
1 6661
3
4
3
3
3
1 2713
4
1 6833
4
4
4
1 8022
3
4
1 3507
4
4
1 4779
4
4
1 1177
1 5030
3
4
3
3
1 3545
3
4
3
4
3
1 9070
1 7632
1 3056
3
1 9901
4
3
4
1 4275
3
1 423
4
3
4
3
1 922
4
4
4
3
1 9943
1 4046
4
1 6826
1 4744
1 5179
1 2921
3
4
3
3
3
4
4
1 4816
4
3
4
1 888
3
3
1 8928
4
3
1 6414
3
3
4
3
3
3
3
4
1 1676
3
3
4
4
3
3
1 1408
1 1546
1 251
1 7006
1 3561
3
3
3
4
3
1 8671
4
1 2856
1 4953
1 9582
4
1 9445
1 4224
1 5593
1 6686
3
1 2734
3
3
4
3
4
3
1 4281
1 3003
3
1 7861
1 5911
4
1 6796
4
4
4
1 3793
4
1 9165
4
4
1 156
1 9065
4
1 1841
4
3
4
4
4
1 3116
1 2023
3
3
4
3
3
4
3
3
3
4
3
3
4
1 6809
3
4
4
4
4
3
4
3
1 2618
3
3
4
1 4477
1 7606
3
1 7208
1 3916
3
1 7714
1 6852
4
4
1 9105
4
4
1 6245
1 5425
1 489
1 9924
4
1 3658
4
3
3
1 6358
4
1 3994
1 1828
4
1 1615
1 1636
1 9210
1 4353
4
4
3
1 4114
4
1 3861
1 1022
3
3
1 4861
1 2124
4
1 3051
3
1 8718
1 2010
4
3
3
4
3
1 4351
1 7749
1 7026
1 864
3
1 6826
1 5417
4
4
1 1114
4
3
3
4
4
4
4
3
1 9526
3
4
4
1 1349
3
1 6436
3
1 4700
3
1 2768
1 8335
1 5212
4
4
4
3
4
3
3
3
4
1 9139
3
3
1 8983
3
4
3
1 5355
1 3745
1 6158
3
4
4
1 8225
3
3
1 7681
1 1891
4
1 8144
1 2050
3
1 155
1 9179
4
1 2731
4
4
1 620
3
3
3
3
4
1 8097
3
3
4
1 2837
1 4039
4
4
1 2022
3
1 6380
1 2326
4
4
1 6925
1 721
3
4
3
4
4
4
1 4754
4
3
3
1 2479
3
4
3
3
4
4
3
3
3
1 8648
3
1 3114
4
1 2682
4
4
1 5660
1 6788
1 7873
4
1 5814
1 9499
1 3635
4
4
3
4
1 8001
4
3
3
4
4
4
3
3
3
4
3
3
1 3395
1 5016
1 5549
3
4
4
1 2798
3
1 8555
4
3
3
1 111
1 4885
1 8352
1 221
4
4
3
1 9235
4
1 3300
4
3
3
3
4
3
4
3
3
4
1 8377
1 2115
1 5460
4
3
3
1 1978
3
3
1 1522
1 9448
1 2913
1 2401
1 4078
1 695
3
1 6132
3
4
4
3
1 7530
1 5773
1 7917
1 7663
4
1 7611
4
3
4
4
1 3513
1 651
4
1 9229
3
4
1 6516
4
4
3
4
3
3
3
1 3838
3
1 8999
3
4
4
1 932
1 6485
1 33
4
1 2729
4
1 9779
3
4
3
1 908
3
4
1 6803
4
1 2399
3
3
1 6154
1 458
3
3
1 719
3
3
1 9158
1 8393
4
4
4
4
3
1 9720
4
1 5182
4
1 7197
3
4
1 3307
1 9555
1 6392
1 718
3
1 4032
3
1 2412
4
3
4
3
3
1 672
1 4288
1 9854
1 9097
1 9712
1 6538
4
3
1 9902
1 7781
3
4
3
4
1 9520
4
3
1 2420
4
4
4
3
3
3
3
3
4
4
3
3
4
4
4
4
3
3
4
1 9958
3
1 479
3
3
1 3600
3
1 1585
3
4
1 7408
3
1 9191
3
3
4
1 2833
3
4
3
1 1225
3
3
1 5194
1 4470
4
1 1227
4
3
1 6781
1 5047
3
1 4368
1 9313
1 7951
1 8029
1 9702
3
4
3
1 3851
3
4
4
3
3
1 9048
4
3
4
1 2794
3
1 1072
4
4
1 7086
4
3
4
1 3786
1 2551
3
1 1150
1 6218
1 3989
4
3
4
1 4491
1 5960
1 8922
4
3
1 9401
4
1 7371
3
1 8636
3
3
1 8824
1 4884
4
3
4
1 401
4
4
3
3
4
3
3
3
1 1826
4
4
3
1 3052
3
1 2144
3
4
4
4
4
3
3
3
4
3
1 3879
4
3
4
4
3
1 9014
1 4699
1 8931
3
4
4
3
4
1 871
3
1 5789
1 5886
3
1 6425
3
1 4744
3
4
3
4
1 9138
4
3
4
4
4
3
1 9576
3
3
4
4
1 6397
3
3
3
1 6940
1 5226
3
4
1 3040
4
4
3
1 8178
1 5282
1 7331
3
1 7211
4
1 4033
4
3
4
4
3
3
4
3
3
4
3
1 910
1 6526
3
1 2484
1 3377
4
4
4
4
4
3
1 4942
3
1 7188
1 7556
3
3
4
3
4
4
1 8378
3
1 1838
1 493
3
1 2275
1 6427
1 8399
3
4
3
3
3
4
1 5820
1 8053
3
3
1 7759
1 3607
4
3
3
4
4
4
3
4
3
3
3
3
1 2254
4
3
1 9284
4
3
3
1 6792
3
4
3
4
3
3
3
1 1769
1 2121
1 5327
4
1 1229
4
3
1 7429
3
1 7117
1 3963
1 2309
4
1 966
4
3
3
3
1 4750
3
3
1 2823
4
1 503
4
4
3
3
3
1 9120
3
4
3
1 9041
3
3
1 3901
4
3
1 4727
1 2406
3
1 5081
1 6785
3
3
1 8407
3
3
1 3710
3
3
3
3
1 3539
4
1 8636
1 8751
3
1 2882
4
4
3
3
1 7967
4
4
1 7630
1 319
4
1 6011
4
1 664
3
1 2719
4
1 9249
4
1 1764
3
4
1 7109
4
4
1 1838
4
4
3
4
1 5002
3
3
3
1 3758
3
4
3
3
3
4
4
3
3
3
1 6377
1 2608
1 803
3
1 2388
4
4
3
1 9587
3
1 1844
4
4
1 8827
4
1 6263
3
3
4
3
1 9087
4
1 9358
3
1 2941
3
3
4
4
4
3
3
4
3
4
3
1 252
1 9144
3
3
1 2505
3
4
4
4
1 3357
1 3823
4
1 9303
1 5402
4
3
3
3
4
3
4
3
4
4
4
4
3
4
3
3
1 7569
1 6136
4
4
4
1 1739
1 4623
1 1983
3
4
3
3
1 4275
4
3
3
3
4
1 8722
4
4
1 8635
4
3
4
3
4
4
4
3
1 1020
4
1 2087
4
3
3
3
3
4
1 3765
1 3229
4
1 1780
3
3
1 1458
3
4
3
1 8019
1 1555
1 8543
4
3
3
1 3113
1 6877
1 8440
4
4
4
3
3
4
3
1 1883
4
4
3
1 5151
1 116
4
1 3348
3
4
3
3
1 3490
3
3
3
4
4
1 3943
3
4
1 7241
4
1 9811
1 3675
1 3504
3
1 4689
3
4
3
1 9023
3
3
3
4
3
4
1 2930
4
4
3
4
1 6313
4
4
1 7068
1 7609
4
4
4
3
4
3
4
4
4
3
3
3
4
4
3
3
1 502
4
1 5036
1 9782
3
1 596
4
1 2832
1 4667
1 7035
4
4
1 3325
1 151
1 3175
4
3
3
4
3
1 4537
3
1 3588
4
4
1 6203
1 3105
1 6617
1 3781
4
3
1 2413
3
1 3564
3
4
3
1 772
4
1 1566
4
1 8338
1 9282
4
4
1 2563
4
1 2043
1 9684
3
4
4
3
3
3
1 4203
3
1 3462
1 651
4
1 3792
1 2906
4
4
1 2680
3
3
3
1 2942
3
1 4154
1 1074
4
3
4
4
4
4
3
3
4
1 7309
4
3
1 4077
3
3
4
1 8837
1 8878
1 4864
3
3
4
3
1 6619
3
4
4
1 7004
1 6098
3
3
1 2305
4
3
1 8381
4
3
3
1 3461
1 8371
4
1 4132
3
4
3
3
4
1 4117
4
3
3
4
3
3
3
3
1 9254
3
3
1 259
1 9213
3
1 5093
1 7734
4
3
1 4980
1 8749
3
3
3
4
4
3
4
3
3
4
3
4
3
1 8021
4
3
3
1 2267
4
1 2769
3
4
3
1 3214
4
1 6733
3
4
3
1 3025
3
3
4
3
1 2095
4
3
4
3
3
3
3
4
1 2508
3
4
3
1 473
4
3
1 9903
3
1 2963
1 2846
3
3
4
3
3
4
3
3
3
1 4957
4
1 3397
1 1281
3
3
3
4
4
1 8315
4
1 6516
1 258
3
1 6064
3
3
3
4
3
1 9288
1 2235
3
1 3225
1 4626
1 4966
3
1 8003
4
3
1 1509
1 3174
4
4
3
1 6415
1 1753
4
4
4
4
4
3
1 9185
1 1041
4
3
1 7243
3
1 7936
3
4
4
4
3
1 9924
1 1439
3
4
4
4
1 2981
1 3877
1 2902
1 9465
1 9249
3
4
3
3
1 4062
3
3
4
1 8733
3
3
1 1920
1 1701
4
4
1 2319
1 9809
1 8294
1 6865
3
3
4
4
1 14
1 330
1 2968
4
1 1555
1 745
4
3
1 1021
4
4
3
1 3611
1 2016
1 9821
3
1 2761
3
1 98
4
1 4165
1 2349
1 2938
3
4
1 1495
3
3
3
4
4
1 6799
1 6199
3
4
3
3
1 5423
3
1 3651
4
3
1 6797
3
1 3569
4
1 7812
1 946
3
4
4
4
1 1551
1 7164
1 2279
1 1796
4
4
3
1 8606
1 4468
3
4
1 6489
4
4
1 1277
1 1311
3
4
4
3
1 8080
4
1 3836
3
3
1 5877
1 1467
3
4
3
3
1 6074
3
3
3
1 6855
4
1 6726
4
1 3931
1 8754
4
3
3
4
4
3
4
1 4281
3
1 4823
1 4340
3
4
4
3
4
4
3
3
4
1 7278
4
3
4
4
1 4803
1 9709
4
3
1 5750
1 1
4
1 4255
3
1 1906
1 7927
3
3
3
1 4304
1 1033
3
3
4
1 505
3
3
4
1 4912
3
3
4
1 7450
3
1 3157
4
4
3
4
4
3
1 325
1 1439
3
1 1407
1 7430
3
3
1 5795
4
1 5579
1 2323
4
4
1 2840
3
3
1 1756
1 7735
1 1479
3
4
1 2147
4
4
3
3
3
4
3
4
4
1 9235
3
3
1 7346
3
4
4
1 4892
3
4
3
3
3
4
1 3349
4
3
1 346
3
4
4
3
3
1 6886
1 2208
4
1 2575
4
1 985
3
3
3
4
3
1 825
3
4
3
1 280
1 9047
3
1 7702
3
3
4
1 4905
4
1 2765
1 6100
3
4
4
4
1 7809
1 1718
1 9427
4
4
1 1562
3
4
3
1 4269
1 66
1 1526
4
4
4
1 8934
1 5440
3
1 4107
3
1 6012
3
4
1 9648
3
4
1 8246
4
3
3
4
3
4
3
1 2516
1 5734
1 8716
1 2520
4
1 288
4
1 3883
3
4
1 5144
3
3
4
1 1179
3
1 3273
3
1 5446
4
1 6925
1 5852
4
3
3
3
3
4
3
4
1 6036
3
1 9202
4
1 9329
4
3
3
4
3
4
1 7349
3
3
4
4
4
1 7272
3
1 5738
3
4
3
1 6015
3
4
3
1 3272
4
4
4
4
1 8876
4
4
1 3017
1 3982
4
4
3
3
3
1 1278
4
4
1 6344
4
3
4
4
1 9193
1 7342
3
1 3321
3
1 1577
4
4
3
4
3
3
3
1 978
3
1 5395
4
1 4509
4
1 9608
3
4
1 7772
1 6367
4
3
1 5934
3
4
4
1 9033
4
1 9444
4
4
3
3
4
1 1254
1 7135
1 965
4
1 7951
3
4
3
1 4086
4
3
1 5442
3
1 5577
4
1 6165
1 324
3
1 6655
3
4
1 7848
4
1 8016
1 9367
3
4
3
3
3
3
3
4
4
3
3
4
1 1501
3
1 4606
3
4
3
3
1 6359
4
3
4
3
4
1 7538
1 2735
3
4
1 3705
3
1 7511
4
1 4004
3
3
1 744
1 5827
1 5675
4
4
1 4584
4
4
4
4
1 2611
1 2587
3
4
4
3
1 6233
1 9729
1 7212
3
3
4
4
4
3
1 781
1 1280
3
3
1 7332
3
3
1 7040
4
1 7420
3
1 8925
1 4709
4
3
1 7666
4
1 364
3
1 5500
3
1 5951
3
4
3
1 9456
3
3
3
3
4
1 5477
4
3
4
3
4
3
4
3
4
3
4
1 549
3
3
3
3
3
1 9444
3
1 7763
1 4257
4
1 4915
4
1 443
4
4
3
1 5092
3
3
1 4138
1 1105
4
3
1 3471
4
4
3
3
1 3382
1 212
3
4
4
3
1 6968
3
1 1351
3
3
3
3
1 4323
3
3
4
1 5136
4
1 8059
1 4040
1 4311
1 4260
4
3
3
4
3
4
4
4
3
4
4
4
4
3
1 3141
1 2115
4
4
1 8319
1 5614
4
3
3
1 8267
4
4
1 5305
3
1 9459
1 5372
4
1 4948
3
4
4
3
1 6122
4
3
3
4
1 7813
4
3
3
3
1 8074
3
3
1 8806
4
1 6462
4
1 8715
1 9368
4
3
4
4
4
3
1 6937
3
3
4
4
1 5951
3
3
3
1 1386
3
1 227
1 3444
1 3073
4
1 9263
1 5650
3
3
1 334
4
3
1 4421
3
3
4
3
4
3
3
1 1875
4
1 7473
4
3
4
3
3
1 3945
3
4
4
3
4
3
4
3
1 4427
3
3
3
3
4
1 8690
3
1 8667
1 5681
3
4
4
4
3
3
3
4
4
4
4
1 5139
1 8491
4
1 6095
3
3
1 7782
4
3
3
1 836
3
4
1 5862
1 2948
3
1 569
4
4
1 8650
3
1 7307
4
4
1 9948
1 2481
4
4
1 8883
1 5599
1 8860
1 7005
4
1 8409
4
3
4
1 9272
1 6820
4
3
1 2473
4
1 5748
4
4
3
4
3
3
1 6538
3
4
3
4
1 5624
1 5825
1 4509
3
1 3787
3
1 8602
4
4
1 4318
3
1 4096
4
1 384
4
4
1 8556
1 8777
3
1 8765
1 2450
1 956
1 1648
3
4
3
3
4
4
3
1 7001
3
1 4245
4
4
4
3
3
3
1 7355
1 9388
4
4
4
1 25
1 1303
3
4
1 2146
1 7688
4
1 9409
3
4
1 7717
3
3
4
4
4
1 299
1 4114
3
3
4
1 612
3
4
1 4219
1 8150
3
1 9017
4
3
1 830
4
4
1 9822
3
4
3
1 6507
1 6295
1 6969
4
3
3
1 3800
4
4
4
3
4
1 9301
3
4
4
3
3
3
3
1 3511
4
4
3
1 4676
1 1384
4
4
3
3
1 6551
1 4423
1 7005
3
3
4
4
1 5619
4
3
4
3
1 196
4
1 4966
1 2438
4
4
4
4
4
3
4
1 8724
4
4
3
1 5487
4
4
4
3
3
1 6515
4
4
1 8213
4
4
4
3
1 6903
3
4
3
4
1 7918
1 9590
3
3
1 9732
4
3
4
1 1683
1 8687
1 2053
1 8281
1 1003
3
4
3
3
3
3
3
4
3
4
1 3975
1 1174
4
1 839
4
4
1 8396
1 6527
1 7800
4
1 9566
4
3
1 637
1 2346
3
4
3
1 4596
1 5111
3
1 2109
4
3
4
4
1 7539
1 2368
4
3
3
4
1 9548
4
1 9123
1 5329
4
1 6342
3
1 1055
3
4
4
3
4
4
3
1 2475
4
3
3
1 2061
1 9302
1 9836
3
3
4
4
1 990
1 187
4
3
3
3
3
1 9924
3
1 4523
4
3
1 8324
3
3
4
4
1 5976
1 9858
3
3
3
1 7825
1 9030
1 2841
3
4
3
1 5552
4
4
4
3
3
1 3761
3
3
1 5833
4
4
3
4
3
3
4
3
3
1 6233
1 916
1 30
4
4
4
1 5700
3
1 9855
1 8588
1 6562
3
3
3
3
4
4
1 4290
3
3
1 8755
4
4
3
3
1 1565
1 507
3
4
4
3
4
4
3
4
3
4
3
3
4
1 1773
1 2409
3
4
3
1 9085
3
1 6045
1 8109
4
3
4
3
4
3
3
4
4
3
1 2478
1 3572
1 3649
4
1 9991
1 570
3
3
4
3
3
3
3
1 9679
1 4735
3
1 8816
3
4
4
4
1 4326
1 2789
3
4
3
1 9102
1 6818
4
3
4
3
4
1 4383
4
3
4
4
1 5663
4
1 6491
3
3
3
1 2889
4
3
1 878
1 5370
4
4
1 9031
4
1 980
4
3
3
3
1 8671
3
1 373
4
3
1 8895
3
4
3
1 3968
1 1742
3
3
4
1 7060
1 3541
3
1 2249
4
1 6087
4
3
1 2283
4
3
3
1 7907
3
4
1 5757
4
1 5371
1 8810
4
4
4
3
1 5847
1 1722
3
1 4105
3
3
3
4
1 4785
4
4
3
4
3
3
1 4348
1 6960
4
1 432
1 4043
1 9448
1 7314
4
4
3
4
3
1 7842
3
1 377
4
4
1 4383
3
1 225
1 4192
1 5098
4
1 5420
4
1 8510
3
3
3
4
4
1 4125
4
3
1 7365
4
4
1 988
1 738
4
1 9155
1 3997
3
3
4
1 1845
4
1 6601
4
1 3372
3
3
4
4
4
4
3
1 7256
4
3
3
3
4
1 2057
4
3
4
4
4
4
1 7088
1 2603
4
1 1513
1 4262
3
3
1 9691
4
3
3
4
3
4
1 1957
3
3
1 1042
4
4
3
1 3641
1 4242
1 5408
4
4
1 13
1 6753
4
1 4020
1 6859
1 7286
3
1 3940
3
3
1 6902
1 5999
1 5989
1 1861
3
3
3
1 2777
3
4
1 2654
4
3
1 8204
3
1 2480
3
1 2489
3
1 844
3
1 8266
3
4
1 7855
3
4
3
1 3033
4
4
4
1 9586
4
4
4
3
4
1 2661
3
1 8471
1 802
4
3
4
3
3
4
4
1 8196
4
4
4
3
3
4
1 438
1 5593
3
3
3
3
1 7776
3
1 1319
4
3
4
4
4
4
1 8040
1 319
3
4
3
1 4098
4
1 8010
1 6512
4
4
1 9308
3
4
4
4
1 9322
3
3
4
4
3
1 7189
3
3
4
3
3
1 7418
3
1 7535
3
3
4
3
1 628
1 5692
3
3
3
4
4
1 8549
1 6645
3
3
1 1059
1 2886
1 8149
3
3
1 7049
1 5800
4
4
3
3
3
3
4
3
3
3
1 1089
1 821
1 9571
3
1 1309
1 8441
3
3
1 3995
3
3
1 5918
1 8771
3
1 937
4
4
1 4890
3
4
3
4
1 5407
4
4
4
1 8989
1 2885
1 4649
1 3401
1 5422
3
3
4
3
3
1 3221
4
4
3
3
4
3
3
3
3
1 7977
4
1 3590
4
4
3
4
1 5787
4
4
4
4
3
1 5473
1 5702
3
4
3
4
4
3
4
4
3
3
1 7166
1 5985
1 7108
4
4
3
1 4544
3
1 1218
3
3
3
3
1 7474
4
4
3
4
1 3227
3
4
1 8165
1 2954
4
4
3
4
1 3167
4
4
1 6889
1 9335
4
4
4
4
1 4955
4
1 8629
3
3
4
1 1170
1 5750
4
1 6676
3
1 5074
3
1 2580
3
4
1 9861
4
4
3
1 648
1 5727
3
3
4
4
4
4
4
1 7207
1 6723
3
1 9136
3
4
4
1 2164
1 8917
1 4700
4
1 5995
4
4
4
1 4003
3
3
4
3
1 4595
1 149
3
3
4
1 6662
3
3
4
1 3872
1 2434
3
4
4
1 2082
1 6789
3
3
3
3
3
1 2163
1 4572
4
1 9778
4
4
3
4
3
1 2446
4
1 4316
3
4
4
1 1233
3
4
3
4
4
3
3
3
4
1 5917
4
3
1 4507
3
4
3
1 4039
4
3
4
4
3
1 673
1 8702
3
3
1 137
1 8850
3
3
4
4
4
1 3492
4
4
1 4508
4
1 432
1 2877
1 3583
4
3
3
3
4
3
4
4
1 3617
1 1868
1 4199
3
4
1 6156
1 8332
3
1 1087
3
3
4
4
3
1 2573
1 8407
1 2200
1 7894
1 6808
1 75
3
1 8135
1 1464
1 9486
1 7773
4
4
4
4
3
1 2816
4
4
3
1 8884
4
4
4
4
3
3
4
4
1 8470
1 7351
4
3
3
3
3
4
4
4
1 2433
3
3
3
3
1 3988
4
1 160
1 3609
4
1 7772
3
1 48
1 6985
4
4
3
4
4
3
3
4
3
3
4
3
3
3
4
4
1 5099
3
1 8451
3
3
4
4
1 6305
3
1 4116
4
3
4
3
3
1 5899
4
1 4969
4
4
1 7242
3
1 511
4
3
4
1 2649
1 1100
1 2216
1 3733
4
1 6805
4
1 1873
1 7313
4
1 4118
4
1 3636
1 8556
1 6134
3
3
4
4
1 8723
3
1 6380
3
4
4
4
4
3
1 20
4
1 7007
1 2402
1 1160
4
4
3
3
3
1 519
3
1 5805
1 6043
3
4
1 4638
3
1 2920
1 1415
4
4
1 6595
1 5073
4
4
4
1 1951
3
4
3
3
4
3
4
4
1 2531
1 5910
3
4
3
3
1 355
3
1 3502
4
4
4
1 8702
4
1 7447
3
3
4
4
4
1 1547
4
1 4931
1 5785
4
4
1 4969
1 1067
3
3
4
3
1 1286
4
3
1 172
3
4
1 7611
1 5616
3
3
1 2252
3
3
1 8729
1 7661
3
1 2724
1 6890
3
3
4
4
4
4
3
3
3
1 2143
4
3
1 6652
1 9582
3
4
3
4
1 5423
1 3987
1 9927
3
1 3936
3
1 4356
3
3
3
3
1 8734
1 8865
4
4
1 986
1 1078
1 745
3
1 1619
4
1 6110
3
4
3
4
1 8120
1 2459
3
3
1 8229
1 4677
4
1 9277
1 7264
4
1 5357
4
3
4
1 8803
4
3
4
3
1 8899
1 2981
4
3
4
1 4981
3
1 9511
4
1 6825
1 9746
4
4
1 2097
3
1 6970
4
1 592
3
1 3652
4
1 9536
4
4
3
3
3
1 4394
4
3
3
1 6277
4
3
1 3594
4
1 3470
1 8192
1 9224
3
1 6366
3
4
3
4
1 1995
1 8367
1 6674
3
3
4
4
3
4
1 1297
1 2046
1 5180
1 4013
3
4
1 5662
4
3
4
1 3602
4
3
3
3
3
1 5522
1 5614
1 9291
4
4
4
1 8297
3
3
1 8636
3
4
4
3
3
1 2428
3
3
4
3
4
1 4137
3
4
4
3
4
1 7270
3
1 1501
3
1 9205
4
3
4
1 151
3
1 69
1 9189
1 4002
4
4
3
1 7470
1 2953
3
1 3751
3
3
3
3
4
4
4
4
1 8995
1 1891
4
4
1 6290
1 2021
4
1 4274
3
1 5421
4
4
3
3
3
4
1 3647
3
3
3
1 4390
4
3
3
3
4
1 1524
3
1 4872
3
4
3
4
3
1 1801
1 1946
4
1 405
1 2302
4
4
1 2874
4
4
1 5783
4
3
1 4958
1 8074
1 9822
1 1652
1 8005
4
4
4
3
1 8503
1 7188
3
3
1 2672
3
1 3963
3
1 5731
3
1 9826
3
4
3
4
4
4
3
3
3
1 1682
4
3
3
3
4
1 3365
4
3
3
3
3
4
1 4135
3
1 5354
3
4
1 2194
1 3241
4
4
4
1 3960
3
1 6416
3
4
4
3
4
3
4
4
1 639
4
1 1008
3
4
1 3638
4
1 8526
4
3
1 8574
1 1759
4
4
3
3
4
1 8205
4
3
4
4
1 5953
1 3153
1 3297
4
1 6644
4
4
4
4
1 4567
1 4668
1 1525
1 6560
3
1 3835
4
4
1 5943
3
4
3
1 6094
1 3542
3
1 5236
3
4
3
1 8949
1 2637
3
4
3
4
3
1 458
3
1 9073
3
4
1 1185
3
1 6513
4
3
3
4
1 3047
3
3
1 7662
1 2014
1 9119
3
4
4
1 4066
4
4
4
3
1 4081
3
1 6181
3
4
3
4
4
1 9649
4
1 7374
1 4054
4
4
1 890
3
4
3
1 4924
4
1 5832
3
1 4602
4
4
1 6094
4
1 5927
1 6255
3
3
3
4
4
3
3
3
1 60
1 8298
1 7259
4
3
1 2325
3
1 3635
1 7153
3
4
4
1 6120
1 4890
1 2627
4
1 3687
3
3
4
3
4
3
3
1 7426
1 6491
4
1 7570
3
3
3
1 9299
3
1 5149
1 4617
4
1 9562
4
4
3
1 2480
3
4
3
4
1 8693
4
3
3
4
3
1 2824
4
3
3
3
3
1 7227
3
3
1 2488
4
1 6010
3
3
4
4
3
4
3
1 9911
3
1 2681
3
3
4
4
3
4
4
3
1 9645
3
4
3
1 6288
1 2385
1 1573
3
1 8738
3
3
1 4242
4
4
4
4
4
4
3
4
1 7856
4
3
1 4295
3
3
4
4
1 9377
3
1 8562
4
1 2455
4
1 2236
4
4
3
3
3
1 9994
4
1 4871
3
1 5108
4
3
1 1315
3
3
4
3
1 2744
3
1 1851
4
4
4
3
4
1 3660
4
4
1 9253
3
3
4
3
1 1039
3
3
4
4
1 3984
4
3
4
4
1 1770
3
1 6067
4
3
1 7730
3
1 4233
4
3
4
3
4
4
1 7166
1 139
4
4
1 9871
1 4933
3
3
3
1 1813
4
1 1000
1 7341
3
4
4
1 6261
3
3
1 1129
3
3
4
3
3
3
3
3
4
3
4
4
3
3
3
4
3
3
4
1 3395
1 3309
1 6141
4
4
3
1 4584
1 7445
4
3
4
3
3
4
1 7278
1 3846
4
4
3
1 7203
1 8531
3
3
4
4
1 6277
1 543
3
3
3
4
1 5732
1 455
1 3178
4
4
3
1 43
3
1 3604
3
1 2159
1 7864
1 3937
1 5456
3
1 9902
4
4
1 2186
3
1 3658
4
1 7019
4
1 644
3
4
3
4
1 6763
4
1 7852
4
1 3726
3
4
3
4
3
3
4
4
1 1400
4
4
4
4
1 6318
1 4043
4
3
3
1 4568
4
1 8653
3
3
4
3
3
3
3
4
3
1 4519
1 6873
1 8478
4
4
3
1 3714
1 7181
4
1 1911
4
3
1 5348
1 2940
3
3
3
3
4
1 93
3
3
4
3
1 8657
1 8905
1 2141
4
3
1 6844
4
1 7099
3
3
4
4
1 6594
3
1 3700
4
1 8531
1 3800
1 4669
1 9418
1 3575
3
4
1 3571
1 962
4
4
3
1 174
3
3
3
4
4
4
1 8037
1 9934
3
1 4317
4
4
3
1 9179
3
4
4
3
3
4
1 5821
1 2266
3
1 2669
1 3565
3
3
3
4
1 3517
4
3
1 7122
1 159
3
4
3
3
1 587
3
4
4
4
3
3
4
1 605
4
1 8155
3
4
1 3953
1 4712
3
1 1226
3
4
1 1023
4
4
1 7066
1 4777
1 8737
4
3
1 3528
1 4729
1 5750
1 5659
1 2679
3
3
4
1 8111
3
3
3
1 3696
3
1 8783
4
1 1341
1 197
1 2130
4
4
4
4
3
4
1 4609
1 1779
3
4
1 8012
3
3
4
1 1033
3
4
3
3
4
4
4
4
3
4
3
3
4
1 787
3
3
3
1 8787
3
3
3
4
1 8635
3
4
1 9496
4
1 7659
3
1 1127
1 3103
1 2136
4
1 1780
1 8868
4
4
4
3
3
4
1 8439
1 4690
3
1 6975
4
1 5268
3
3
1 8310
3
4
4
4
1 5400
1 8594
3
3
3
4
3
3
1 665
4
3
3
1 2754
4
1 6113
3
1 9625
3
3
4
4
1 1911
1 3252
1 5577
3
4
4
1 4273
3
3
1 2257
1 9882
3
1 6557
1 4776
1 522
3
1 2179
4
1 1403
1 4911
4
3
3
3
3
1 3869
4
1 9347
1 9990
1 2424
1 9944
3
1 89
1 7692
3
4
1 8949
1 7957
3
1 9459
3
1 9056
1 7167
1 627
1 2401
1 9536
1 6665
4
3
4
3
4
4
3
3
4
4
1 196
4
4
1 6450
3
1 7806
1 6273
1 6622
4
1 3872
4
4
1 1939
4
3
4
4
3
1 7305
1 1135
3
4
4
1 1207
4
4
1 5652
4
4
1 6034
1 3579
4
1 1613
4
3
4
4
3
4
3
3
1 253
4
3
3
3
4
3
1 1100
4
3
3
1 6618
1 8672
4
4
3
1 4806
3
4
3
3
4
1 5046
4
4
1 4171
3
4
3
3
1 1772
3
1 8235
4
1 3555
1 4202
1 4125
1 7778
3
3
1 5763
1 3590
1 1523
1 4057
1 2989
3
3
4
1 6906
4
3
4
3
1 2052
4
4
3
1 6239
3
1 8204
4
4
4
4
4
3
3
3
4
1 5533
3
3
3
1 1167
3
1 7926
1 3361
1 9665
4
1 2538
1 6660
1 2605
1 5109
3
1 4983
4
3
4
4
1 5837
3
1 1884
3
3
3
3
4
4
4
4
1 8016
4
1 8290
4
3
4
3
3
4
4
3
1 6788
3
1 5015
4
1 8220
3
3
3
1 4950
1 3963
4
4
3
1 2050
3
1 2369
3
4
3
4
3
4
4
4
1 1058
1 2765
3
3
3
4
3
3
4
3
4
3
4
4
1 5563
1 6194
4
3
3
1 4162
3
3
3
3
3
4
4
1 7533
3
1 8577
1 2655
4
3
1 1979
4
1 3590
3
3
4
4
1 8616
1 4767
4
1 3369
4
4
4
4
1 2529
4
1 4407
4
1 1510
4
3
3
1 6310
3
4
1 2535
3
4
4
4
1 8413
4
4
1 8913
1 2403
1 9633
4
4
1 6280
1 1332
1 3079
4
3
3
4
4
4
3
1 1105
3
1 8958
4
3
1 3474
3
3
3
3
4
3
1 8018
3
3
4
1 266
1 4317
4
1 6710
3
1 8733
3
1 7440
3
3
3
4
3
1 1075
1 3317
1 5719
4
3
1 877
4
3
4
3
3
1 3052
1 7499
1 2913
3
3
3
3
1 1157
1 6353
3
3
3
3
1 6622
3
4
1 9627
1 9955
3
3
1 7357
1 5275
3
1 6565
1 7019
3
4
3
3
1 7321
3
3
1 6644
3
4
1 3608
4
3
3
1 4368
3
1 1433
1 3128
4
3
4
4
4
3
4
4
3
