1639
3
4
3
3
3
4
4
3
4
1 4013
1 9218
1 8227
4
4
3
4
4
3
4
4
3
1 2212
3
4
1 2615
1 6429
3
1 755
3
4
3
3
4
3
3
1 3418
3
4
1 8166
3
3
1 9255
1 5347
4
3
3
4
4
3
4
3
4
3
1 9279
3
4
4
3
3
4
3
4
1 2910
3
4
4
3
3
3
3
1 7565
3
3
3
3
4
3
3
1 816
3
1 5110
3
1 6397
1 3305
4
1 4268
1 8579
3
1 3227
1 1499
1 116
1 572
1 9307
4
1 8700
1 3810
4
3
1 4144
4
1 9515
3
3
1 5906
3
3
1 6639
4
1 4088
1 3109
1 5705
3
1 8687
1 8008
3
4
1 8448
1 1675
3
4
4
3
3
4
3
4
3
4
4
4
4
1 813
3
4
4
3
4
3
1 6673
3
3
3
1 6393
1 3245
3
3
3
4
1 893
3
3
4
3
1 7294
3
4
1 2304
1 7170
3
4
1 6763
1 5897
1 9070
4
4
3
1 3072
1 1977
1 2563
4
3
1 3806
4
1 5409
4
4
4
3
1 7770
4
4
4
1 5544
4
4
3
4
3
1 6764
3
4
3
4
1 6463
4
4
4
4
3
4
4
3
3
3
3
1 2781
3
4
4
1 4382
4
3
4
3
4
4
1 9416
1 2559
4
4
1 6448
4
4
3
3
3
4
1 894
3
4
3
1 404
4
1 4133
1 4740
1 4856
1 2494
4
3
4
4
4
4
3
1 6960
4
4
3
1 5865
3
1 7533
3
4
4
3
1 5520
3
1 7926
4
1 7370
1 682
1 4602
3
1 712
1 814
4
3
4
4
3
4
4
1 2491
4
3
3
3
1 5849
4
1 8347
3
3
3
4
3
3
3
4
4
4
4
1 8887
4
4
3
1 8128
1 3893
4
4
3
3
4
4
4
1 339
3
4
3
4
1 394
3
3
3
3
4
3
3
3
3
1 353
4
1 3818
1 8902
1 4464
1 6895
3
1 5724
4
3
1 9826
4
3
3
1 2981
1 314
1 6813
4
4
1 828
1 8593
3
3
4
4
1 6772
3
3
4
1 3380
4
1 5352
1 1141
4
1 1363
3
4
1 1598
4
1 5354
4
4
4
4
1 1217
3
4
3
1 4375
4
1 8285
1 224
3
3
4
3
3
1 431
3
4
1 4987
1 8495
1 6674
1 6822
4
3
1 1257
3
1 696
4
1 5500
3
1 1699
1 6650
3
4
3
3
1 8505
1 9666
3
4
3
4
3
4
3
3
4
4
1 8394
1 8532
4
1 2265
1 9692
4
1 755
3
1 7066
1 8552
4
1 2213
1 4973
4
1 8812
4
1 311
3
4
3
4
4
4
1 1202
3
1 6166
4
1 7544
4
4
1 9900
4
1 8400
3
3
4
4
4
4
1 5844
3
3
1 1086
4
1 3150
1 4260
4
1 5446
1 8572
4
1 1780
4
4
3
3
3
4
1 5986
3
4
4
1 5056
1 5391
3
4
4
3
3
4
1 7733
4
4
1 4286
4
1 5844
3
3
1 2675
1 1168
3
3
3
3
4
1 5590
1 5819
4
1 5310
3
4
1 5852
4
3
1 9752
1 9553
1 8513
3
4
4
1 9054
4
3
4
4
4
4
4
4
4
1 8516
3
1 1577
1 3337
4
3
3
1 6493
4
1 7368
4
4
1 9010
4
3
1 9454
1 8877
4
3
3
3
3
4
3
3
1 1888
3
4
4
1 2658
3
1 3114
3
1 9818
3
3
3
1 1204
4
3
3
3
4
3
3
1 2290
4
3
3
3
4
3
3
4
4
4
1 7433
3
3
4
1 6173
1 8474
3
4
3
3
3
3
1 4893
3
4
4
3
3
1 265
3
3
1 3122
4
4
3
4
1 8815
4
3
3
3
4
4
4
4
4
4
4
4
4
4
4
4
1 5659
4
3
1 4124
4
1 4295
4
3
4
3
1 831
4
1 6052
4
1 7823
4
1 7595
4
4
1 333
3
3
3
1 526
1 9076
1 1247
3
4
4
1 8596
3
4
4
3
3
1 3043
1 5295
3
4
3
4
4
4
1 9872
3
4
4
1 8066
3
1 347
4
4
1 6022
4
3
4
1 2205
4
4
4
4
1 5935
1 480
3
4
3
4
3
1 3990
1 2084
3
3
4
1 5047
3
4
1 9925
4
3
4
1 1609
3
3
1 6949
3
4
3
3
1 1854
4
3
4
1 6815
3
3
1 4045
1 263
4
1 9714
1 2800
3
1 8661
4
4
1 9682
1 1276
1 8633
4
3
1 4348
3
1 3931
1 3959
1 8172
1 1450
4
3
1 7428
4
1 1037
1 3264
1 592
1 9491
1 3929
4
1 7038
4
4
3
4
4
4
4
4
3
4
4
3
4
3
3
4
3
1 5222
3
4
1 8248
4
1 177
1 9948
4
1 142
4
4
1 4510
1 1394
1 7161
3
1 4567
1 3107
3
3
1 9023
4
4
4
3
1 2724
3
3
3
3
4
1 8918
1 1305
4
1 1044
1 2482
4
3
4
1 7349
1 6804
4
3
1 4919
3
3
3
3
3
3
4
4
3
4
4
3
4
3
3
4
1 7964
4
1 7602
1 2297
1 3189
3
3
4
3
1 8567
3
1 7778
3
1 3094
3
3
4
1 1881
3
1 446
4
1 9493
4
4
3
4
3
4
3
4
1 2312
1 2979
1 8023
1 7163
3
1 3647
4
4
3
1 5223
4
3
1 2711
1 1715
3
1 6537
4
1 5555
1 9314
4
4
1 6547
1 5333
4
3
3
4
1 1189
4
3
1 7737
1 4999
1 1401
1 8636
4
3
3
3
3
4
3
3
3
4
1 4508
1 2530
3
3
1 2832
1 1259
3
3
4
4
4
1 9151
4
3
1 2268
4
1 8689
1 2706
4
4
4
1 1982
3
1 2134
3
4
3
1 1284
1 316
1 8789
3
1 9637
4
1 984
1 711
3
4
1 8567
1 5009
1 2883
4
4
4
4
3
4
1 7845
1 525
1 5170
3
4
4
1 7901
1 8932
3
1 2331
4
4
1 4356
1 8836
3
4
4
3
4
3
3
4
1 2670
3
4
3
1 4149
1 7229
3
1 973
1 2485
4
4
1 8379
1 1998
4
3
3
1 2530
3
3
4
3
3
3
1 644
4
4
3
4
1 622
4
4
4
1 5546
4
4
4
4
1 3822
4
4
4
1 3300
3
3
3
3
1 8300
3
1 4669
1 3981
3
1 9530
1 2100
3
1 7380
3
3
4
1 6530
3
3
3
4
4
1 5414
3
3
4
3
1 9025
4
4
4
3
3
3
1 9756
3
1 9557
1 6939
1 1703
3
1 9695
4
1 5275
1 4686
4
1 5340
3
4
4
3
4
1 2795
1 4512
3
3
4
1 2155
4
4
3
1 6120
1 226
1 1788
1 6010
1 2858
1 5968
3
3
3
4
1 1893
4
4
4
1 3597
1 5324
4
1 8822
4
1 7829
3
4
1 6799
4
3
3
4
4
4
4
1 5128
4
1 1713
1 5549
1 3502
1 7033
4
4
1 7618
3
1 500
1 2569
3
4
4
4
4
1 7771
3
1 2307
1 207
1 8673
3
4
1 7041
1 8275
4
1 6090
3
1 4806
4
4
3
1 6884
4
4
1 6879
1 2980
1 8790
4
3
3
4
1 2624
3
1 2503
1 980
3
3
4
3
4
3
3
3
4
1 2437
1 3868
3
1 3910
1 7379
1 1196
4
1 9874
1 186
3
1 6642
4
3
1 5374
3
4
1 3430
3
3
3
4
3
1 2702
1 5604
4
1 9913
1 4233
1 3500
1 2650
3
4
3
4
3
1 623
3
1 90
1 8237
1 1362
1 4846
3
1 8013
4
1 8752
4
3
4
1 3213
4
1 4281
3
3
4
4
4
3
3
3
3
4
3
1 9908
1 4256
4
4
3
3
1 8597
3
4
1 8661
4
4
4
4
4
3
4
1 4178
3
1 7799
3
1 7639
3
4
4
4
3
1 7064
4
1 9484
1 221
4
1 6574
3
4
4
1 9520
4
1 982
4
1 3903
4
4
1 697
3
1 9447
1 4688
1 6039
3
1 7078
1 6541
4
4
4
3
1 1543
4
1 9980
3
1 8785
1 1843
3
1 2984
4
1 3289
3
3
1 7473
3
1 1196
4
4
3
4
4
3
3
3
3
3
4
4
1 4491
3
1 3514
1 9292
3
1 8482
4
4
3
4
1 9405
1 4596
3
4
1 9822
4
1 2700
3
3
4
3
3
3
3
1 8034
3
1 8449
3
4
1 5726
1 3110
4
1 7701
1 8411
3
4
1 3473
3
4
3
3
1 105
1 622
3
4
4
1 1988
4
4
3
4
3
3
4
3
1 4151
3
3
3
4
4
1 7658
1 8793
1 7378
3
3
3
4
1 8040
4
4
3
4
3
4
4
4
1 4633
3
4
1 9964
4
3
4
1 6167
1 5268
1 5670
4
3
1 4815
4
3
4
3
4
4
4
3
1 8631
4
3
1 5503
1 2814
3
4
1 4761
4
1 9072
1 5960
4
4
1 1073
1 6540
3
1 8723
1 8379
1 7687
1 5816
1 7398
1 6868
3
3
4
3
3
3
1 7686
4
3
4
1 6122
1 5414
3
3
1 9079
3
1 5587
4
1 8511
3
4
3
1 4519
1 1793
1 9578
4
1 2267
4
3
3
1 1547
1 2554
4
3
3
1 9192
3
3
1 1149
1 3349
3
1 7120
1 4992
1 4344
3
3
1 4152
3
4
1 1437
4
3
4
4
4
3
4
3
1 4156
1 4498
4
4
3
3
1 6355
3
4
1 4095
4
3
3
3
1 264
1 9126
3
1 2642
3
1 4048
4
3
4
1 910
3
4
3
3
4
3
3
1 8886
1 4382
3
3
4
4
4
3
4
4
4
4
4
4
3
3
3
4
1 5060
4
1 5264
4
1 558
1 7507
1 3561
3
1 7747
3
1 4993
3
1 7227
1 3693
3
3
4
3
1 9126
3
4
3
4
3
1 3207
4
4
1 3762
4
4
3
4
1 7103
3
3
3
3
4
3
4
4
1 528
4
4
3
3
4
4
4
1 3378
1 6897
4
4
3
3
4
3
4
1 2975
1 297
1 5460
4
1 1384
3
1 5482
4
1 5660
1 3362
4
1 5759
1 8075
1 8760
1 5565
4
3
3
4
3
1 2614
1 5706
3
1 9306
3
4
4
4
4
4
3
4
4
4
1 9793
3
1 2579
1 2233
1 314
4
4
3
1 2367
1 9680
4
1 6661
3
1 9002
4
1 166
3
4
3
4
4
1 7655
3
4
1 4212
1 1694
1 140
4
