2032
1 8350
1 4917
1 703
2 2123
2 8380
2 2684
2 769
2 13
2 1
1 9382
1 6114
1 4477
1 200
1 718
1 7089
1 2772
1 9291
2 1170
2 3271
1 4508
2 543
1 4055
1 7310
1 7935
1 681
2 8774
1 5272
1 9713
2 5347
1 6761
1 2672
2 7912
2 492
2 3363
1 8219
2 7709
1 3263
1 1636
2 5748
2 5477
1 5867
2 8355
2 9627
1 271
1 1984
1 6276
1 5117
1 2614
2 3048
2 623
1 1559
2 581
1 1903
2 9851
2 3517
2 5352
1 3739
1 9134
2 1492
1 9722
2 9308
1 3255
1 3398
2 4235
2 7423
2 6937
2 9177
1 4631
1 627
1 8131
1 4403
1 8234
2 8303
2 2214
2 7214
2 9041
1 4470
1 6831
2 3234
1 7865
2 4243
1 1861
2 5862
2 1059
1 8636
2 2089
1 4552
2 8337
1 8498
1 6174
1 6963
2 3791
1 1446
2 6322
2 9303
2 9420
1 3529
1 8887
1 5974
1 4301
1 9265
2 363
1 1421
2 3242
2 5766
2 5204
1 470
1 8926
2 1073
2 505
1 1515
2 1706
2 4497
2 3868
2 5663
2 4407
2 345
2 5492
1 1137
1 1245
1 5534
2 6640
2 1237
2 11
1 9437
1 265
2 5326
1 7627
2 9186
2 9100
2 9731
2 9667
1 3625
2 3876
1 4989
2 4166
1 3605
1 5501
2 2762
2 268
1 8285
2 8519
2 3518
2 7023
2 1859
1 1504
1 762
1 3533
1 1978
1 8862
1 7821
1 7224
1 7906
1 3306
1 6515
2 3823
1 7352
1 6780
2 9970
1 2257
2 1507
2 1898
2 7542
1 7981
1 6147
1 2694
2 2762
1 2178
1 4058
2 3165
2 4919
2 8973
2 2212
1 6188
1 5776
1 110
2 8535
1 3086
1 8074
1 2224
2 4336
1 808
1 7549
2 4014
1 4116
1 7379
2 984
1 1925
1 9462
1 255
1 2525
2 3219
2 4381
1 8789
2 3328
2 7521
1 651
2 2200
2 865
2 4541
2 9157
1 5089
1 6664
1 2227
1 1783
2 8360
2 6910
1 5207
1 9398
1 3451
2 6763
1 7404
1 2747
1 7560
2 5316
1 7923
2 6902
1 1888
1 8208
1 1088
1 3753
2 6369
2 5552
2 9195
1 4880
2 3584
2 8266
1 1992
2 8972
1 7911
2 1867
2 5275
2 6820
1 418
1 964
1 8425
2 2443
1 7809
1 1310
2 5350
1 9731
1 6551
2 5827
1 1186
2 4201
2 4339
1 2099
2 2552
2 1141
1 7688
2 4209
1 7277
2 9135
1 5231
1 3443
1 7635
2 532
2 4804
1 341
2 2819
1 3036
2 8880
2 8091
2 6599
1 504
1 7995
1 4152
1 6245
2 9964
1 3818
1 4707
1 9068
2 6831
2 5470
1 3036
2 5537
2 8187
1 8068
1 3503
2 331
2 6387
1 3770
2 4022
1 8389
2 416
2 6913
1 8008
1 2199
1 4275
2 9297
1 2697
1 9975
2 799
1 2211
2 1330
1 3499
1 2296
1 826
2 5257
2 4702
1 7412
1 5849
2 2773
2 548
1 935
2 2673
2 4416
1 148
1 5038
1 7956
1 6101
1 1682
2 8190
2 6835
1 1165
2 6134
2 2913
2 1545
2 4945
1 2890
1 2566
2 6041
1 4129
2 9322
1 1055
2 732
1 6616
2 1559
1 624
2 1377
1 7880
1 9718
1 1409
2 1826
1 2220
1 3802
1 6439
1 4621
1 275
2 5839
2 2075
1 567
2 4971
2 9198
1 6663
1 6616
1 5625
1 1079
1 2073
1 5534
2 9464
2 4969
1 6335
2 2304
2 1369
2 9415
1 198
2 5079
2 9095
2 1980
1 1884
1 7625
2 5147
1 3316
1 1367
2 7319
2 6627
2 4281
2 260
1 8788
1 194
2 8781
1 5470
1 3105
2 8702
2 4410
2 6263
2 6358
2 1353
2 7603
2 8826
1 5877
2 5927
1 2189
1 4171
1 3929
2 220
2 3063
2 5651
2 2042
2 4944
1 8451
2 8061
1 7399
1 6086
2 348
2 9408
2 4659
2 2738
1 2840
2 1436
2 5247
2 5538
2 9981
1 4066
1 1746
1 657
2 805
1 8537
1 616
2 9180
1 1050
1 817
1 7319
1 8178
1 9483
2 1779
1 1814
2 1493
2 2974
2 3502
1 8054
1 3312
2 8803
1 7567
2 8928
1 4532
1 5449
2 7210
2 8944
2 2028
2 115
1 509
2 9743
2 1437
2 9930
2 339
1 6783
2 7077
1 1334
1 6325
2 1584
2 5947
2 4931
2 246
1 9105
1 2348
2 6509
1 6734
2 6258
1 1986
2 3083
2 3001
1 2996
2 377
2 1986
1 1901
2 2299
1 4107
1 851
1 424
2 6295
2 337
2 445
2 11
1 1883
2 217
2 1356
1 57
2 25
1 5344
1 3393
1 4407
1 5890
1 5466
1 8986
1 2689
2 7530
1 6963
2 1030
2 9731
2 6718
2 3207
1 2925
2 4716
1 4590
1 8183
2 1886
1 6230
2 8017
1 2097
2 6890
1 6142
2 3180
2 2030
1 8067
2 1766
1 2198
1 5048
1 3016
1 2862
2 916
2 5712
1 2464
1 4273
1 9974
1 2587
2 6582
1 4179
1 4617
2 975
1 8974
2 652
1 8389
2 5590
1 735
1 4794
2 1677
2 8144
2 4537
1 7149
1 8440
2 3088
2 6887
1 2813
2 2995
1 6592
1 7997
2 8897
2 8519
2 618
2 6014
2 635
2 9709
1 2978
2 4041
1 2738
2 5225
2 2213
2 1359
1 1659
2 6999
2 5428
2 8052
1 4150
2 8277
2 1853
2 2053
2 2243
1 2712
1 7746
2 7590
1 497
1 5844
1 7559
1 5014
2 1437
1 4424
2 2376
2 8279
1 4201
1 9915
1 6055
2 7282
1 3633
1 2325
2 4036
2 6488
1 9596
2 2653
1 5668
2 7404
1 6308
2 1611
1 4593
1 5594
2 4113
1 8795
2 6095
2 6578
2 2659
1 5749
1 5297
1 8025
2 5053
2 3478
1 6808
1 6633
1 4908
2 6726
1 7848
1 8189
2 2207
2 2423
1 4781
2 4689
1 2530
1 2746
2 4628
1 8921
2 9929
1 1822
2 6795
1 9878
1 4643
1 6777
2 7643
2 1461
2 7960
1 2693
2 8615
2 9460
1 3042
1 4884
2 5575
2 5189
2 343
1 527
2 9435
2 9238
2 7464
1 3692
1 4590
1 6754
2 6573
1 1551
1 6666
2 2927
2 7452
1 8977
1 5552
1 6270
1 9644
1 7336
1 9886
1 779
2 2654
1 1771
1 6706
1 7177
1 7596
2 7811
1 1679
1 5674
2 122
2 4413
2 1585
1 5058
1 3449
1 3293
1 5469
2 1679
1 8572
1 3503
1 4503
2 5276
1 5026
1 7278
2 6806
2 9783
2 4583
1 3380
2 5928
2 1934
2 5906
1 3363
1 6607
2 263
2 6618
2 2404
2 5771
2 7341
2 8801
1 2488
1 8713
1 9163
1 9419
1 2538
1 6255
1 1391
2 2338
2 9705
2 9297
2 6064
1 1266
2 9396
2 5071
2 1088
2 3342
2 9504
1 5189
2 4554
2 2876
1 8214
1 9870
2 7358
1 7394
1 3304
1 7592
2 7822
1 8354
1 3018
2 9617
1 6507
2 1007
2 7969
1 5166
1 7634
2 3508
1 7705
2 8634
2 2476
2 9222
1 2557
1 3791
1 6781
1 3640
1 9147
1 1862
2 7234
2 7946
2 9120
2 7678
1 4518
2 2231
1 9372
1 9234
2 9744
1 1815
2 872
1 8809
1 4707
2 7919
2 6226
1 406
2 4003
2 8427
1 8703
2 533
1 176
2 1053
2 6348
1 4841
1 1090
1 1195
1 6946
2 786
2 9187
2 9453
2 4705
2 4734
1 6494
2 1309
2 2546
1 7051
2 5638
2 6290
1 2204
2 3489
1 5347
2 1323
2 748
1 1543
1 8109
1 1984
1 4482
2 4309
2 8927
1 5528
2 7832
1 8254
1 7660
1 3580
2 5084
1 3559
2 9954
1 7013
2 2932
1 4608
1 4490
1 9292
1 8505
1 8617
1 8189
2 7998
1 4185
1 4960
1 5853
2 4553
2 2806
1 7679
1 3782
1 4704
2 6595
1 6431
2 9168
1 9411
1 800
1 2044
2 7093
2 9452
2 8789
1 7592
1 5981
2 7224
2 4008
2 7998
1 2297
1 8963
2 3920
2 8161
1 7495
2 8161
1 1994
1 2996
1 5556
2 8808
2 3344
1 7848
1 2841
2 9086
2 9197
2 2312
1 8030
2 9376
2 8019
2 1319
2 3416
1 1677
1 437
2 8737
2 8911
2 35
2 4364
2 516
2 1836
1 2554
1 7653
2 1411
2 9381
1 3060
1 8539
2 5047
1 5091
2 404
2 825
1 1470
1 1338
2 2467
2 4413
1 7523
1 3148
2 7959
2 479
1 1575
1 5367
1 3251
1 6453
2 9134
1 2535
1 899
2 2749
2 3653
2 1805
1 544
1 8601
1 6437
2 9728
2 2675
1 5407
2 1907
1 3926
2 6485
1 2724
2 2481
1 5706
1 8928
1 9519
2 3733
2 4121
2 8470
2 9268
1 8399
1 4924
1 1822
2 2886
2 1010
2 8452
1 4288
1 2446
1 5496
1 5101
1 7410
2 5519
1 4047
1 2488
2 9921
1 1913
1 4679
1 2585
1 1052
1 2889
1 8952
2 2479
1 6963
1 8341
2 4226
1 9131
1 9464
2 9828
1 460
1 3952
2 9490
1 8815
2 161
2 9805
1 7287
1 8653
1 6887
2 529
2 6215
2 8294
1 5860
1 9054
2 2635
2 5898
2 158
1 1102
1 7278
2 8299
2 1484
1 7438
2 5369
1 4805
2 3469
1 2278
1 676
2 5575
1 9430
1 9994
1 1279
1 4732
1 4799
1 7739
2 2087
1 4975
1 518
2 2238
2 718
2 950
1 8699
1 7677
1 2210
1 9014
1 4696
1 7830
2 7346
2 6653
2 4423
2 383
1 4500
2 5565
1 2297
1 3723
1 2642
2 2596
1 2135
2 6540
2 4184
1 386
2 8398
1 417
2 9517
1 6923
1 4784
1 9525
1 6058
1 8274
2 8550
2 8688
1 4584
2 2299
2 6712
1 2164
2 3757
1 7891
2 5539
1 660
2 9637
2 1698
1 5317
2 2109
2 693
1 4232
2 9103
2 2055
2 18
2 7674
2 6357
2 3272
2 8570
1 6528
2 2114
2 651
2 606
1 1315
1 9739
1 367
2 3116
2 798
2 9278
1 9903
1 6303
1 9578
1 4330
2 3064
2 3037
2 5129
1 7164
2 5074
2 1400
2 431
1 9969
2 8378
2 677
1 6608
2 1234
1 7842
2 5299
1 8647
1 2626
2 9432
1 8675
1 2439
1 4700
2 2553
1 8549
1 2688
2 6522
1 9999
2 7166
1 5571
2 5597
2 883
2 9422
1 4053
2 9966
1 3262
2 4846
1 8034
1 4640
2 1040
1 8305
2 2381
1 2455
2 7397
1 3630
1 7727
2 5768
2 3073
1 9048
1 5705
2 4523
2 9485
1 7669
1 3103
2 4902
2 8633
2 2529
1 4887
2 8000
2 1593
2 94
1 1906
2 1537
1 7883
1 9803
2 8623
2 1030
2 1236
1 7268
2 290
2 6683
2 2038
2 4233
2 3526
1 2711
2 643
2 1892
2 2870
2 9547
2 3392
1 3748
1 762
2 6212
2 1152
1 1221
1 3444
1 470
1 5502
1 2628
1 9784
1 8305
1 9141
1 6723
1 2082
2 6883
2 1082
1 9288
1 3429
2 2517
1 9324
1 8302
2 6143
1 5623
2 8940
1 2512
1 1436
2 5602
2 4683
2 3752
1 8451
2 5850
1 8980
1 3303
2 2010
1 4810
1 6980
2 7164
2 6
1 1797
1 9536
2 8680
1 7334
2 3547
1 6988
2 9926
2 3504
1 4681
1 154
2 3487
1 8705
1 7634
2 8258
1 8590
1 7066
2 8566
2 3060
1 5450
1 351
1 5433
1 3386
1 2700
1 9101
2 3514
1 1591
1 8837
1 1152
1 3516
2 3265
2 2461
1 549
1 6612
1 3978
2 9978
2 7850
1 3128
1 7783
2 7996
2 4638
2 1678
2 4891
1 7846
2 4079
2 7396
2 8444
2 1893
2 4230
1 6230
2 7850
2 5112
1 6535
2 234
1 5793
1 8340
1 5673
1 1714
1 8303
2 5965
1 8872
2 775
1 4508
1 916
2 4178
1 3108
2 8352
2 4412
1 3690
1 7701
2 1157
1 7434
1 4290
2 4232
1 7656
1 2348
1 3082
2 888
1 5
1 1545
1 600
2 5663
2 5338
2 4543
1 2322
2 2880
2 5684
2 7756
2 3922
2 7449
2 5256
1 8893
1 6785
2 7502
2 424
2 1434
2 7245
2 7052
1 6957
1 4035
2 8814
2 2122
2 3158
1 9379
1 7949
1 5785
1 8901
1 7137
2 1346
1 8896
2 6940
1 3711
2 8928
1 5100
1 1528
2 317
2 5850
1 3385
2 697
2 6923
2 7307
2 7700
2 4993
1 5927
1 9337
1 4244
2 4165
1 2707
2 1428
1 7123
1 3234
2 1716
2 9232
1 1868
2 235
1 5486
1 6304
2 1500
2 8118
2 9817
2 236
2 9106
2 1983
1 4802
2 774
2 2391
2 1030
1 4612
1 9345
2 9354
2 3163
1 406
2 9451
1 9108
2 9240
2 1284
1 52
1 5883
2 7897
2 4181
1 2507
2 1130
2 5791
1 787
1 5558
1 2838
2 6922
2 2030
2 5212
2 1977
2 3460
2 1728
1 3493
1 4490
2 3046
2 7056
1 1293
1 8178
2 5724
1 9644
1 6326
2 317
1 1116
2 8787
1 341
2 551
2 6616
1 213
2 9927
1 2959
1 8464
2 4151
1 2009
2 7041
2 6824
2 9157
2 4636
2 5016
2 6064
1 2920
1 7957
1 9903
2 5709
1 4977
2 6450
1 325
1 5615
1 6119
2 2918
2 123
1 162
2 9615
1 6542
1 9852
2 2301
2 5937
1 294
1 3277
2 9970
1 9633
2 8761
1 5512
2 3193
1 9006
2 1749
2 5932
2 5684
2 650
2 9374
1 4655
1 6538
2 7944
2 8540
2 7394
1 6882
1 4656
1 4463
1 5564
2 2278
1 6255
1 5104
2 5815
1 913
2 9695
1 3352
2 2570
1 304
1 7581
2 9736
1 9763
1 7666
1 2058
1 442
2 6813
2 8545
1 3488
2 8526
2 4864
2 3559
2 938
2 7349
2 512
1 8875
1 1773
2 8939
1 2443
2 6576
1 1472
1 5227
2 1774
1 595
1 1370
1 7873
1 7286
1 3386
2 3047
1 2951
1 1828
2 5287
1 3283
1 2579
2 3607
2 6032
1 1837
2 936
1 7963
2 2412
1 2782
1 3109
2 1025
2 8192
1 7361
1 8104
1 3545
1 4440
1 3654
1 9718
2 615
1 7177
2 1957
1 241
1 6368
1 4797
2 5223
2 352
1 5285
1 7707
2 1991
2 2132
2 1691
1 4903
2 2960
1 3460
1 4371
2 4090
1 5733
1 5549
1 7660
2 7204
2 7253
1 6134
1 8125
1 2792
1 7081
2 5041
1 649
1 4899
2 4966
1 2103
1 1869
2 6616
1 1041
1 4688
2 1002
1 8970
1 2498
1 5312
2 1010
2 9529
1 4441
1 4731
2 7132
2 3325
2 7309
1 5771
1 2004
1 6722
2 9479
2 5002
2 8708
2 4748
2 9411
2 6545
1 943
2 5311
2 6718
1 14
1 9009
2 5369
1 1024
2 4432
1 4567
1 8959
2 3168
1 6806
2 7761
1 2262
1 5256
2 4669
2 3161
2 5347
1 746
1 8950
2 1050
1 9396
1 6322
2 2738
1 4095
2 9311
1 9502
2 4554
1 4685
2 458
2 5981
1 6704
2 7439
2 8752
1 529
1 4532
2 3532
2 2055
2 9797
2 7841
2 1743
1 5044
2 5229
2 4930
1 4942
1 1266
1 6627
2 3931
2 5702
2 1293
2 5187
2 6325
1 8851
1 358
1 9991
2 1498
2 7231
2 8666
2 2037
2 7163
1 187
1 8383
2 7435
1 871
1 8292
1 8047
2 9440
2 1500
2 92
2 564
1 5778
2 6178
2 6977
1 6102
2 6825
1 4382
2 43
2 795
1 9773
2 5027
1 1749
1 4367
2 4155
1 3658
2 5732
2 5145
1 4976
1 4554
2 8063
1 4545
2 8799
2 3575
1 6585
1 4303
2 7278
1 9460
2 9434
1 9208
1 9020
1 8056
2 6032
1 6312
1 4161
2 2731
1 7725
2 2677
1 2601
2 4919
1 5083
1 8470
1 4925
2 9474
1 8311
1 1509
1 5216
1 9687
1 9085
1 72
1 7315
2 3259
2 877
1 2396
1 2273
2 1850
1 7544
2 8547
1 9279
2 4828
1 3480
2 24
2 6943
2 3271
1 3494
2 8482
1 7704
2 1258
2 3626
1 767
1 3473
2 3818
1 6528
2 8859
1 8967
2 9651
1 4651
1 4213
2 9989
2 3425
2 7380
2 5056
1 8931
1 3528
2 8096
1 217
2 4348
2 2584
1 5691
1 608
2 6688
1 112
1 6495
1 3381
1 315
2 7718
1 9640
1 4899
2 3625
2 6300
1 2003
1 9071
2 705
1 5396
1 2028
2 8734
1 5935
1 7755
2 1977
1 2913
1 9771
2 8063
1 6822
1 6979
2 3895
2 8281
2 4272
2 587
2 8616
1 7624
2 1178
2 2012
1 2580
1 1420
2 3316
1 9748
2 689
1 5123
1 6646
2 3141
1 9518
1 4085
2 127
1 6540
2 7009
1 1504
2 7012
2 6588
1 8501
2 686
2 275
2 8659
2 5337
1 8106
2 418
2 2284
1 9620
1 9748
2 5624
1 2207
1 2383
2 8932
2 3713
2 7476
2 1884
1 6899
1 5047
1 9574
2 5921
2 1340
2 3565
1 5439
2 8567
1 3078
2 5849
1 6777
2 6986
2 702
2 8822
2 1255
1 2689
2 5621
2 8653
1 5807
2 253
2 3879
1 336
2 8007
2 5582
1 6522
1 7387
2 2236
2 3239
1 4305
1 3737
2 9200
1 4004
1 639
2 7449
2 7906
1 2988
2 5770
1 9925
1 4077
1 8647
1 131
1 7238
2 4747
1 4437
2 2236
1 8162
2 1295
2 3387
1 2553
1 9683
2 8149
1 7798
1 7475
1 7362
2 5928
2 6086
1 3854
1 3848
1 7251
1 8697
1 157
1 6959
2 2641
1 5429
1 5900
1 6080
2 7112
2 1927
2 2208
2 3565
2 4022
1 41
2 2124
2 1814
2 6206
1 2367
2 1867
1 3495
2 7559
1 2848
1 2377
1 9513
1 124
1 3820
2 971
1 3521
2 9715
1 8804
2 2655
1 2908
1 1020
1 8702
2 8880
1 198
1 1983
1 4267
1 729
2 39
2 3500
2 1390
2 3945
1 6213
1 165
1 4163
1 545
2 8349
1 4021
1 2255
1 5851
1 7921
2 9406
1 2759
2 5103
2 4318
1 8403
1 9939
1 3462
2 180
1 5264
2 6367
2 2805
1 5996
1 3330
1 4263
1 7869
1 985
1 4014
1 234
2 8981
2 5674
1 263
2 6331
1 5254
1 1961
1 4534
2 509
1 7808
2 1059
2 9311
1 7277
1 5989
2 321
2 3229
2 3417
1 6817
1 2877
1 5727
1 26
1 7040
1 7070
2 855
2 2581
1 6461
2 7136
1 1320
1 2645
1 6685
2 9414
2 4522
2 9561
2 4015
2 9622
1 6036
1 1091
2 6276
1 6716
2 5565
1 6202
2 4998
2 6573
2 5231
2 4609
2 7939
2 3789
1 8907
1 4681
2 1977
2 9570
2 952
2 8175
2 5421
2 1068
1 4963
1 6598
2 7287
1 5905
2 3946
2 4504
1 4798
2 4800
2 2251
1 6073
2 5320
1 7894
2 2040
1 3828
2 6425
2 8053
1 7698
1 6668
2 7443
2 3354
2 15
2 5945
2 7586
2 638
1 8963
2 3439
1 181
2 4548
2 9858
2 8330
2 4980
2 1977
2 9958
1 6973
2 6846
1 1785
2 7797
1 102
2 352
1 8649
1 1599
1 1066
2 5071
1 1353
2 5219
1 617
2 9059
1 9488
1 5289
1 1611
2 9455
2 2050
2 9083
2 2510
1 5812
2 2018
1 8763
2 8923
1 3749
1 2341
2 3656
1 8250
1 5107
1 5333
2 204
2 3892
1 3699
1 3920
2 3153
1 2941
1 3560
1 2165
1 1936
1 3467
2 3093
1 6866
1 695
2 2952
1 567
1 8115
1 3068
1 5951
2 1542
1 2272
2 9133
2 7580
2 5376
1 5011
2 4956
1 8470
2 6192
2 7088
2 6860
2 4818
1 4425
2 4828
2 2920
1 1147
1 7573
1 8985
2 9524
1 3034
2 922
1 4056
2 2804
2 7582
2 7097
1 3369
2 5940
1 4377
1 3410
2 8606
1 3930
1 2890
2 9765
1 4024
1 7180
1 2904
2 1626
2 6159
2 3297
1 6729
2 6624
1 7131
1 8818
1 3694
2 550
1 7058
2 8817
1 3988
1 7671
1 5153
1 1718
1 597
2 8963
2 7376
1 1726
2 9601
2 8959
1 7164
1 9099
2 2506
1 5748
1 112
3
