6485
1 5978
1 8015
1 540
1 6621
2 8261
2 5682
1 5686
2 6925
1 5588
2 213
2 3211
1 7809
1 9819
2 6094
2 5554
2 4767
1 5851
1 5311
1 6273
1 1561
2 3351
1 6335
2 908
2 495
2 4984
1 6533
2 238
2 2567
1 2352
2 3832
2 8561
1 7490
1 8323
2 8216
2 997
1 415
1 3189
2 9845
2 7804
2 8663
2 1535
2 529
1 4374
2 4126
2 388
1 9370
2 4223
1 8744
2 6843
2 4071
2 2378
2 436
1 7280
2 7628
2 16
2 17
1 2938
1 426
1 1981
2 2589
2 269
1 5496
2 1548
2 1480
2 4583
1 2986
1 1633
1 6868
1 7690
2 9698
1 1444
2 4873
1 8751
1 7276
2 4960
2 1029
2 161
2 2364
2 7112
1 8305
2 6999
1 4062
1 5329
2 7828
2 957
2 3142
2 525
1 137
2 1772
1 5885
1 2889
2 248
1 9042
1 1138
1 7646
1 7555
1 3372
1 6810
2 9815
2 6766
2 1162
2 1520
2 6979
1 8365
2 3886
1 7613
2 6325
1 9887
1 8104
2 2568
2 9
2 1139
2 3238
1 9316
1 972
1 7393
1 7680
1 239
2 5099
2 2870
1 3361
1 6064
1 7411
2 3941
2 2662
2 9516
1 8560
2 3357
1 3623
1 7202
2 351
1 7534
2 3894
1 9620
1 351
1 8359
2 5226
2 5029
2 8058
2 3905
2 7647
1 5625
1 5974
2 1509
2 1055
1 5544
1 5593
2 7264
1 3991
1 1834
2 1607
2 4994
1 7691
2 9603
1 3200
2 6007
1 9646
1 3176
2 3001
1 116
1 353
1 3456
1 6525
1 7485
2 6103
2 126
2 1171
2 7454
2 4733
1 8144
1 9295
2 3975
1 3923
2 8254
1 3525
1 7721
2 337
2 601
2 4742
2 5181
1 882
2 3415
1 4520
2 4902
1 2109
1 976
1 4946
2 4323
1 5910
2 8937
2 8117
2 1040
1 5718
1 795
2 3491
1 1586
1 7844
1 711
1 52
2 8315
1 6994
1 330
2 3661
1 9953
2 4888
2 7627
1 248
1 8744
1 6453
2 4297
2 6249
2 2733
2 6593
1 5129
2 9269
1 3342
1 5348
2 2730
2 9247
2 8045
2 8878
1 9817
2 6306
2 7930
1 6613
1 4322
2 7095
2 5252
2 9638
2 1659
1 4229
2 5517
1 3306
1 4041
1 5808
2 8810
2 5677
2 1383
1 3626
2 6448
1 2231
2 5029
2 8157
1 2818
2 3435
2 5601
2 8445
1 1064
1 6729
2 5388
2 3329
2 4059
1 9442
1 9348
2 3466
1 813
1 7692
2 2993
1 5986
2 1603
1 9905
1 6244
2 5254
2 3493
2 8703
1 7655
1 4522
1 9681
2 81
2 1589
2 8614
2 1694
2 88
1 9872
2 2786
2 7579
2 6188
2 7068
1 4507
1 8983
2 2040
2 9098
2 9258
1 3597
1 8337
2 8197
1 5953
2 9113
2 6533
1 4656
1 9318
2 3933
1 266
2 5500
2 3295
1 1975
1 7709
1 2022
1 1153
1 8510
2 7492
1 2190
1 6881
2 458
2 6041
1 295
1 7892
1 6394
1 4288
1 469
1 9236
1 6433
2 3208
2 9901
2 8087
1 1062
1 5514
2 1964
2 611
1 9617
1 52
1 286
1 655
1 4212
1 5672
1 142
1 3456
1 9725
1 3853
1 7261
1 3466
2 8859
1 8860
2 6763
1 1754
2 2644
1 2120
1 3430
2 7395
1 7540
1 8410
1 1910
2 5943
2 4536
2 9701
1 1066
2 9891
2 4330
1 5428
2 9612
2 1502
2 3238
1 299
2 4926
2 8565
2 9531
2 9296
2 3235
1 9587
1 2418
1 534
1 2474
1 9902
1 2668
1 4929
1 4571
2 7030
2 3169
1 7625
1 3037
1 9956
1 6484
1 3826
2 3329
1 9677
1 7127
1 3039
2 8282
1 8430
1 1980
2 7653
2 3610
2 552
2 9689
1 6544
2 4510
2 3178
1 5788
2 5377
1 6311
1 9201
2 3155
2 7736
1 2650
2 509
2 1066
1 595
1 4751
2 2280
1 6657
2 7666
2 1167
1 5721
1 8732
2 2103
2 5424
2 5091
2 1315
2 8887
2 5778
2 4171
2 3414
2 5435
2 2771
1 5899
1 9626
2 7552
2 1285
1 8330
1 7113
1 1125
2 3931
1 3177
2 906
2 1269
1 8163
1 8134
2 8077
1 854
2 9342
1 3606
1 941
2 8557
1 8380
2 3428
1 9449
1 8680
1 5623
2 514
1 8007
2 6553
1 2626
2 9019
1 932
1 7154
1 6245
2 7611
2 7098
1 5101
2 1726
2 3104
1 2666
2 8514
1 7400
2 2482
2 1654
2 9099
2 1923
1 2272
2 6800
1 8431
2 6086
1 1296
1 5592
2 2937
2 687
2 5943
1 6953
2 2456
1 7781
2 1037
2 4839
2 489
2 4926
2 483
2 388
2 7598
2 2165
1 3162
2 2258
2 9322
2 5806
1 3497
2 516
2 104
1 7095
1 4190
2 8176
2 3383
1 3353
1 3753
1 9547
1 4757
2 3015
1 4953
2 1197
2 8658
2 6103
1 7528
2 5592
1 4662
1 1667
2 88
1 9966
2 6659
1 4779
1 5319
1 212
2 3576
2 139
1 8002
1 2878
2 9359
1 415
1 5968
1 7958
1 6633
1 9182
2 1100
1 6346
1 1905
2 6341
2 337
2 6691
1 7280
2 3306
2 6242
1 5530
1 7683
2 7761
1 201
2 9745
2 967
2 3042
1 9687
1 6015
1 3043
2 9775
1 1963
1 8637
1 3144
2 3276
2 1205
1 4640
2 3593
2 90
1 8793
2 2400
1 675
2 5766
1 15
1 1795
1 3418
2 3989
1 2581
1 2053
2 2807
2 4809
1 937
1 8717
2 3464
2 1415
1 8496
1 4543
2 4809
2 7282
2 897
2 120
2 9235
2 5682
1 8289
1 4230
2 7848
1 4127
2 7880
2 3169
2 7685
1 6878
1 3267
1 6323
2 6684
1 8740
1 6242
2 1534
1 2155
1 17
1 7389
1 1231
2 649
1 5168
2 3
1 2921
1 9276
1 3772
2 1839
1 767
2 2780
1 7990
2 4410
1 2316
2 4614
1 1597
2 7648
2 9738
2 3724
2 2482
1 1851
1 5024
1 3870
1 6293
2 827
2 9788
2 5478
1 5269
1 1278
2 5788
1 5064
2 699
2 7386
2 8473
2 1693
2 4145
1 8190
1 3409
2 1708
1 276
1 9369
2 8666
1 6
1 2513
2 8514
1 8346
2 9834
1 9293
2 533
1 7693
2 4708
1 3522
1 2538
2 2946
2 4569
2 8150
2 435
1 1888
1 5342
2 1148
2 1116
1 5736
2 1388
1 2106
2 1359
1 4734
1 3562
2 1627
1 1813
1 1189
1 1411
2 8060
1 8185
1 9400
2 3746
1 3684
1 2593
2 4619
1 1555
1 6658
1 8154
1 8608
1 3698
2 8299
1 8685
2 4995
1 3354
1 3031
1 1615
2 7546
1 6716
2 3672
2 894
2 9417
2 2405
1 5318
1 7871
2 4194
2 8973
1 2979
1 6795
2 9032
2 4843
1 7287
1 2528
1 8438
2 5689
1 9155
1 9770
1 2219
1 6025
2 9292
2 7332
1 4950
1 2280
2 7353
1 919
2 1203
2 9007
1 5730
2 6887
2 6897
1 4396
2 4849
2 173
1 5739
2 5268
1 5769
1 9047
2 807
2 1754
1 8295
1 2864
1 6878
1 494
2 7517
2 1929
2 4408
1 4811
1 3687
1 3239
1 9194
2 1824
2 72
1 9075
2 2063
2 3166
2 5897
1 4921
1 3902
2 8713
2 956
1 2427
2 8448
1 1406
2 5189
1 8250
1 6857
1 6947
1 5217
1 8003
2 8727
2 1756
2 3201
2 7049
2 8273
2 4024
1 5635
2 4962
2 5844
1 405
1 8778
2 8933
1 2800
2 1313
2 7660
1 3158
2 9989
2 9520
2 993
2 4422
1 9802
1 1629
1 5506
2 5322
1 2609
1 8559
1 5891
1 3862
1 8639
2 5291
2 8288
1 1915
1 7101
1 6490
1 890
1 4161
2 4366
1 3766
1 7494
2 6900
2 8211
1 1652
1 8454
2 522
2 4681
1 6607
2 2965
1 1578
1 5510
1 1313
2 592
2 3940
2 5514
1 4400
1 3203
2 2781
2 8623
1 6301
2 834
2 7949
1 1535
2 5976
1 548
1 5808
2 7384
1 5094
2 2116
1 1485
1 9959
1 132
2 3815
2 4115
2 4541
2 5490
2 2685
1 8142
2 7521
2 6094
2 7321
1 2386
2 4339
2 2787
2 4047
1 6904
1 664
2 2401
1 8874
2 96
1 4284
2 2262
1 768
2 1116
2 7788
1 3214
1 2550
1 6930
1 8620
1 8397
2 6203
2 2407
2 6474
1 1732
2 1396
1 3798
1 2864
2 8329
1 1245
1 9857
2 827
1 9217
2 3244
2 604
2 469
2 4676
1 6020
2 4451
2 6046
1 5120
2 3267
2 2549
2 8877
2 1243
2 3124
2 1688
1 1878
2 446
1 5731
2 2160
1 1331
1 3843
2 9325
1 2594
1 9568
1 5535
2 4566
1 5629
1 3837
1 9188
2 8686
1 9030
2 1586
2 8156
1 6453
2 8230
1 2659
1 4382
2 8706
2 5484
2 8984
1 2672
2 1849
1 8588
2 7503
2 377
1 1583
2 9847
1 8882
2 222
2 6745
2 6588
1 1503
1 4473
1 914
2 6590
1 5742
1 3055
1 3484
2 4806
1 375
2 9629
2 4493
1 5002
2 4849
1 7269
1 5427
1 7527
1 6932
2 5317
1 8960
1 1731
2 8420
1 8779
2 2080
2 7292
1 1147
1 2110
1 9388
1 4524
2 6947
2 8801
1 5454
2 7069
2 6762
2 1418
1 9659
2 9170
2 9946
2 3691
2 8761
1 3221
2 4224
1 3942
2 3177
2 3446
1 7679
1 9954
1 5797
1 1554
2 5914
2 6929
2 1186
2 3813
2 2875
1 9326
2 4506
2 9701
1 1435
1 8154
1 1431
2 151
1 5429
2 2777
1 8695
2 9738
2 9514
2 71
2 8312
1 3057
1 31
1 3806
1 4793
2 8734
2 3916
2 4932
1 6165
2 8316
2 1989
1 4286
1 8319
1 4814
2 5895
1 5420
2 5581
1 7697
2 6549
1 3603
2 917
1 7028
2 187
1 1528
2 9335
1 5322
2 6375
2 2528
1 8243
1 5530
1 1248
2 7714
1 4080
1 4255
1 7695
2 5925
1 563
2 5056
2 1153
1 149
2 7211
1 2324
2 1190
2 9501
2 2819
2 828
2 9786
2 3789
2 549
1 3721
1 1880
1 8590
2 3822
2 7497
1 3035
1 6430
1 7450
2 6645
1 1379
1 5830
2 450
1 514
2 3250
1 5729
2 8799
2 4125
2 9615
1 1259
2 9831
2 5178
2 1462
2 1072
2 3075
1 159
1 2460
1 302
2 8063
2 9235
1 5502
2 7765
1 1948
2 189
1 3789
1 3945
1 7107
2 2600
1 4484
2 161
2 9093
2 1786
1 8391
2 27
2 7433
2 5062
1 184
2 1024
2 4463
2 3824
1 2754
2 89
1 1425
1 7018
1 7118
1 7296
1 1134
2 1353
1 5903
1 2375
2 4892
2 8274
2 1367
1 4911
2 1331
1 1627
2 9972
1 2581
1 7376
1 9214
1 3863
2 6638
2 2568
1 3290
1 6528
1 2540
2 8394
2 4669
1 9596
1 5284
1 6833
2 2733
2 7008
1 7310
2 7321
1 1606
1 1019
1 7221
2 1566
1 3719
1 9344
2 5869
2 183
2 949
2 256
1 7842
1 7056
1 7109
2 6613
1 4319
2 5609
1 9912
1 7229
2 4795
2 8856
1 2259
2 1139
2 5797
1 5166
1 619
1 2926
1 9712
1 2966
1 1559
2 10
2 6673
1 1384
1 5042
1 2783
2 4935
2 5056
1 8771
1 4164
1 1515
2 8769
1 659
1 5655
2 7358
1 5158
1 6206
2 4876
2 1217
2 7508
2 195
2 7172
1 4594
2 9339
2 6140
2 6075
1 1323
1 5697
2 8379
1 1859
1 5707
1 5076
1 7055
1 9380
2 7713
2 2309
2 378
1 7761
2 9713
1 1383
1 9689
2 3359
1 103
1 5334
1 3851
2 2783
1 1435
1 4298
2 8999
2 3254
1 6633
1 3500
2 3675
2 8029
2 6180
1 236
2 2561
1 7543
2 2689
2 2787
1 3009
1 3971
2 3966
1 8155
1 4126
1 4572
1 7112
1 7355
2 4196
2 3790
1 7109
1 4640
2 5234
1 6017
1 6597
1 7977
2 7332
2 4394
1 2213
2 3084
1 561
1 1216
2 8031
1 1095
2 3614
1 354
2 4483
2 7530
1 8702
2 6621
2 9576
1 8869
2 1719
1 1030
2 4226
1 574
1 8459
1 1973
1 2994
1 4979
2 403
2 5728
2 735
1 2464
2 6398
1 9170
1 592
2 1749
2 2234
2 2888
2 3227
1 9567
1 4532
2 6402
1 1694
2 8667
2 300
2 1660
1 2532
1 5983
1 6164
2 7810
2 3422
1 116
2 1079
1 3582
2 8653
2 2215
1 4752
2 2480
2 5295
2 2773
2 4042
1 1169
1 5142
2 5757
1 7158
1 9865
1 6326
2 3741
2 5468
2 8483
2 4954
2 1742
1 6345
1 2807
2 1485
1 7204
2 8617
2 7435
1 3560
1 3126
2 6496
1 3610
2 8680
2 8410
1 2795
2 4524
1 9097
1 3412
2 888
1 4868
1 7160
2 2562
2 6329
1 9045
1 4579
2 5614
1 285
2 9083
2 9164
2 7101
1 2834
1 9021
1 983
2 1584
2 584
1 3261
2 9631
2 6205
1 6556
1 6074
1 3
2 8220
2 5126
2 5643
2 8527
2 5042
2 1123
1 1698
1 4328
2 3074
1 2574
2 3824
2 5137
2 9458
1 2407
2 8947
1 1523
1 1465
2 7652
2 148
2 9225
2 3040
1 5135
2 1843
1 8178
2 5479
1 3808
1 6161
2 1289
2 7895
2 5720
1 1569
2 5565
2 6518
2 52
2 4039
1 3156
2 2882
2 8953
2 2732
1 9008
1 5050
2 829
2 2741
2 1309
2 225
1 7164
1 8897
2 7374
2 9821
1 4131
2 9463
2 1917
2 8455
2 4729
2 8876
1 9980
1 2742
1 2357
2 3684
2 3319
2 600
2 6965
1 5263
1 2625
1 912
1 6944
2 4123
1 8345
1 4952
1 2495
1 3495
1 6919
1 8865
1 8824
2 9353
1 1240
1 6579
1 3221
2 7283
1 8850
1 363
2 8666
1 6951
1 8165
2 1087
1 9661
1 5865
1 8217
1 6141
2 6111
1 4085
1 3731
1 9619
2 2973
1 2366
1 102
1 5042
2 4178
1 9965
1 8456
1 2356
2 1809
2 8142
1 7825
2 7217
2 1457
1 8832
1 5338
2 7386
1 3243
2 5634
1 1359
2 3442
1 3840
2 5314
2 5755
1 8032
1 969
1 1150
2 6411
1 6794
1 9719
1 4263
2 4010
1 3690
2 3197
1 378
1 3386
1 837
2 8508
2 9731
1 2836
2 9007
2 1148
2 1644
1 7510
2 2449
1 2037
2 4102
1 3923
2 4495
2 2995
2 2345
2 8300
1 7054
1 4564
1 1237
2 389
2 459
2 6805
2 5203
2 3582
2 2141
1 2257
1 2262
1 4373
2 6924
1 3410
2 2609
2 4297
1 2789
2 6139
1 201
1 6221
2 1495
1 3213
2 7481
1 7003
2 18
2 3504
2 6223
2 2020
2 3909
1 5634
2 1259
1 3956
1 490
2 6941
1 690
2 7930
2 4585
2 6474
1 9288
2 7600
1 3766
2 3885
1 8320
1 8809
2 6902
1 2382
1 7558
1 4359
1 3005
1 1785
1 83
1 5108
2 9980
1 480
2 9449
2 2137
2 8962
1 4307
1 4084
2 6518
2 452
2 7007
2 6991
1 1277
2 6729
1 6433
2 5938
1 5443
1 3358
2 3999
1 3740
2 4344
1 8088
2 3070
2 6803
1 726
2 686
2 8920
2 7309
1 7226
1 2491
2 3647
2 9867
2 2392
1 2009
1 559
2 6174
2 8986
2 832
2 8022
1 4666
2 560
2 6645
2 5723
2 6990
1 36
1 2952
2 6736
1 4214
1 8400
1 8302
1 9436
2 3320
1 6258
1 4500
2 5819
1 5866
1 8340
2 7567
1 9295
2 4376
1 1919
2 4059
1 8458
2 6181
1 7833
1 6019
2 842
1 7266
1 2458
1 1282
1 446
1 3926
2 5629
1 9640
2 5646
2 2713
1 62
1 2208
1 2760
1 2572
1 2891
2 6903
1 7649
1 9175
1 5316
1 2751
2 4073
2 2140
1 7796
1 2226
1 6434
1 4363
2 6284
2 8296
1 639
2 8021
2 957
1 4844
2 555
2 1330
1 384
1 288
2 8700
2 8722
2 5635
2 5064
1 9226
2 4238
2 4532
2 5562
2 4033
1 4839
1 717
1 3420
2 5309
1 8679
2 6848
1 5619
2 4202
2 8115
2 8830
2 7947
1 5623
1 7630
1 5703
2 8945
2 7663
1 2334
1 191
2 5728
2 4572
2 3066
2 2924
1 1340
2 8541
1 4516
2 5537
2 1856
1 8726
1 479
1 6021
2 9984
1 7262
1 5289
2 4846
2 1789
2 2038
2 8323
1 1315
2 9240
2 7492
1 6823
2 2116
2 1617
1 4181
2 3229
1 5782
2 3957
1 4986
1 6687
1 6092
1 1366
2 274
1 8646
2 7073
2 6573
2 4688
2 8314
2 775
1 7649
2 7506
1 2581
1 9915
1 4002
1 7644
2 3166
1 2120
2 8104
2 2179
1 3763
2 7005
1 8960
1 7802
2 5219
1 8821
1 4385
1 5134
1 6183
2 7227
1 5925
2 6143
1 4868
2 8346
1 5093
1 6998
2 9445
1 5093
2 2818
1 4068
2 2698
2 6686
2 2419
1 5193
2 3341
2 401
2 207
2 9771
2 7960
1 3533
2 7090
1 8533
2 5742
1 2290
2 6431
2 4268
2 9140
2 4545
2 690
2 665
2 7008
1 8601
1 5310
1 4322
1 4073
1 1046
1 5796
2 4923
2 855
2 6812
2 6299
2 4830
2 6092
1 2629
2 5946
1 3348
1 8908
1 2952
1 6277
1 1298
2 859
2 542
2 3410
2 1954
1 8807
2 1057
2 6987
2 6555
1 2626
2 4401
1 3343
1 5787
2 9225
2 3053
2 815
2 3525
2 546
1 1424
2 9444
1 3259
2 7982
1 377
1 184
2 1359
1 3849
2 1262
1 3320
1 9788
2 9094
1 7724
2 1227
1 1942
2 999
2 2729
2 7904
1 4213
1 4680
2 9128
1 3771
2 7223
2 219
1 3279
1 4368
1 1485
2 3592
2 5456
1 6116
2 7032
2 30
2 214
2 19
2 2
1 7199
1 6017
2 145
2 5396
1 3006
1 7470
2 309
1 3022
1 6332
2 2831
2 886
1 1346
2 5291
2 2922
1 8961
1 1460
1 6402
2 469
2 5778
1 9072
2 6972
1 4812
2 6238
1 6670
2 8768
2 1196
2 8944
2 6417
2 4273
2 4026
1 2288
2 3144
1 6004
1 1276
1 511
1 9377
2 851
1 8390
2 5615
1 8543
2 3115
1 3490
1 708
1 2596
2 784
1 8105
1 3258
2 6808
1 6640
1 928
1 4545
2 3404
2 6511
2 2173
2 3597
1 6822
1 1944
1 9857
1 5002
1 5418
1 847
1 1452
2 3489
2 5751
2 1289
1 4041
2 3181
1 1261
2 363
1 8121
1 2365
1 9570
2 5607
1 2191
1 7319
2 4384
1 2849
2 6968
1 5092
2 6264
2 6868
1 1352
2 3925
1 4394
2 5299
2 2631
1 1927
2 990
2 799
2 8448
2 13
2 8166
2 2905
1 1372
1 2808
1 4476
1 1294
2 3555
2 9168
2 7779
2 2556
2 6343
2 7724
2 7278
1 2673
1 4468
1 4808
1 3521
2 6060
2 8931
2 922
2 13
1 7581
1 1284
2 5900
1 8541
2 877
1 7477
1 9758
1 4407
1 3069
2 8929
2 4467
1 3276
2 5363
1 7840
2 671
1 7081
2 62
2 8949
2 891
1 9715
1 6287
2 966
1 9246
2 6454
2 558
1 6826
2 7402
2 5162
2 4945
2 3282
2 5187
1 9041
1 4665
1 5451
1 8148
2 7354
1 8467
2 9324
2 2028
2 6593
1 7565
2 9957
1 7345
2 3898
2 5874
2 4933
1 8725
1 8813
1 7151
1 1713
1 3641
2 8739
2 1167
2 6373
1 9141
2 3330
2 5044
1 4343
1 196
2 9573
1 8225
1 6966
1 1232
1 512
1 7062
1 8910
1 1337
2 9098
2 6439
1 2397
2 9002
2 1477
1 9186
2 6839
2 9078
2 9768
2 6933
2 5976
2 2923
2 6283
1 1693
1 2997
1 6704
1 1905
1 6537
1 6419
2 1547
1 3064
1 7598
1 2112
1 8352
1 6743
2 4986
1 8977
1 2942
2 8085
2 391
2 1954
2 8598
2 7178
1 3778
2 422
1 3324
1 8664
2 6052
1 6551
2 8056
1 3028
2 2448
2 135
1 1380
2 6913
2 7571
1 8582
1 7404
1 280
1 7285
1 3467
2 3291
1 4500
1 6286
1 7626
2 6420
1 7146
1 9335
2 5592
2 921
1 4407
2 2796
1 5456
2 4624
2 721
1 3628
2 7454
1 7133
2 2463
1 7407
1 5002
1 3067
1 5840
2 5503
1 8362
1 7309
1 6804
2 1415
2 474
1 9474
2 1244
1 5010
1 8832
1 1550
2 4592
2 4799
2 4616
1 8141
1 3130
2 4958
2 2027
2 8689
1 5427
2 8
1 3190
2 2033
2 5703
1 3401
1 4768
1 1490
2 7008
2 6465
2 8058
1 4367
1 5829
2 7094
2 5654
1 9799
1 9223
1 510
2 3699
1 1125
1 7551
1 3767
2 5438
1 1823
2 1091
1 8706
1 2312
1 9000
1 6686
2 4722
1 1660
1 1760
1 6723
2 3841
2 8271
2 7833
2 125
2 7271
2 7918
1 6681
2 4480
1 3678
2 293
2 8593
1 4080
1 3482
2 3409
1 9824
2 7554
2 2906
2 2257
2 7375
2 7136
1 8565
2 3533
1 5957
2 1969
1 9209
1 1609
2 5320
2 207
2 373
2 9648
1 42
1 269
2 5158
2 4491
2 8260
1 2180
1 9827
1 8715
2 2344
2 4610
2 2072
1 2378
1 8990
2 8342
1 5168
1 2241
1 4633
2 8246
1 3631
2 8004
1 9784
1 8952
1 2060
1 1184
2 2597
1 9855
1 6928
2 5766
1 3290
1 3685
2 4580
2 4079
2 4019
2 1775
2 292
2 2566
2 3311
2 2468
1 3542
1 2519
2 7568
2 8014
2 3787
2 8202
2 2067
2 932
1 3126
1 1878
1 3698
2 2353
1 3852
2 1840
2 4696
2 3579
2 7218
2 2292
2 2776
2 7222
2 4856
1 9856
2 3268
2 1483
1 7022
1 4485
2 7847
1 7689
2 2518
1 4006
1 4812
1 1961
2 8640
2 6145
2 4820
2 1685
2 5750
2 8661
2 2415
2 6567
2 4457
1 2665
1 6215
2 4581
1 8630
1 4699
2 2571
2 6198
2 6199
1 8179
2 9443
2 3471
2 3627
1 7421
2 3424
1 618
2 6656
1 4726
1 8471
2 8976
2 7171
2 2517
2 672
1 4944
1 821
1 1656
2 1199
2 8338
1 9935
2 8
1 5767
2 1706
2 1374
1 2043
1 1160
2 2896
2 1308
2 923
2 5074
2 6296
1 3951
2 5288
1 2462
2 175
2 3591
2 6587
2 1873
2 7558
1 9574
1 5795
2 6966
1 1599
1 1526
1 5158
1 2618
1 7385
2 5365
2 2834
1 9670
2 8430
1 3822
2 6426
2 9068
2 2485
2 1641
1 5177
2 9620
2 7728
2 6265
2 3191
1 9821
2 162
2 3716
1 3269
2 7279
1 8229
2 3219
1 3386
2 2241
2 9010
1 7810
2 4958
2 2086
2 3109
1 8701
2 1393
2 5100
2 1580
1 342
2 237
1 9222
2 6654
1 3039
1 5966
1 6441
2 7072
2 9332
1 2456
2 1643
2 2199
2 8
1 2827
2 1932
2 1060
2 524
2 111
2 135
1 1399
2 1576
2 19
2 25
1 6915
1 1321
2 986
2 718
2 829
1 8644
1 3180
1 9365
1 5426
2 5459
1 6823
2 9576
2 4311
2 63
2 1017
1 5656
2 4306
1 6013
1 5649
1 9080
1 9849
2 5743
2 8903
1 765
1 7298
2 9768
1 446
2 7824
1 49
2 5901
2 2166
2 8054
1 576
1 9115
2 90
1 2747
1 3215
1 7736
2 427
1 8709
1 1975
2 111
2 6848
1 8701
1 1354
2 2207
2 1963
2 1482
1 2556
1 8523
1 485
1 9186
1 9689
1 5269
2 8951
1 4023
1 7429
2 5214
1 8017
2 453
1 5825
1 2141
1 6489
2 6152
2 5320
1 8346
1 9442
2 3869
2 3252
2 9900
2 1554
1 4470
2 8714
2 4943
2 4233
1 4648
1 6616
2 6299
2 9338
1 730
2 8627
1 5947
1 1696
1 1912
2 2001
1 9221
2 1490
2 6974
2 792
1 2976
1 4421
1 7662
1 4700
2 7843
1 5938
2 1996
1 4883
1 3833
1 3058
1 954
1 7000
2 1140
1 1354
1 2310
1 2907
1 29
2 9386
2 1436
2 411
1 5500
1 9545
1 9373
2 3765
1 7063
1 7740
1 2036
1 5682
2 5121
1 1685
2 9122
2 1753
2 10000
1 251
2 3939
2 4786
2 651
2 9692
1 5769
2 4863
1 4709
2 2573
1 4920
1 2032
2 11
1 2785
2 2094
2 3678
1 5698
2 7324
2 1146
1 3130
1 3881
1 2273
1 7022
2 5177
2 3535
2 8990
1 2093
1 5431
1 9076
1 3467
1 9184
2 3958
1 2688
1 1121
2 2702
2 1442
1 2174
1 2874
1 5739
2 2383
2 5246
2 4446
2 4309
1 2215
2 8657
1 2304
1 2223
2 8271
1 7770
1 8377
2 2401
1 2339
1 1240
1 7939
2 8997
1 2980
1 5157
1 3709
2 4817
1 5335
1 6064
1 6358
2 6357
2 6850
2 17
2 3047
1 1607
1 2648
1 7104
1 4411
1 162
2 9441
2 1325
2 3260
1 2448
1 7711
1 1259
2 2120
1 8871
2 8918
2 162
2 526
2 749
1 1738
1 9816
2 8537
2 3308
2 8564
2 969
1 4181
2 7052
1 9664
1 8348
2 643
1 9715
1 2009
2 4539
2 9971
2 9428
2 36
2 3279
2 8519
1 9079
1 6205
1 2556
1 1024
2 9028
1 3666
2 404
1 1643
2 5924
2 4614
2 2008
2 5791
1 3485
2 463
2 1228
1 5841
1 4841
1 8784
1 9205
2 2702
1 3050
1 7868
1 3312
2 9186
2 7828
2 7704
2 3170
2 9294
2 5888
2 6605
2 3686
2 5600
2 8972
2 3623
1 415
1 5117
2 3030
1 9873
1 9275
2 2362
2 9624
1 323
1 5424
2 8127
1 9740
1 2886
2 1600
2 9142
2 6528
2 5941
2 5835
1 481
1 7197
2 87
1 4452
2 4818
1 8974
1 7663
2 9568
1 3771
2 6979
1 2130
2 7519
1 3244
1 4897
2 9994
1 4456
2 1925
2 9934
1 8008
1 4439
2 8706
1 7847
2 7557
1 9226
2 6900
1 4402
2 7811
1 6622
1 6664
2 8207
1 2227
2 8912
2 6118
1 3641
1 7074
1 5491
2 649
2 6638
1 2682
1 9191
1 7386
1 4652
2 6815
1 2932
1 7523
2 8867
2 4182
1 7560
2 244
2 4356
2 3922
1 5009
1 8406
2 9598
2 1564
1 1381
2 1810
2 6292
2 7266
1 4126
1 528
1 4225
2 565
1 8344
2 5362
2 1818
1 5506
2 5735
1 868
2 1185
1 1823
2 6063
2 6023
1 1043
2 2575
2 1115
1 7865
2 7328
2 618
1 871
1 296
2 3655
2 6326
2 8692
1 3287
2 9541
1 3439
2 3709
2 433
2 1676
1 5478
1 2417
1 1721
2 1796
1 4399
1 4037
2 4429
2 8881
1 3877
2 846
1 7981
1 7696
1 4167
1 9076
2 1310
1 6097
1 4641
1 1388
2 6078
1 4054
2 6393
2 275
2 1732
2 7327
2 9121
1 701
1 8826
1 7866
2 1231
1 3734
2 1205
2 4164
2 6608
2 4004
2 6882
1 6696
2 2395
1 7386
2 6678
1 4167
1 3307
2 4017
1 4727
2 504
2 4545
1 6712
2 4302
2 6888
2 1366
1 9858
2 5161
1 9644
1 5171
2 5080
1 4953
2 9561
1 7660
2 8260
2 267
1 9381
1 1006
1 352
1 1384
2 7421
1 8173
2 8171
2 6235
2 4993
2 9655
2 4319
2 5290
1 4078
2 2231
1 8284
2 721
2 3824
2 2738
2 9813
2 4038
2 405
1 953
2 2548
1 5800
1 5897
2 9447
2 1162
1 7331
2 1545
1 3413
2 9149
2 9537
1 7229
2 5353
2 9287
2 659
1 1090
2 6247
2 2749
2 8774
1 4543
2 8425
1 148
1 9147
2 333
1 7900
2 4260
2 5468
1 9653
1 3255
1 2453
2 1591
2 634
2 4405
1 7025
1 8444
1 9452
1 7900
2 645
1 3239
1 7183
2 2771
2 7316
2 8330
2 5098
1 9499
1 6332
1 8382
1 6582
1 7815
2 7738
2 5192
2 2430
2 5268
1 7590
1 5049
1 1051
2 5736
1 356
1 6506
2 1275
1 8218
2 4124
1 6114
2 2263
1 2690
2 3200
1 6672
1 4034
2 4910
1 6164
2 4767
1 4970
2 3356
2 8933
1 5885
2 2777
2 7533
1 3658
2 7004
2 1911
2 2318
2 5233
2 1035
2 5631
1 2905
1 61
2 27
2 5721
2 4715
2 487
2 1691
2 5881
2 3756
2 2608
1 5246
2 7140
2 22
1 5225
2 9144
1 2928
2 4156
2 3702
1 7338
1 4663
1 3055
1 1132
1 255
1 1047
2 8617
1 619
2 7209
2 83
2 586
2 1680
2 1506
2 1778
2 4689
2 8587
1 4374
1 534
1 7645
2 9473
2 1228
1 5170
1 6663
1 1206
1 5345
1 5520
1 6842
1 9841
2 301
2 3654
2 1805
2 9551
2 6475
2 6405
1 697
2 5929
1 6937
2 418
1 9364
2 8328
1 563
2 7152
2 7661
2 6849
2 275
2 89
1 1792
1 2411
2 3635
2 370
2 270
1 2758
1 2046
2 5044
1 6178
2 560
2 2875
2 2379
2 136
2 66
2 101
1 1543
1 5933
2 3928
1 9762
2 7583
1 5889
2 8752
1 3309
1 7152
1 1543
1 3222
1 760
1 7876
1 9582
1 9445
2 8017
1 6333
1 8947
1 1805
2 390
2 9671
2 4942
2 2116
1 947
1 5478
1 8738
1 7051
2 9205
1 4801
1 2957
1 7965
2 8776
2 5365
1 7506
1 7626
1 8251
2 6601
1 463
1 5272
2 4972
2 5953
1 4984
2 8786
1 8372
1 4862
1 667
1 1596
2 4536
2 5534
2 3554
1 9583
1 3739
2 855
2 53
2 5344
1 5036
1 7246
1 7199
1 7635
2 4758
2 2522
1 7567
1 113
1 5385
2 3709
2 6589
1 5718
1 8927
1 8129
1 3453
2 1452
1 3985
1 9431
1 9779
1 8733
1 1646
2 2763
1 4815
1 5268
1 3595
1 9932
1 2907
2 503
1 5883
2 1440
2 2819
2 7434
2 9939
2 3866
2 730
2 6980
2 9383
2 2897
2 8883
2 67
1 3958
1 9835
1 564
1 8247
1 8230
2 9413
1 3958
2 7090
2 8784
2 9579
2 5376
1 8103
1 1777
2 217
1 1505
1 3652
1 263
1 6006
2 4503
1 7719
2 1391
1 820
2 9011
2 5797
2 3616
1 9370
2 9434
1 8028
2 4768
2 8095
2 4489
2 5814
2 7664
1 5558
1 4681
1 8831
1 8805
1 7225
1 3305
1 2663
2 3469
2 9894
2 7200
2 6371
1 7908
2 5495
1 8088
1 7406
2 6283
1 5361
1 1684
2 8268
2 4767
2 8358
1 8435
1 1115
1 9370
1 785
1 1757
1 3842
1 5168
1 3477
1 542
1 1859
1 8400
2 145
1 3536
2 5923
2 8571
2 8203
1 982
2 5520
2 1535
1 4603
2 207
1 7082
1 7592
1 737
1 3239
2 491
1 7631
2 5264
2 544
2 1991
2 1561
2 5582
1 6780
2 1802
1 8319
1 2327
1 8212
2 8493
1 7356
2 6096
2 7368
2 4960
1 7862
1 8889
1 3546
2 5094
2 7687
1 9625
2 1129
1 4010
2 3043
2 4944
1 364
2 2307
1 9960
1 9737
2 8677
1 9756
1 441
2 8708
1 5065
1 6331
1 8001
1 4018
1 2966
2 9186
2 3044
1 8740
2 3753
2 3773
2 1554
1 5684
2 9343
1 4084
1 6245
2 6838
1 5836
1 2429
1 7353
2 6232
2 88
1 1695
1 1152
1 5795
2 6013
2 187
2 591
2 2267
1 6660
2 9519
1 9701
2 4215
1 6311
2 1176
2 7584
2 4129
2 611
2 4274
2 4687
1 4632
2 8983
2 9512
1 9690
1 8574
2 7391
2 5478
2 6110
1 9249
2 1224
1 6235
1 8398
2 9558
1 1366
2 399
1 5622
1 4913
2 2128
1 306
1 5396
2 7833
2 9951
2 8371
2 9432
2 2377
2 4305
1 8729
2 7328
2 12
2 2425
2 8446
2 1751
2 7293
2 7090
1 6643
1 5432
1 9143
1 4746
2 9147
1 6783
1 2796
1 8938
1 9930
2 7232
1 6422
2 8124
2 5928
2 5235
2 9312
1 1810
1 6272
2 833
1 373
1 6280
1 6069
2 8280
1 7776
1 2306
1 5189
2 2757
1 305
1 3637
2 1316
2 4302
1 5579
2 5158
1 6817
2 2624
1 3900
1 6893
1 7501
2 1066
2 7702
2 5998
1 8476
1 6785
1 9312
2 3225
2 6149
2 7137
2 5152
1 9890
2 7015
2 5121
1 4667
1 1455
1 1922
2 4771
2 5841
2 6306
1 8608
2 387
2 5553
1 45
2 6456
2 8480
2 5854
2 71
2 5863
2 2348
2 7300
2 9862
2 1810
2 493
2 1461
2 3625
1 3806
2 4690
2 3255
2 7886
1 5404
1 9706
1 9488
1 9568
1 1420
1 9922
2 4204
2 7828
2 3926
2 3327
1 816
1 2096
1 2674
1 645
1 8599
2 2081
2 7419
2 8683
2 1193
1 9271
1 3684
1 7182
1 6953
1 562
2 7524
2 6444
2 4298
1 2367
2 6209
2 8950
1 8534
2 6559
2 9308
1 5390
2 8863
2 1555
2 1818
1 1370
2 6714
1 6952
2 6940
1 2762
2 9240
1 1776
2 989
2 5199
2 5514
1 113
1 2060
2 176
1 2151
2 1487
2 4662
2 9638
2 267
1 3217
1 2120
1 7435
2 9515
1 359
2 5496
2 5736
2 190
1 8624
2 5752
2 2768
1 2771
1 1494
1 7542
2 4478
1 1321
2 2271
2 6702
1 5112
2 3965
1 8324
1 3271
2 3506
2 9369
2 2665
1 1400
2 5789
1 7615
1 6821
2 6362
1 3852
2 4684
1 4675
2 2092
1 6764
2 984
2 8123
1 9714
1 3296
2 166
2 9196
1 7829
1 8921
2 6988
1 7554
1 9843
2 4909
1 3401
1 1521
1 9804
2 2852
2 4355
2 9765
2 8277
1 6560
1 3283
2 36
1 7837
2 5977
1 3067
1 9823
2 6126
2 9436
2 4797
1 6975
2 8756
1 8729
2 3143
2 7936
2 583
1 3965
2 7171
2 6014
2 4092
2 4380
2 5273
1 1345
1 7768
2 6240
2 4707
1 1108
2 2338
2 6774
2 5571
1 8623
2 9048
1 7769
1 6945
1 415
1 612
2 95
1 9159
2 4651
2 4816
1 6437
2 9780
2 6998
2 6391
1 673
2 4460
2 8235
2 9420
2 9931
1 4415
1 895
1 4646
2 6555
2 6932
2 4509
2 693
2 686
1 7970
2 1495
2 3790
2 3737
1 3136
1 1333
1 395
2 4811
2 100
2 17
1 553
1 4357
2 1495
1 4869
2 68
1 8478
2 976
1 2464
1 6375
1 9161
1 2865
2 6526
2 8340
1 5008
2 3443
2 6993
1 2595
1 997
1 8266
2 234
1 2746
2 1376
2 3978
1 2156
2 6457
2 9069
2 1246
1 9831
1 1005
1 7336
1 4434
2 2035
2 7385
1 9253
2 5979
1 9779
2 1198
2 4516
2 3639
1 7346
2 9273
2 6374
2 1791
1 3467
2 1484
2 1213
1 7680
1 8195
2 9761
2 8844
1 7465
2 4298
1 7630
2 8289
2 3068
2 9063
2 3709
2 114
1 8259
2 1355
1 8051
2 8661
1 6450
2 2144
2 2379
1 7082
2 6427
2 8578
2 2436
1 7063
1 5061
1 3229
2 8337
1 3577
2 1494
2 7665
1 9151
2 3035
1 8310
1 1343
1 2503
2 3125
1 9591
2 1861
1 4769
1 9533
1 6313
2 8390
1 585
1 3813
1 4994
2 2228
1 4312
2 98
2 4993
1 109
2 1601
1 832
2 7492
1 3398
2 9542
1 5636
1 7414
2 963
1 9002
1 9383
1 5092
2 224
1 8133
1 5577
2 3060
2 1049
1 9470
1 9655
1 4491
2 5115
2 6595
2 3366
1 1294
2 6237
1 5809
2 106
2 5472
2 1143
2 5959
2 3986
1 8227
2 4649
1 9922
2 8840
1 3660
2 6965
1 3886
1 813
2 7969
1 3233
2 5445
2 6727
2 5871
2 2586
2 3997
2 4033
2 655
2 5475
2 617
2 7744
1 9399
1 3872
1 8523
2 6018
1 4809
1 3522
2 1155
1 7603
2 2931
2 3742
1 7256
1 4505
2 7885
1 7911
2 6149
2 7863
1 9280
2 4437
2 560
2 150
1 4734
2 340
2 3668
1 9566
1 2426
1 7272
1 7897
1 4545
2 1684
2 5939
2 4482
1 1878
1 449
1 6717
2 950
1 6254
1 3505
2 9149
1 2266
2 4248
1 2239
1 2427
1 2865
2 9910
2 7242
1 1259
2 4993
1 6145
2 245
2 1866
2 4236
2 8946
2 9317
2 1836
1 1412
2 6524
1 1048
2 8968
2 6527
2 9428
1 523
1 7322
1 5604
1 7530
1 533
1 1992
2 8274
1 6662
1 4579
2 2290
1 2661
1 1903
1 3163
1 2405
2 3495
2 9301
1 2538
1 1304
1 8723
1 6743
1 4151
1 726
1 4482
1 2847
2 950
1 3595
1 6188
1 7442
2 296
2 2876
2 9073
2 2069
2 6100
1 3763
1 4836
1 327
1 9055
2 897
1 1753
1 2431
1 6421
2 8806
2 6389
1 9270
1 705
1 2575
1 101
2 9514
2 1960
1 864
1 899
1 3305
1 9412
2 7374
1 1029
2 4093
2 858
1 7649
1 3117
1 2398
2 123
2 5584
2 5006
2 7695
2 8384
2 3665
2 1057
1 6455
1 9383
2 4182
2 1004
2 3456
2 7718
1 1879
1 8148
2 6387
1 1305
1 4211
1 6391
2 6243
1 9999
1 4990
2 7464
2 6682
1 2292
2 129
2 3479
2 425
1 3651
1 7323
1 3806
1 3483
1 1109
2 8961
1 8551
2 28
2 6245
1 7348
1 1210
1 2753
2 1544
1 4861
1 8121
2 7581
1 5349
2 3006
2 8005
1 2784
2 8944
2 225
2 1815
1 4001
1 1650
2 1752
2 1425
1 5341
2 5830
1 9231
2 8868
1 4260
1 4909
2 6877
2 8485
1 2908
2 9500
2 5539
1 2093
2 6273
2 2773
2 7891
1 1879
2 3339
2 6239
1 5234
1 8663
1 7366
2 6944
2 3970
2 8798
1 1846
1 2100
2 831
2 3102
2 9762
2 5706
2 9333
2 958
1 6326
2 5483
1 8908
2 2357
2 8666
1 37
2 4451
1 3695
2 7872
2 5355
2 3319
2 1085
1 3502
2 153
2 3811
1 3591
1 2408
1 7684
2 7618
2 610
2 4971
2 256
1 2047
2 564
2 208
2 705
2 504
2 1122
1 146
1 6124
2 5260
2 116
2 384
2 38
2 782
2 15
1 9935
2 1505
2 8219
2 260
1 3795
2 2777
1 135
1 114
2 1174
1 1285
2 583
1 1165
2 1658
2 95
2 271
2 1
1 7572
1 6477
2 6863
2 4398
1 7069
1 2331
2 1539
2 8087
1 4408
2 2267
2 673
1 6028
1 4119
1 3680
2 3329
2 4875
2 6879
2 2620
2 190
1 7704
1 9148
2 3764
1 2328
2 3707
2 8094
2 377
1 1412
2 592
2 921
1 5417
1 5891
1 9691
2 2628
1 5323
1 6974
2 3863
2 8153
2 9415
2 6508
2 3086
1 8791
1 5992
2 1222
1 3185
1 5897
1 8580
2 6209
2 2674
2 2383
2 2727
1 1614
2 9516
2 9932
2 1132
1 9662
2 9287
2 1165
1 63
2 52
1 8067
1 379
2 5879
2 638
1 5679
1 4924
2 8098
2 4056
1 4892
1 5239
2 6770
1 7089
2 9035
1 244
1 7436
2 7757
1 4540
1 9965
2 3914
2 9853
2 224
1 9534
2 3264
2 612
1 7376
2 6322
2 578
2 5980
1 5073
2 3984
1 2561
1 5569
2 2904
1 1247
2 2970
2 2337
2 617
1 6105
2 6395
1 8547
1 7677
2 1053
1 6260
2 8928
2 5099
2 4202
1 699
1 3259
2 9458
2 72
1 4803
2 2354
2 3344
2 494
2 194
1 5963
1 5841
2 6879
2 3729
2 1166
1 5404
1 2145
2 954
2 1833
2 2290
1 2189
2 2303
1 3329
2 110
1 9585
2 9629
2 5482
2 21
1 2173
2 175
1 6458
1 7
1 1250
1 9513
1 2725
2 5333
1 5498
2 5518
1 2211
1 5357
2 9800
2 8434
2 4289
2 271
2 382
2 67
2 954
1 2893
2 190
1 9018
2 886
1 1231
1 6367
2 1276
2 8464
1 5814
1 8815
2 9126
2 1630
2 7785
2 2977
1 4545
1 5297
2 2645
2 8001
1 1335
1 3162
1 192
1 5659
1 8358
2 8268
1 6421
1 7530
1 8996
1 2213
2 8624
1 331
1 4305
2 7752
2 1913
2 3879
1 2933
2 3646
2 7840
1 9175
1 6807
2 1217
2 9440
2 6501
2 2765
1 5139
2 5889
1 996
1 7893
1 3524
2 1568
1 9586
2 7852
1 4697
2 8124
1 8414
1 9527
2 4421
1 357
1 5541
2 6851
2 6133
1 9983
1 3719
2 8140
2 8335
1 8978
2 2208
2 9801
2 1729
1 3019
2 5492
1 3809
1 3363
2 1207
1 2393
2 3378
2 3567
1 1158
1 4263
1 1262
2 2211
2 3527
1 1969
1 8812
2 4059
2 1327
2 6763
2 9510
1 5119
1 2829
1 2828
2 5645
2 2679
2 3947
2 1088
1 2496
2 2
1 3624
2 4155
2 964
1 4748
1 6537
2 6517
1 1000
2 2616
2 3635
2 795
2 32
2 22
1 7052
2 6573
2 442
1 5443
1 3637
1 8470
1 7894
2 7400
1 3007
2 6694
2 7229
1 8130
2 6295
1 6187
2 2810
2 4706
2 4459
1 589
1 1005
1 2394
1 4737
2 7655
1 4092
2 7521
2 400
1 3532
2 2950
1 9164
1 700
2 9339
1 1499
1 7690
1 5586
2 4778
2 1208
2 605
1 9444
1 9737
1 8590
1 9732
1 3359
1 3002
2 6259
2 140
2 9189
2 1651
1 8360
2 5305
2 9964
2 8196
1 8710
1 9691
2 2513
2 4176
2 8844
1 1877
1 5092
1 556
2 8970
2 6674
1 1461
1 3537
1 6216
2 1388
1 2980
2 8195
2 3732
2 2067
1 579
2 4228
2 6958
1 4179
1 844
1 6376
1 3758
2 9882
2 6612
2 2020
2 408
1 350
2 643
1 7566
2 3512
2 3893
2 311
1 9855
2 9772
1 8709
1 6074
2 8657
1 6182
1 6060
1 4430
1 7395
2 3234
1 7941
2 415
1 764
2 3998
2 7128
2 789
1 8175
1 4030
1 3045
1 1958
1 5121
1 3504
1 2168
2 6758
1 8765
2 2258
1 1824
2 3171
1 2733
1 9386
2 3776
1 1556
1 7493
2 6636
2 7120
2 3934
2 8771
2 595
2 3488
2 4685
2 1109
2 6915
1 1022
2 2205
1 5250
2 5627
2 3011
2 4727
2 2768
2 7054
1 1404
1 9365
1 5347
1 7943
1 9890
2 2257
1 2727
2 4434
2 4744
1 4594
2 5247
1 9332
2 4312
1 6612
1 3449
1 9290
2 638
1 1233
2 3734
1 5627
2 6757
2 222
1 4793
1 8192
1 7184
1 3358
2 1746
2 3464
2 5018
2 9867
2 4188
1 227
1 3688
1 3074
2 1843
2 8538
2 793
2 1607
2 73
2 5526
1 903
1 6896
2 8686
2 6075
1 5916
2 9825
1 5990
2 5403
2 3288
2 7053
1 1470
1 3714
2 4451
2 5818
2 440
1 7977
1 2950
2 933
1 7222
2 3751
2 7086
1 4727
1 3672
1 3718
2 4881
2 2622
2 7879
1 2787
1 8618
2 9693
1 3845
2 10
2 2422
2 1344
1 7717
2 3166
1 4098
2 3741
2 8277
1 1246
1 5290
2 1090
1 3022
2 7110
1 7887
1 3100
1 7244
1 3391
2 9261
1 912
2 4339
2 6813
2 657
2 5880
2 85
1 4776
2 4197
2 1677
1 9642
2 8912
2 2516
1 4947
2 6642
1 1037
1 3206
2 6860
2 353
1 3317
2 2489
2 228
1 9907
2 430
1 7446
1 9563
1 7651
1 573
1 2911
1 10000
2 6582
2 2528
1 3255
1 5687
1 5277
1 7094
2 9139
1 7964
2 6534
1 7878
2 8011
2 1706
2 9643
1 5122
2 54
2 691
1 262
1 4069
1 512
2 9649
1 7336
1 8204
1 3448
2 7769
1 1183
1 8271
2 864
1 2060
1 3936
1 3219
1 7015
2 7430
1 4986
1 4148
1 2947
1 526
2 1042
1 7205
2 6776
1 8404
1 9648
2 6436
2 997
1 5035
1 9954
1 1456
1 3204
1 8644
1 6874
2 3903
2 2284
2 2943
2 6501
2 2958
1 9053
2 282
1 5647
1 9091
2 5119
1 7069
2 8173
1 9223
2 2951
2 2306
2 5401
1 2501
2 7506
1 8993
1 8745
1 7012
1 4322
2 7707
2 1489
1 61
2 6230
2 1145
2 2594
1 1454
2 1378
1 1469
1 2345
1 9654
1 20
2 7350
2 6170
2 9530
1 8120
2 6052
1 2719
1 2485
1 8344
2 6126
2 3457
1 4666
2 8063
2 5482
2 7335
2 8069
1 6786
1 5961
1 8909
2 6894
1 8366
2 3240
1 7026
2 6000
1 8080
2 2545
1 4238
1 9021
2 2283
2 3945
2 2409
1 9812
1 4182
2 4458
1 2544
1 5460
2 2104
1 8224
1 985
1 9007
1 1974
2 3820
1 3269
1 3305
1 2584
1 9988
1 4395
1 2793
1 9389
2 5440
2 7964
2 3967
2 2358
2 7480
2 9450
1 2051
2 629
1 8356
1 5450
1 2620
2 4506
2 9578
1 564
1 9685
1 2615
1 7866
2 9684
1 5868
1 9422
1 4759
2 9462
1 2466
1 9464
2 3049
2 1614
1 2818
1 7799
2 3942
1 8213
2 2315
1 5050
1 4611
1 3258
2 1464
2 2538
1 7381
2 1271
2 9955
1 760
1 2805
1 9396
2 7501
2 8390
2 3498
1 7284
1 5179
1 6554
1 7615
2 2230
2 144
1 1023
2 5211
2 5557
2 7913
2 9925
2 7491
2 99
1 3754
2 6914
2 9641
1 3027
2 9868
2 8914
1 3513
1 3912
2 4541
1 5834
1 3570
1 8765
1 1473
2 5109
1 7638
1 6311
1 7721
1 6351
1 4350
2 8986
2 2698
2 4611
2 4213
2 7451
2 1721
1 9327
2 832
1 1977
2 2955
1 7599
1 9647
1 4661
2 6246
2 4189
1 3537
2 7972
2 2068
2 1502
2 3381
2 6318
1 548
2 3455
1 6336
1 8303
1 4547
1 3494
2 725
1 39
2 6207
1 6984
1 747
2 1949
2 9931
2 6439
1 3166
1 9958
1 1957
2 3436
2 6490
2 5127
2 9792
2 889
1 186
2 6328
1 9694
1 3961
2 6326
2 8178
2 4908
2 1196
2 7912
2 8107
2 2889
1 4832
2 876
2 3617
2 3869
2 6440
1 669
1 8171
1 3381
1 8390
1 2654
2 1377
1 6479
2 946
2 8987
2 224
1 70
2 3645
1 3357
2 1064
1 7166
1 7513
1 7256
2 7305
1 3935
2 9799
1 5805
1 9902
1 8001
1 9618
2 2213
2 1968
2 7215
2 9798
2 4071
2 7427
2 4818
1 2765
1 2860
2 7388
1 1010
1 2560
1 2242
1 1672
2 5928
2 447
2 3437
2 7292
1 6698
1 1772
1 3446
1 7916
1 6221
1 7196
1 9373
2 6155
2 528
1 5532
2 3253
2 4971
1 6268
2 9128
2 5535
2 9180
2 2117
2 4657
1 1077
1 444
2 1912
2 7073
1 3061
2 2051
1 7856
1 8964
1 8592
1 1386
1 5366
2 8000
1 2401
2 6493
1 1932
1 5386
1 8818
2 2575
2 6303
1 3018
1 8106
2 3876
2 4813
1 5581
1 6716
2 4264
1 5471
2 4701
2 5911
1 7809
2 1101
1 605
1 2440
2 182
1 5633
1 9902
1 9892
2 6232
1 4497
2 6399
2 1973
1 4923
2 6765
2 3333
2 7855
1 1326
2 7958
1 3813
1 443
1 9904
2 4033
1 2962
1 8279
2 392
2 7299
1 1766
1 226
2 9002
2 549
2 8705
1 7122
2 4703
1 9052
1 4788
1 4044
2 8082
2 2817
1 2178
1 1034
1 4559
2 6836
1 1205
1 2943
1 3485
2 8572
2 2624
1 9195
1 4269
1 7180
2 5976
2 3758
2 1169
2 334
1 6369
2 2663
1 64
1 8966
2 1085
2 3066
1 4374
1 7633
2 6865
2 4566
1 4330
2 8024
1 2339
2 4568
2 121
2 4051
2 7319
2 3249
2 8077
1 8618
1 5507
1 4631
1 3584
1 8407
1 2040
2 6094
1 5727
2 9102
2 882
2 8885
1 1923
2 7741
1 183
2 93
1 1594
1 5025
1 7886
1 8279
1 2522
1 2338
2 7441
2 2308
1 3887
1 5819
2 563
2 3783
1 3530
1 1226
1 1166
1 3503
1 2740
2 7429
1 9237
1 9846
1 4395
1 6665
2 5952
2 3673
1 7882
2 6139
1 6539
1 4818
2 2099
1 88
2 2907
2 8334
2 5265
1 3395
2 7683
2 269
1 3178
2 9021
2 4099
2 7247
2 5155
1 9945
1 4622
1 5753
1 8457
2 1276
2 1335
1 587
1 9754
1 8889
2 4425
2 3056
1 4093
1 3342
1 2634
2 7442
1 2561
2 1298
1 5023
2 3252
2 852
2 829
1 3598
1 392
2 4028
1 6641
2 5341
2 6491
1 5412
2 4395
2 6930
2 6554
2 7713
1 6751
1 2482
2 4080
1 5165
1 9872
2 5416
1 9567
1 694
2 8831
2 2354
2 178
2 8095
1 6150
2 6465
2 2300
2 5671
1 4800
1 2581
2 3303
2 1728
2 9766
2 5614
1 8650
1 2835
2 3746
2 5082
1 4683
2 2394
1 2197
1 7002
2 2632
2 2200
2 2996
1 3752
2 7853
2 6208
1 5143
2 7658
2 5047
1 5727
1 9931
1 9894
1 8022
1 8041
2 804
2 5755
1 9160
2 3204
1 3719
2 9638
2 8795
1 8570
1 2569
2 9926
1 3013
1 520
2 2491
2 5865
1 2572
2 4646
2 7775
2 6876
1 387
1 2310
1 8522
1 7123
1 3741
2 1190
2 1059
1 8822
1 412
2 7479
1 92
1 5596
2 8498
1 5063
2 9303
1 1399
2 2536
1 8801
2 9858
2 6985
2 1993
1 5331
2 1605
2 876
2 3039
2 3473
1 8187
1 6628
2 7345
1 926
1 282
2 1602
2 7381
2 8628
1 3293
1 7758
2 8104
2 3213
1 8438
2 1305
1 2177
1 2757
1 9091
1 2393
2 1779
2 8747
1 3362
2 5516
2 9121
2 6460
2 2870
2 852
1 7924
2 8339
1 4935
2 1559
1 8392
2 5058
1 3387
2 956
1 2458
1 5885
1 368
2 2678
2 1533
1 3149
2 957
1 7824
1 1588
2 248
2 5199
2 4863
2 8518
1 7531
1 7531
1 6906
2 484
1 6121
2 926
1 3091
2 3267
1 9310
2 3810
2 7693
2 1259
1 3202
1 2843
2 7502
1 2169
1 4019
2 651
1 1695
1 7233
1 7230
2 8059
2 8438
1 8669
1 6874
1 1343
1 2060
1 8326
1 1126
2 7936
2 2652
2 4741
1 7696
2 9192
1 3884
1 9156
2 1198
1 315
2 7470
2 4018
2 5395
2 240
1 5812
2 427
1 8473
1 6547
1 2241
2 833
1 4588
1 5069
2 9820
2 6985
2 5687
1 541
2 8216
2 4353
1 4422
1 1877
1 4269
1 330
1 5198
2 5744
1 7137
2 4348
1 4611
2 3480
2 6936
2 2419
1 5898
2 6327
2 2092
1 792
1 7399
2 9285
1 9445
1 6621
1 2132
2 9406
1 5757
1 405
1 7885
1 9258
1 2819
2 4912
2 182
2 3369
2 1673
1 964
2 4615
2 2549
2 7203
1 6208
2 104
2 9916
1 5868
1 445
2 7082
2 7805
1 7706
2 7361
2 5924
1 5573
1 638
2 2177
2 9440
2 7834
1 6895
2 8879
1 804
1 6993
2 589
1 1202
2 9658
1 1474
2 1326
2 5092
1 3916
1 8356
1 6652
1 5798
2 9970
2 1188
2 7164
2 7798
2 7353
2 3035
2 6036
1 9011
2 1263
1 9179
1 8734
1 5457
1 29
1 2404
2 3777
1 5404
2 6468
2 2761
2 3623
1 1225
2 4152
2 3424
2 9261
2 715
2 7973
2 37
2 7381
1 6504
2 2069
2 2288
1 9367
2 8561
1 857
1 3948
1 9753
1 132
1 9458
1 8426
2 7348
2 4939
2 7121
1 8354
1 4244
1 9283
2 5885
2 919
2 1035
2 4283
1 3849
1 6719
1 5503
1 5036
1 6168
1 8831
1 5092
1 9544
2 6932
1 5096
2 2544
2 8224
1 8800
2 6548
2 8714
2 290
1 8963
2 2626
1 3407
2 5182
1 7351
2 9259
2 7742
1 968
2 6754
1 3697
1 7918
2 5515
1 3567
2 7267
2 493
2 8627
1 1352
2 7689
1 204
1 2793
1 4097
1 582
1 1155
1 7382
1 770
2 2291
2 3935
2 2712
1 7301
1 8425
1 2322
2 3209
2 7573
2 7187
1 861
2 4154
2 4246
2 193
2 2289
1 8836
2 6639
1 6381
2 3664
2 1474
2 6940
1 2505
1 1310
2 1301
2 7291
1 9106
1 9947
2 8509
2 9602
2 2146
2 3231
2 4039
1 3782
1 2062
2 4156
1 2513
2 1420
1 4834
2 9079
1 2609
2 5615
1 4773
1 2633
1 1188
2 7155
2 9132
1 1730
1 8802
1 7782
2 907
1 8188
2 493
1 1086
1 7356
2 5413
2 8156
1 805
1 1022
2 9961
1 9729
2 9698
2 5960
2 9696
1 4663
2 2677
1 2638
1 209
1 8472
2 3659
1 1814
2 6075
1 9636
1 9179
1 5142
2 1526
2 2600
1 8324
1 6713
2 4585
1 3182
1 3817
1 1532
2 1871
1 4323
2 6161
2 2114
1 6744
2 7726
2 6454
1 3697
2 518
2 4979
2 5293
2 5717
1 6674
1 8707
2 923
2 2065
1 2873
1 7834
1 2925
1 9578
1 7124
1 2428
2 2325
2 1849
1 8321
1 7580
1 8373
2 787
2 1510
1 50
1 5691
2 5552
1 1670
2 5441
1 5406
2 7968
2 3197
2 2226
1 6937
2 8985
2 4465
1 4168
1 2685
1 5158
1 4591
2 7031
1 226
1 3394
1 7788
1 7550
1 7504
1 6581
2 1424
1 8611
1 8076
2 8867
2 5224
1 1391
1 6403
1 2937
2 4434
1 5770
2 8767
1 4668
2 8392
1 5539
1 3234
2 1138
1 6857
1 5827
1 363
2 4585
1 3999
1 5290
2 1236
1 7904
2 3666
2 9186
1 3524
2 2968
2 3213
1 6519
1 5833
2 525
1 401
2 5961
1 9171
1 8974
1 5077
1 6003
1 6702
2 7839
2 1709
1 5756
2 3318
1 4785
2 2477
1 9426
2 8687
2 6321
1 8117
1 7084
1 7877
1 788
1 9966
2 2648
2 610
1 346
1 6628
2 6835
1 1841
2 3416
2 453
2 6841
2 1235
2 6596
1 6541
1 206
2 3261
2 2349
1 3733
2 3566
1 5998
2 6780
2 5008
1 5543
1 4975
2 7385
1 8305
2 6784
2 6901
1 7580
1 6556
1 1140
1 2884
1 8220
1 6362
2 7801
2 6132
1 6966
2 1007
2 7321
1 2303
2 3935
1 9546
2 646
2 2852
2 2297
1 3992
2 6385
1 1283
2 9701
2 8025
2 8706
2 4908
1 5608
2 1605
1 4733
1 9203
2 9532
2 4659
2 727
1 2882
1 7393
1 6026
2 4352
1 9971
1 3886
2 6715
1 6996
2 4528
1 4287
2 1780
2 4100
1 559
1 8412
2 8087
2 912
2 2748
2 2956
1 7890
2 9320
1 6186
1 1699
1 7111
1 9267
2 339
1 5768
1 7310
2 5231
2 7232
1 3186
1 679
2 4459
2 7381
1 6866
2 4713
2 9778
1 455
2 8310
1 4641
1 1784
2 4371
2 8097
2 7877
2 6245
2 2327
1 4635
1 126
1 5307
1 1066
1 9164
1 1230
1 2320
2 7413
2 2318
2 750
1 9838
1 7679
1 7837
2 3309
1 7508
1 7508
1 7416
2 1439
1 9304
1 5992
2 678
1 3357
1 2361
1 1904
2 855
2 2965
1 8623
1 2934
2 5965
1 3219
1 3455
2 2317
1 6030
1 2500
2 9894
1 6846
2 3954
1 7648
1 9393
1 136
1 7933
1 8112
2 2034
2 8600
1 12
2 5591
2 6386
1 9767
2 502
1 5736
1 2366
2 9685
2 4998
2 9894
2 1608
1 7227
2 1906
2 3882
1 131
2 1043
1 157
2 8918
1 6391
2 6496
1 5479
2 5343
1 534
1 6300
1 555
2 9679
1 9162
2 3764
1 6153
2 216
1 1864
1 1610
1 9130
1 2898
1 1796
2 3258
2 2643
2 2549
1 9821
2 6945
2 3666
1 3934
1 750
1 4964
2 5431
2 3058
1 366
1 8973
2 8092
2 8198
1 7835
2 3787
2 3860
1 7912
1 6249
2 3299
1 87
2 6382
1 7933
1 8673
1 2874
2 1974
1 1946
1 7798
1 1456
2 6688
2 6063
2 8884
2 8565
2 3438
1 8482
1 2396
2 9512
2 9134
2 4462
2 9828
2 4273
2 1494
2 6915
2 3578
1 2853
2 9664
1 9332
2 5555
1 4822
1 4805
2 7632
2 3664
1 6402
1 6912
1 183
1 6266
2 9130
2 6757
2 8048
1 2263
2 4013
2 3243
1 3485
2 9167
1 5975
1 1285
2 7148
2 1080
2 7768
2 4092
1 3280
2 7943
1 3148
2 1960
1 9818
2 99
2 5232
2 1075
1 13
2 564
1 2418
2 9907
1 4461
2 2353
2 3634
2 7485
1 1868
1 9065
2 8860
1 3518
2 7471
1 2355
2 9245
2 6524
1 2118
1 386
1 7293
2 7111
2 6838
1 1789
2 6487
2 8481
2 2154
1 1691
1 433
1 9379
2 5074
1 8181
2 6041
1 6382
2 835
2 7422
1 4219
1 2978
1 4200
1 360
1 7716
1 6436
2 2610
2 4233
2 8642
1 4214
2 9410
2 2466
1 5238
1 8934
2 2708
1 4650
2 1489
2 3151
2 9665
2 8345
1 7836
2 1375
1 1399
2 9427
1 4138
2 934
2 1307
1 5555
2 8485
2 671
2 3350
1 9261
1 1193
1 7546
2 4801
2 4463
1 3335
1 2384
2 6147
1 4352
1 3480
2 8719
2 1849
2 4327
2 6036
2 4493
2 8848
2 3988
1 8642
1 8542
2 9261
1 8063
2 2404
2 5644
1 1258
1 7544
1 9931
1 6965
1 7144
1 2642
2 6272
1 6425
1 1250
1 9670
1 1832
2 9860
2 2246
2 9529
1 6602
2 248
1 7068
1 7055
2 8534
2 7161
1 6900
2 3743
1 8026
1 8841
1 1910
2 3233
2 5382
2 6956
2 1868
1 6265
2 3208
1 7913
1 2260
1 9111
2 4471
1 9490
2 6239
1 8151
1 5226
1 6531
1 6815
2 120
2 8632
2 1437
2 4854
2 9134
2 8285
2 4661
2 2552
2 4275
2 3532
2 7415
1 6518
1 8248
1 6447
1 8055
2 8724
2 9177
1 8359
1 8683
1 4751
1 6125
2 7373
1 346
2 3218
2 3992
2 4603
2 7628
1 1726
1 7747
1 8959
2 2460
1 5829
1 1273
1 9018
1 8346
1 8179
2 8600
1 3256
1 9298
1 5946
1 8074
2 6471
2 9442
2 5246
2 5652
2 8718
2 395
2 2168
2 7169
2 363
1 6037
2 7611
1 9412
1 2596
1 7146
2 4104
2 8444
1 913
2 7907
1 7744
1 1589
2 6213
1 914
2 1139
1 7426
2 5911
1 3036
2 2938
2 1758
1 4150
1 8263
2 1777
2 9779
1 1727
1 6166
2 742
2 6127
1 5463
1 7037
1 529
1 4921
2 9771
1 4487
2 2061
1 2235
2 7478
2 8937
1 2722
2 3083
1 6938
1 4689
2 3871
2 3465
2 3425
2 460
2 9649
1 7205
1 160
2 4947
1 1713
1 9042
2 3682
2 5115
2 4015
1 5252
1 7346
2 1314
1 7011
1 7921
2 2485
2 488
2 9310
1 6341
2 7724
1 130
1 198
2 7424
1 8685
1 6474
2 7432
2 6897
1 9107
1 2830
1 5305
1 4480
1 2146
1 6874
2 7344
1 8904
2 5157
2 2208
1 6438
1 1208
2 7491
2 215
1 6708
2 7662
2 5496
1 9161
1 6041
1 8134
2 6102
1 9409
1 3720
1 2838
2 2283
2 84
1 9464
2 2112
1 3019
1 7107
1 3632
2 3547
2 5377
1 6151
2 4963
1 9911
1 956
2 8895
1 8660
2 5404
2 7355
1 9171
1 8281
1 2722
2 430
1 3256
1 8048
1 9863
2 7659
2 2154
2 104
2 7879
2 4236
1 1048
2 3430
1 8247
1 6161
1 2458
1 4588
1 8307
1 5040
2 4547
1 9415
2 9289
1 4374
2 444
1 7696
2 8604
1 5448
2 4026
2 925
2 1889
1 6016
2 2739
1 333
2 3846
1 9661
2 8963
1 7266
1 3878
2 3460
2 221
2 1826
2 2816
1 9783
1 7264
2 2029
2 3351
2 7826
1 9051
1 2065
2 1166
2 2608
1 8532
2 3034
2 5042
1 7465
2 60
1 7467
1 8882
1 9643
2 3938
1 228
1 1792
2 7858
2 9530
2 8671
2 4692
1 8458
1 1810
1 9046
2 9404
2 7826
1 2821
1 2323
1 7432
2 2694
1 6332
1 3634
2 5189
2 4842
2 3676
2 3515
1 987
2 7570
2 906
1 3763
2 3616
1 9912
1 7452
2 8004
1 5834
1 7134
2 8603
1 1633
1 2221
2 6054
2 4454
2 552
1 8757
2 4663
1 5828
2 2293
1 1937
1 7071
1 6745
2 6025
1 2938
1 2610
1 3571
2 7261
1 6118
1 3848
2 2937
1 9185
2 8918
2 5154
1 9726
1 3941
1 2843
2 6214
1 190
2 6142
2 5884
2 5231
2 1094
1 2450
1 2870
2 2664
1 1731
2 8224
2 2074
1 3407
2 2753
1 9122
2 2459
2 9859
1 2908
1 2952
1 1531
1 6972
2 2654
2 1254
1 3526
2 3547
1 4548
1 9396
1 9154
2 8791
2 1061
1 1716
1 2392
1 8335
1 3164
1 1476
2 2216
1 6337
1 9265
2 7234
1 475
1 8598
2 3554
2 2839
2 8297
1 4254
2 5604
1 8700
2 2231
2 8
2 5286
2 3601
2 5025
2 9763
1 6530
2 9622
1 4575
2 5495
1 2591
1 8374
2 7778
2 2066
1 3411
1 7823
2 1077
2 9058
2 8678
2 7303
1 5426
2 3975
2 829
1 5433
1 3746
2 5838
1 6134
2 6517
1 1379
1 9935
1 7655
1 7316
2 6669
2 9966
2 5252
1 7543
2 2700
2 6682
1 4012
1 9379
2 1094
1 9193
1 4600
1 435
2 2372
1 4884
2 9608
2 6688
1 1618
2 1130
1 7805
1 1124
1 6094
1 1516
2 7382
2 4320
1 5605
2 7705
2 8476
2 57
1 583
1 462
2 7290
2 9382
1 8687
2 2994
1 1489
1 8559
2 9882
2 8897
1 8375
1 3116
2 5309
1 8667
2 5858
1 532
2 6250
1 5723
1 4534
1 4826
1 1507
2 5609
1 1693
2 8213
1 2374
1 463
1 4785
1 9321
2 2531
2 2787
2 5517
2 737
1 5079
2 3186
1 1798
1 1164
2 423
2 4876
2 190
1 8230
1 842
1 5761
2 6076
1 7381
2 7989
2 388
2 9342
1 5630
2 8763
2 2194
1 7426
1 5440
2 3746
1 9505
1 5612
2 2339
2 1487
1 8847
1 5154
2 4343
2 1096
2 5635
2 4561
2 834
2 2571
1 8378
1 8240
1 4034
1 8377
2 7761
1 5037
1 5587
1 7543
2 7518
2 6463
1 5804
2 8390
1 4509
2 8013
2 674
1 4932
2 1598
1 1253
1 3906
2 6027
1 1374
2 1194
1 3313
1 8963
1 1135
2 573
1 8678
2 2163
2 9364
1 8391
1 1956
1 300
2 8394
2 8479
1 1557
1 6743
1 6328
2 6161
2 9069
1 1946
2 4539
1 2086
1 1350
1 2413
1 3444
2 1081
1 3542
1 1387
1 8789
2 1942
1 7744
2 9542
1 438
1 8112
1 2795
2 4450
2 4883
2 8595
2 8935
2 4460
2 8427
2 7223
2 8241
2 7475
2 6178
2 8895
1 9305
1 4532
2 7002
1 3982
1 1956
1 4770
1 1627
2 5295
2 1890
1 7104
1 4157
2 9685
1 8810
2 3740
1 4893
1 8581
2 2527
2 3541
1 8129
1 978
2 9058
1 3241
1 9183
2 1964
1 7717
2 1806
1 218
2 4288
2 9425
2 1485
2 5839
2 2225
1 9448
1 785
2 3972
2 6390
1 1961
1 2243
1 9221
1 1515
2 6103
1 5528
1 6833
1 5658
2 9658
1 8237
1 8240
2 6546
1 8382
1 7449
1 9752
2 3571
1 3327
2 7593
2 5981
2 9829
1 6476
1 8149
1 4013
1 9274
1 9521
1 8365
2 1855
2 4959
2 8542
2 5571
2 4647
1 6792
1 7937
1 3782
1 3966
1 5285
1 9683
2 6963
1 9385
2 5942
1 1422
1 6348
1 44
1 634
2 2862
1 277
1 3437
1 9119
2 4619
2 869
2 6419
2 6375
1 3510
1 3903
2 1370
2 9081
2 1795
1 6633
1 2913
1 9834
1 7053
2 8218
2 616
2 9132
2 2070
1 9069
1 9163
2 981
2 607
1 3122
2 1527
2 2153
1 4508
2 8151
2 4388
1 4370
1 8996
2 4216
2 5897
2 1718
1 5818
1 9283
2 6694
1 1742
1 3334
1 6733
2 8851
2 3686
2 3341
1 4854
2 2723
1 5691
2 7214
1 5101
2 4079
2 9537
2 7075
2 3408
2 47
2 6467
2 7155
2 5641
1 725
2 3419
2 1256
2 7816
2 3236
1 7091
2 5223
3
