1489
1 5553
2 5498
2 12
2 33
2 10
1 5306
2 5174
2 129
1 7468
1 5003
2 441
1 6336
1 7025
1 7691
2 670
1 8108
1 5475
1 5708
2 5175
2 2107
1 6322
2 4265
1 8819
2 1023
2 6382
2 4225
2 9799
2 8650
2 7052
2 6707
2 224
2 4799
1 9107
1 7829
1 1626
2 6393
2 1393
2 5967
1 3222
1 7888
2 6178
2 1746
1 9315
1 5479
1 3916
2 7429
2 104
1 5267
1 1913
1 5234
2 4550
1 4971
1 8399
2 1048
1 8490
1 6909
2 8650
2 6362
2 8851
1 4919
1 8759
2 8162
2 9118
1 912
1 5875
2 7273
2 3812
1 6330
2 8078
2 2047
1 907
1 8000
2 5992
2 5165
2 1458
1 6098
1 5142
2 6927
2 6616
1 105
1 6098
1 4513
2 7276
2 7845
1 6847
2 6158
1 2851
2 1657
1 5505
1 7001
1 5426
1 6759
2 8782
1 8905
1 8535
2 2262
2 7934
2 164
1 3760
1 9822
2 859
2 7814
1 1738
1 1541
2 8902
2 7454
1 7233
1 6421
1 9199
1 4151
2 6367
1 555
1 3339
1 1473
2 967
2 9104
2 3842
2 231
2 6665
1 1860
1 1061
1 1537
1 8919
1 7401
1 3062
2 8087
2 2597
1 9321
2 8036
1 4174
1 4040
1 2274
2 8515
2 408
1 655
1 3019
1 2562
2 2190
2 9355
1 3447
2 2965
2 2874
1 6653
2 8179
2 6785
2 5495
1 6905
1 743
1 4368
1 3327
2 5011
2 6446
2 3314
2 8467
1 6881
1 455
2 8726
1 3423
2 1669
1 8710
1 2308
1 4039
1 7869
1 64
2 6365
1 4650
1 456
2 4911
1 1280
1 1721
2 7424
2 7376
2 1154
1 6401
2 4657
2 5554
1 7048
1 4944
2 1638
2 6127
2 2805
1 1074
1 8623
2 8953
2 9927
2 6689
2 3560
1 9911
1 3117
1 5995
1 4706
1 9158
2 2300
2 1585
2 2035
2 9169
2 8298
2 5841
2 4113
1 6578
2 2462
2 4359
2 3725
1 6749
1 1407
1 9839
2 8514
2 8530
1 1121
2 3231
1 2986
2 3407
1 7345
1 1692
2 2886
1 2249
2 8426
1 6701
1 3507
2 6924
2 1747
2 663
1 381
2 365
2 865
1 2761
2 2119
2 209
2 399
1 3017
1 4163
1 8844
1 9526
2 8441
2 2844
1 6154
1 6724
1 2683
1 1909
1 4478
2 7382
1 220
2 6994
2 8894
2 8704
1 1619
1 3932
1 1323
1 6346
2 3812
2 3410
1 1219
2 7729
2 3123
2 81
1 1109
1 3145
2 609
1 1632
1 2024
2 7340
1 5355
2 663
2 2804
2 158
2 1928
2 11
1 8102
1 1503
2 3199
1 4510
2 8452
1 7842
2 4634
1 5645
1 2305
2 3194
1 9600
2 9007
2 1403
2 879
2 7584
1 987
1 2987
2 1332
1 5726
2 4467
1 1711
1 7325
1 9393
1 3008
2 7907
2 3522
1 1843
1 1797
1 2331
1 8998
1 7656
1 8027
2 8643
1 5219
2 7904
2 4978
2 7008
1 6486
2 5327
2 5381
2 5327
2 7098
2 4148
1 718
1 2419
1 2170
1 806
2 106
1 3669
1 1870
1 6529
1 645
2 2364
1 4010
2 7480
1 8769
2 7778
2 7351
2 4479
1 9290
2 4211
2 2359
1 4000
2 813
2 2012
1 3192
2 8858
1 1319
1 6792
1 765
1 64
1 9557
2 9050
1 314
1 578
1 4741
2 6335
2 3263
2 4322
2 2645
1 4919
1 2696
2 8068
1 1632
1 274
2 2088
2 395
2 1
2 18
2 7
2 4
1 3699
2 477
2 395
2 2261
2 178
2 104
1 6856
1 6963
1 8218
2 3971
2 722
1 6269
1 3316
2 3594
1 1042
1 4189
1 8192
2 3327
1 8541
1 5225
1 2346
1 4913
1 6871
1 9433
2 6067
1 8527
1 2680
1 3648
1 2144
2 6728
1 5045
2 3473
1 4292
1 3798
1 4713
2 2205
2 7716
1 1736
1 8725
1 2850
2 7287
2 1261
1 5457
1 1466
1 2666
2 6636
2 6133
1 7104
1 1138
1 4998
2 3064
1 2414
2 2074
2 7998
1 5156
1 2166
2 2264
2 7295
2 1200
2 3581
1 9816
1 2281
1 6667
2 9270
1 1653
2 7643
1 6319
1 4040
1 8416
1 4011
2 5503
1 5726
1 8800
1 35
2 2085
1 2400
2 3869
2 3158
1 3815
1 6022
1 9316
2 3329
1 1163
1 9086
2 5750
2 71
2 9843
2 6458
2 7063
1 1306
2 9338
1 4511
2 2954
2 9328
2 2823
1 2767
1 2472
2 8694
2 5535
2 9231
1 6593
1 8817
1 5599
2 2747
2 6264
2 4608
2 7406
1 6727
2 2164
2 7882
1 7426
2 7020
1 263
1 5946
2 2239
1 9600
1 8411
1 2182
2 6529
2 7461
1 1333
2 8747
1 4908
1 5569
1 6938
1 2078
2 1329
2 7766
2 1785
2 3905
2 8050
2 9381
1 2233
2 7775
2 7482
2 8818
2 474
2 6770
2 3860
2 2557
1 1291
2 4860
1 3044
2 1202
1 6319
1 634
1 5618
1 2926
2 4295
1 5854
2 8434
2 3892
2 1593
2 9226
2 4063
2 4481
1 9399
1 4944
1 273
2 7214
1 6549
2 3393
2 4365
1 1231
2 5996
2 1670
2 101
1 6707
2 2811
2 1980
2 2197
1 6137
2 5937
2 68
2 181
1 7830
2 2796
2 1861
1 9532
1 1937
2 5538
2 6792
1 8338
1 9889
2 4989
2 6629
1 4803
1 8782
2 5254
1 3480
1 4557
2 3641
1 275
1 5092
1 8764
2 3706
1 9203
2 97
2 8042
1 2818
1 8783
2 263
1 1349
2 5723
1 5404
1 509
1 9817
1 7986
1 9903
1 598
1 6566
2 357
2 6073
1 3005
2 3915
2 4540
2 9372
2 3261
2 6891
2 3774
2 1522
2 4563
2 1659
1 3998
1 1620
2 5940
1 5621
2 6183
2 1072
1 8503
2 8181
2 789
2 9438
2 3603
2 1732
1 1475
1 3313
2 9685
2 6437
2 6014
2 3293
1 1715
1 5963
1 4309
1 7082
1 7427
1 2530
2 694
2 6622
2 643
1 904
1 4614
2 2196
1 3474
2 6755
1 4958
1 6354
2 1164
2 7553
1 2390
1 720
1 8753
2 4654
2 4126
2 5099
2 3107
1 8780
1 7828
1 2241
2 968
2 6781
1 1439
2 9059
2 2079
1 28
2 8977
1 79
1 7394
1 8453
2 286
2 4354
2 4499
1 8184
1 7311
2 5572
1 8451
2 4700
1 6554
1 6508
2 940
1 1103
1 1224
1 118
2 2797
2 8694
1 2108
2 7638
2 8674
1 941
1 1790
2 5670
1 3979
2 7373
1 2828
2 8766
2 8126
1 5632
1 3145
2 3798
2 5033
1 9416
1 5625
1 2688
1 2313
1 9516
1 616
2 8663
1 6318
1 5034
2 5607
1 4120
2 8781
2 3625
1 4854
1 4094
2 476
1 5802
2 2315
2 2986
2 7866
1 8800
2 2821
1 3556
2 3803
1 7969
2 5801
1 1322
2 7921
1 8974
2 3589
2 551
1 4305
1 7233
1 831
2 8437
2 7267
1 2935
1 6088
1 8946
1 5094
1 1210
1 8877
2 4050
1 8326
1 6445
2 2669
1 4834
1 1339
1 5406
2 2921
2 9910
1 7591
2 4122
1 3132
2 6946
2 6647
1 6161
2 6104
2 7127
2 4897
2 80
2 7858
2 1935
1 7948
1 1276
1 7574
1 6452
1 1394
2 3354
1 5622
2 944
2 3291
2 5271
1 7080
2 4175
2 9284
2 5461
2 6810
1 255
1 9575
2 4032
2 2660
1 3530
1 3135
1 3389
2 7903
2 8418
2 7379
2 1836
2 8983
1 2509
1 7554
1 4786
2 6458
2 2045
2 2275
1 7360
1 6245
2 2525
1 1371
1 8386
1 262
2 8418
2 1411
1 2508
1 1783
2 5693
2 7272
2 1841
1 4404
1 6714
1 4539
1 2855
2 185
2 9319
1 5319
1 6839
1 458
2 2596
1 1558
1 5397
1 4448
1 3328
2 8463
2 5056
2 2453
2 970
1 785
1 5652
2 1596
1 8087
2 2766
2 7547
2 4543
2 2205
2 5851
2 4979
1 4029
1 1542
2 8467
1 5867
1 6262
1 3252
2 7750
2 4502
1 1811
2 5416
1 895
1 6121
1 8914
1 1570
2 3642
1 7900
1 5780
2 1951
2 6128
2 3653
2 6617
1 6493
2 6989
2 8868
1 8161
1 1408
1 9207
2 6663
1 7713
1 6547
2 7500
1 9755
1 7628
2 164
2 1843
2 2862
1 1884
2 840
2 2950
2 8240
2 6019
2 2482
2 9148
1 8150
1 3986
2 4993
1 8053
1 8819
1 9529
1 4362
2 9971
1 3893
2 4960
2 6801
1 6081
2 9394
2 840
1 3337
1 9900
1 3946
2 9365
1 7294
1 5530
1 9979
2 2841
1 7270
1 1165
1 6799
2 7963
1 8449
2 3177
1 773
1 9789
1 2998
2 8105
2 7524
2 342
2 733
1 3628
2 9792
2 7559
1 4869
2 9932
2 9470
2 4174
1 6347
1 8298
1 3306
1 5951
1 6362
2 4552
1 8983
2 2955
2 778
2 2178
1 7292
2 5156
2 3564
1 8452
1 1714
2 6738
2 2863
1 5877
1 4070
1 3420
2 506
1 7002
1 4714
1 7051
1 9547
2 643
2 5088
1 5755
1 8730
1 7999
2 8422
1 6204
1 1201
1 1095
1 4727
1 7476
1 1509
2 8477
1 1442
1 321
1 456
1 6764
1 8660
1 4529
2 3986
2 9758
1 418
2 3193
2 4569
1 6214
2 444
1 8513
1 3832
1 7097
1 2682
1 4078
1 1597
2 5880
1 465
1 4780
2 3975
1 4223
2 7434
1 1424
1 6384
2 3917
2 4090
1 4144
1 2463
2 5565
1 2542
1 6778
2 2100
2 6287
1 4413
2 232
1 7923
1 1788
1 9230
1 6342
1 2132
2 5510
1 1166
2 4767
2 4687
2 1740
1 2059
2 3577
1 9771
1 8394
2 3074
2 2453
1 1812
2 8494
1 1110
2 9024
2 6897
2 5710
1 3087
2 6329
2 604
2 7704
1 1661
2 6695
1 6948
1 9757
2 5376
2 9861
2 5768
2 8981
1 3270
2 2896
2 5367
2 7444
1 8358
2 6675
1 6801
1 177
1 610
1 8349
1 1333
2 4669
2 8753
2 7703
1 8218
1 120
1 3215
1 8879
2 910
1 1616
2 6092
2 5441
2 594
1 1853
1 565
1 4866
1 3799
1 1415
2 8684
1 2230
1 1698
1 4304
2 4925
2 2109
2 8294
2 1160
1 2978
1 8561
1 9025
2 1909
1 8949
2 2320
2 6988
2 2316
2 1729
2 1447
2 7623
2 66
1 332
2 2521
2 6630
2 1887
1 8029
2 7226
1 9941
2 9717
2 2251
2 6058
1 7427
1 4790
2 7441
1 6085
1 6680
2 8550
1 2353
1 2828
1 1896
2 7855
1 3780
1 3297
2 1579
2 3392
2 4219
2 8420
2 1988
1 7703
1 5346
2 7642
1 9960
2 8880
2 4712
2 9887
2 9792
1 5990
1 2076
1 4430
2 9925
1 8339
2 2202
1 4906
1 1484
2 3919
2 9434
1 9867
2 6675
1 1035
1 8359
2 373
2 5559
2 2038
2 6568
1 7273
2 123
1 8261
1 7718
1 5553
2 9956
1 2518
2 9171
1 5126
1 6037
2 1013
2 4553
1 4514
1 8647
1 9010
1 5144
1 9065
1 1205
2 8303
2 4914
1 7347
2 3213
2 3261
2 8457
1 9038
2 8379
2 9303
1 5650
2 7651
2 3401
1 6600
1 1629
1 9753
2 1519
1 2986
2 3536
2 1391
2 2796
2 7909
1 7181
2 4959
1 9026
2 5034
2 1365
1 3962
2 1242
2 6644
2 2634
1 3979
1 4303
1 4732
1 8773
1 1976
1 7799
2 4551
2 1190
2 4270
2 5719
2 4991
2 8943
1 9908
1 1917
1 6852
1 3721
1 2126
1 6256
1 334
2 2009
1 1628
1 8714
1 7963
1 9384
2 6966
2 8654
2 9351
2 6214
1 8519
1 7944
1 6394
1 541
1 8641
1 2509
2 5624
1 1073
1 5359
1 7054
2 1467
1 8821
1 8183
1 4556
1 9066
1 4623
1 214
2 5783
1 1235
2 9204
2 8761
2 8667
1 9956
2 6734
1 6932
2 9022
1 5603
2 3452
2 75
1 7184
2 7188
1 8042
2 6747
1 1556
2 5183
2 4873
2 7997
1 7369
1 5698
1 8846
1 7333
2 1403
1 9329
2 308
1 5989
2 2099
1 255
1 5817
2 775
1 2544
1 6618
2 6831
1 2113
1 5658
2 7573
1 3768
1 1597
2 3118
2 6091
2 9227
1 2291
2 1202
2 2421
2 4664
2 9970
2 3089
1 8085
2 9731
1 4982
2 7963
2 7173
1 9473
1 25
1 3483
1 7916
2 8825
2 1374
2 3094
2 4963
2 9097
1 2829
2 1382
1 409
2 8179
2 2641
1 7427
2 6606
2 4231
1 5127
2 8981
1 1241
2 5221
2 8683
2 9099
1 9809
1 1133
1 6524
2 9388
2 779
2 9349
2 1550
1 3629
2 6172
1 8478
2 6750
2 3228
2 4945
2 9249
1 2278
1 4376
2 3133
2 6117
2 6560
1 7065
1 1365
2 1837
1 951
1 8321
2 6965
2 8219
2 1806
1 5873
1 9751
2 3460
1 5471
1 8398
2 8300
1 4479
2 5378
2 8030
2 8488
1 5177
1 1677
2 6468
1 1457
1 5094
2 4496
2 4344
2 9783
1 1669
2 7102
1 1177
2 1872
2 5665
2 1727
2 2866
1 9201
2 5979
2 860
2 5350
2 6451
2 4311
2 924
2 8659
1 743
1 5901
1 2428
2 937
2 8670
1 3640
2 524
1 4043
1 4526
1 2032
2 477
2 7021
1 615
2 5521
2 6781
2 34
1 6073
2 459
1 8780
1 6765
2 1065
2 6617
2 7759
2 6684
1 3895
1 8360
1 274
1 304
2 6213
1 2833
2 6523
1 3066
1 5736
2 2546
2 8700
1 6295
1 1834
1 1549
1 6492
1 2310
2 7350
2 4721
1 9914
2 4429
2 2342
1 9803
1 7928
2 510
1 2199
1 1406
1 69
2 3010
2 8252
2 9836
1 4955
1 8175
1 6317
1 6647
2 5380
1 8268
1 9271
1 5188
1 8001
1 5744
2 5011
1 5188
2 2459
2 2764
1 7111
2 1713
2 4499
2 2163
2 3808
1 1462
2 9413
2 553
2 8187
1 6762
2 3388
2 643
1 4216
1 1415
2 8144
1 3617
1 9051
1 4068
2 8010
2 2824
1 9227
2 6118
1 2073
1 55
1 1593
1 3772
1 191
1 255
1 1161
1 6051
1 5706
2 7967
2 5799
2 4657
1 4419
2 102
1 6367
2 2285
1 1854
2 3353
1 1621
1 3833
1 7519
1 7701
2 3126
2 963
2 3094
1 5074
1 6782
2 3366
1 1547
1 9308
1 8165
2 8809
2 9503
1 3433
1 5128
2 5082
2 8783
2 362
1 9470
2 6378
2 6726
1 7252
1 9114
1 1687
2 570
1 6053
2 8560
1 8174
1 626
1 8234
1 1565
1 4325
1 5930
2 1472
1 5860
2 9366
2 1234
1 5578
1 2773
2 4352
1 8965
1 8049
2 3529
1 492
1 6179
1 7742
2 762
3
