5632
1 2899
1 1086
2 1733
1 8780
2 7791
1 5797
1 4288
1 4947
2 3645
1 1553
2 5336
2 716
2 7900
1 970
1 616
1 301
2 812
1 4288
2 902
1 3867
1 9569
2 4067
2 7295
1 2625
2 4429
2 1645
2 2523
1 2912
1 661
1 7399
1 1581
1 6958
1 8347
1 2035
1 9811
1 4285
2 2562
2 7920
1 5204
1 5219
1 6577
1 2740
1 1973
2 9128
2 7426
1 7098
1 6982
1 6659
2 6580
1 6459
2 5121
2 7068
2 8223
1 6088
1 5471
2 722
1 5687
2 9751
1 5829
1 7850
2 2139
2 9552
1 5026
2 1627
1 7322
1 5292
1 2347
2 9597
1 1284
1 9891
1 9715
1 7360
1 6928
2 8962
2 9339
1 5508
1 8695
2 3306
1 9125
2 5260
1 4812
2 9709
1 9332
1 4801
1 7868
1 2504
1 2567
1 4037
2 5680
2 2785
1 8017
1 5462
2 4420
1 8413
2 2745
2 5368
2 9172
2 2080
1 506
1 5730
1 8816
2 5507
1 2114
1 9097
1 5919
1 9845
1 1375
1 7477
2 7743
1 9151
1 6526
2 5467
1 9137
1 6430
1 7697
2 6684
1 7936
2 8661
2 5663
1 4842
2 8557
2 345
1 3140
1 6049
1 3207
2 5434
2 8949
1 4209
1 1021
2 3957
2 8759
2 7831
2 7561
2 5118
1 2396
2 5866
2 1633
2 1859
1 7937
2 2791
2 9754
1 6629
2 9622
1 6490
1 6090
1 1440
1 3220
1 9929
1 2844
1 2327
1 1960
2 946
1 3954
1 3750
1 1206
1 5494
2 5516
2 3711
2 1769
1 7627
2 9581
2 4552
2 3236
2 2095
2 3842
1 3229
2 2615
1 9997
2 2340
2 4153
1 7916
1 8275
1 816
2 1170
2 5775
1 9020
2 8545
2 3191
1 8559
1 1985
1 6544
1 6903
1 6179
2 1005
2 2689
1 3116
1 6425
1 6294
2 2866
2 9102
1 3662
2 9445
1 4316
1 1240
2 6162
2 9223
1 8201
2 6420
2 1727
1 2201
2 8669
1 3265
2 3088
1 7269
1 3672
2 9675
2 7466
2 8646
1 5624
2 1727
2 5275
1 8868
1 7964
2 2717
2 1885
1 9390
2 5823
2 2573
1 8311
2 2353
2 2010
1 6313
2 5466
2 5105
2 2875
1 537
2 4285
2 1485
1 2494
2 6684
2 5032
2 1999
2 1602
2 5614
1 7458
1 7700
1 4240
1 5676
2 4738
2 2471
1 6714
2 8061
1 3911
2 4098
2 9020
2 8557
2 329
2 2627
1 9354
1 3999
1 8409
1 1000
1 9984
2 542
2 9609
2 6723
1 3283
1 2753
1 35
1 8365
1 110
1 5155
2 9163
2 8678
1 8971
2 94
1 2856
2 6740
2 4390
2 2866
1 7059
1 7222
1 9447
2 6376
2 6597
1 5989
1 5709
2 4155
1 4947
1 7747
2 7745
2 1010
1 4865
1 508
1 6534
1 4214
1 7317
1 4724
1 5577
2 3014
1 3274
2 3268
1 4984
2 2847
1 2727
1 3383
1 2207
2 7770
2 9972
2 4359
2 159
2 3496
2 9773
2 5459
2 3578
1 2057
1 8700
2 7130
1 8355
2 7511
2 8213
2 4722
1 2386
2 5042
2 6258
2 6460
1 9116
1 6639
1 1840
1 9117
1 7010
2 159
2 1321
1 6194
1 68
1 4189
1 8047
1 5096
1 3932
1 9112
1 6542
1 8002
1 5573
1 5667
2 1966
2 2634
1 6851
2 9965
2 4258
1 3614
2 1317
2 5813
2 4378
1 6587
1 5786
1 3406
1 3850
2 3363
1 5647
2 7219
2 2586
1 7499
2 6595
1 5057
2 7432
2 4480
1 4135
2 1137
1 9231
1 1249
2 6524
2 718
2 1483
2 6891
1 8954
2 7091
2 7805
1 7207
1 7455
2 1482
2 1419
2 5872
2 6481
2 6197
1 1006
2 6225
1 1670
2 9167
2 1530
1 32
2 4233
1 338
2 7587
1 5555
2 3881
2 9142
1 9284
2 3494
1 6560
2 2483
1 280
2 7865
1 7112
1 5133
1 3697
1 7080
1 142
2 2257
1 3758
1 204
1 2486
2 9613
1 5648
1 8561
1 5651
2 4607
2 2778
1 2406
1 7249
2 3871
1 940
1 8693
2 7419
2 9354
2 716
1 7090
2 6135
2 2402
2 4730
2 5906
1 3242
1 2387
1 1923
2 3284
2 6675
2 6898
1 4854
2 9887
1 8514
1 4827
1 4554
1 3547
1 8315
1 996
1 2282
1 9725
1 5149
1 4764
2 9060
2 7239
2 7053
2 6198
2 7617
2 3721
1 2768
2 1783
1 5886
1 3488
2 6037
2 146
2 4604
2 2898
2 6622
1 288
1 5712
2 3787
1 6054
2 3503
2 5460
1 579
1 9642
2 3689
1 5084
2 1856
1 1824
2 335
1 4568
2 1116
1 5494
1 3141
1 2822
2 1854
1 7171
1 8849
2 2563
2 336
2 3612
2 88
1 651
2 4209
2 9768
1 4578
2 9496
1 9997
2 2951
1 3255
1 3029
1 7391
1 5339
2 6864
1 2840
1 5003
2 6938
1 718
1 8664
2 2935
2 8601
1 3439
1 393
1 9772
1 3742
2 9619
2 9805
1 7130
1 5261
1 445
2 8486
1 9087
2 813
2 7257
1 6156
1 6488
1 3794
1 2795
1 4666
1 7745
1 9077
1 8015
1 9689
2 8337
1 3077
2 9079
2 9192
1 4296
1 6618
2 9919
2 820
2 4543
2 7701
2 2183
2 7244
2 737
1 7642
1 454
1 3007
2 1703
2 8618
1 1371
1 7678
1 9097
2 5942
2 9014
2 464
1 2491
1 8020
1 9123
2 2782
1 5248
1 3816
1 319
2 5700
2 4920
1 7361
1 7817
2 9389
1 559
1 2201
2 5892
1 8532
2 3749
1 3354
2 6982
2 908
1 7538
2 9887
2 7443
1 3786
1 2469
2 8804
2 3346
2 7846
1 3252
1 413
2 648
1 3765
1 5891
1 3597
2 4105
1 8567
2 594
2 2235
1 3454
1 5735
1 3983
1 8856
2 4033
2 9163
1 5024
1 4085
2 2205
2 1367
2 6549
1 5558
1 1599
1 1765
2 9649
1 9157
1 2564
2 8590
2 7028
2 4228
1 5680
1 2474
2 8226
2 2162
1 5240
1 3067
2 4903
2 9970
2 7829
1 4118
1 6163
2 8621
2 6749
1 8913
1 8704
1 2461
1 4060
2 5331
1 9917
1 7739
1 1064
1 8315
2 2247
1 4069
2 1976
2 9685
2 2497
2 4773
2 5967
2 1298
2 961
2 9923
2 6274
1 4740
1 4673
2 1570
2 8686
1 5409
1 6491
1 4768
2 1431
2 5444
1 2629
1 1798
2 6206
2 9115
1 6545
1 2479
1 8365
2 7267
1 3610
2 6670
2 1850
1 2253
1 4105
1 6262
1 683
1 5166
1 9030
1 7411
2 6943
2 7460
2 2010
2 9623
1 1126
2 65
2 1526
1 8393
2 4978
1 4630
2 7663
1 4563
2 1885
2 7627
2 392
1 2432
1 3376
2 6717
1 921
2 2842
2 264
2 2212
1 2457
2 5777
2 5374
2 4953
1 243
1 31
2 5012
1 9996
1 5728
1 6040
2 1251
2 7646
2 1071
2 4193
2 4531
1 1095
1 378
1 8320
2 8859
1 3551
1 8959
1 9735
2 6042
2 2051
1 6780
2 8994
1 8101
2 2404
2 5477
2 8823
2 5239
1 6799
1 6632
1 269
1 2913
2 8287
1 7173
2 490
2 8070
2 9332
1 7156
2 2813
1 3694
1 1117
1 7137
2 1649
2 3945
1 9321
1 1572
1 7277
1 4857
1 5297
2 9435
1 6104
1 3753
2 9398
2 5900
2 5033
2 3122
1 4518
2 3828
2 7354
1 4919
2 3921
1 5193
2 5670
1 750
1 3541
1 4038
1 5491
1 304
2 5068
1 9286
1 4738
2 9712
1 2560
2 9979
1 9535
1 7511
1 400
2 6287
1 3459
2 6328
1 2816
2 8662
1 258
1 9623
1 8460
2 8047
1 1320
2 5998
2 2462
2 104
1 2044
2 5272
1 319
1 7961
2 3442
1 8014
2 9310
1 1479
2 6417
1 6116
2 4130
2 2875
2 5798
1 8959
1 1983
2 9775
1 3804
1 7397
2 4624
1 3333
1 2156
1 9267
2 5141
2 1548
2 8900
2 6838
1 2797
2 8871
2 973
1 843
1 2032
2 1315
1 2221
1 3627
2 8558
2 7064
1 1716
1 8150
1 4201
2 9556
1 5489
2 5729
2 3192
2 6875
1 6886
1 6023
2 5313
1 9021
2 6763
2 6654
2 2359
2 9246
2 5633
1 1096
1 8044
1 1782
1 8533
2 3304
2 3305
1 5051
2 1751
1 8007
1 4363
1 6762
2 9321
1 7051
2 6344
2 55
1 2152
1 1133
2 1309
1 8487
2 4072
1 8317
1 5754
1 9656
1 7299
2 816
1 3690
2 8036
2 5631
2 8550
2 1891
1 2937
2 7048
2 7501
1 9564
1 9832
1 9604
1 443
2 641
2 8565
2 651
1 7915
2 766
1 9853
1 9729
1 7662
2 3347
2 5338
1 7971
1 9707
2 6199
2 3718
2 1235
2 5406
1 5464
2 4163
2 8466
2 8083
1 8861
2 2638
1 6317
2 1517
1 2205
2 6086
2 8894
2 1871
1 2825
2 590
2 3033
2 6355
2 2091
2 6485
2 8862
2 3699
1 1446
1 2063
2 5537
2 6266
2 9662
1 4457
1 7015
2 7585
2 4492
2 9719
2 8182
2 6566
2 1957
2 8436
2 5800
2 4277
1 741
1 4294
2 3401
2 5534
2 9676
1 7223
1 6577
1 1173
1 4509
1 4301
2 9441
2 6118
1 3885
1 103
2 1759
2 4583
1 7746
1 1650
2 9737
1 5390
1 5307
2 8379
1 1899
2 5085
1 6669
1 2747
2 3902
2 1447
1 5280
2 4860
2 1322
1 3812
1 4351
1 8655
1 1774
2 5291
2 372
2 7919
2 3088
1 9859
1 907
2 2680
1 1775
1 5619
2 2788
1 9739
1 6835
1 1936
2 8266
1 926
1 2392
1 4155
1 6788
2 7469
2 1659
1 8414
2 6069
2 8553
1 3487
1 991
2 5822
1 2795
1 2505
2 9310
2 9666
2 1055
1 3236
1 7955
1 468
2 3573
1 7081
2 7793
2 3542
1 718
2 8564
2 1344
1 708
1 9115
2 9180
2 4970
1 8045
1 8166
2 4589
1 1976
1 4436
1 6898
1 189
1 8565
1 5068
2 5256
2 9595
2 7250
1 6561
2 4292
1 8311
1 4837
1 4175
1 9278
2 8677
2 298
1 4980
1 3292
1 9146
1 9009
1 7258
1 4658
2 4487
2 966
2 3877
2 5374
2 1619
1 1681
2 331
2 2870
2 1851
1 4873
2 7704
1 7160
1 6532
2 3158
2 7436
2 1559
1 5491
1 1374
2 5024
1 2290
1 6408
2 8517
2 9796
2 9586
2 2367
2 7192
2 5873
1 1936
2 7107
1 7823
2 371
1 5984
2 6026
2 9600
1 8191
2 9924
1 7088
2 5659
2 2113
1 6779
1 9448
1 4505
1 5806
1 1058
2 9040
1 921
2 7903
2 1310
1 6043
2 5616
1 8134
1 1901
1 5087
2 724
2 6579
2 4715
1 2730
1 1242
2 1550
1 9787
2 2261
1 8712
2 3056
1 3043
1 2221
1 6962
1 4712
1 6043
2 8851
1 4643
1 4387
1 7810
1 2976
2 5187
1 3467
1 3604
1 1274
1 4551
2 9831
2 5454
2 4782
2 5155
2 4480
1 4549
2 197
1 8026
1 6997
2 259
2 2386
2 5199
1 8261
2 8844
1 6471
2 6242
2 4376
1 8756
2 2756
2 4865
2 8686
1 9359
1 9615
1 8382
2 2717
1 3716
2 1359
2 4133
1 7907
1 3747
2 4570
2 6143
2 5523
1 6924
2 9663
2 7167
1 8167
2 9999
1 7187
2 1767
1 8934
1 3868
2 4368
1 3477
1 7654
2 3829
1 3659
2 7229
2 9850
2 9668
2 5416
2 2653
1 2641
2 9583
1 7410
2 5304
2 5545
2 2075
2 1239
2 6189
1 6555
2 3657
2 7008
1 3957
1 3318
2 7223
1 5120
2 3254
1 6581
2 4153
1 2302
2 3255
2 3244
1 6837
1 9266
1 7674
2 6408
1 7463
2 5093
1 5115
2 5669
2 5390
1 3806
2 7277
2 2583
1 2038
1 5985
2 6253
1 3098
2 3042
2 8081
2 8754
2 494
2 9171
2 3782
2 6783
2 4510
2 2904
2 4060
2 2116
1 8760
2 7587
1 4689
2 5076
2 8999
1 3162
1 9004
1 3789
2 6547
2 1472
1 4650
1 4277
1 3176
2 467
1 7595
2 6637
2 3394
1 8609
1 9084
2 3852
1 749
2 4070
2 419
1 4758
1 6490
2 5455
1 7658
2 3243
1 8164
1 5250
2 3932
2 1834
2 9666
2 3896
1 7757
2 9472
2 3163
1 6518
1 9315
2 4408
2 5373
1 4849
1 6122
1 4008
1 7062
2 2393
1 9292
1 2945
2 7072
1 5755
2 5045
2 4596
1 7540
1 9797
2 7160
2 6280
1 9108
2 3310
2 5075
2 6768
1 2818
2 6810
1 6287
2 9307
1 6501
2 5845
2 7214
1 6831
2 8398
1 1022
2 552
1 3989
1 9253
2 3846
2 7579
2 3323
2 2851
2 678
1 8315
1 5059
2 8152
1 4182
2 9193
2 2809
1 8946
1 7017
2 7220
1 3401
1 2737
2 731
2 6050
1 4020
2 247
2 8749
2 5230
1 1237
2 4585
2 6535
1 7824
1 9481
1 31
2 8150
2 3062
2 3967
2 4060
1 4349
2 306
1 6580
1 2053
1 8464
1 9246
2 2781
2 2297
2 4977
2 8466
2 1320
2 7273
1 182
1 9365
1 5813
2 1509
1 9275
1 1072
1 4317
1 5587
2 4034
1 3298
1 5149
1 202
1 5122
1 8891
2 6617
1 5372
2 2202
1 7088
2 3601
1 513
1 7754
2 570
2 1247
1 7352
1 8590
1 9572
2 2999
2 7762
1 9017
2 259
2 4806
2 373
1 3077
1 6928
2 7510
2 7009
1 2235
1 3344
1 5048
1 942
1 2597
2 8198
2 9326
2 4182
2 1863
2 4758
1 4985
1 1072
2 2265
2 3842
2 2533
1 838
1 7793
2 1939
1 7568
1 8866
2 5498
2 8225
2 1308
2 7815
1 90
2 2852
2 1489
2 2358
2 5056
1 9386
1 3192
1 7284
2 5428
2 981
1 1868
2 1125
1 7036
1 3688
2 9872
2 8080
1 8581
1 405
2 7904
2 8727
2 9369
2 9547
2 2506
1 9105
1 7216
1 3392
2 2763
2 5911
2 631
1 8958
2 264
1 1274
2 6646
1 1259
1 7004
1 2861
1 7480
2 2451
1 5481
2 5027
2 2552
1 6571
1 7192
1 5941
1 6450
2 6907
2 8321
1 9086
1 3836
1 7310
2 5326
2 4225
1 7783
2 4669
2 3649
1 5622
2 3601
2 5225
2 3709
2 34
2 2773
2 7026
2 3581
2 4429
1 7263
1 5874
2 6462
1 341
1 8766
2 3147
1 9469
1 7473
2 2253
1 430
1 1089
2 6955
1 9232
1 3384
1 2453
2 83
1 8443
2 6918
1 5282
1 1965
1 2104
2 6212
1 7074
1 6137
2 51
1 6561
2 4423
1 3866
2 2281
1 1778
1 8920
2 4425
2 518
1 3386
1 2243
2 4185
2 459
1 1287
2 7195
2 8246
1 194
2 183
1 1800
1 993
2 2718
1 9197
1 6469
1 1827
2 8746
1 7258
1 8487
2 3285
2 1389
2 5487
1 9243
2 7916
1 2748
2 3788
2 8926
1 4602
2 1825
2 6179
2 6691
2 6690
1 4640
1 744
1 3195
2 2234
2 6728
2 4717
1 8746
2 327
1 7564
2 8129
1 3953
2 4174
1 1509
2 6383
1 7206
1 3847
1 2717
2 484
1 3823
2 7237
2 1061
1 3316
2 2738
2 1228
2 8117
2 9133
2 2428
2 3097
2 7482
2 943
1 905
2 217
2 1910
2 6889
2 8128
1 2401
2 7535
2 5525
2 2768
2 4609
2 4373
2 9760
2 3277
2 4147
2 3648
1 9011
1 2130
2 8934
2 3379
1 4713
2 7683
1 67
1 8666
2 3086
2 6452
1 6177
1 223
1 3724
1 3684
2 9197
2 716
2 5517
2 2339
1 9592
2 4708
2 8206
2 3267
1 4582
1 8438
2 6632
2 1220
1 8565
2 6084
1 6174
1 3887
1 3870
2 5276
2 5470
2 1196
2 9487
1 8687
1 8618
1 8932
2 3061
1 1855
2 1584
2 2766
1 925
2 1264
2 6622
2 1440
2 9142
1 2812
1 9677
1 56
2 8725
2 4597
2 7268
2 4363
1 9734
2 5879
1 261
1 9353
1 8354
1 9190
1 3454
1 5233
2 4746
2 4821
1 3573
2 1018
1 3990
1 921
2 4216
1 6002
2 4138
1 2874
1 7437
1 21
1 4019
2 7575
2 8352
1 10
2 7522
2 6244
2 1543
2 9651
1 3097
1 808
1 778
2 2489
2 5551
2 7169
2 7120
1 1551
1 8760
1 4326
2 4048
2 9812
1 2112
1 4535
2 6039
2 5090
2 8673
2 2004
1 1656
2 7682
1 2859
2 319
1 1989
2 3183
1 8219
1 2485
2 6477
1 8517
2 7389
1 1659
2 2171
1 3888
2 2602
2 7817
2 6518
2 9532
2 9335
1 6489
2 8540
2 4692
2 4034
2 833
2 9476
1 5611
1 1651
1 7620
2 9055
1 2783
2 8380
1 2555
1 1793
1 4529
1 1852
2 6754
1 5042
1 8342
2 6594
2 9765
2 2166
1 3384
2 6622
2 6848
2 3036
2 9676
2 1370
2 5222
1 3893
1 1156
2 3992
1 5381
1 1556
2 4825
2 2286
1 1303
1 8353
2 370
2 8334
2 1960
2 272
2 105
1 5861
2 4735
2 819
1 3693
1 5418
2 2618
2 5265
1 1467
1 9759
1 4365
2 8906
1 1034
2 4880
2 1184
1 163
2 1348
1 905
2 2158
2 827
1 3724
2 891
2 843
1 8187
2 6972
1 715
1 3457
1 4521
1 7873
2 640
1 7347
2 1072
1 942
2 7667
1 5488
1 6445
2 1153
1 7586
2 340
1 6583
2 3477
2 1319
1 2604
2 52
2 1492
2 5759
1 2633
2 8372
2 4194
2 4444
2 7725
1 4559
2 6106
1 4491
1 9088
2 5973
2 9846
1 9958
1 7231
2 3217
1 6067
2 4291
2 6531
1 5601
1 9983
2 9888
1 3427
2 730
1 8889
1 4602
2 7558
1 541
1 6796
1 7773
2 9354
2 326
2 199
1 2080
2 9001
1 9593
2 4593
2 2309
1 8258
1 2370
1 8434
1 2663
1 1445
1 5538
2 8752
1 3609
1 4146
1 5217
2 2517
1 7820
1 842
2 1747
2 3717
1 5295
2 686
1 3050
2 6348
2 5622
1 9111
1 9620
2 6634
2 5764
1 5348
2 4966
2 6820
2 3344
1 3760
2 2756
2 9670
2 8843
1 3344
2 3892
1 8918
2 2270
1 6691
1 3122
2 8295
2 3063
2 7215
2 4519
2 4958
1 4122
1 2371
2 804
1 5568
2 7437
2 2049
1 7080
2 9302
2 4107
2 7424
2 5927
1 6014
2 5002
2 6206
2 3945
2 979
2 371
2 19
1 5248
1 37
2 980
2 3584
1 7653
1 4445
1 8229
1 610
1 2753
1 2735
2 171
1 2396
2 3947
2 5102
1 1819
1 1661
1 8169
2 1620
1 5789
1 6855
2 3291
1 4013
1 856
2 5715
2 5416
1 3722
2 8398
2 3105
2 9985
1 1247
2 5876
2 6265
2 1893
2 2156
1 7442
1 8409
2 8638
2 8343
2 3
2 3
1 9004
2 2406
1 8099
2 8923
2 512
1 5206
1 1999
2 5962
1 875
2 345
1 9998
2 3873
2 6569
1 1317
1 8362
2 3663
2 9839
1 5384
1 2350
1 5699
2 5344
1 3953
2 1716
1 8167
2 8718
1 165
2 5926
1 5576
1 3437
1 3586
1 3528
1 6394
1 7425
2 6846
2 8640
1 5177
2 3608
1 7645
1 1415
2 1169
2 5502
2 7895
2 5793
2 4551
2 4290
1 8973
2 6015
1 9394
2 9404
2 487
2 267
2 4725
1 6657
2 5702
2 337
2 471
1 4604
1 3924
2 4254
1 4489
2 7508
1 8213
2 6930
1 86
1 4869
1 4270
1 8889
2 8429
2 7375
1 6096
1 9267
1 2876
1 592
1 463
1 5799
2 9266
1 6482
2 3111
2 566
1 2362
2 557
2 6859
2 4517
2 2832
2 3198
2 6139
1 8815
1 286
1 4946
2 502
1 3685
1 6724
1 8900
1 90
2 3517
2 110
2 9892
1 5545
2 6296
2 8976
1 910
1 5094
2 9128
2 5026
2 2552
2 943
1 1351
2 1049
1 3306
1 9962
1 1796
1 8304
1 4888
1 5208
1 8106
1 3944
1 6407
2 6232
1 6111
1 791
1 507
1 2420
1 8007
1 933
2 7967
2 9093
2 5139
2 3927
1 5057
1 3395
2 8916
1 2673
1 9218
1 3234
1 1393
2 674
1 8684
1 3888
2 683
2 1179
2 9297
1 1191
2 4912
2 8849
2 9489
2 8658
1 8242
2 1187
2 4119
1 4553
2 1149
2 3565
2 8071
2 6987
2 4151
2 6566
1 7629
1 5424
2 9181
1 1247
1 5081
1 1248
1 6570
2 9775
2 6655
1 584
2 685
2 891
1 4441
2 687
2 586
2 1774
2 983
2 1370
2 601
1 3609
2 3813
1 5457
1 1187
2 6506
1 415
2 1016
2 78
1 8406
1 214
2 1750
2 5862
1 3174
2 3049
2 536
1 6276
2 1884
2 4866
1 9202
1 899
2 1524
2 1622
1 4967
1 9857
1 6347
2 8946
2 7194
2 1880
2 554
1 2823
1 9957
2 639
1 8902
1 6708
1 6062
2 2932
2 4306
2 7492
2 9948
2 3512
2 8386
1 8474
1 4056
1 1946
2 4443
1 6594
1 7967
1 1137
2 9373
2 3387
2 6437
2 4694
1 4532
2 4464
2 773
2 5709
1 2808
2 1412
1 3444
1 533
2 1556
1 9892
2 4480
2 7445
1 9188
1 5400
2 7451
2 483
1 2196
1 832
2 3455
1 5153
1 4235
1 5572
2 8772
2 5734
1 7068
2 2171
1 9067
2 3953
2 4858
2 4917
1 6574
2 3900
2 4611
1 1493
1 220
1 3448
2 2607
1 8711
2 5447
2 5782
2 4738
2 3000
1 5617
2 6310
2 217
1 5429
2 1430
2 2221
1 2406
2 1371
1 6733
2 2637
2 5000
2 1804
2 531
2 64
2 76
2 2
2 2
1 2833
1 8984
1 2837
1 5292
2 860
1 5393
1 6019
1 4036
1 5164
2 8951
1 1404
1 9441
2 8340
1 5586
2 4266
2 1866
1 5819
2 9523
1 8524
1 1489
2 1441
2 2950
2 7688
1 7115
1 6157
2 4757
2 2914
1 1682
1 9181
2 6752
1 929
2 20
1 4357
2 8797
1 3654
1 9316
1 306
2 2902
1 553
2 3781
1 5694
1 2927
2 3756
1 8682
2 2432
2 6629
2 7624
2 1963
1 3260
1 8902
1 2417
1 9872
2 414
2 8661
2 6256
2 3962
1 8259
2 1971
2 7640
2 8934
2 8020
1 6404
1 2578
1 9467
1 6850
1 3749
1 2052
1 1934
2 370
2 2423
1 875
2 1780
1 2840
1 5382
2 4847
2 7531
1 1214
1 4264
2 1643
1 2576
1 8437
2 956
1 9336
2 3173
1 2390
2 6088
1 8081
1 3150
1 8794
2 2089
2 2545
1 942
2 3062
1 3406
1 9256
1 7905
2 1225
2 9399
2 1441
2 6750
2 5657
1 4347
1 2493
2 1023
1 8593
1 9633
1 9612
1 3418
2 7701
2 3184
2 808
1 2166
1 7226
1 8233
1 5819
2 5231
1 5363
2 8334
2 8606
1 6479
2 752
2 956
2 3834
1 6247
1 6094
1 5939
2 1329
2 8493
1 9766
1 5441
2 356
2 7261
1 111
2 9441
2 3496
1 9450
2 2019
1 1753
1 2491
2 856
2 4128
2 2404
1 2121
1 2780
1 1577
2 8208
2 2032
2 4337
2 5082
2 1068
1 7266
1 2542
1 9001
2 5370
2 3796
2 3281
1 6541
1 9843
1 4790
1 4506
2 4161
1 7372
2 2310
1 8650
2 3528
2 1904
1 392
2 8688
2 238
1 7550
1 9635
2 6054
1 1604
1 8989
1 5751
1 3299
2 832
1 324
2 114
1 7407
1 5443
2 2563
1 3252
1 6661
1 642
2 6135
1 8406
2 2301
2 7361
2 7317
2 370
2 754
1 6897
2 9327
1 6595
1 111
1 5388
1 4446
1 10
1 4083
2 7451
1 3348
2 9202
2 6662
2 5191
2 914
2 3386
1 3880
2 8939
2 863
2 7532
2 9273
2 5294
2 7867
2 328
1 7242
2 7121
2 4445
1 4503
2 1938
1 8415
1 7855
1 6454
1 6733
1 6911
2 638
2 3985
1 2589
2 9011
1 2224
2 4521
1 167
2 1536
2 6197
1 6700
1 142
2 1905
2 7323
2 3497
1 8319
2 4888
2 6840
1 2701
1 9450
2 2218
1 2720
1 9659
1 4498
2 125
1 8869
1 4581
1 5292
2 2159
2 7514
1 9494
2 1774
1 4582
2 3511
2 7754
2 9234
2 5411
1 8534
1 8493
1 4667
2 1457
2 5750
1 5755
2 1134
1 8229
1 188
1 9050
1 2580
1 3205
2 5467
2 3092
1 274
1 8329
1 6488
1 4246
1 1678
2 5589
1 9193
2 4592
1 9822
2 790
2 699
1 8208
1 1685
1 6441
2 7393
1 4732
2 8891
2 7045
2 8680
1 6448
1 1355
2 9541
1 4246
2 7262
2 6607
1 3491
1 9948
2 9036
1 9976
2 8295
1 3495
1 2542
2 3650
1 6769
1 634
2 4117
2 8547
2 7675
2 5259
2 8167
1 6801
2 6496
1 4840
1 8472
2 6283
2 6448
2 427
1 9666
1 8504
2 297
1 1893
1 4352
1 8709
2 5435
1 1627
1 2305
1 7717
2 7164
1 9139
2 5735
1 9724
1 5642
2 6033
1 2216
2 6671
2 4731
1 4498
2 9463
1 272
1 5301
1 5009
2 2090
1 8793
1 1125
1 82
2 4221
2 5805
2 313
2 7707
1 7278
1 5986
2 9246
2 8749
1 9184
1 5064
1 2876
1 9267
1 6106
2 2203
2 4104
2 1814
2 4798
2 3350
1 2286
1 8412
1 4604
2 587
1 3130
1 7345
2 5342
1 1114
1 2674
2 4967
1 9748
2 9017
1 3475
2 7261
2 3551
1 2243
2 1871
2 7416
1 2820
2 6993
1 1526
2 7993
2 5773
2 7017
1 8382
2 5925
1 5318
1 2679
2 5306
1 4256
2 7095
2 2991
1 352
2 374
2 9817
2 1889
1 16
1 3500
2 8167
1 5636
2 4579
1 4431
1 4220
1 7343
2 9389
2 3921
1 7502
1 2970
2 8528
2 3712
1 9786
1 9656
2 2271
1 9916
2 2002
2 6842
2 2780
2 6979
1 5877
2 5532
2 178
1 2206
1 3122
2 1143
1 1447
2 1658
2 2604
1 6569
2 365
2 9630
1 1436
2 3348
2 3685
2 7897
2 2150
1 7870
1 5148
2 6205
1 5668
1 5031
1 7168
1 1096
2 7842
2 5701
1 5561
2 2667
1 8380
1 2497
2 7792
1 9972
1 58
1 3036
1 3772
1 3924
1 536
1 3186
1 6397
2 9793
1 6461
2 9192
1 6414
1 7238
2 7539
2 6148
2 5742
2 5635
2 9079
2 7646
1 8984
2 3893
1 9602
2 387
2 6613
2 276
2 5858
2 185
2 433
1 7300
1 4928
2 34
1 5700
2 2984
2 261
2 4597
2 5823
1 5245
2 2879
2 2183
2 2073
1 9990
1 3927
2 6171
1 764
2 955
2 9735
1 864
1 6228
2 3870
2 7898
1 4551
2 5680
1 5475
2 8105
1 2906
1 5126
2 8143
2 2858
2 6569
2 6168
1 4507
2 762
2 5437
1 5928
2 5476
2 333
2 3161
2 1466
2 5434
2 8125
1 2123
2 984
1 6196
1 6023
1 6703
1 9647
1 9632
2 6589
1 2953
2 3546
2 8596
1 1088
2 2812
1 7718
2 4523
2 8858
2 6250
2 3928
1 2376
2 5602
2 3267
1 5877
1 274
2 7044
2 6282
1 1440
2 7536
2 4219
2 9918
2 5496
1 5811
2 4141
1 202
2 9045
1 5148
1 5736
2 2044
2 4309
1 6932
1 5170
1 2179
1 6774
2 2479
2 4256
2 1183
2 4208
2 3525
2 9059
2 9302
2 7384
1 913
1 5682
1 2746
1 2822
2 8939
2 966
1 2302
1 8710
2 8945
2 5881
1 5965
1 6657
2 3350
2 1487
2 4088
2 8820
1 2402
2 8649
2 9092
2 5348
1 6121
1 3299
1 8685
2 8961
1 1552
2 8835
2 1181
1 4579
2 3777
2 1881
1 7077
1 168
1 6388
1 1329
2 4224
1 6579
1 6159
1 7137
2 3394
1 2888
2 1918
1 5798
2 1276
2 8604
2 5696
2 8373
2 3440
2 1247
1 584
1 174
2 9230
1 9177
1 814
1 2426
1 3652
1 4700
2 2752
1 891
1 3254
1 2525
2 7157
1 6374
2 250
2 9358
2 8384
1 3357
1 7283
2 1385
1 1354
2 4303
1 6723
2 5779
1 1776
2 1741
2 1009
1 4793
2 3662
1 6219
1 7671
2 7009
1 4917
2 7701
1 167
1 7458
2 7353
1 3255
2 1053
2 2742
2 3018
2 6148
1 6527
2 839
2 202
2 4789
2 9091
1 212
1 8832
2 471
2 581
2 2649
1 6329
2 2203
1 1755
1 8088
1 3016
2 8777
1 5369
2 3004
2 6985
1 5851
1 2421
1 1971
1 637
2 1834
1 666
1 7705
2 6742
2 4004
2 6384
2 2563
1 3016
2 934
1 2757
1 7393
2 7367
2 5221
1 4958
1 6095
1 7071
2 1438
2 4034
1 7562
1 6987
1 7663
2 3392
2 3306
2 2456
2 2522
1 7620
1 5696
2 9365
2 3577
2 7548
1 2128
1 8107
1 6398
1 5282
1 9821
1 7760
1 8115
2 9533
1 280
1 6132
1 6445
2 6611
2 6433
1 4187
2 918
1 7251
2 5353
2 2657
1 1769
1 23
2 1457
1 6804
2 1758
2 5219
1 2283
2 8948
2 4004
1 6428
1 8
2 2901
2 1365
2 5528
1 1435
2 4230
1 911
1 6632
1 4240
2 1226
1 7135
1 886
2 3073
1 6072
2 8941
2 5207
1 5659
2 341
2 5040
1 7582
1 1432
2 4707
2 6870
1 4904
2 9840
1 6721
1 2850
1 7645
1 7526
1 9626
2 9705
1 5682
2 9556
1 360
2 1610
2 7229
1 1719
1 644
1 8847
1 2143
2 75
1 4351
2 9564
2 2837
2 1673
1 5524
2 2315
2 5888
2 4603
2 2768
1 7870
2 4957
1 7214
1 6859
1 5219
1 9853
2 6273
2 718
2 594
2 4462
1 47
2 9137
2 1395
1 9425
2 4005
2 3077
2 933
2 9712
1 2909
1 8
2 7817
2 5145
2 9188
1 1116
1 1287
1 2022
1 3566
2 1000
1 2440
1 3602
1 1198
1 1608
1 1538
2 907
2 5691
1 6774
1 9108
1 5460
2 8452
1 631
2 3396
1 5859
2 5339
2 7453
2 7382
2 2100
1 4300
1 1911
2 3864
2 324
2 5269
2 9246
2 5352
1 1552
1 3678
1 3005
1 991
2 4855
2 2241
2 824
1 7238
1 5184
1 301
2 9867
2 9880
1 5602
2 2439
1 5944
2 2139
2 5195
2 1098
1 3063
1 2294
2 6363
1 1600
2 6
1 4085
2 7969
1 527
2 7993
2 8618
1 1568
1 9233
2 3410
2 6003
2 9349
1 1087
2 7885
1 8292
2 7578
2 6132
2 9974
2 3990
2 3283
2 36
2 44
1 9009
2 5734
1 4774
2 4140
2 2039
2 913
1 2219
1 6227
2 31
1 4254
1 9922
1 9855
2 8753
2 4702
1 586
1 7234
2 6515
1 8104
2 4561
2 1404
2 9457
1 2759
2 4556
1 5889
1 2998
2 8695
1 3980
1 5132
2 5146
1 2232
1 6233
2 4600
1 6327
1 863
1 852
2 1289
1 7599
2 195
1 3178
2 1348
2 3523
1 6158
2 6437
2 4770
2 4999
1 9351
2 4674
2 516
2 1300
1 8582
2 9701
1 8262
2 423
1 173
2 7594
1 487
2 5037
1 704
2 4646
1 7333
1 4471
1 9170
2 1031
2 5307
2 7693
2 7892
1 3133
1 1899
1 7761
1 546
2 938
1 2824
1 9155
2 6717
1 7622
2 7444
1 1310
2 1653
1 940
1 1973
1 6405
2 7958
1 2246
1 5051
2 3753
2 3992
2 7410
1 4530
1 9425
2 7394
1 4291
2 6372
2 6716
1 9878
1 8144
2 5464
1 4716
2 3368
2 630
1 1999
1 6088
1 727
1 2390
2 6829
2 7548
1 9006
2 4384
1 7708
1 2196
2 2181
2 4897
1 7645
2 4824
1 9134
2 3591
2 1921
2 2380
1 9052
1 8523
2 7256
1 5794
2 366
2 7314
1 2515
2 983
1 8874
1 8004
1 5440
2 6980
2 5710
1 3736
1 9906
2 7717
1 6708
1 9538
2 7575
2 8057
1 5109
2 3048
2 3771
2 5328
1 4442
1 819
1 4219
2 4109
2 5586
1 6135
2 4972
1 7204
1 9132
1 2877
1 9370
2 2229
2 6365
1 503
2 5124
1 4344
2 7496
2 2792
2 9878
2 2082
2 8163
1 9108
1 7138
2 8348
2 2779
2 5795
1 3788
2 2575
2 4285
1 9354
1 1891
1 8109
2 6096
1 7709
1 7720
1 1146
1 3690
2 2947
1 8892
1 5813
1 6726
2 8303
1 8236
1 9091
2 4647
2 8947
2 9364
1 7480
2 7592
1 1645
1 4408
2 381
1 8674
2 945
1 1428
1 8014
1 3468
2 5403
2 7197
1 4755
1 9733
2 6935
1 7840
2 4574
1 5805
2 7038
1 7612
2 92
1 1078
2 7686
2 5195
1 5872
1 5385
2 2139
1 547
1 7549
1 2810
1 593
1 1952
2 2583
2 6341
1 6728
1 8066
2 4170
2 8483
1 1280
1 50
1 8683
2 5328
2 4751
1 5340
2 5886
2 4262
1 2933
2 1932
1 1662
1 6610
1 3053
2 4129
2 3579
1 3875
2 9584
1 1721
2 7282
1 4115
2 9200
2 648
2 8708
1 1016
2 9185
1 693
1 8968
1 56
1 842
1 7863
1 8185
2 2195
2 2549
1 1936
1 1865
1 9397
2 5631
2 6408
2 5083
2 7886
2 9895
2 1326
2 1159
1 6619
1 8339
1 1400
2 3974
1 3166
2 2465
1 8704
1 650
1 9827
1 4455
1 8210
1 1287
1 8468
2 7461
2 7616
2 3175
1 4913
2 5507
1 6694
2 1836
2 3940
1 9433
1 9402
1 2831
2 4676
2 9470
2 2363
1 9268
1 6873
2 335
2 8196
1 5408
2 2703
1 5558
1 236
2 6803
1 3092
2 6834
2 9713
2 8916
1 958
1 6136
2 9445
2 2579
2 5471
2 4077
1 9837
2 1311
2 9532
1 46
2 5036
1 139
1 1264
1 513
2 8987
2 1945
1 1125
1 8111
1 5061
1 6783
1 1888
2 2405
2 8649
1 5449
1 7030
2 7823
1 9528
1 3660
2 1490
1 5377
1 2877
2 2371
2 9140
1 2407
2 4013
1 2496
2 2483
2 6175
2 2093
1 9419
1 6730
2 802
2 3605
2 2738
2 3598
2 1909
1 1168
1 6704
1 3090
1 1095
1 2204
1 8151
2 5500
1 6464
1 41
2 8323
1 7040
2 5063
2 7863
2 8202
1 7240
2 3912
1 5718
2 956
2 2262
1 3060
2 4075
2 2028
1 5286
1 282
2 8667
2 7903
2 8972
2 6933
1 373
2 5139
2 7236
2 4435
1 7221
1 4858
2 6137
2 9287
1 5663
2 1227
2 6716
1 2164
2 8007
1 5535
2 7154
2 1347
1 9615
1 2954
1 9201
1 8367
1 3813
1 6114
2 7673
2 4573
2 8854
1 5420
1 8926
1 1122
1 5309
2 7696
2 7471
2 8801
1 7782
2 6734
2 5153
1 4372
1 9924
2 5435
2 8120
1 4680
2 4674
2 3026
2 7937
1 7009
1 746
1 3604
2 1486
2 4836
1 770
2 6389
2 9056
1 6683
2 3791
1 9679
2 5062
2 9441
2 3627
1 3943
2 7224
1 217
2 9049
1 3779
1 9795
2 6832
1 1689
2 6951
2 1067
2 991
1 722
2 3592
2 4585
1 5951
2 8986
1 1836
2 7850
1 8442
1 4046
1 5842
1 9269
1 8096
1 9671
2 4026
2 685
2 3846
1 2817
2 7866
2 7614
1 7054
2 6871
2 8312
2 786
1 3433
1 1386
2 2402
1 1583
2 4825
1 8012
1 9186
2 3900
1 3067
2 3957
1 5694
1 2723
2 3092
1 3373
1 4031
1 9881
2 6080
2 7804
2 7439
1 5316
1 1694
2 4295
1 9122
2 3588
2 4780
1 355
1 7853
2 8700
1 6260
1 8967
1 2706
2 7757
2 5776
1 2676
2 6659
1 1921
1 665
2 5370
2 1346
1 175
1 8797
2 8317
1 5837
1 2025
1 6999
1 161
1 2319
1 5081
2 8612
2 5147
1 981
1 7445
1 5065
1 5297
1 9856
1 5879
1 3500
2 9831
1 9524
2 1847
1 9645
2 8324
1 6579
1 4894
2 5329
2 1518
2 7096
1 1314
1 8990
1 1426
1 8236
2 2932
2 8485
2 3713
1 1126
1 3500
1 8610
2 3253
2 5501
2 5698
2 7071
1 6978
2 9831
1 1243
1 6738
1 5367
2 110
1 3031
1 2468
2 7584
1 2365
1 3653
1 646
2 1823
2 3599
2 5256
1 8091
2 2512
2 631
2 5585
2 3501
2 4429
1 9633
2 3066
1 1812
2 159
1 1659
1 2384
2 989
1 7632
1 6471
2 126
2 8864
2 2638
1 1247
2 134
2 6696
1 7269
2 2676
1 6754
2 3341
2 2101
2 4540
2 7140
2 8244
1 87
1 6850
1 9663
2 9072
2 735
1 5505
1 9099
1 8107
2 6196
2 4969
1 3453
1 6529
2 1571
2 7570
2 5284
1 890
2 3104
1 1965
2 7769
2 9014
2 5267
2 1027
1 6677
2 6751
2 4037
2 5929
1 5665
2 8788
1 2367
1 1810
1 7764
2 9374
1 7213
2 3716
2 3393
1 3299
1 1820
1 4474
2 4670
2 2996
1 5820
2 2494
2 7259
1 4266
1 3094
2 6020
1 4378
2 3281
2 2559
2 2615
1 5237
1 7079
2 4884
2 6504
1 3382
2 5735
1 3927
1 1202
2 7921
1 2164
2 7026
1 8142
2 6424
2 9779
2 271
2 8602
2 6440
2 8187
2 826
2 6
1 1561
2 1834
1 8795
2 4019
2 1154
2 1210
1 5512
2 2323
1 2309
2 3815
2 1331
2 508
2 2314
1 6552
1 7559
2 1097
1 8401
1 7272
2 1306
1 3563
1 3703
2 5493
2 4551
2 7181
2 7851
1 6194
2 4082
2 571
1 4422
1 4355
1 4126
1 4800
1 9689
2 5876
1 8779
2 759
2 6837
2 9523
1 1096
2 1217
2 1338
1 9329
1 4862
2 5292
2 3585
2 6470
2 2769
2 6801
1 4890
1 7357
1 5232
1 9330
1 7386
1 5725
2 6993
1 3871
1 7719
2 3685
1 1040
1 2415
2 7053
1 402
1 937
1 2627
1 7521
1 9910
2 827
2 2895
1 3938
1 9893
1 504
1 7493
2 8878
1 2704
1 278
1 4123
2 4927
2 9512
2 1534
1 5046
1 7786
1 6201
1 6740
2 2517
2 8693
1 5629
2 2679
1 1668
1 6815
2 6429
2 3879
2 9323
2 6646
1 1490
1 8337
2 3956
2 7208
2 2362
1 1728
1 9540
1 6664
2 2220
2 7692
2 1219
1 4953
2 6678
1 8338
1 5041
2 4162
2 3490
2 9430
1 8800
2 5041
2 4179
2 9307
1 7701
2 6742
2 6529
1 3277
2 6063
2 2010
2 2990
2 3095
1 8198
2 3357
2 8959
1 3794
1 3973
2 1585
2 633
1 3599
1 3080
2 4840
1 6363
1 5393
1 9748
2 9981
1 7275
2 2643
2 4558
2 2603
1 2821
1 2089
1 6896
1 5856
1 8445
1 8676
2 2341
1 7373
2 5902
1 3611
1 1780
1 671
1 8495
1 4630
1 2495
2 1166
1 1019
1 5920
1 4491
2 7106
1 5965
2 7794
2 9048
2 9837
1 9589
1 1616
1 1853
2 8917
2 4126
1 3991
1 1333
2 5760
2 3832
1 8214
1 9856
1 8660
2 2727
1 2111
1 9617
1 4901
2 4996
1 8516
2 1140
2 4177
1 6068
1 5948
1 4933
2 8716
1 7507
1 8088
1 9703
1 961
1 3808
2 5422
1 829
1 6438
1 7008
2 6512
1 6647
2 1529
2 1529
1 944
1 7645
1 9134
1 9633
2 4642
2 3402
2 7829
2 7923
1 4732
1 1959
2 8577
1 8929
2 5959
1 2536
1 1723
1 3150
1 565
2 6332
2 3329
1 7829
1 1644
1 3336
1 4854
1 6156
1 9917
1 1118
2 8057
1 1088
2 4485
2 7100
2 9553
2 7487
2 7213
2 1860
2 4662
2 1322
2 9297
2 787
2 4151
2 5194
1 5664
1 331
2 4732
1 9453
2 1190
1 4467
1 442
1 2610
2 2730
1 9897
1 8019
1 2310
2 8266
1 2933
2 6416
1 9036
1 2318
1 5950
2 5987
1 8580
1 2445
1 4699
1 6872
1 8893
1 8339
1 2809
1 9195
2 7717
2 1973
2 2632
1 6017
2 632
2 3506
2 8609
1 8109
2 3615
1 655
1 7134
1 3014
2 9569
1 7147
2 9990
1 3428
2 7990
1 9422
1 1785
1 5594
1 4216
1 3506
2 7265
1 3206
2 3315
1 4915
2 4480
2 4600
1 9349
1 5045
2 6998
2 4362
2 7027
1 4614
2 6314
2 7717
2 4273
1 530
1 3934
2 5572
2 3178
2 1273
1 6917
2 6922
1 1700
2 8476
1 7602
2 4889
2 9973
1 9803
1 8398
1 5973
1 1404
1 1722
1 8862
1 8721
2 1450
1 7954
2 9079
2 2915
2 5230
2 8265
2 1440
2 8944
2 7074
2 1262
1 9078
1 8152
1 4176
1 1032
2 1366
2 6596
1 1941
1 1479
1 2681
2 4290
1 9237
2 6595
1 108
2 8678
1 3708
1 6818
2 3821
1 3508
1 869
1 9161
2 9648
2 6226
2 3911
1 8913
2 6389
1 5041
2 7620
2 3044
1 8347
1 7842
1 8262
2 8472
1 1398
2 9519
2 9646
1 6566
1 7875
2 5571
2 542
1 1326
2 8081
2 8733
2 1916
1 6602
1 4772
2 5089
1 3000
2 804
1 2333
1 5930
1 1829
1 5397
1 5274
1 7432
1 8263
1 7559
1 8475
1 903
1 3676
2 8626
2 3033
1 7170
1 2418
1 1130
2 9229
1 1526
1 7959
1 5127
1 8170
1 9651
1 5098
1 489
2 1945
1 5236
1 971
2 7046
2 8394
2 9479
2 1534
1 6044
1 3859
1 510
1 8872
2 8963
2 7649
2 6471
2 3628
2 203
1 4244
1 311
1 3423
1 875
2 380
2 7195
2 7867
2 2718
1 2264
2 7435
2 9202
1 2986
2 3066
2 4896
1 8008
2 8073
1 609
2 1979
2 7153
1 8935
2 8445
2 3937
2 8908
1 6680
2 8498
1 5796
2 2746
1 3117
2 9843
2 1072
1 2482
2 9216
2 736
2 1101
2 8036
2 2806
1 3709
2 1485
1 5374
2 221
1 7875
1 6695
1 2199
1 2301
1 87
1 9693
2 2664
1 9965
1 4981
1 2316
2 3366
2 9299
1 2552
1 494
2 3208
2 390
1 6426
1 7775
1 1788
2 6901
2 8393
2 3258
1 4205
1 3898
1 6289
1 416
1 1490
1 1226
1 2342
1 4566
2 4723
2 945
2 194
2 3199
2 5763
2 105
1 7469
1 751
2 2768
2 2487
1 3488
2 9231
2 2095
2 3831
2 6160
2 6987
2 9626
2 673
1 693
2 6430
1 2322
1 796
1 2200
2 2884
2 2729
2 3461
2 2285
1 664
2 6935
2 1003
1 3118
2 3506
1 6273
1 201
1 2229
2 9792
2 4295
1 9506
1 6674
1 2705
1 8821
1 9607
2 4847
1 5154
1 9838
2 1500
2 6226
2 7411
1 57
2 3662
1 7941
2 953
2 1788
2 9353
2 7589
1 3376
2 8335
1 392
2 6253
1 1082
1 7925
1 5380
2 4823
2 4318
2 3827
2 7259
2 4348
1 4611
1 400
1 7268
2 1561
1 5081
1 5376
2 5066
1 4012
1 539
2 934
2 6960
1 7379
2 760
1 1855
2 9625
1 5440
1 7970
2 3491
2 3791
1 4726
1 9322
1 9839
2 8070
1 3818
2 2825
2 3776
2 1820
2 2501
1 5121
2 5101
1 592
2 3906
1 7980
1 427
2 4804
1 3911
1 8416
2 1771
1 64
2 5897
1 1603
1 703
1 8875
2 6700
1 152
2 5272
2 1586
1 4945
1 3426
1 7642
1 8839
1 497
2 2806
1 9059
1 4933
1 5759
2 7256
1 1213
2 7470
1 1150
2 6046
2 4819
2 747
1 6745
2 6729
2 3656
2 3784
1 2973
2 2390
1 442
1 6885
1 5663
2 1951
1 9009
1 9780
1 4422
2 8027
1 7150
1 2501
2 7398
1 3970
2 2902
2 3815
2 8832
2 4463
2 6314
1 7878
2 2705
2 8231
2 9738
2 6794
1 5492
2 8060
1 5483
2 8475
1 8654
2 3450
1 7004
1 7421
2 8426
2 9353
1 6160
1 6206
1 8068
1 2731
1 5907
2 2565
2 794
1 8513
2 8093
2 5820
1 1321
2 3736
2 5064
2 548
2 9732
2 1
2 8355
1 4844
1 1095
2 8890
2 7907
2 7453
1 7277
1 453
2 7505
2 7750
2 584
2 6545
1 7169
2 5656
1 4617
1 9735
2 3771
1 2306
2 1153
1 5868
1 9376
1 6988
1 372
2 6461
2 8182
2 7189
1 178
1 9326
1 6199
2 3518
1 7869
2 4604
1 2362
1 3973
1 3891
2 4964
1 812
1 5316
2 2589
1 2548
2 5178
2 3942
1 6000
1 5699
1 6984
2 3683
1 5222
1 2208
2 4260
2 1301
1 9041
1 1061
1 510
1 7157
2 1199
1 8674
2 1634
2 5601
2 152
1 2588
1 4605
2 1189
2 2386
2 3628
2 3589
1 493
1 519
2 6665
2 6300
1 2781
2 2780
2 1662
1 9632
2 2413
1 4773
2 1524
2 8848
2 3241
1 9259
1 6325
1 5097
2 4998
2 2812
2 1364
1 4369
1 7472
1 3984
1 8238
2 8262
2 9665
2 1359
1 7721
1 65
1 1695
2 3220
2 1810
1 5841
2 4593
2 6019
2 1054
1 3344
2 6707
2 1512
2 7285
1 1401
2 7264
2 3359
2 5355
2 1700
2 2472
2 6801
2 445
2 8364
2 9541
2 3301
1 1145
1 6847
2 4270
1 7372
1 3709
1 1824
1 9168
2 3120
1 5755
2 4200
2 8477
1 487
2 6033
2 5242
1 3184
1 1975
1 9476
1 4483
2 3576
1 5061
2 3841
2 5166
1 4270
1 2743
2 1746
2 6680
2 4954
2 7807
1 6797
2 9465
1 7003
2 1612
1 1488
2 9350
2 169
2 9459
1 6158
2 2034
2 7349
2 445
2 5258
1 8835
1 102
1 8380
2 2486
2 5863
1 7830
2 4584
2 4601
2 5874
2 1049
2 1415
1 5342
1 2864
1 1024
2 2118
1 7679
1 8269
2 1558
1 4221
2 6855
1 9740
1 368
1 3227
2 7115
1 7083
2 666
2 9772
1 5215
2 9999
2 4482
1 4449
2 6304
1 2046
1 8365
2 9889
1 6524
1 3490
2 6730
2 8508
1 9927
2 8825
1 4950
2 8687
2 9158
1 100
2 8609
1 4700
1 5185
1 171
2 1342
2 246
2 1975
1 5048
1 1315
2 3466
1 8979
1 7702
2 5142
1 8365
1 7720
1 4395
1 6691
2 2795
1 2578
2 1765
1 9113
1 477
2 3172
1 6883
2 1798
2 9911
2 6016
1 3984
2 9234
1 3892
2 8318
2 583
2 8809
2 9103
1 8597
1 4488
1 9106
2 8416
2 9547
2 6999
2 4907
1 8828
2 4431
1 3965
1 9197
1 2672
1 6820
1 9914
1 6405
2 2009
1 9010
1 8621
2 2358
2 608
1 7977
1 9083
1 9373
2 2661
1 7374
1 6485
1 977
2 7094
1 507
2 3206
1 7634
2 7496
2 4085
1 5400
2 3071
1 1491
1 3669
2 6605
2 7311
2 5982
2 4074
1 5654
1 6416
2 5277
1 5058
2 5721
2 2494
2 3
2 3014
1 2365
1 235
1 9233
1 8102
2 9842
1 4431
2 7308
2 8520
1 1621
1 2852
2 6136
2 7211
1 4631
2 1056
2 4732
2 6897
1 5119
2 4664
1 3574
1 2320
2 768
1 2310
2 6317
1 8592
1 6036
2 5486
1 3426
1 1513
1 3745
1 6247
2 3945
1 5381
2 9324
2 1637
2 6165
2 761
1 6314
1 4839
1 4177
1 6746
1 603
2 2697
1 4403
1 229
1 2977
2 8002
1 3200
2 4980
1 1546
2 8019
1 3159
2 7891
1 476
2 9401
1 7356
1 6645
2 4960
2 2233
1 759
2 3222
1 3913
2 7370
1 2341
2 649
2 6938
2 2700
2 5396
2 1422
1 1280
2 7133
2 956
1 3159
1 7071
2 6282
2 1446
2 5532
2 2444
2 6872
1 4600
1 7931
1 7968
1 2004
2 7853
1 4294
2 2018
2 42
1 83
2 6362
2 5446
2 2453
2 8873
1 379
1 3352
2 715
1 8899
1 5119
1 6794
2 8644
1 1867
2 576
1 9191
2 3570
2 7512
1 6782
2 4656
2 8832
2 1992
2 4100
2 1707
1 3255
2 843
2 7349
1 5419
1 8393
1 8403
2 4357
1 7893
1 1838
2 8055
2 6526
1 711
2 89
1 9690
1 6743
2 1601
1 8039
2 1933
2 7027
1 3619
2 698
2 8106
1 2649
1 8940
2 2514
2 1075
1 190
1 515
1 6579
2 7750
1 773
1 7295
2 6859
2 2273
1 7237
1 9352
2 3378
1 4818
1 6767
1 2860
1 4554
2 4428
2 7421
2 9477
2 480
2 3596
1 782
2 3665
1 461
1 3089
2 7208
2 6024
2 7360
1 3728
1 7229
2 7937
1 3969
2 2303
2 4139
2 5303
2 7623
2 6155
1 2765
1 1932
1 6818
1 4430
2 4415
2 7470
1 1543
1 8042
1 2108
2 8276
1 1956
2 2010
1 6178
1 4346
2 8676
1 4400
1 5926
2 2497
2 7121
2 9460
1 4734
2 8089
1 5111
1 8342
1 4735
1 2859
1 3808
2 7013
2 1558
1 8811
1 3625
2 8972
2 6497
2 1203
2 8968
1 473
1 822
2 7782
2 879
1 8369
2 4015
2 1751
2 484
1 1907
2 6413
2 8322
1 9094
1 3404
1 8334
2 3413
1 5489
2 1902
1 7342
1 5458
1 9497
2 515
2 4213
1 4659
2 7573
1 3884
1 5125
2 8184
2 168
2 1770
1 1206
1 2858
1 9877
1 6391
1 273
1 8700
2 9802
2 9544
1 1934
1 3023
2 3677
1 1746
2 6284
1 6491
2 3599
1 2300
2 4523
2 951
1 6509
1 8543
2 7536
2 4813
2 7721
2 472
2 221
1 8505
2 697
2 1253
1 6313
2 8221
1 7817
2 3785
2 9239
1 3789
1 9413
2 9640
1 9665
2 9802
1 2478
1 5414
1 4827
1 1220
2 7042
1 2513
2 351
1 2825
1 1452
1 6466
2 8982
2 8846
1 5026
2 6466
2 7456
1 5836
2 9181
2 10000
2 7621
2 483
1 6210
1 2051
2 1890
2 2160
1 6368
2 6456
1 9890
1 961
2 3978
2 4185
2 1104
1 7177
1 6749
2 5164
2 4993
1 9266
1 3144
2 2111
1 8292
1 1447
1 1078
2 5595
2 6287
1 5084
1 6251
2 2638
1 4454
2 918
2 86
2 1519
2 761
1 3635
2 3010
2 9898
1 5902
2 2290
1 2171
1 3922
2 743
1 4502
2 5664
2 9043
2 7722
1 9546
2 9212
1 5211
1 5921
2 4208
2 8156
2 7990
1 6705
2 6212
1 4916
1 4505
2 6701
2 7467
1 1471
2 5541
1 1900
2 2875
1 8629
2 9054
2 1243
2 5294
2 3099
2 390
2 1871
1 144
1 3097
1 8069
2 2219
2 8196
2 239
2 9720
2 5147
2 4613
2 5271
2 5694
1 9198
1 7278
2 7892
1 8445
1 9117
1 8098
2 8500
2 5712
2 3484
1 1584
1 8673
1 9534
2 3795
1 2611
2 248
2 9414
1 2310
1 4982
2 6620
1 5102
2 1643
1 5332
1 4565
2 1709
2 9829
1 6649
2 7192
1 939
1 7892
2 8306
2 4792
1 662
2 3185
2 9629
1 9517
1 6854
1 802
1 3546
2 9638
1 7966
1 2429
2 5398
2 3727
2 9562
1 1963
1 2536
2 9586
2 660
2 5543
1 7600
1 1114
1 6136
1 2184
2 3364
1 5084
2 8771
1 9076
2 3677
2 9455
2 2491
1 8197
1 7967
1 1530
2 4214
1 5787
1 99
1 7511
1 6555
1 5965
1 905
2 3024
2 9
2 6690
1 6663
1 9180
1 2561
2 9023
1 6052
1 976
2 95
1 9822
2 2922
1 4962
2 5490
1 1127
1 2210
2 7184
2 6561
2 2469
2 1636
2 5523
2 2470
1 1803
2 4075
2 7691
1 344
2 7307
2 1754
2 87
2 4181
2 836
2 4416
2 4993
2 9086
1 2327
2 9212
1 5449
2 1566
2 7811
1 6983
2 9686
1 1610
2 8950
2 1937
1 8726
2 3669
1 4802
1 9128
2 2644
1 4353
2 4592
1 3582
2 7577
1 7668
1 693
1 2742
1 6740
1 6548
1 2528
2 5247
1 9447
2 9866
1 3093
2 1523
2 4107
1 7488
2 3882
1 2616
2 3947
1 270
2 7498
1 2937
1 4257
1 5824
1 8263
1 3041
2 6854
2 3422
1 4508
2 4663
1 5684
1 5041
1 5316
1 1888
2 9505
2 3184
1 6902
2 5856
2 8759
2 2873
2 496
1 2489
2 977
1 1211
2 2685
1 2404
1 8746
2 1096
2 8752
1 9570
1 7896
2 4666
2 6767
2 7346
1 6714
1 62
1 2519
1 483
2 5865
2 2484
2 4795
1 162
2 4449
1 5192
1 8682
2 673
1 2780
1 8797
2 9542
1 6589
1 3596
2 3739
2 8319
1 2889
2 7952
1 837
1 2888
2 4599
2 7879
2 8067
1 6734
2 1161
2 5174
1 7866
1 836
1 5456
1 3287
2 2811
2 8188
1 9466
1 9544
1 7206
1 4066
1 4654
2 9281
1 7200
1 4565
1 9846
2 9772
2 815
2 1961
1 7796
2 7294
2 3171
1 7181
2 3097
1 136
1 8151
2 620
2 6988
1 3340
2 2874
1 3496
1 8960
2 8033
1 7093
2 6930
1 1917
2 6253
1 549
2 3690
1 9504
1 3197
1 8614
2 5741
1 8153
2 7709
2 664
2 1895
2 559
1 7272
1 1311
2 2038
2 4732
2 7591
1 9313
2 9419
1 671
1 9846
1 4886
2 2365
1 5452
1 7507
1 7383
2 975
1 5099
1 1217
1 6082
2 3691
2 9486
2 2774
2 1075
2 2340
1 5188
1 1976
2 8866
1 155
2 4715
2 7481
1 3028
2 2177
1 1245
2 8255
2 6350
2 2457
1 8641
2 6904
2 7027
1 6545
1 5805
1 3139
1 9469
1 5760
1 1693
1 997
1 8750
1 1456
1 9286
2 3386
1 5949
2 902
2 4334
1 3792
2 1188
2 6548
1 4836
2 8376
2 9811
1 1283
1 1104
1 6072
1 3834
1 5281
1 1861
1 5406
1 935
2 3512
1 3957
1 5262
2 2856
2 3169
1 6854
2 741
2 4678
2 7476
1 8914
1 2651
1 144
2 8945
1 9228
2 524
2 5548
1 2478
2 4987
1 1908
1 4728
2 5045
1 6463
1 7729
2 3089
2 3243
2 872
1 7535
2 783
1 8617
2 4349
1 7073
1 6220
1 3218
1 6816
2 1431
1 9357
1 3640
1 9841
2 6144
2 7505
1 8704
1 2167
1 1382
1 4224
2 8640
1 7818
2 611
2 6876
2 7853
2 7861
1 5703
2 3817
1 4930
1 651
1 5004
1 4175
2 7439
2 7335
2 7025
1 6361
1 5239
2 1012
1 9212
1 7790
2 7671
1 796
1 7304
1 42
2 7375
2 3013
2 4620
2 901
1 6372
2 7481
2 9656
2 3116
2 289
2 4472
1 5035
1 6278
1 1906
1 2486
1 2473
1 2443
2 4826
2 9071
1 2112
2 6156
2 1873
1 7993
2 9551
2 7550
2 6322
1 7313
1 1944
1 8151
1 5792
2 8943
1 3641
1 7297
1 8997
1 2288
2 9321
2 3595
2 1646
1 7756
2 2572
1 9363
1 1175
2 3769
2 6472
2 3017
2 7296
2 9730
2 1642
2 3729
2 7526
2 7506
1 2824
1 8330
2 2572
1 1441
2 3029
1 9521
2 9027
2 1367
2 6088
2 5728
2 8294
1 4874
1 7697
1 3151
1 72
1 7937
2 4607
1 7598
2 6727
2 7741
2 3189
1 1701
2 3203
2 5452
2 9711
1 2786
2 918
2 1514
2 825
2 3988
2 5975
1 457
1 9494
1 157
2 1256
2 8997
2 3526
2 103
1 2018
2 5841
1 8513
2 7690
2 7823
1 6595
1 5246
2 7320
2 3820
2 1457
1 4452
2 2549
1 8944
2 1859
1 1607
2 1604
2 4461
2 602
2 9766
2 4791
1 8242
1 8087
1 2237
2 2619
1 5827
2 8762
2 110
2 531
1 2069
2 6037
2 5790
2 4721
2 4608
2 1667
2 6078
1 9623
1 2908
1 4402
2 7868
2 4813
2 9287
1 6684
1 7378
1 183
1 4714
2 3266
2 6465
2 7511
1 3815
1 5692
2 8305
1 7208
2 700
2 3252
1 4514
1 4983
2 1579
1 7993
1 8310
2 5579
2 2297
2 7486
1 9305
2 4031
1 8126
1 6479
1 3676
1 220
1 7128
1 5240
1 7354
2 7423
1 1988
2 2428
1 5346
1 9860
2 6741
2 235
2 1184
2 3377
2 5823
1 4233
3
