5892
1 6597
2 5603
2 365
1 4588
1 1389
1 3766
1 9174
1 5540
2 6927
1 3588
1 7917
2 514
1 9790
2 5814
1 9348
2 1613
1 4176
1 6995
2 3985
1 6608
2 4546
2 8667
1 4382
1 6513
1 9287
2 4086
1 1353
2 9753
1 7877
2 9004
1 2120
1 893
2 7787
2 9732
1 3292
2 1994
2 6236
2 4715
2 2023
1 2975
2 2219
1 5345
2 4390
2 8107
2 6177
2 1569
2 7178
2 169
2 26
2 314
1 3990
1 9150
2 9257
2 1255
1 6301
1 917
2 7416
1 6786
2 220
1 1546
1 3658
2 2754
1 9370
2 7551
2 2583
1 4510
1 2406
2 1680
1 3939
2 1195
2 1502
2 4891
2 2324
2 7697
1 373
1 6725
2 5899
2 1133
1 1448
1 7378
1 6773
2 7885
2 1766
1 1251
1 6889
1 2893
2 5387
2 7715
1 4881
2 6661
1 3235
1 3809
1 5358
1 9411
2 8739
1 8322
1 1891
1 26
2 784
1 2215
2 1590
2 9632
1 5840
2 6977
1 2326
1 7348
2 9325
2 8011
2 7493
1 8628
2 1697
2 370
2 4301
1 9161
2 7661
2 2593
2 2518
1 1000
2 1179
1 1354
2 450
2 57
2 752
2 61
2 47
2 20
2 75
2 5
1 7604
1 885
1 8029
2 1593
1 7593
2 6037
2 9253
2 5809
2 1020
2 312
1 5615
2 5339
2 322
2 13
1 6616
2 744
1 3473
2 8834
1 2048
1 37
2 318
1 4355
2 2316
1 5622
1 3388
2 141
1 7158
1 8570
2 3856
1 7171
1 9966
1 8735
2 594
2 6875
2 6048
2 1712
1 9118
2 8941
1 1227
2 8355
1 2029
2 1218
2 3464
2 4897
2 8439
1 7741
1 2363
2 4162
1 3473
1 8579
2 2163
1 2552
1 9658
1 8434
2 6945
2 3118
2 8037
2 1395
1 4828
1 197
1 5555
2 4018
2 5910
1 5716
2 6605
1 4894
2 2127
2 9934
1 8239
2 7918
2 4568
1 7972
1 6898
2 6248
2 5307
2 1542
2 3496
1 7943
2 2826
2 4384
2 6701
1 5548
1 3352
2 1762
2 22
2 2138
2 4221
2 9129
1 1654
2 3120
2 556
1 1624
2 1622
2 30
2 5
1 5415
2 1538
1 9025
1 8997
1 3831
1 6914
1 3677
2 420
1 3664
2 4145
2 2066
1 9696
1 2775
1 9386
1 5950
1 3627
2 3172
1 1297
2 517
1 7110
1 2447
2 5526
1 9161
2 6624
1 5999
1 1015
2 5091
2 2680
2 6418
2 3782
2 2032
1 1228
2 1561
2 9972
1 3577
2 9898
2 7649
1 2774
1 4030
2 9645
2 8411
2 3801
1 1423
1 5454
1 8267
1 29
1 9685
1 2987
1 6475
1 2164
1 2942
1 4344
2 9173
1 5285
1 4370
2 8655
1 8520
1 251
2 4069
2 1649
1 5360
1 3034
2 313
1 6764
2 720
2 6229
1 4046
1 4184
2 6420
2 2994
2 7836
2 4765
1 685
1 9744
1 730
1 5642
2 4239
2 92
1 9793
1 5248
2 4867
1 9473
2 8290
2 109
2 9163
2 3496
1 3967
1 2796
1 9158
2 5627
1 3021
2 9563
2 2630
2 7417
1 2326
2 4164
2 3459
1 8044
2 4034
1 1339
2 402
2 6612
1 5789
2 348
1 8976
1 9393
2 449
2 3144
1 2764
1 3354
2 8617
1 5016
1 9695
1 4152
2 6355
2 6631
2 5365
1 6563
2 3590
1 6796
2 1866
1 873
2 7017
2 7819
1 7391
2 1652
1 479
2 6147
2 3053
2 601
1 6780
1 8502
1 6571
2 8159
2 2706
1 529
1 8222
1 7750
2 6613
2 2938
1 5546
1 1412
1 9778
1 3556
2 7128
1 3071
2 7351
1 5131
2 7456
1 3234
1 5491
2 954
2 5880
1 9047
2 3379
2 7413
1 8236
1 1656
1 6298
2 885
1 5176
2 5315
1 4710
1 8802
1 5880
1 5844
2 6978
2 9445
1 6866
2 6615
1 2287
2 7658
2 6989
1 7179
1 3260
1 4334
2 7198
2 5332
2 1959
2 1649
1 3883
2 8613
2 5314
2 880
2 9201
1 6095
2 1342
1 8995
2 1073
1 7889
1 8189
1 1142
2 3549
1 6491
1 7706
2 6650
1 365
2 5464
2 2029
1 7228
1 7101
1 3221
2 1608
2 1810
1 5700
1 3140
2 3940
1 3663
2 1572
1 2837
2 4643
1 9346
2 654
1 956
2 9966
2 5121
2 440
1 7665
1 235
2 2657
1 6611
1 2313
2 6324
2 620
1 8081
2 4638
2 9982
1 4026
2 8542
1 1762
1 5722
2 9159
1 7012
2 216
2 77
1 8114
2 9547
1 722
1 8629
2 4744
1 4883
2 6508
2 1897
1 2153
2 8020
1 4138
1 7821
2 4216
2 4504
1 6474
1 8821
2 957
2 1208
1 2582
2 4829
2 1954
1 5465
2 5415
2 7591
2 9341
2 5328
1 5018
2 2851
2 7853
2 8785
1 6409
1 4753
1 2717
1 430
2 5055
1 2549
2 5105
2 432
2 695
1 3009
1 5328
2 5134
2 4438
2 5981
1 5437
2 9070
2 1757
2 5135
2 8572
1 526
2 2119
2 6617
1 7051
2 4492
2 1393
2 2943
2 8313
2 5032
2 4179
2 4200
1 9671
1 5820
2 5139
1 6010
2 8247
2 3986
1 7655
2 3191
2 9334
2 9193
1 3015
2 7267
2 7581
1 3229
1 8080
1 3112
1 3459
2 3173
2 8711
2 3647
1 9855
1 9061
2 2958
1 8595
2 1354
2 9086
2 5631
1 5255
2 2772
1 993
1 9400
2 2934
2 9560
1 9884
2 40
1 2772
2 1360
1 426
1 6367
2 1017
2 638
1 1580
2 8799
1 8274
2 9381
2 5458
2 9594
1 2922
2 4068
2 4854
1 6237
1 2237
1 2197
1 183
2 4123
1 1344
2 9722
2 1292
1 312
1 2009
1 1014
2 401
2 2997
2 2047
1 7491
1 4690
2 992
1 6984
1 9197
1 5860
2 8521
2 6916
1 3343
1 1026
2 4882
1 5262
2 2179
1 3007
1 5447
2 1597
2 4905
1 2727
1 5567
2 9455
1 6233
1 9335
1 3146
2 5797
1 2866
1 1545
1 673
2 8920
2 4526
1 1645
2 5792
2 990
1 1757
2 3200
2 5866
2 4303
2 5433
2 3780
2 121
1 4389
1 5906
2 1381
2 3751
1 8999
2 9061
2 4268
2 400
1 7916
1 18
2 2071
2 5860
1 1768
2 813
2 569
2 388
1 2369
1 5666
2 2220
2 2468
1 4719
1 122
2 7708
2 939
1 2572
1 409
2 126
2 2574
2 208
2 14
2 33
1 6611
2 6180
1 6643
2 2536
1 4951
1 6063
1 7366
1 339
2 7051
1 2662
2 1550
1 839
1 7905
1 3804
2 4747
1 9577
2 1611
1 8996
2 2713
1 6626
1 7461
2 750
1 1994
2 462
2 8067
1 2874
2 8448
2 9138
1 814
1 8089
2 5594
2 1079
2 1957
2 5452
2 8518
2 508
1 8242
1 6722
1 38
2 3392
2 606
2 3934
1 8672
2 4367
1 1670
1 2041
1 7955
1 6829
1 2406
2 3404
2 750
1 9410
2 3565
1 472
2 7306
1 7520
2 3855
1 5879
1 3359
2 3808
2 646
2 3560
1 2529
1 2985
1 5003
2 7552
2 1019
2 7428
1 8687
2 2058
2 5150
2 9761
1 2607
1 1206
1 7503
1 2472
1 4913
1 2783
1 8250
1 6943
2 1611
2 1688
1 8684
2 8610
1 703
1 8602
2 684
1 5430
2 4199
2 1376
1 6930
2 7779
1 5445
2 7689
2 1346
1 9248
2 9732
1 3170
1 2894
2 6662
2 1670
2 31
1 4720
2 7882
2 8187
2 2695
1 7746
1 4433
1 9181
1 8398
2 8972
1 7434
2 4489
2 2731
1 9891
1 5547
2 7554
2 3015
2 6086
1 1472
2 3921
1 2927
1 3622
2 9182
1 853
2 7039
2 4908
2 4934
1 233
1 5063
2 1774
2 3631
2 3784
1 7324
1 8145
2 3448
2 2107
2 1765
1 9301
2 5870
2 2263
1 920
1 8425
1 5952
2 2142
2 2193
1 8663
2 2383
2 4120
2 1002
1 6770
2 1543
1 7015
1 6628
2 2000
2 5373
1 1757
2 7997
2 2579
2 82
2 1242
1 806
1 6824
2 4042
2 5058
1 3875
2 2940
1 1024
1 2728
2 1319
2 5526
1 3313
2 9290
1 2044
2 1949
2 6069
2 8834
1 8877
2 7688
1 9334
2 4618
1 2726
1 9536
2 8444
2 987
2 4481
1 7742
2 180
1 2652
2 5106
2 9590
2 7356
2 8943
1 5818
1 5274
2 876
2 2786
1 7522
1 566
2 3762
1 336
2 2620
2 811
1 7925
1 2517
1 3534
2 239
1 624
2 380
2 136
1 8216
1 2716
1 5531
2 9198
2 6476
1 5871
2 7628
2 3441
1 300
2 281
1 2317
2 4116
1 994
2 3507
2 2429
2 3798
1 127
2 4402
1 2266
1 2467
1 1352
1 452
1 5838
2 9507
1 8880
2 9424
1 5731
1 8840
2 2958
2 8883
1 4516
2 4170
1 2843
2 1549
1 4554
1 2299
2 3209
1 3684
2 4692
2 9552
1 6441
1 6361
1 528
1 2178
2 4947
2 4284
2 159
2 9718
1 191
1 5657
2 7842
2 3519
2 5920
1 7947
2 7703
2 5008
2 4988
1 9393
2 3779
1 5311
1 9163
2 537
1 6117
1 9014
1 6620
2 9252
2 2502
1 2552
1 8521
1 3065
1 695
1 248
2 8202
2 3851
2 2995
2 5274
2 5983
1 7087
2 6495
1 223
2 9306
2 8357
1 3889
2 4695
2 2057
1 5520
2 8725
2 2000
2 907
1 8267
1 9703
1 7233
1 5740
1 4194
1 476
1 6911
2 6435
2 5885
2 8159
2 5587
1 4431
2 6974
2 1732
2 4945
1 1313
2 6638
1 6941
2 6506
2 801
1 372
2 2295
2 327
1 6663
2 1488
1 1895
2 4338
1 448
1 1512
1 908
1 9793
1 5374
2 2259
1 3012
2 8344
2 4851
1 5774
1 9007
2 1234
2 7899
2 351
2 9320
2 3325
2 89
2 3657
1 7613
2 6293
2 1469
2 56
1 1851
2 553
2 692
2 409
2 159
1 9952
2 3850
1 3752
2 5378
1 900
2 4791
2 576
2 22
2 22
2 1
2 8
1 2413
2 318
2 176
2 442
2 326
1 3902
1 6580
1 7849
2 9315
2 2850
2 1217
1 299
2 3031
1 8642
1 4261
2 8347
2 7603
1 3518
1 1582
1 2524
2 326
1 48
1 4238
2 9070
2 2530
1 9058
1 2242
1 5105
2 1705
2 2896
2 530
2 4356
2 5693
1 1826
1 8035
2 8063
2 2029
1 3244
2 1911
1 2762
2 1684
2 997
2 1805
2 841
1 5662
1 8596
2 9165
1 968
1 7785
2 3544
1 6744
2 7468
2 7458
1 4499
1 6206
2 9805
2 2661
1 1086
1 8606
1 1685
2 7471
2 3074
1 6668
1 7773
2 3163
1 9688
2 8468
1 4336
2 8640
1 6837
1 499
1 908
1 1541
1 2637
1 5531
2 3328
1 4610
2 9915
2 4220
1 727
2 730
1 4061
2 3699
2 871
2 3926
1 8347
2 3199
1 7035
1 376
2 7248
2 4780
2 4573
2 2447
1 9890
1 5073
2 2806
1 5963
2 5336
1 8189
1 9782
2 5219
1 913
2 7487
1 3385
1 1512
2 7363
2 1033
1 8148
1 7729
2 3625
1 4652
2 7351
2 364
1 1684
2 7386
1 9401
1 2037
1 6834
2 8980
2 6274
1 4600
2 6221
2 5628
1 2345
2 9298
2 8928
2 529
1 600
1 3169
1 3721
1 7221
1 3947
2 8126
1 7139
2 1378
1 3723
1 2145
2 9240
1 1002
2 5016
2 6844
1 5454
1 6918
2 965
1 8169
2 2359
2 6911
2 2640
1 3225
2 900
1 9972
2 7330
1 918
2 7942
1 7134
2 847
2 8588
1 4081
1 5215
1 197
2 7199
2 4825
2 3992
1 5841
2 5238
1 1392
2 532
2 548
1 7056
1 1709
2 9751
2 421
2 54
1 3610
1 2344
2 1830
2 203
2 1174
1 3901
2 4855
1 5188
2 230
2 3495
1 5920
2 3637
2 773
2 2074
2 2701
2 43
2 103
2 28
1 7970
2 675
1 9824
1 4134
2 7116
2 74
1 947
1 8558
2 2755
2 2308
2 3790
1 1540
2 6072
1 6482
1 9997
2 8274
1 8145
1 9232
2 7303
2 4137
1 7597
2 818
2 5082
1 2604
1 6530
1 3053
1 3621
2 2608
2 6461
2 4766
2 9588
1 1701
2 2639
2 1283
2 6218
2 9740
1 4946
2 997
1 9766
1 9721
2 3511
1 3437
2 9102
2 3853
1 8393
1 6564
1 8134
2 7050
1 3863
1 262
1 8086
2 8479
2 5687
2 4573
1 6481
2 4084
1 7514
1 4761
2 5170
2 2088
1 3333
2 6208
1 1149
2 2791
1 2944
2 4957
1 7657
1 5569
2 4835
2 1480
2 3386
1 1175
2 6175
2 2807
1 8106
1 912
1 5851
1 1189
2 5242
1 6841
2 9765
2 4684
1 5281
1 8980
2 4935
2 4311
1 6258
1 3114
2 283
2 415
2 8501
2 1836
2 4186
2 9544
1 8235
2 8133
1 8945
2 820
1 7614
2 387
1 3070
1 1528
2 3264
1 9944
1 3850
1 3513
1 2044
1 6007
2 9310
1 7275
1 7234
2 764
2 3119
2 941
1 4452
2 9761
2 5675
2 8056
1 1951
2 8151
1 5774
2 3770
1 2065
1 7918
1 6037
1 6707
1 8444
2 7691
1 5965
1 9255
1 5098
1 5309
2 6368
1 7811
1 9416
2 6716
2 7662
1 9008
2 4385
2 2535
1 8003
2 6961
1 1477
1 8414
2 5225
1 9890
1 9789
2 5778
2 2775
2 4431
2 9980
1 7314
1 3002
2 2775
1 3692
1 3463
2 2504
2 2361
1 2922
2 2739
2 305
1 3638
1 9698
1 2519
2 7381
2 4898
1 9977
1 940
2 2115
2 7364
1 7427
2 8668
1 2174
2 6732
1 604
2 6437
1 7495
2 9430
1 3328
2 4042
1 7126
2 8884
1 5518
1 4106
1 3889
2 6167
2 6274
1 2855
2 2543
1 5192
1 2553
1 3546
2 2950
1 6316
1 2381
2 62
1 4164
2 6530
1 6182
2 2068
2 5647
2 3944
1 6252
2 6746
1 4809
1 7764
1 6473
1 5369
1 5119
2 8822
2 8931
1 8781
2 79
2 7812
1 7096
1 168
1 390
1 9769
2 6168
2 8820
2 2893
2 2705
1 5781
2 2105
2 5450
1 4388
1 6807
1 7341
1 7717
1 5022
1 1444
1 2101
1 3641
1 9641
1 4464
2 5383
1 2155
1 482
1 3288
1 2169
2 4394
1 2087
2 6585
1 3151
2 9928
1 3729
2 1505
2 4981
2 4800
1 5748
1 2794
1 5941
1 5317
1 5086
1 1353
1 7641
2 1564
1 1040
2 7127
1 6410
1 789
1 9272
1 1108
1 4132
2 47
2 5302
2 5006
1 351
2 6823
2 5139
2 8660
2 3732
1 5032
1 2031
1 2058
1 8146
2 1547
2 8662
1 4411
1 9961
1 7812
2 3135
1 8739
1 2500
2 4169
2 4851
1 2761
1 3823
2 6937
1 2717
1 679
2 8917
2 1278
1 9594
1 5033
2 6836
2 7670
2 454
2 6827
2 4133
2 6630
2 7701
1 1288
2 5094
2 1862
2 3649
2 1279
2 6955
1 7604
1 9391
1 473
1 4944
1 2504
1 1245
1 868
2 332
1 3644
2 4345
1 6006
1 4788
1 8522
2 993
1 4153
2 3799
1 1780
1 1493
1 5354
1 3867
1 932
1 4430
1 8783
1 8766
2 8411
2 97
2 2850
1 3727
2 3181
1 4543
2 1994
2 6232
1 4528
2 9230
1 1181
2 8654
1 5957
2 96
2 7550
1 5824
2 5524
2 5240
1 2654
2 5392
1 3853
1 9774
1 4390
1 3062
2 7357
1 1797
1 6232
2 2601
1 7852
1 830
1 9864
1 2155
1 6073
2 2902
1 9786
2 2909
2 3476
2 8662
1 7706
2 8810
1 8591
1 2505
2 9265
2 2035
1 5071
1 5912
1 7765
1 2247
2 8138
2 8037
1 6916
2 714
2 1961
1 9509
1 6362
1 1622
1 9337
1 8786
2 9569
2 362
1 412
1 7485
2 5063
1 5469
2 4046
1 9143
2 2849
1 4750
1 1333
2 3208
1 2791
1 7902
2 6540
2 9554
2 1180
2 1556
1 5981
1 2626
1 8355
2 5646
1 142
2 541
2 1208
1 5773
2 3613
2 6887
1 66
2 1163
1 6962
1 4181
1 2356
2 1758
1 2511
1 3249
1 2834
1 5232
2 169
2 5092
1 678
2 7351
2 9328
2 9426
2 4890
2 9398
1 3296
1 7246
2 2165
1 5797
1 7868
1 9668
2 4264
1 9144
1 6471
1 5884
2 3336
2 4233
2 2206
2 5808
1 2734
1 150
1 8831
2 9745
1 1950
1 6412
2 2999
1 2465
2 7939
1 8423
2 3205
1 4670
1 5313
1 2625
2 6090
2 2192
1 5725
2 3878
2 9762
2 6204
2 5324
2 2
2 5160
1 4038
2 4097
1 782
2 8428
2 4116
1 5142
2 385
1 4540
2 7999
1 169
1 2667
2 9157
2 9145
1 1817
2 9796
2 4479
2 1970
2 7148
1 394
1 5798
2 1489
1 4018
2 5187
2 6380
1 8782
2 2179
1 2859
1 2350
1 3214
1 8623
2 3124
2 6806
2 992
2 4302
1 1644
1 2977
1 9719
1 2127
1 2813
2 9418
1 2289
1 8766
2 2077
2 834
2 1704
2 3557
2 770
1 3527
1 6313
1 4659
2 5873
1 4620
2 8405
2 687
2 6990
2 5390
2 1144
1 5477
1 7975
2 4363
1 8211
1 2357
2 3779
1 2175
2 1004
2 8718
2 2727
1 2163
2 8866
2 7914
1 35
1 1043
1 7882
1 7810
2 1668
2 559
2 3486
1 484
2 6350
2 4321
1 6825
1 2571
1 8015
1 9989
1 5334
2 7453
2 8816
2 5959
2 6617
2 8767
2 5017
2 4035
2 9802
2 3614
2 6750
1 8835
1 1121
1 4162
1 9483
2 7695
1 8570
2 8894
2 4877
2 1904
1 6162
2 9606
1 205
2 4811
1 601
1 1419
1 5931
2 8124
1 9138
1 5020
1 4730
2 4070
2 5071
1 603
2 123
2 7342
2 9125
1 2308
2 9635
1 1362
2 2632
2 9971
2 7729
2 3428
1 9679
1 4370
2 7262
1 5703
2 2206
1 9908
2 9778
1 4653
2 9045
1 1946
1 751
2 4395
1 8561
1 7354
1 5715
2 7635
2 4566
1 9245
1 8324
2 60
1 2580
2 3976
1 2526
2 4704
1 7046
1 2347
2 4786
2 4182
2 514
1 5655
1 6677
1 9367
1 7076
1 3472
2 6057
2 7971
2 3289
1 9946
2 5368
1 7402
2 3770
1 3729
1 2152
1 30
2 1511
2 3480
1 608
1 2195
1 7726
2 3101
1 9964
1 4747
2 5387
1 4789
2 1134
1 5020
2 2942
2 4765
1 4606
1 5207
1 8757
1 3359
2 4799
2 7001
2 7815
1 2849
2 8083
1 2254
1 4341
2 1433
1 4633
2 7431
2 264
2 2255
2 4314
2 176
1 4263
2 4636
2 9115
1 8231
2 7465
2 8406
1 5696
2 3939
1 1719
1 2079
2 2879
2 9905
1 4911
1 2691
2 9645
2 8479
1 9489
1 1634
2 3828
2 4658
1 52
1 9773
1 6843
2 306
2 4505
1 875
1 1630
1 7067
2 7658
1 4160
1 3120
1 4935
2 9408
1 7388
2 5907
1 6952
2 2235
1 7954
2 9651
2 1378
1 1084
1 3060
2 654
2 4877
2 4457
2 2283
1 5001
2 292
2 5327
1 5862
2 6718
2 430
1 934
2 864
1 3848
1 8045
1 4472
2 5799
1 2345
1 9097
2 9446
2 3564
1 8185
1 8581
1 6482
1 6730
2 7802
2 3851
1 4087
2 8923
2 1736
2 6190
1 4212
2 3252
2 5350
1 2966
2 1960
2 7686
1 2308
1 3178
1 9040
1 4221
2 7988
1 5332
1 2015
1 2076
2 1590
1 3174
1 8298
2 8835
2 1367
2 3922
2 7550
1 2536
2 6045
1 9994
1 1176
1 7086
2 6091
2 3411
1 9261
1 4284
1 2342
1 6376
2 1948
1 2649
2 9256
2 4300
2 8416
1 1547
2 6758
2 4567
2 5204
1 2018
1 2067
1 1094
2 2272
2 3027
2 553
1 8121
1 3410
2 8043
2 6913
2 2540
2 917
2 9902
2 8131
2 5919
1 4225
1 3131
1 833
2 5039
1 1093
1 1581
1 5117
1 7610
2 3678
1 2723
1 2556
2 3771
2 2844
1 2090
1 5093
2 7966
1 1663
1 2190
1 7367
2 3976
1 434
2 7060
1 6398
1 777
1 6364
2 5137
2 4110
2 4503
1 8004
2 43
2 7805
1 5646
1 9453
2 4896
1 2612
2 2424
1 5154
1 5781
1 5698
1 9878
1 1125
2 6576
1 4146
1 161
1 4467
2 1288
2 9122
2 7368
1 2333
1 4342
1 5799
1 588
1 5985
2 6229
2 1276
1 4493
2 4987
1 3356
2 3182
2 4022
2 3826
1 361
2 778
1 1940
1 3983
1 988
2 2996
2 1877
2 5541
2 3845
2 3542
2 5384
2 6317
2 9335
1 6895
1 2940
2 9558
1 9583
1 5848
2 4989
1 4080
1 8912
1 9417
1 3896
2 7323
2 1783
2 1939
1 9353
2 3721
1 4456
1 7506
2 6483
2 4821
1 1780
2 949
1 5686
1 6198
2 3506
1 8280
1 1366
1 4486
1 2749
1 8299
1 2553
1 8949
1 4640
1 843
2 969
1 2269
1 7084
1 4656
1 2906
1 1914
2 7558
1 6603
1 9347
1 5821
2 3094
2 7256
2 9082
1 4073
2 3008
2 2554
1 7118
1 6194
1 34
1 8917
1 5202
2 8589
2 2534
2 6966
1 1973
2 4258
2 2479
2 653
1 1600
2 8064
2 7413
1 5860
2 9890
2 5803
2 8795
2 2956
1 2881
1 8141
1 967
1 522
2 1926
2 2350
1 1321
2 4276
1 7037
1 7189
2 7932
2 3791
1 9974
2 8141
2 1776
2 8419
2 7251
2 7667
1 4234
1 559
2 3056
1 1356
2 2228
2 7610
2 186
1 6846
1 2135
1 4462
1 2211
2 1154
2 107
1 1045
2 9867
2 7500
2 9790
2 8258
2 2975
1 6833
1 5115
1 7507
1 3522
1 765
2 6818
2 9657
1 653
1 7596
2 8119
2 5475
1 9848
2 2548
1 7411
2 9050
1 4339
1 3646
1 9995
2 420
2 3884
1 4457
2 1006
1 3531
1 7544
2 422
2 6835
1 8762
2 3744
2 2869
2 3860
1 781
2 2783
1 5898
2 7570
1 5881
2 3552
2 2133
2 9249
2 3448
2 1964
1 9479
2 6061
1 2406
1 9440
2 780
2 1818
2 3551
1 7298
1 7800
2 2830
1 493
2 7532
1 7588
1 7618
2 202
2 8561
2 5530
2 5328
2 7789
2 4244
1 1875
2 1724
2 9035
2 3479
1 9178
1 6631
1 4141
1 8054
1 1710
2 4554
2 3471
2 898
2 7514
1 5063
2 5095
2 3555
2 4319
2 1440
1 8168
2 61
2 1794
2 8167
1 1654
2 7641
2 1388
2 5959
1 8006
2 6435
1 6678
1 1544
2 6574
2 1538
1 4930
1 7279
2 6439
1 799
2 296
2 1750
1 3479
1 9650
1 214
1 9769
1 8931
2 7593
2 6828
2 7634
1 7398
1 1315
2 7482
2 5437
1 9669
1 474
2 832
1 2524
2 3125
2 8142
1 5237
1 2195
2 9646
1 2511
1 8963
2 8674
2 2946
2 4371
1 2795
2 6434
1 7366
1 2204
2 1347
1 4858
2 285
1 9072
2 7382
2 1036
2 577
1 5613
2 2115
1 4970
2 6352
2 9243
2 5320
1 5714
2 8769
2 9784
2 3594
1 9176
1 1143
2 2329
1 1133
2 7310
2 8413
1 2148
2 3985
1 7431
1 6915
2 7311
2 4724
2 8410
1 2696
2 2603
2 6393
2 564
1 9154
2 4633
1 9065
2 4669
1 1323
2 6235
2 6512
2 4138
2 1987
2 4118
2 1297
1 9906
2 5271
1 1031
2 1835
2 3939
2 7382
1 3731
2 7902
2 7391
1 8963
2 3705
2 9961
1 5715
2 476
2 7935
2 4694
1 6596
2 697
2 9831
2 2254
1 6189
1 7939
2 7852
1 2248
2 149
1 669
1 7767
2 1609
1 3146
2 1496
2 6307
2 8468
1 9607
1 7646
1 3644
2 967
1 6782
1 4838
1 8484
2 8013
2 7654
1 626
2 583
1 5950
1 2254
2 7470
1 9365
1 9485
1 2149
1 1285
2 6763
1 6600
2 974
1 1286
2 5285
1 2038
2 7705
1 8207
2 2904
2 5553
1 6960
2 721
1 8539
2 599
2 9514
2 9337
1 7978
2 1244
2 4780
1 6317
2 3762
2 1669
1 2243
2 8763
1 6905
1 5176
2 6281
1 3006
1 2203
1 2204
2 8453
1 3158
1 961
1 3730
2 9554
1 770
2 280
1 1125
1 1351
1 9317
1 3157
1 264
2 7913
1 4499
1 6807
2 3985
2 5476
2 962
1 8018
2 972
1 595
1 7168
1 2360
2 8933
1 8774
2 2221
1 6816
1 1167
1 9998
2 8296
2 263
2 528
1 2462
2 8874
2 9663
2 1480
2 5774
2 4808
2 5833
2 3989
2 590
1 6876
2 5055
2 2681
2 7290
1 7096
2 1555
2 9580
2 5915
1 4248
1 8264
1 8344
1 7175
1 6996
1 9453
1 8986
2 5933
1 3986
1 5960
2 7699
2 2175
1 2834
1 9977
1 9772
2 5453
1 687
1 1845
2 3328
1 8401
2 4137
1 5830
1 6317
1 713
2 8260
1 6365
1 4523
1 8312
2 6640
1 6600
1 8333
1 3718
2 5317
1 3776
2 9636
2 7787
2 754
1 1399
2 9381
1 4144
1 706
1 4323
1 5163
2 3272
1 8783
2 2643
1 2102
2 5847
2 6964
1 4776
1 9388
2 4601
1 9638
2 1565
2 8008
1 6473
1 3394
2 8089
1 512
1 4254
1 8197
1 4606
2 5809
1 8613
1 9610
2 6792
2 673
1 4889
2 474
1 1274
1 7568
2 1697
1 9167
2 3020
2 4115
1 1534
2 6223
2 6096
1 721
2 6529
1 7155
2 2958
1 1161
2 4734
2 1282
1 6838
2 6359
2 8695
2 5086
1 6038
1 7094
2 6989
1 3823
2 2177
1 2949
1 5627
1 5323
1 6255
1 9248
2 5164
1 6400
2 9301
1 482
1 2903
2 8549
2 8029
2 4708
1 8437
1 2241
1 2165
1 5163
1 2856
2 9690
1 2365
2 7918
1 696
1 1255
2 1636
1 8936
2 9663
1 5075
1 881
2 6321
2 6308
1 456
1 7568
1 5769
1 4082
2 862
2 7202
1 7826
1 7157
1 1170
1 2248
1 5833
1 3728
1 5687
2 9648
1 6071
2 5976
2 4679
1 2188
2 9149
2 7794
2 6517
2 1570
2 9329
1 3479
2 9645
1 7437
1 1399
2 8184
1 4443
2 5026
2 3312
1 9748
1 6001
2 1248
2 9492
2 5886
1 6347
1 5795
2 4551
1 5466
1 4194
1 8382
1 5960
1 1671
2 2331
1 7949
1 1625
2 1092
2 7434
2 3662
1 8358
2 3105
2 2007
2 6838
1 6442
1 6874
2 3047
1 2470
1 7604
2 7935
1 3703
1 9886
2 8072
2 7567
2 8812
2 9217
1 7090
1 6958
1 237
1 864
2 1374
2 3775
1 4895
1 2087
1 2960
2 6942
1 9884
2 8105
2 9189
2 7832
1 5223
2 5062
2 8390
1 7225
1 7734
1 7648
2 2974
1 9570
2 4826
1 1134
2 3067
2 5180
2 5030
1 1881
1 2698
1 9835
1 9488
1 7143
1 5154
1 9408
1 1167
1 4226
2 9208
1 8411
1 7278
2 2628
2 4090
1 1194
2 1657
2 4913
2 7119
1 3534
1 4449
1 7063
2 3512
1 2463
2 4910
1 7798
2 381
1 1581
1 675
1 6654
1 6830
1 2997
1 4446
1 4028
2 5274
1 795
2 1801
1 6396
1 2120
2 2552
1 1616
1 430
1 1400
2 3146
1 5979
2 9852
2 5564
2 5930
2 7163
1 3511
1 8406
1 6101
2 7238
2 3153
2 6477
1 2338
2 1792
1 8859
2 6422
1 3196
1 2322
2 9776
1 2279
2 9720
2 7765
1 9923
2 8862
2 4020
1 7504
1 3146
2 8543
1 6450
1 725
2 9864
2 4565
2 3529
2 2448
1 6943
1 3106
2 1548
1 4457
1 9063
2 5565
1 150
1 4036
2 3235
2 5352
1 4970
2 8795
1 7387
2 342
2 7874
1 4118
2 8865
2 9543
2 4257
1 8065
1 2862
1 6950
1 5668
2 7514
2 7974
1 5876
1 8933
1 3775
2 2523
1 5922
2 5720
2 59
2 1932
1 7514
2 9429
1 4809
1 3337
2 6548
2 1658
2 3482
1 8123
1 3181
1 7219
1 4592
1 6278
2 4303
1 333
2 35
1 1794
1 3589
1 6232
2 6799
1 6810
2 6015
1 7801
2 4855
1 7460
2 3097
2 258
1 3176
2 7110
1 7137
2 5083
2 3755
1 5779
1 4559
2 2176
2 3014
1 3353
1 7521
1 950
1 8692
1 3119
1 9951
1 176
2 6861
2 3729
1 370
1 2598
2 390
2 4884
1 6562
2 8699
1 3642
1 1282
2 5913
1 2995
2 4297
2 5841
2 6991
2 81
2 5548
2 47
2 6464
1 8840
2 2771
2 500
2 8077
1 7874
2 2033
2 317
2 2319
1 7613
1 5574
1 1867
1 1698
1 2924
1 6046
1 492
2 665
2 8592
2 7256
2 8035
1 1473
2 1930
1 150
2 3904
2 1165
1 8284
2 1669
1 420
1 7687
1 9722
1 9942
1 3242
1 2444
1 4629
2 4589
1 7802
2 6863
2 8239
1 9465
2 7896
2 5779
1 3564
1 974
1 5725
2 3424
1 2574
2 483
1 9233
1 7054
2 9718
2 5111
1 1256
1 4035
1 5972
2 7212
1 3772
1 1123
2 434
1 2924
2 4279
2 7824
1 8020
1 5658
2 4452
1 5500
2 1699
2 5002
1 2024
1 2337
2 2853
2 5189
2 2985
2 4444
1 5742
1 7708
2 7133
1 7353
2 6499
1 1976
2 6305
2 7592
2 6733
1 4455
1 2786
2 274
2 305
1 7397
1 1791
1 4470
2 395
1 7701
1 1768
1 8896
2 5551
1 4565
2 4113
1 5754
1 4447
2 1629
2 9689
2 6096
2 3985
1 4399
2 1681
1 4895
2 593
2 149
2 2564
1 1673
1 6102
2 3085
1 7997
2 2916
2 3134
1 8309
1 1051
2 6677
1 9683
1 8906
1 8507
2 503
1 8106
2 3179
1 9694
2 874
2 9811
1 2359
2 6582
1 1994
2 2636
2 3783
1 3336
1 97
1 904
1 1428
1 2048
2 7950
1 2218
1 9114
1 1496
2 2523
2 3916
2 6970
1 4137
2 857
1 5344
2 3901
1 7731
2 1499
2 20
2 2538
1 4002
2 5839
1 3408
2 9628
2 2233
1 1278
2 2187
1 5473
2 8585
1 9121
1 3763
2 9944
1 804
1 5193
1 8101
1 7600
1 9932
1 8097
2 8032
1 4988
2 3445
1 8770
1 5871
2 3460
2 9131
1 597
2 6891
2 6209
1 136
1 5435
2 6146
2 8940
1 8883
1 8171
2 1438
1 1294
2 5981
2 5995
2 1773
1 6868
2 4574
2 8627
2 8405
1 3378
2 4470
2 6517
2 3326
1 5502
1 8846
2 7116
2 8929
1 3889
2 9730
2 7770
2 6619
1 455
2 8391
1 3973
1 5706
2 6296
1 9349
1 7348
1 7790
2 8110
1 5603
2 9137
2 2947
2 2235
1 3231
1 7122
1 9321
1 4142
2 4470
2 583
1 8990
2 89
2 2093
2 9676
1 8518
2 3823
1 9968
2 8802
2 2840
2 3706
1 9528
1 835
2 6009
1 2252
2 9964
1 4015
2 2811
2 4507
1 7216
1 8402
2 3621
2 9353
2 8102
1 4326
2 4797
1 4189
1 3873
2 5694
2 8108
2 3111
1 7078
1 3938
2 3685
1 1288
2 9585
2 9902
1 3431
1 7953
1 9330
1 3834
2 6142
2 5292
2 4812
2 2532
2 5494
2 9871
2 4001
1 8888
1 5429
1 5190
1 8915
2 5065
1 2286
1 6203
2 5675
1 5610
2 4506
1 3018
2 4572
1 6636
2 8842
2 8430
2 4890
2 5059
2 6557
2 7609
2 1618
2 9846
2 8995
2 6328
2 4294
1 7640
1 6303
1 8034
1 8138
2 3969
2 2068
2 1208
1 3938
2 8716
1 9239
2 3418
2 4551
2 2230
1 9185
1 819
2 3561
2 73
1 1696
2 1896
2 9447
1 6266
1 3124
2 6601
1 3277
1 2955
1 6088
1 7368
1 5537
1 632
2 6467
2 5471
1 9781
2 9638
2 1190
2 3810
2 294
1 5735
2 7276
2 7538
1 3564
2 1676
1 915
2 8930
1 7487
2 8845
1 3429
2 788
1 7393
2 164
2 5338
1 9600
2 380
1 2622
1 2501
1 1548
1 7338
1 4459
1 5128
2 1204
2 7504
1 339
2 1784
1 6156
2 327
2 4482
2 8543
1 2868
1 7155
2 2066
2 5564
1 4378
1 935
1 9069
1 9216
2 7962
1 8906
1 3158
2 8879
2 8330
1 6509
1 2983
2 3383
2 4544
2 933
2 1361
1 6309
2 3012
2 9403
1 2225
2 8365
2 6299
2 1566
2 3390
2 2904
1 6081
2 117
1 4225
1 4410
2 9055
1 6763
1 5980
2 2123
1 6214
2 8569
1 6184
2 6087
2 1893
1 1890
2 3670
2 5815
1 1598
2 9052
2 7581
2 1628
1 1933
2 4443
2 7512
2 6363
2 2613
2 3310
1 9262
2 1146
2 132
1 3777
1 2009
2 8955
1 8129
1 8555
2 5243
2 8176
1 874
1 7402
1 2521
2 9033
1 4240
1 3383
1 7838
2 3666
1 6978
1 8570
2 8656
2 7298
2 1729
1 2819
1 2414
2 8936
2 609
1 6849
2 7034
2 7897
2 1969
1 1951
2 4428
2 5513
1 4429
1 9056
2 2326
2 2549
1 3406
2 4060
1 2204
1 3891
1 2280
1 6006
1 9694
1 9071
1 4185
1 7984
1 8862
2 5421
2 8646
2 7663
2 6066
2 975
2 6197
1 2407
2 9652
2 5810
2 2072
1 8589
2 4073
2 6241
2 3976
1 4275
1 5683
2 9413
1 4032
1 2249
1 1272
2 8277
1 7063
2 7357
2 3730
2 547
1 3097
2 4859
1 3118
1 9825
2 7532
1 8238
1 5550
1 9869
2 551
1 2673
1 9484
1 3930
1 1225
2 5578
2 4552
1 3431
2 8037
1 5584
1 8990
1 4450
1 3922
2 4324
1 1505
2 5790
2 8204
1 6841
2 8940
1 3447
1 3480
2 4708
1 1773
2 1135
2 7824
1 6541
1 7958
2 4219
2 7993
2 8994
2 3922
2 5836
1 2445
2 8945
2 3523
1 7498
2 6735
1 1587
2 6461
1 2260
2 3524
2 7596
1 1131
1 7799
2 5165
2 8147
2 5124
1 3709
1 5202
1 3134
1 9419
1 3924
1 1566
1 1702
2 81
2 6995
1 3909
2 5108
2 225
2 3714
1 6308
1 3406
1 2328
1 6147
1 236
2 4155
1 1430
1 652
2 9332
1 7631
1 6428
2 2261
1 5235
2 5927
1 7943
1 5271
2 7293
2 7751
2 921
1 8
1 2556
1 2673
2 2225
2 3614
2 542
2 4073
1 7229
1 7984
1 6734
1 3087
1 9982
1 5603
2 2646
1 2942
2 1582
1 668
2 7688
2 458
1 9360
2 4647
1 2728
2 1421
1 6035
2 7221
2 4682
1 1194
2 6031
2 152
2 4258
1 377
1 6070
2 7685
1 913
1 3232
2 9807
1 8391
1 4601
2 9956
1 2652
1 5685
1 8395
1 6332
2 3016
2 2769
1 4002
1 225
1 9272
2 1001
1 7426
1 4690
2 806
2 1799
1 8371
2 7048
1 991
2 6571
1 5415
1 5397
2 8992
1 1897
1 7534
2 3877
2 3303
2 8719
1 71
1 1326
2 6323
1 4794
1 1954
2 2180
1 9726
1 4038
1 9824
2 9769
1 7446
1 5293
2 2800
2 7540
1 588
2 8314
2 7043
2 8455
2 4767
2 6183
2 7665
1 6627
2 2401
1 1096
1 7083
1 4124
2 7110
1 666
2 7661
2 5850
1 9828
2 2602
1 7734
2 6076
2 4741
1 7607
1 9151
1 4463
2 4304
1 9030
1 1696
2 7761
1 557
1 1440
2 5909
1 3284
1 938
1 3923
2 472
1 4297
1 6231
2 2483
1 3004
1 8832
2 2912
1 5029
1 7698
1 4396
2 7374
2 8934
1 6946
1 9498
1 6877
1 8161
2 1392
2 3391
2 6524
2 4904
1 9946
1 4260
2 5000
1 1603
2 1908
1 7100
1 6913
1 1779
1 7545
2 1998
2 1367
1 7636
1 204
1 1245
2 3843
1 4812
1 8648
1 1278
2 7342
1 9587
2 4006
2 3521
1 2937
2 3607
2 4004
1 5692
2 9152
1 8728
2 1389
2 5044
1 8826
2 9603
1 842
1 5444
1 1113
2 3868
2 7145
2 1372
1 7504
2 5462
2 3747
1 3727
2 6120
1 5240
2 5639
1 1378
2 6071
1 2633
1 230
2 547
1 8523
2 3946
2 7688
2 1722
2 2932
1 159
1 8554
2 422
2 4086
1 9510
2 3268
2 8740
1 6230
1 5573
1 8433
1 4788
1 9048
2 7603
1 2419
1 2997
2 6176
2 5109
2 5056
1 1795
2 1945
2 5934
2 366
2 6611
2 5508
1 5684
2 8561
2 4084
2 5956
1 881
1 5434
2 6704
1 443
2 2670
1 6943
2 3012
1 761
2 2165
2 6513
1 1065
2 2379
1 6895
1 4119
2 5400
1 2488
2 2932
2 2622
2 6538
1 1057
2 5585
1 9104
1 9664
2 7879
1 1185
1 5335
2 1840
1 3741
1 8313
1 5647
1 1049
2 5130
2 4582
2 1831
1 6318
1 6071
2 5314
2 5982
2 7887
2 2324
2 1956
2 2212
1 1940
1 153
2 4330
2 4172
1 1987
1 3012
1 3002
2 1416
1 7569
2 7263
2 7974
1 2847
1 9335
1 1148
2 7050
1 7287
1 718
1 5868
1 4864
2 7474
2 7983
2 226
2 7296
1 4754
1 6297
1 3140
2 4949
1 1245
2 1131
1 1565
2 7691
1 7532
1 4219
2 5840
1 2
1 5857
2 113
1 3323
1 9224
2 4327
1 5361
1 4371
1 9214
2 6405
1 4778
2 4783
2 3699
1 559
1 4618
2 8496
2 4780
2 9516
2 8394
2 5969
2 9982
2 5973
1 9033
2 4103
2 2629
2 8862
2 6552
2 9368
1 6146
2 1542
2 9921
1 2911
2 5607
2 9137
2 6021
2 7430
2 8360
1 5706
1 6109
1 5232
1 7126
2 1349
2 9065
1 2641
2 2605
2 4467
2 7485
1 8093
1 3186
2 1757
2 9927
1 2923
1 2865
1 1342
2 2239
2 8008
2 1076
2 8942
1 3056
2 8383
1 5259
1 9283
2 1536
2 3283
1 2333
1 4434
2 2416
2 4911
1 986
1 8750
2 1794
2 6518
1 4303
1 4006
1 4372
2 1214
1 2797
1 5919
1 5889
1 7713
2 5849
1 8514
1 232
2 5926
2 5251
2 3544
1 6914
2 1883
1 6242
1 5161
1 7329
1 5830
2 9024
2 2901
1 6275
1 2413
1 8257
2 1101
1 3370
2 7419
1 8104
2 9363
1 8248
2 393
2 8014
1 2330
2 6734
1 30
1 4163
2 2679
2 1008
1 4156
1 4768
1 3956
2 3387
2 5647
2 1093
1 5635
1 5892
2 5540
2 1548
1 224
1 859
1 4385
2 4463
1 6669
1 118
1 7420
1 5198
1 7829
2 3714
1 8057
1 959
1 584
2 1568
2 3266
2 130
1 4829
2 3244
1 2644
2 189
2 3447
2 2303
1 7096
1 3390
1 8376
2 300
1 3097
2 4613
2 7823
1 8411
1 1557
1 5404
1 3687
2 4739
1 6413
2 2332
2 4423
2 4038
2 9217
2 7204
1 4422
2 6308
2 72
1 7839
1 1198
1 5061
2 3259
2 8352
2 7172
1 4461
1 9668
1 514
1 7264
2 2429
2 885
1 5119
2 1497
1 3888
1 5581
1 38
1 8475
1 2820
1 629
1 2204
2 2815
2 7918
2 6294
2 2929
2 3188
1 8273
1 638
1 762
2 712
2 591
2 9725
1 6620
1 446
1 1271
1 1019
2 2894
2 1250
1 962
1 6107
2 9955
2 3875
1 6976
2 5901
2 3933
2 9135
2 7320
2 6040
2 213
2 9892
2 3329
2 1560
1 7699
2 8205
2 3845
2 628
1 8040
2 11
1 8656
1 5091
1 6673
1 6506
2 9403
2 5196
1 7001
2 8024
2 7672
1 3869
2 6791
2 448
2 3994
2 5385
2 5324
1 5366
1 9893
2 5672
2 1885
2 9497
1 1360
2 5248
1 6562
1 6290
2 1135
2 5036
1 9373
2 1002
1 8298
1 8842
1 9807
2 9338
1 2083
1 5012
1 4531
2 5610
1 6820
2 5386
2 8280
1 2647
1 2255
2 2575
2 4514
1 6673
2 2483
2 16
1 4043
1 8098
1 3545
1 4029
1 3116
1 9931
1 1146
2 997
2 4663
1 5352
1 8557
2 2329
2 4263
2 172
2 5229
1 7778
2 219
2 8988
2 5096
1 5824
1 6792
1 2964
2 6617
2 5403
1 86
1 7114
2 3972
1 5850
1 4668
1 6107
1 3545
2 5898
2 6335
1 1881
2 9859
1 3578
2 2728
1 8583
1 8336
2 9470
1 6135
2 2690
1 2338
2 1408
1 8594
2 8220
2 3210
2 4716
1 1297
2 9919
2 8840
1 9294
1 5028
2 9884
1 8066
2 1711
2 134
1 3977
2 8958
1 6275
1 1679
2 5390
1 4477
1 6505
1 1116
1 8486
2 7544
1 3832
2 8112
2 2856
2 1272
1 3637
2 1251
2 6979
1 1704
1 7051
2 8581
2 7075
2 337
2 6228
2 1570
2 46
2 5270
1 7320
1 6116
1 8014
2 2709
2 8842
1 6509
2 6034
1 9159
1 6723
2 1283
1 2880
1 7668
2 5141
1 3618
2 7700
2 4102
2 9136
1 9462
1 7110
1 8256
1 1072
2 7397
1 6752
1 5776
1 6713
1 1461
2 7029
1 1249
1 724
2 5733
2 583
1 4915
1 1068
1 4234
1 2244
1 8587
1 2378
1 8515
2 1578
2 8070
1 5656
2 3232
2 4776
1 2197
1 3815
1 6611
2 6782
2 4361
1 4136
1 8321
2 8799
2 8211
2 8599
2 6708
1 3210
1 7777
1 9836
1 1505
2 1066
1 7836
1 2080
1 647
2 1084
1 9080
2 9001
2 6622
1 2278
2 4585
2 5149
2 6568
1 8279
2 2382
2 5139
1 641
2 6434
1 8130
1 5915
1 3685
1 4436
2 8191
2 5700
1 3523
2 4274
2 313
2 5536
1 6455
1 6615
2 942
1 8420
2 8797
1 6745
2 1917
1 5953
1 4850
2 446
1 6098
1 3046
1 673
2 8245
1 8635
2 3468
2 6758
1 4406
2 6239
1 5303
2 1429
2 2129
2 8328
2 3361
1 7542
2 3678
1 6997
1 838
2 2800
2 4456
2 200
2 7695
1 6342
1 5479
2 8796
1 4556
2 7632
2 5595
2 5192
1 7234
1 9433
1 3710
1 5853
2 3127
1 7086
2 961
1 5261
2 3027
1 5702
1 9367
2 1078
2 4706
2 7916
1 2264
1 495
2 7291
1 3147
2 9844
1 2470
1 1166
1 2958
2 6166
1 4058
2 2365
1 9038
1 3176
1 1530
1 1260
1 9027
2 2243
1 4701
1 5854
1 386
1 1418
1 8517
2 4768
2 2449
1 6366
1 5727
2 6570
2 6429
1 107
2 3187
2 3049
2 4668
2 1285
1 57
1 292
2 2896
1 344
1 9186
2 9195
2 7908
1 9245
2 4375
2 9341
2 5509
1 6592
2 3512
1 866
1 4352
1 1765
1 4679
1 5237
1 9918
1 3525
2 2571
2 5515
2 9804
2 9769
1 9496
2 7800
2 9045
1 2343
2 4669
2 3765
1 2261
1 4309
2 7503
2 3300
1 8683
1 1479
1 9996
1 2139
1 3522
1 4785
2 9806
2 710
2 6758
2 8662
2 8714
1 5742
2 9350
1 4611
1 440
1 3781
1 8056
2 3795
2 6164
1 3453
1 8370
2 7557
2 884
2 6259
1 5494
1 8698
2 4497
1 6656
2 235
1 8419
1 6170
1 2308
1 8243
1 6504
1 265
1 1448
2 8226
1 190
1 5696
2 3407
2 8221
1 3428
1 1976
1 2844
2 3156
1 6838
1 9700
1 3451
2 459
2 1458
1 2522
1 6539
2 4982
1 4994
2 3897
1 6924
2 9768
2 3592
1 6819
1 4935
1 9161
1 6890
2 828
2 7128
2 4336
1 7686
1 7676
1 909
2 6598
1 3983
2 1014
2 7553
2 9577
1 4364
1 6216
2 3080
2 5939
2 5379
1 6859
1 3497
2 8733
1 1538
1 6206
2 2817
1 5541
2 1618
1 9101
2 5322
2 2143
1 2166
2 3204
1 9474
1 4777
2 8033
2 2250
2 4314
1 6828
1 3420
2 7479
1 8820
2 8412
1 1849
2 9815
1 5875
1 8894
2 9750
2 4886
2 8006
2 7009
1 7679
2 3900
2 7789
1 5397
2 6582
1 8100
2 1928
1 4833
1 1971
2 6443
2 7863
2 8036
1 2814
1 9485
1 1293
1 4984
1 8853
2 9433
1 438
2 6830
2 5188
1 6313
1 532
1 3890
2 8433
2 8379
1 5758
1 9435
2 6794
2 9151
1 2741
1 2031
2 539
2 5749
2 5379
2 6618
2 4333
2 3465
1 8874
1 5470
1 8072
2 4079
2 2376
1 8484
1 6998
2 8309
1 9721
2 6586
1 4934
2 460
2 8032
1 3583
2 9380
1 4962
1 9986
1 5930
1 9229
1 2608
1 6317
2 34
1 7549
1 1197
1 2581
2 5890
1 6192
1 8318
1 7381
1 6053
1 438
2 2976
1 3647
2 7607
2 1171
1 2117
1 2833
2 5421
2 3574
1 5695
2 9260
1 8879
2 3021
1 9312
2 5350
2 1292
1 2707
2 9470
2 3053
1 1095
2 5513
1 1291
2 5256
2 2621
1 5129
1 825
1 3652
1 7683
1 117
1 9926
1 5737
2 8694
2 1079
1 6074
2 2884
1 8017
1 1428
2 9505
1 8237
1 9557
2 3670
2 2943
1 5795
2 3165
1 7034
2 8420
1 1991
1 894
1 8866
2 3604
2 6218
1 8977
1 8427
2 2516
2 6849
2 6144
1 2865
2 1154
1 3730
2 4984
2 4826
2 1653
2 4871
2 8296
1 6252
2 3894
1 3064
1 3480
1 3049
2 2944
1 2141
2 1618
1 5143
2 6577
2 7485
1 4777
2 5333
1 3870
1 5846
2 9801
2 4095
1 4185
2 5280
1 1367
1 237
1 1047
2 5961
2 5736
1 2486
1 833
2 361
2 3488
1 8727
1 2925
2 5108
2 7946
1 8925
1 3156
1 5553
2 1198
2 4622
1 9494
2 7614
2 9236
2 6459
2 9853
2 6643
2 631
2 7158
2 942
2 5526
1 2376
1 7230
2 6990
2 9945
2 914
2 5450
1 4403
1 1618
1 1710
1 2183
2 1243
1 5241
1 7599
1 969
2 7730
2 8423
2 9207
1 4836
2 3216
1 4487
1 7933
1 735
1 5155
1 8212
1 2969
1 1145
1 1611
1 6481
1 4540
2 4784
1 5421
1 7772
1 2337
2 9246
2 2401
1 3200
2 7870
2 5370
1 8615
1 1472
2 8558
1 7082
2 6348
2 8979
1 4028
1 2618
1 8694
2 7967
1 5113
2 3187
2 9285
2 5176
2 4901
2 8855
2 6430
1 2673
2 1231
2 7489
2 1798
2 5608
2 3936
1 9764
2 1130
2 5763
2 1396
2 1802
1 7591
1 3767
1 4634
1 3155
1 6457
2 6363
2 2010
2 1988
2 9765
2 1842
1 8874
2 6339
2 7901
2 5645
1 3238
1 5824
1 458
1 2141
1 8953
2 2213
1 4843
1 6478
2 677
1 1516
2 2484
1 161
2 2933
2 6635
1 2029
2 926
1 5710
1 9605
2 7444
1 2556
2 2641
2 2187
1 7487
1 962
1 4952
2 7310
1 6142
1 9927
1 5276
1 2223
1 133
1 2684
2 1348
2 3290
2 4550
1 1297
2 3791
2 3886
1 6111
2 9283
1 2066
1 9832
1 1911
1 144
2 8482
1 4093
1 9388
1 1750
1 7674
1 1237
1 7278
1 7276
2 7881
2 4863
2 3422
2 1828
1 8775
1 3944
2 6593
1 1527
1 3076
1 1950
1 1572
1 9802
2 488
1 9189
1 4820
2 1037
1 8621
1 4085
1 6919
2 8322
2 3932
2 9270
1 9989
2 6135
2 2192
1 9733
1 6508
2 2612
1 513
1 888
1 4221
1 9210
2 6726
2 3044
2 6406
1 9160
1 1928
2 8743
1 5012
2 8609
1 4823
1 8756
2 1414
1 2824
1 7808
1 9741
1 6357
1 3178
1 6631
2 5765
1 5553
1 1887
1 98
2 6584
1 3433
2 5726
1 3699
1 9844
2 6272
1 1151
2 5547
1 6773
2 2843
1 7315
2 5555
1 7845
1 1247
2 7466
1 4093
2 535
2 9867
2 3421
2 3633
2 7095
2 9400
1 7657
1 9576
1 62
2 2329
2 4461
1 3777
2 7181
2 1189
1 4981
2 3807
1 3548
1 2444
2 7833
1 5279
1 9176
2 1364
2 4825
2 1956
2 4536
1 9158
2 4739
1 4701
1 1552
2 3809
1 6507
1 1080
1 6632
1 9008
1 8840
2 2215
1 3995
2 3583
1 3220
2 6120
2 5260
2 2039
2 826
2 7380
2 6806
1 3195
1 3617
1 7815
1 9766
2 796
1 1998
1 7679
2 8552
2 5261
1 6807
1 7600
2 7377
2 676
2 6480
1 6577
2 3943
2 2760
1 5115
1 2180
1 8740
1 6644
2 8876
2 276
2 5881
1 1145
1 9867
1 3619
2 6551
2 7160
2 1319
1 139
1 5295
1 8700
2 545
1 3332
1 5301
2 2725
1 4378
2 7933
2 9427
2 4663
1 3423
2 9151
2 1983
1 5990
2 1566
2 1832
1 9628
2 6248
2 7678
2 7320
2 9424
2 624
1 6770
1 8791
2 1233
1 1223
1 1681
1 4778
1 4503
1 9637
1 685
2 443
1 4440
2 2684
2 8705
2 4872
2 2110
2 7190
1 4515
1 3469
2 36
2 6045
1 4983
2 8382
1 7731
1 4749
2 7194
2 2715
2 9879
2 9172
1 7721
2 283
1 1575
2 3890
2 5320
2 9751
1 1495
2 4102
1 2738
2 4855
1 307
1 4792
1 4062
2 7771
2 8863
1 7606
1 4901
2 2954
1 4388
2 2836
1 2254
1 9994
1 7287
2 2384
2 158
1 1255
1 5243
2 4036
2 4555
2 7575
1 6286
1 2174
1 5402
1 8464
1 2237
2 3746
1 9640
1 1925
1 1110
1 5002
2 2956
2 5357
2 2446
2 5336
2 9601
1 3286
2 6170
2 4033
2 1321
2 7369
1 7295
2 2294
1 5430
2 8469
1 2300
1 9941
2 9983
2 2300
1 6223
1 7434
2 1763
2 3518
1 8568
2 4681
2 5360
1 2423
1 6361
1 2011
1 1703
2 3067
1 8655
2 793
2 1817
2 9825
1 986
2 8629
2 7855
1 7040
2 4089
2 3718
1 3699
1 2803
1 7016
1 2162
2 2561
1 4347
2 1608
1 2089
1 475
2 1992
2 2321
1 4026
2 7921
1 3145
1 9364
2 1903
2 1836
2 4184
2 8325
2 4324
2 5438
2 7389
2 3978
2 7185
1 6036
1 722
1 2102
2 3730
1 4713
1 63
1 9527
1 5008
2 5720
2 5832
2 3749
2 5441
2 505
2 1777
1 6376
1 9488
1 9244
2 8347
2 6299
2 4480
1 4331
2 9838
2 2873
2 7662
1 5269
2 8378
1 9343
2 5993
2 9548
1 2416
1 740
2 7250
1 7950
2 5941
1 9865
2 5679
2 6220
1 1744
2 8062
1 6924
2 1483
2 1976
1 4080
1 2212
1 969
2 3409
2 3920
1 7188
2 5028
2 5632
2 1629
1 4318
1 5658
1 955
2 2899
1 5438
1 1885
1 7888
2 5326
2 6730
1 7460
1 8390
1 3136
1 5389
1 9444
2 5667
2 8269
1 694
2 3759
1 4246
1 8030
1 9661
1 954
2 9811
1 696
1 5460
2 9389
1 6545
1 379
1 2800
2 6752
1 5097
2 5034
2 5594
2 4541
1 9050
2 3496
1 3044
2 1987
1 820
1 8040
2 4657
1 7136
1 3971
1 4445
1 2989
2 8645
2 685
2 7049
2 2928
2 3109
2 6317
2 2201
1 8365
2 7045
2 9556
1 6485
1 8215
2 3941
1 6937
1 2166
1 2085
1 3119
1 936
1 1768
2 323
1 3983
1 8741
1 9375
2 2942
1 5476
1 7703
1 4794
1 7900
1 4859
2 566
1 27
2 3512
2 8317
2 1514
1 4878
2 1933
2 4628
2 8427
1 2599
2 4570
2 4923
1 9276
2 5560
1 7152
2 5808
1 635
2 61
1 6332
2 9692
2 2438
2 2235
2 7071
1 6732
2 3511
1 6548
2 1857
1 3981
2 9853
2 8078
1 1024
1 5250
1 1631
2 3447
1 4855
1 70
1 1123
2 7819
1 7103
1 7921
1 8354
1 9257
2 3294
1 7996
1 4833
2 4318
2 317
1 2303
1 8835
1 5970
2 4685
2 4624
2 861
1 5058
1 2262
1 2371
1 3132
1 8896
1 979
1 5662
2 1123
2 3774
2 6719
1 2652
2 8358
1 5641
2 2162
1 5544
1 7255
2 749
2 1903
2 8391
2 3599
2 9798
1 1308
1 3720
2 3339
1 28
1 9373
2 2466
2 4132
1 227
2 4901
2 1118
2 2754
2 796
2 8166
2 7453
1 7291
2 7509
2 6273
2 4723
1 6148
2 1486
1 4749
1 8952
1 3893
2 9658
2 8241
2 4637
1 4512
1 418
1 3011
2 2478
2 4462
2 8288
2 1398
2 3980
1 6803
1 4412
2 5380
2 7929
1 2411
2 3177
2 3934
1 4377
2 1426
2 8400
1 8755
2 4088
1 4159
2 6333
2 3728
2 5983
2 1077
1 2481
2 8523
1 5619
1 9004
2 3054
2 4639
2 1749
1 9441
2 2655
1 764
1 2310
2 4351
1 5077
2 3740
2 5836
2 1272
2 5235
1 9229
1 160
2 5128
2 5557
2 1032
2 2236
2 6731
1 8437
2 8351
2 1377
2 9867
2 7989
2 5187
2 8499
2 1785
2 1931
1 2835
1 7033
2 2130
1 1561
1 2939
1 2207
2 4379
1 7608
2 7845
1 71
2 1971
1 7234
1 6302
1 6424
2 473
2 4988
2 8891
2 7002
1 1043
2 7374
2 2887
2 7945
2 548
1 5027
2 5979
2 2487
1 3814
1 5236
1 2981
2 6033
1 6212
1 6835
2 841
1 9383
2 6765
1 4515
1 6257
2 386
2 3939
1 9514
1 10
1 7113
2 4305
2 811
1 6043
1 589
1 7961
1 6416
2 4264
1 3643
1 9195
2 9471
2 1013
2 3494
2 8181
1 8968
2 2847
1 7256
1 1893
2 2238
2 2434
2 8871
1 4627
2 968
1 3457
2 9314
2 4044
2 238
1 7442
2 760
1 4763
2 9714
2 937
1 8176
2 9459
2 4382
1 6047
2 8304
1 9440
1 5051
2 9098
2 5627
1 8483
1 2193
2 7564
2 4864
2 639
2 3926
1 2860
1 3186
1 246
1 1582
1 5242
2 3824
2 6608
1 7957
1 1541
2 9051
1 3480
1 795
2 390
2 9434
1 6648
2 6474
1 758
2 2573
1 4751
1 7080
2 8928
2 1609
2 1329
1 4608
2 6900
2 8065
2 4490
1 3252
1 3488
1 3853
2 629
1 4579
1 7298
2 485
2 1205
2 8986
1 2998
2 3385
2 942
2 8843
2 2271
1 7710
1 2822
1 2247
1 9684
2 4386
1 8882
2 4707
1 45
2 2551
1 7940
1 1162
2 134
2 4501
1 7980
1 6155
2 9663
1 6010
2 7572
1 9276
1 3771
1 1865
1 6544
2 4936
2 9721
1 644
1 4174
1 1803
2 8859
2 4529
2 1457
1 6868
1 961
1 947
1 6743
2 7889
1 8060
1 624
1 7099
2 2445
2 7678
2 73
2 7957
1 3376
1 7000
2 2122
1 6628
1 8792
1 8139
1 5239
2 799
2 2857
2 7515
1 3185
2 2935
1 1719
2 4539
2 4096
2 2820
2 6132
2 7836
1 8482
2 2019
1 4667
1 4566
2 6359
1 9830
2 9417
1 9622
1 5615
1 1586
1 6395
2 8544
2 4470
1 8334
1 381
1 8294
2 4137
2 4791
1 9502
2 4012
1 4601
1 9999
2 1552
2 8491
2 1489
1 7246
2 5589
1 7038
1 3699
2 2355
2 8593
1 5100
2 924
2 1722
1 6154
2 9512
2 2733
2 4114
2 6875
1 482
2 7042
2 5825
2 4025
1 6823
2 7306
1 9862
2 99
1 5854
1 5549
1 6309
1 9287
2 1458
2 1243
2 819
2 5818
1 7659
2 4225
1 8176
2 1237
2 4412
2 4829
1 8891
2 2669
1 5907
1 5811
2 4978
2 6598
1 6985
1 852
2 8445
1 4924
1 9173
2 3351
2 291
1 9380
1 5867
2 8610
1 3550
2 3620
2 6742
2 1173
1 909
1 7423
2 8924
2 9995
1 839
2 7037
2 5248
1 2976
1 3005
2 8066
1 4982
2 5657
2 5609
1 1827
1 4653
2 2445
1 7205
2 921
2 2027
2 3822
2 2322
1 3943
2 5509
2 2439
1 5748
1 4901
2 9500
2 7538
2 7733
2 2423
2 3510
1 170
1 6622
1 1260
2 1657
2 3943
1 3937
1 6841
1 6457
1 3788
1 3030
1 5726
1 5120
1 6614
2 8046
2 1551
1 5823
2 1080
2 7263
1 8998
2 850
2 3266
1 4443
2 6194
1 629
1 8465
1 4934
2 5590
2 6767
1 4078
2 4584
1 9964
1 4000
1 7365
2 5339
2 1797
1 6254
2 6681
1 4653
1 750
2 6962
2 93
2 9762
1 1717
1 4
1 3070
2 5516
1 6187
2 9587
1 9876
1 2148
2 900
2 7037
2 296
1 3968
2 6282
2 7093
1 3423
2 3060
2 5061
2 5904
2 5741
1 1313
2 810
2 972
1 8187
2 6121
2 7594
2 5746
1 2677
1 863
2 5125
1 7692
1 2279
1 287
1 8044
1 4214
2 8714
1 3683
2 5641
1 8621
1 4302
2 9005
1 2951
1 4995
1 6940
1 1397
1 4942
2 2457
1 4447
1 4874
2 8654
2 3360
2 1491
2 8163
2 6012
1 1009
2 7052
1 4658
2 1413
1 8949
1 3623
1 9840
2 4061
1 7888
2 3556
2 351
2 7580
1 3156
2 60
1 3126
1 6180
2 6736
2 1242
1 7374
1 4422
2 346
2 2012
2 2619
2 8502
2 5545
2 9804
1 9790
2 8308
1 3714
1 2523
1 3779
1 793
2 7972
1 5870
2 7607
1 4540
1 9893
2 2028
2 7962
1 5443
1 9649
1 573
2 862
2 7484
1 3935
2 6092
2 843
1 7246
2 9038
2 736
1 9209
1 5585
2 7184
1 8314
2 2737
1 4668
2 8091
2 6745
2 2901
2 964
1 990
1 7303
2 8593
2 1378
1 857
2 1549
2 8860
2 8074
1 1855
1 5800
2 5237
1 5324
1 5551
2 122
2 8938
1 7170
2 677
2 5666
1 1141
2 6336
1 7465
1 2325
2 2329
1 3247
2 9753
1 8556
1 6625
2 7323
2 2652
2 6725
2 1227
1 6292
1 9256
2 2153
1 7200
1 6926
2 5145
1 7130
1 7139
1 9638
2 7437
2 274
1 1253
2 8841
1 9762
1 9813
1 5889
1 6278
2 6896
2 467
1 9477
2 4386
2 8288
1 7361
2 1935
2 8227
1 6216
2 3732
1 883
2 6264
2 4121
2 2852
1 9276
2 3335
1 384
1 8847
1 4033
1 8077
2 4470
2 572
2 6922
1 6722
2 3057
1 3108
2 7223
2 4701
1 5005
2 1436
2 5083
1 1654
2 513
1 5318
1 2653
2 8840
2 7224
1 2348
1 7459
2 906
2 5358
1 3084
1 6894
2 4804
1 8363
2 3788
2 2274
2 7300
2 2465
1 7501
1 8244
2 4641
2 2900
2 3664
1 4476
1 2868
1 3345
2 2868
1 1103
1 7993
2 4306
2 979
2 5118
1 4601
1 268
1 4866
1 5519
1 6134
2 9423
1 4736
1 6351
1 9770
2 5680
2 1902
2 4281
1 7016
1 1668
2 1853
2 2602
2 5206
3
