3989
1 6933
1 4675
1 8159
2 4903
1 25
1 4786
2 2484
2 1051
2 573
1 8284
1 380
1 4703
2 9622
2 5676
1 5070
2 4597
1 5035
1 2327
2 1567
2 7603
1 352
2 4179
1 8368
2 5926
1 6717
2 2097
2 4486
2 9498
2 1543
2 2
2 2
2 3
2 2
1 1552
2 1120
2 432
1 1169
1 6197
1 9841
2 7880
1 8140
2 2016
2 4675
2 7073
1 1655
1 788
1 4245
2 1947
2 3654
2 2259
2 1767
1 9303
2 3466
1 2304
2 1608
1 2814
1 3381
1 4105
2 8767
2 5620
1 9192
2 1556
1 4317
1 5493
1 9233
1 5254
2 1208
2 5761
1 3794
1 343
1 2924
1 6962
2 7820
2 83
2 5143
1 6053
1 8679
2 8895
2 9983
2 6566
1 1571
1 8934
1 4335
1 9944
2 4415
1 5310
2 5977
1 8479
2 9926
1 358
1 1511
2 5415
2 9658
1 4728
1 1003
1 7419
1 7886
1 113
2 9513
2 6017
1 7646
2 6972
2 8085
1 3883
2 9669
1 8829
2 6074
1 977
1 6727
2 9386
1 9121
1 4810
2 3537
2 5206
1 7518
2 1648
1 9143
2 489
1 2334
1 5267
1 2358
1 7954
2 8471
1 8451
2 5487
1 2452
2 3257
2 5991
1 3267
1 9635
1 9209
2 9005
2 2174
2 1445
1 7184
1 7431
2 31
1 6797
1 136
2 1926
2 9601
2 2313
1 1632
2 5230
2 3081
2 4575
1 104
2 5698
2 5754
1 2251
2 2337
2 4122
1 7093
2 6895
1 9
1 232
1 5379
2 5084
2 6875
2 3175
2 3363
1 2048
1 4804
1 4719
1 4698
1 5665
2 9531
2 4084
1 719
2 1575
1 5347
1 684
2 8862
1 753
2 441
2 8183
1 9877
1 1035
2 4405
2 983
1 9661
2 3509
2 7738
1 5402
1 5294
2 9906
1 6810
2 6260
2 6900
2 8423
2 3982
2 1645
1 2394
2 2694
2 352
1 645
1 1554
2 1450
2 19
1 1921
1 3469
2 5731
1 4308
2 3822
1 5288
2 3345
1 9015
1 4528
1 2663
2 6147
2 6833
2 4733
1 5099
2 2489
2 476
1 9865
1 4746
2 5697
1 7560
2 632
1 4895
2 1802
1 3767
2 1837
2 3077
1 8194
2 4519
1 7433
2 9331
1 2474
2 7112
2 1438
2 4783
1 338
2 7502
2 2000
2 2457
2 66
2 74
1 4499
1 2702
1 8410
2 4535
2 2908
2 3539
2 5149
2 145
1 2303
2 653
2 1648
2 139
2 6
2 1
1 3652
2 2459
2 973
1 4284
1 9205
2 683
2 8150
2 2637
2 2034
2 169
1 3155
2 14
1 3318
1 4164
2 6304
1 4488
2 1997
2 3730
2 1318
2 1460
1 1313
2 907
1 5885
1 6241
1 9963
2 4466
1 5854
2 9046
2 6470
1 8222
2 1740
1 5347
1 363
2 2394
2 9704
2 3460
1 1472
2 2164
1 4093
1 6894
2 7226
2 7276
1 1332
2 287
2 454
1 577
1 9752
2 1881
1 2551
2 5690
2 457
1 6829
2 9107
2 10
2 3020
2 287
1 9493
1 6714
2 3874
1 9743
1 7015
2 3211
2 4133
2 6134
1 6099
2 6159
2 1248
1 7743
1 664
2 7001
1 4888
1 5597
1 4093
1 274
2 9978
1 9749
2 2023
1 5360
2 6357
2 9283
2 6913
1 4611
1 5808
2 367
1 1241
2 7683
2 7381
1 6136
2 7737
2 6583
2 44
2 95
1 8866
2 7560
2 1181
1 5883
2 5371
1 7083
1 9382
2 8288
1 9821
2 4621
2 1595
2 5617
1 871
2 3239
2 1883
2 1671
1 4279
2 2962
2 1986
2 23
2 126
2 63
2 3
1 6222
1 5642
2 7923
1 2252
1 5825
1 5052
2 8643
1 6295
1 3159
1 2269
1 8807
1 943
2 7179
1 2074
2 5900
1 5355
1 3291
1 9086
1 9380
2 7048
1 9601
1 6985
2 2782
1 5965
2 9932
1 2302
2 1214
2 5233
2 3959
2 4425
2 2302
1 1381
1 5746
2 9941
1 2425
2 2524
2 8104
2 9421
1 38
2 6473
2 6159
2 887
2 45
2 1
1 9104
2 2428
1 6969
2 836
2 1484
1 6714
1 2311
1 7457
2 7656
2 3510
2 626
2 9615
2 1022
2 1401
2 28
2 2748
2 76
2 119
2 550
1 5006
2 2455
1 8487
1 80
1 1973
1 4568
2 5528
1 6115
2 9619
1 4656
2 7600
2 1303
1 5395
1 1798
1 2384
1 5151
1 636
1 2811
1 3210
2 2869
1 5092
2 8532
2 7321
2 7084
1 3022
2 2197
1 6153
1 9963
2 8648
2 6811
1 4250
2 849
2 4309
1 7993
1 2835
2 7232
2 4426
2 2027
2 2487
2 232
2 368
1 9863
1 8722
2 1804
2 7604
1 8565
1 3935
1 3261
1 3544
2 3736
2 8631
1 6067
2 5080
1 9385
2 3513
1 9066
1 5955
1 4818
1 5187
2 6298
1 8772
2 8724
1 2766
2 5850
2 4986
1 3435
1 6580
2 4885
2 9411
1 8449
1 1867
1 1356
2 3862
1 1902
2 9943
1 1298
1 7047
1 3862
2 1433
2 5291
2 4391
2 4981
2 8105
2 8532
2 7123
2 1040
2 99
2 25
1 5194
2 3215
1 1157
1 9904
1 2765
1 9647
1 9413
1 3339
2 1554
1 8904
2 3259
2 5206
1 2417
1 2541
2 2684
2 7960
2 3259
1 5990
2 6063
1 7410
2 3659
2 6717
1 4704
2 5777
1 1759
1 4443
1 8526
1 6420
2 2155
2 3422
1 1241
1 6208
2 6393
2 4942
1 1035
1 7785
1 9697
2 9475
1 2850
2 8858
2 6252
1 5056
2 8870
1 4738
1 8979
2 9932
2 5827
2 5123
1 5778
2 8664
2 7543
1 6848
2 8120
1 1211
1 5671
1 7382
1 6304
1 1303
2 6702
1 9322
2 8187
2 6882
2 1013
2 2308
1 3244
2 5085
1 7126
1 7889
2 1101
2 1493
1 1967
2 4426
1 5881
2 1357
2 9444
1 4359
1 1563
2 9764
1 8343
2 4388
1 6692
2 360
1 8018
1 5636
2 5269
2 4225
2 9995
1 2117
2 5821
2 2082
2 6143
2 1644
1 3235
2 2131
2 2389
1 6304
1 5891
1 5604
2 8258
1 8398
1 1480
1 2063
1 8928
1 7759
2 3576
2 8251
1 1596
1 7573
2 172
1 9245
2 212
2 1298
2 8883
1 3420
2 2215
1 8241
1 1921
1 547
2 7600
1 4825
2 1429
1 6598
1 5706
2 9712
2 9210
1 5939
1 9654
1 7139
2 2005
1 3755
2 3287
2 8664
1 7843
1 1897
1 8969
1 8122
1 3839
2 8509
2 7619
2 4785
1 1621
2 3010
1 6202
1 436
2 5151
1 1029
2 412
2 3483
1 6743
1 6191
1 1056
2 106
1 2495
2 2918
1 467
2 6060
2 8671
1 5427
1 1929
2 2224
2 1737
2 7733
2 7666
1 9569
2 2541
1 8949
1 4418
2 4762
2 5341
2 4782
2 8054
2 8290
1 2259
2 5002
1 7569
1 9240
1 4246
2 561
1 9317
1 3226
2 2669
2 787
2 3051
1 5554
2 6912
1 6738
2 3236
2 5709
1 8187
1 5674
1 727
2 5534
2 1317
2 4815
2 8244
1 6645
2 5435
1 5124
1 3206
1 715
2 1051
2 3576
2 7314
1 8606
1 5358
2 3412
1 8699
2 7193
1 8923
1 714
2 1949
2 1026
2 820
2 3676
2 6644
2 1323
1 6047
1 4754
1 6387
2 6538
2 5792
1 3392
1 8576
2 8809
2 5214
1 2649
2 7862
2 741
1 7205
2 9881
1 120
2 5990
1 8367
1 3886
1 6536
2 9243
1 6619
2 3787
2 2111
2 3840
2 5215
1 2070
2 6562
2 892
2 5538
1 4351
2 2425
2 6423
1 5801
1 8328
1 6525
2 9151
2 9563
2 9740
2 4108
2 1553
2 5471
1 3682
1 6883
1 9905
1 4591
1 1932
2 3535
1 4536
1 7350
1 8138
2 429
2 5014
1 2726
2 5254
2 8577
2 5786
2 1901
1 7207
2 8278
1 2515
2 3396
2 724
1 3851
2 595
1 5510
1 5205
2 6784
2 7515
2 8881
2 9387
2 7322
2 1645
1 3053
2 2050
2 613
1 9292
1 4639
2 8250
1 8848
2 8516
1 9533
2 871
2 4209
2 5364
1 8351
1 671
1 5167
1 9875
1 9228
1 7647
2 6507
1 6791
1 9561
1 8121
2 4727
1 604
1 6945
2 4283
1 9523
1 7193
2 6538
1 610
2 8578
1 7767
1 7049
2 7728
2 3886
2 6286
2 8215
1 5009
2 193
2 5788
1 6862
2 3125
2 3498
2 5066
1 2534
1 6792
2 6798
1 2745
1 7773
2 216
1 5839
1 2969
1 5580
1 3442
1 9867
2 5735
1 8456
1 6161
1 3024
1 9392
1 6305
1 3142
2 5409
1 8885
1 5769
2 9512
1 7268
2 5374
2 2770
1 4476
1 1885
2 8834
2 9374
2 721
2 3192
1 4031
1 9454
1 366
2 2148
2 1898
1 3525
1 5518
2 5206
2 3184
1 9206
2 3382
2 9396
2 9434
1 1901
1 7655
1 7393
2 6282
2 7395
2 8214
1 1016
2 6669
2 285
2 8704
1 1748
2 6830
1 7131
2 269
1 5601
1 4804
2 658
2 8377
2 2041
2 6063
2 4759
1 4202
2 4193
2 5556
2 1394
1 6110
1 2205
1 5647
2 6416
1 7956
1 2392
1 760
2 1803
1 4626
1 6558
1 2835
2 8030
1 3944
2 2664
1 227
1 9079
1 5954
1 3285
1 2383
2 8374
1 8532
2 3112
1 3124
2 3582
1 507
1 2313
2 2422
2 482
1 9139
2 4614
2 6941
1 8059
2 471
2 8431
2 7765
1 653
1 3735
1 3547
1 9248
2 85
1 3575
1 3001
1 8193
2 1668
1 8635
1 6163
1 1613
2 7958
1 3860
2 212
2 3287
2 7560
1 3040
1 4349
2 5267
2 1354
2 7202
2 1056
2 6996
1 7067
2 7585
2 4005
1 8745
1 6874
1 8983
1 5445
2 9219
2 8857
2 6931
2 4604
2 4077
1 3183
1 3959
1 5490
1 4318
1 4007
2 4507
2 6673
1 5446
1 1998
2 3541
1 5820
2 2886
2 196
1 8691
2 6902
1 5384
1 8453
1 4094
2 6857
2 7810
2 7121
1 7874
1 4858
2 7292
2 1471
2 5721
1 4274
1 9100
1 4720
1 969
1 7162
1 931
2 4283
2 2814
1 4237
1 9058
2 2116
1 1796
1 5427
1 2031
2 2948
1 7318
1 2357
2 6596
1 2350
2 5353
2 1830
1 5895
2 7294
1 4660
2 5848
1 9437
1 8688
1 8180
1 1993
1 6986
2 2327
2 1115
1 3445
2 9473
1 5818
1 3762
2 4709
1 4415
1 8501
2 9927
2 7390
2 8597
1 2208
2 1487
1 6408
1 2999
1 8459
1 7789
1 7249
2 1583
1 5031
1 8511
2 6236
1 4135
2 6733
1 3511
1 6958
2 2675
2 828
1 7134
2 3090
1 5073
1 6748
2 4329
2 6800
1 5862
2 9843
1 9335
2 3764
2 2734
1 5781
2 5741
2 4053
2 8192
2 600
2 2176
2 5131
2 726
2 7714
1 9202
2 729
1 1787
2 4953
2 9895
1 8765
2 385
2 5908
1 383
2 8472
1 8620
2 6061
1 5663
1 3736
2 7138
2 4112
2 7597
2 395
1 3457
2 6243
1 7624
1 9610
1 5129
2 9609
2 6511
1 84
2 2887
2 2149
1 859
1 7333
1 9963
1 7400
2 1260
1 568
1 6153
2 8797
2 5264
1 4500
2 1350
2 928
1 7229
1 6031
1 4532
1 4258
2 8961
2 9522
1 1381
2 8424
1 9591
1 4023
1 8444
2 7748
1 3002
2 7251
2 5550
2 324
2 6326
2 4880
1 5396
1 103
2 7751
1 4130
2 8687
1 7723
2 314
1 318
2 6961
2 7340
2 2786
2 3000
2 5656
1 9106
2 2775
2 9511
2 2445
2 2626
2 1900
2 2088
1 6509
1 1680
2 8581
1 1657
1 4917
1 8442
2 868
1 3404
1 5484
1 3833
2 7695
1 5611
2 4741
2 1932
1 360
2 7478
2 7452
2 5565
2 9286
2 1137
2 4216
2 3733
2 8915
1 2753
2 3611
2 2599
1 7019
2 3495
2 5507
1 4657
2 6622
1 7411
1 3370
1 7035
1 9058
1 6807
1 6534
2 6997
2 8965
1 952
1 4820
1 4930
2 2608
1 516
1 7784
1 2207
2 9451
1 698
1 8944
1 3920
2 2984
1 3286
2 6972
1 7903
2 7434
2 9087
1 8118
1 6648
1 593
2 4389
2 4208
2 6833
1 2639
1 6209
1 2739
2 5833
1 7346
1 1247
1 5339
1 932
1 8603
2 3202
1 7377
2 4674
1 4030
1 7409
2 6857
1 9383
2 3948
1 9819
1 6251
1 3465
2 4306
2 2628
1 1501
2 5665
2 452
2 4470
2 8364
1 3126
2 9028
2 8282
2 2363
1 2788
1 936
1 4766
1 1042
1 4645
1 1120
1 4114
1 2964
2 2679
1 4512
1 9046
1 4090
2 1926
2 490
1 5301
1 8900
2 2020
2 7995
1 1534
2 7959
2 1682
2 4457
2 6275
2 5342
2 4232
1 2282
2 1196
2 6300
2 2905
2 7471
2 1046
1 182
2 7970
2 3554
2 8745
2 3530
1 9784
1 7109
2 221
2 6334
1 9948
2 7779
1 8064
1 2540
1 2642
2 98
2 9408
2 2579
2 6765
1 3875
1 9074
2 6701
1 9404
1 1835
2 7539
2 6747
2 4948
1 9787
1 9255
2 4600
2 753
1 1649
1 8968
2 8232
1 709
1 8585
2 3742
2 4271
1 2361
1 9492
2 6095
2 2194
1 9565
2 1738
1 4208
1 6836
1 8637
2 4966
1 1245
2 9436
1 7404
1 1384
1 1094
1 7024
1 5171
2 4437
2 1912
1 505
2 4756
1 4751
1 5845
1 9049
1 8314
2 2813
2 1518
1 8870
2 1684
1 9568
1 3468
1 2846
1 7535
2 3125
2 9665
1 4084
2 6032
2 4150
2 184
1 2868
2 3626
2 7790
2 7558
2 4559
1 2040
2 6744
2 3019
2 6343
2 7766
2 3821
1 3444
1 940
1 7419
2 6753
1 6852
1 9854
2 9112
1 8450
2 792
1 8359
2 6650
1 6253
2 770
2 7774
1 8269
2 3649
1 3033
1 7549
2 1116
2 8838
2 9791
2 7797
2 633
2 7095
2 7181
1 975
1 7448
1 1279
1 4133
1 7516
2 9641
2 4321
1 4406
2 3330
2 4093
1 7098
1 9805
1 8122
1 1020
1 8941
1 8837
2 4805
2 5268
2 146
1 6278
1 9656
2 2446
1 4115
1 7401
2 779
1 6857
1 7561
2 1257
2 1298
1 9497
1 5018
2 1159
1 2368
2 8515
1 4470
1 3951
2 8287
1 7191
1 9741
2 8585
2 9100
2 129
1 2437
1 428
1 203
2 5147
2 8600
2 5325
2 5173
2 2425
1 2958
1 6601
2 5741
1 7215
2 7657
1 8462
2 9246
2 8028
1 9708
1 8808
2 9635
2 7243
1 9240
1 1889
2 360
1 8669
1 3055
1 1801
1 8901
2 8094
1 7564
2 7200
2 9619
1 9000
1 4791
1 9530
1 3181
1 9491
1 1208
2 3499
2 4608
1 7539
1 2836
1 4523
2 7283
1 9879
1 675
2 106
2 2633
2 1722
1 6313
2 3655
1 5436
2 1426
1 3788
1 8033
2 7111
1 5184
2 6617
1 5996
1 4510
2 1920
1 6520
2 5279
2 67
1 451
1 4537
2 7355
2 1796
2 9240
1 3491
2 9
1 3423
1 9444
2 6944
2 7302
1 6180
2 2049
2 3441
1 7772
2 5025
1 9207
2 4068
2 5415
1 1402
1 6939
1 2355
2 6840
2 9864
1 392
2 4964
2 398
1 7945
1 5854
1 7667
2 6504
1 9724
1 9213
1 3950
1 8081
2 7947
2 3948
1 9450
2 7091
1 7425
2 9698
2 3194
2 4417
2 8421
1 9488
1 5037
1 9818
2 2266
2 1520
1 8579
2 5356
1 8536
1 9761
2 3584
1 104
2 5885
1 2688
2 7590
2 9974
2 4907
2 6710
2 8282
2 5830
1 5260
1 9180
1 6025
2 6567
1 6478
2 5960
2 8682
2 9704
2 4410
1 558
1 1780
1 9252
1 9491
2 8572
2 2920
1 7032
1 584
1 6345
1 303
1 3029
1 4829
2 3785
2 3742
2 9700
1 3139
1 5475
1 8546
1 2732
2 3922
2 8330
2 158
2 5848
2 1798
1 1280
2 8603
2 3856
1 3741
1 5358
2 3891
2 3856
1 4790
1 4871
2 8119
1 9087
1 8935
1 6138
1 4902
2 731
1 9876
2 9982
1 2425
2 2026
1 5451
1 6119
2 6489
1 5106
2 6453
1 6131
1 9541
2 6423
1 2342
1 5520
1 3435
2 7689
1 5158
2 2708
1 9752
1 899
1 973
2 6027
2 2615
1 2342
2 9695
1 2698
1 6065
2 3796
2 3517
1 1688
1 4506
2 3429
2 4540
2 5213
1 8232
1 8637
2 5673
2 3953
1 281
1 7248
1 4039
2 3722
1 1167
2 9546
1 4753
1 2071
2 3154
1 8981
2 2031
2 5708
1 2549
2 4767
1 7994
2 2675
2 3675
1 358
1 9363
1 1842
1 4853
1 909
2 6194
2 2567
1 7751
2 9900
2 969
2 6186
2 7654
1 214
1 4129
2 894
1 7299
1 4264
2 5558
1 9021
2 8554
1 7237
1 2405
1 7279
2 9779
2 3776
1 6634
2 5704
2 2327
2 1831
1 3771
1 407
1 5397
2 5468
2 8528
2 4510
1 8257
1 3880
2 6876
2 8979
1 5621
1 2463
1 8476
1 7769
1 9038
2 5680
2 2224
1 5024
2 7581
2 4546
1 6618
1 8661
2 5905
2 1733
2 5481
2 3493
2 28
2 118
2 4327
1 124
2 901
2 7717
2 2119
2 263
1 5813
2 3807
1 6931
1 652
1 3287
2 6947
2 8409
2 1500
2 4024
2 7989
2 3590
1 2476
2 8039
1 450
2 7700
2 8062
2 1187
1 9969
2 1033
2 5607
1 370
2 2312
2 5448
1 3908
2 7090
1 1111
2 7276
2 4300
2 6904
1 1460
1 660
2 2376
1 9194
1 506
1 7960
2 7262
1 9861
1 9811
1 2576
1 8704
2 9625
2 4029
1 3167
2 2500
1 7920
2 5846
1 7036
1 5612
1 8110
1 9133
2 1376
2 2202
1 5832
1 8691
1 9242
1 9204
1 9294
2 1732
2 3863
2 4889
1 4643
1 6391
1 3667
1 9287
2 4674
2 1035
2 7715
1 9849
2 2063
1 9926
2 4681
1 7280
1 934
2 853
2 7139
1 3885
1 6411
2 6141
1 7270
1 3273
2 7062
2 3145
2 785
2 2993
1 8059
2 2985
2 7896
1 2871
2 6851
2 6144
1 8031
1 4752
1 896
1 2133
2 2695
2 3528
1 4995
1 5072
1 8495
1 9796
1 1563
2 8793
2 1087
1 6889
2 6452
1 8295
2 9724
1 7166
1 6863
2 1779
2 276
1 3146
1 9332
2 6179
1 5925
1 6517
1 4047
2 1881
2 33
2 2556
2 8706
2 5939
1 9869
1 2075
2 9736
2 194
2 3545
2 9460
2 9252
1 3657
1 1590
2 8411
1 6948
2 9994
2 9935
1 2715
1 707
2 1490
2 2721
1 6965
1 2519
1 2258
2 134
1 3855
2 6833
2 4606
2 342
1 8687
1 7350
2 6003
2 1402
1 2456
2 1908
1 6264
2 3200
2 278
2 5665
2 3028
1 2692
2 4223
1 470
1 4297
2 6985
2 682
2 682
1 8194
2 5649
1 4210
1 1039
2 6228
1 9916
1 1463
1 8296
1 4528
2 561
2 1081
2 3821
2 328
1 6687
2 7476
1 7332
2 2628
1 2539
1 8371
1 488
1 4115
2 395
1 1380
1 6892
1 7689
2 2381
2 2793
2 7405
2 8130
1 1507
1 9995
1 5930
2 8468
2 4742
1 3099
2 140
2 667
1 3876
2 2460
1 9428
2 490
1 1320
1 9103
2 1053
2 7874
1 5361
2 5773
1 9928
1 5195
2 3565
2 9864
2 3371
2 4803
2 247
2 3764
1 7375
1 8638
2 9316
1 8073
2 4500
1 3848
2 928
2 2354
2 7414
2 4498
1 4389
1 6924
2 52
1 3405
2 4826
2 8767
2 9656
1 1386
1 8093
1 8112
2 4561
1 2461
2 7182
2 2596
2 2761
1 5331
2 2657
1 3081
1 8603
1 2278
1 1236
2 2993
1 1430
2 5781
1 8496
1 6999
2 189
2 2699
1 7726
1 9019
2 2606
1 1057
2 6041
2 1971
2 2815
2 6518
2 1271
1 7810
1 9954
2 4715
1 612
2 2238
2 8176
1 3663
2 5235
2 9492
2 6731
2 8754
1 728
2 498
2 692
2 382
2 3123
2 9701
1 7111
2 7657
2 1817
1 696
1 4576
2 1853
2 8545
2 6737
1 9367
1 9270
1 9460
1 6409
2 9957
1 9354
2 9420
1 3998
2 5153
1 8964
2 8203
2 5878
1 6397
2 7372
1 9902
2 7952
2 5890
1 4238
1 4799
1 2526
2 491
1 8646
2 8741
1 2768
1 4986
1 7458
1 1425
1 4502
1 3010
1 5695
1 348
2 7319
1 3135
2 2887
1 6411
1 6222
2 7032
1 3605
1 2816
1 7290
2 1803
1 2711
2 8483
2 4481
2 9994
2 1468
1 3016
2 5343
2 9572
1 8752
1 4983
2 2213
2 4889
1 298
2 9264
2 4180
2 3277
1 9965
1 9520
2 6467
1 1403
2 1173
1 7546
2 4897
2 5024
1 644
1 7662
1 1018
1 4923
1 8778
1 6769
2 4585
2 6793
1 9015
2 4842
2 1964
2 1450
1 9069
1 552
1 7386
1 7651
2 6108
1 3590
2 5688
2 7187
2 2371
2 5848
2 6113
2 1433
2 1821
1 8060
1 2583
1 1591
1 2879
1 2107
2 8258
2 3391
1 1317
2 7453
2 3774
2 4058
1 736
2 409
2 6778
1 4217
1 3685
2 6365
1 5606
1 8012
1 1062
2 8348
2 9633
2 1987
2 7921
2 6553
2 5706
2 5990
2 4521
2 7621
1 3396
2 4826
2 9392
2 2506
2 8381
2 7548
2 7472
1 6363
1 7965
2 1516
1 7445
2 3772
2 5169
2 8674
2 5523
2 9256
2 5826
2 8843
2 736
1 2981
2 5542
1 8753
1 5502
1 1478
1 2264
1 2495
1 4281
1 8256
2 7975
2 1140
2 3861
1 7368
1 2931
2 7881
2 8599
1 7576
2 7014
1 26
2 1358
2 7387
2 7777
1 1563
2 5264
1 2999
1 8626
2 8442
2 6705
1 1468
2 4815
2 4606
2 4649
2 3866
1 3859
1 3764
2 4544
1 1549
1 3443
2 7829
1 8221
2 2335
2 7568
2 7885
1 691
2 7446
1 4724
2 274
2 9370
1 3291
2 984
1 4367
2 9106
2 8698
2 5237
1 6716
2 2351
2 6823
2 1174
1 6339
1 5509
1 2127
2 8550
2 7059
2 7876
2 3988
1 4517
2 4109
1 4335
1 5517
2 8744
2 1896
2 3787
1 3865
1 1310
1 9622
1 6153
2 893
2 8803
2 9903
2 6529
2 2566
2 5802
2 844
1 8329
1 6381
2 1489
2 4544
2 960
2 3426
2 1911
2 470
2 5380
2 2628
2 8569
1 3901
1 1455
2 1906
2 2908
1 8898
1 3926
2 9144
2 9152
1 5072
1 9026
1 3043
1 9356
1 216
1 5439
1 5609
2 211
2 7701
2 6441
2 1141
2 3903
1 580
2 1847
1 3109
2 1241
2 2920
1 6208
1 1886
2 8614
1 5772
1 8026
2 6193
2 9954
1 6243
2 3516
1 686
2 7485
2 7101
2 8133
2 3352
1 5614
1 2153
1 5026
2 7976
2 8845
1 8508
2 9339
1 9788
2 2674
1 6228
1 8818
2 9655
2 1566
2 5911
1 2518
2 9473
2 8778
1 8804
1 3423
2 7729
1 9132
2 3275
2 2184
2 4724
1 6437
2 7916
2 8195
1 9913
2 56
2 9759
2 8279
2 5841
2 5629
2 7130
2 843
1 3379
2 3665
1 2018
1 6763
2 7200
2 3744
1 2981
2 2203
2 9850
1 3718
1 684
2 7960
1 4422
2 5587
2 2969
1 7233
2 619
2 902
2 7414
2 996
2 9896
2 95
1 376
2 6554
1 1507
2 7955
1 8990
1 925
2 8771
2 8326
2 7409
1 2138
2 9095
2 3154
1 5936
2 1164
2 8177
1 8701
1 3555
1 6692
1 5601
2 5046
2 2322
1 9433
1 1207
1 1563
1 3866
2 5179
1 1266
1 4706
2 3112
2 9703
2 7518
1 3113
1 5780
2 7361
1 2107
1 8216
2 9626
1 3676
1 979
2 63
2 1070
1 1106
1 3968
1 5865
2 1704
2 9518
1 6913
2 3025
2 4539
2 6759
2 5877
1 2301
1 6863
1 2601
1 4595
2 2441
2 4353
1 4641
2 3270
2 7665
2 1365
1 4951
2 3900
2 3222
2 722
2 9207
1 3346
2 8326
1 4657
2 2738
2 1413
2 1835
2 294
1 2769
1 520
2 7593
2 3049
2 7022
1 8687
2 3284
2 2077
1 5683
1 6539
2 4239
1 8252
1 1524
1 8715
1 1236
2 7967
2 4352
1 6950
1 2819
2 2538
2 4887
1 6196
1 3701
2 9079
2 8594
1 9416
2 5891
2 4871
1 451
2 2294
1 5859
2 1752
2 4185
2 6082
2 5519
2 502
2 497
1 3144
2 2939
2 457
1 8756
2 4840
2 999
2 2970
2 53
2 346
1 5554
1 1596
1 6763
1 5723
2 461
1 5898
2 7747
2 1803
1 3669
2 9332
1 2558
2 6071
2 3292
2 2338
1 880
2 1070
1 8524
2 4861
2 1643
2 1780
2 846
1 8979
2 2246
2 2854
1 5755
2 5469
2 3594
2 233
2 160
2 75
1 402
2 403
1 3025
1 6241
2 1107
1 2831
2 8092
1 32
2 773
1 8678
1 7172
2 6006
2 4217
2 2737
1 5239
1 2611
1 8344
2 5581
1 2079
1 610
2 7194
1 2101
1 9758
2 8293
1 4473
1 5270
1 6621
1 2600
2 7971
2 1606
2 8531
1 234
1 1587
2 3478
1 8593
1 4952
2 7358
1 7921
1 5677
2 8944
1 6844
1 2792
2 1987
1 9477
2 8251
2 2761
1 2877
2 9503
1 9936
2 7555
2 7627
2 807
1 9413
1 3056
2 4047
1 2059
2 6832
2 236
1 2360
1 6688
2 5743
1 3176
1 9520
1 4042
1 2178
1 7802
1 4331
2 74
2 2696
1 5022
2 8885
2 5222
1 7811
1 2172
2 1854
1 7781
1 5362
2 6154
2 3664
2 9454
1 420
1 4810
2 9661
1 1978
1 1607
1 111
2 966
2 9519
2 2676
2 3799
1 8881
2 9315
1 1055
1 9605
2 5877
1 5187
2 6112
2 2122
2 6719
1 8162
1 3719
2 9654
1 9742
1 1546
1 2984
1 8956
2 2338
1 1941
1 7759
1 8680
2 6767
2 918
1 5745
1 1907
1 668
2 4625
1 6866
1 3998
1 5431
1 5044
1 8145
1 4056
2 4833
1 8134
1 972
2 5935
2 9584
2 9656
1 37
1 5604
2 5286
2 7138
2 3174
2 9018
1 9355
1 5914
1 2593
2 7347
2 2949
1 659
2 1494
2 9820
2 9685
2 7120
1 3674
2 3795
1 6661
2 502
2 1015
2 5348
1 7836
2 9750
1 6141
2 3713
1 8712
1 4778
1 3224
1 8071
1 5281
1 1848
2 5279
2 6296
2 591
1 1633
1 8814
1 7217
1 3797
1 2000
1 433
2 6912
2 3118
1 951
2 6108
2 7332
2 8483
2 1478
1 9626
1 1578
2 29
1 476
2 4032
2 5019
2 7913
1 4853
2 4696
2 9248
1 5949
1 2149
1 1394
2 4628
2 7276
2 4979
2 5357
2 7752
1 9198
1 4944
2 7654
1 6258
2 6708
2 9555
1 4950
1 6713
2 1788
1 6484
2 5259
1 1945
2 7830
2 8610
2 2625
2 347
1 3670
2 1408
2 1235
2 534
2 1321
1 406
2 160
1 8613
2 5062
2 56
2 66
2 3030
2 394
1 9397
2 4276
2 4387
2 8
1 4519
2 257
2 1575
1 9497
1 3405
2 3626
2 6943
1 4238
2 5988
1 8108
2 6322
2 3041
2 2481
2 164
2 504
1 9682
2 226
1 8157
2 3287
1 2232
2 5594
2 479
2 2197
2 4936
2 1584
1 8228
2 4240
1 1355
2 6407
2 290
1 5417
2 1135
2 957
1 1256
2 5038
2 99
2 7
1 6070
1 2984
2 6844
2 816
2 699
1 8302
1 2684
1 961
2 4172
1 826
2 6125
2 2949
1 9860
2 9745
1 5791
1 3057
1 6404
1 161
2 1521
1 6413
1 1011
2 142
2 4551
1 8097
1 4940
1 4715
2 5368
2 6178
1 4342
1 4287
1 6108
1 3544
1 2112
2 1752
1 5078
1 9475
2 7440
2 6005
1 2229
2 7311
1 1258
1 453
2 5954
2 8406
2 2901
2 8208
1 9632
2 3507
1 5866
2 6907
1 6063
1 516
2 8467
1 1169
2 2695
2 1208
2 1141
2 9087
1 3030
2 6215
2 774
2 55
1 5638
1 5268
2 2167
2 3298
1 5147
2 6455
1 7533
2 2297
2 7882
1 981
2 2470
1 839
1 8382
1 1974
1 8005
1 5801
2 2934
2 4656
2 6438
1 5745
2 4976
2 6153
1 7803
2 3461
2 6868
1 4855
2 5071
1 1319
2 38
1 9826
1 5191
2 9642
1 8657
2 2468
2 372
2 5818
2 4365
1 4928
1 2873
2 4937
2 5172
2 995
1 9655
1 9648
1 8267
1 2157
1 6870
2 6567
1 2092
1 1840
2 5597
1 2284
2 18
2 5985
2 6545
2 5404
1 3610
1 1441
1 3186
2 9675
2 361
2 550
2 642
2 7369
2 2594
2 1498
2 351
2 7
2 2
1 1391
2 102
1 9858
1 8612
2 130
2 5680
2 6256
2 1003
1 5507
1 4574
2 4602
2 6873
1 2883
2 6522
1 7737
2 1174
2 8240
1 5444
2 2298
1 7923
2 9128
2 1788
1 1871
1 8334
2 3596
2 3817
1 4923
2 2805
1 8642
1 2007
1 9517
2 5221
1 5095
1 1244
1 4610
2 7622
2 4655
1 2264
2 9194
1 5345
2 4744
2 4522
2 4225
2 2955
1 4537
2 454
1 492
2 1392
2 2919
1 2538
1 9413
1 1921
1 9932
2 8712
2 2041
1 6959
2 4993
2 9392
1 1081
1 8788
2 1102
2 3087
2 5021
2 1779
2 2189
2 3176
2 37
2 16
1 3231
2 868
2 903
1 5381
1 7583
2 6954
2 4528
2 7
2 1580
1 9999
1 8846
1 5649
2 981
1 3147
2 7593
1 4062
1 3080
1 61
1 5502
1 868
1 799
2 6293
2 7688
1 3956
1 5129
2 5777
2 8109
2 622
1 6308
2 8368
1 1459
1 6175
2 672
1 5058
1 7623
2 3540
2 6046
1 1914
1 8779
2 267
2 8896
1 9068
1 3635
2 1273
2 8259
1 3577
2 7241
2 3940
2 8127
2 1692
1 6401
1 6571
2 5584
2 4072
1 605
1 1773
1 6434
1 4906
1 691
2 4803
2 2282
1 3894
1 3344
1 8169
2 3260
1 4308
2 4724
2 3521
2 1503
2 3319
2 1392
1 770
2 5141
1 7354
2 9850
1 2517
2 5896
1 2399
1 9161
2 6682
1 3643
2 5430
1 1451
2 7751
1 4306
2 6354
2 3349
1 7383
1 8390
1 5806
1 3679
2 913
1 7749
1 7802
2 4694
1 8079
1 92
2 4608
1 5942
1 8584
1 6781
1 5882
2 918
2 5976
1 5239
2 7149
1 5631
1 7928
2 6279
2 8259
2 9410
2 5712
1 6752
2 6469
2 2416
2 7029
1 4325
1 9838
1 8095
2 3066
1 3931
1 4039
1 7068
2 3840
1 7441
2 1875
2 4375
2 3720
1 130
1 9202
1 2102
1 9716
1 3896
1 3642
1 1466
1 216
1 4185
2 6295
1 9962
1 1023
1 2519
1 6051
1 4187
2 3900
1 8891
2 2756
2 7332
1 4946
1 8239
2 3722
2 2153
1 9836
1 4827
2 7418
2 2566
2 5892
2 781
1 7840
1 3249
1 686
1 4463
2 1610
2 7205
2 9301
2 7400
2 3781
1 8743
1 2830
1 9693
2 2199
2 2280
2 8648
1 6190
2 2191
2 1868
2 2801
1 3285
2 7245
1 1386
2 4922
1 5786
1 837
1 1863
2 4746
1 2735
2 4725
1 9956
1 1005
2 6328
2 5093
1 1548
2 5615
1 1730
2 7616
1 7007
2 2579
2 189
1 4880
2 1236
2 3726
2 2400
2 824
1 5362
1 5739
1 7606
2 2771
1 4876
2 8340
1 8313
2 7111
1 1681
2 2510
2 9432
1 8565
1 780
2 7910
2 1944
1 2881
2 6155
2 9571
1 7487
2 5756
1 4515
1 8334
1 1302
2 7516
1 2995
1 7130
2 8222
1 7682
1 4337
2 1647
2 1790
1 3764
1 7859
2 3530
2 9297
2 9094
2 9497
2 9368
1 1956
2 6393
1 2782
2 9597
1 474
1 1189
1 5303
2 9061
2 5584
2 20
2 3774
1 2956
1 1864
1 5228
2 6532
1 1822
2 1988
1 6202
2 134
2 6833
2 7419
1 5068
2 3311
1 6436
2 5442
2 5452
1 5427
1 1796
2 7997
2 9482
2 6768
1 1643
2 2803
1 8597
1 7843
1 5902
1 3484
2 3186
1 3790
2 4502
2 6311
1 8077
2 2627
1 8252
1 1442
2 2060
2 8576
2 8353
1 5760
2 2917
2 4079
1 3042
2 1398
1 9725
1 265
2 6512
2 8118
1 9466
1 1059
2 4528
1 6804
1 1305
2 1562
2 883
1 9121
2 4382
2 8494
1 8585
1 526
1 787
2 9744
1 8267
2 3207
1 4695
1 2969
2 6055
2 3896
2 9424
1 8978
2 879
2 5839
1 3264
1 4102
2 153
2 1148
1 306
2 621
2 7505
2 3725
2 8759
2 6517
1 7748
1 5007
2 2528
2 2548
1 4222
2 2550
2 5375
2 7051
2 1993
2 9557
2 167
1 9945
2 280
2 2789
2 8396
1 4736
2 3498
2 2214
2 21
2 12
1 3956
1 7479
2 1096
1 5725
2 2637
1 2599
1 4566
2 9665
1 2733
1 4954
1 3198
1 7894
1 6251
2 8934
2 3763
2 4679
1 1909
2 4368
1 1221
1 7044
1 1010
1 9033
2 2928
1 8700
1 7975
2 1698
1 6664
2 8024
1 7184
1 8636
2 4346
2 1019
1 5727
2 5219
2 6772
2 769
2 1474
2 8040
1 3147
1 2307
2 9492
2 4471
2 8325
2 448
1 9640
2 1762
1 3022
2 4495
2 7897
1 43
1 3299
2 7789
2 8791
2 5453
1 5381
1 4703
1 6231
2 3910
2 8523
1 3225
2 5556
2 1164
2 1891
1 4557
2 1124
1 5232
1 1174
1 6735
1 2302
2 6283
2 6966
1 7175
1 3825
2 2347
2 2320
2 7098
1 2116
2 4732
2 1207
2 343
1 7036
2 230
2 1206
2 1176
2 1391
1 9406
2 2268
2 9364
1 5109
2 3753
2 1293
2 105
2 1222
2 104
2 201
1 9825
2 2700
2 1037
2 1880
1 62
1 7160
2 1272
2 5809
1 7625
1 327
2 6336
1 5833
1 3577
1 3681
1 1837
2 1682
2 2329
2 345
1 4020
2 7999
2 4273
1 9034
1 8684
2 3631
2 7671
2 4608
2 7682
1 45
1 7545
1 2431
2 3244
2 7450
1 9193
1 2211
1 1561
1 2972
2 8652
2 514
1 9279
2 222
1 3204
2 3679
2 3154
2 2555
2 7317
2 3911
2 89
1 6239
1 3632
2 4737
2 1869
1 4905
2 1823
1 8942
2 8762
2 104
2 3717
2 1579
1 5575
1 7189
1 1428
1 6053
1 3443
1 9938
2 2222
2 2566
2 139
2 2794
1 2561
2 8763
2 8593
2 5524
2 4588
1 4813
2 4920
2 698
2 1233
1 5789
2 2742
1 5709
2 195
1 734
2 2588
2 151
1 716
1 1709
1 2390
2 8219
2 2896
2 8
2 153
2 78
1 6971
2 5319
1 14
1 284
1 9500
2 1588
1 8171
2 6366
1 3891
1 7306
2 7290
1 458
2 3310
1 1561
1 4121
2 7721
2 7686
2 2591
2 325
2 8
2 6
1 6580
2 6753
2 63
1 4120
1 9657
2 8153
1 3641
2 7445
2 1421
2 93
1 7415
2 1851
2 5300
2 144
1 9402
1 6956
2 2004
1 4834
2 8571
2 9609
1 8956
1 2832
1 6249
1 1472
2 5215
2 8064
1 8625
1 3524
2 4145
1 3406
2 101
2 1128
2 698
1 6474
2 3535
2 8052
2 7207
2 659
1 3221
1 5230
2 1328
2 1769
1 2850
2 7536
1 816
2 503
1 8596
1 5415
1 1604
2 3593
2 1306
1 8635
1 298
1 5274
2 1449
2 6812
1 2586
2 862
1 6543
1 7402
1 6719
1 1696
1 5874
1 4574
2 780
2 352
1 4745
2 1169
1 3583
1 9249
1 2578
2 4469
2 7210
1 2098
1 1720
1 2375
2 5361
2 9707
1 3
1 8582
1 5052
1 8493
1 9402
1 6781
1 346
2 5569
1 1247
1 425
2 7914
1 1198
2 1050
2 2889
2 9469
2 8278
2 74
1 3576
1 5048
2 7668
1 3855
2 2710
2 987
1 8369
2 3502
1 6126
1 2030
1 5603
2 6556
1 9924
2 2436
1 647
2 1890
2 4819
2 2215
1 8215
2 4525
1 9010
1 3740
1 3234
1 4884
2 4061
1 5559
1 7003
1 2124
2 4016
1 948
1 2504
2 9501
2 1673
2 1516
1 1214
2 8049
1 2793
1 5202
1 3252
1 4363
2 4274
2 6721
2 7403
2 1316
1 3378
2 5867
1 3480
1 6768
1 8864
1 7006
2 5905
1 9341
1 5210
1 6665
2 1416
2 4361
1 8390
2 3413
2 3305
2 4405
2 2209
2 6632
1 5365
1 5166
1 5677
1 7968
2 287
2 1735
1 6191
2 8879
2 2025
2 7389
2 1540
1 6614
2 9269
1 7042
2 9928
2 3988
2 3489
1 2038
1 3873
1 1603
2 2816
2 9143
1 5923
2 133
2 6231
1 6884
2 8622
2 3595
2 4429
1 5714
1 1895
1 7953
1 6970
2 3629
2 6195
1 9915
2 5133
1 6740
1 2520
1 6539
1 9930
1 6303
1 7509
2 5991
2 5388
1 5799
2 4594
1 3847
2 1367
1 907
1 720
1 8574
2 354
2 2925
2 6611
1 5837
2 339
2 2745
1 2931
2 6267
2 8170
1 8982
1 2620
2 8145
1 7429
1 6172
2 8555
1 8508
2 8052
2 6831
2 9198
1 8705
2 7273
1 6548
1 1111
2 3856
1 4007
1 503
2 4424
2 8417
1 8483
2 1702
1 1669
1 7025
2 1465
1 8983
2 3553
1 9599
1 7363
2 4075
2 8820
2 7824
2 589
2 3870
2 8449
1 1767
1 5558
1 5536
2 7306
2 3222
2 5275
1 1669
2 3898
2 1452
1 7317
1 9316
1 5833
1 2946
1 5554
1 3767
1 4230
1 8937
1 5881
2 9057
1 4132
2 265
2 6497
2 8315
1 7169
2 683
2 6136
1 9213
2 1245
1 6912
2 7921
2 725
1 9734
2 6502
1 1014
1 3404
1 6050
2 2803
2 8745
2 4347
1 9334
1 7682
1 2968
1 6669
2 8250
2 4088
2 4453
1 1505
1 2309
2 2715
2 483
1 5414
2 130
1 3234
1 608
2 1419
1 2270
1 7188
2 9180
1 6284
2 2018
2 9874
1 9237
1 1976
2 8931
2 1924
2 1720
2 7253
1 9436
1 4105
2 3762
1 7078
2 8306
1 3216
2 7062
2 6198
2 8724
2 8707
1 9195
1 3573
1 4829
1 933
2 6066
1 9266
2 5178
2 5313
1 2899
2 547
2 1157
2 4547
1 5277
1 1891
1 3284
1 126
2 1996
2 6856
2 3180
2 1997
2 6451
2 8328
1 8967
1 2339
2 9414
1 1538
2 5493
1 505
2 8624
2 9039
2 2772
2 5580
2 7012
2 4747
1 1562
2 5474
1 6173
2 4509
1 7897
2 1493
2 6435
2 8072
2 8109
2 9580
2 3355
2 7829
2 1950
2 4351
1 5824
2 9108
1 1253
2 6434
2 6221
1 5650
2 5119
2 6399
1 8032
1 5791
1 7739
1 8944
1 5477
1 4356
1 8149
2 2786
2 5959
2 7000
2 6119
2 8794
2 9061
2 5049
1 760
1 5784
2 2598
2 3285
2 8255
2 4246
1 6184
1 2786
2 6113
1 7066
1 6561
2 5428
2 216
2 767
2 1808
1 1505
2 9772
2 2302
1 3470
2 2061
2 2107
2 4546
1 4764
2 5070
1 5733
1 7505
2 4948
1 5900
2 7206
1 7792
1 331
2 6210
2 1555
2 3312
1 9586
1 843
2 9606
2 2404
1 8196
2 146
2 9204
2 4130
1 2917
2 2882
2 596
1 5747
1 2491
2 4921
1 9951
1 4007
1 7422
2 2080
2 342
2 2055
3
