7992
1 6526
1 8117
2 9802
2 1476
2 1965
2 770
1 3097
1 9786
2 6718
2 3638
1 3739
1 6931
2 1525
1 845
1 3156
2 6741
2 4218
1 2732
2 6493
1 4583
2 4589
2 499
2 146
1 7389
1 7596
1 4121
2 3158
2 6203
1 7903
1 259
1 953
2 4781
2 622
2 6277
2 7444
1 3408
2 2635
1 3861
1 191
2 2207
1 8439
1 3542
1 7165
1 2445
2 856
2 1531
2 5305
1 9479
1 206
2 5180
2 1371
1 294
2 3848
1 6906
1 172
2 5979
1 6273
1 6200
2 7981
1 1583
1 5368
2 3112
2 629
2 120
2 9933
2 4074
1 9480
2 9871
1 5216
2 1114
2 3774
1 7443
2 2985
1 4536
2 7911
1 7740
2 9349
2 4643
1 3418
2 411
1 123
1 3070
2 8856
2 1616
2 875
2 909
1 8818
1 3122
1 4705
1 6190
2 3909
1 462
1 301
1 8233
2 813
2 8356
2 4942
1 7759
1 9234
1 5138
2 4035
2 6481
2 9218
1 1646
2 7799
1 9039
2 4234
1 1952
2 4956
2 1134
2 2120
2 865
1 4453
1 1541
1 9706
1 4506
1 7933
2 1999
1 1956
1 4805
1 7996
2 1489
1 1721
2 1850
1 5240
1 7390
1 5300
1 2140
1 6926
1 9813
1 8951
1 279
2 5544
2 369
2 3657
2 3827
2 4856
2 9944
2 6282
1 180
2 7270
2 6817
1 35
2 196
1 1815
1 6352
2 4054
1 4060
1 5029
2 40
1 5299
2 2667
1 6221
2 3627
1 6842
1 2879
2 4554
1 7212
2 984
2 8332
2 3895
1 5272
2 3563
1 7132
2 4478
1 3808
2 3789
2 5903
1 2838
1 2265
1 2247
2 2870
2 7085
2 4890
2 3653
2 7640
2 7296
1 8424
2 6763
2 429
2 8279
1 2528
2 5575
2 8650
1 7442
2 219
1 4777
2 8164
1 6797
2 3310
2 5348
1 2744
2 5796
1 2422
2 4196
1 6550
2 6455
1 353
2 7784
1 2151
1 639
2 4936
2 2802
1 6913
2 6683
2 536
2 9
2 96
2 136
1 1370
1 2274
2 3322
2 298
2 60
1 2710
2 1862
2 485
2 142
2 207
2 103
2 31
2 15
2 11
2 1
2 1
1 5410
2 1055
1 3900
2 3887
2 883
2 1789
2 596
1 7593
2 7248
2 131
2 1205
2 53
1 696
1 8184
1 9571
1 2397
1 5270
1 5054
1 5242
2 7646
2 8041
2 3830
2 4039
2 3053
1 5786
1 6917
1 211
1 3326
2 4783
1 6401
1 7680
1 3916
1 8572
2 1126
2 5751
1 7252
1 1851
2 2735
2 5218
2 2530
1 8348
1 7954
1 119
1 5208
2 3902
2 8806
2 8295
2 7800
1 2012
2 5926
1 3843
1 3856
2 8478
2 9075
1 5641
1 8393
2 9909
1 9790
2 1601
2 9084
2 7573
2 1933
1 216
2 2942
1 805
1 1389
1 6963
1 9778
2 3862
2 2119
1 48
1 9663
2 4010
2 1446
1 6426
1 6231
1 6005
2 5463
1 1514
1 3059
2 9889
1 7472
2 8449
2 6524
1 2721
2 524
2 8029
1 3707
2 2462
2 7971
2 4669
2 601
2 2842
2 1567
2 2460
1 301
2 1376
2 738
2 756
2 3
1 5037
1 5005
1 5986
1 4097
2 2437
1 6330
1 8318
1 114
1 701
2 6838
1 4349
2 7876
2 1785
1 7067
1 7671
2 3730
1 9992
1 2837
1 655
1 3043
2 9876
2 1246
1 7446
1 5170
1 2155
1 8050
2 4634
2 3863
2 6277
2 397
2 4607
1 7723
2 448
2 8804
2 24
2 4563
1 8068
1 1693
2 5830
1 1989
1 6879
2 3590
1 9511
1 7701
1 5875
1 5352
1 4103
2 2288
1 8761
1 3230
2 9492
1 9045
2 2493
2 5884
2 5208
2 24
1 5280
1 8820
2 7284
1 4579
1 1630
1 4809
2 1245
1 795
2 9883
1 1140
1 4074
2 374
2 1849
2 5873
1 6424
2 3892
1 429
2 2161
2 354
2 1643
1 734
2 8476
2 717
1 6440
1 8281
1 9267
1 8513
2 1914
1 6607
2 498
2 9883
2 9404
2 5952
2 4833
2 3344
1 3861
2 8488
1 6980
2 8912
2 9208
2 8273
2 9840
2 406
1 4244
1 9905
2 6700
2 4141
1 1254
2 6174
2 2102
2 3727
2 5512
2 7159
1 6969
2 613
1 8710
2 4633
1 8737
2 8340
2 7436
2 6765
2 3357
2 2569
1 7056
1 8456
2 26
2 7460
2 7543
2 1973
1 2271
2 5949
1 8892
2 6799
1 8528
2 313
2 4706
2 1719
1 1704
2 3032
2 1330
1 9383
1 6213
2 3909
1 6507
2 5873
1 7319
2 984
1 350
2 4939
2 7978
1 4574
1 7189
1 9244
1 8751
1 7249
2 605
2 8051
2 3428
2 7436
1 3954
1 6358
1 7283
2 5395
2 2941
2 7564
2 4219
1 3140
2 3461
1 3807
1 8937
1 6398
1 8501
1 3557
2 5798
2 6803
1 6162
1 1259
1 5675
1 4450
1 625
2 3696
2 1270
1 2649
1 3419
1 7486
2 8981
2 4204
2 395
1 4988
2 3604
2 5232
2 2944
2 7131
2 2853
2 26
2 7941
2 5572
1 1142
1 836
2 7672
1 4079
2 4542
2 3744
1 7249
2 1499
1 5284
1 9304
1 5210
2 4588
1 1950
1 2942
2 7513
2 5777
1 4468
2 58
2 3316
1 2102
2 2563
1 1378
2 2816
2 6512
1 1931
2 9172
2 9210
1 7689
2 9471
2 612
2 910
2 71
2 41
2 9
2 14
1 2407
2 988
2 122
2 1013
1 8353
1 2745
2 9904
1 2094
2 1263
2 147
1 7272
2 992
1 648
1 2900
2 2705
1 4743
1 6405
1 3389
1 1644
2 9493
1 7060
1 6784
1 1883
2 5008
2 4578
1 8782
1 7346
1 1405
1 5535
2 2888
2 5974
2 1530
2 1086
2 7089
2 8222
1 6037
1 5949
2 86
2 6481
1 7385
1 1558
1 6975
1 7686
1 5134
2 3977
2 1801
2 1283
2 3838
1 8987
2 7128
2 27
1 5611
2 2439
1 7440
1 4837
2 5481
2 1655
2 7200
1 378
2 9226
1 9518
2 6256
1 7185
1 8070
2 714
1 5476
2 2519
2 698
1 7859
2 7130
1 4834
2 9390
2 5388
1 2953
2 6445
1 5812
2 5331
2 8729
2 7562
1 2885
2 1901
2 3836
1 2072
2 9534
2 8497
1 3849
2 5088
1 5812
2 5232
2 2307
2 720
2 83
1 3739
2 7487
2 68
2 423
2 79
1 8778
2 262
1 3473
1 6079
2 1613
2 2689
2 9542
2 3826
1 2501
1 1113
1 2659
2 1869
2 983
1 7081
1 2140
1 9929
2 989
1 5616
1 9251
2 3895
2 519
1 3477
2 1533
2 3548
1 6016
2 8166
2 3174
2 5529
1 3544
2 1914
2 7719
2 9970
1 4045
1 5226
2 3792
2 6875
2 1501
1 5539
1 7817
1 5663
1 3664
1 7987
1 3218
1 8833
2 3665
1 5302
1 5925
2 8202
2 1025
1 8411
2 6894
2 4136
1 6307
2 3363
2 3115
1 5510
2 1827
2 2036
1 1740
2 8111
2 1360
1 511
1 2876
2 5615
1 1411
1 8679
2 4511
1 6381
2 3519
1 3199
2 1157
2 466
1 7522
2 2114
1 9854
2 6235
1 698
1 7595
2 5556
2 5147
2 3157
2 6189
2 2490
1 6009
1 3433
1 7521
1 8438
1 4910
2 5848
2 234
2 6377
1 3605
2 9946
1 9817
2 7881
1 1955
1 9748
1 3580
1 8970
1 6791
1 8605
2 2874
2 3118
2 7207
1 7113
1 7480
1 176
1 5560
1 7053
2 1426
2 2770
1 1183
1 2658
2 8089
1 1574
2 7472
2 5554
2 99
2 7961
2 4975
1 8858
1 6807
1 2506
1 4278
2 7050
2 3396
1 8810
1 9120
2 4080
2 3594
1 7071
1 2997
1 2234
2 5421
2 121
2 5383
1 2162
2 5320
1 7213
2 4561
2 5692
2 5413
2 3176
2 2160
1 2372
1 9161
1 544
2 6468
1 9641
2 4376
2 306
1 4403
1 9569
2 6968
1 2609
1 655
1 7938
2 2248
2 2309
1 3719
1 6462
1 78
2 5351
1 3775
1 1792
2 6321
1 7185
1 3081
2 5229
2 6086
2 6869
2 3533
1 3150
2 1289
1 5227
2 8228
1 7947
1 5481
1 8741
2 8445
1 7016
1 390
2 470
1 5641
1 4349
2 1894
1 8805
2 5443
2 8002
2 9915
2 1305
1 7040
2 2996
1 9584
2 3196
1 2920
2 5008
1 9789
2 7051
1 2240
2 7378
1 458
2 5222
2 9580
1 5791
1 5494
2 1103
1 1493
1 5404
2 8604
1 2800
1 9368
1 7795
1 284
1 1605
2 6571
1 3743
1 8432
1 862
2 1955
2 411
2 4161
1 6161
2 4682
1 9012
1 5863
2 3735
2 4491
1 608
1 5078
1 4267
2 9826
1 5618
2 4084
1 41
2 7461
1 8142
2 2398
1 8844
1 873
1 2215
1 3697
2 4630
1 6172
2 2213
1 5174
2 3002
2 5697
2 8071
1 7848
1 5184
1 7665
2 3176
1 4974
1 2317
2 4129
1 866
1 6205
1 594
2 2076
1 9670
2 5466
2 565
1 7050
2 696
2 1297
1 2442
1 3991
2 5815
1 2870
1 9324
1 552
2 916
2 3706
1 7113
1 7931
1 632
2 2623
1 5294
2 1695
1 6065
2 9926
2 338
1 904
1 7582
2 6406
2 1352
2 5255
2 2725
1 4010
2 6731
2 538
2 3055
2 5655
1 4624
2 1467
1 1279
1 6622
2 8511
2 2368
2 4028
2 6596
2 7165
2 5580
2 618
1 7918
2 1733
1 2383
2 6756
1 6551
1 3221
2 761
1 4780
2 3348
1 6638
1 1789
2 9537
2 1662
2 1703
1 9403
2 4644
2 3822
2 3375
1 8083
1 9074
1 3433
2 796
1 7278
1 9919
2 9858
2 9818
1 1698
1 7836
2 7450
1 313
2 1898
1 313
2 706
1 432
2 1275
1 221
1 6907
2 3482
1 3985
1 3807
2 5610
1 6134
1 3005
1 5948
2 6487
1 9330
2 9079
1 1469
1 2120
2 1568
2 1224
1 3594
2 7817
1 760
1 317
2 1571
1 2135
2 7478
1 8991
1 8976
2 2093
2 6778
2 6625
1 2043
1 2532
1 3402
2 6491
1 6825
2 6846
2 1267
1 472
1 9997
1 7101
2 9974
1 9967
1 3869
2 1098
1 5153
1 9222
2 1196
2 2476
1 1307
2 2142
2 6763
2 3459
1 5621
1 3694
2 330
2 7331
1 6011
1 8734
2 2931
1 1884
1 9161
2 681
2 3967
2 5016
2 7908
2 2470
1 4520
1 7775
2 5930
2 6788
2 7470
1 3904
1 5545
1 6679
2 2699
2 8192
2 7264
1 5084
2 2712
2 5786
1 5286
2 8037
1 6461
1 4459
2 9193
1 8756
1 2451
1 1369
2 8889
2 217
1 6218
2 8827
2 4873
1 8429
1 8420
1 2153
1 1483
1 967
1 2267
1 9348
2 7908
2 5743
2 3216
2 8754
2 7625
2 4104
1 6600
1 1972
1 9003
2 7590
1 1007
2 7815
1 719
1 6105
2 7885
2 7627
1 1819
2 8512
2 7422
1 1310
1 7767
1 7591
2 6300
1 4183
1 4590
2 4744
1 4937
2 51
2 1446
1 3261
2 949
1 1687
1 6070
1 9405
1 5138
2 9687
2 8406
1 6116
1 3995
2 6733
1 4051
1 3550
2 6947
2 1376
2 8248
1 4032
1 765
1 4539
1 3463
1 5721
2 3287
1 1230
2 6326
2 7510
2 4729
1 6067
2 275
2 2356
2 6023
1 6764
1 410
2 3943
2 8945
2 5480
1 34
2 3917
1 7586
2 9586
1 7955
1 848
2 4075
2 4628
1 4103
1 9853
1 6771
2 8673
1 4678
2 3031
2 6519
1 374
1 5619
2 5781
1 4470
2 3209
2 3283
2 4004
2 2186
2 610
1 8362
1 6507
2 6889
1 5516
2 8375
2 8756
2 4359
2 8951
2 180
2 5692
2 6259
1 967
1 1024
1 1223
2 5354
2 1611
1 8019
2 8726
1 7608
1 1788
1 2078
1 5654
1 7212
2 6499
2 5588
2 144
1 4123
2 32
2 7806
2 9681
2 9227
1 8809
1 9295
1 5507
1 9970
2 9301
1 2129
1 7876
1 7030
1 291
2 9781
1 4052
1 8728
2 179
1 2235
2 7067
2 9642
1 4407
2 9781
1 9826
2 8239
1 5934
2 468
2 4816
1 5190
2 8989
2 5762
2 5165
2 3348
1 1864
2 4967
1 2446
2 2907
2 5309
2 3529
1 766
2 9852
2 4712
1 1692
1 3907
2 8861
1 1993
1 3343
1 4239
1 6156
2 4303
2 2418
2 942
2 4892
1 7247
2 7765
1 5609
2 7418
1 4322
2 7599
1 5870
1 9783
1 3320
1 5335
1 7459
1 3930
1 7578
1 2033
1 3344
2 6166
1 2820
2 2966
1 2693
2 9598
2 5222
1 2614
1 4997
2 5487
1 7445
1 8763
1 9097
1 2852
2 8855
1 6906
1 9761
2 6005
1 7608
1 2155
1 9562
1 3409
1 918
1 2021
2 7872
2 2503
2 3360
1 3492
2 2075
1 2176
1 3363
1 415
1 5486
1 4352
1 1152
2 39
1 3696
1 7626
2 3586
1 9174
1 3754
2 9590
1 8996
1 916
1 1976
2 4859
1 6770
2 9065
2 3676
2 4778
2 9484
1 9148
1 1788
1 5292
1 7584
2 710
1 7547
1 9747
2 6839
1 3273
1 7666
2 8302
1 8901
1 64
2 2840
1 4278
1 4794
2 160
2 4294
2 2192
2 5269
1 3686
2 9571
1 429
1 6088
2 2457
1 1649
2 5947
1 3937
1 5058
2 7594
1 7071
1 5280
1 9985
2 4827
1 6691
2 2995
1 1902
2 3815
1 5069
1 6363
1 5989
2 1731
1 3537
2 9792
2 4395
2 8716
2 1232
1 3976
2 4233
1 3881
2 9223
1 5295
2 4165
1 8928
1 3853
2 9953
1 2168
2 7082
2 4244
2 2492
1 7275
1 7350
2 4763
2 4762
2 3899
2 8612
1 6698
1 6706
2 3420
1 6042
2 170
1 1936
1 5193
1 4693
1 7710
2 5502
1 2324
1 6325
2 5278
2 4411
1 955
1 2732
2 3293
1 8450
1 7307
2 7765
1 1403
2 5991
2 862
1 1224
2 6449
1 136
1 9811
2 9739
1 1737
1 5145
2 8341
2 4567
1 3599
1 3985
2 7879
1 2941
1 8490
1 7305
1 8509
1 2787
1 5838
2 9253
2 7579
1 4055
1 7552
2 2362
1 2937
2 9561
1 9481
1 5962
2 6646
2 1239
1 1939
1 263
1 7147
2 4794
2 3797
1 8319
1 5492
1 56
1 4289
2 1134
1 1693
1 9319
2 6405
1 6437
2 7866
1 36
1 4947
2 3569
1 1285
1 3170
2 7790
2 6816
1 7038
2 2982
2 9927
2 929
1 1466
1 4205
1 4756
1 5116
2 8176
2 6717
2 2563
2 1772
2 9730
2 5093
2 6359
2 360
2 2458
2 7530
2 3342
1 9828
2 1999
1 7221
1 6800
2 9972
1 4017
2 5692
1 2234
2 9139
1 6021
2 8891
2 9809
1 2038
1 1285
1 3751
2 5211
1 7705
2 2531
1 7591
2 7280
1 671
1 2605
1 6578
1 8918
2 1277
2 7240
1 9126
2 774
2 2431
1 3904
1 3989
2 2234
1 9825
2 7400
1 3968
2 2302
1 191
1 7631
2 1062
2 2663
2 8432
2 8412
1 1471
2 5788
1 4162
1 313
1 48
2 7013
2 6722
2 9521
2 4681
1 2028
1 7457
2 9145
2 3414
1 615
2 4752
1 9658
2 5462
2 6034
1 4256
2 8144
1 6776
1 8965
2 4985
1 8257
1 3146
1 7602
1 4420
1 3848
2 968
2 604
1 4498
2 1060
2 4605
2 9653
2 8004
1 1037
1 9565
2 6218
1 4889
1 4290
2 4517
2 9393
1 3812
1 2355
2 1742
1 5685
2 5384
1 5786
2 275
2 8569
2 4317
2 8180
1 4933
1 1212
1 642
2 5506
2 2654
2 1832
1 4446
1 9212
2 1173
1 7251
1 1712
2 3496
1 8954
2 984
2 6234
2 9450
2 4078
1 454
1 4757
1 7868
1 8036
1 1191
2 1507
2 2578
1 4889
1 5677
2 4180
2 9780
1 6291
2 1621
1 3995
2 6178
1 8485
1 8133
1 4222
1 8798
2 2873
2 266
2 8201
2 4330
1 1221
2 578
2 5166
2 1094
2 226
1 6808
1 2848
2 8307
2 244
1 1979
2 2697
2 8417
2 5234
1 6936
2 9376
2 668
1 54
2 2187
1 4037
1 9017
1 7645
2 4091
1 8372
1 3434
1 58
2 1765
1 7180
2 9097
1 3214
2 4987
1 3476
1 6695
1 2284
2 5447
2 2568
1 6403
1 1699
1 5986
1 5479
1 3695
1 6581
2 2603
2 1635
1 6205
2 3420
1 6335
1 2749
2 2233
1 1412
1 6418
1 2301
2 3284
1 6871
1 8589
1 3863
1 8367
1 3857
2 6893
2 5392
1 930
2 2252
1 6374
2 911
1 2439
1 5125
1 4181
1 1570
2 8822
2 6203
1 6985
1 1934
2 9293
2 8095
2 7982
1 2009
2 639
1 344
1 8132
2 3273
2 1877
2 6074
2 6674
2 2446
1 2937
2 6098
2 1289
2 7884
2 5137
2 2653
1 6934
2 3467
1 966
1 5952
2 5751
2 3001
2 213
2 8326
1 4624
2 5336
2 8620
2 5126
2 4739
2 7999
2 9786
2 1262
2 6928
1 4078
1 5184
1 862
2 79
2 3622
1 9665
1 2773
2 8984
2 2053
1 4428
2 8316
1 537
2 3548
1 102
2 2339
1 208
1 2564
2 5325
2 1168
2 2233
2 6191
2 9217
2 3397
2 7775
2 1872
1 2250
1 6913
1 5934
2 1807
1 5706
1 6585
2 896
1 4470
1 5325
2 2251
1 7418
1 6076
2 57
1 1736
1 8407
2 4615
2 559
1 7575
2 6140
2 3362
2 3627
1 8101
2 4896
2 276
2 1090
1 4777
2 9110
2 4145
1 8305
1 8773
2 5735
2 7617
2 1306
1 5876
2 7661
1 4560
1 4516
1 673
2 6949
2 164
2 6576
2 1883
1 406
2 3353
2 1266
1 6511
2 6187
2 9237
2 1396
2 9709
2 3523
2 1319
2 9915
2 8070
1 2946
1 4928
2 8433
2 8447
1 5526
1 4076
2 7160
2 1814
1 1332
1 9074
2 1034
1 9592
2 2867
2 5453
1 4265
2 2713
2 3429
1 2412
2 9049
2 1348
1 4623
1 6798
1 8619
2 1697
1 8450
2 5350
2 3400
2 6030
1 7270
1 592
1 1023
2 4985
2 2319
1 5213
1 1466
1 6593
1 2841
2 5997
2 5481
2 6167
1 2834
2 433
1 9725
1 2583
2 2538
2 9607
1 4424
2 5970
2 2272
2 6880
1 6013
1 8533
2 465
2 3117
1 8949
2 8309
1 7902
2 4031
1 8976
1 2650
2 8171
2 8493
2 8543
2 7765
1 8870
2 6039
2 3595
2 4753
2 9125
2 8816
1 3061
1 7236
2 3593
1 1118
2 2223
2 6411
2 981
2 8751
1 2959
1 2017
2 2758
1 4884
1 9759
1 2185
1 8925
2 4448
1 9888
2 4687
2 5810
2 558
1 1794
2 8629
2 4833
2 7340
1 6026
2 596
2 374
2 6550
2 9094
1 5752
2 4069
2 4272
1 4556
1 1294
1 924
2 919
1 1211
1 3176
1 1803
1 4328
2 3442
2 6315
2 9275
2 6580
1 4304
1 2612
1 3974
2 6716
1 4917
1 1439
2 3888
2 3393
2 8439
2 1100
1 4930
2 4060
1 7333
2 4770
1 8353
1 6956
2 442
2 3404
1 7505
2 6673
1 2038
2 8574
1 2563
1 5783
2 9294
2 589
2 3694
1 4846
1 3101
1 3820
2 3377
2 4553
2 9032
1 9713
2 5859
1 3757
2 6323
1 6059
2 1864
1 5294
1 1957
2 1159
2 4303
1 222
2 8387
2 6475
2 5977
1 1007
2 4251
2 3042
2 5053
2 9061
2 8926
2 5307
2 2010
1 8001
2 9828
2 3425
1 9247
1 5880
1 2285
2 1374
1 5661
1 2123
2 7398
1 1585
2 637
1 1139
2 698
2 1616
2 3672
1 7962
2 4830
1 6075
2 2866
1 1537
2 2391
2 3264
2 3612
1 8660
1 1399
2 1980
2 7776
1 3284
2 1877
2 2705
2 3318
2 2315
1 5568
1 1801
2 1501
2 982
1 1316
1 742
1 6634
1 600
1 936
2 7247
2 8282
1 241
2 2498
2 5096
2 4150
1 4754
1 1352
1 9089
2 1110
1 3390
2 3094
2 8724
1 6665
1 4974
2 2110
2 9449
2 6630
2 1646
1 3114
2 5367
2 6192
2 4275
2 2267
2 330
2 1407
1 9009
2 85
2 1575
1 6317
1 2346
1 5145
2 8827
1 4225
2 2558
2 2843
2 3906
1 6413
2 8750
2 4839
2 4308
1 2678
2 2036
1 1164
2 2699
1 8442
1 6487
1 796
2 9732
1 7569
1 1484
1 2845
2 60
1 8608
1 5198
2 8837
2 5821
2 8178
1 9292
2 1022
2 7425
2 884
2 5594
2 3704
1 5971
1 199
2 1780
2 21
1 4905
2 1227
2 40
2 2151
1 4312
2 4125
1 9912
1 2217
1 1744
1 9019
1 9707
2 8147
1 6451
1 3001
2 739
1 4677
1 2691
1 7001
2 902
1 3451
2 3270
2 1114
1 2700
2 1209
1 6860
2 9126
1 3992
2 3987
2 9403
2 1668
2 6026
1 9575
1 8840
2 7167
2 1950
1 1792
1 3460
2 2311
2 5035
1 5277
2 5547
2 2364
1 1814
1 8763
2 5844
1 6371
2 1114
2 2658
1 6642
1 4250
1 491
1 9000
2 6172
2 2325
1 2083
1 7165
1 3094
1 548
1 8618
1 3055
1 7746
2 2125
2 1201
1 6135
1 4795
1 4423
2 1749
1 2969
1 1367
2 1917
1 5974
2 1361
2 6004
2 1704
1 8042
1 7566
1 6215
2 782
2 1624
2 9665
1 1668
2 4837
1 1377
1 9804
1 8919
1 3796
2 7969
2 2030
1 4332
1 1289
1 1309
2 6263
2 7249
2 7333
2 4142
1 9537
2 8877
2 9136
2 1700
2 3157
1 8958
2 1794
1 3872
1 7431
2 1624
2 4782
1 4946
1 7657
2 3016
1 2750
1 2097
2 7514
2 746
2 1615
2 9338
1 217
2 8149
2 4961
1 1184
1 9760
2 4009
1 6625
2 6995
2 6017
2 964
1 3198
2 7897
2 8437
2 9552
2 6657
2 8454
1 8636
2 732
2 2758
2 9491
1 2324
1 8025
1 4195
1 7353
2 7439
1 4537
1 6074
2 8389
1 1124
2 7596
2 945
1 6870
1 6343
1 3268
1 9949
1 5845
2 8860
1 5348
1 4001
2 9594
2 3580
1 3266
1 4877
1 4559
1 2128
2 4874
2 774
1 8246
2 2076
2 6491
1 770
2 7785
2 9726
1 8190
2 734
1 1163
1 9217
2 6439
2 3613
1 7946
1 8582
2 6941
1 3501
1 2146
2 3008
2 8862
1 5374
2 1382
1 7662
2 7789
2 3273
2 6118
1 1378
2 352
1 1696
1 9832
1 8931
1 446
1 2523
1 4914
2 3483
1 4952
1 9848
1 2253
2 4330
2 2086
1 7303
2 4010
1 6942
1 379
2 5554
2 4076
2 8064
1 358
2 9014
2 7120
1 3918
2 2512
1 746
2 1417
2 9218
2 5040
2 2295
1 6751
2 1449
1 2331
1 8708
2 6116
1 835
2 5338
1 1236
2 3103
2 3472
2 5274
2 1384
1 1496
1 2809
2 3803
1 8312
2 1185
1 3253
1 3476
1 7702
1 5592
1 2630
2 1674
2 7804
1 8082
1 4435
2 8884
2 5613
2 2060
2 8953
2 1755
2 393
2 4873
1 2824
2 1534
1 691
2 7398
2 452
1 9744
1 8340
2 289
2 4712
1 742
1 1693
1 884
2 3727
2 2372
2 1469
2 4614
2 3278
2 1906
1 9118
1 1143
2 401
1 2047
1 2218
1 2684
1 6959
2 8070
2 6136
2 9292
2 8654
2 5673
2 7920
2 5213
2 5697
2 1899
2 1733
2 5460
1 8459
2 4880
2 2450
1 6790
2 8970
2 3357
1 7957
2 57
2 4832
1 2779
2 554
2 8861
2 2183
1 5801
2 1343
1 6043
1 4452
2 7759
1 6227
1 2292
2 6786
1 742
1 8097
1 7464
2 9131
2 3878
2 4490
1 8590
2 8739
2 7329
1 1502
2 228
2 598
2 686
1 164
1 2059
1 6091
2 7049
2 930
2 1094
1 4785
1 4713
2 6212
2 503
2 1789
1 4390
2 920
1 6142
2 8004
2 22
2 2276
2 81
2 94
2 165
2 3
1 8103
2 7931
1 7468
2 5753
2 1092
2 276
1 3427
1 3302
2 1480
2 439
1 7610
2 6960
1 2807
1 1885
1 3080
1 5766
2 2944
2 9537
2 1839
1 1613
2 30
2 5253
1 7959
1 3328
1 7077
1 7717
1 301
1 6020
1 2621
2 7361
2 7525
2 2747
1 8442
1 1635
1 2607
2 2139
1 5819
2 8854
1 5614
1 763
2 8502
1 6900
1 2820
2 7954
2 4682
2 372
1 5668
1 1731
2 9839
1 9650
2 2112
1 9675
1 1199
2 2921
2 7905
2 2283
1 8872
2 3893
1 2912
2 8182
1 8325
1 4991
2 7326
2 7411
1 5477
1 1907
2 5688
1 8419
2 5128
2 9324
1 1873
1 1667
2 5532
1 1184
1 1913
1 4754
2 2840
1 637
1 6512
2 8064
2 7948
1 719
2 6249
1 713
1 6671
2 9935
2 3881
2 13
1 2656
2 2484
2 27
2 21
2 40
2 42
1 4408
1 6777
1 8929
2 495
1 6064
1 5776
1 1610
1 4314
1 1636
1 2438
2 1490
1 1363
1 5092
2 9204
1 2517
2 6037
2 2389
2 5957
1 5747
1 6989
2 8575
1 7110
1 883
1 3229
1 6416
2 2158
2 6910
1 4051
2 4898
1 47
2 7457
2 140
2 662
1 5391
2 2774
2 7709
1 2717
1 5936
2 1028
2 3899
1 5212
2 666
1 3007
1 8383
1 3224
2 8190
2 2237
2 1106
2 9255
2 6294
2 1868
2 6466
2 8657
1 3882
1 4111
1 997
1 861
1 6499
2 6529
2 7036
2 822
2 17
1 8705
2 6311
1 900
2 694
2 4490
1 4331
1 7593
2 3347
2 4884
1 1218
2 6886
2 589
1 8749
2 6345
1 5133
2 6769
1 3473
2 3477
1 7634
2 2144
1 67
2 3979
2 1571
2 177
1 9925
2 8691
1 3943
2 5467
2 554
2 12
2 24
1 8544
2 4153
1 1010
1 4097
2 5073
1 452
1 5077
1 6354
1 545
1 8294
2 4639
2 7060
2 1722
1 8469
2 9912
1 1975
1 1693
2 4634
1 6604
1 2093
1 1166
2 2584
1 9248
2 6122
1 9214
2 8704
2 4605
1 2332
1 2876
2 1929
2 7710
2 9990
2 691
1 8208
2 803
1 3609
1 7071
2 743
2 5650
2 1053
1 5274
2 539
2 8701
2 1033
1 3123
2 3361
1 9721
2 5152
1 3849
1 4465
2 8907
2 8510
1 98
1 9197
2 8045
1 1458
2 3565
2 346
1 2232
1 3899
2 3188
2 406
2 1016
1 4204
1 3215
1 8392
1 3054
1 8324
2 8790
1 5996
1 2441
1 8168
2 250
2 7106
1 2796
1 8324
1 4047
1 2039
1 3091
1 8454
2 8339
2 1936
2 1251
2 7373
1 619
1 6058
2 3037
2 2548
2 9354
1 7243
1 1033
2 2879
1 997
2 2164
2 777
1 6147
2 477
2 1279
1 1887
2 5778
1 8115
1 2959
2 4048
2 5825
1 487
2 3081
1 8519
1 6272
2 5427
2 8295
1 9279
2 9795
2 2358
2 6988
1 2798
1 6483
1 2451
1 2560
2 3824
2 724
2 4400
1 8309
2 5135
1 7738
1 9557
1 2545
2 5456
1 8785
1 407
2 4047
2 5763
2 6427
2 3676
2 1046
2 1976
2 9276
2 6732
2 4548
1 4317
1 5325
2 5222
1 7953
2 6110
2 4914
2 4892
2 8392
2 782
1 4207
2 616
2 4136
2 34
1 1301
2 649
1 28
2 656
2 36
1 5989
1 1036
2 4990
2 1187
2 33
1 9957
1 319
1 2981
2 2763
1 1499
2 9666
1 9181
1 7118
2 4429
1 2253
2 3087
2 9915
1 4648
2 467
2 8332
2 35
2 10
1 4478
1 4572
2 5721
1 1169
1 8690
2 8415
2 151
1 6102
1 3917
2 5289
2 5989
2 2708
1 3323
1 4735
1 7809
2 5979
2 5852
1 6394
1 4083
2 3984
2 8239
1 7584
2 8540
1 8772
1 482
1 6557
1 1103
2 876
1 1605
2 5471
2 814
2 8920
1 9330
1 362
1 9372
2 780
2 8090
2 6320
2 7936
1 2422
1 5932
1 1649
2 8489
1 629
2 1471
2 570
2 300
1 7381
2 48
2 5913
2 1640
1 5226
2 1305
2 3
2 544
1 2598
2 3029
2 368
2 945
1 9950
1 5601
2 237
1 3573
2 8571
1 9495
2 1381
2 6700
2 3671
2 5847
2 493
1 8093
2 1314
2 6242
1 9598
1 2595
2 4895
1 7356
1 8073
2 8267
1 2978
2 8608
1 1294
2 6300
2 6312
2 432
1 7954
1 1319
2 3428
2 3454
1 6797
1 4285
2 5387
2 782
1 6180
1 370
1 9128
2 6351
1 6453
2 9211
1 1485
2 1172
2 6478
1 4993
1 1013
2 3199
2 6854
1 6952
2 9771
2 1431
1 9766
2 455
2 6038
2 2122
1 4414
1 6604
1 5526
2 7690
1 5243
2 6374
1 1880
2 1920
2 3688
2 5442
1 5190
2 5108
2 149
1 2393
1 2951
2 3690
1 5522
2 4442
1 2636
1 2763
1 6529
1 2508
1 1235
2 1394
2 4297
1 4224
2 4786
1 2357
1 2902
1 295
2 7729
1 8305
1 8015
2 408
1 5782
1 735
2 7363
2 7690
1 9234
2 661
2 5825
1 4224
1 3241
1 1318
2 6968
2 8964
1 1312
1 4726
2 6721
1 9173
1 2671
2 4621
2 1537
1 1593
2 3828
2 9507
2 4183
2 1461
1 6123
2 4209
2 2299
1 9576
2 8499
1 6530
1 526
1 2259
2 1268
1 660
1 6807
1 9596
2 4709
1 6222
1 4140
2 105
1 2211
2 4128
1 9803
1 9323
1 8852
2 4616
2 9734
1 231
1 4923
2 8034
2 3062
2 3716
2 9260
1 9250
2 1430
1 1202
1 4646
2 5004
2 5996
1 4890
2 2130
1 7784
2 4857
2 6604
1 3494
1 1534
1 6254
1 1547
1 3509
2 1225
2 394
2 4069
1 12
1 298
1 8174
2 8109
2 9568
1 9050
1 2719
2 2423
1 3179
1 3807
2 5830
2 3018
1 714
1 3588
1 4964
1 3787
2 3255
1 536
2 6397
2 182
1 4827
2 5180
2 8371
2 4796
2 7300
1 4985
1 1480
1 235
1 7188
1 2325
1 2477
1 934
1 3908
1 8783
2 9177
1 1937
1 3185
1 3191
2 9876
1 2799
1 666
2 7334
2 7260
2 575
2 5910
2 2541
1 5695
2 2443
2 7108
2 2532
2 4319
2 9065
2 10
1 3942
1 9197
2 6632
2 1725
1 5192
1 9554
2 3074
2 7870
1 530
2 1755
2 147
2 2065
1 4813
1 7590
2 2286
1 8425
2 2560
1 9492
1 1308
1 2325
2 833
1 8897
1 1406
1 8225
2 1476
2 2272
2 7842
2 121
1 6195
2 8888
2 8629
2 8278
1 169
1 8397
1 5883
1 5475
1 5269
1 3472
2 5014
2 2442
1 1717
1 6898
2 2231
2 7470
1 9447
1 6318
2 9331
2 7622
2 4559
1 326
2 5625
1 4975
2 995
2 7879
2 8334
1 4563
1 3129
1 8425
2 7429
2 7920
1 9583
2 3666
2 4473
1 7427
1 3478
2 9233
1 4673
2 9140
2 1889
2 4996
1 8418
2 198
2 1980
1 6697
1 9515
2 30
1 5785
1 3017
2 9584
1 1997
1 8339
1 983
1 2015
1 328
1 2938
1 6056
2 12
1 3852
2 1799
2 5828
1 1792
1 435
1 7744
1 8701
2 3938
2 5018
1 5670
1 2941
2 7094
1 7110
1 6779
1 2612
1 4268
2 1166
1 9633
2 6869
2 1115
2 4742
1 6418
2 6615
1 8365
2 5259
2 3716
2 9243
1 5340
1 9677
1 8022
1 4506
1 6720
1 6505
2 6736
1 373
2 3303
1 7431
1 1216
2 3676
1 8092
1 6391
1 5374
2 959
2 7511
2 4490
2 5975
2 6149
2 2527
2 5436
2 1615
1 4225
1 1537
2 4246
1 8727
1 3261
1 6738
2 424
2 3607
1 8243
1 5214
1 5483
1 8302
1 4204
1 1599
2 6334
1 7524
2 7532
2 8620
1 5945
1 6921
2 2183
2 4355
2 7612
1 5789
2 30
1 5070
1 8796
1 2485
2 5974
1 6484
2 8603
1 8923
2 2846
1 9854
2 419
2 2394
2 304
1 6025
1 2657
2 4382
1 6450
1 6854
2 4854
1 3699
1 6678
1 4590
2 584
2 8538
2 8083
2 772
1 3944
2 4265
2 2697
2 2331
1 60
2 6528
1 9446
2 4068
1 6818
1 393
1 2628
2 4987
1 881
1 4532
1 5810
2 5088
2 7896
1 5322
2 4465
2 1510
1 1687
2 7475
2 1463
1 8106
2 9909
1 4585
1 9273
1 9354
1 4420
2 6674
2 5685
1 1711
1 1589
1 1160
1 6663
1 230
1 4509
1 4905
2 9843
2 9939
2 3643
2 6946
1 587
2 2490
1 3410
2 5394
2 141
1 6886
2 3958
2 7341
2 3002
2 1081
1 449
1 3988
1 7051
2 7795
1 6736
1 2019
2 801
2 7135
2 9962
1 8617
2 7226
1 98
1 6779
2 9771
2 2262
1 6590
1 1337
1 6960
2 4144
1 1442
2 4177
2 5778
2 3538
1 8953
2 51
1 5341
2 6168
1 7630
1 6618
2 9260
1 1446
1 4385
2 7433
2 251
1 2923
2 8377
1 8060
1 3911
1 3834
1 1064
2 3443
1 1903
2 1768
2 2844
1 3408
1 8240
2 9861
2 9361
1 5134
1 4384
2 8247
2 5479
2 5949
1 4569
2 7715
2 421
2 1811
1 2303
1 3166
1 8479
2 7564
1 6028
2 6015
1 5590
2 4694
1 3922
2 1303
1 2864
1 820
2 1389
1 6882
2 5191
2 2189
1 2144
1 859
2 5929
1 6151
2 7847
1 9497
1 5501
1 1140
2 2007
2 1657
1 5242
2 7526
1 7408
1 4823
2 8534
2 9097
1 4390
1 8367
2 7533
1 8917
2 2228
1 6761
1 3501
2 7315
1 9183
1 1845
2 5961
1 4730
2 8085
2 8279
2 2600
1 3618
1 4236
2 2876
2 6071
2 9263
1 8308
1 4300
1 340
1 6100
1 5282
1 8977
1 8975
1 368
2 6738
1 7575
1 3611
1 8456
1 500
1 1896
1 9928
2 5609
2 3569
1 6196
1 6467
2 8254
2 349
2 2820
1 2345
2 7330
1 5345
2 2262
1 7946
2 5825
2 8297
2 1672
1 7906
1 1142
2 1342
1 6132
1 5480
1 1990
2 3117
2 3394
2 6879
2 4264
1 6393
2 6213
2 5770
2 4183
2 5805
2 797
2 653
1 77
1 1899
2 1985
1 9438
1 4198
1 7379
2 6681
2 5244
2 5481
2 5296
1 4835
1 8525
1 1629
2 940
2 4459
1 9266
1 5753
2 7369
2 4520
1 7168
2 5059
1 977
2 3580
2 4345
1 7758
1 47
2 6390
2 8202
1 3609
2 2750
1 2742
2 3714
2 1199
1 5611
1 1110
2 4535
1 8513
2 829
1 6384
2 1756
2 4389
1 6815
2 3109
1 4000
2 2894
2 1910
1 8688
2 5336
2 4940
1 8376
2 9457
2 8194
1 8469
1 3577
1 7690
2 7082
2 928
2 3932
2 2896
2 567
2 8728
1 9936
1 7299
2 6611
2 8287
1 7616
2 9769
2 7072
1 7296
2 2171
1 4086
1 1140
1 516
2 8577
1 3688
1 5082
1 7403
1 3344
2 4504
1 5457
2 4893
1 8598
2 9738
2 2475
2 9916
1 1203
1 1804
2 4969
1 3400
1 9717
1 4037
1 1918
2 1772
2 4543
2 2422
2 1219
2 2217
1 7425
2 8787
2 6710
2 7379
1 5598
1 4747
1 566
1 4342
1 4944
2 2467
1 7105
2 2742
2 5462
1 9004
2 3997
1 7974
2 4796
2 3121
1 9332
2 5387
1 8564
2 235
2 3300
2 1655
2 1030
2 842
1 9166
1 6014
2 7557
2 704
1 1688
2 3118
2 6365
2 7860
2 989
2 4450
2 7990
2 1505
1 7849
2 8036
2 1093
2 1363
1 318
1 6707
2 7990
1 5654
1 6129
1 5605
2 8658
1 2191
1 3010
2 771
2 6704
2 897
1 8056
2 3287
1 5234
1 9439
2 1617
1 2192
2 7918
2 7841
2 9321
2 1799
2 2712
2 9329
2 7883
2 141
1 3031
2 2986
1 3666
1 2511
1 8579
2 5621
1 6140
2 4997
1 5640
2 4299
1 5358
2 6757
2 5006
2 496
2 1156
2 5856
1 4720
2 8033
1 7821
1 7603
1 9510
2 5644
1 1643
1 4105
1 7677
1 4684
2 3809
1 7506
1 900
1 3945
1 1672
1 2689
1 7019
2 1599
2 8679
2 8588
1 6385
1 558
1 9509
2 5910
1 1503
1 545
2 6097
1 9768
1 4873
1 1778
1 2280
1 1645
2 8887
1 2931
2 1570
1 5794
1 5996
1 8946
1 2499
1 2123
1 8231
2 494
1 8161
2 7979
1 4091
1 6226
1 4632
1 8612
2 5
1 8690
2 2110
1 2346
1 1051
1 3436
2 1612
2 4075
1 8397
2 8080
2 3734
1 3167
2 4767
1 1982
1 6189
1 410
2 5726
2 6246
1 7042
1 1216
2 7459
2 1256
1 2324
2 9412
2 8065
1 8647
2 6598
1 9782
2 517
2 6668
2 8589
2 8329
1 9256
1 4807
1 8731
2 7854
2 3780
2 3561
2 281
2 832
2 9041
2 7219
1 3811
1 7658
1 5722
1 5327
2 6095
1 3714
2 1653
2 5240
1 7870
1 7719
1 6730
2 4897
2 5418
1 5614
1 2497
2 6510
1 7231
1 2727
1 4017
1 3081
2 499
1 4999
2 2273
2 5487
2 3176
2 6847
1 1524
2 5860
2 2031
1 5126
2 9300
2 3935
1 5113
1 507
2 8558
2 8694
2 5153
2 3908
1 9709
1 9968
1 8654
2 1711
1 7247
1 1392
1 9521
1 5336
2 7756
1 4854
2 1281
2 8029
2 4874
2 1458
1 9313
2 7367
2 4647
2 7503
2 328
2 7597
1 640
1 9467
2 1199
2 1717
2 2062
1 4478
1 8270
2 5289
2 3780
1 4073
1 2972
1 3754
2 2998
2 6606
1 9299
1 7823
1 4387
1 3406
1 6618
2 5804
2 7908
1 2982
2 6732
1 9689
1 2780
2 3235
2 5071
2 8772
1 7147
2 2246
1 255
1 2163
2 6804
1 2457
2 4018
1 6852
1 5674
1 391
1 8058
1 3694
1 8939
1 8059
2 4463
2 4917
2 3355
2 5167
2 9130
1 8848
1 5607
2 7273
2 800
1 4192
1 7734
2 555
2 1304
2 8592
2 8625
2 3333
2 8502
1 9843
2 9772
1 932
1 6999
2 1455
2 8900
2 4530
1 3469
2 5443
2 2902
2 4457
1 4012
2 3040
1 2334
2 4765
2 4289
1 5035
1 1897
2 5097
2 5674
1 9989
2 4207
2 7679
2 2427
1 5251
2 2591
2 1466
1 6961
1 118
1 9684
2 551
2 1321
2 3996
2 9542
1 5084
2 3411
1 5056
1 3122
1 9150
2 5199
2 7893
2 8667
2 9831
2 704
2 8735
2 6902
2 27
2 2355
2 8425
1 9815
1 1579
1 7140
2 7125
2 3434
1 2005
1 900
2 6416
2 1203
2 5777
2 2012
2 7610
1 1906
1 1303
2 4038
2 6474
1 4191
2 4176
1 1460
1 5115
2 9006
1 4400
1 1952
1 6046
1 7285
2 1082
2 3876
1 6011
1 7636
2 9076
1 7226
1 5539
1 2675
2 8331
1 7339
2 4886
2 4056
2 5851
1 5733
2 2772
2 1233
1 8000
1 6308
1 5049
1 6164
1 5640
2 9217
2 6294
2 1889
2 4698
2 1280
1 6203
1 2591
2 6244
2 4604
1 9264
1 1918
1 2129
2 7777
1 3475
2 4737
2 7555
1 6581
2 5352
2 7930
1 5276
1 8285
1 5118
2 5087
2 3395
1 9423
1 3859
2 7639
1 3489
2 5413
2 3133
1 5319
1 301
1 1058
2 8586
1 41
2 9526
1 2686
2 7885
2 9724
1 8897
2 8549
1 1919
2 5677
1 5729
2 6552
1 4719
1 1703
2 2746
2 2191
1 365
1 1260
1 462
1 6145
1 7647
1 3506
1 7891
2 2371
2 7006
2 9654
1 3655
1 9834
1 9039
2 16
2 7197
2 6839
2 4659
2 4331
2 1439
2 4601
1 7677
2 1699
1 2121
2 5483
2 5626
2 9098
1 1277
2 7644
2 8634
1 3357
2 6907
2 5757
1 9477
2 9227
2 217
2 7620
1 4464
2 560
2 5164
2 3206
1 5880
2 1056
2 6626
2 6174
1 6930
1 3046
1 2482
2 8461
2 9930
2 2750
2 3270
2 2012
1 5265
2 3023
2 8667
2 2957
2 5865
1 1323
1 5049
2 8821
2 7365
1 612
2 957
2 5497
1 6244
1 1154
1 8509
2 406
2 2340
1 4530
1 1941
1 8313
1 4585
1 5107
2 1191
2 5664
1 6914
1 5033
1 8882
2 8480
2 8797
2 3726
2 3766
1 2196
2 8382
2 211
2 7698
2 3589
2 7401
2 2808
2 6533
1 937
1 6433
1 2627
2 3388
1 8370
1 5723
2 2301
2 2665
2 4094
2 7733
2 8917
1 8766
1 211
1 6689
2 4097
1 5176
2 8748
2 8820
1 8643
1 9395
2 3025
1 4427
2 8575
1 7867
1 7645
2 3765
1 2742
1 2890
1 1020
2 6964
1 6410
1 4992
1 2370
1 5455
2 3795
2 1308
2 4203
2 9846
1 8146
2 1464
1 8221
1 2653
2 1761
1 1686
1 7594
2 4752
2 5340
2 7680
1 4688
2 8574
1 3507
2 6433
1 3866
2 8134
1 744
1 8255
2 3908
1 4390
2 1439
1 3334
1 6553
2 9231
1 1548
1 4999
2 2870
2 9743
1 9612
2 4202
2 1536
1 5027
2 8130
2 9075
1 1358
2 8251
2 126
1 1411
1 3134
1 2113
1 2438
1 4596
2 6023
1 9170
2 5690
2 6565
2 1851
2 8131
2 9859
1 2344
1 1878
2 5156
2 8133
2 4186
2 99
2 313
1 564
1 7314
2 3302
1 694
1 3047
2 6797
1 3794
1 7031
2 6202
1 616
1 6729
2 192
2 2263
1 4393
1 4976
2 2776
1 4435
2 9491
2 6921
1 6441
1 2129
2 4555
2 8356
2 1457
2 76
2 20
2 19
1 2580
1 2403
1 4578
2 8222
1 6161
1 1775
2 5568
2 3426
2 78
2 60
1 2022
1 7200
1 8537
2 7344
2 691
2 1793
2 7676
2 77
1 2092
2 2239
1 1554
1 5078
2 5471
2 440
1 9101
1 850
1 9110
1 4967
1 9963
2 5055
2 1089
1 7375
1 9246
1 1037
2 9310
1 8715
1 6241
2 3581
2 2388
2 9007
1 7868
2 1075
1 7330
1 6884
2 7457
1 1778
2 759
2 3521
2 39
1 3773
1 7804
2 1159
1 9195
2 2473
2 7877
2 1573
1 5725
1 4516
2 8670
1 6170
1 2495
2 8234
2 1306
1 6759
2 2939
1 9369
1 6879
1 6110
1 1511
1 7542
1 6072
2 3207
1 2773
1 1469
1 1529
2 8473
2 6078
1 6875
2 2917
1 9665
2 867
1 7969
2 3138
2 4341
2 6565
2 3384
2 5525
1 5517
2 7801
2 4554
1 1522
1 8768
2 4419
2 3962
2 8817
1 9155
2 1561
1 8252
2 6497
2 4329
2 123
2 5740
1 1220
1 145
1 2959
2 7890
1 4272
1 2086
2 6501
2 3348
2 4516
1 2883
1 4009
1 1063
2 2875
2 636
2 7560
2 9908
1 4472
1 1373
1 8986
1 9403
1 6210
2 7229
1 3359
2 4019
1 6574
2 2718
2 2825
2 2856
2 8836
1 5048
1 7315
1 8793
2 675
1 1528
1 176
1 727
1 2123
1 8977
1 4992
2 8613
1 6807
2 2981
2 9880
1 9444
1 5750
2 4089
2 4721
1 9186
1 6485
1 5529
1 6984
1 6918
2 9217
2 3845
1 6747
2 2971
2 3944
2 3158
1 8162
1 4227
2 8804
2 5495
1 1808
2 1897
2 974
2 981
1 9289
1 4536
2 2900
2 2744
1 2878
2 1154
1 9385
1 6301
2 5067
1 7387
2 8174
2 6412
1 3078
2 995
1 967
1 7536
1 6069
1 2350
2 1490
1 716
1 7758
1 776
2 6624
2 3088
1 230
2 4706
1 4181
2 9198
1 543
1 6293
2 7049
1 3036
2 45
1 6714
1 1017
2 4151
2 3316
2 4295
1 6073
1 8204
1 4598
1 3024
1 1339
1 5385
2 2560
2 1471
1 689
1 6979
1 2017
1 3452
1 7527
2 4668
2 3395
2 1661
2 7078
1 4474
1 3895
2 4517
1 2911
2 8846
1 3314
1 3898
1 1054
1 830
1 3915
1 8255
2 6024
2 4381
2 314
2 9365
2 4428
2 785
1 9241
2 9785
1 2531
1 4957
2 1537
2 3760
1 7733
1 59
1 5619
1 8098
2 8375
2 9166
1 1931
2 3995
2 1132
1 970
2 5940
1 1349
2 9947
2 7177
2 2338
1 165
1 7765
1 1810
2 8220
2 9437
1 1119
2 2348
2 6840
2 6377
1 6438
2 712
1 1036
2 6339
1 2271
1 5359
2 6565
2 8761
2 2119
2 4086
1 8893
1 5141
1 5046
1 7274
2 6067
2 8574
1 3474
1 5330
1 2378
2 9329
1 2373
1 2541
2 9033
2 4569
2 2265
1 3317
1 1314
2 8136
2 7686
2 7020
1 4174
2 8160
1 5916
1 4830
2 9032
2 1725
1 3711
1 1984
1 596
1 8563
1 2138
2 6756
2 155
1 5527
1 5098
1 1173
2 7276
1 3886
1 6072
2 1035
2 7370
2 8441
1 5426
1 6774
2 5952
2 6757
1 2415
1 6036
2 1439
1 9035
1 874
1 4373
2 9359
2 2107
1 2411
2 9400
2 2418
1 1640
1 3285
2 8222
2 9901
2 7726
2 5516
1 7431
1 2789
2 42
1 6079
2 4989
1 1713
1 9497
2 9437
2 8370
1 5154
1 9455
1 6058
2 7065
2 1361
2 612
1 5484
2 4855
2 7369
2 9612
2 6612
1 9769
2 891
2 6227
1 9075
2 7671
1 1051
1 2922
1 100
2 6952
1 311
2 6281
2 4319
1 6504
2 7433
1 6089
2 1444
2 750
1 8872
1 2908
1 9494
1 5027
1 9788
2 183
1 4610
1 8903
2 5752
1 8324
1 8198
2 4393
1 2536
1 2514
1 9270
2 6918
2 3213
1 3693
1 7803
2 4134
2 6416
2 6732
2 6672
2 245
1 3831
2 640
2 4375
2 8150
2 889
2 1529
1 6949
1 9096
1 1008
1 9578
2 3735
1 9188
1 7224
1 4151
1 7730
2 1160
1 5029
1 3406
2 9038
2 7781
1 4749
1 2995
1 8180
2 9227
2 6115
1 8179
1 1623
2 7548
2 4419
1 9878
2 6141
1 2193
2 4832
1 9011
1 5502
2 9035
2 1555
2 6167
1 9441
1 35
1 3251
1 9042
2 9414
1 1285
1 7038
2 1294
2 1588
1 5730
2 9919
1 46
2 4590
2 7018
2 6154
2 9116
2 9431
2 9341
2 4051
2 3530
1 9203
2 1683
2 3726
1 9623
2 9076
1 6519
2 5695
2 8970
1 3320
1 2010
2 5304
2 2438
1 5218
1 1266
1 1986
2 9596
2 4199
1 3121
1 4735
1 7093
2 7340
1 2733
1 7453
1 6239
1 2481
1 6951
1 5769
1 9254
2 7673
2 1707
1 57
1 6259
1 4915
1 929
1 9685
2 6674
1 7027
2 1169
2 5071
1 7816
2 1636
1 9525
2 880
2 2841
1 6574
2 5568
2 9839
1 8876
2 5647
2 5593
2 7456
2 5346
1 8080
2 2911
2 7897
1 8669
2 7423
1 4208
2 8943
2 8276
2 794
1 1769
2 6060
2 6818
2 1148
2 7716
2 1350
1 7285
1 2352
2 8170
1 9696
2 7914
1 6167
1 4892
2 8402
1 6577
2 4651
2 2740
2 7643
1 3030
2 892
2 7840
2 1584
1 5487
2 3299
2 4830
1 9801
2 7146
1 3675
2 7017
2 8630
2 1401
2 8298
1 767
1 9502
2 9494
2 3337
2 8193
1 9214
2 2869
1 2026
1 9267
2 4703
1 7203
1 1286
1 5801
2 3652
1 7689
2 5958
1 4433
2 3219
1 7597
1 9525
1 705
1 1103
2 7639
2 300
1 977
2 866
1 5118
2 358
1 8337
2 6036
1 386
2 6127
2 7164
2 3522
1 1644
1 891
1 8899
1 1079
2 7304
2 8903
2 3594
1 8737
1 4899
2 509
1 4462
2 5070
2 9823
1 4721
1 3561
2 3112
1 7984
2 6899
2 2627
1 9761
1 114
2 1635
2 5052
1 4426
1 1176
1 9991
2 1486
2 7547
1 74
1 9951
2 911
2 6421
2 7817
2 7726
2 4371
1 5064
1 996
2 7241
2 4533
2 8177
2 539
2 7403
1 6220
1 2890
1 4151
2 5214
2 464
2 3941
1 8014
1 9692
1 4061
1 5315
1 6480
2 2836
1 8379
2 5247
2 4043
1 2984
1 8226
1 775
2 2692
2 1911
2 6880
1 3718
2 7704
1 5064
1 368
2 1434
1 2424
1 8831
1 836
1 6864
2 6435
2 3021
2 741
1 2592
1 9273
2 1667
1 6530
1 4757
1 7915
1 9956
1 5418
1 8770
2 6508
2 7532
2 6840
1 4345
1 7437
2 2380
1 6320
2 7673
2 3174
2 9517
2 3551
1 4424
1 317
2 1007
2 8835
2 5586
2 4992
2 8604
1 4162
2 6016
2 6206
1 4784
1 1669
2 7841
2 3818
2 8371
1 3115
1 532
2 7419
1 3795
2 667
2 2987
1 3621
2 1693
2 8411
1 5214
1 9735
1 6643
2 8809
2 3578
2 2225
2 7541
2 7792
1 3304
2 7257
2 1605
1 5667
1 192
2 7384
2 7709
1 8302
2 8768
1 5582
1 4642
1 1722
2 1619
1 9445
2 9533
2 5065
1 2318
1 8292
1 4742
2 8973
2 7797
2 4499
2 6720
1 9770
2 4142
2 1802
1 9053
1 5239
1 7045
1 9031
1 8113
2 8816
1 2327
1 7441
1 9565
2 8250
1 4738
2 7490
2 4115
2 5398
1 9389
1 2031
2 6378
1 1913
2 4308
2 2358
2 9437
2 5
2 5135
2 7072
2 134
1 5197
1 4963
1 3733
1 9286
2 2998
1 7660
1 2341
1 5936
1 7665
1 4146
1 1951
2 9345
1 6599
2 3410
2 8471
2 7163
1 6222
1 2049
2 1704
2 5118
2 9193
2 5078
1 1425
2 8670
2 5995
2 5693
1 833
2 4040
1 6549
2 5229
2 2388
1 4636
1 7856
2 3320
2 5442
2 2415
2 1897
1 141
2 2767
2 293
1 3033
1 5217
1 454
1 6521
1 7212
2 6624
2 4606
1 6348
1 7618
2 9917
2 5580
1 5195
1 5721
1 7696
2 1587
1 8167
2 7051
1 7077
2 7683
1 3291
2 9724
2 2155
1 615
2 3572
1 568
2 5839
1 2190
2 4662
2 8223
2 379
2 205
2 70
2 1
1 3097
2 172
2 2236
1 7238
2 2104
1 3299
1 3086
2 1231
2 3337
2 5222
2 62
1 7738
1 4137
1 8521
2 4295
1 8312
2 401
1 6654
2 6515
1 3059
2 3863
1 1211
1 7806
2 7840
1 1964
2 2460
2 9710
2 9018
2 4686
2 1049
2 1523
2 39
1 7020
1 267
2 6787
2 812
2 26
1 9379
1 9938
2 3756
2 1745
1 739
2 3898
1 3156
1 2094
2 7868
1 1805
1 8544
2 1525
1 7206
2 5824
1 3780
1 8546
2 8123
2 2777
1 7754
2 1442
2 273
2 1308
1 1442
1 967
1 2662
1 3033
1 9821
2 9914
2 3577
1 1119
2 2796
2 1867
1 2688
2 3952
2 5510
1 6350
1 5575
2 2205
1 9798
2 5698
1 4766
1 3170
2 1966
1 3710
1 5012
1 3488
1 9694
1 6800
1 4602
1 2604
2 9165
2 9149
2 2489
1 9287
1 5195
1 7607
2 4448
2 8507
1 9385
2 4471
2 3937
2 8189
2 9515
1 2953
1 5716
2 6944
2 5744
2 5672
1 5905
2 6528
2 2542
1 4807
2 1845
1 8084
2 8362
2 4810
2 1673
2 5305
2 5556
1 7274
1 4773
2 4592
2 352
2 3068
1 1307
2 4715
1 830
2 6313
1 4310
1 802
2 3655
2 149
2 1056
2 1084
2 4482
2 4590
1 4820
2 119
1 7841
2 5948
1 4104
2 7476
2 3254
2 3039
1 2661
1 4201
2 7030
1 7770
1 5918
2 4030
2 5669
1 7776
2 4355
1 7225
2 7295
1 7773
1 9518
1 6652
1 9112
1 3890
2 4077
2 4466
1 4344
1 9240
2 6217
1 6015
2 6079
2 4282
1 7564
2 6405
1 2160
1 2981
2 1492
1 6169
2 2476
2 4859
1 3096
1 1007
2 1123
1 3122
2 8562
1 8428
2 3496
1 7544
2 4723
2 545
1 5323
2 455
2 1023
2 7109
1 9366
2 5835
1 3124
2 9219
2 6706
1 5072
1 1889
2 7154
1 7474
2 2871
2 838
1 4379
1 2054
2 4942
2 1324
2 230
1 9900
2 7798
1 8966
1 668
1 4424
2 543
2 8709
2 4720
2 1415
2 1285
1 7516
2 4631
2 1795
2 6934
1 8740
1 1141
1 2517
1 281
2 2495
1 1921
2 2096
1 484
1 2735
2 5682
1 7760
2 9802
1 239
2 9451
1 6301
2 8602
2 8805
2 16
1 9292
2 2128
1 4454
1 7604
2 4131
2 7693
1 5772
1 3352
1 8113
1 6244
1 8345
2 2583
1 9792
2 852
2 295
1 3835
2 2398
1 9942
2 16
2 7015
1 7217
1 8285
1 4121
2 6588
1 5820
2 6997
2 6360
2 4015
2 9624
1 5010
2 9332
2 1508
2 4586
1 4962
1 4224
1 9443
2 4290
2 4061
2 5609
1 7077
1 1656
2 6142
1 1334
2 4486
2 2599
2 6473
2 8496
1 8114
2 1978
2 8235
1 8986
2 3804
1 938
1 4874
1 8582
2 6862
2 5629
1 1184
1 5862
2 5381
1 757
2 5524
2 979
1 5837
2 2965
1 5428
1 3770
1 255
2 2484
2 387
2 4943
1 1763
2 9791
1 9689
2 8811
1 15
2 1663
1 4626
2 282
2 902
2 1744
1 3690
2 1496
1 2406
1 3604
1 6253
1 9514
2 2918
1 6785
1 1524
1 7378
2 1120
1 8914
1 125
1 7999
2 8603
1 3210
2 9627
1 6615
2 8148
2 747
1 9999
1 927
2 7243
2 9823
1 2440
2 8964
2 7451
1 1983
1 1263
1 1268
1 7061
2 7986
2 4398
2 367
2 360
2 6493
2 5451
2 2719
1 313
1 1390
2 6951
2 8296
1 6964
2 8740
1 5401
1 1378
1 5596
2 1838
1 967
1 6541
2 2364
1 6609
2 8351
2 8193
1 4578
2 3010
1 7204
2 8922
2 5681
1 2844
2 502
1 6359
2 5527
2 8969
2 3341
1 3137
2 8955
1 2051
2 2722
2 389
1 6112
1 2944
1 9858
1 2736
2 4970
2 1980
2 3264
1 4883
2 5025
1 1832
1 2348
2 3824
1 6788
1 701
2 878
2 3351
1 9775
1 9178
2 3084
1 4349
2 4337
1 7880
1 9804
1 3507
1 1715
2 6333
1 1095
2 7204
1 1934
1 1035
2 4626
2 8902
2 701
2 1821
2 3637
2 7249
2 9308
1 4794
2 7616
2 579
2 3094
1 9289
1 5071
1 4573
2 9653
1 6026
1 8541
2 7421
1 6488
1 5856
1 8546
2 918
2 9102
2 539
2 8863
1 7424
1 7914
2 926
1 4564
1 2988
1 761
2 3320
2 1325
2 2233
2 6844
2 2290
2 7727
2 5660
1 4346
2 1840
2 7730
1 9953
1 188
1 8257
1 5329
2 7488
2 5711
2 7975
1 7535
2 6718
1 6368
1 8284
1 6373
1 6336
2 3876
1 9187
2 5774
2 9680
1 2729
1 5732
2 9813
1 1034
1 1662
2 6589
2 7530
1 9900
1 736
1 4176
1 7069
2 2990
2 5778
2 9913
2 5618
2 612
1 9107
1 3533
2 4016
2 2078
1 4855
2 5393
1 7791
1 5710
1 4801
2 8391
1 3140
1 9521
2 6139
1 2934
2 6111
2 7519
2 8985
1 4468
2 4518
2 7034
1 1869
2 8896
1 5536
2 406
2 1935
2 1682
2 721
1 3274
1 9679
2 8007
2 7434
2 17
2 3
2 17
2 8
1 159
1 6073
1 526
1 1550
2 603
2 1257
2 3900
2 916
2 303
2 523
2 729
1 170
1 6021
1 1314
1 1060
2 651
2 2323
2 2893
2 2099
1 4668
2 3786
2 161
2 522
1 8488
2 7341
2 410
2 405
1 1487
1 3901
2 2234
2 1778
1 9046
1 1705
1 5532
1 4298
1 5893
1 606
1 1648
1 674
1 7773
2 6817
2 8071
1 5855
1 6116
1 1450
1 952
2 5561
1 2739
1 1964
1 8154
2 4353
2 5741
1 4071
1 7071
1 4454
1 7232
2 7095
2 6426
2 7211
1 8391
1 6537
1 2883
1 1880
1 3433
2 3841
2 7964
2 6
1 8968
2 6937
1 9298
2 8225
2 16
2 1697
1 8160
2 6123
2 5459
1 9597
2 4906
1 5123
2 7253
1 185
1 3071
2 5175
2 2359
2 9774
1 2542
1 3977
1 9026
1 2175
1 9567
2 2456
2 797
1 6912
1 3263
2 8931
1 577
2 7551
2 748
1 909
1 5479
1 5740
1 5805
2 9357
1 298
1 8158
1 1157
1 1939
2 3460
2 2680
2 8876
2 5272
2 2548
1 2036
1 5405
2 560
2 4294
2 5748
2 3132
2 1216
2 2019
1 5176
2 8596
1 1716
1 9442
1 9619
2 1585
2 6995
1 9674
2 6986
1 9927
2 608
1 9181
2 5868
1 2503
1 2376
2 7528
1 4248
2 2169
2 4184
1 1395
1 3291
2 255
1 6730
1 4181
1 4249
1 20
2 9336
2 1883
2 3670
1 9701
2 3237
2 2862
1 8209
1 8441
1 6991
2 600
2 8045
2 4062
1 1885
2 3011
1 4613
1 7997
1 6117
2 3799
2 8448
1 767
1 2048
2 1102
2 6661
2 5072
1 3918
1 155
2 3242
1 8995
2 2798
1 592
1 5049
1 1590
2 3785
2 1606
2 4905
1 7084
1 3170
2 8816
2 3266
1 4350
1 5156
2 4122
2 1910
1 9548
1 6259
1 1282
1 6052
2 7435
1 8133
2 316
1 8742
2 3599
1 1792
2 3992
1 7710
1 8250
2 7607
2 5108
1 9525
2 5880
2 8006
2 557
2 3199
2 9902
2 7414
1 3592
1 8795
2 6159
1 6278
1 6956
2 1707
1 3923
1 683
1 4254
1 555
1 2517
1 9732
1 3325
2 2115
1 9133
1 4389
1 8331
2 2607
2 5732
2 4274
1 3767
2 4738
2 4751
2 2383
1 3793
1 5076
1 8380
2 5521
1 6347
2 3998
1 3333
1 279
2 4737
2 352
1 8132
2 5648
1 6695
2 2782
1 2159
1 6735
2 5885
2 463
1 2798
2 2860
2 2714
2 8900
2 4077
1 4134
1 3537
2 2898
2 528
1 1587
1 7958
1 8042
2 1114
2 5804
2 7676
2 9514
2 8114
1 752
2 5010
1 3316
1 7919
1 9324
1 6045
2 6272
2 9807
1 9978
2 7811
1 2085
1 606
1 2719
1 5397
2 2727
2 5541
1 8612
1 593
2 5583
1 9503
1 8076
1 3805
2 9262
1 4130
1 8236
2 4870
2 8946
2 7273
1 7540
2 1647
1 3185
2 3204
1 8207
1 9012
2 9763
1 5686
1 5146
1 7432
1 6955
1 7567
1 2773
1 6687
2 5664
2 8308
1 6821
2 4278
1 1722
1 5274
1 1975
2 4726
2 4987
1 6960
1 3772
2 3974
1 4311
2 1945
1 4578
1 4574
2 3509
1 2109
2 4094
1 4975
1 426
2 3087
2 8637
1 3915
1 2882
2 4978
1 8390
2 1727
2 9030
1 4531
1 4060
1 1386
2 4745
2 4634
1 6345
2 381
2 2040
1 542
1 4391
1 7106
1 3478
2 6374
1 5420
2 4913
1 2191
2 7869
2 230
1 6211
1 3666
1 1190
1 6700
1 1846
2 1058
1 5595
1 8926
1 6949
2 9777
1 5423
2 4864
1 3815
1 4475
1 6115
2 9184
2 7971
2 196
2 5041
2 6420
1 8548
1 9568
2 3497
2 7742
1 6903
2 3162
2 5433
1 7328
1 7842
2 7413
1 5219
1 320
2 1409
2 6838
2 8106
2 3768
1 2456
1 8668
2 3246
2 6877
1 7772
1 3045
2 4504
2 4476
2 5941
2 4238
2 6376
2 1520
2 8353
2 4808
1 8646
1 3827
1 3515
2 6626
2 9511
1 5249
2 4748
1 8562
2 9490
2 2613
1 9868
2 9399
2 8532
2 2125
1 282
1 371
1 1520
1 1517
2 6506
1 2938
2 8741
1 721
1 8903
2 9763
2 1398
1 2247
1 2162
2 8358
1 786
2 8832
2 2808
2 5856
2 500
2 2946
1 8767
2 1301
1 4574
2 9783
2 1009
1 8526
1 7368
1 7218
2 1973
1 5854
1 8719
2 2920
1 8214
1 4709
1 2237
2 4273
1 4819
2 3101
1 2565
1 1039
1 184
2 9903
1 4036
1 6100
2 2811
1 4503
2 9210
1 9516
1 1737
2 3353
1 5577
2 3859
1 2502
2 1775
1 4156
1 4840
2 5600
2 8612
2 8330
1 8054
1 4696
2 3774
1 4655
2 792
2 9401
2 8120
2 1333
1 5735
1 382
2 9430
2 4393
1 3830
2 2384
1 6650
1 3395
2 3099
2 7975
2 5893
1 7704
2 268
1 6289
1 6835
1 2016
2 4345
1 1646
1 8827
1 9002
1 2889
2 5455
2 8507
1 9315
2 1042
1 5550
1 8512
1 1604
1 6437
2 3060
1 2971
1 7875
2 7948
2 7458
1 9563
1 2034
1 5375
1 706
2 8919
1 8433
2 72
1 1973
1 6537
2 3450
2 5520
1 2952
1 1955
2 2772
1 8203
1 1140
1 2179
1 9332
2 8999
1 3425
2 5759
2 5363
2 5220
2 2178
2 3445
1 9108
1 352
2 5055
1 2114
2 3952
2 3111
2 4740
2 1955
2 3044
2 860
2 1232
2 9990
2 2132
2 2434
1 1074
1 982
2 754
1 2849
1 4976
1 6
1 1740
1 1662
1 6225
1 8711
1 2558
2 5618
2 262
2 9777
2 5681
2 5443
2 233
2 4014
2 6809
1 5480
2 7001
2 9338
1 7718
1 536
1 8545
2 1062
1 211
2 2925
1 256
1 4306
1 2941
2 3094
1 3506
2 6821
2 8084
2 3343
1 3853
1 8693
1 9628
2 2056
2 1848
2 820
1 4554
1 3829
1 6161
1 8801
1 3960
1 5040
1 7652
1 5836
1 6242
1 5142
1 5588
2 5566
1 7739
2 6294
1 7179
1 342
1 3003
1 5938
1 5804
1 7294
2 7851
2 4711
2 7533
2 4854
1 568
2 1958
2 1456
2 3936
1 5569
1 6300
1 6020
2 152
1 193
2 1394
2 6191
2 7148
1 2116
2 8700
2 8762
1 5868
1 2221
2 1241
2 2182
2 4582
1 3254
1 3310
1 7973
2 2113
1 1734
1 5954
1 1260
1 1745
1 5097
2 5702
2 5328
2 7949
1 8082
2 5488
2 7090
1 4252
2 4537
2 4409
1 9466
2 8771
1 1315
2 703
2 2181
1 9537
1 1311
2 8318
1 4927
2 2039
2 8595
1 2742
2 4847
1 2377
1 5072
2 5999
2 8573
2 9334
1 544
2 2984
2 8518
1 941
2 1502
1 5494
2 1593
2 6093
2 9181
1 916
1 550
1 2394
2 5032
2 7312
2 9525
1 5724
1 3355
1 8413
1 6773
1 1440
1 8173
1 6495
1 476
1 9797
1 3989
1 4434
1 8415
1 6553
2 3664
1 5021
2 7849
2 8196
1 3659
1 37
2 681
1 5559
1 6755
2 4384
2 1006
1 4027
1 8466
2 5150
2 2233
1 7938
1 6156
2 7942
2 8531
2 83
2 1015
2 2739
1 6477
2 5694
1 3229
1 1914
2 3816
1 5139
2 3692
2 3784
1 2645
2 3553
1 1198
1 1587
1 28
2 2502
2 7599
2 5367
2 8091
2 21
2 7937
1 8254
2 7769
2 8026
1 5959
1 5198
2 1503
2 2445
2 4782
2 660
2 5737
2 9601
2 1953
1 8424
2 4375
2 8900
2 6610
1 1782
1 3268
2 2389
2 8100
1 7702
1 2512
1 5227
1 8896
2 6828
1 269
2 9824
1 8820
1 1518
2 5496
1 1848
1 9837
2 666
2 1043
1 7128
2 6900
2 3055
2 4178
1 9957
1 5838
1 2732
1 4831
1 2926
2 4836
1 8628
2 7988
2 5900
2 4489
1 6792
1 734
1 9316
1 5142
2 2838
2 9103
2 5426
2 6132
1 7400
1 8002
2 8853
2 7292
1 9
2 2635
2 6862
2 9332
1 5321
2 5505
1 5059
1 3014
1 2634
2 4490
2 5496
1 7122
2 8766
1 9594
1 4773
1 3173
1 2956
1 2175
2 9472
1 5474
2 141
1 9614
2 1317
2 7648
2 9092
1 4318
2 9412
2 6318
2 1565
2 5410
2 5534
2 5269
2 2238
1 1474
1 330
2 2058
2 1324
2 2546
1 8124
2 9647
2 6304
2 6220
1 9389
1 8307
2 5356
1 945
1 4385
1 7498
1 4594
2 1153
1 5866
2 5256
2 9058
1 3606
2 887
1 9169
1 9226
1 3800
2 3691
1 1110
1 9401
2 4604
1 2726
1 6050
2 8599
2 9243
2 7152
1 6699
2 3003
2 7304
2 3637
1 4415
1 8280
1 6310
2 6176
2 9023
1 4040
1 9810
2 7567
1 431
1 4911
1 9533
2 1937
1 7886
1 9488
2 3426
1 1915
1 8036
2 501
1 7433
2 5117
1 1533
1 3914
1 174
1 84
1 4772
2 9716
1 8693
1 2135
2 8043
2 9018
1 8594
1 2463
2 549
1 5613
2 2206
2 5282
1 4785
1 8968
2 4245
1 5588
2 8648
2 2680
2 9301
1 6507
1 5852
1 1817
2 3231
1 3730
1 2124
1 474
1 2301
2 759
2 9103
1 4091
2 8253
2 3029
2 254
2 880
1 3652
1 9557
1 4653
1 1553
2 8045
1 8515
1 3048
2 995
1 6282
1 3371
2 6245
1 4688
2 2959
1 6543
2 9380
2 7716
2 934
2 4177
1 2066
2 4836
2 3322
1 8214
1 7564
1 9762
2 959
1 3938
2 4265
1 6100
2 1337
1 9199
2 8527
2 3764
1 8712
1 461
2 1203
2 3876
1 9309
1 9169
1 1534
2 4376
1 4488
1 4655
1 1030
1 9591
2 8164
2 1841
2 2084
2 6405
2 5717
2 9166
1 9264
1 4408
2 3757
1 5999
2 1495
2 7761
1 795
1 5660
2 198
1 5891
1 6670
2 2014
2 7772
2 3308
2 5479
2 6770
2 8239
2 128
2 9437
1 746
2 3961
1 789
2 4237
2 9131
1 3347
1 6881
1 6251
2 9886
1 140
1 8
1 8631
1 1418
2 4634
2 5392
2 4507
1 4761
1 5673
2 867
2 4255
2 1726
1 7212
1 7144
2 937
2 7369
2 4152
1 4840
1 2350
1 6530
2 9846
1 6001
1 8790
1 2307
2 9632
2 4424
1 4249
2 7403
1 1960
2 9980
1 1025
1 2946
2 8812
2 8354
1 7037
1 1621
2 1658
1 1509
1 1485
1 8485
2 6345
1 7844
2 4348
1 6989
2 9149
1 1195
1 1852
1 9066
1 8525
1 5912
1 6417
1 7679
2 4464
1 8808
2 7654
1 6074
2 1743
1 5578
2 7829
1 5037
2 8064
1 4061
2 2875
1 552
2 6001
1 5310
1 4671
2 41
2 6549
1 9852
1 501
2 8471
1 9647
2 2169
2 1830
1 4745
1 5516
2 5205
1 7803
2 8514
2 7441
2 2691
2 1326
2 6741
1 3020
1 3747
2 3849
2 3033
1 5080
2 4316
1 6557
1 9758
1 9771
1 7610
1 7827
2 5540
1 3393
2 5087
1 9247
2 2259
1 1688
2 4514
1 7804
1 1867
2 5700
2 4418
1 7620
2 1941
1 8405
1 4464
1 4098
1 1160
1 2478
2 728
2 2491
1 4197
1 5082
1 9818
2 3814
2 3426
1 3628
2 1689
1 7653
2 7652
2 9325
2 8035
2 1808
2 917
1 4559
2 1425
1 1997
1 5286
2 4181
2 357
2 5288
2 6370
1 2015
2 4699
1 5355
1 1021
1 9848
1 7716
2 4486
2 5027
2 3354
1 871
2 9062
1 6227
2 7768
1 9581
1 6400
2 4779
1 6299
1 9978
2 6096
1 3225
1 8851
2 8195
2 8217
2 8046
1 7191
1 4081
1 4744
1 3301
2 9872
2 6701
1 3863
2 3560
2 390
2 7595
1 8847
1 1638
1 6752
1 7387
2 6653
1 5194
2 3808
1 4307
2 2285
2 5338
1 9447
1 1266
1 6044
2 9155
2 5320
2 4030
2 1028
1 1079
1 3600
2 3082
2 4925
2 2994
1 2396
2 4381
1 1649
2 418
1 5943
1 5435
1 4311
1 9460
1 4369
1 6650
1 5614
2 4366
1 9832
2 6304
2 9448
1 9659
2 8574
2 3248
1 2339
1 9655
2 737
1 8690
2 3246
2 5862
2 2670
2 1227
2 8179
2 6408
2 9435
2 266
2 1169
2 8783
2 8178
2 4834
2 6778
1 2740
2 8649
1 8819
2 1420
2 2134
1 7150
1 8585
1 2691
1 2995
1 5304
2 8987
2 1066
1 9825
1 5263
1 8709
2 7407
1 917
2 7572
2 3355
2 5383
1 6271
1 8740
2 6051
2 3807
2 6946
2 4304
1 8184
1 2197
1 3594
2 9291
2 791
2 6890
2 1215
2 7061
2 8562
1 1366
2 8724
1 5878
1 5642
1 2922
2 3764
1 8233
1 1993
1 4833
2 1809
2 1217
1 9574
2 1993
1 6533
1 4845
2 5979
2 2990
2 9380
2 8567
2 4409
2 5027
1 1826
1 9828
1 1751
2 695
1 4714
2 7254
1 2441
2 335
1 1214
2 6340
1 8404
2 2705
1 5399
1 6904
1 695
2 8609
1 6587
2 6179
2 1013
1 8203
2 3045
2 9988
2 3397
2 1339
2 7833
2 731
1 3350
1 480
1 4042
2 9534
2 4213
2 2530
1 9496
1 2214
1 9587
1 584
2 2373
2 6314
2 3242
1 2969
2 7076
1 2995
2 5705
2 70
2 6509
2 2123
1 4688
2 669
1 7645
1 8461
1 9844
2 1230
2 7991
1 4123
2 4498
1 5564
2 4913
2 5616
2 6461
1 1471
2 450
1 4492
1 4352
1 9183
2 7080
2 6945
2 1768
1 3691
1 8332
1 7565
1 6082
2 2862
1 8181
1 4656
1 4343
1 6358
1 2737
2 6727
1 7173
1 1555
1 8843
2 2221
2 6687
1 5100
2 8321
1 8951
1 796
2 5292
1 7971
2 525
1 9870
1 8543
2 603
2 479
2 2298
2 9320
2 2540
1 8828
1 7723
2 2934
1 464
2 2327
1 5083
2 4093
2 3259
2 8239
2 116
2 6194
2 9402
2 1937
1 1844
2 1718
1 1471
1 6250
1 6479
2 4399
1 2014
2 3370
1 9072
1 1983
2 8693
2 842
2 3583
2 6595
2 6845
2 9397
1 6820
1 5729
2 3350
1 6654
2 7759
1 2180
1 5498
1 1653
1 2461
1 7669
2 1205
2 6545
1 5339
1 4778
2 1214
2 7669
1 5733
1 4907
2 1604
1 1602
1 5348
2 5494
2 3761
1 7130
1 3665
1 7078
1 9242
2 314
2 2895
2 8966
2 330
1 5124
2 5403
1 512
2 9325
2 958
2 1510
1 278
2 6348
1 3978
2 8008
1 8601
2 2274
2 6352
2 6393
1 1440
1 5018
1 4012
1 1844
1 4005
1 8609
1 8305
2 2482
2 6
1 6342
1 5105
1 9
2 1035
1 6636
1 4234
1 5804
1 3610
1 3923
2 9563
1 9269
2 8563
1 4802
2 9096
2 637
2 7034
2 5523
1 2879
1 5747
2 2628
2 38
2 4184
1 5046
2 9446
2 3602
1 1056
1 554
2 7313
2 8186
1 6382
2 8584
2 5060
2 902
2 7621
1 4376
2 8580
1 808
2 5569
1 7367
1 2994
1 1172
2 921
2 7475
2 8992
2 4945
1 488
1 3275
2 8267
2 158
2 2239
1 423
2 8113
2 2220
1 3903
1 2474
1 1309
1 5007
2 8369
2 9516
1 273
2 608
1 27
1 6487
2 9754
2 5283
1 9283
2 4981
2 4086
2 1676
2 8905
1 1667
2 3657
2 5397
1 5263
2 3936
2 5416
1 3482
1 6375
2 2490
2 2924
1 8204
2 2308
2 4889
1 7371
1 8180
2 3822
1 9818
1 8386
2 6878
2 2725
2 2380
1 5573
1 4518
2 1987
2 6704
1 8802
2 475
2 8634
2 5179
2 8092
1 2833
2 72
1 52
2 9216
1 4748
1 2752
2 3495
2 6355
2 894
1 3859
1 9606
1 9493
1 5285
2 5073
1 3418
1 7294
1 4509
2 8815
1 471
1 6753
1 5973
2 5666
1 6626
1 5393
1 4189
2 3500
1 8510
2 9150
2 9407
1 4356
2 5482
2 8841
1 1930
1 9109
1 6110
2 9980
1 9810
1 3794
1 5355
2 8501
1 1429
1 9555
1 3058
2 2944
2 3375
2 1557
2 2011
2 6828
2 6903
1 6380
1 9962
1 4656
1 5169
1 8322
2 8539
2 9638
2 1333
2 43
1 8971
1 5209
1 4092
1 3857
2 323
1 534
1 104
1 4540
1 6961
1 1423
1 2214
1 871
2 7057
1 1485
2 607
1 8922
2 6786
1 9670
1 3565
2 8332
1 3882
2 4784
2 3335
1 1296
2 5434
2 5829
2 6786
1 5751
2 8725
2 8511
1 6219
1 8934
2 6075
2 6845
1 8345
1 5851
1 4630
2 7847
2 1605
2 5448
2 2773
2 2862
2 7039
1 8738
1 4767
1 5130
1 9077
1 7878
2 8594
2 2534
1 9597
1 5736
1 9171
1 5953
2 4721
1 2359
1 8936
1 2477
2 3943
2 7356
1 616
2 6576
2 4427
1 7073
2 9816
1 9535
1 5920
2 420
1 4490
1 8744
1 2153
2 3927
1 7381
1 2583
2 4497
2 8378
2 4466
2 9937
1 4075
1 1382
2 2391
1 9054
1 9189
2 5683
2 3923
2 5041
2 6161
2 1858
1 7948
1 3471
2 3318
2 1658
1 9940
1 9294
1 3815
2 6329
1 1042
1 1852
1 4796
2 8086
2 9543
1 9648
1 4065
1 7610
2 9255
2 9193
2 2520
1 1899
1 790
1 1749
1 3766
2 5641
1 1897
2 2663
2 5795
1 3479
2 6538
2 537
1 3788
1 6888
1 9822
2 3803
2 5083
2 656
1 7291
1 3277
1 4295
1 2349
2 3874
2 8991
1 6973
2 4578
1 2748
1 8824
1 3348
2 4758
1 8413
1 5949
2 5113
1 2737
2 6256
1 2944
1 7665
2 2284
2 8399
2 7152
1 5573
1 7910
2 8924
2 8460
2 6746
1 9698
2 41
1 5179
1 9315
2 7661
1 2057
2 6956
1 2073
1 3980
1 3882
1 5270
2 9237
2 5970
2 1292
2 8030
2 944
1 8464
1 212
2 8128
2 7154
2 414
2 9900
2 5483
1 1615
1 425
1 3757
1 776
2 4829
2 555
1 6148
1 7264
2 6957
2 9755
1 444
1 6696
1 5721
1 5623
1 1543
2 6896
1 8149
1 649
2 1111
1 4356
2 349
2 9879
2 3999
1 3271
2 4253
1 8396
1 228
2 3251
2 6830
1 2030
1 9290
1 5677
1 5944
1 6115
2 4917
2 5595
2 5987
2 8997
1 9287
2 4569
1 5986
2 978
2 7838
2 4230
1 7686
2 8786
1 6906
1 704
1 2419
2 2941
2 8846
2 2650
2 1309
1 1296
2 8795
2 3116
1 7971
2 4656
1 9140
1 4988
2 8760
1 208
1 6274
1 5192
2 6118
2 8945
2 1899
2 7452
2 9637
1 8632
2 7772
2 9630
2 6270
2 7178
1 9359
1 2775
2 857
2 4767
1 4901
1 7607
2 9296
1 7645
2 6557
1 9046
2 1060
1 9097
1 676
1 8520
1 3236
1 9186
1 2874
2 4796
1 753
2 9381
2 7188
1 9985
2 731
2 5633
2 6041
2 4670
1 5376
2 3256
2 9717
1 5588
1 672
2 9355
1 8091
1 4246
1 7449
1 5294
2 6116
2 185
1 3840
1 198
2 9321
1 263
2 9304
2 1003
2 4978
1 6480
1 3185
2 7083
1 3834
1 6026
2 7804
1 6212
1 4986
1 6100
1 8573
2 259
1 2912
2 6965
1 2372
2 1965
1 7941
1 7472
1 938
2 9331
2 9647
2 8425
2 2829
2 8152
1 1370
1 3982
1 1205
2 2675
2 8010
1 1273
2 5542
1 9162
1 6020
2 2905
2 9685
1 5238
1 6211
2 3704
1 3374
2 3227
2 8937
2 4170
2 6526
1 9757
2 1386
1 1188
1 6313
2 8483
2 5231
1 8889
2 9778
1 8326
1 2893
2 6659
1 1387
1 8836
2 5898
1 9836
1 5427
2 3752
2 4564
1 548
2 2900
1 4751
1 3619
2 9460
1 2866
2 8025
2 9351
1 1805
1 9178
1 5761
1 3133
2 3163
2 4835
1 1521
2 6733
2 2045
2 2014
2 130
1 2994
1 7233
2 6647
1 7502
2 9551
2 4706
1 9273
1 250
2 2222
2 4653
2 6856
1 6548
1 4224
2 6664
2 3072
1 8724
1 8935
1 5470
1 6626
2 7609
1 1874
2 8407
2 817
1 4582
2 4468
2 5881
1 5461
1 8693
2 794
2 9093
2 2587
2 3711
1 3552
1 8354
2 4996
2 6500
2 1119
2 3838
2 7660
2 3898
1 1944
1 2410
2 1118
2 6063
1 622
2 7617
1 8324
2 3555
1 3065
1 9022
2 1908
2 5847
2 3124
1 6151
1 8312
1 5690
2 1437
1 4709
1 1619
1 7148
2 1049
2 6470
2 3185
1 6792
1 4069
1 620
2 696
1 3030
1 9864
2 82
1 9273
2 5631
1 4661
1 8070
2 2230
2 5137
1 9844
2 205
2 8232
1 6536
2 8280
1 2398
2 1402
2 8166
1 2038
2 3624
1 7341
1 8048
2 8254
2 4718
2 1714
2 1454
1 3505
1 3417
2 8440
1 3859
2 1928
1 8108
2 2327
1 5104
2 1999
2 9095
2 8775
1 811
2 7018
2 6490
2 4740
1 6732
2 6845
2 4464
2 9377
1 3429
1 8387
1 9552
2 1265
2 2990
1 649
2 8777
1 7344
2 4948
1 1395
1 5799
1 6455
1 4344
1 4098
2 7373
1 8024
1 9485
1 5235
1 3592
1 4769
2 9222
2 869
1 375
1 6181
1 9515
2 6689
1 6696
1 7307
2 3491
2 4009
2 9894
2 4716
2 884
1 4847
2 6066
1 1741
1 6418
2 1035
1 2758
1 5146
2 6069
1 2149
1 8786
1 5657
1 1947
2 9038
2 3887
1 389
1 567
1 9574
1 1851
2 8397
1 8148
2 6607
1 2902
2 108
2 6600
1 4752
2 5851
2 7700
2 2121
1 4790
2 1204
2 1891
1 175
1 4403
1 3642
1 1342
2 7519
2 8582
2 5290
1 5781
2 2871
1 2194
2 2280
1 6460
1 9530
1 4746
2 3625
1 5855
2 7966
2 8312
1 8960
2 3812
1 9838
2 1587
1 9488
1 5969
2 2697
1 940
1 2060
1 1760
1 2993
2 4057
1 5895
1 811
1 2830
1 1547
1 7706
2 3556
2 4734
1 8618
1 6104
1 2606
2 3542
2 2902
1 7925
2 8819
1 5269
1 1324
1 4036
1 1637
2 8733
1 5918
2 7865
1 6225
1 7550
1 8084
1 6327
1 3946
2 4058
2 5048
1 1430
2 8235
2 4049
2 6148
1 5491
2 9947
2 2635
1 1934
2 9619
1 6390
2 1076
2 5985
1 7953
2 6286
2 5648
1 6163
1 3253
1 41
1 5473
1 4612
2 4092
1 3149
1 7796
1 6780
2 5233
1 8064
2 3122
2 977
2 8567
2 8060
2 5033
2 197
2 4450
2 2750
1 671
1 6834
2 5708
1 7855
1 5181
1 1647
2 1437
2 151
2 2939
2 8818
2 1080
2 7820
2 5840
2 7163
2 1545
1 5744
1 6884
2 6864
2 29
2 6800
2 4030
1 7343
1 6503
1 2381
1 8970
2 7875
1 2456
1 3383
1 6968
1 9020
2 6409
2 1039
2 498
2 849
2 2541
2 5501
1 6962
1 6811
1 9905
2 9398
2 7591
1 701
2 4464
2 6926
1 2110
2 8154
1 6726
2 9005
1 8288
2 3600
1 8197
2 2380
1 4396
2 8688
2 7406
2 1559
1 5026
2 9005
2 5158
2 285
2 8521
1 3908
1 6785
2 55
2 6204
2 1422
2 9204
1 2151
2 8182
2 4564
2 3322
2 4813
1 6160
1 9102
1 3476
1 3640
2 5197
1 2160
2 9976
1 4063
2 3555
2 3041
1 3589
2 9348
1 147
2 1028
1 6221
1 5121
1 6954
1 8900
2 585
1 4372
1 4450
1 5046
1 324
2 9477
1 7134
1 6430
2 4001
2 3205
2 3935
2 5794
1 7976
2 1812
2 7447
1 2606
2 7729
2 7460
2 9056
1 6640
2 3929
1 5243
1 9814
1 2026
1 2647
2 3055
2 8574
2 7218
1 4516
2 569
2 9540
2 3406
2 2590
1 7271
1 9359
2 1285
1 8355
1 5998
1 2810
1 1103
1 1814
1 4564
1 2430
1 4634
2 899
2 2235
2 8892
1 8556
1 4659
1 337
1 64
1 3908
2 4571
2 560
1 3769
1 8790
1 618
1 8066
2 5218
1 9254
3
