3674
4
4
4
4
1 5113
3
1 6813
1 8256
1 5449
4
1 7861
1 6315
4
3
1 8999
3
1 4802
1 1822
1 5010
4
4
4
4
4
1 2679
4
1 7324
1 4487
4
1 8303
3
1 5500
4
3
4
3
1 4547
4
1 3652
3
3
1 2070
3
4
1 7550
1 3265
4
1 5550
1 3676
1 605
1 8789
1 9927
1 2646
4
4
3
3
1 7903
1 9871
4
1 6797
1 3726
1 7746
4
1 5178
1 7477
3
4
3
1 3280
4
3
3
1 5353
3
1 4684
3
3
4
1 8508
4
1 9892
1 5687
3
1 8050
1 7566
4
1 6552
4
3
4
1 2857
3
3
1 5557
3
3
3
4
3
1 9175
4
1 5132
1 5411
3
1 287
1 3433
1 1021
4
1 9808
1 8866
4
3
1 7043
1 6092
1 687
4
3
1 1863
4
1 1260
4
1 4771
1 8300
4
3
3
1 8555
1 2501
3
4
1 3718
4
3
1 9675
4
1 3939
1 6270
1 4642
3
4
3
1 5848
1 6034
4
3
1 7437
4
1 7269
4
3
4
3
4
1 4057
3
4
3
1 7244
1 384
4
3
1 1288
1 2046
1 4311
3
4
1 3907
3
4
1 2681
3
4
3
1 933
1 1663
1 3485
1 7571
3
1 4312
3
3
1 8641
1 6883
1 9039
1 1115
1 1585
1 1602
1 4520
3
3
3
1 5281
4
3
3
1 6666
1 9903
1 5649
1 1802
1 7976
1 7613
3
1 3021
1 3985
3
3
3
4
1 1928
1 3440
4
4
1 1024
4
4
4
1 694
4
4
1 6024
1 7786
4
4
1 3711
3
1 1928
1 7624
1 940
1 759
4
1 6769
1 5345
4
1 9050
4
1 7913
4
1 1369
1 310
4
3
4
4
3
1 7207
3
1 1056
4
1 1663
3
1 7801
4
1 8071
1 1443
1 9250
1 1940
1 1558
3
3
3
4
1 7310
1 4970
1 6670
3
1 330
4
1 111
4
1 3573
4
1 3925
1 1004
1 9004
4
4
3
4
4
1 7655
1 1366
1 921
4
3
1 1284
1 4502
4
4
3
4
4
3
1 5237
1 5784
3
1 1644
1 633
1 4439
1 4808
3
3
1 3234
1 4615
1 3778
3
1 3704
1 1663
1 7111
3
1 7392
4
3
1 6148
1 1547
3
4
3
1 8185
4
1 4378
3
1 8144
4
4
1 2658
1 1837
1 5754
3
3
3
1 6073
3
1 8034
4
4
1 8275
1 7816
3
3
1 1865
1 5639
3
1 9589
3
1 5724
3
1 9235
4
3
1 8564
4
1 585
3
1 6402
1 6
1 9167
1 5281
1 685
1 2819
1 9445
3
4
3
4
1 2178
3
4
1 4096
3
4
4
1 7847
3
1 2164
4
1 5853
1 794
3
3
4
1 4771
3
1 6377
1 9995
4
4
4
3
3
1 1173
4
3
1 2019
1 7620
1 1368
3
1 6021
3
1 4574
1 2829
1 5082
4
4
3
4
1 7691
1 5461
3
4
4
3
1 1135
1 1779
1 7383
4
1 4676
4
1 2028
3
1 4859
3
1 9331
4
1 2298
4
3
4
1 5235
1 6567
3
3
1 1457
3
3
3
1 6552
3
1 8969
3
1 1855
3
3
1 1590
4
3
3
3
1 9220
1 3364
4
1 414
1 8848
3
4
3
4
4
3
1 5841
1 8981
4
4
3
4
3
1 7288
1 4317
1 4387
1 5244
3
3
1 8233
4
1 1970
1 962
3
3
1 8001
3
1 8098
3
1 357
1 1942
3
1 8958
3
4
1 878
3
4
1 4327
4
1 9389
1 1017
3
1 3382
1 9972
1 3025
1 7149
1 7941
1 8181
3
1 7143
1 384
4
4
1 667
4
1 1049
1 3461
1 9406
1 6476
3
1 2200
3
3
1 7361
1 2254
3
3
4
1 6443
3
3
3
1 904
3
4
4
1 1517
1 2957
1 4354
1 5367
1 2180
1 558
3
1 267
3
3
3
1 9660
1 4289
3
1 1116
4
3
4
3
1 9606
4
1 1393
1 3171
4
3
1 1473
3
4
3
3
3
4
3
3
3
3
1 8397
1 1483
3
1 3493
1 54
1 630
4
4
1 3271
4
4
1 3644
1 9761
3
4
1 3015
1 4579
4
1 1306
1 6578
1 360
3
4
1 3176
1 9955
1 6306
1 7976
4
3
1 982
1 3363
4
1 4248
4
3
3
1 4525
4
1 5162
1 4495
4
3
3
4
1 9698
3
1 3785
4
3
3
4
1 6243
4
1 2276
3
1 3255
3
1 4892
3
1 6380
1 8075
1 476
3
1 1621
4
4
1 3623
1 3756
1 9489
3
1 8960
1 1298
1 1819
4
1 5348
1 9122
3
1 9124
1 6615
4
3
4
1 889
3
1 6274
4
3
4
3
4
1 2331
3
1 23
3
1 3744
3
4
3
4
4
1 9660
1 2790
1 3761
4
1 911
1 8805
4
1 3261
1 5927
1 9725
3
4
3
1 9274
4
1 6640
1 5219
3
1 7518
4
3
1 7845
1 5104
4
1 7224
4
4
4
4
4
1 3567
1 6392
3
1 1231
4
4
3
4
4
1 1994
4
1 9128
1 808
1 6770
4
1 1382
4
3
3
4
3
3
3
1 6690
4
4
3
4
1 3884
1 6646
4
1 344
3
1 6459
4
1 6852
3
4
1 8723
4
4
3
3
4
4
4
4
1 4026
3
3
4
3
4
4
4
1 2561
3
3
1 7587
1 6365
1 5458
3
1 1730
1 4880
1 3241
3
4
4
1 6600
1 1521
4
3
1 8861
1 663
4
4
4
1 2953
3
1 6119
4
3
3
1 6877
3
1 7769
4
3
1 5538
1 2229
3
1 8256
4
1 3293
1 4146
1 8586
1 2549
4
4
1 522
3
3
1 8932
4
3
1 7297
3
3
3
3
1 8491
1 9542
4
3
1 1102
1 6725
3
1 4041
1 1300
1 110
4
1 475
1 2366
1 7513
1 7473
4
3
3
3
3
3
1 4183
1 3523
4
1 8340
1 5888
4
4
3
4
3
4
4
1 8453
1 163
1 8060
3
4
3
4
3
3
3
1 6508
4
1 3776
1 1406
1 9150
1 2344
1 7715
1 5803
3
1 8505
3
3
3
1 5239
4
1 7096
4
3
4
4
3
1 4985
1 5711
3
3
1 6781
1 5695
1 3101
4
1 5146
3
4
3
3
3
4
4
4
1 1857
4
1 5612
1 4524
1 9846
3
3
1 6125
4
1 2517
1 8656
3
4
1 7675
4
1 4809
4
1 9271
4
3
4
3
3
3
3
1 6987
1 301
4
3
4
1 7038
1 2657
1 6156
1 1279
1 4911
3
4
4
1 9307
1 6971
1 4632
1 7967
3
1 2834
1 7973
1 731
1 5700
4
1 7049
1 1966
1 1185
3
4
1 2392
1 1735
1 4747
1 9306
1 8121
1 8515
1 101
1 6260
4
4
3
1 8203
4
1 8207
1 9171
4
1 9679
1 4891
3
3
3
1 1851
1 8712
1 9205
3
4
1 8277
4
1 7028
4
1 5954
4
4
1 2766
1 7572
4
4
1 5589
1 9650
4
1 6291
4
1 836
1 8947
3
3
4
1 8741
1 9552
3
1 9916
1 7125
4
1 1253
1 756
1 2737
4
1 2311
3
1 6948
4
4
1 4787
1 637
3
1 4244
1 5048
4
4
1 7969
3
4
4
1 2853
1 6831
1 6555
3
4
1 2181
1 5414
3
3
3
1 120
4
1 8901
1 2788
1 439
1 213
1 1867
4
1 6634
3
1 2984
1 2214
1 5263
4
4
1 8147
1 5085
1 1450
1 5309
1 1407
1 1078
4
4
3
3
1 5045
4
1 7090
1 1091
4
3
3
4
3
1 8740
3
1 4244
4
1 4305
1 3743
1 7601
3
3
4
1 1341
4
3
3
4
1 3193
1 6502
1 2957
4
3
3
3
1 7152
1 1996
1 1645
3
3
1 4727
1 5728
3
1 7826
1 9144
3
4
1 8549
1 3849
4
1 9904
1 8727
4
1 8250
3
3
3
1 6171
1 7296
1 5139
4
1 2688
1 9538
1 7694
3
3
3
3
1 4899
1 4265
3
3
1 8477
3
1 6222
4
1 7669
1 8471
1 9151
3
1 9528
3
1 3476
4
4
3
4
3
3
4
1 7968
4
3
3
1 2114
3
1 9605
1 1029
3
1 351
1 9910
1 351
3
4
4
3
4
1 3934
1 2499
3
4
3
4
4
1 7473
3
1 4918
4
3
4
1 1572
1 3166
4
1 5109
1 6676
1 9000
4
4
1 2748
4
3
1 804
3
4
4
1 3907
3
1 5595
1 7328
1 1745
3
4
4
1 2290
3
3
3
4
1 9841
4
3
1 613
3
3
1 9717
3
1 9822
3
3
4
1 3181
3
3
4
1 2305
1 6754
3
4
1 9756
1 6856
3
4
3
1 9187
4
1 4880
4
3
4
4
1 6131
4
1 3427
4
1 1214
1 5562
3
1 3493
1 6602
4
3
4
4
4
1 4948
3
4
1 3864
1 9000
1 1930
4
1 2372
3
3
1 3049
3
1 5510
1 1609
4
3
4
1 2854
3
3
3
1 628
1 7961
4
3
1 8920
1 2505
1 5128
3
3
4
4
3
1 523
1 7463
3
1 6152
3
1 7030
4
1 5686
4
1 7279
1 5765
3
1 6522
1 3671
4
1 2554
1 6627
1 9898
3
1 7336
3
4
1 21
4
1 4308
1 7992
3
1 1244
1 7641
1 3437
1 6075
1 8006
4
1 1580
4
3
1 8249
3
4
1 1997
3
3
1 3095
1 8380
1 8944
4
4
1 8350
1 2696
1 9961
1 4596
4
1 1340
1 6865
3
4
4
3
1 6167
1 8057
3
3
1 2784
1 1930
3
1 2787
1 8391
3
3
1 9652
3
1 6803
1 5723
1 4646
1 1018
3
3
1 4445
1 529
3
4
1 7809
1 3484
3
1 7202
3
1 3177
4
4
3
4
3
4
4
1 9370
4
3
1 4405
1 1223
1 6626
1 1005
1 9368
4
1 6292
3
1 8142
1 9536
1 948
1 9152
1 6693
1 1400
3
4
3
3
4
1 1976
4
4
1 5587
4
3
3
4
1 6778
4
4
1 5211
4
4
3
4
4
4
1 5030
1 5141
1 7693
1 8968
4
1 9061
1 8987
4
3
4
3
1 7532
4
1 9835
1 3349
1 5545
3
4
4
1 8729
3
1 9318
4
3
1 3642
1 2503
1 820
3
1 1635
1 3872
4
1 1086
4
1 9846
1 9019
1 2549
1 7427
1 6495
3
1 4582
4
1 163
3
1 4
1 8755
1 122
1 5779
4
3
4
3
1 2128
1 4526
4
1 1205
4
1 6747
1 7237
3
1 6056
4
1 4327
1 527
4
4
1 5469
4
4
1 6326
1 4602
1 8494
4
1 8842
1 1412
1 815
1 8078
3
4
4
1 4641
4
4
1 5043
3
4
1 9612
1 9247
4
4
3
4
4
1 5370
3
1 2110
1 3129
3
1 5890
3
1 6221
1 450
1 3202
3
1 8292
4
1 2703
1 8777
4
1 558
1 6855
1 8727
1 9915
3
3
1 3921
4
1 9197
1 3283
1 8903
4
1 8048
1 4027
1 5109
1 6931
3
4
1 7147
4
1 6806
4
1 8144
4
3
1 9552
1 2894
1 9591
3
4
1 54
3
1 1991
4
1 4870
1 2914
3
1 1050
4
1 5802
1 8802
1 1402
1 4674
3
1 6589
1 9802
3
4
3
3
3
4
4
1 634
4
1 8639
1 8283
1 7495
1 8847
4
1 7168
1 6936
1 2407
1 7048
4
1 7463
1 7685
3
3
1 1412
1 552
4
1 1292
1 9134
4
1 6654
1 3675
1 9894
1 308
1 4529
1 6172
1 7480
4
1 1092
4
3
4
3
1 2170
1 858
3
4
4
3
3
4
4
4
4
1 9693
3
1 6429
1 4847
1 2598
4
1 9134
4
1 8706
1 3847
3
1 2467
3
3
3
1 5736
1 1646
1 836
3
3
4
1 4533
1 6705
1 6282
1 2885
3
1 9741
1 1667
3
1 7192
1 641
4
3
1 2582
1 958
3
1 7978
1 6134
4
4
1 142
4
1 4408
1 6518
4
4
1 9678
4
3
1 3614
4
1 4964
1 685
4
1 9321
1 608
1 8605
1 6851
1 7169
4
3
4
1 1524
1 6602
3
1 6043
4
3
3
1 3332
3
1 684
3
1 7833
1 8308
1 8694
4
1 5048
4
4
1 7220
1 3721
1 9930
1 2508
1 875
1 5819
1 824
4
4
1 6306
1 697
3
1 3051
1 193
1 4666
3
4
4
1 5911
1 7753
4
1 8787
1 5742
1 5655
1 9761
3
1 7526
1 4471
1 664
1 1390
1 13
1 9972
1 2387
4
1 6915
3
1 3463
3
1 7875
3
1 6653
1 6213
3
1 92
1 510
3
1 2688
1 38
4
4
3
4
1 2335
3
1 5997
3
3
4
4
1 4573
3
4
1 5253
1 6205
4
3
1 6585
3
1 695
3
3
4
4
1 3547
3
1 1429
1 6227
1 5422
3
1 152
1 5403
1 5348
3
4
1 8622
4
4
3
1 380
1 3356
4
1 8367
3
3
3
3
1 8320
1 7188
1 8524
1 6489
1 207
3
1 1629
4
1 7042
1 7737
1 9123
3
1 2144
1 4825
4
3
3
1 1015
1 8786
1 4310
3
1 8181
1 7401
4
1 9719
3
1 3960
1 562
1 9791
1 5290
3
3
3
1 6867
1 5956
4
4
4
1 4063
4
1 4948
1 7868
3
3
4
1 6728
3
3
1 7335
4
1 5696
1 4318
1 5277
3
1 6916
1 4920
1 5421
1 6270
1 8043
4
1 5882
1 8855
1 3069
1 578
3
1 1892
3
4
1 9446
3
1 9580
1 2898
1 911
1 2130
4
1 9251
1 3421
3
1 2129
3
4
4
1 8187
4
1 7599
1 1503
1 5670
4
4
1 6925
1 1259
4
3
1 6361
1 6729
1 3617
1 3347
1 6033
1 3436
4
1 8605
3
1 7860
1 8327
1 3227
4
1 6692
1 1398
1 9594
1 5946
1 1791
3
1 6858
4
4
1 2714
4
4
1 5759
1 9332
4
1 2576
4
2 1132
4
2 4770
3
4
2 3378
4
4
4
2 3613
4
4
4
3
2 9109
2 4794
2 8784
4
2 9972
3
2 2094
4
2 3882
3
2 8953
2 7060
2 6147
4
3
2 8197
4
2 3516
4
2 4266
2 4554
2 9342
3
4
2 4662
3
3
4
4
4
3
2 5523
4
3
2 1157
2 6405
3
2 4537
3
3
2 8285
2 2966
2 4583
2 359
4
4
3
2 6193
4
2 2738
2 5566
2 9084
2 569
3
2 3884
4
2 6782
2 9793
4
3
2 418
2 1618
2 682
3
4
4
2 1678
3
2 2048
3
4
2 9430
2 340
2 8305
3
3
2 8852
4
3
2 4721
2 5076
2 760
2 5559
3
3
2 3855
2 2585
3
3
4
4
4
2 6397
2 4941
4
3
3
3
4
2 4382
3
2 3706
2 523
2 8836
3
4
4
2 2557
2 9916
2 1988
3
2 9454
4
4
2 1182
4
3
2 6315
2 5432
2 9347
4
2 9980
3
2 9039
4
3
4
4
2 1370
2 1281
4
3
3
4
2 4404
2 7564
2 3758
2 6311
2 3564
3
3
4
3
2 312
4
3
4
3
2 9147
2 5702
4
4
2 8123
2 7414
3
2 6383
2 2923
3
2 512
3
4
2 3501
3
3
4
2 9880
4
4
2 648
2 1110
2 8317
2 1680
4
2 4907
2 1393
3
2 6596
2 9269
2 3253
3
3
2 8727
3
4
2 6164
3
3
4
2 1176
3
3
2 9004
3
3
2 6714
2 1419
4
3
4
3
3
4
2 9902
2 1608
2 264
2 3829
2 5635
2 6376
2 6
2 155
4
4
3
3
4
4
4
2 3014
2 7855
3
2 6988
2 6307
2 5609
2 9406
2 9494
2 3883
2 5152
3
2 673
2 4005
2 5483
4
2 1802
2 6987
2 6232
3
2 1171
3
2 7896
4
3
3
4
2 2586
2 2111
3
4
2 6275
2 8537
2 988
4
2 4579
2 6001
2 3110
4
4
2 6811
2 4546
2 5091
2 7407
2 9955
2 4608
4
3
2 6779
3
2 8026
2 5775
2 2975
2 4801
2 310
2 4798
4
3
4
3
2 1590
3
3
4
2 7476
2 9467
2 3092
4
2 1838
4
4
2 9573
2 4182
2 8274
2 8867
4
4
2 2855
2 6916
2 4717
4
2 1208
2 7401
2 643
4
2 2291
3
4
4
3
2 6602
3
3
2 290
2 1828
2 6146
2 7808
2 3305
2 5821
2 240
4
3
2 1399
2 659
4
2 4640
3
2 8371
2 1543
2 4906
4
2 7967
4
4
3
2 2587
3
2 4039
2 7136
2 4440
2 3841
4
4
2 6632
2 6544
2 8702
3
2 4857
2 7742
3
2 1974
2 5283
4
2 3818
2 6736
2 5469
3
2 2654
2 3054
2 2827
3
2 5935
4
4
2 1627
2 1276
3
4
3
4
3
4
2 8968
3
3
3
3
3
2 5689
3
3
3
4
3
4
2 7620
2 5067
2 7361
2 4716
3
4
2 9613
2 2392
4
3
3
2 4621
2 4779
4
2 4156
2 850
2 6082
2 7878
4
2 6569
2 4855
3
4
2 4600
2 6236
2 7674
2 2924
4
3
2 7943
4
2 7193
2 8773
2 4651
3
2 4830
4
4
2 4796
2 7267
2 2238
3
2 7881
3
2 557
4
2 7593
3
2 5884
2 7219
2 5260
3
2 1167
3
2 6113
2 2817
2 4383
4
2 5266
2 2488
2 8774
2 5748
2 2949
3
4
3
3
2 9648
3
3
2 7854
2 1592
3
3
3
4
2 9245
3
2 2511
2 9423
3
3
2 4805
2 7023
2 7527
2 4444
4
2 9236
2 5921
3
2 2969
3
2 2331
2 1552
4
3
3
4
2 8089
2 8305
2 4201
3
2 2883
4
2 9826
3
2 8385
3
4
2 7965
2 5473
3
4
4
2 9725
2 8372
2 1821
2 7439
2 681
2 2882
3
2 100
3
3
3
4
2 226
4
3
2 2910
4
3
2 1619
2 6971
3
4
2 4685
2 6228
3
4
2 6378
4
2 7508
3
2 4624
4
3
4
4
2 9440
3
3
4
2 8994
2 3095
2 3385
3
3
3
2 3209
4
2 4515
4
3
2 4642
2 7757
3
2 887
3
2 2186
2 4197
4
4
3
3
4
2 9845
3
2 1446
3
2 1482
2 9216
2 1026
4
4
2 3760
3
2 9557
4
2 5233
4
2 598
2 8205
2 1485
2 2930
4
2 8277
2 3403
2 1546
2 2805
3
3
2 1797
2 9819
2 2873
2 1895
3
4
3
4
3
3
3
2 2036
2 9964
2 7804
4
3
4
2 6947
3
2 7863
2 614
3
2 8086
2 6472
3
3
4
3
3
2 2263
3
2 2831
4
2 1175
4
4
3
3
4
2 2860
2 3077
2 6262
2 6386
2 339
2 1286
3
3
3
3
3
2 6805
2 1341
3
2 9640
2 7573
2 155
2 8053
4
2 9437
3
4
3
3
3
2 90
2 6473
2 3460
2 5249
2 315
4
3
4
4
2 6176
2 1934
2 4787
2 6270
2 1499
4
3
4
2 7369
4
4
2 1758
3
3
2 2926
3
2 8345
3
4
2 6359
3
3
4
3
3
2 3122
3
3
2 3752
2 1028
3
4
2 5993
2 1847
3
2 5932
3
4
4
3
4
3
2 8716
2 3626
3
4
3
3
3
2 1560
3
4
2 9155
2 8922
3
3
2 6457
2 6124
4
4
2 651
2 9706
2 4408
4
4
3
2 9643
3
3
3
2 5405
2 1563
4
2 6913
2 3478
4
3
2 4322
3
3
3
4
3
3
2 3361
2 4623
4
4
2 1097
2 4239
3
2 3978
2 7762
2 2113
3
4
2 468
3
3
4
2 2919
3
2 2445
2 4978
2 4571
2 8600
4
3
2 4028
4
3
4
4
3
3
2 5611
2 3366
3
4
4
4
4
4
3
4
4
3
4
4
2 9925
4
4
2 6705
3
4
2 801
2 2673
2 8881
2 4343
2 7748
2 7624
3
2 6103
4
2 3670
2 4228
4
2 1206
4
3
2 9542
2 2228
3
3
4
3
2 3101
2 5689
4
3
4
2 178
2 5565
2 8471
3
2 7337
2 2477
2 1220
2 4529
4
3
2 3887
4
2 8489
3
2 7594
2 7202
2 5069
2 1326
2 1087
4
2 2612
2 9332
4
4
3
2 7575
2 7649
2 287
2 7414
2 1957
4
4
2 9313
2 293
4
3
4
2 3954
4
2 1138
3
3
2 5910
2 4263
3
4
3
2 3377
2 9365
2 1255
2 6430
3
3
3
2 1055
2 4190
2 9906
2 180
4
2 7909
2 9622
3
3
2 7655
2 9640
3
2 1018
2 2105
3
3
2 8408
3
2 4709
2 2029
4
3
2 2497
2 8288
2 1026
2 5584
4
3
3
4
2 9169
4
2 4982
4
3
4
2 1839
2 6928
2 7951
3
2 5397
2 3997
4
3
2 1449
3
2 9577
3
2 8423
4
4
4
3
3
3
2 8354
3
2 1314
4
3
2 8648
2 5531
4
3
3
2 1544
3
2 7541
4
4
2 1342
3
2 9831
2 6302
4
4
2 9600
3
2 9089
3
4
4
4
2 4294
3
3
4
2 1463
2 8623
2 1635
2 2350
2 4789
2 4863
3
2 9028
2 941
2 7245
2 3192
4
2 8924
2 5393
2 7893
4
2 1054
2 8972
2 9441
2 2078
3
4
2 3294
3
2 1436
3
4
3
2 9345
2 1190
3
2 1799
2 1280
2 6563
2 3268
4
4
2 879
2 7920
2 2939
4
3
3
4
2 3865
4
2 4279
2 4555
4
4
2 9761
3
2 2552
2 1333
4
3
4
4
2 1780
2 8790
2 605
2 1754
4
2 9297
2 6808
3
4
4
2 2632
2 1751
4
3
2 1723
2 1923
2 513
3
3
2 124
3
2 5127
3
2 916
3
3
2 4442
3
2 25
3
2 1158
3
2 6763
2 8688
2 8649
2 3902
4
3
2 6240
3
3
2 4123
2 4625
3
3
2 8716
2 6804
2 7874
2 3415
4
4
4
2 7981
2 2086
4
2 5759
3
2 730
2 4583
3
2 555
3
4
2 9613
2 3422
2 5987
4
2 9587
3
3
4
4
4
4
2 4566
2 7998
4
3
3
2 8022
3
4
4
4
2 7519
3
4
4
3
2 2087
4
4
2 6883
2 3657
2 70
2 7450
2 4690
4
4
2 8414
2 5659
4
4
2 2051
2 3300
3
2 7799
3
2 4016
4
2 7022
2 3683
2 6287
3
3
2 4020
3
3
2 4793
2 6091
3
4
3
3
2 643
2 9504
2 3345
2 4879
2 8962
4
4
4
2 733
2 1503
3
2 5822
2 6318
2 9273
3
2 6307
3
2 3334
2 9960
2 44
3
2 9738
3
3
2 6753
3
4
2 1700
4
4
4
2 5084
2 6379
4
2 7371
2 978
3
2 2254
2 8849
2 474
3
3
3
3
3
2 4610
2 9492
2 2369
4
2 1495
2 9268
2 1873
4
2 78
2 3073
3
4
2 4193
3
4
4
2 7273
4
4
2 8118
3
4
2 5075
3
2 1917
2 8998
4
2 227
4
2 1072
3
4
2 1444
4
2 9121
2 3810
2 9861
4
2 4668
2 2749
2 3815
2 6374
2 6974
4
4
3
3
2 6212
3
3
2 1812
3
2 5451
3
2 8164
2 9981
3
4
4
4
3
2 4209
4
3
2 9331
4
2 7644
2 5465
3
2 2455
3
4
2 7515
4
4
2 9561
2 1075
4
2 383
3
2 2011
2 2717
4
3
3
3
3
3
2 9125
2 1248
2 1412
3
2 5718
2 6418
2 411
2 1537
3
3
4
2 9571
2 7199
3
2 8166
3
4
2 7148
4
4
2 8328
2 5658
2 3204
2 1482
4
2 335
4
2 7153
2 2253
2 6184
2 9296
2 2682
4
2 2484
2 238
4
2 6483
2 4204
4
2 6224
3
4
2 7987
4
3
3
2 2682
2 7936
4
3
4
3
3
2 758
4
3
3
3
3
3
4
2 5386
2 3780
2 7761
2 5242
3
4
2 2961
4
3
4
2 3288
2 5283
3
4
2 5304
2 7657
2 9460
2 5513
4
4
2 8526
3
2 2571
2 2695
3
4
4
3
3
2 1945
2 1483
2 3625
3
3
2 4854
2 7794
2 5688
3
4
4
2 1679
4
2 284
4
2 7131
4
3
3
2 4397
2 7156
2 4322
2 2490
3
2 6940
3
2 5574
2 7596
2 6502
4
4
2 2442
2 7261
2 6663
3
3
2 4238
2 3236
3
2 1604
2 8296
2 5442
3
3
2 2461
3
2 8233
3
2 2299
4
2 2400
4
4
2 4506
3
2 7736
4
4
2 2846
4
2 528
2 2801
3
2 2877
2 6474
3
2 6874
4
2 8286
2 2550
3
2 6037
3
3
2 3140
2 2636
3
2 1110
4
2 6574
2 9129
2 3181
2 2282
2 8932
4
2 4869
4
3
3
2 7688
2 90
4
2 8963
2 2309
3
3
2 2387
2 2702
4
4
2 853
4
2 1423
2 4192
2 3863
2 7956
3
2 2585
2 6159
3
2 5485
2 7503
4
2 7584
2 4312
2 5324
2 2001
2 9121
2 4373
4
4
4
3
2 2147
3
2 7371
4
2 1988
2 973
3
2 9725
3
3
4
4
2 5262
2 6051
2 8316
3
4
4
2 4004
2 8233
4
2 6718
2 4429
3
2 4761
2 677
2 3623
2 5287
2 3855
4
2 8640
2 9807
4
4
2 3910
3
3
4
2 1879
2 4213
3
3
2 4791
2 5729
3
2 5258
4
3
3
3
3
3
4
2 1
2 5634
3
4
2 35
2 773
2 2205
3
3
2 308
3
2 4509
2 7664
2 1946
2 5455
4
2 4425
4
4
4
3
2 689
2 1328
3
2 2070
2 324
4
3
4
3
4
4
2 422
4
2 4522
3
4
3
3
2 800
2 4886
4
2 3279
2 6629
2 1782
2 3095
2 6912
3
4
4
4
3
3
2 664
2 5500
4
3
2 8880
2 2396
4
4
2 2250
4
2 9591
2 7391
3
2 1214
2 857
3
2 7705
2 3267
2 3819
4
2 5346
2 6204
2 5862
4
3
4
3
2 1362
3
2 7960
4
2 4479
3
2 2715
2 6382
3
2 6461
2 2126
3
3
3
4
2 2919
2 1684
4
4
2 391
4
2 3795
3
3
2 1190
2 77
3
2 4967
2 6970
2 9501
3
4
2 2868
4
4
2 9422
2 8053
2 3095
4
4
3
2 312
2 8264
2 4323
2 1475
2 4034
2 7528
3
4
3
3
2 9415
4
3
2 3062
3
3
2 7685
3
2 1604
2 4977
2 5427
2 1669
2 1831
2 6024
2 7813
2 84
3
2 6761
4
3
3
4
4
2 551
2 4673
3
4
2 189
3
2 7964
2 3589
3
2 8211
2 504
3
4
4
2 668
2 8870
2 1166
3
3
2 7724
4
2 2253
2 8247
2 6316
3
2 6819
2 7356
4
3
4
2 4334
2 3139
4
2 5150
3
4
4
3
2 4763
3
2 4420
3
2 7783
2 8958
4
2 7021
3
2 365
2 3622
4
4
2 8804
2 2060
2 5184
3
2 885
