7552
1 4299
1 1244
1 7673
3
1 268
1 7537
4
4
3
1 209
1 9850
1 7750
1 7787
1 9572
4
4
3
1 4109
1 8568
3
4
1 9997
4
4
1 8402
4
1 3771
1 6731
4
3
4
3
1 5987
1 228
1 5630
1 9173
1 9697
4
4
3
4
1 9048
1 1324
1 7785
3
3
1 9384
3
4
3
3
1 177
4
1 281
1 9735
4
4
3
3
1 4391
3
4
3
4
4
1 3998
4
1 8381
1 7932
3
3
3
4
3
3
3
4
1 9182
4
1 2956
1 5294
4
1 3703
1 3045
1 1922
4
1 9050
3
1 143
4
1 4236
1 5619
4
3
3
4
1 9901
1 1386
1 3433
3
4
1 4797
1 4919
1 4265
1 5651
1 1373
4
1 9896
4
3
3
1 7273
1 6336
1 8311
3
1 7373
1 5176
1 4124
1 5829
4
1 3678
1 9588
4
4
4
3
4
1 9134
3
1 4512
1 6402
3
3
4
3
3
1 4956
1 4936
3
1 8974
1 9566
1 5018
1 2833
1 108
4
1 1024
1 5291
1 6394
1 8411
1 2140
1 3407
4
3
3
1 7879
1 132
1 8082
1 1996
4
1 7625
3
1 3703
1 6067
1 4448
1 8880
3
1 7143
4
1 3476
3
1 3787
1 353
4
1 7059
3
1 9563
4
1 4030
1 66
1 9562
1 5980
1 11
1 4013
4
1 6650
1 2513
1 4606
3
3
1 9844
3
4
1 7656
1 9376
3
1 7428
3
4
1 356
4
4
4
1 8614
1 4510
1 4477
3
1 3057
4
1 5660
4
1 5333
1 2420
1 137
1 3174
1 2333
1 7763
3
4
1 9965
1 5641
1 3657
4
3
4
1 1678
3
3
1 141
4
4
1 3478
1 5962
1 8386
4
4
3
3
3
1 6922
4
3
4
4
1 5721
3
1 1651
3
4
4
4
3
1 1429
1 1149
1 6521
4
1 7490
3
3
1 3930
3
1 2045
3
4
3
1 6211
3
1 6088
1 1090
1 7788
3
1 5007
3
3
1 7797
1 2482
1 1368
4
4
1 8292
1 3963
3
1 7768
1 753
4
3
3
3
3
1 8840
1 4013
3
4
4
3
1 2882
1 7714
3
1 8903
3
4
4
3
1 9562
1 847
1 2598
4
4
1 5515
3
1 714
4
1 5822
4
3
3
4
1 8955
3
1 6511
3
1 8410
1 3332
3
4
3
1 7509
1 788
1 56
1 6034
1 994
1 8351
1 6456
1 5029
1 6568
1 9512
3
3
1 9219
3
4
1 4714
1 240
1 3118
4
1 6200
1 1296
4
4
1 8219
4
1 5960
1 4991
3
3
3
1 7660
4
4
3
1 6098
4
1 3786
1 3394
1 8163
3
4
4
4
3
1 2831
1 5143
1 4802
1 9901
1 6240
3
4
1 8978
4
3
4
1 3795
3
1 6617
1 8114
1 977
1 2529
4
4
1 3887
1 2846
1 3009
3
4
1 1559
1 530
1 7798
1 5605
3
4
4
1 9196
4
4
4
4
4
4
4
3
1 6262
1 6591
1 428
1 2437
1 9339
1 5526
4
1 8508
1 7569
1 7005
3
3
1 9894
3
1 1822
4
1 9394
1 1810
1 9119
4
1 4112
1 1041
4
4
4
4
4
1 9705
1 7613
1 9888
3
1 3462
1 3675
1 7411
1 1411
4
3
1 1957
1 9152
1 3602
1 7595
3
1 5588
1 1594
3
1 2411
1 7891
1 679
4
4
3
1 9124
4
1 1069
1 2381
1 9902
3
4
1 9873
1 2291
1 4839
1 3886
1 2165
1 9584
3
4
1 7518
3
1 5588
1 1242
1 2361
1 3339
1 3668
1 3970
1 4634
1 4803
1 7766
3
1 1226
1 5887
3
4
4
3
3
3
3
1 3606
1 6846
3
1 6773
1 170
3
1 9227
1 7970
3
4
3
1 1429
3
1 3492
4
1 2558
4
1 9413
1 6086
3
3
3
1 5030
1 8435
4
4
1 7539
1 2770
3
4
1 4225
1 6262
4
1 1437
4
3
1 469
1 7878
1 8865
1 8425
3
3
1 7638
3
1 5942
1 769
1 161
1 4952
1 6497
1 5208
3
1 1726
1 9382
3
1 9522
1 6861
3
4
1 2625
3
4
3
1 826
1 5653
3
1 3398
1 1544
1 8042
1 3508
3
3
4
1 301
1 4093
1 7584
1 6962
1 7203
4
1 1386
1 9576
1 6424
3
3
1 5943
3
1 7625
1 7653
4
1 3081
3
3
1 871
1 1665
1 2169
1 1631
1 4034
1 5790
4
1 6528
3
1 8934
1 1306
1 8694
4
1 9707
1 1698
1 4631
4
3
1 3063
4
1 4972
4
1 7337
1 7669
4
3
1 1030
4
4
3
1 4038
1 6033
1 1347
4
3
1 4345
1 1221
3
1 471
1 3456
1 5699
1 3434
1 8400
4
1 1966
1 1920
4
1 4305
3
1 9947
3
1 9907
3
1 4283
1 6488
4
3
4
4
1 1533
1 7193
3
1 5078
1 4697
1 3042
1 2357
1 6408
4
1 4233
4
1 478
3
1 3318
4
3
1 2212
1 9285
1 7503
1 4278
4
1 1699
1 422
1 5001
3
4
1 4880
4
4
1 3508
1 2772
1 3990
4
1 9668
3
4
3
3
1 1852
3
1 1129
1 9736
3
1 5714
1 8855
4
4
1 983
3
1 1276
3
4
4
1 2946
4
3
1 1291
1 5788
1 570
1 5715
1 7053
1 9211
1 3227
1 2851
3
1 1714
1 1241
4
1 5758
1 3742
4
3
1 3018
4
4
1 1630
4
1 189
3
1 8563
3
1 7278
4
4
3
4
1 466
3
1 918
1 5128
1 9193
1 6222
4
1 7939
1 1135
1 4452
3
1 728
4
1 8783
1 9340
1 768
3
1 2240
3
4
1 5166
1 4372
4
1 9681
3
1 5907
4
1 6063
4
1 706
4
3
4
4
1 9318
1 5858
1 3298
4
1 4051
1 9302
3
1 9938
3
1 1010
3
1 2182
3
4
3
4
1 2711
1 7325
1 6886
1 9882
1 8918
1 7559
1 7467
1 9605
1 4780
1 4839
3
4
1 7196
3
3
4
4
4
4
1 4751
1 531
4
1 3901
1 8271
1 8544
1 5946
1 8559
1 7285
4
4
1 2520
3
3
4
4
4
1 8711
1 9784
4
1 5563
1 1563
4
4
1 4455
4
3
4
3
3
1 7680
1 4572
1 7423
3
1 6986
1 9010
1 936
1 5192
3
1 3519
3
1 9187
1 6746
4
1 4112
1 1437
4
1 7683
3
3
3
1 921
4
4
1 7454
1 1096
3
1 4487
4
3
4
1 7779
3
4
3
3
4
1 5160
3
4
4
1 1107
1 4549
1 3665
3
4
3
1 6109
1 5017
1 7106
3
1 6168
3
1 6219
1 3695
1 6889
1 3372
1 8415
3
3
1 5760
1 5803
4
1 5838
3
1 5927
1 7284
3
1 2045
1 4053
3
1 2446
3
4
4
1 5977
3
1 4476
3
1 8583
1 6878
1 9207
4
1 4823
3
4
1 7792
1 2178
4
1 8152
1 6331
3
4
4
1 3743
1 8396
1 3402
3
4
4
3
4
3
3
1 8779
1 5568
4
3
3
3
1 5843
1 4685
4
1 321
1 8530
3
1 2548
4
1 8847
3
4
1 5053
4
4
1 7843
1 1487
1 3304
1 8166
1 2495
4
3
1 4576
3
4
1 60
3
1 6847
1 8896
1 9949
4
1 7644
1 204
1 2764
4
4
4
1 5656
1 5038
1 2006
4
3
1 8881
1 367
1 2262
1 1818
4
1 4788
1 1014
1 5677
1 7218
1 7410
4
1 3057
1 5729
4
4
4
1 4079
1 466
1 6116
1 8307
4
1 1341
4
1 1489
3
3
1 5781
4
4
4
4
3
1 4374
1 1256
1 3300
1 2967
4
3
4
3
1 3649
4
4
3
1 3722
1 9288
4
4
1 5314
4
1 7396
3
3
3
3
3
4
1 6727
1 3420
1 3021
1 9262
4
1 3941
1 3122
3
1 481
3
4
3
3
3
1 1694
1 3723
4
3
1 9304
4
3
4
1 6275
1 531
1 6183
4
1 1523
4
1 8337
3
4
3
3
1 9293
3
1 4554
4
1 6038
1 5501
3
4
1 873
1 4027
3
1 9502
1 1720
1 9670
1 7783
3
1 824
3
1 3581
1 5096
3
1 7545
3
3
4
1 1560
3
4
1 3701
4
1 2655
1 5523
3
4
3
4
1 8805
1 8908
1 4530
1 5821
4
1 6793
1 959
1 1191
1 9842
3
1 1322
3
3
3
3
1 1465
4
4
3
4
1 4820
1 4371
4
1 9959
3
4
1 5
1 6387
4
3
1 3651
4
4
1 3718
1 291
1 3636
1 2987
3
4
3
1 8557
3
4
3
4
1 792
1 6903
4
3
1 1412
1 6171
1 4598
1 1917
1 2052
1 5620
3
1 9080
1 7734
1 8808
3
3
1 8229
1 6669
1 8163
1 8045
3
3
1 4340
1 7165
1 3104
1 936
3
4
1 8629
4
4
3
3
4
1 1893
1 8141
4
1 6378
1 754
4
1 3581
1 1526
1 1932
3
1 1114
3
1 9430
1 5854
1 7613
1 8422
3
1 2810
4
1 1
4
3
3
4
1 4190
4
3
4
1 54
1 2550
1 9053
1 8216
3
3
4
1 6079
1 2030
1 2281
1 4501
1 7918
1 5508
1 5530
1 7058
4
3
3
4
3
4
3
4
4
1 4552
1 4906
3
1 3926
1 3429
1 9025
1 6591
1 1632
4
1 5094
3
1 9533
1 2471
1 7224
3
3
3
4
1 7964
4
4
3
1 5130
4
3
1 1497
1 9491
4
3
4
3
1 5835
1 7776
3
3
1 6687
3
3
3
3
1 8738
4
3
1 4030
4
1 1330
1 3886
3
3
4
3
1 2772
4
1 4043
3
4
1 7709
4
3
1 6478
1 5693
3
1 9607
1 9596
1 206
3
1 5965
4
3
4
1 2081
1 2953
4
4
1 64
4
1 8612
1 7804
3
4
1 1273
3
4
4
4
4
1 811
1 443
4
4
3
4
1 1761
4
1 947
4
4
1 8139
4
1 455
1 3913
3
4
4
3
3
3
1 6774
1 7235
1 7489
1 6411
1 74
1 5442
4
4
1 5328
4
3
1 7060
1 7556
4
1 3348
1 2625
1 945
4
1 1439
3
4
4
4
3
1 3181
1 579
1 3221
3
1 3900
1 7822
3
4
3
4
1 9862
1 7937
4
1 2703
4
1 2696
3
4
1 5922
3
1 1174
4
3
1 3843
3
3
3
4
1 4368
4
4
4
1 5581
4
3
1 4166
3
3
3
1 488
3
3
1 7820
1 3247
1 8942
4
1 8906
1 566
1 3285
4
3
1 2999
4
4
1 6645
4
1 9096
1 3548
1 2074
3
1 6028
1 8050
1 2775
1 7375
1 8171
1 7855
1 8541
3
4
4
3
3
1 9798
3
1 1720
1 7656
4
1 660
4
1 5168
1 4999
3
1 8929
4
1 2211
1 2464
4
1 4537
4
1 1715
1 6120
4
4
1 5175
1 5054
3
3
1 48
1 4036
1 6601
1 976
4
1 8651
1 8907
4
1 3379
4
4
3
4
3
1 4353
4
1 7933
4
3
1 4910
1 7228
1 2082
1 6764
4
3
1 1269
3
3
1 1789
1 8611
3
1 3194
1 5753
1 8082
4
1 8251
1 4601
1 1000
4
1 2226
3
3
1 6780
1 87
1 4460
3
1 5271
3
3
4
4
1 4449
3
1 8082
4
1 9864
1 3646
4
1 107
4
4
1 4261
3
1 4833
3
3
1 4270
3
4
1 9116
4
4
1 4184
4
1 2487
3
1 2488
4
1 3384
1 3525
1 5680
4
4
4
3
1 6883
3
3
1 4844
4
1 3117
1 6695
4
3
4
1 5808
4
1 488
3
4
1 9120
3
1 6690
1 5701
1 2102
1 9274
1 2749
1 1260
4
3
3
3
3
1 5191
1 6890
1 6152
1 1901
3
4
4
1 7246
1 2980
3
1 2488
4
3
1 9756
1 8421
3
3
3
3
3
3
1 6480
3
4
1 2793
1 8034
1 6715
1 2054
3
1 7423
1 6805
1 1655
4
1 141
4
1 6950
3
1 6598
4
1 8352
3
4
3
1 4743
1 3677
4
3
3
4
4
1 934
4
3
1 9708
3
1 4758
1 3831
1 3303
1 4548
4
1 2935
3
4
4
3
4
1 950
1 2496
4
3
1 1312
1 8895
1 1872
4
1 7775
1 3060
1 3386
1 60
3
1 9149
3
1 4971
1 3590
4
4
4
1 6958
1 6754
1 8885
4
4
1 6332
4
3
1 1796
1 9901
4
3
4
1 8118
1 9186
1 9166
1 5766
1 9834
4
1 5956
3
3
4
1 4589
1 4659
1 5922
3
1 3910
3
4
1 5498
4
1 67
1 57
1 9692
1 5546
4
4
4
4
3
1 1568
1 7808
3
1 8125
3
1 8795
1 9396
1 4447
3
1 4564
1 5023
4
4
1 6526
1 8483
3
4
4
3
1 8969
1 2579
4
1 1086
1 5914
1 9035
1 2008
4
4
1 3199
4
4
4
1 9601
1 5968
3
1 1836
1 7532
1 5483
4
1 706
1 7928
1 8935
1 1774
1 4301
1 1553
3
3
3
3
4
3
4
1 1251
4
1 6163
1 6985
1 3088
1 5784
3
1 8511
3
1 73
1 1156
4
3
4
3
3
1 6268
4
1 958
1 2940
3
1 1960
3
1 2814
1 3986
4
4
3
4
3
3
3
3
1 5648
1 6030
1 7655
1 5919
4
1 7596
3
1 7064
4
3
4
4
1 9509
4
1 4069
1 5648
4
1 4297
3
1 1705
4
1 2986
3
4
3
1 7719
1 6557
4
3
3
1 3550
1 4453
1 1336
3
3
3
1 1216
1 5176
1 7434
1 5035
3
3
3
1 9264
3
1 4189
4
3
4
3
1 6650
1 6631
3
4
3
4
4
4
4
1 8347
1 7986
1 8394
1 8902
1 5505
1 2070
3
1 8034
4
3
1 19
4
1 6366
1 797
1 8922
3
4
1 4897
1 1483
4
1 1473
1 4362
1 5137
3
1 2695
1 9180
3
3
1 992
4
1 5322
1 8634
1 1939
1 2309
1 8386
1 5806
1 5902
4
3
3
1 6013
3
1 5739
1 8633
3
3
1 3161
4
1 166
1 1799
4
1 5850
1 8020
1 770
1 5581
1 2267
4
4
1 7026
1 2802
1 3893
4
3
1 1815
1 6684
3
1 9319
1 821
1 2924
1 2347
1 6766
4
3
3
4
4
1 7133
1 2109
1 3000
1 5193
3
4
3
1 1203
3
3
4
1 6478
3
1 8578
4
3
3
3
3
1 5949
3
1 4841
1 1409
1 3844
1 1876
3
1 4391
4
4
1 3819
3
1 1479
3
4
4
3
4
1 8690
4
1 5279
3
3
1 3047
1 7536
4
1 9891
1 1780
4
4
3
3
4
1 109
3
1 2930
1 1748
1 1131
1 2168
4
1 1100
1 4410
4
1 9629
1 2746
1 1948
1 7220
1 9404
1 3063
4
4
1 3264
4
4
1 3586
3
1 2235
1 2471
1 6186
1 7043
4
1 6482
3
1 2971
3
3
1 9173
4
1 4540
3
1 427
4
3
1 3399
1 6253
4
1 2704
1 7091
4
4
4
3
1 2928
1 8460
1 5045
1 9939
4
1 3537
3
3
1 1380
4
1 5062
4
1 7870
1 5945
1 8753
4
3
1 9842
1 7530
1 63
1 1604
1 2548
3
1 8738
1 6534
1 7917
1 5207
4
1 5527
1 820
3
1 1404
3
1 860
1 720
4
4
1 3161
3
3
1 9919
4
1 6594
1 7622
1 7337
4
4
1 2675
3
1 247
4
3
4
1 7551
4
4
1 5180
1 5836
1 3972
1 8551
4
4
4
1 8522
3
4
3
4
1 4311
1 4578
3
3
4
3
4
1 4859
1 5918
3
1 2634
1 4125
4
3
1 5819
1 2101
1 1142
4
4
4
1 4496
3
3
4
4
1 3197
4
1 600
4
3
4
4
1 7146
3
1 955
4
1 4861
4
1 4618
3
4
1 147
3
4
1 9279
3
3
1 383
1 7155
1 901
1 8133
3
4
1 3539
1 29
1 2643
4
1 6022
1 8582
1 6780
4
4
4
4
1 9733
1 2430
4
1 7963
1 1896
4
1 4471
1 7224
1 1217
4
4
3
3
4
4
3
1 953
3
3
1 3614
1 8950
1 886
1 7616
4
3
1 2133
4
1 6300
3
1 1776
4
3
1 2207
1 4057
1 9167
1 6059
3
1 714
3
4
1 3466
4
3
3
4
3
1 6879
3
1 961
4
1 1776
4
1 7674
4
1 3069
1 8955
3
1 4563
1 6579
1 4258
4
4
3
1 1211
4
3
3
4
1 8200
1 9343
3
4
3
1 4882
1 4269
1 8797
4
1 9435
3
1 9555
1 3025
4
3
3
1 2402
1 6787
4
1 1548
3
1 8228
1 173
1 7370
1 9057
1 35
3
1 7520
4
1 5316
1 7542
3
4
1 8904
3
1 4029
1 4441
1 2173
1 6993
3
4
4
1 9593
4
1 1947
1 6426
1 2492
4
1 9590
3
1 2341
4
3
1 2685
1 5966
3
4
4
4
4
1 196
1 9249
4
1 9000
1 4692
4
1 5769
1 4514
4
4
3
1 3536
3
4
3
1 2972
3
4
3
3
3
1 4867
1 803
1 9245
3
3
3
1 6803
4
1 4408
1 2289
1 7070
3
1 3120
4
1 8952
1 1969
1 4509
1 2981
3
4
4
4
3
4
1 9244
4
1 8319
1 214
4
1 779
4
4
4
1 8445
3
4
1 8350
4
3
4
3
3
1 3461
4
3
3
1 2987
3
4
1 8177
1 5974
3
3
1 3759
1 4330
4
4
4
3
3
4
1 2540
1 8116
3
4
4
4
1 86
3
1 3311
4
1 8340
3
1 4633
4
4
3
3
1 3694
3
3
1 4307
1 1700
1 7790
1 1021
1 6763
4
1 6288
1 8229
1 8787
1 2740
1 1487
4
1 3510
1 8257
3
3
1 2977
4
1 9666
1 4960
1 4516
1 1902
4
1 8359
1 9542
4
4
1 4531
1 580
1 6384
3
1 5841
3
4
4
1 7479
1 1712
3
1 8413
1 8413
4
1 6023
4
1 7361
3
1 8660
4
1 6741
3
1 9605
3
1 5740
1 7740
1 4978
4
4
1 9473
4
1 8639
3
4
3
1 7689
4
1 5
1 96
4
4
1 1137
1 780
1 9885
1 3652
1 513
1 6762
3
3
1 8741
1 2546
3
3
1 9398
1 2132
4
1 4030
4
3
4
1 8577
4
1 3940
1 5485
3
4
3
3
1 2324
4
1 9003
1 5862
3
3
1 6989
1 1464
1 9787
1 2134
3
1 2299
1 4731
4
4
3
4
1 9811
4
1 5075
1 9120
3
1 3994
3
3
4
3
1 1451
1 3828
4
3
4
4
1 9973
4
1 4473
1 4209
1 1467
3
1 2511
1 3614
1 4414
4
3
3
1 2078
1 2344
1 1587
4
4
3
1 5388
4
3
4
4
1 9592
3
1 9806
4
4
1 6867
1 6784
3
1 6426
4
1 2126
3
4
3
1 1718
1 89
3
1 4984
4
1 3736
1 2276
1 7268
3
1 6737
1 1761
1 2084
1 8343
3
3
3
1 6506
1 4732
1 6012
1 408
1 3260
1 2862
1 543
1 7780
3
1 9088
3
1 133
4
1 6475
1 3182
1 3898
1 823
1 6143
1 9655
1 1742
1 620
1 309
1 6884
4
1 7781
1 2295
1 7081
3
4
3
4
1 4853
4
3
1 6429
1 4253
4
3
4
1 4387
4
1 8470
1 9036
1 2051
1 6089
1 8329
4
3
1 5199
1 8741
4
1 6139
1 7774
1 1002
4
3
1 9808
1 7092
3
4
1 5298
1 2584
4
4
3
1 3064
3
3
1 593
3
3
1 5991
3
4
1 2580
4
4
3
4
1 241
4
3
1 8341
1 5132
1 1078
1 5799
4
4
4
4
1 7546
1 6495
1 5583
3
4
3
1 2867
1 4189
1 2368
3
1 1148
3
3
3
4
1 2223
1 6543
3
1 8887
1 5365
3
3
1 4889
3
1 375
3
4
4
1 3416
1 1501
1 9799
3
1 5823
4
1 9121
3
4
4
1 2209
1 9988
4
1 2182
3
3
1 9947
1 1638
3
4
1 4688
4
1 2090
4
1 6141
4
3
1 2238
1 7550
1 4113
1 6900
1 6321
4
3
1 9077
1 5823
4
1 6801
1 1234
3
1 5787
3
1 1815
3
3
1 8702
1 9075
3
3
1 3770
1 5752
3
1 1203
4
1 6696
1 5462
3
4
3
1 375
1 2368
3
1 8954
3
1 1547
1 2447
1 6793
1 1291
3
1 1509
1 7705
3
3
3
1 6972
3
1 4797
4
1 8209
4
3
1 3275
4
1 9028
1 6994
4
4
4
1 7960
1 9459
4
3
1 3480
1 5258
1 4503
4
1 1250
3
3
1 1741
1 5285
1 2891
1 2287
4
4
1 9941
1 1944
4
1 4869
1 5137
1 4972
4
1 835
3
4
3
1 5761
3
1 388
3
1 337
1 6015
1 9160
4
1 4142
1 708
1 9602
3
4
3
1 2426
1 5455
4
1 6195
1 7931
4
3
4
1 5357
3
3
1 877
3
1 2760
4
3
3
3
1 7162
4
1 8968
4
1 327
1 9657
3
4
4
1 5728
1 5890
1 7266
4
4
1 2871
4
1 1190
1 1541
4
1 5351
1 9858
1 4569
4
3
4
3
3
3
1 1577
1 6346
1 5181
3
3
1 2826
1 2495
3
3
1 8012
1 4767
1 3131
1 7637
3
1 2708
3
1 9296
1 2380
3
1 3532
4
4
3
1 1872
4
1 9683
4
1 1487
1 3974
4
4
1 9434
1 4242
3
3
4
3
4
1 9661
1 6320
1 4807
3
3
3
4
3
1 8139
4
4
3
1 842
3
1 7089
1 7254
4
1 6006
4
3
1 4614
3
3
3
3
1 7688
1 9664
4
1 6772
1 4403
4
4
3
3
1 9958
4
4
1 8755
3
1 3242
3
1 9523
3
4
1 9424
1 5658
4
1 8860
1 9127
1 6344
4
4
3
3
3
1 1255
1 6106
1 8598
3
3
4
1 1592
3
4
1 3882
1 7030
1 4451
4
1 153
3
1 1029
3
1 334
1 4500
4
3
3
4
3
1 3618
1 6840
4
1 3838
1 7283
4
4
4
3
4
1 1262
3
3
1 5416
1 7465
4
1 8346
4
4
1 9709
3
1 7356
3
1 8322
3
3
1 9395
4
1 3399
1 2010
3
3
4
4
4
4
3
1 3454
1 8316
1 2108
1 8553
4
4
1 4330
3
3
1 1260
3
1 539
1 686
3
1 4621
1 7432
3
4
1 6426
4
3
3
3
1 6159
1 4710
1 6485
1 9478
1 6918
3
4
3
4
3
1 8365
1 1574
3
1 7674
1 5408
1 9718
1 8395
1 8088
4
1 9901
3
1 4703
1 1582
4
1 959
1 2360
1 9813
1 6106
1 4636
3
4
1 2738
1 1498
4
1 6311
3
3
1 4891
1 3594
4
4
3
1 1908
4
4
1 7476
1 8347
4
4
1 3994
4
1 1915
3
1 755
1 2146
1 2591
4
4
3
3
1 5606
1 7594
4
1 9763
4
4
1 5979
4
4
1 1814
3
4
3
1 2757
1 5062
3
1 5643
3
3
1 4427
1 4487
1 9793
4
4
1 3404
1 5028
3
1 8
4
3
4
4
1 4891
3
3
1 5415
3
1 8229
1 5797
1 1153
1 7901
3
4
3
1 3105
1 1111
4
4
3
1 4674
4
1 4626
4
4
4
1 6830
1 9354
1 3730
3
4
1 3192
3
4
1 6883
3
1 9089
1 4631
4
4
4
1 6131
4
3
3
1 4555
3
1 6798
3
4
3
1 1271
3
3
1 4043
1 9171
4
4
1 5294
1 9361
3
1 7651
1 8512
4
4
4
1 9859
1 6917
1 5247
1 8121
1 4202
1 1001
1 8108
1 398
4
1 9289
1 5401
3
1 3868
4
3
4
3
4
1 2333
1 8850
4
3
3
3
1 6758
4
1 480
1 6170
1 5627
4
1 6143
1 7294
1 1976
3
3
1 7917
1 5304
1 596
4
1 1768
1 869
1 9128
3
3
1 6150
3
1 5572
4
3
3
1 576
1 7109
3
1 540
4
3
4
4
3
4
1 60
1 3563
4
3
4
4
1 1294
4
3
1 7888
1 665
3
1 5720
3
3
1 4837
4
4
1 9099
3
1 8527
1 8078
3
1 5005
1 5186
1 1088
4
4
1 6315
1 7584
3
3
1 3218
1 8500
3
1 476
4
3
1 5899
3
4
3
1 2636
4
1 4852
4
4
4
1 2710
3
4
3
1 9272
3
1 612
4
1 6216
1 4907
1 9104
1 3574
3
1 6541
1 1658
1 3159
1 6503
1 8566
1 2508
1 9085
1 6955
1 4042
3
3
1 261
3
3
1 5337
1 5630
1 2226
1 2463
3
4
1 6240
3
1 5053
1 7713
1 1177
4
1 4683
1 1586
1 5445
4
4
1 8161
1 5879
1 5757
1 2746
1 2230
4
4
4
3
1 2246
1 1032
4
1 4838
1 9782
3
4
3
4
4
1 8900
4
1 8848
1 2095
4
1 2973
1 3220
4
3
3
1 4004
1 8125
3
3
4
1 8611
1 594
1 1955
1 2954
3
1 6800
4
3
4
4
1 5217
1 552
3
1 5719
4
4
4
4
3
3
3
1 6588
1 6220
3
1 1082
1 8581
3
1 609
1 311
1 6799
3
1 4614
1 3560
1 4547
1 5550
1 8113
1 829
1 2510
1 4262
1 612
4
3
1 4109
3
1 5514
4
4
3
4
1 1165
1 8211
3
3
3
1 7240
1 6387
1 4386
4
1 3176
1 9802
1 9657
1 5244
1 5541
1 4722
1 9670
1 8830
4
3
3
4
4
3
3
1 5803
4
1 1348
4
1 345
1 9317
1 2408
3
4
1 4552
4
4
4
1 1052
3
1 81
1 4159
1 7018
1 8822
1 3745
3
1 3558
4
1 8174
1 7419
4
1 4025
4
3
1 1824
4
1 6644
4
1 7904
1 2713
4
3
4
4
3
1 271
4
1 7801
1 6973
4
4
1 5824
1 2602
4
4
3
1 4635
4
3
4
3
3
3
4
3
4
4
1 6999
3
3
3
1 7180
4
3
3
4
4
1 4352
1 7789
1 7509
1 2110
1 6560
1 7479
1 6639
4
4
4
4
3
1 3255
1 6253
1 9697
1 7296
1 8624
4
3
4
1 464
1 3177
1 675
4
1 2377
1 8121
1 4911
3
1 2237
3
1 7177
1 6377
3
1 6250
3
1 5354
1 9549
3
1 4739
3
1 20
3
4
4
3
4
1 4399
1 8889
1 1902
1 1426
4
3
1 5579
1 5897
1 2654
1 1797
4
4
4
3
1 5001
1 7267
4
3
1 109
1 5352
4
1 515
3
4
4
1 8925
3
1 5960
4
1 5090
1 2773
1 577
1 7434
1 2413
1 5674
1 7613
3
1 695
1 6820
3
3
3
3
3
3
1 7300
4
4
1 4010
4
4
1 2939
4
3
1 7073
1 8568
3
3
3
1 5601
1 9946
1 6012
3
1 3381
1 4025
4
4
1 5290
3
1 2225
4
3
1 5343
1 3136
1 3303
4
1 4383
2 984
2 2896
3
2 3778
2 1219
2 3484
2 2434
4
3
4
4
3
3
3
2 2304
2 3920
3
2 3753
4
3
2 2713
2 9712
3
2 1038
4
2 27
2 6044
4
2 234
4
2 9749
3
3
4
3
4
3
3
2 136
3
2 5777
4
4
2 2270
3
2 7563
4
3
2 570
4
3
4
3
2 9535
2 6035
2 9043
4
4
2 9768
3
2 5153
4
2 7048
2 8141
4
3
3
2 1572
3
4
4
3
3
4
3
2 7152
2 8218
2 53
3
3
3
3
4
3
2 9116
2 5204
2 6105
3
4
4
3
2 2114
2 9482
3
2 1296
2 3162
2 9033
2 1825
4
4
2 8572
3
4
2 1899
2 88
4
2 4837
3
3
2 9954
4
2 5869
3
2 2981
3
2 4304
2 9430
3
2 4259
2 5654
3
3
4
2 4505
2 7607
3
2 5247
2 6422
4
2 3310
2 5492
3
3
2 2842
4
2 7776
2 2846
2 3155
2 5184
2 5087
4
3
2 457
4
2 2855
3
4
3
3
4
4
2 4262
2 4897
4
4
2 3668
3
4
2 9547
3
3
2 7079
2 1832
3
2 6426
2 6230
4
2 6813
2 2759
3
3
4
4
2 8306
2 1966
2 1561
3
2 6372
2 5309
2 843
3
2 4627
2 3517
2 7444
2 716
4
3
4
4
4
2 4573
4
2 996
3
2 252
4
2 102
2 13
3
2 3
3
3
2 6994
4
2 171
3
2 1436
3
2 1937
4
4
3
2 6536
3
2 1093
2 761
4
2 4573
4
2 1022
2 6319
2 7144
2 9162
4
2 7752
4
3
2 1517
2 5579
3
4
3
4
2 1364
2 1980
4
2 4579
2 2809
3
2 176
2 9278
2 1624
2 7180
4
4
2 1517
4
2 4793
3
2 4988
2 846
2 7238
2 6565
4
3
3
3
4
2 7491
3
4
4
2 3526
2 2298
2 23
4
3
2 9888
4
2 586
2 235
3
2 9522
4
2 1511
2 564
4
3
2 78
2 65
2 797
4
2 4823
2 3672
3
3
2 1801
3
2 316
4
2 58
2 2
2 436
2 3359
4
2 4306
3
4
4
3
2 4766
3
2 493
4
3
2 267
3
2 7829
3
4
4
4
2 120
2 185
3
2 4139
3
4
4
3
3
2 9323
2 6165
4
3
2 4565
2 3590
2 3406
2 6022
4
3
2 3577
4
2 5698
4
3
3
2 592
2 1
3
3
4
2 1
4
4
4
2 10
4
2 3352
2 5783
2 708
3
4
3
3
4
3
2 1788
4
2 5368
3
2 2548
2 6927
2 4562
4
3
3
3
4
2 7359
2 8147
2 7970
4
2 52
2 8611
2 8818
2 7758
2 7067
2 8243
3
2 9950
2 2533
3
2 5119
3
4
3
4
2 3425
2 5098
3
4
4
4
4
2 2638
4
2 2073
2 1714
2 1591
2 6338
2 1338
4
2 374
2 8367
4
2 3865
4
3
2 5675
4
2 3745
2 4087
4
3
4
2 3120
3
3
2 2506
2 3265
2 9899
3
3
2 87
2 1089
3
4
2 4110
2 7732
4
3
3
2 8
4
2 6669
3
2 4570
2 930
2 3740
2 7485
2 8308
3
3
4
2 1300
2 5104
4
2 5006
4
2 5290
3
2 5394
4
4
3
2 7758
3
4
3
3
2 430
3
3
4
4
3
3
4
3
2 4492
2 4183
2 1476
2 8741
2 6427
2 7019
2 6990
2 4169
3
2 3620
2 5563
2 7257
2 1430
2 6997
2 2721
2 5178
2 3980
2 3977
2 6160
2 1947
2 960
2 2850
2 5287
2 3791
2 6968
4
4
4
3
2 1047
2 273
2 9232
2 5003
4
4
3
2 6096
4
2 8681
4
3
3
2 1895
3
2 1677
2 5980
4
2 382
4
2 1393
2 1337
3
3
3
3
2 1434
4
2 2704
4
4
4
3
4
2 9020
2 6930
3
2 1534
4
4
2 6643
3
2 5255
2 1336
4
3
4
4
3
4
2 9749
3
2 4232
2 81
4
2 7
3
2 1844
4
2 2837
2 3342
4
2 1871
3
2 1113
3
4
4
3
2 7594
3
3
4
4
2 4958
2 159
3
2 4032
4
2 145
3
2 2131
3
2 216
2 2881
2 1783
3
3
2 86
3
2 1876
3
3
2 6406
2 4959
2 4766
3
3
2 4573
3
3
4
4
2 2487
4
2 762
2 1428
2 445
3
4
2 1347
2 1777
4
3
2 189
3
3
3
2 6704
2 3434
4
3
4
2 7232
3
4
2 5830
2 1431
2 4617
4
4
3
4
3
2 264
4
2 4706
4
2 28
3
3
3
4
2 2875
2 4640
4
3
3
2 9936
4
2 172
3
2 566
2 538
3
3
3
2 4110
2 8972
4
2 9831
2 7744
3
3
4
2 124
3
2 1568
2 6098
2 6705
3
2 1111
2 5604
2 2970
2 8517
2 1921
4
4
4
4
4
4
2 6300
4
3
2 9839
4
4
2 7929
3
3
4
2 4575
4
3
2 7625
4
3
2 1177
4
4
4
2 8381
3
2 8764
4
2 4244
2 5240
2 2693
3
2 8712
2 7243
4
2 9377
4
3
4
2 7007
3
2 7756
3
4
2 1543
2 4803
3
2 245
2 2485
3
3
2 9576
4
2 2530
4
4
2 5265
2 616
2 9571
2 7356
2 233
2 5969
2 7895
2 1269
2 5114
4
4
3
2 8258
2 4752
3
2 455
4
2 8254
4
2 4937
2 2963
2 165
4
3
3
2 2137
4
4
2 1385
2 197
2 5135
2 3773
3
4
2 4207
2 8063
4
2 5914
3
2 8869
2 3335
4
2 1434
2 5587
2 5947
4
4
3
4
2 5833
3
4
2 825
2 9336
2 7801
4
3
4
4
2 8302
3
2 2803
4
2 3602
4
3
4
2 58
2 8586
2 5258
4
2 2698
4
2 9124
2 7900
2 8931
3
4
2 7312
3
3
4
4
2 5489
2 6461
2 5180
2 5842
3
3
3
2 2722
3
4
3
3
2 3390
3
2 287
4
2 863
2 8544
2 7176
2 4870
2 6216
2 7205
2 6074
3
2 5285
2 8259
2 1331
4
2 182
3
3
2 511
2 1735
3
3
4
4
2 1891
2 7338
3
3
2 6433
4
2 3300
2 990
3
2 991
2 4275
3
4
4
2 8168
3
4
4
2 3454
2 9553
3
2 1405
3
3
2 1327
4
4
2 925
3
2 1885
2 4065
2 1481
2 1111
2 5887
3
4
2 3163
2 2876
2 3705
4
4
2 9176
4
2 859
2 3277
4
4
2 5438
2 5994
3
3
3
3
3
4
4
2 4188
4
2 9424
2 9410
2 5198
4
4
2 214
3
3
4
2 8651
2 365
2 3676
4
2 4827
3
4
4
4
4
3
2 2752
2 9210
3
2 5773
2 8571
3
4
4
3
3
2 1150
2 8010
4
4
3
2 630
2 603
4
4
4
2 233
4
4
3
4
2 1732
2 7113
2 2621
2 1861
4
2 1856
4
2 3455
2 9265
4
3
3
3
3
2 6901
4
2 4315
2 3486
2 2406
3
3
4
2 7943
2 4503
2 6286
4
4
3
3
2 417
2 6413
2 9803
2 1305
4
3
2 7534
3
2 8814
4
2 7739
2 3465
2 702
4
2 4004
2 9868
2 9799
2 4714
3
2 9712
3
2 2587
3
3
3
2 889
2 4669
3
4
2 7224
3
2 5286
2 6094
4
3
4
3
2 2922
4
2 4665
2 4517
3
2 6374
2 2087
4
4
3
4
2 1161
3
4
2 2472
4
2 8002
2 5447
2 1843
4
2 2078
3
2 6203
3
4
2 8155
2 3729
3
3
4
3
3
2 2360
2 2629
3
2 9477
4
2 9628
2 6159
4
3
2 4594
4
2 3049
2 2748
4
3
2 3217
2 5581
2 226
2 4056
3
4
3
3
2 3854
3
2 4667
2 814
4
4
3
2 9996
3
2 5519
2 3569
2 4467
3
3
2 4756
3
3
3
3
2 5249
4
2 5990
2 2830
4
2 1335
2 3190
3
2 4272
3
3
2 7089
2 378
4
4
4
2 8545
4
2 9385
3
2 389
4
2 7204
4
2 5405
2 9700
2 3006
2 5848
2 396
2 9052
3
3
4
4
2 2174
2 9193
2 950
2 9979
2 8911
3
4
2 2531
4
2 8181
4
4
2 6040
2 564
4
2 4845
2 7620
4
2 4702
3
2 3390
2 8132
2 6252
3
2 109
4
2 3990
2 3999
2 7885
4
2 6393
4
2 5606
3
4
4
2 4613
2 8179
2 4738
3
3
3
4
3
2 3836
2 2077
3
3
2 9633
2 3664
2 3540
2 4783
2 3823
4
2 8484
2 2396
3
4
2 6015
4
2 9738
3
2 8317
3
2 9458
2 7900
3
2 8624
4
2 8377
4
2 8885
2 6075
2 6382
3
3
4
4
2 4698
3
4
4
2 6666
3
2 4867
3
3
2 4923
2 7649
2 5852
3
2 203
2 9044
2 4134
2 321
2 8758
2 5293
2 5112
4
3
2 5677
2 9780
3
4
2 9491
4
4
4
2 3601
2 7255
2 7
2 8586
3
4
3
4
3
4
3
4
2 665
3
2 7116
4
2 7970
3
2 767
4
2 2414
2 4143
2 4188
2 8709
3
2 2573
3
4
2 5956
2 634
2 269
4
3
4
2 6745
4
3
2 754
4
4
4
2 2739
2 8483
3
4
3
2 4464
2 7596
2 3840
2 8594
2 4950
4
2 6345
2 9005
2 1574
3
2 5416
2 6407
2 2457
3
2 7416
3
4
3
2 6331
2 7830
4
2 4066
2 6527
2 509
2 2962
3
2 8086
2 6766
4
2 4843
2 3625
2 3454
3
2 5471
2 7557
2 7762
3
2 9167
2 7574
2 6185
2 2393
2 6547
3
3
4
4
2 5758
3
2 4829
2 4395
3
2 1631
2 5753
2 5808
3
2 3274
3
2 1173
4
4
3
4
2 3838
4
3
2 759
3
2 2248
4
2 2500
3
2 6771
4
2 2153
4
4
3
2 3693
2 2705
4
2 5773
2 11
2 3165
2 1161
2 1
4
4
4
3
2 6467
2 5399
2 9668
3
2 4875
2 2275
4
3
2 5476
2 233
3
3
2 6301
2 3785
2 707
3
2 2265
3
3
3
2 1479
2 9217
2 4167
2 5894
4
2 4756
3
2 4544
4
2 1252
4
3
2 5315
2 5531
3
2 3281
2 1528
2 9748
2 5924
2 4985
2 4122
4
2 5535
3
4
2 7892
2 8698
2 385
2 3667
2 838
3
3
2 1144
2 1481
3
3
3
2 9281
2 9888
4
4
2 5695
3
4
2 9483
2 648
2 6258
4
3
4
4
2 1230
2 8432
3
3
2 689
4
2 2999
2 2013
4
3
2 6060
2 5540
2 8185
2 5546
4
2 2551
4
2 8988
4
4
2 9426
2 9399
3
2 8231
2 3312
4
3
3
4
3
3
3
4
2 5043
2 1476
2 157
4
2 9784
2 6524
3
2 279
4
4
2 2840
2 1545
2 1733
2 517
4
2 1207
4
2 9418
2 9234
2 368
4
3
2 15
3
2 6998
4
2 2736
2 175
4
2 8256
2 8601
2 9882
4
4
4
2 4142
3
3
2 5461
4
4
3
2 3939
4
2 2636
3
3
2 6124
2 2720
2 258
2 3161
4
4
2 2974
4
3
3
4
3
2 194
2 4450
4
4
2 4067
3
2 4705
3
4
2 2428
3
2 9365
4
3
2 5803
2 1865
2 864
4
3
4
4
3
3
2 505
2 2236
3
2 5290
3
3
3
2 4381
4
4
2 8761
2 880
3
2 798
3
3
4
3
4
2 5202
2 1950
2 1541
2 9591
4
4
2 7223
4
4
2 5109
2 4664
4
4
4
4
2 112
3
2 7704
2 7360
2 2974
2 8894
4
2 8176
2 733
4
3
3
3
4
3
2 9285
2 3062
2 8825
2 3223
3
2 8416
2 9913
4
2 2113
2 7557
4
3
3
3
3
4
2 1852
2 3587
2 5602
2 3162
2 5319
2 8663
2 2812
2 9877
4
4
3
2 1715
2 7023
2 9759
2 9828
4
2 6013
2 5191
3
2 1395
3
2 1009
3
2 9590
3
2 9965
2 3509
3
2 6027
2 1754
4
4
4
2 1282
2 9074
4
4
2 2826
2 8281
2 7520
2 1563
3
2 1671
3
2 602
2 606
3
2 4371
4
4
2 1791
4
2 8882
4
3
2 7234
2 8516
2 618
4
3
3
2 3673
2 7143
3
2 4489
2 382
4
2 6104
3
2 5436
4
3
4
2 7704
3
2 9277
2 9359
3
2 9257
3
2 5441
3
2 259
3
2 2019
4
4
2 2979
3
2 9546
2 8228
2 8513
2 4422
2 2588
2 2126
2 7355
2 8080
3
4
3
4
3
2 8558
2 4246
4
2 7896
3
3
2 7551
2 4651
3
2 5357
4
2 1949
4
2 1463
4
2 5056
2 4347
4
4
2 2389
2 2094
4
2 7146
2 763
4
2 6880
2 3464
2 7834
4
4
2 7027
2 3945
2 2049
3
2 1578
2 7790
4
4
2 8632
2 8350
3
2 6502
4
2 227
4
2 166
4
3
2 2360
2 6017
3
2 5065
2 6001
3
4
3
3
4
4
2 8174
4
4
2 9239
3
3
4
3
3
2 7839
2 153
4
4
2 5607
3
2 2805
2 8384
2 9675
2 4074
4
2 9029
4
2 6566
2 3189
2 5909
3
2 4624
3
3
2 7902
3
2 8184
2 724
3
3
4
4
2 6557
2 2431
2 5722
2 167
2 1777
2 4518
2 1866
4
4
4
4
3
2 585
4
2 2376
4
2 247
4
3
2 9807
3
3
2 7939
4
2 1046
2 1912
4
2 7101
3
2 4249
4
3
2 1106
2 9738
4
4
4
2 2021
2 6820
2 3795
2 5823
3
2 109
3
4
4
2 4413
4
4
2 8327
2 5190
4
2 4787
4
2 4547
2 9023
2 3814
2 287
2 8322
2 5969
2 1549
2 7731
3
3
2 9663
3
4
4
2 8857
3
2 5082
4
2 4874
2 3421
3
2 1793
4
3
2 831
3
2 664
2 5487
2 8339
2 3724
4
2 1215
3
4
3
3
3
2 4240
2 354
2 353
2 9026
2 8508
2 9459
2 6319
3
4
3
3
3
3
2 3501
2 3771
4
2 761
3
2 7243
4
2 8899
4
2 6898
3
4
2 5792
2 95
4
2 9205
3
2 6481
2 2880
3
2 9466
2 2235
4
2 5591
3
4
3
2 9651
2 2380
3
2 8502
2 1594
3
2 5967
2 5483
4
3
2 1540
4
3
4
2 5183
2 118
4
2 3601
2 6633
2 815
3
3
2 4281
2 7439
2 8864
3
4
2 4741
2 4437
2 956
3
2 3445
3
2 9996
4
3
2 3832
4
2 1851
3
3
2 806
3
2 3035
3
3
2 4386
2 7241
2 5107
2 6860
3
4
2 1651
2 7027
2 2528
3
2 4207
2 3372
3
4
4
2 5040
4
2 5599
2 4663
3
4
4
3
2 7658
2 7110
3
4
4
3
2 5135
2 6696
2 1525
2 7413
3
3
2 7010
2 1827
2 57
3
2 9814
4
4
3
3
2 52
4
2 2898
3
2 8307
4
4
3
4
2 7253
2 1548
4
2 4167
4
2 8856
2 764
3
3
2 1844
3
4
2 9003
2 7984
2 3161
3
2 301
2 1463
2 4117
4
2 5540
2 1409
2 8818
3
2 9780
4
3
3
2 5295
4
2 2325
3
3
3
4
2 4318
4
4
4
2 9751
4
3
3
4
2 18
3
4
4
2 4188
2 466
2 1409
3
3
3
3
2 166
3
3
4
2 7098
3
2 2774
2 6821
2 677
2 6816
4
2 145
4
2 339
4
2 9319
4
2 2758
4
4
4
4
2 5920
3
4
3
4
2 4755
2 7428
3
2 6546
4
3
2 2563
3
4
2 7415
2 6969
2 852
2 4854
3
2 457
4
2 1563
2 8069
2 8084
2 220
3
2 5966
2 8389
4
4
2 3115
4
4
2 1525
3
4
2 6323
3
4
4
2 2279
4
4
2 5626
2 4680
2 4321
2 1647
2 5052
3
4
3
2 3743
3
4
4
2 7776
4
4
2 1999
2 7763
3
4
3
2 9511
2 7693
3
2 4349
2 3978
2 1761
3
2 7781
2 4626
4
2 5094
2 1457
2 178
2 7680
4
3
2 9687
2 354
2 4351
4
3
2 5480
2 1967
2 4948
3
4
2 5599
2 2506
3
4
2 2485
4
3
2 2777
2 2963
4
4
2 70
4
3
2 8614
2 2087
2 1071
2 3526
2 6181
2 3063
2 8400
3
3
3
2 1350
3
2 4670
2 4531
2 7946
2 2693
4
3
2 5445
2 9956
3
2 7675
4
3
3
2 5505
3
4
3
4
3
3
4
2 7927
2 6130
2 6312
4
3
4
4
2 8092
4
4
2 6861
4
3
3
2 8927
3
2 5856
2 5301
4
4
3
3
4
2 8512
2 4241
2 8685
2 2684
3
4
4
2 4625
3
4
4
2 2283
4
2 8127
2 2498
2 930
2 912
2 3529
3
2 731
3
2 5017
3
2 1803
2 5810
2 3386
2 2573
4
4
3
2 7801
4
4
2 1760
4
3
3
2 9081
2 302
4
2 4275
2 3862
4
2 9024
4
3
4
2 2757
4
3
3
2 3481
4
4
4
2 8511
2 5631
3
2 8711
2 2195
2 842
2 3321
2 3139
3
3
4
4
2 879
4
2 3184
2 2924
4
2 4588
4
2 6922
2 8127
3
2 3229
2 667
4
3
2 4130
2 3062
3
4
2 3282
4
3
3
4
4
4
3
2 3273
4
2 5054
3
2 3161
2 6083
2 2334
4
2 781
2 4744
4
2 5107
2 769
4
4
3
4
4
2 9461
4
2 7102
3
2 7000
2 2137
4
4
2 1435
3
2 8796
4
2 3846
2 1349
2 2055
3
2 6293
4
2 8542
4
4
4
2 9495
3
3
2 3999
2 3341
2 5982
2 1618
4
2 6749
2 7053
2 7333
3
4
4
4
2 3590
3
2 1918
3
2 5080
2 7306
2 5709
2 8878
3
2 561
2 437
2 3535
4
4
4
4
3
3
4
3
3
2 3594
2 2562
2 3131
3
2 147
3
3
2 3298
4
3
4
2 2555
2 3901
2 7009
2 722
3
2 5487
4
2 4024
3
2 4858
3
2 599
3
4
2 6965
2 3700
4
2 7247
4
2 1458
3
2 4366
2 7967
2 9384
2 8220
2 7028
2 7074
2 8025
4
3
3
2 8902
2 2585
2 9125
2 6937
2 1438
2 769
2 5854
2 500
2 857
4
2 3321
4
4
2 634
3
2 2388
2 9336
4
4
2 8739
3
3
4
4
2 5116
2 9824
2 3237
2 6556
2 4604
2 1224
3
2 2157
2 9801
2 8460
3
3
3
3
4
4
2 4596
2 814
2 9767
4
4
3
3
4
4
3
2 9903
2 5957
2 495
4
2 2328
3
3
3
4
2 5419
4
4
3
3
3
4
3
2 4340
2 7315
4
2 3297
4
2 7517
3
2 8291
3
3
2 5315
2 4287
2 8945
2 8010
4
4
4
2 7523
2 224
4
2 4412
2 9859
2 4925
2 9372
2 7045
3
2 4681
4
3
4
4
3
4
3
3
2 8850
3
4
3
4
2 7511
4
4
4
2 9857
3
2 4357
4
4
3
3
2 5129
3
2 9644
2 9624
4
3
2 7832
3
4
2 3004
3
3
3
2 3982
2 3118
2 5942
2 4047
4
4
2 3863
2 6783
4
4
2 4575
2 409
2 4460
2 8992
3
2 8570
3
2 2212
4
3
2 9939
2 5948
2 3436
2 2520
2 7564
2 7274
3
4
3
2 5291
4
2 2738
3
2 1164
2 3825
2 5418
2 9314
3
3
2 8655
2 9104
2 770
2 2614
2 4119
4
4
3
4
2 6175
2 3393
4
2 1750
2 9317
3
2 4300
2 2962
3
4
4
4
4
4
4
2 2733
3
2 7922
2 3961
2 7811
4
3
3
4
2 8460
4
2 6569
2 1609
4
2 6964
3
4
2 9245
3
4
2 8949
4
2 5900
3
2 7161
3
2 7004
2 794
2 9621
2 3308
2 274
3
2 7814
3
2 3078
3
2 9214
4
4
2 1882
3
4
2 5324
3
2 3971
2 1595
3
2 5680
4
2 3200
2 7523
2 5283
3
2 5042
2 602
2 5178
2 2983
3
2 7734
3
4
4
2 4563
2 9831
2 2119
4
3
4
3
4
4
3
2 3151
2 5276
3
2 7266
2 6979
2 8799
4
4
3
2 9094
3
2 667
2 2992
3
2 62
3
4
4
3
4
4
4
4
2 4530
3
2 434
2 1003
2 5964
2 6852
4
2 7765
2 1948
4
2 8670
2 7241
3
4
2 7734
2 8964
3
2 4326
2 2009
4
2 646
2 5777
3
2 8345
2 3878
3
3
2 1118
2 2477
2 3553
2 4135
2 6466
4
2 3667
2 5125
2 5954
2 8239
2 7171
3
3
3
4
4
4
4
3
2 6858
4
4
2 4888
3
2 5506
2 9814
2 425
4
3
2 4605
2 6332
2 9181
2 5494
2 2361
3
3
2 106
2 9703
3
4
4
2 9921
2 3375
2 838
3
4
3
2 6448
4
2 8126
4
4
3
3
2 7951
2 9723
4
2 6632
3
2 8498
2 9144
2 4846
2 1614
3
4
2 8843
4
3
2 2709
4
4
2 8171
2 4572
2 767
2 4727
2 9683
2 1517
2 9484
2 6546
4
4
2 4757
2 3369
2 3883
2 9987
2 7404
2 7148
2 2832
4
3
2 4191
4
2 5441
2 876
3
2 6826
4
2 8390
3
2 5358
2 7588
3
4
2 8211
3
2 9041
2 5644
2 441
2 8256
2 8754
2 2496
2 3728
3
4
2 2982
2 3799
2 6332
2 1542
2 8582
3
3
2 7093
3
2 3669
2 6888
2 7404
2 5129
2 642
2 300
3
2 6176
3
3
4
2 3125
2 1082
3
2 9573
2 5178
2 4775
2 1807
3
3
4
2 2216
2 429
3
4
2 77
4
4
2 7
4
2 8
3
2 4028
2 122
2 606
2 178
2 8306
3
3
4
2 3384
2 7528
2 4646
2 960
4
4
2 9203
4
2 737
2 5721
2 1445
3
2 5557
4
2 8188
2 2544
2 4940
4
2 2049
2 9179
4
3
4
3
2 1705
3
4
2 7884
3
2 2351
2 1702
2 3630
4
4
3
3
3
2 2473
4
2 4160
2 1145
3
2 5248
4
3
2 7713
2 4313
4
4
4
4
4
2 6294
2 1873
3
2 8351
2 2464
2 1709
4
4
2 9214
2 4329
4
2 5575
3
2 9195
4
4
2 5103
2 9855
3
2 4070
2 8970
4
2 1120
2 4150
2 1449
4
4
2 9030
2 9522
2 1791
4
3
3
3
2 705
3
2 8431
2 3907
2 3969
4
3
4
4
2 2423
2 8876
2 5387
3
2 1937
3
4
3
4
3
4
4
3
3
4
3
3
2 2348
2 7492
4
2 6156
2 7505
2 293
4
4
3
2 276
4
3
2 4613
3
4
3
4
4
2 228
2 346
2 2187
2 5093
4
2 1819
3
3
2 866
2 600
2 6919
3
2 301
2 8885
4
4
2 1096
2 2039
4
2 6637
4
3
4
2 4120
4
2 1033
3
4
2 4431
2 9435
4
3
4
4
2 1704
4
2 8803
2 2018
2 1119
2 7505
4
3
4
2 2422
4
4
4
2 224
2 2027
2 23
4
4
3
2 237
4
3
2 1964
4
4
2 1743
2 378
3
2 4312
4
3
2 3739
2 1027
2 1312
2 5126
2 1
3
3
2 8324
3
2 34
2 237
2 2113
2 6803
2 7823
2 8446
3
4
3
3
2 450
2 1166
4
2 3671
3
2 934
2 249
4
2 2540
2 5
3
3
4
2 6105
4
3
4
2 9573
2 7
2 6648
2 28
4
2 267
3
3
2 74
4
2 77
2 2168
4
4
3
2 1463
2 3814
3
4
3
2 385
2 9900
2 8392
2 4784
2 1486
3
2 9880
2 557
2 5848
4
2 5185
2 4498
4
2 258
3
4
3
2 4488
2 7665
3
3
4
2 2132
2 4718
2 3701
4
4
3
2 78
2 4254
2 4587
4
3
4
2 9591
4
3
2 1537
2 5133
2 4020
2 5600
3
3
2 8868
2 9480
2 5248
3
4
2 7551
2 2227
2 6369
2 8577
4
3
4
2 7350
2 3190
3
3
3
2 9719
3
2 8332
4
3
2 9883
2 1652
2 608
3
2 1934
4
2 314
4
2 727
4
3
2 8130
4
2 8895
2 2761
2 8004
4
2 217
4
2 238
2 68
2 8182
4
4
3
2 9904
2 6700
2 8794
3
2 115
2 9283
4
3
2 5959
3
2 2408
4
4
2 3768
3
3
2 6885
2 2283
2 4413
2 113
2 6109
3
2 9683
2 6664
2 3967
2 424
4
4
2 9203
2 4164
4
4
2 792
2 1362
2 9817
2 524
3
3
4
4
2 3273
2 66
3
3
4
4
2 72
2 14
4
2 367
2 5433
4
2 8311
3
3
3
4
3
2 2764
2 3166
4
4
3
2 8539
2 176
2 1401
3
3
2 8564
4
4
2 5819
2 7986
3
2 3338
4
4
4
2 720
4
2 5734
2 219
4
3
2 381
3
3
2 1684
4
2 9299
4
4
2 4599
2 3300
2 2172
2 5102
3
2 489
4
2 3564
3
2 5994
4
2 5922
2 6831
3
2 8793
3
3
2 6005
2 612
2 7766
2 7135
3
2 4576
3
3
2 1996
3
2 163
2 1255
3
2 2185
3
2 439
2 626
4
2 4075
3
2 1631
2 3773
3
2 4493
3
4
2 7419
3
4
3
4
3
4
2 3988
3
2 7336
4
2 5201
2 7860
2 1153
2 5460
2 3548
3
3
2 170
3
2 1145
2 1636
2 91
2 127
2 10
3
4
4
4
3
3
2 9823
2 9743
2 6217
2 1631
3
4
3
3
2 886
2 372
4
2 9260
3
4
4
3
2 327
2 7965
2 3045
4
2 8326
4
2 6208
4
3
2 1198
3
2 5236
2 6213
2 8874
2 9880
2 2508
4
4
2 3488
2 7967
3
3
3
2 2617
2 2219
2 2871
4
2 2930
2 3860
2 3374
2 6003
2 6536
3
4
2 6483
2 8099
2 2534
3
2 5673
3
3
2 4830
4
2 936
4
2 1406
2 2023
2 638
2 1799
3
2 1073
4
2 8112
2 6485
2 8082
3
3
4
3
3
4
2 2669
3
2 1407
3
2 9457
2 5026
3
2 8798
2 9331
4
2 7465
2 7190
2 3659
4
2 9924
3
3
2 7310
3
2 3925
4
3
4
2 8167
2 8091
2 7308
4
3
2 8395
4
3
3
2 9682
3
2 261
2 4197
3
2 1135
2 209
2 2058
3
2 7540
3
3
2 8812
2 8714
2 3970
4
4
4
3
2 7013
4
2 8449
3
2 7923
2 9696
4
3
4
2 4151
3
4
2 7589
2 6484
2 1487
2 6116
2 5770
3
2 7359
4
2 490
3
2 528
2 2100
2 780
4
3
2 3570
4
2 3414
2 505
2 9196
2 3863
3
2 9954
3
3
2 9137
2 5049
2 9571
2 5834
2 9365
3
3
2 4948
2 1807
3
3
4
2 580
2 9071
2 8805
2 7152
2 684
2 596
2 8772
4
3
4
2 3179
2 2905
2 8761
3
2 1799
4
2 2614
2 8832
2 3385
4
4
4
3
4
4
2 5530
3
4
2 7192
2 481
4
3
2 6030
2 2134
2 4486
2 3556
2 5453
4
2 9814
2 7709
2 516
2 5855
2 6232
2 4486
4
4
2 7339
3
4
2 8556
4
2 5229
2 6335
3
3
3
3
2 3156
2 1075
3
2 4394
3
3
2 5595
4
3
4
2 2213
2 2195
2 4973
3
3
2 4617
3
2 3355
2 2593
4
3
3
3
2 4532
3
3
4
2 3834
3
4
2 717
3
4
3
2 2675
2 9340
2 2510
4
2 3116
4
4
2 2128
2 3932
2 7533
3
2 1969
2 2076
2 2008
2 7294
3
4
2 7124
2 2294
2 838
3
3
3
2 8410
4
2 6608
2 3973
2 1394
3
4
2 9861
4
2 815
2 7750
2 2875
2 2038
2 6365
2 6340
3
4
2 9544
3
4
4
3
3
3
4
3
2 3003
3
2 6825
2 4519
2 9979
3
3
3
4
2 594
2 2427
2 100
4
2 1145
3
2 6871
2 9482
2 8194
3
3
3
4
2 1306
3
2 4224
4
2 4474
4
3
2 9221
4
2 8254
2 2414
2 6652
2 5196
4
3
2 4619
3
3
2 2026
2 1137
4
2 675
2 9020
2 5885
4
3
2 9545
2 7417
3
2 5768
2 4424
3
2 8205
2 3845
4
2 4014
4
4
2 3460
4
4
3
4
3
2 1048
4
2 2473
2 6834
4
2 6577
2 2862
2 429
4
4
2 5904
2 16
2 133
2 4568
4
4
2 220
4
2 71
2 5957
4
3
2 4115
3
4
2 3036
2 319
4
3
4
2 2807
2 3847
2 8753
