9308
4
4
3
1 4904
3
4
1 50
4
4
4
3
1 2589
4
4
1 5020
1 4685
1 2951
1 8396
3
1 2286
4
4
1 3642
3
1 5291
4
1 4959
1 7660
1 2548
4
1 3896
4
1 1850
3
3
4
1 7321
4
1 5015
1 5453
1 9547
3
4
3
1 5888
1 1054
1 6597
4
3
1 9814
1 5878
4
1 1042
1 6652
1 1977
4
4
4
1 3644
3
1 1064
3
1 572
4
3
4
4
1 2105
3
3
4
1 1548
3
3
1 5985
1 4385
1 1072
1 8748
1 3064
1 757
3
1 6939
3
1 5243
1 493
1 3565
4
1 4111
1 3810
3
4
1 6445
3
1 9546
4
1 3144
3
3
1 7495
1 8586
3
4
3
1 5167
3
1 3690
3
1 2661
4
3
3
1 1325
1 9265
1 9788
4
3
1 7107
4
1 34
1 2111
4
3
1 8926
4
1 3962
1 5319
4
1 5390
1 5661
1 4575
1 7133
1 586
1 3893
4
4
4
1 4698
1 230
1 5050
3
1 4344
1 3752
1 4333
4
4
1 2267
4
3
1 138
3
4
3
4
3
3
4
4
1 9257
3
3
1 9383
4
4
4
1 1140
4
3
1 512
1 6315
1 4803
4
1 3251
1 7498
1 4353
3
1 8734
4
3
3
1 5890
1 1008
1 2237
3
4
1 1496
1 5009
1 5279
1 8067
1 6000
4
1 9073
1 36
4
1 7101
1 5263
1 6011
1 563
3
3
3
1 9912
4
1 5959
3
1 2047
4
1 1418
4
1 1597
3
1 4149
3
1 8031
1 6646
1 3544
1 5788
3
4
4
4
1 5398
1 9132
1 6547
1 3151
1 1422
1 9976
4
3
4
3
1 1873
1 1389
3
1 4419
4
3
4
4
1 1698
1 1763
3
3
1 2285
1 7991
1 9029
1 7739
4
1 9398
3
1 5779
1 9092
4
4
3
3
3
3
1 7319
4
3
1 1675
1 5354
1 8479
3
3
4
4
4
1 6043
1 3328
1 3658
1 9264
3
1 8225
1 2669
1 7371
3
1 523
1 4492
1 4469
4
1 2479
1 664
1 4614
1 7346
1 6726
1 511
3
4
3
3
1 6321
4
1 7304
3
1 9560
1 3979
1 8673
4
4
3
1 2551
1 3512
3
3
1 7142
1 5744
1 2007
1 4938
4
1 6651
1 6831
3
1 7783
4
1 7364
3
1 4471
1 9392
3
4
1 6442
1 5599
1 3312
3
1 8898
1 2288
1 8828
1 7017
1 5293
3
1 3545
4
1 1618
1 7879
1 5012
1 9936
1 1442
1 6295
1 8592
4
4
1 6981
1 721
4
3
1 28
3
4
1 6537
1 3109
1 894
1 5909
3
3
1 5160
1 3534
1 3667
4
1 9195
4
3
4
4
1 8160
1 6086
1 8698
1 3746
4
1 7763
3
3
3
1 3685
1 5236
1 8153
3
1 3867
1 1780
4
1 2599
1 9105
3
3
1 6541
1 1797
1 3363
3
3
4
4
1 9747
1 2800
1 7300
1 485
1 199
1 419
4
1 8389
3
1 8783
1 6578
4
1 504
1 326
1 9022
3
1 4141
1 7088
3
3
3
3
4
4
1 4699
1 1306
3
1 2289
1 6395
4
3
1 1085
1 2641
3
4
1 6362
3
3
1 4391
4
3
1 7058
3
3
4
4
4
1 9774
1 6142
3
3
1 6868
1 7265
3
4
4
1 39
1 5007
1 2178
1 8808
3
3
1 7759
1 7618
3
4
4
4
1 1000
4
1 2337
1 9698
1 1471
3
4
3
1 919
1 2812
1 7878
4
1 815
4
1 2843
3
1 729
4
3
1 3938
1 3367
1 6728
1 1927
1 3014
4
4
1 1710
1 4777
1 8088
1 3580
1 5745
1 8612
1 3310
3
1 8564
3
3
1 9402
3
1 4696
4
3
1 2938
3
1 2591
4
4
3
1 4589
1 5686
1 6082
4
4
1 1537
3
1 230
1 5905
1 3724
1 6713
1 7642
1 3077
1 2362
3
3
3
4
4
3
3
4
1 9005
4
4
1 1611
4
1 1405
1 8543
1 2467
4
1 635
3
4
1 2892
1 2474
4
1 666
3
3
3
1 9395
1 8573
4
4
3
1 6476
1 6678
4
1 7072
1 1817
4
1 654
3
3
1 1110
4
1 1643
3
1 8901
3
4
4
3
1 1636
4
4
4
1 7072
1 7284
3
1 5659
3
4
3
4
1 6033
1 4450
1 610
4
4
1 8718
4
4
1 5581
3
1 9168
1 2595
3
1 8725
1 3776
1 4646
1 6752
1 3439
1 6878
3
1 2570
1 4724
1 4271
4
1 7732
1 4949
1 2245
1 2382
1 1618
1 1509
1 5967
1 6150
4
1 8765
1 7315
1 4005
3
3
1 6748
1 9643
3
4
3
1 4608
1 7060
1 4639
1 6339
1 5495
1 4584
3
3
4
1 2989
4
1 4283
4
1 2898
1 6416
1 2800
4
4
1 4232
3
1 6358
1 634
1 980
1 8553
4
4
1 441
4
4
3
4
4
1 880
1 286
1 8459
1 8338
1 8011
3
1 9015
3
3
1 4547
1 6676
4
4
3
3
1 8231
1 6086
3
3
1 1813
1 6968
4
4
1 1477
4
1 6666
1 1264
1 7213
1 8591
3
4
1 2537
1 2351
1 4660
1 99
1 327
1 5627
3
3
3
3
1 7497
3
1 3262
4
3
1 5487
3
4
1 5309
1 3808
3
1 4414
4
4
1 2675
3
3
3
4
1 6135
1 3397
3
1 5202
1 7217
3
3
4
1 1694
3
1 2608
3
1 5800
1 3408
1 3894
1 8001
1 6693
1 7249
1 6275
3
3
4
1 3458
3
3
1 3830
4
3
4
1 9359
4
1 4641
4
1 9968
4
4
4
3
1 9723
3
3
3
4
4
1 9103
1 9861
3
1 5218
1 8600
3
1 6171
1 8064
3
1 4105
3
1 5522
3
1 3103
3
3
3
1 8910
1 9259
3
1 4604
3
4
4
1 5180
3
1 1568
1 2039
1 2976
4
1 2882
1 4542
1 5868
1 4380
1 7548
1 8460
1 2730
1 3659
3
1 1657
1 8937
1 2820
1 8113
4
3
1 4106
1 9425
3
3
4
4
1 6882
1 3824
1 1670
3
1 757
4
1 7799
1 334
3
1 1769
1 7999
4
1 1198
4
1 1840
4
3
1 4695
1 5324
3
3
3
4
1 7184
3
4
1 2847
1 9555
1 3070
1 2364
1 5900
3
1 4583
1 3184
3
1 4830
1 629
1 88
3
3
1 5656
1 9534
1 438
4
1 1689
3
4
4
4
1 1288
1 2706
4
1 7963
1 2641
1 8873
1 5429
3
1 3444
1 8038
3
4
1 5907
4
1 1785
4
1 1511
1 6132
3
1 1797
3
1 8068
1 2815
4
4
3
3
1 5470
1 2091
1 4427
1 4264
1 8423
3
3
1 5734
3
4
1 3827
3
3
1 3993
4
1 2011
1 9091
1 2060
3
1 409
4
3
3
1 2105
1 5418
1 6337
4
4
1 844
4
4
3
3
3
3
1 7273
3
1 1057
4
3
1 8216
3
1 2687
4
4
1 4357
1 2904
1 823
1 5597
3
3
1 283
4
4
1 7999
1 1088
1 3022
1 9488
4
4
1 9445
3
4
1 2659
1 8898
3
4
1 4414
3
1 2161
3
1 5738
4
1 4537
4
4
3
1 4362
1 6958
4
3
4
1 4343
4
3
1 7475
1 9378
3
3
3
4
4
1 1656
4
4
1 1757
4
1 4306
4
1 2079
3
1 6197
1 3626
1 2985
1 8558
1 8495
1 8703
3
3
1 2576
1 8182
1 9594
3
1 9488
4
4
1 3706
1 993
4
4
1 5059
1 8088
1 6021
3
3
1 2002
3
1 4018
4
3
1 4952
1 5504
3
4
1 7504
1 207
1 8964
1 1235
1 1571
4
1 2412
3
1 6118
4
3
1 6920
1 5829
4
1 7057
1 5809
3
3
3
1 7311
4
1 3770
1 831
3
1 5584
1 3557
1 9306
1 2628
3
3
1 8238
1 5628
1 951
1 4129
3
1 3313
3
1 7341
1 3275
1 5125
1 7134
4
1 7934
1 5353
1 6510
1 6526
3
3
3
1 432
4
3
1 836
4
3
3
3
4
4
4
3
4
1 3367
3
1 7431
1 6938
3
4
3
3
1 1328
1 7400
1 911
1 1670
4
1 2577
3
4
1 1994
1 4251
4
1 8652
1 7940
1 9259
3
3
1 334
1 3435
1 6624
1 7961
1 5504
1 9641
3
3
1 7380
3
1 8907
1 9076
1 4496
4
1 9567
4
1 6113
4
4
4
3
1 940
4
4
3
4
4
3
1 459
1 942
4
1 5668
1 2801
1 1034
3
4
1 8695
1 6249
4
4
1 4271
4
1 8602
3
3
4
1 4109
1 3346
3
1 5602
4
1 5606
4
4
3
1 572
4
3
4
1 6046
1 1469
1 8894
3
3
4
1 2894
4
3
1 9061
4
1 7364
1 6909
1 9811
1 665
1 3695
4
4
1 6461
1 8239
1 7984
1 160
3
1 3646
3
4
3
4
3
1 8795
1 3088
4
3
1 9884
1 7986
1 3655
4
1 9287
3
3
1 8365
1 8131
4
1 3759
1 7968
3
4
4
1 8786
1 5591
1 8427
1 3139
4
1 5493
1 949
1 188
1 1656
1 4746
4
1 2495
1 3608
3
1 7438
1 1007
3
3
1 9651
3
3
3
1 1675
3
4
1 2390
1 6483
3
3
1 1046
3
4
1 609
4
1 5151
4
4
3
4
1 6360
1 110
3
3
1 9083
4
4
1 4452
1 7522
1 5668
1 7428
4
1 1692
4
3
4
3
4
1 3668
4
1 5173
1 7405
3
1 1198
1 3163
4
3
1 6442
1 4992
3
3
3
1 8044
4
1 7805
4
4
1 8929
1 5959
3
1 6057
3
1 6838
1 430
3
1 9949
4
1 7104
1 4981
3
1 1677
3
3
3
1 7413
1 9668
1 8655
1 5050
1 7184
3
1 7784
1 6247
1 3056
1 3612
4
1 4384
1 6815
1 3001
1 4264
1 5868
1 7227
4
3
4
4
4
1 1500
1 2770
1 2113
1 2852
4
1 2216
4
1 7185
1 877
3
1 5470
4
4
4
4
4
1 9988
1 7993
4
1 7014
1 9316
1 4407
1 7903
1 7249
3
1 9356
4
3
3
1 5162
1 47
1 2485
4
1 4157
1 7677
3
1 2337
1 2151
1 270
1 7394
1 7068
3
4
1 596
1 4206
1 8153
4
3
3
3
1 7073
1 4589
3
3
4
1 7918
3
1 1134
3
4
4
1 1605
3
3
3
3
1 3193
4
1 8431
4
4
1 8712
1 5291
3
4
3
1 1728
1 3101
3
1 1867
1 7976
1 8292
1 5379
3
1 1033
1 2696
1 480
3
3
1 110
1 7508
4
1 4644
3
4
1 4686
1 1766
3
4
3
4
1 7931
4
1 551
1 6775
1 7473
4
4
4
1 5645
4
1 7992
4
1 4857
1 8701
3
1 9887
3
1 9031
1 643
1 1709
1 1043
4
4
4
4
4
4
1 6822
1 5533
1 127
3
1 4249
1 209
3
1 5565
4
1 4156
1 5098
4
4
3
1 2055
1 6608
3
3
4
3
1 1442
1 278
1 8524
4
3
1 9925
1 1047
1 7559
4
3
4
1 374
3
3
1 4425
1 6360
1 6475
4
1 9100
1 1476
3
4
1 6201
1 6183
1 1376
1 153
1 1364
1 9605
3
4
4
4
1 5000
1 6818
1 2406
3
4
3
3
3
4
3
1 6292
4
1 3651
1 4191
1 3765
1 3897
4
1 1301
1 863
4
1 5150
1 1843
1 9599
4
3
1 9594
1 7769
3
3
4
3
3
1 5901
1 7092
3
4
1 496
1 2929
1 6275
1 3612
1 5362
3
1 5315
1 2251
1 8836
3
1 6154
1 9740
3
4
1 5530
3
1 8624
3
1 6111
1 5015
1 4178
1 4808
4
4
4
3
4
3
1 3137
1 2415
3
1 9459
3
1 2434
4
3
3
4
4
4
3
1 1292
4
4
3
1 9672
3
4
1 7447
4
1 800
1 9837
1 1636
3
3
3
1 6950
4
1 1339
3
3
4
3
1 8267
1 8396
3
3
1 1908
3
4
3
3
1 4025
1 8236
3
4
1 6586
3
1 7676
1 6056
1 9341
3
3
4
3
4
1 4917
4
4
3
1 734
1 3042
3
1 7414
3
4
3
1 2503
4
1 3905
3
1 9694
3
1 6321
3
4
4
3
3
1 833
3
1 1239
4
4
1 2826
3
3
3
3
1 7220
1 1942
1 9476
3
4
1 5849
3
4
1 5049
1 5684
4
1 114
1 6787
1 5832
4
1 952
1 2704
4
3
4
1 613
3
1 2083
4
1 7754
3
3
1 9134
3
1 2567
1 9879
1 3817
1 3950
4
1 9630
1 7329
1 2405
1 5105
4
1 8311
1 2691
1 5579
3
3
3
3
1 8076
4
4
1 5635
4
4
1 6814
3
1 9833
1 7920
1 6954
1 6850
4
1 4361
4
1 4513
1 4449
4
4
1 2171
1 2670
3
4
3
1 3963
1 6789
1 9708
1 238
4
4
4
1 8954
1 1879
1 1620
1 1877
4
3
4
1 4983
1 5259
3
1 353
3
1 594
1 9242
1 3110
1 1883
1 4073
4
1 9849
1 5638
4
4
1 6333
1 9094
4
1 3872
1 3510
3
1 3258
1 3640
4
4
4
1 978
1 3357
1 8266
4
4
4
3
4
3
4
4
1 2113
4
1 7920
1 2482
4
4
1 250
1 8432
1 7347
1 6215
1 2448
3
1 8464
4
1 2280
3
3
1 8234
3
1 7315
4
1 4558
1 1179
1 6057
1 7921
3
1 5115
3
3
1 1454
4
1 7892
1 7002
1 7635
4
3
1 8300
3
3
3
1 4318
4
1 280
1 8077
1 1596
1 1157
3
3
1 9365
1 8900
1 6599
1 9630
1 3365
4
3
1 330
3
3
1 3678
1 9828
1 3421
1 4974
1 6935
1 1655
3
3
3
1 6049
4
3
3
3
3
3
4
1 7855
1 6738
1 4878
4
3
4
4
1 9982
3
1 4605
1 4307
1 3332
1 9727
1 4611
3
1 2160
4
1 7852
1 9629
4
4
4
4
4
1 5818
4
1 4189
1 1783
3
4
4
3
1 5501
4
1 5636
3
1 8595
1 2917
3
1 10
3
1 3140
1 7598
1 5911
4
3
1 2985
4
1 1095
4
1 9753
1 5853
4
1 360
4
1 5541
1 9130
1 4438
3
1 6113
1 1996
1 8264
4
1 2700
4
1 2214
3
1 7343
4
1 4452
1 5609
1 9425
1 8466
4
4
4
3
1 9723
1 1028
1 5436
1 3200
1 6170
1 8465
1 8997
4
1 8981
3
4
1 4327
1 2018
3
1 2121
1 5649
3
4
3
1 6429
1 4133
4
4
4
1 9654
1 4326
1 1406
4
3
1 9957
1 189
3
3
4
4
1 4517
4
3
1 5512
1 9029
4
3
1 2608
1 405
1 4132
3
1 4862
3
3
4
1 4868
1 7737
1 3130
1 262
3
1 2042
3
1 2789
3
1 396
1 9483
4
1 8260
4
4
1 5322
3
1 9283
4
1 9980
1 1390
1 6032
1 1560
4
1 7165
1 6997
1 1527
3
1 8309
1 685
1 8824
3
3
1 810
1 5543
1 8135
1 5045
3
1 3972
1 5079
4
1 4810
3
1 6212
4
3
4
3
4
3
4
3
1 2536
1 3347
3
1 2946
1 3251
1 68
1 5508
3
1 8519
4
3
1 9641
1 6025
4
4
4
4
1 1736
1 3344
1 2520
1 9355
1 7582
1 1680
1 4927
3
1 5280
1 6024
3
3
1 4749
3
3
3
4
1 4702
4
1 8368
1 1715
4
3
3
1 9177
3
1 6255
1 6733
4
4
3
1 6759
4
1 1574
1 6991
1 2893
3
1 8997
3
4
4
1 2653
4
3
1 9326
1 4704
4
1 8083
4
3
3
1 4442
1 3734
1 500
1 5100
4
1 1984
3
4
3
4
3
4
1 2002
1 7424
3
1 5863
1 4276
3
4
1 6882
3
4
1 3006
1 8142
3
1 4523
1 5829
1 7973
3
4
1 8068
1 903
1 7932
1 5597
3
1 4558
4
3
1 8171
1 6892
4
1 2801
3
3
4
3
4
1 8816
1 4742
3
4
4
1 7709
1 9428
3
3
3
1 8887
4
4
4
3
1 2047
4
4
4
1 754
1 7162
1 7037
3
1 5695
1 8342
1 6416
3
4
4
4
4
4
4
3
4
3
3
3
1 954
4
1 8536
1 6311
1 9709
3
1 4075
4
1 526
1 9701
1 5897
1 4752
1 2655
4
1 6720
1 1213
1 1624
1 9408
4
1 1323
4
3
1 2840
1 4926
1 9521
4
1 6040
1 3642
1 1192
3
1 9545
1 4588
3
3
1 4115
1 192
3
1 7186
1 1243
4
4
4
4
4
1 3364
4
1 1984
3
4
1 749
4
4
4
1 1313
4
1 3967
4
3
1 8939
3
1 7778
1 9374
1 3028
1 811
4
1 8851
1 8183
3
4
1 6169
1 5590
4
3
4
4
4
4
4
1 3452
1 2289
4
1 1332
1 6483
3
1 4539
3
1 1717
3
4
4
4
1 5920
4
1 4280
3
3
4
4
4
1 5939
1 9133
3
3
3
4
1 3061
1 9395
4
4
4
1 481
1 2731
1 4210
4
1 505
1 8892
4
1 8619
1 9704
3
3
3
4
4
1 6973
4
1 4413
4
4
4
1 4182
3
4
1 2685
4
1 6416
4
4
3
3
3
1 7157
3
4
3
1 1921
3
3
4
4
4
1 2625
1 3245
4
4
3
1 9013
3
3
3
1 4611
4
1 675
1 3874
1 5381
1 4550
1 5222
1 1933
3
1 6447
1 8880
4
3
3
1 6243
4
3
1 8553
3
4
3
1 1754
3
1 1407
1 8792
1 8740
1 7706
1 2421
4
3
1 2116
1 5962
1 6385
1 3352
1 845
4
1 1097
3
1 4191
3
1 3417
4
1 9394
1 3362
1 8162
1 1308
3
1 2914
4
4
3
4
4
1 7508
1 2147
4
3
1 667
4
1 1528
1 8696
3
4
1 2487
1 1779
1 4108
1 282
1 1504
1 1295
4
1 9376
1 3751
1 359
1 1251
1 5341
4
4
1 6621
1 7237
1 4536
3
3
3
4
4
1 5593
3
1 4359
4
3
1 2111
3
3
3
1 6232
1 9449
1 3856
1 7945
1 469
3
1 6484
3
1 4238
4
3
4
1 2659
1 6850
4
4
4
4
4
1 3087
4
1 437
1 6264
1 4361
4
3
4
1 8266
1 5525
1 7655
3
3
3
3
3
1 8019
1 2608
4
3
1 7063
1 7389
1 1132
1 7233
4
1 8223
4
1 3217
4
3
1 510
4
1 8598
1 1700
4
3
1 144
3
1 8390
3
3
4
1 5124
1 4234
1 3964
3
1 1920
1 6442
4
4
1 3502
1 8021
4
3
1 144
3
1 178
3
1 6065
4
4
1 8418
4
4
1 8616
1 964
1 4888
1 4505
4
3
1 8233
1 3663
1 7332
1 3644
4
3
1 1509
1 59
1 988
1 3459
1 2202
4
1 9452
1 113
4
4
4
1 3185
1 4450
4
3
4
1 8843
4
1 7
1 1746
1 1990
3
1 3252
4
3
3
1 1882
3
1 77
3
1 3428
3
3
4
1 4089
1 949
4
3
3
1 4234
1 8328
1 5355
1 3252
1 9188
1 2565
4
1 8535
1 5966
4
3
1 9966
1 2899
1 9442
3
4
1 7681
1 3959
4
4
4
4
1 4531
1 9391
1 1804
1 6127
3
4
1 7226
1 704
3
1 7836
4
3
4
1 5400
1 7542
4
1 6831
3
1 4965
3
4
1 7533
4
1 3328
3
4
3
3
4
4
1 7118
3
1 3009
3
4
4
4
1 1986
1 5399
1 6681
3
1 2978
3
1 3919
4
3
1 1025
1 5423
3
1 6576
4
3
1 3073
4
4
3
1 6325
1 9576
4
1 2510
3
1 5725
1 3350
1 5874
1 568
3
4
1 8644
1 8857
3
4
4
1 2974
1 5398
3
4
1 3533
1 7052
4
3
1 9048
1 5447
1 4431
4
1 1028
1 6598
1 6826
1 806
1 7467
1 4828
4
3
3
1 1855
3
1 7879
4
3
4
3
1 5301
1 4445
1 7662
4
1 1701
4
1 1712
3
3
1 5549
3
1 830
3
4
3
4
4
1 6730
3
1 5435
1 4081
3
4
1 6384
3
1 7038
3
1 5474
1 779
1 3995
4
1 5869
1 199
1 3496
3
1 9259
1 5629
1 8696
4
3
1 6535
3
1 805
4
1 2291
3
3
1 5545
1 527
1 6285
1 4628
1 491
4
3
3
4
4
3
3
3
1 8108
1 3327
1 6156
4
1 627
1 5725
4
4
3
1 1875
3
4
4
1 9615
1 7236
3
3
1 6973
1 5901
4
1 8496
3
3
3
1 2794
1 6782
1 1050
1 1646
3
4
4
1 7764
3
1 8667
1 7504
3
1 132
4
1 8532
1 951
1 5522
3
1 9130
1 4609
1 7522
3
1 867
1 2187
3
3
1 4547
1 5668
4
1 9730
1 5356
1 87
1 8219
1 7238
1 859
1 2618
3
1 5938
4
1 7380
1 8525
1 2536
3
1 8099
1 7352
4
3
1 9915
3
1 599
4
1 4310
1 2439
3
3
1 3297
3
1 7380
1 518
1 2169
1 8912
3
1 8528
4
4
3
3
1 7208
1 9052
1 1108
3
3
1 7561
1 1376
4
1 5423
4
4
1 7983
4
4
3
3
4
1 8275
1 7048
1 1021
3
1 4798
1 7105
3
4
1 8457
3
1 4733
1 651
4
3
3
3
1 6144
3
1 6647
4
1 4899
4
3
1 7472
1 4346
4
4
1 2593
1 5464
3
3
3
3
3
3
3
4
1 6954
4
4
1 1915
1 2234
1 7272
4
1 3568
1 6121
3
3
1 4479
1 384
1 8719
1 7442
3
1 8563
4
1 3528
1 870
1 2503
4
1 359
4
1 4054
1 4220
1 5550
4
1 5374
1 6140
3
1 2657
3
1 9321
3
4
1 1041
4
4
4
3
3
1 9672
4
1 6715
3
1 7298
1 4946
1 7660
1 3591
4
1 6992
3
1 5331
3
1 7663
3
3
1 728
3
3
1 3600
1 8210
4
4
1 3386
1 6759
4
1 2100
4
1 1733
1 4528
3
4
3
1 6297
4
1 3708
1 9875
4
1 9072
3
3
4
1 7746
3
1 7361
3
1 3023
3
1 1742
3
1 8114
4
1 2106
3
1 8129
3
1 7411
4
1 4127
1 8481
1 9821
1 7325
3
4
3
1 5834
1 5174
4
1 1210
3
4
1 4541
1 3213
1 9130
1 5622
1 2253
1 9593
1 8821
4
4
1 6191
4
1 6391
1 5270
4
4
4
4
1 4113
1 1491
1 6739
3
4
3
1 2855
4
1 6298
3
1 7588
1 4188
1 7644
1 5406
3
1 8837
1 9781
3
1 8475
1 9465
3
1 4163
1 3121
1 7022
3
1 4398
4
3
3
1 5170
4
1 8542
1 1207
3
1 9272
3
4
1 579
4
1 8790
1 444
3
4
4
1 682
4
4
1 6262
1 7178
3
1 4738
1 7639
4
1 9929
1 1461
3
3
4
1 8626
4
3
3
4
4
1 4895
1 4664
4
1 1010
1 7722
1 9152
1 7893
1 5878
4
3
4
1 8269
3
1 8010
1 7038
4
1 723
1 6408
4
1 9620
1 6537
4
1 6370
4
4
1 5809
4
1 5012
1 7720
4
3
4
1 274
1 4285
1 5
4
1 8680
1 423
1 1109
4
4
1 8162
1 2895
3
1 4433
1 7203
1 8591
4
1 4821
4
4
3
3
3
1 1514
3
1 4289
1 222
1 2873
4
4
4
1 9899
1 7660
1 8482
1 7938
3
3
3
1 5190
4
1 513
3
4
1 9987
3
4
4
1 3978
4
1 9166
3
1 5177
1 2061
3
4
3
3
3
3
4
1 9247
3
3
4
4
4
1 3925
3
1 7292
1 7690
3
3
4
1 7057
1 4057
4
3
1 5702
1 9960
3
1 7974
3
1 467
1 785
3
4
1 6546
1 219
4
3
3
4
3
1 5850
4
1 8757
1 8384
1 284
1 1120
3
1 6907
4
4
3
1 8319
1 6685
3
1 5235
3
1 6275
4
1 8312
3
1 4650
4
3
3
3
1 3506
1 3226
1 7667
1 6844
1 3867
4
1 9868
1 6240
4
1 812
1 6808
1 2025
4
4
1 6468
3
3
4
1 4120
1 9616
4
1 6258
1 4163
1 8429
1 1455
4
1 6375
1 3490
4
3
4
3
3
4
1 9269
1 7840
4
4
3
4
4
1 6026
3
3
1 1754
3
1 5710
1 9037
4
1 3674
3
4
4
3
3
1 7725
1 2954
1 4338
4
3
1 4621
1 2764
4
3
4
1 6817
1 4613
3
1 4966
3
1 8360
1 8558
3
3
4
1 5780
1 2997
3
3
4
1 6211
1 9368
1 7870
4
4
3
4
1 8012
1 6407
4
3
3
4
3
3
3
1 2290
4
3
1 974
4
1 3897
3
3
1 5228
3
1 3814
3
1 6877
1 7393
1 8266
3
1 8067
4
1 5909
3
1 6792
3
3
1 4237
4
1 1328
3
1 8960
3
1 8580
4
1 1398
3
1 5362
4
4
3
1 5117
1 8315
1 690
1 3062
4
4
1 8085
1 9087
1 2938
4
1 2697
1 1264
1 1009
3
1 7947
1 6674
1 1318
4
3
4
1 7846
4
4
3
1 4225
1 6039
4
3
1 9390
1 6586
3
3
1 2365
3
4
1 9687
4
1 8636
1 9146
1 3672
1 4950
1 9436
1 9626
1 4071
3
3
1 3160
1 2409
4
1 8533
4
4
1 9297
4
3
1 8960
3
3
1 6056
3
1 8877
1 7731
1 4894
4
1 9658
4
3
3
1 8710
4
1 6239
3
1 4786
1 9603
1 6229
1 6919
4
4
1 3613
3
3
3
3
1 9146
3
3
4
1 1305
3
1 6296
4
4
4
3
3
3
1 4762
4
3
4
4
4
1 3264
4
3
1 1950
4
1 2570
1 9758
4
4
3
3
3
1 5955
4
4
1 8718
1 4524
1 3236
3
1 1427
3
1 5785
1 3127
4
4
1 9506
1 8290
1 6308
1 316
1 2191
4
4
1 167
1 2252
3
3
4
3
4
1 7912
1 9201
1 5528
1 2285
1 3976
1 4256
3
4
1 2643
1 2116
3
3
4
4
1 9146
4
1 8626
3
3
1 9120
4
3
3
1 2755
1 2861
4
1 8075
4
1 7086
3
1 834
3
1 4713
3
1 4416
1 9542
3
1 2845
1 7553
1 1582
3
1 7759
4
1 3102
3
1 5833
1 4251
1 6848
4
1 5953
3
4
3
3
4
1 6610
3
1 8603
1 7709
4
4
1 8867
3
4
1 8565
1 1172
1 243
1 8036
4
3
3
1 4246
1 3398
1 2237
1 2571
1 4714
1 7291
4
1 7792
3
1 3707
1 8856
3
1 2111
1 3657
4
1 8328
3
1 6698
4
3
1 8514
1 9667
1 5113
3
4
3
1 2705
1 7730
4
1 6233
3
3
3
1 3810
1 802
3
1 9162
1 2399
3
1 2788
4
3
3
4
3
1 4762
1 36
1 3328
4
1 3405
3
3
1 2133
1 5005
1 344
1 9836
4
1 41
1 9835
4
3
1 7307
3
4
1 9786
4
3
1 8779
1 2676
3
3
3
1 8847
3
4
1 8754
3
1 6249
4
4
1 2012
1 6413
1 4379
1 6213
1 6688
3
4
1 8889
4
1 2518
4
1 2065
1 2186
1 602
1 9720
1 9887
1 2941
4
1 8991
1 8988
4
1 4727
1 2198
3
1 1639
4
3
4
1 3532
1 729
3
1 5211
3
3
4
1 8444
1 5796
3
1 4168
4
1 9052
1 7413
4
1 7923
4
4
1 7364
1 3792
1 4261
3
3
1 312
3
4
4
1 6120
1 6341
4
1 5580
1 9087
1 2905
4
4
1 7001
1 9054
1 5250
1 7377
1 6964
1 7336
3
3
4
3
3
1 7864
1 1899
1 8273
1 7141
3
3
4
4
1 262
4
4
3
1 8178
3
1 9665
3
1 3163
4
1 1060
1 6142
4
3
4
4
3
4
4
1 7445
1 3039
3
3
1 2414
1 4683
1 6268
4
1 7658
4
3
4
1 4859
3
4
1 8784
1 8527
1 5732
4
1 4348
3
4
4
3
1 4178
1 1007
1 4086
3
1 5892
3
1 653
1 7534
4
3
4
1 1076
3
3
3
4
3
1 4827
3
3
1 1004
3
1 4055
1 7936
3
1 7553
4
1 9478
4
4
4
1 4940
3
4
1 2445
1 5555
4
1 8454
4
1 8604
1 8442
1 9486
1 528
1 5386
1 2234
4
1 9283
1 3360
1 4100
3
1 9839
3
3
4
1 4576
1 7876
1 3798
3
1 5284
3
4
1 860
1 6929
1 2922
3
1 9569
1 4992
1 5017
4
1 2700
4
1 5137
1 5066
1 1720
1 4265
1 8266
1 679
4
1 3555
3
1 2346
1 4623
3
4
1 1092
3
4
4
3
1 5124
3
1 6868
4
1 8085
3
4
3
1 457
4
1 5070
4
1 6537
4
3
1 2426
1 6406
1 6246
3
1 910
3
1 2442
3
4
1 5955
1 1601
4
4
1 2577
1 6833
1 6382
1 3082
4
1 4638
1 557
1 24
4
3
1 3107
1 2325
4
4
1 9071
3
3
1 9553
3
1 1894
3
1 207
1 5933
1 2466
1 6206
1 7736
1 8516
4
3
1 698
1 2215
4
1 4640
4
3
4
3
1 1475
3
3
1 8719
1 4150
1 1233
1 7648
1 6090
1 9442
3
1 4704
4
3
1 2250
4
1 8995
1 8285
3
3
1 8198
4
1 8727
1 1247
1 9184
1 1067
1 785
3
4
1 7029
4
1 4720
1 2621
3
3
3
4
4
1 6933
1 4522
3
1 8316
1 4692
1 5679
4
1 2347
1 5996
3
1 5552
3
3
4
1 3612
3
1 5775
4
4
1 3316
4
4
3
4
1 6179
4
1 6114
1 3497
1 8749
1 6618
1 3229
4
4
1 5521
4
1 5431
3
4
4
3
3
4
4
4
4
3
3
1 1938
1 8717
1 9684
4
4
3
4
1 5847
1 9654
3
1 4818
1 2526
1 2012
3
1 6345
1 9229
3
1 8934
1 1551
4
1 3598
1 8309
4
1 8946
4
3
3
3
4
1 6119
1 3241
3
1 6764
3
1 7580
4
4
4
4
3
3
4
1 6788
3
1 7262
4
1 5886
3
4
3
3
4
1 1065
1 9555
1 4150
1 9631
4
4
3
3
4
3
1 7826
4
3
1 8468
4
1 1768
3
1 1915
1 3233
1 3362
1 8517
1 2956
3
1 6008
4
1 6432
4
1 6177
1 8139
1 4981
1 3531
1 5116
3
4
3
3
1 9548
3
3
3
1 6171
1 1299
1 8598
1 3284
3
1 2256
3
4
4
3
1 6969
4
3
4
3
4
1 1943
3
3
1 7351
1 4116
1 9403
4
3
3
4
1 1986
4
1 7938
4
1 194
4
1 8333
3
1 3234
4
3
1 9794
1 5867
1 6233
4
3
4
4
1 4524
1 3212
1 5923
3
1 3818
3
1 6012
4
4
3
1 404
1 6569
4
1 5681
4
1 1921
3
1 5875
4
4
3
4
3
4
3
3
4
3
4
1 9926
1 211
1 473
4
3
4
3
1 7442
1 4290
4
1 1053
1 6679
1 988
3
4
4
1 2114
3
1 3671
3
1 355
3
3
4
4
1 985
1 6686
1 5175
4
1 9184
3
3
3
4
4
1 2079
1 990
4
4
1 2001
4
4
4
1 9125
4
1 9751
4
4
1 5390
1 7927
1 5745
3
4
4
1 1075
1 2807
1 9575
4
1 7309
1 7538
1 8025
1 3131
1 1362
1 1014
3
1 6847
1 3153
4
4
1 9262
1 7014
1 9023
1 6240
3
4
3
1 7771
4
1 5415
3
3
1 1963
3
1 7278
1 1158
1 4285
4
3
3
1 7469
4
3
3
1 4272
1 8272
4
1 4864
3
1 1505
4
1 3585
4
3
4
1 627
1 4718
3
3
4
1 6584
1 158
4
4
1 3084
3
1 3440
4
1 5725
3
4
1 117
3
1 130
1 5211
3
1 7171
3
1 7337
3
3
4
1 4629
1 9458
1 7703
4
1 6803
4
3
4
1 1756
1 6296
3
4
4
3
3
4
3
1 6961
1 2282
4
1 9658
4
1 734
1 5934
3
3
1 4927
1 1444
1 4803
4
3
3
1 845
1 8099
3
3
1 8899
1 2672
3
3
1 8391
4
1 5708
3
3
3
4
3
3
3
1 4461
3
1 9599
4
1 7150
4
4
1 2520
1 8872
1 6170
4
3
3
4
3
4
4
4
1 7601
4
1 5431
4
3
1 559
4
1 9977
1 5399
1 8818
3
3
1 9193
1 3026
4
3
4
1 9264
4
3
4
4
1 5057
4
1 4572
1 3773
1 9559
3
1 5382
1 215
3
1 1994
4
4
3
4
3
3
4
3
1 212
4
1 5897
1 7610
1 2818
1 8783
4
1 6383
1 2316
1 3774
1 9800
4
1 5540
3
4
3
4
1 6442
3
1 4688
3
4
4
3
4
1 9455
4
1 9285
1 4077
3
1 9232
3
3
4
4
1 792
4
1 1127
1 6037
1 3900
3
1 4957
3
3
1 1742
4
4
4
3
1 9401
1 507
1 4506
4
1 6716
1 1952
1 2359
4
1 3802
4
3
1 5499
1 6773
3
1 4200
1 232
4
3
3
4
1 2382
1 9389
3
1 3459
1 2771
1 5296
3
3
4
1 7460
3
4
3
1 9400
1 8655
3
4
3
1 2961
3
1 7721
1 4194
4
1 3257
1 8774
1 1460
3
1 8040
4
1 5460
1 2733
1 5426
3
4
4
4
3
1 722
4
1 5789
1 258
1 7051
3
1 1936
3
1 4057
1 7780
3
3
1 6957
3
1 5600
3
4
1 8536
3
1 6953
1 3424
1 3177
4
1 872
1 6394
1 4376
3
3
3
1 8156
4
1 6820
1 9591
1 4140
1 7858
1 5427
1 1390
3
3
3
1 8688
4
4
1 8274
1 524
1 7580
3
1 4235
1 4432
3
1 2429
1 6282
1 9752
3
3
4
4
1 3009
4
1 2460
3
4
1 3900
3
3
1 1438
1 6160
1 5729
1 8936
1 6740
3
4
1 1090
1 5685
3
3
4
1 1006
3
4
1 6992
1 3602
3
1 6061
1 6588
1 837
3
1 5819
4
3
3
4
3
3
3
1 63
3
4
4
3
1 7904
4
3
3
1 5159
1 2788
3
1 5005
1 1619
1 7989
4
3
4
1 5988
1 8695
3
4
1 7109
1 3805
4
3
1 9276
1 1689
1 7693
1 6450
3
1 7975
3
1 8037
1 2151
3
1 6192
3
1 6201
1 9407
4
1 9516
3
1 7446
3
4
2 6341
2 9023
3
3
4
3
3
2 3610
3
4
3
2 5394
2 2176
4
2 6152
4
4
2 9455
3
2 5810
2 2474
2 7276
3
2 4037
2 5460
2 972
2 1437
3
2 1750
4
3
4
2 7911
2 7103
2 3890
2 3954
2 3371
2 6276
2 4150
2 3735
3
2 8460
4
4
4
4
2 9010
2 9155
3
3
4
4
2 2948
2 3576
3
4
2 1808
3
2 3205
3
3
2 1518
3
2 9537
3
4
2 819
2 4995
3
2 1754
4
2 97
4
2 7109
2 7766
3
3
4
4
2 1111
3
2 8468
3
4
2 2174
4
4
3
3
4
2 6451
4
2 3407
2 2978
3
3
3
4
2 9905
3
4
2 3159
2 2939
2 3952
4
4
3
4
3
3
3
2 4717
2 9630
2 9060
2 409
2 6835
2 3569
4
4
3
2 4975
4
4
4
4
2 6716
4
2 7408
2 5053
2 8974
2 7278
3
3
3
4
4
2 1181
3
4
2 9141
4
3
2 7980
2 3208
2 7881
4
4
4
3
2 4661
3
2 9041
2 2610
2 5854
4
3
2 7056
3
2 800
2 1506
3
4
2 1556
2 4134
4
2 2544
2 7548
2 8188
3
2 6612
2 7827
4
3
2 6566
2 6305
3
4
3
2 6346
2 4661
2 8334
2 1947
2 6082
4
2 8358
2 1320
2 8886
4
3
2 6852
4
2 1385
4
2 1491
2 6049
3
4
2 7443
2 575
2 3995
3
2 9244
4
2 3393
2 1279
3
2 2897
3
3
2 913
4
2 6194
2 1442
3
3
3
4
4
2 1520
4
2 5068
2 3851
2 1141
4
3
3
4
4
4
2 4637
2 2995
2 5928
2 4111
2 6978
2 4336
2 3344
2 1038
3
4
2 8435
3
2 8956
3
3
3
2 8341
2 7003
2 5997
2 9145
4
3
2 9413
4
2 6921
4
3
2 8655
2 6255
2 6457
2 572
3
2 7925
3
4
2 2273
3
4
4
2 3021
3
3
4
3
2 6897
4
2 2331
4
4
3
2 4170
4
4
2 903
2 6846
2 8552
2 8250
4
2 3718
3
2 9506
2 6346
2 8548
4
2 383
2 7629
4
2 6878
4
2 4557
2 4277
2 9848
2 1247
4
2 3760
4
4
4
3
3
2 212
2 9206
4
2 9867
2 8941
2 2515
4
2 1298
2 9855
3
4
2 1049
4
2 9742
3
4
4
2 267
4
2 5430
2 3208
4
2 9348
3
4
2 8830
3
2 1001
4
2 2199
3
2 4036
2 3199
3
2 9300
3
3
4
2 3648
4
4
2 9366
2 3663
2 9440
4
3
4
2 1392
2 9487
4
4
3
4
2 1352
3
2 5413
2 9245
2 6510
2 7786
2 3799
4
2 2131
3
3
2 7813
2 3613
2 5917
2 5610
4
2 2732
4
3
2 7192
3
2 5584
4
4
2 7899
2 3562
2 1496
2 8892
4
4
2 9199
4
2 7683
2 1110
4
2 816
4
2 6968
4
3
3
2 606
4
3
2 2163
2 8644
3
4
2 4397
2 1393
3
4
3
2 3379
4
4
2 7321
2 9852
2 7958
2 7382
3
3
3
2 7647
2 378
3
2 1068
2 3636
3
2 2230
2 2560
2 4540
2 8700
2 9239
2 8715
4
2 9043
2 1172
2 6069
4
2 3681
2 1653
2 4345
2 2238
2 8886
2 8489
2 3280
4
4
3
3
2 3408
4
4
4
2 2060
2 1294
2 7550
3
2 9268
2 4886
2 7994
3
3
2 5762
4
4
3
4
3
4
4
2 1512
2 888
4
2 7017
3
3
2 6586
4
3
3
2 2451
2 585
2 8054
2 9845
3
4
2 3128
4
2 346
2 4394
2 4755
2 7279
2 9903
2 7541
3
2 912
2 274
2 3126
3
3
2 9511
2 725
2 993
4
2 7921
4
2 7002
2 8107
2 8702
2 8549
3
2 4532
3
4
3
2 8518
2 3146
4
2 2474
4
2 8646
4
3
2 2813
2 2124
2 9728
3
4
4
3
4
2 2077
4
3
3
2 5587
4
3
2 6575
2 4198
3
2 9677
2 1755
2 2661
3
4
4
4
4
2 4720
3
2 8690
3
2 9826
2 9512
2 2988
2 7148
4
2 7792
4
2 8216
2 1407
2 2424
2 4568
2 7179
3
4
2 5808
3
2 5180
3
3
3
2 5021
2 3339
2 3478
4
3
3
4
3
2 1669
2 5855
2 7461
2 5265
2 4926
2 8682
2 7352
2 2399
3
2 2516
2 9049
4
2 8149
4
2 1911
3
2 9964
2 1147
4
2 1357
3
3
4
4
3
3
2 3468
2 8808
2 9697
2 8445
2 1021
4
2 8418
2 8557
4
3
3
2 9275
4
2 809
2 9675
4
2 2185
2 4727
2 2749
3
3
4
2 415
2 322
4
2 3448
2 3314
2 5259
3
2 7403
2 625
2 3120
4
2 179
2 1301
2 6048
3
2 2142
2 338
3
2 8682
2 2889
2 3474
3
4
3
4
4
3
2 8455
2 8339
2 3226
2 3105
3
2 8698
4
3
2 9799
4
2 4930
2 2703
2 6685
2 2586
2 6531
2 9257
2 2529
4
3
3
4
4
2 2466
3
4
4
2 2382
3
2 2844
2 5509
3
2 6961
4
2 9309
2 9190
3
2 8765
2 7532
4
2 4221
4
2 8032
3
2 9703
2 1802
2 646
3
4
2 5347
3
2 4841
2 3312
2 7458
2 7347
3
2 672
2 4605
2 25
2 4970
3
3
2 2352
4
3
2 7407
2 1355
2 2042
2 8585
2 9381
3
4
4
2 7700
3
3
3
4
3
3
4
4
2 4479
4
4
4
4
2 1248
2 4781
2 1564
2 6288
3
4
3
2 6601
4
3
4
2 8396
2 1134
2 8949
2 5747
2 9761
4
4
2 1523
2 7478
4
2 1751
2 2697
2 3290
3
4
3
2 702
3
2 194
3
4
4
4
2 7932
3
2 6958
4
4
3
4
3
3
3
2 1952
4
4
4
2 2119
2 3057
4
3
2 7104
2 4249
3
4
2 2083
4
2 5032
2 100
4
2 4898
2 4331
3
4
4
4
4
2 2321
2 1240
3
3
3
4
3
2 4112
2 6589
4
4
4
4
3
3
2 6328
4
2 6703
2 9642
2 7383
2 7879
2 2397
2 221
4
4
2 1907
2 5761
3
2 6142
3
3
4
4
4
3
2 1916
4
2 601
4
3
4
2 9227
2 2512
2 6827
2 3160
4
2 7345
3
2 222
2 5081
2 6329
3
3
2 9864
4
3
2 4758
2 6640
2 3326
4
2 5352
2 1103
3
4
2 2421
2 6499
2 5663
4
2 741
4
3
3
2 9946
3
3
2 5525
2 7278
2 8619
4
2 5682
2 7045
2 5196
3
4
4
2 7238
2 5699
3
2 8921
2 9358
2 7102
3
3
2 3618
2 5210
4
3
3
4
3
4
2 9927
2 455
2 3130
2 8860
2 395
2 2497
2 4813
2 896
2 5029
3
2 7576
2 390
2 5581
4
4
2 8982
3
2 8424
3
2 41
2 6670
2 3148
2 5980
3
2 6294
4
2 1504
3
3
3
2 2033
2 83
2 7237
3
4
4
2 6926
2 9271
2 8709
4
2 518
4
2 4390
2 8114
3
3
2 2890
3
4
4
4
2 2422
2 5744
2 5183
3
4
2 8729
4
2 6295
2 2852
4
4
2 230
3
3
2 8747
4
4
2 1688
2 9618
4
3
2 471
4
2 6904
3
2 5852
2 5013
3
2 2728
2 7462
2 8016
2 336
4
2 2822
4
2 6900
4
2 4247
4
3
3
4
3
2 2592
2 6001
3
4
2 8504
2 3866
2 3131
4
3
2 4093
4
2 2276
2 2512
3
4
3
4
2 4466
4
4
2 9731
2 6164
3
2 8488
4
4
3
2 9374
2 3756
4
4
2 6409
4
2 7039
2 2840
2 6843
2 6133
4
4
2 8874
4
2 2880
4
3
4
2 2824
2 4413
3
2 9733
4
2 577
3
2 8243
4
2 262
2 5298
3
2 9202
3
2 3142
2 3121
2 2664
4
2 3001
3
2 799
3
2 6142
2 5175
4
3
2 120
2 9352
4
2 9714
2 6700
2 7086
2 8479
3
3
3
2 2841
4
4
4
2 1287
3
3
3
3
2 4946
2 7184
3
2 1584
3
2 3167
4
2 9528
2 4006
2 3647
4
4
2 2682
3
2 6808
2 3050
3
4
4
2 3693
2 4172
4
4
2 9282
4
3
4
4
2 2486
2 5909
3
2 2962
2 8130
3
2 9598
3
3
2 7788
2 9833
2 3501
3
3
4
2 4859
4
2 482
2 5698
3
2 9690
2 4909
4
2 4662
2 369
2 2115
4
2 5837
3
2 4225
2 9604
2 8843
2 5293
2 9072
4
4
2 3517
3
2 2741
2 828
2 2184
2 2813
2 510
3
4
4
4
2 930
2 5914
2 6623
3
3
4
3
3
3
4
2 4621
3
2 9016
2 292
2 3100
2 5784
2 6354
3
3
3
4
2 1234
3
2 4952
3
3
2 9852
4
4
3
2 5157
2 9714
2 9129
2 2671
4
2 393
2 5321
2 8778
3
4
4
4
4
2 9514
4
3
4
3
4
4
3
2 2347
3
2 3293
4
4
2 8412
2 7141
2 9577
2 8386
2 6163
2 2129
4
4
3
4
4
4
2 8415
2 611
2 4424
4
3
2 8905
2 1686
2 6877
3
3
4
2 9855
2 402
3
2 4242
2 8289
4
2 3191
4
3
4
2 6616
2 9028
4
2 8057
2 2534
4
4
2 6188
2 5283
3
2 7460
3
2 7720
2 8045
3
3
2 6097
2 4534
3
3
2 63
3
2 7883
4
2 2053
2 5219
2 7188
3
2 5329
3
2 2129
3
2 3979
3
4
3
3
2 806
3
2 7120
4
4
3
4
2 2171
3
2 9235
2 9617
4
3
3
2 4966
4
4
3
4
3
4
2 5240
2 6333
2 6068
4
2 6635
2 8970
2 6054
2 9437
2 1710
4
2 3674
3
3
2 1519
4
3
4
4
4
4
2 7091
2 8278
4
2 5399
2 4620
2 273
2 2896
3
2 3696
3
4
2 2512
4
2 4571
3
2 2868
3
2 1549
2 7625
3
4
2 7993
2 4393
2 6026
2 956
3
2 9581
2 3636
4
3
2 8935
2 2451
2 9126
2 9658
4
2 5826
3
2 2899
3
4
2 2753
2 3362
4
2 5352
2 2771
3
3
4
2 3034
3
3
2 6341
2 9368
2 9672
3
3
2 6616
4
2 7564
4
2 8205
2 2151
2 4447
2 846
2 8907
3
2 1720
2 4286
2 7817
4
3
4
2 8842
2 215
3
3
2 8287
2 353
4
4
4
2 9337
2 3684
2 2163
4
4
2 963
2 4678
4
2 1703
2 5247
2 278
2 2187
4
2 2998
2 394
2 7171
2 8468
4
2 5992
4
4
2 8535
3
3
2 6455
2 2449
3
3
2 6283
2 7973
2 739
2 8830
3
2 6917
2 8343
2 3198
4
2 9935
3
4
3
4
3
3
2 9984
4
2 7189
3
2 5560
4
2 9229
3
2 1301
4
4
3
4
2 9557
4
3
2 7876
2 2843
4
3
3
2 9977
2 9892
3
2 1354
4
2 3579
4
4
3
4
2 3937
3
2 1708
2 3888
3
4
2 3687
2 6185
2 8574
2 483
2 5613
4
2 7810
2 468
4
3
4
2 4089
2 271
3
4
2 6165
4
3
2 379
3
4
2 1149
2 6723
2 1654
2 6045
3
4
2 1078
2 2413
3
2 7209
2 7474
2 8674
2 8069
2 187
4
2 4323
2 873
4
3
3
2 993
2 6854
3
2 95
4
2 7085
2 5922
2 7906
4
2 8771
2 5372
3
4
3
2 4275
2 6983
2 8230
2 9153
3
2 7274
3
2 4419
2 6800
2 7524
4
4
4
3
4
2 1068
2 5614
2 6405
3
4
3
3
2 8863
3
3
4
3
2 1228
2 6488
2 3682
2 4812
2 4886
2 6280
4
2 594
3
3
4
2 6722
2 6785
3
4
2 2836
2 1882
3
2 1337
3
4
4
2 6465
3
2 5660
2 1501
2 8004
2 1899
4
4
3
4
2 1953
2 5372
2 9318
3
2 1283
4
3
2 605
3
3
2 5520
2 9747
2 5125
3
3
2 8371
3
2 6288
3
4
3
2 8652
3
4
4
2 5605
2 1839
4
2 759
2 3477
2 1327
4
3
2 5953
2 4248
2 4316
4
2 2207
2 4283
4
4
2 4071
2 9789
4
2 7286
2 2923
3
3
2 8421
4
3
2 1256
4
4
4
2 936
3
4
4
2 4997
4
2 4771
2 5501
4
4
3
4
4
2 9297
2 4294
2 7203
3
4
3
3
3
4
2 3464
2 2063
2 544
4
2 1480
4
3
3
4
2 2201
2 2558
3
4
3
2 4394
4
3
2 7224
3
2 6931
2 2190
3
4
2 8845
2 9942
4
2 5855
2 2634
4
3
2 7642
3
4
2 2805
3
2 8674
3
2 2138
3
2 7555
2 2248
2 436
2 1626
3
2 8035
3
3
2 71
3
4
2 5245
2 4850
2 5425
2 7188
2 1862
4
3
2 1279
3
2 3510
4
4
2 5268
4
2 9992
2 2520
3
2 7089
2 6347
2 2880
4
4
4
2 8555
2 398
4
4
2 8405
2 8410
2 7565
2 8868
2 3649
2 6939
3
2 4378
4
2 2041
2 8976
4
2 8435
2 1106
3
2 5954
2 4207
3
4
4
2 390
2 3616
4
2 942
3
2 8402
2 5303
4
2 9758
2 704
2 6763
2 7150
4
2 3835
4
4
2 8709
2 9317
3
2 9154
4
2 8399
3
4
3
3
2 8982
2 9519
2 1898
3
2 8330
3
2 6143
3
2 1857
3
2 1090
4
2 8010
2 9313
2 6647
4
2 8736
4
2 1447
2 2038
2 6429
2 6853
3
3
2 3945
4
2 7581
4
2 5731
4
4
4
2 4147
3
3
4
4
2 133
2 5739
2 9096
3
2 4659
2 3112
2 1926
2 9319
2 535
4
2 2204
2 6622
2 1930
2 5838
2 1846
2 4050
3
2 9031
3
4
2 7087
2 6144
2 3758
2 6556
2 563
2 4592
2 199
2 7505
2 5071
3
3
3
2 421
2 6333
3
3
2 724
2 3089
2 9989
4
2 271
3
2 3368
4
2 1053
2 8733
3
3
2 8286
2 273
2 8991
2 533
2 9851
4
4
2 1925
4
2 9433
2 2875
4
3
4
2 4225
3
2 4747
3
2 7893
2 3565
4
2 958
2 663
4
2 870
4
3
3
4
2 9625
2 2800
4
2 9091
4
2 5294
2 310
2 139
2 9708
2 285
4
2 9662
4
2 4500
2 4364
2 4093
2 2090
2 5076
4
3
2 3553
4
2 9162
2 4438
2 7401
2 1984
2 893
4
2 8175
4
3
4
3
2 9326
3
2 9512
2 7678
4
3
3
2 7568
2 1402
4
2 6626
4
2 6909
2 3059
2 5560
2 9905
2 6683
2 750
2 7087
4
4
3
3
2 3481
4
2 4313
3
4
2 3586
2 7469
2 2720
4
2 7426
2 7000
2 7653
2 2311
4
2 7045
2 5810
2 4614
2 249
3
2 9492
3
2 1925
4
4
2 8163
2 9861
2 9083
4
4
3
4
4
2 2218
3
2 8230
3
2 5464
4
2 1460
4
2 465
3
2 6219
2 3333
3
2 5745
2 5642
3
2 7365
3
3
3
4
3
3
4
3
2 5930
3
4
3
2 5745
2 6034
2 8903
3
3
2 8688
4
4
3
3
2 9349
4
2 4138
2 1195
2 1881
2 6909
2 6472
4
4
3
4
2 8640
2 8595
3
4
4
4
3
3
2 7156
3
4
4
2 1522
2 5618
3
2 1657
2 2710
4
4
2 5011
4
2 1824
2 6514
4
3
4
3
4
4
4
2 5941
2 9932
3
3
3
3
2 3788
2 9481
2 6858
2 9207
3
4
3
3
2 66
2 8448
2 1648
4
3
3
2 8991
2 5745
4
2 7205
2 8984
2 1204
2 9402
2 9970
3
3
4
4
2 3415
2 953
2 9795
2 7138
2 5446
3
2 6821
2 7722
2 336
2 4882
2 3630
3
2 2452
2 2039
3
2 2933
4
2 5989
4
2 571
4
2 296
2 7806
3
2 649
4
2 6720
2 9026
2 632
2 1874
2 9891
2 7320
4
4
2 2766
2 178
4
4
3
4
2 9147
2 5155
2 6028
2 5795
3
2 5177
4
2 4554
2 7512
2 2509
3
4
3
2 2065
4
4
3
2 6833
3
4
2 4149
3
3
3
4
4
2 57
3
2 2470
2 4225
2 1933
2 3954
2 4081
2 3375
2 5629
4
2 6534
2 4650
2 3773
2 1120
2 3419
2 4673
2 1517
2 4250
3
4
2 4802
2 4869
4
2 4924
4
2 2522
4
2 5477
2 3907
2 5785
3
4
2 6489
2 133
2 8707
2 1496
3
4
2 6150
4
2 6211
2 5184
2 3702
3
3
3
2 4918
4
3
3
2 3322
3
2 4067
3
4
2 7318
2 2036
4
3
3
4
2 6919
3
2 3645
2 2085
3
2 9981
4
2 3299
3
3
4
4
3
4
2 2945
4
3
2 8293
2 5081
2 3414
2 953
4
2 3366
2 1525
2 2910
4
2 1062
4
4
3
2 504
3
3
4
2 1645
4
2 3389
2 4125
3
4
3
2 4789
4
2 5653
2 7765
2 425
3
3
3
4
4
2 773
2 3986
2 5438
4
3
4
2 9799
4
4
2 7296
3
2 8505
3
2 4063
3
3
2 9844
4
4
3
3
2 1663
2 626
4
2 4659
2 5859
2 2096
3
2 8200
3
4
4
2 9590
4
3
3
4
4
2 8014
4
2 6740
2 9812
2 5287
3
2 6091
2 8377
3
4
2 2240
4
4
4
2 8841
3
2 1828
3
2 2079
2 5263
3
2 3697
2 287
2 8471
3
4
2 2065
2 553
2 1650
3
3
3
4
2 9362
3
2 5773
4
3
2 175
2 4006
4
2 2895
3
2 1446
4
2 3510
4
2 1968
2 5526
4
2 6250
2 8167
4
4
3
2 7876
4
3
2 5495
2 6170
2 1202
2 6087
4
4
3
2 364
3
2 7603
2 8057
3
2 142
2 4803
2 119
2 1092
4
4
3
4
4
2 6648
4
2 3341
2 2137
2 907
3
2 4036
2 5315
4
4
4
2 6374
2 5686
4
2 1594
4
3
2 9572
3
2 4389
2 6291
2 3950
2 7723
2 7577
2 6554
3
2 868
2 1624
2 1025
2 8302
2 1295
3
2 5123
4
2 9645
3
3
2 3396
4
3
2 8007
2 7660
2 818
2 1520
4
3
3
2 8338
4
4
2 810
3
2 4659
2 390
4
3
2 6696
2 1810
3
4
3
2 3111
3
4
2 3999
4
3
2 2744
2 272
3
2 678
3
3
4
2 8636
4
3
2 7154
3
3
2 2460
2 6040
2 8678
3
3
4
3
2 6658
3
3
4
2 7202
2 5995
4
3
4
2 6770
2 8836
2 9419
2 6855
2 1433
2 2338
4
3
2 4441
4
2 9482
2 3422
3
2 723
3
2 6983
4
4
3
2 7046
2 6545
4
2 2116
3
4
4
4
3
2 5874
3
2 5785
3
2 3631
2 6730
2 2895
4
2 3624
3
2 5338
2 6900
2 2722
2 6378
2 4267
2 5920
3
2 4237
3
4
2 671
4
3
2 2072
4
2 912
2 6176
3
4
2 3728
3
4
2 4319
3
3
3
4
4
4
3
2 6550
2 7350
3
4
3
2 7178
2 811
2 668
2 3806
2 6399
2 7833
4
3
4
3
2 1982
3
4
4
3
2 4201
2 834
2 5678
4
4
3
2 3059
2 7493
3
4
2 2241
4
2 4107
2 5430
4
2 5469
2 371
3
2 7609
2 2880
3
3
2 6595
2 4229
3
2 7317
3
2 635
3
4
2 9647
3
2 8499
4
4
2 1128
2 3961
2 4298
3
4
2 3417
4
2 2805
2 3156
4
3
3
4
2 9255
4
3
3
3
3
2 4558
2 7397
3
3
3
3
4
2 6444
2 7308
3
4
2 9961
3
2 5454
2 6642
4
2 4584
2 959
2 6151
4
4
4
2 8463
4
2 4558
2 4357
2 9032
4
2 4276
3
2 5362
3
2 1922
3
2 4239
2 5443
2 3564
2 3636
4
3
2 1065
2 9720
2 2471
2 6580
2 9358
2 1587
3
2 3698
2 3597
2 1138
4
2 5553
2 3458
3
2 2202
2 7758
2 7275
2 6339
2 8848
3
2 6401
2 3558
3
2 96
2 4096
2 5462
3
2 5135
2 8890
2 3060
2 6091
4
2 6757
2 6706
2 7846
3
2 3467
2 5497
2 163
3
4
2 1033
3
2 9855
3
2 6721
4
4
3
2 6339
2 6918
3
2 7504
2 516
2 4756
2 9169
2 8741
4
2 8015
4
2 1051
2 9443
3
3
3
2 5065
4
3
3
3
2 821
3
4
4
4
4
2 6692
2 4059
3
3
2 5217
2 1114
4
3
2 8401
3
3
2 1208
4
4
2 6454
3
2 5966
4
3
3
4
3
3
2 2801
4
3
3
2 1670
3
2 9723
2 8299
3
2 1898
4
4
2 7170
2 6553
3
3
3
2 8159
4
2 5506
2 3666
2 7847
4
3
2 1116
3
4
3
2 6958
4
3
2 2729
3
3
3
4
3
2 3482
3
3
2 1418
2 3599
3
2 2903
3
2 4011
2 331
2 6003
2 5263
3
3
4
2 6618
2 9421
4
3
3
3
4
3
4
3
4
2 6519
4
2 8992
4
2 4566
3
2 8484
2 2845
3
4
3
4
4
2 3559
2 5153
2 2138
2 4029
2 1997
4
3
3
3
2 2452
2 4555
2 9322
2 212
2 5725
4
2 6836
3
4
3
2 3087
2 7339
4
2 8151
4
4
2 7611
2 4682
2 410
3
4
2 5450
2 231
3
3
2 3586
4
4
2 2700
3
3
4
2 4699
2 2260
4
2 7735
2 8803
3
4
2 3106
2 5302
2 868
3
3
4
2 1383
2 611
3
2 4773
2 1310
2 2515
2 9335
4
3
2 6894
4
4
4
2 8699
2 2260
2 1090
3
3
2 1165
2 3837
4
4
2 8226
3
3
3
2 4460
4
2 3525
2 3282
2 8978
4
4
2 7716
2 747
2 5542
2 4923
3
2 9754
4
4
4
4
2 6642
3
4
3
2 3138
3
4
4
4
4
4
2 4369
4
4
2 1429
4
2 2737
2 9040
2 7275
2 387
3
2 559
2 7667
3
2 7825
3
4
2 3190
3
2 1264
4
2 404
2 5047
4
2 1461
4
4
2 13
2 5482
4
2 9121
2 4714
2 1543
2 6298
4
4
4
3
3
3
2 2649
4
3
2 5656
2 9027
4
3
4
2 4815
3
2 9029
3
2 5685
2 1010
3
4
3
3
3
2 7707
2 7651
4
3
4
4
3
4
2 6455
3
4
4
2 4376
2 7690
3
4
2 9073
4
4
2 153
2 2337
2 5929
2 6338
4
4
2 6735
3
2 2621
3
2 340
4
4
2 5951
4
2 6231
2 7683
4
2 1448
2 936
4
3
4
4
2 7609
2 314
4
2 334
2 261
4
3
2 8188
2 7168
2 3152
2 7306
2 2683
2 4994
4
4
2 3141
2 6099
4
2 9363
4
4
2 2104
2 8861
4
4
2 3218
2 3374
2 5516
2 1284
4
4
3
2 3780
4
4
2 9101
3
2 6212
2 3187
2 4367
4
3
3
4
3
2 4352
4
4
3
3
2 7517
3
2 7261
3
2 543
3
3
2 7565
2 6636
3
4
3
2 4157
2 9953
3
4
2 9403
3
2 9242
2 5285
3
2 5066
3
4
2 2508
2 7571
3
2 1657
3
3
2 4164
2 9118
4
3
2 3241
2 6416
2 165
4
3
2 9505
3
2 1055
3
2 6262
3
3
2 3620
3
2 3059
2 7053
2 8802
3
2 674
3
4
4
4
4
4
4
4
2 2710
2 746
3
3
3
3
2 6270
2 1159
4
4
2 1290
2 1034
3
2 1338
4
2 2641
2 4192
2 3937
2 6105
4
4
3
3
3
2 1592
4
2 627
2 2071
2 7391
2 7028
2 1395
2 4881
2 2198
3
2 9333
4
2 3068
2 4842
3
4
4
3
4
2 381
2 9826
2 2473
3
2 4710
2 9108
3
3
4
4
2 1951
4
2 5229
4
4
2 8479
2 115
3
2 9071
4
4
2 481
2 2283
2 5720
4
3
4
3
3
2 8347
4
3
2 1824
3
3
2 7673
2 7189
4
2 606
2 1938
4
4
4
3
2 8825
2 1758
3
3
2 1268
4
4
2 4732
2 7629
3
3
3
3
2 9634
3
2 8398
2 1895
4
4
2 6960
2 8334
4
2 1448
3
4
2 4683
4
2 2708
4
2 3833
2 1891
2 2684
2 3838
4
2 4441
3
2 6577
3
2 2367
3
2 2606
3
4
3
2 4510
2 8448
2 3255
4
2 5174
3
3
4
3
4
2 5767
4
2 723
3
2 2028
4
3
2 2785
2 6481
4
4
2 7889
2 6319
2 4539
2 4735
2 9467
4
4
4
2 5025
2 9524
3
2 7270
2 901
4
2 4996
4
4
2 8788
4
4
2 4821
3
3
4
2 600
2 9324
4
3
2 2326
2 6594
4
3
2 6802
3
3
4
2 2820
4
2 7346
3
2 1856
2 22
2 7891
4
4
4
3
3
4
2 7457
4
2 4582
3
4
3
2 7231
4
4
2 7378
4
2 5011
2 1896
2 4393
2 7753
3
2 7069
3
2 7172
2 92
2 1985
4
3
2 5204
4
2 2263
4
2 5510
2 6473
3
2 2711
4
4
3
4
2 7347
4
4
3
2 2510
2 1089
2 7555
3
3
4
2 8712
2 2535
2 3727
3
4
3
3
3
4
3
3
2 9069
2 2236
3
2 4830
3
3
3
3
3
3
3
2 9490
3
4
3
3
3
4
2 7244
4
2 2026
2 8981
2 5100
3
2 297
3
2 881
4
2 7616
4
4
2 7598
3
2 2461
4
2 974
3
4
2 6616
4
4
2 5998
2 766
4
2 2955
3
3
2 2514
2 7642
2 1168
2 8070
3
4
3
2 6992
4
2 803
2 5166
3
2 9971
2 6898
3
4
2 7058
2 9567
3
2 6521
2 617
3
2 2343
2 8034
3
4
3
2 9582
3
2 6925
2 3853
3
2 9239
4
2 6049
3
2 8566
2 8384
2 2141
2 8982
4
3
2 6499
2 6649
4
4
2 2074
2 8759
4
4
4
3
2 840
2 6616
4
3
2 8001
2 7705
2 2643
3
4
2 3947
4
2 9382
3
3
3
4
4
3
3
2 659
3
2 9498
2 6979
2 5051
3
2 2988
4
3
4
2 1866
3
4
4
3
3
4
4
2 8988
2 4179
2 8754
3
2 8567
2 3579
2 3330
2 4325
2 2209
2 448
2 4969
4
2 877
2 6070
4
2 3807
2 7726
4
4
2 9991
2 373
2 8811
4
3
2 2169
4
3
3
4
3
2 7971
2 6212
2 512
2 4678
2 2520
2 7008
2 9191
4
3
2 2270
4
2 339
2 6977
3
2 7915
4
3
3
4
2 2250
4
4
3
2 5637
2 9656
2 1432
2 6217
4
2 1635
4
3
2 9304
3
4
2 6833
3
3
4
2 3396
4
4
3
2 3994
4
2 1454
2 3699
2 2584
2 4821
3
2 430
2 9813
2 4368
2 4902
2 8308
3
3
2 4328
2 8017
3
2 2334
3
3
4
2 5198
4
3
2 497
2 3122
2 2197
2 9641
3
4
2 4728
4
3
2 66
2 4431
3
4
2 8441
4
3
3
4
2 1294
2 7697
3
2 6850
2 2753
4
2 8382
2 2441
2 1974
2 6631
4
2 7304
2 688
3
2 2796
3
3
2 6425
3
3
4
4
2 7442
3
2 1654
4
2 5060
3
3
3
2 7563
2 3085
3
2 2874
4
2 4074
2 4791
4
2 1273
2 7497
2 4932
2 7579
4
2 6487
3
4
3
3
4
2 4557
2 1284
4
4
4
3
3
4
3
4
2 9583
2 1670
2 9014
3
4
2 5521
2 7611
3
4
2 6621
2 7178
2 9981
2 7100
3
4
2 4228
4
3
3
2 3453
3
2 4437
2 8716
2 4924
3
4
4
3
3
3
2 2824
2 1549
3
4
2 6034
4
3
2 2451
2 9086
2 9863
2 5923
2 1309
2 5199
4
2 2119
3
4
2 169
4
2 4430
3
2 7230
4
2 4840
2 4472
4
2 7736
3
4
3
2 5286
4
2 4423
2 3496
2 4282
2 2974
3
2 5717
2 5919
4
3
2 5559
2 4793
2 9369
3
4
3
3
2 2240
2 3053
2 9909
2 1504
2 4151
2 8430
3
2 8972
2 7154
4
3
4
4
3
2 5932
2 4249
4
3
2 799
4
4
3
2 4173
2 9680
2 2417
2 3718
2 9423
2 4273
2 5575
2 1849
2 465
2 9823
2 4682
4
2 2388
4
2 9339
2 7666
2 5276
2 7926
4
2 5221
4
3
2 8818
2 3226
2 3107
4
2 5575
3
2 4003
2 3718
4
4
2 1420
2 4049
2 6223
2 5313
2 834
2 2145
2 2428
3
2 9449
4
2 8772
4
2 6664
2 1756
4
4
4
2 2413
3
4
2 2458
3
4
2 7577
3
2 791
4
2 7972
2 3830
2 3986
3
3
2 1550
2 8630
2 3782
2 6368
3
2 8342
2 991
2 6253
4
3
2 1648
3
4
4
4
3
2 659
2 6117
2 4240
3
2 8148
2 3880
2 8752
4
4
3
4
3
2 5306
4
2 8911
2 9991
4
4
2 5135
2 6099
2 4439
3
3
3
2 8397
3
3
2 3692
2 9226
2 2055
2 2240
2 6838
2 488
4
3
3
4
3
4
3
2 3822
4
2 5688
2 1508
2 1306
4
2 5021
3
4
2 773
4
2 4083
2 7651
2 4006
3
2 7124
3
2 7743
4
2 1967
2 8649
3
2 9631
4
3
4
2 4843
4
4
2 8844
3
2 1045
3
2 9084
2 6652
2 29
3
2 9345
3
4
2 1932
4
4
3
2 9819
2 5974
3
2 7438
4
3
3
2 9917
4
3
2 7401
3
2 6110
4
2 2313
3
4
4
4
3
2 8751
3
2 2945
3
2 3095
3
2 5318
3
2 8678
4
3
2 5594
3
4
4
2 1944
2 1736
2 3774
2 9172
2 3701
4
2 9719
2 6296
2 246
3
3
3
3
2 3311
2 4820
3
2 1311
4
2 7046
3
3
2 7242
4
2 7565
3
4
3
4
3
2 7465
3
2 629
2 1860
2 6855
3
2 8033
2 5593
3
4
2 7682
2 6896
2 3377
2 8312
2 4334
2 7072
2 1467
3
3
3
4
2 668
2 4103
2 3116
4
3
3
2 8492
2 5549
4
4
3
2 3197
3
3
4
3
2 8246
2 6875
4
2 3227
4
2 8250
4
4
2 2368
2 3752
4
2 9675
4
3
2 8545
2 4725
2 3223
2 9036
2 1482
4
2 4349
2 7701
2 7805
3
2 6680
2 2555
4
4
2 2761
2 7518
4
3
2 1778
2 1405
4
4
2 1942
2 9225
3
3
2 3484
4
2 9313
2 1521
2 5948
3
4
2 2972
3
4
2 4045
2 1241
3
2 8706
2 50
3
2 4804
2 5814
3
3
2 1890
4
3
3
3
2 9510
2 667
3
2 7826
2 8102
4
2 2005
3
4
4
4
4
2 8680
3
3
4
2 1985
2 4671
3
4
2 8167
2 4648
4
4
3
4
2 1107
4
3
4
2 2417
3
4
2 8867
2 3456
2 2018
3
2 4996
2 4280
2 2464
2 8547
2 8378
2 7547
4
2 284
4
2 9639
2 1832
3
2 5988
3
2 4585
2 8146
4
3
3
3
4
2 9347
3
2 8195
3
2 9112
2 26
2 6070
4
3
3
2 945
2 8531
2 9890
4
2 2174
4
4
2 8014
3
3
4
4
2 5966
2 1001
2 6992
3
3
4
2 391
4
2 2145
2 9647
4
3
3
2 1670
4
2 2932
2 3666
2 7263
2 9608
2 9799
4
2 1316
3
2 673
2 2787
2 7851
4
3
2 1713
3
2 1896
3
2 6028
2 1180
3
2 6071
2 7072
4
2 7315
4
2 2179
2 2430
2 4719
3
4
2 6253
2 3370
4
2 8664
4
4
2 7415
2 1062
4
2 7980
2 1734
2 7000
2 4136
2 2324
2 8404
2 4358
2 1871
2 4332
2 5753
3
3
3
4
4
2 4191
2 7787
2 9432
3
2 4257
2 2431
2 96
2 624
3
3
3
2 1998
2 7276
3
2 7781
2 5132
3
3
3
3
2 5610
3
4
2 5044
3
4
2 5278
4
3
4
4
2 6260
2 3132
2 3887
3
2 806
2 5253
2 303
4
4
2 1379
2 7643
2 6490
2 305
2 8711
4
3
2 7889
4
2 7093
2 4189
4
2 5590
3
2 461
2 4482
2 3833
2 7675
2 3575
3
3
4
4
3
3
3
2 7176
2 3980
2 2260
4
3
2 9895
3
2 9122
2 699
4
2 1853
4
4
4
2 6877
2 1063
3
2 7885
3
3
2 7531
2 1776
3
2 9160
2 4854
2 2204
2 314
4
4
3
2 2402
2 361
2 6390
4
3
2 6673
2 7525
2 349
4
2 7026
2 1170
3
2 3164
2 8683
4
2 26
2 342
2 3636
2 6136
4
2 9995
4
3
2 1834
4
2 4601
3
3
3
3
2 2330
2 73
2 9878
4
4
3
2 8495
3
4
2 8402
4
4
2 135
2 9222
2 6060
3
2 646
4
4
2 4121
3
2 421
2 9235
3
2 9407
2 4818
2 2121
2 1929
2 7538
2 5649
4
4
3
4
2 5522
4
4
4
2 9537
4
4
2 6989
2 3761
3
2 3733
2 1055
4
2 5852
3
2 8099
2 2084
4
2 6474
2 3128
2 4811
3
4
2 4920
4
2 403
2 6869
3
2 6946
4
2 2432
4
3
2 1604
3
3
2 78
3
3
2 4629
4
4
2 2953
2 447
4
2 3327
2 1797
2 4571
3
3
4
2 4631
3
3
4
3
2 2116
3
2 3724
3
4
3
2 2137
2 1076
2 6344
4
3
4
2 2464
2 50
3
4
4
2 2961
4
2 191
3
3
4
2 7160
4
2 2703
2 9958
3
3
3
2 2695
4
3
2 4055
2 3100
2 4604
3
4
2 1451
3
2 5926
2 235
3
2 7037
2 8025
4
2 4372
2 2859
3
2 1590
4
2 3145
4
4
2 1567
2 424
2 4508
