6519
4
1 119
4
4
1 8275
1 948
1 6196
3
1 4939
1 3918
3
1 9081
1 7755
1 6691
1 8504
1 4932
3
1 290
1 4440
3
4
1 1823
1 3902
1 2169
1 8976
1 1362
1 1174
4
3
4
4
1 4216
3
1 9120
1 7865
1 9461
3
3
1 566
4
1 9102
3
1 9707
1 4254
1 998
1 697
4
3
3
1 2142
3
1 3232
1 4389
4
3
1 7846
4
4
4
1 8652
3
1 1978
4
1 1008
4
1 9098
1 4469
3
4
1 2184
1 5568
1 7061
1 6852
3
1 9017
3
3
4
4
1 4325
1 1376
4
1 1393
3
3
3
3
4
1 5448
1 1143
1 5521
1 6857
1 7207
1 4964
4
1 9744
3
1 4954
1 8389
4
3
3
1 8388
1 1842
1 5541
3
3
4
1 6554
1 2648
3
4
1 8229
4
3
1 9406
4
1 9223
1 6010
3
1 9155
1 6106
4
1 807
3
1 1801
4
3
1 954
1 7970
3
4
4
4
4
1 707
1 3894
4
1 441
1 9020
3
4
1 199
3
1 2751
3
3
4
1 3241
1 3970
4
1 6446
4
1 8375
1 5957
3
1 3664
3
1 3827
1 2882
1 2450
4
1 9661
1 8513
3
4
1 975
3
1 1835
1 8932
4
1 9161
4
1 7650
1 5166
1 9777
3
3
1 5025
1 7959
3
4
1 6532
3
3
3
3
4
1 5890
1 6617
1 3337
4
1 4568
4
3
1 6408
1 7941
4
4
3
3
4
1 5878
4
1 4205
3
1 5771
3
1 752
3
1 2452
1 5286
3
1 9689
4
4
4
3
1 8230
4
4
1 9518
1 6773
1 2531
3
3
4
4
1 8309
3
3
4
3
1 7534
1 5422
1 7731
1 8020
1 4260
1 5963
3
4
1 6894
1 3615
1 6276
1 5185
1 4715
1 7782
3
1 7325
1 5262
1 851
4
1 2018
1 5233
1 797
3
3
3
3
3
4
3
4
4
3
1 5086
3
4
3
3
1 3753
3
3
1 3092
1 7916
4
4
1 9324
4
3
4
1 1351
1 6138
3
3
1 4733
3
4
1 2198
1 1583
4
1 9160
3
1 6373
1 2332
3
3
3
1 1789
4
4
4
3
4
4
1 725
1 7598
4
4
4
4
4
1 2393
4
1 486
3
1 2163
1 580
1 3193
1 9576
1 1716
1 763
3
1 4684
1 6303
3
1 3039
3
1 4406
3
3
1 8402
3
4
1 4709
4
1 5674
1 6093
1 3102
3
4
1 5638
4
1 6207
3
3
1 1552
1 7679
1 9467
1 2027
4
4
4
1 9332
4
1 8963
3
1 1697
4
3
1 7661
1 3736
1 8683
1 6605
1 4674
1 8846
4
4
1 3523
1 8375
3
4
3
3
4
1 7491
4
1 9207
4
1 3888
4
1 7647
3
1 1116
1 6255
4
4
3
1 9352
1 8173
1 87
4
1 5612
1 7845
4
1 8248
3
1 5386
4
1 9693
1 320
3
1 6172
3
4
1 8054
1 5574
4
1 5150
1 8998
1 8090
4
1 2030
1 7158
3
3
4
1 431
1 6515
1 9046
4
4
3
1 2579
1 5462
4
3
1 5672
1 4261
1 9133
1 9947
1 4649
1 6846
4
3
3
4
4
1 5078
4
1 1064
1 6207
1 5163
1 8518
1 2211
3
1 5953
4
3
3
1 4462
1 2156
3
3
3
3
1 6643
1 3286
1 5109
1 3776
1 3543
1 7120
4
3
4
1 6850
4
3
1 2757
1 9024
1 9096
1 1023
4
4
1 6160
4
1 837
1 6612
3
1 2047
1 3915
1 4514
1 5318
4
3
3
1 3904
1 8993
1 4186
3
1 6064
3
4
4
3
3
1 74
1 9867
4
1 4037
1 7977
1 5896
4
4
4
4
1 9819
1 3720
1 7075
4
1 1949
1 3661
1 7397
1 6016
4
1 8067
4
3
3
3
1 2927
3
4
3
1 4388
3
3
1 1001
4
3
1 5131
4
1 5531
4
3
4
4
1 7711
3
1 2890
1 1639
4
4
4
1 520
1 5417
1 9255
1 4948
1 6812
1 416
1 1918
4
1 2024
3
1 5432
1 3454
4
3
1 573
4
3
3
3
1 9037
4
1 6869
3
1 4677
1 2570
3
1 3043
4
1 8423
3
1 5059
3
1 9377
1 8007
1 5978
1 5582
4
4
1 6385
1 4009
4
1 1986
1 1821
4
1 2722
4
1 9293
1 9784
3
1 6010
1 6776
1 6551
1 7318
1 5414
4
1 6904
1 9529
1 4945
1 2565
4
3
3
4
4
4
1 5241
4
4
3
4
4
1 7674
1 259
1 4501
4
1 6997
4
3
1 8573
1 7265
1 617
3
4
4
1 6988
3
3
3
1 4499
1 6082
1 8536
3
1 8647
3
3
1 95
3
1 6842
4
4
3
1 512
1 9509
1 5826
1 4050
1 54
3
4
4
3
3
1 9838
1 2790
1 9239
4
4
1 3216
4
1 3894
3
4
4
1 1995
4
1 8746
1 4711
3
3
1 4535
1 9531
4
3
1 5671
3
1 1436
4
1 1590
1 753
3
4
4
1 3488
3
4
1 4835
1 3399
4
4
1 7986
4
4
1 5262
1 9359
1 6465
3
1 4953
3
1 5102
1 7333
1 3149
4
1 7804
4
1 9784
1 7173
4
3
1 852
4
3
1 6713
1 385
3
1 2318
1 8863
3
1 9993
1 4288
1 3565
1 9331
1 9283
3
3
1 2032
3
1 5525
4
3
3
1 1878
1 3297
1 196
1 1992
1 4555
3
1 774
3
1 4800
1 9484
1 212
4
4
1 509
1 7296
4
1 6514
1 7485
1 4548
3
1 2513
1 1939
4
1 9344
1 9259
4
3
3
4
4
1 5390
1 570
1 3238
1 5690
3
1 391
4
3
1 9651
1 2381
4
3
4
4
3
3
1 8752
1 2595
3
1 5389
3
1 9723
4
3
1 4924
3
1 6258
1 4361
4
3
3
4
1 1993
1 3992
1 8349
4
1 9024
1 5335
1 6011
3
3
4
4
3
3
4
1 4631
4
1 8646
1 9597
3
3
1 1254
1 525
1 9056
3
4
3
1 5747
1 4111
3
1 5023
1 6940
1 5523
3
1 9031
4
1 1991
1 1467
1 5025
1 1496
3
4
4
3
1 4376
1 8818
1 265
1 6210
1 1689
1 6384
1 9458
1 7369
1 4206
1 3065
1 6031
4
1 6048
1 4170
3
3
4
1 2389
1 475
3
4
4
1 6153
1 7613
4
1 7808
3
4
1 3677
1 3165
4
1 8435
1 2228
1 9345
1 4912
4
4
4
1 3816
3
1 5850
1 1695
4
1 3718
1 7505
3
1 6180
3
1 3132
1 800
4
3
1 6079
4
1 3388
1 6227
3
1 4947
1 8726
1 3588
4
3
3
3
1 7296
4
3
4
3
4
3
3
4
1 5139
3
1 3263
3
1 6253
1 2908
4
3
1 1637
4
1 6121
4
4
1 3421
1 5628
4
3
1 8177
1 5817
1 6170
1 4799
1 7486
1 6771
4
4
3
1 4536
1 6190
1 8095
4
1 6242
1 8248
1 6700
4
1 7107
1 5537
1 3624
4
1 2962
1 6460
1 5428
4
1 6136
1 8098
1 348
1 2870
4
1 8021
3
1 7004
3
1 5083
3
1 9883
4
3
1 3096
4
3
1 8697
1 1537
1 1886
1 5300
1 1479
1 3619
4
1 470
4
4
1 3302
1 7357
4
1 5033
1 7043
4
3
1 8961
3
1 4338
1 7587
1 8882
1 7858
1 841
1 4609
1 1701
3
4
3
3
4
4
1 4536
4
4
1 9838
1 4162
3
4
1 6625
3
1 3201
3
1 8258
1 6663
1 3727
1 5565
1 429
3
3
1 8307
4
4
4
3
3
1 1495
1 515
1 3535
1 3795
3
1 8132
3
1 1873
1 5853
4
1 7780
3
4
3
1 3354
1 7252
3
4
4
1 676
3
1 9473
4
4
1 9909
1 9670
4
1 9597
1 6595
4
1 6481
3
1 2979
1 4926
3
1 6526
3
3
1 8876
3
3
1 6695
1 8980
1 7697
4
4
4
1 280
3
1 8301
1 7754
4
1 5753
1 2122
1 185
4
4
1 5324
4
1 8977
4
1 5389
1 3767
1 5127
4
1 6583
1 3916
1 8624
3
3
3
3
3
1 9164
1 5930
1 6973
1 1399
3
3
1 2412
1 8698
4
3
4
1 3574
1 2494
3
1 4934
4
1 7576
1 1324
1 3779
1 3199
1 4196
3
1 8814
4
4
4
3
3
4
3
1 7967
3
1 6304
1 5953
4
1 1273
4
3
1 2254
3
4
1 6360
1 8916
1 3979
3
1 7507
3
1 4041
1 9466
1 646
1 1537
4
3
1 6542
1 9416
1 8624
4
3
4
1 2321
3
1 1557
1 3355
3
1 8684
4
1 3508
1 6396
4
3
4
3
4
1 2535
1 602
4
3
1 7751
4
4
4
1 4616
4
3
1 1483
1 2124
1 5480
1 1211
4
3
3
1 453
1 8924
1 7652
1 8380
1 3012
1 7096
3
1 9114
4
4
3
3
1 7966
3
3
3
4
3
1 5612
1 7566
4
3
1 260
1 9021
4
1 5427
1 4098
1 3118
3
3
1 5332
1 1384
1 6943
4
1 3332
1 4678
4
3
1 8416
1 3916
1 32
4
4
4
1 902
1 259
1 9562
3
1 1953
4
1 4469
4
1 1822
1 6068
4
1 7635
1 3429
1 2610
1 3173
3
4
3
4
4
1 8787
4
1 2556
4
3
1 1983
3
1 8713
4
3
3
3
4
1 9966
4
3
4
1 3523
1 9552
3
3
1 3043
4
1 9315
4
1 7582
4
1 1895
1 9351
3
3
3
4
4
3
3
3
1 9615
1 8839
1 5677
4
1 3410
1 7292
1 3645
4
4
1 2190
3
3
1 3551
1 9277
1 2622
1 3857
4
4
1 3401
3
1 5766
1 7626
1 502
1 7800
4
1 7298
1 241
3
4
4
1 3751
1 7001
1 5264
1 2160
3
1 4015
4
1 24
3
4
1 6327
1 8205
3
1 8041
4
1 3318
1 1740
3
4
3
1 9405
3
4
4
3
3
1 3908
1 8057
1 9397
1 7975
4
4
1 5329
3
3
4
3
3
4
1 8237
1 2216
1 6883
3
3
1 5314
1 6309
4
4
1 7558
1 7339
1 4972
4
3
1 2588
1 8761
1 6053
1 7112
4
1 369
1 423
1 9067
4
1 973
3
1 8789
4
1 8150
1 2452
1 4914
3
3
1 290
1 5019
1 5772
1 9131
1 2443
3
1 6448
1 4846
1 9811
3
1 9943
4
4
4
4
1 2251
3
1 6533
1 655
1 8144
4
4
3
3
1 3146
3
4
3
1 7924
3
4
1 4978
4
4
4
3
1 8662
4
1 6141
3
3
1 2618
1 7462
4
3
3
1 3753
4
1 4402
3
3
1 126
1 2462
1 4685
3
1 6555
3
4
3
4
3
1 5208
1 2970
4
1 1054
1 1282
3
3
1 2891
3
4
3
4
4
3
1 5319
4
1 3585
1 9846
3
4
4
1 7502
1 3850
1 6620
4
3
3
1 1398
3
1 8686
3
4
1 3704
3
1 7372
4
1 4544
4
1 6668
4
3
1 6944
1 391
3
1 7812
1 6836
1 7988
4
3
4
3
1 1030
1 2120
1 6558
1 4768
1 960
1 5318
1 2802
1 475
1 1274
3
1 3284
1 8170
1 2621
3
1 1937
4
3
1 6010
1 7542
1 8623
4
4
1 7395
3
1 3949
4
1 8737
4
3
4
1 2443
4
1 6318
1 4513
4
1 989
1 1094
3
3
3
4
4
3
1 5536
1 2020
3
4
1 7303
4
4
1 7988
3
3
1 3318
1 4514
1 3807
4
3
4
1 6885
1 5832
3
4
3
3
3
1 5812
4
1 7091
1 9478
4
3
1 2155
1 1031
1 1446
1 2918
4
4
1 648
1 5161
4
4
1 6420
4
1 3969
1 7230
1 191
3
3
3
1 3081
4
3
4
1 6622
1 2247
3
3
3
1 314
4
3
3
4
1 1577
1 7567
1 4897
1 1668
1 1969
1 1562
1 8158
1 1076
4
1 7882
1 5365
1 1042
1 6830
4
4
4
4
1 9571
1 461
1 5996
1 1710
3
1 1738
4
1 4556
1 3354
1 9886
3
1 8960
4
3
3
4
4
4
1 4859
3
1 9927
4
1 8810
3
1 3305
1 3822
4
4
4
4
1 8024
3
1 7340
1 5525
1 3938
4
1 1045
3
4
1 2043
1 4066
1 359
1 4784
4
1 6352
4
1 7936
4
4
4
3
3
4
1 562
4
1 6968
1 359
1 6390
1 9229
3
1 5115
1 6094
1 5931
1 8133
1 2851
4
1 8882
1 1276
4
1 4062
1 4364
1 4585
1 9238
3
3
1 6101
4
1 1058
4
1 8696
1 3230
3
4
1 4781
1 6721
3
1 8449
3
1 5657
3
1 249
1 9258
4
3
3
4
1 3300
1 5911
3
4
3
1 7488
1 3223
3
1 6568
4
4
3
3
1 923
3
4
4
1 6956
1 6644
4
3
3
4
3
3
1 9077
1 1273
1 667
4
4
1 3239
1 7209
1 2280
1 9929
1 5684
3
3
3
1 3032
1 3117
4
4
1 2291
1 3879
1 6288
4
3
1 3379
1 4734
3
3
3
4
1 4889
4
1 9454
3
1 8950
3
3
1 5205
1 7721
4
3
4
3
4
4
1 5034
3
4
1 5013
1 1110
1 9817
3
3
3
3
1 632
3
1 2505
1 6150
1 9840
4
1 7238
1 7139
1 8321
1 8933
1 3843
3
3
1 4301
1 7731
4
1 6354
4
1 4755
3
3
1 3290
1 1171
1 3480
4
1 4549
4
4
1 2482
1 2943
4
1 8819
1 7026
3
1 7093
1 5471
1 5093
4
4
1 8719
3
3
4
1 1467
1 8581
1 5001
1 1224
4
1 3176
4
1 5107
4
1 837
3
1 8711
1 3363
4
1 1182
4
1 1009
1 4508
1 4078
4
4
3
1 2519
3
3
4
3
1 6122
4
1 7646
1 5283
1 3200
1 5958
1 2623
1 1644
1 4457
1 7114
1 9474
1 7289
4
1 7728
1 6509
3
4
3
1 4771
1 8689
4
1 8876
1 1859
3
4
1 5471
1 6811
3
3
3
4
4
1 9030
1 3464
1 3797
4
1 8915
1 4261
1 3913
3
4
1 4171
4
3
1 5018
4
1 4282
1 3366
4
3
4
1 9723
3
1 3436
1 9292
1 9726
1 9439
3
1 4127
1 3508
4
1 8101
1 4979
3
3
1 3940
1 254
3
4
1 184
4
3
3
1 322
4
1 2422
4
1 2759
3
1 6360
4
4
3
4
3
1 6124
4
1 5607
1 7789
3
1 41
4
3
3
1 8682
3
3
3
3
1 7324
1 2090
1 2056
4
3
3
4
1 5468
4
1 1093
4
3
4
1 9105
1 7072
1 8285
1 4534
1 3742
3
4
3
3
3
1 1807
1 1963
4
4
1 1996
1 3429
1 7078
1 9596
3
1 4996
1 6191
1 6846
1 5793
1 6979
4
1 9870
3
1 2598
1 165
1 3622
1 9026
1 7132
3
4
1 508
1 6276
1 2311
1 1562
1 7317
3
3
1 7069
4
1 6066
1 5035
1 4230
1 5208
4
3
3
1 7109
1 1543
1 9003
1 7995
1 9594
4
1 5320
1 4595
1 142
1 4729
4
1 3917
1 7071
1 4455
1 1047
1 7391
1 4797
1 8075
3
3
4
3
1 2721
1 7040
3
1 442
4
3
4
1 2592
3
3
1 3234
4
3
1 2233
1 8950
4
3
4
1 8921
4
4
4
1 9756
1 4930
3
3
4
1 4516
4
1 8028
3
1 7913
1 3566
4
3
4
4
1 3445
1 3707
1 5425
1 3668
1 3584
1 934
3
1 2005
4
1 3375
1 5357
1 3327
3
1 1326
3
4
1 4159
1 6081
3
1 7972
3
1 4090
3
1 3245
4
1 3224
3
3
4
1 3757
4
1 2879
4
4
3
3
1 3288
4
3
4
1 8273
3
1 7618
3
1 2189
4
3
1 6835
1 9090
3
3
1 8025
3
3
1 8890
4
3
3
3
1 4516
1 6460
4
1 2373
4
1 4547
1 168
4
1 2318
3
1 3962
3
1 1338
3
4
4
4
3
1 8397
1 6033
1 9685
1 1991
4
1 937
1 1164
4
1 4550
1 8918
1 7495
4
3
1 8346
3
3
4
1 5601
4
3
1 5062
1 4826
3
1 8287
1 6381
1 9099
3
1 158
1 7530
1 3388
1 1965
4
1 532
3
1 397
3
3
1 4106
4
1 7224
1 5199
1 5502
3
4
4
1 3764
1 8548
3
1 6201
4
1 629
4
1 1835
4
1 345
1 8165
1 5634
4
4
3
1 6881
3
1 5713
3
4
1 738
3
1 8090
4
1 4411
1 8671
1 4729
3
1 5557
1 3305
1 5214
3
4
4
4
1 905
4
3
1 8522
1 8853
3
4
3
3
4
1 141
3
4
3
3
1 5873
4
3
1 1014
1 5912
1 4946
1 5427
4
4
4
4
1 6591
4
4
1 5117
1 3769
4
1 2891
1 8435
1 1689
1 7972
1 9782
1 4740
1 9013
1 4187
4
1 6888
4
1 197
4
4
1 4366
1 7135
1 8866
3
3
1 8308
3
1 3154
4
4
1 9967
4
3
4
1 9111
3
3
3
1 7260
3
1 9816
3
1 2919
3
4
1 6581
4
1 8898
1 7314
1 2470
3
1 1624
4
4
4
1 5663
1 6594
1 3047
1 6620
4
1 4877
1 5314
1 7967
3
1 9177
4
1 9891
4
1 7237
1 5795
4
1 4362
1 1643
1 1201
1 1808
3
4
3
1 1031
1 6859
1 7527
4
3
3
3
1 9214
1 4537
1 1676
4
3
3
1 7457
3
1 2478
3
3
1 6066
1 5337
3
1 4792
1 7716
1 4674
4
3
3
1 2680
4
4
4
3
1 3307
3
1 9237
1 6559
3
1 9998
3
1 8820
4
1 5718
1 4693
3
4
1 2805
3
3
4
1 9025
1 9942
1 5322
1 650
3
1 9809
1 372
3
4
1 358
1 780
1 5762
1 2866
3
4
3
3
1 4253
1 8889
1 4014
4
1 6872
1 1070
1 9398
1 4437
1 7048
4
1 7844
1 4034
1 7057
3
3
3
4
4
1 8470
1 4331
4
4
1 6431
1 4856
3
4
1 7154
3
3
3
4
3
4
3
1 6216
4
1 8364
1 9678
3
4
1 7289
4
3
4
1 9319
1 8988
4
3
4
1 6354
1 1029
1 7549
4
4
1 4450
1 9202
4
1 2098
4
1 7383
1 577
1 3326
4
3
4
1 1917
3
4
4
4
4
1 1561
4
4
3
1 5309
4
1 1337
1 3122
1 6038
3
1 3977
1 7937
3
1 5788
3
4
3
4
1 1918
3
4
1 1454
1 2999
1 6076
1 6990
4
4
3
1 4323
3
1 45
4
1 6845
1 9699
1 5033
4
1 9853
1 6425
1 7204
1 5995
4
4
1 9510
4
4
4
3
1 6773
1 5761
4
4
1 2388
1 9513
1 7915
1 3447
3
3
1 1157
1 3077
1 6928
1 7923
4
4
4
4
1 5241
1 871
3
4
3
4
3
1 1809
1 774
3
4
1 6376
1 4268
1 8829
4
3
1 5219
1 7371
1 5900
3
1 1160
1 548
1 7267
4
4
1 9996
1 7935
1 8312
3
3
3
3
4
4
3
1 6016
1 8698
1 795
1 69
1 8385
1 241
1 7731
3
1 7898
1 3960
3
4
4
3
1 8730
3
1 6145
4
1 2221
1 4921
1 1091
1 6265
1 9556
1 1731
1 2278
3
1 1985
4
3
3
1 4846
4
1 2475
3
3
4
1 6571
3
3
1 8888
4
1 8743
4
3
1 9412
1 3644
1 8810
1 2403
3
3
1 4581
3
4
3
1 8696
1 1893
1 7657
3
1 3487
1 124
3
4
4
4
4
3
1 2940
1 4103
4
4
1 2387
1 6483
1 6019
1 8839
4
1 541
3
1 5400
1 2316
1 6217
1 2785
4
1 3753
1 2298
4
1 6705
1 650
1 7232
4
1 6776
1 9145
4
4
1 8416
1 2292
4
3
1 7275
1 9065
3
1 5287
1 8164
3
1 2719
1 5073
4
1 5695
1 7210
1 9740
1 295
3
4
1 1605
4
1 7394
1 5195
3
3
3
3
1 6743
1 7669
1 8350
3
1 9696
3
3
4
3
1 2095
3
1 2110
3
1 4984
1 2088
4
4
3
4
1 824
1 5349
1 1575
1 2867
3
3
1 9604
3
3
4
1 2947
4
3
4
1 4976
3
3
1 9667
1 7579
1 4080
1 5785
3
4
1 8336
3
3
3
4
3
4
4
3
1 789
3
4
3
3
1 2974
1 4939
3
4
1 6372
4
4
1 8534
3
4
3
1 4262
1 5519
1 3131
3
4
1 5196
3
3
3
3
1 1792
3
3
1 1240
4
3
3
1 1075
1 7006
3
4
3
4
4
3
3
1 7431
4
4
1 1180
4
1 3040
1 6345
3
3
3
1 363
1 8601
1 2657
1 6797
1 8023
1 4268
3
4
1 1180
1 26
4
1 6321
4
4
4
4
1 5176
4
1 6580
4
3
1 8074
1 39
3
1 6754
1 4504
3
1 8407
3
4
1 2081
4
1 2169
1 857
1 2103
4
1 8282
4
1 577
3
3
1 484
3
4
3
1 3230
3
3
1 4825
3
4
1 2322
1 2427
1 5234
1 5337
1 2650
1 2562
4
1 3903
1 8466
1 8316
3
3
1 6471
4
4
1 5628
3
1 3407
1 1012
4
3
4
1 4728
1 893
4
1 4642
1 830
3
3
4
1 9695
3
1 4800
1 8654
4
1 7987
1 5555
4
1 8796
1 5044
1 3586
4
1 2683
4
3
1 9873
4
1 1195
1 4841
3
3
1 3035
4
1 8566
3
3
1 5221
1 2745
1 3043
1 6555
3
1 7495
1 4444
1 6497
1 9323
1 6495
4
1 37
1 5057
1 6421
3
1 8251
4
4
3
3
1 9094
3
1 9313
3
3
1 1610
1 208
1 4366
1 3508
1 5175
3
1 1223
3
3
1 774
4
3
1 4943
3
3
3
1 1043
3
1 5575
1 2396
1 8180
4
4
4
4
1 8886
4
1 7064
3
4
4
1 8820
4
1 2674
4
1 164
4
4
3
1 292
3
4
1 1023
3
3
1 3540
3
4
1 6020
4
4
1 5430
1 6480
1 5162
1 948
3
1 3632
1 1517
1 8714
3
1 5974
3
1 1434
4
3
1 8649
1 4858
4
1 5568
3
1 6321
3
4
4
1 5953
1 7737
4
1 3068
1 9748
1 1378
4
3
3
4
4
4
1 1372
1 4948
3
1 8578
3
1 2079
1 2669
1 8416
1 4249
1 9243
1 413
4
4
3
3
1 1816
1 4928
4
1 2559
1 2678
1 7217
1 8159
4
1 9750
3
3
1 9274
3
4
1 9368
4
3
1 506
1 5258
1 5769
4
3
3
4
3
3
4
4
3
1 168
1 7479
3
1 6065
1 4670
3
3
1 3434
4
1 5452
4
3
3
1 3393
4
1 1184
1 335
4
1 891
1 8770
4
3
1 3619
1 7582
3
1 477
1 677
1 7569
4
1 8098
1 8394
3
4
4
1 7022
3
4
3
1 2067
1 143
3
1 9322
1 3538
1 5076
1 6162
1 715
1 7693
3
3
4
1 6676
4
4
3
1 7096
1 7752
1 5436
3
4
1 1566
1 1055
1 1960
4
1 1192
4
1 1597
4
3
3
1 3290
3
3
1 6902
3
3
1 2688
1 289
1 3328
1 7264
1 2874
3
1 6017
3
4
4
4
1 2317
3
1 9677
3
3
3
1 2951
3
1 1215
4
1 6060
4
3
1 2920
1 3312
1 7413
1 5207
1 4953
1 9669
1 3084
1 9355
4
3
1 9605
3
3
1 2317
4
4
1 984
1 7888
4
1 2258
1 3030
1 3165
1 5799
1 1678
1 5313
3
1 6320
3
1 9232
4
3
4
1 8326
1 9014
4
1 6832
3
1 8822
3
4
1 5927
4
4
1 6660
1 4499
1 5720
1 5166
3
1 9321
1 7692
1 1881
3
3
1 9758
3
1 8324
4
4
3
1 4898
1 6
4
1 5047
1 695
4
4
1 7105
4
1 2813
1 3615
1 8322
4
4
1 9713
1 9321
4
4
4
4
1 5068
4
1 7966
1 2823
4
4
4
1 9446
1 9474
1 2197
4
1 6155
1 2691
4
3
2 8746
4
3
4
3
3
3
4
2 8331
3
3
4
2 4098
2 496
4
2 8330
3
2 3230
2 2490
4
4
4
2 8686
3
2 9449
3
4
4
2 5511
2 6326
3
2 1640
3
2 3734
2 671
3
2 8409
4
2 5975
2 9158
3
4
4
3
3
3
4
4
2 6974
2 859
2 7434
4
4
3
2 7474
2 4956
4
4
2 1009
4
2 9766
4
3
4
2 7705
3
4
3
2 5692
4
3
3
2 7680
2 1922
4
2 1014
4
3
3
2 6414
3
2 7387
4
2 9807
3
4
2 814
2 1546
3
2 2150
4
3
2 472
2 7508
4
3
4
2 3565
2 1940
2 4481
2 7746
2 1511
2 9457
3
2 2592
2 705
2 7223
3
2 6378
2 175
2 2320
4
2 8386
4
4
4
2 4858
3
3
2 5368
4
4
2 4726
2 240
2 716
2 6315
2 8237
2 2548
3
2 8978
3
3
2 8254
3
4
2 1729
2 1064
3
2 7791
4
3
2 2546
2 1844
2 215
2 1192
2 95
3
2 5752
2 9993
4
2 189
2 3432
4
4
3
2 6570
4
2 3125
3
2 8788
4
2 6431
3
2 1127
2 790
4
2 9800
4
2 3692
4
2 8373
4
2 220
4
4
4
2 5261
2 899
2 7415
2 9727
2 3739
4
2 9716
3
4
4
4
2 935
2 1702
2 702
2 3931
2 3918
2 1109
2 6658
3
4
4
2 9099
3
4
2 190
2 5888
3
3
4
4
2 9645
4
4
2 1429
3
2 4739
3
4
2 7320
2 3870
2 4613
3
3
3
2 6847
2 581
2 6935
2 6704
2 266
4
3
3
4
3
4
3
2 6878
3
2 2254
4
3
4
3
2 5173
4
2 4777
2 9422
3
2 8630
2 4863
3
3
2 3128
4
2 1949
4
2 4236
2 5674
4
2 3839
3
4
4
2 1130
2 9755
3
3
2 3676
3
2 7463
3
4
2 4463
2 8136
3
3
4
4
2 2266
2 3556
4
3
4
4
2 3776
3
4
4
2 4929
2 8055
3
2 4798
4
2 7742
2 1683
4
3
3
3
4
4
2 873
4
4
4
3
2 7992
3
2 7447
2 1077
4
3
2 3099
2 5443
3
2 6487
2 5085
2 2835
4
2 7925
2 3555
2 8982
2 9578
2 6682
2 1896
2 7961
3
2 5298
4
3
4
2 6457
4
3
3
2 6598
3
3
4
2 9303
2 1311
3
2 5168
3
4
3
2 4308
2 8892
2 6962
3
3
3
4
4
3
2 7463
3
2 2390
2 4629
2 51
3
4
2 4996
4
2 8455
3
2 1601
2 7867
2 7609
2 5587
3
4
2 5514
3
4
2 741
2 7695
2 9993
3
2 868
2 3614
4
4
2 8840
2 3732
2 2623
4
2 7302
3
2 9422
2 8829
4
2 9715
4
4
2 6474
4
4
4
2 1209
2 7584
4
3
4
2 3489
3
2 2522
2 3831
2 1549
4
4
3
4
2 891
3
3
2 913
2 4213
2 487
3
2 4277
2 2204
2 7989
4
4
4
2 9101
2 169
4
3
3
2 1755
3
2 3977
2 4644
3
4
2 1497
3
3
2 8618
4
3
2 7369
2 3033
2 5386
2 2420
3
2 8621
4
2 5876
4
2 2748
2 5990
2 3282
4
3
4
4
2 6852
2 3829
3
4
4
4
3
4
4
3
2 4680
4
2 6019
3
4
2 5824
3
2 2003
2 9583
2 2030
4
4
2 7573
2 2041
2 4561
2 3854
3
3
3
4
2 2588
2 5165
2 1821
2 3478
4
2 4621
3
3
3
3
2 7834
3
4
3
2 2654
3
2 253
4
4
3
2 9314
3
4
2 1375
3
4
3
2 3795
3
2 8575
3
3
2 302
3
3
3
2 9597
2 4370
3
2 1255
3
3
3
4
4
4
2 6917
4
2 5381
3
2 7622
2 158
2 6913
2 1388
2 9751
2 3463
4
4
3
2 2570
4
4
3
4
2 6211
4
3
3
2 1986
2 2676
4
2 6578
4
2 577
2 5572
2 645
2 8530
2 4182
2 7516
3
4
2 6144
2 8410
2 4892
2 6240
2 3078
3
3
2 9423
3
2 25
2 7981
3
2 4892
2 9480
2 3239
2 1776
4
2 2861
3
2 5815
4
2 5669
2 6425
2 1065
2 7807
2 2279
3
3
3
4
3
3
2 4542
3
2 3452
3
2 8583
2 4867
4
4
4
2 8054
2 16
2 8028
4
4
2 5173
3
3
2 4214
2 3444
2 9341
2 9851
4
3
4
2 8371
2 4049
4
3
2 3868
2 1602
4
2 5224
3
3
2 359
2 2211
2 9079
3
4
4
3
4
4
2 7180
3
2 3515
3
2 2514
2 172
3
2 5506
2 9090
2 9675
2 4597
3
2 59
2 7010
2 9414
2 6830
3
2 3628
3
2 2549
2 3746
3
2 3698
4
4
3
3
2 9379
3
2 9415
3
2 9714
4
2 2673
2 1146
3
4
2 8972
4
3
4
2 1494
3
4
4
2 8765
2 305
2 5375
2 134
4
4
2 3080
3
2 6440
4
4
2 536
3
3
2 4475
4
2 7566
2 9413
2 5864
2 6856
3
2 5659
4
3
2 545
2 9859
2 5671
4
4
4
4
4
4
2 1235
4
2 927
2 6102
3
2 1221
2 7170
3
2 7778
2 6155
4
2 4702
3
2 5985
2 9275
3
2 7504
4
4
4
4
3
3
3
3
3
2 3912
2 188
2 1057
2 3347
4
4
4
2 503
2 469
4
2 6557
4
2 513
2 2920
4
2 5453
2 7936
2 1551
2 9247
3
4
2 4855
4
4
2 3159
2 1553
3
3
2 7975
3
2 2609
2 5977
4
2 8116
2 7019
2 4716
2 9330
3
4
2 9346
2 6689
3
4
3
4
2 3865
4
2 648
3
3
4
2 8279
3
2 9149
4
4
2 7991
3
4
3
3
4
3
4
3
2 4123
4
2 4915
2 2380
2 6422
2 3391
4
3
2 1664
2 3905
2 7686
3
2 3191
2 8064
2 7307
2 6197
2 2784
3
2 2077
2 397
4
4
2 9106
4
2 3439
3
2 5445
2 3113
2 5533
2 6380
3
4
3
3
4
4
4
4
2 147
2 6831
2 6424
2 7054
2 2306
2 6697
2 6460
3
2 315
2 471
2 4518
4
4
4
2 8
2 6430
3
3
3
3
3
3
2 3552
4
3
2 566
2 5516
2 897
3
2 432
2 7963
2 2321
2 1358
2 6993
2 9693
2 6969
4
2 9787
3
2 5738
3
2 4354
2 106
2 9291
2 6198
2 5378
2 6981
2 2522
2 6648
2 8727
2 5714
2 5358
2 3802
4
4
2 5150
2 4457
2 3628
4
4
3
2 5951
2 6136
2 9565
4
2 183
4
2 1128
2 600
4
2 3146
2 7562
4
2 1924
2 6651
4
3
2 1027
4
4
4
3
3
2 3838
2 9456
3
2 4289
2 2912
3
2 1051
3
2 7666
2 3174
4
3
2 894
2 8092
3
2 5843
2 6486
4
4
2 1160
4
4
2 381
2 370
2 4797
3
2 776
2 1759
2 8715
2 2737
3
3
3
2 5796
2 3895
2 7533
3
4
4
2 6642
2 4798
3
2 9258
2 6310
2 1552
2 1466
2 7513
4
4
2 3255
2 6759
4
2 4546
4
4
3
4
3
4
2 5095
4
2 6466
2 7994
3
4
3
3
2 2806
3
4
3
3
2 9871
2 9775
2 7608
2 709
4
3
4
3
4
3
4
2 9747
2 897
2 3924
2 2464
2 2774
4
2 2724
3
3
2 3029
3
2 2866
3
2 3333
4
2 4406
2 2600
2 5607
2 4048
3
2 4156
4
4
2 5284
2 251
2 404
2 197
4
4
3
3
2 1744
4
2 1327
4
3
4
2 5106
2 8821
2 4560
2 9628
3
2 9479
4
3
2 7485
2 5882
4
2 3344
2 5579
4
2 3005
4
2 6408
2 9384
4
4
3
3
2 520
2 7274
2 1503
2 8389
3
2 2719
4
3
3
4
3
2 4946
2 2216
2 2500
2 6653
2 4676
2 5685
3
4
3
2 6707
2 7818
4
4
2 344
2 1957
4
2 2931
3
2 3885
4
3
3
2 9415
2 437
2 9733
2 7327
4
2 2978
4
3
2 7172
2 9039
4
2 1331
2 3615
4
3
2 7411
2 28
2 2445
3
4
2 7799
4
2 5609
2 6023
2 1513
2 4182
2 7273
2 3498
4
4
2 6136
4
2 4546
2 1573
4
4
2 3813
4
3
2 4756
2 543
4
4
2 7188
2 4779
2 5723
2 6634
2 4037
3
2 4400
2 1039
4
4
3
3
2 7083
2 6171
2 114
4
4
2 3078
2 1524
3
4
2 8047
4
3
2 4128
4
4
4
2 3072
2 1268
3
2 6616
2 7165
4
2 7695
4
2 9213
2 3149
4
3
2 6990
3
3
4
3
3
4
4
3
3
2 7506
3
3
2 2612
2 977
2 1688
4
2 7361
4
3
2 6318
2 247
4
2 9433
2 9873
3
2 358
3
2 392
4
4
2 7524
2 2136
2 6207
2 1375
3
2 9590
2 8320
2 8577
3
2 1741
3
2 8788
2 7619
3
4
4
4
2 6270
3
2 5852
3
3
3
2 6040
2 1979
2 9239
2 7545
2 4551
2 6406
2 7890
2 4871
2 6850
2 9169
3
2 5955
2 7565
3
2 4277
2 243
4
3
2 7811
2 2515
2 969
4
2 5612
2 2406
3
3
3
2 2764
3
2 3870
2 644
3
2 1699
2 6670
2 4626
4
3
3
4
2 2658
2 7152
3
2 2644
2 151
2 5461
2 5676
2 2463
3
3
2 9289
2 535
2 6255
4
2 1235
2 7501
2 288
2 3244
2 536
2 3925
2 229
3
2 9918
3
2 1847
2 7033
2 9876
3
4
2 8804
2 8682
4
3
3
2 5985
2 5103
2 3367
3
2 4067
4
2 1971
4
2 5652
2 5829
3
2 8707
4
2 7973
2 1738
3
3
3
2 3718
2 7260
2 9655
4
2 9836
2 3184
2 945
3
4
2 986
3
4
2 5629
3
3
3
4
2 7140
2 1356
2 2967
4
3
2 1888
4
4
2 5917
4
2 4207
2 4283
3
2 1774
3
3
2 9698
2 6089
2 4308
3
2 2204
2 4744
4
2 343
2 9343
2 4157
3
3
4
2 1066
3
4
2 6112
3
2 1679
4
3
2 1362
2 2539
2 2548
2 7922
3
4
3
2 9190
4
2 7294
3
3
2 8355
2 5249
3
3
2 4801
2 8613
2 7457
4
3
2 9135
2 6364
4
3
2 9845
4
4
2 30
2 2821
3
2 4422
2 5075
2 5587
2 6091
2 4103
2 5756
4
2 9411
2 7749
3
2 6073
2 7554
4
4
2 1013
4
3
3
2 4908
3
3
4
4
2 4646
3
3
3
3
2 193
2 7874
3
4
2 8956
4
2 5559
3
2 7947
4
3
4
3
2 291
3
4
3
2 4395
2 1571
2 3494
3
2 5723
2 9984
2 529
3
4
2 3189
2 4627
2 1990
2 3195
3
3
3
2 8176
2 4917
3
2 6012
3
3
2 9499
3
4
2 5758
2 3657
3
2 2266
4
2 1293
2 354
3
2 7919
2 9618
3
2 822
3
2 9993
2 9495
3
3
3
2 618
3
2 4297
2 1830
2 2962
2 6774
2 6483
2 1010
2 6016
4
2 8389
3
4
2 1568
3
3
2 3822
4
3
2 4558
3
2 6916
4
2 1174
3
3
2 4056
2 8581
3
3
2 3669
3
2 7135
4
2 8420
4
4
4
2 8864
3
3
3
2 4834
3
3
2 8463
4
4
4
2 308
3
2 8574
2 6297
3
2 1594
2 1098
4
2 5102
3
4
3
4
4
2 5941
3
2 847
4
2 746
2 6543
3
3
2 7377
2 3538
2 786
4
3
2 9946
4
4
2 4642
2 561
2 9286
2 8929
3
4
4
2 8257
2 5951
2 8656
2 4333
4
2 2255
2 5176
2 5053
2 5314
3
3
3
2 6743
3
4
3
2 4588
2 9489
2 5001
2 7710
3
4
3
2 1532
3
3
2 3778
2 5234
3
3
4
4
4
3
4
3
2 7509
2 2889
2 900
2 8463
4
4
3
2 3617
2 8010
3
3
2 7736
2 7211
3
2 3649
3
3
2 1174
2 3260
3
2 11
2 638
2 5998
4
2 4990
3
3
3
4
2 1061
3
3
2 1847
4
2 3309
2 5472
2 6149
2 7092
4
2 9488
2 5975
3
2 5849
3
4
4
4
2 2236
3
3
3
4
2 2515
2 7740
2 4251
2 2381
4
3
4
3
2 1554
3
2 5623
2 5873
4
3
2 2924
2 6270
4
2 4483
3
3
2 1528
2 3665
3
2 9429
3
2 3455
3
2 456
2 7892
2 3922
3
3
3
2 501
2 8403
2 7719
2 6844
3
2 939
2 4829
3
3
2 7139
3
3
2 4431
2 5153
2 1477
3
2 9033
4
3
2 4644
4
2 4336
3
2 4182
2 3800
2 8191
3
4
2 493
2 4154
2 7559
3
4
2 371
2 7881
2 9615
4
2 1052
3
2 967
3
3
2 2919
2 4975
2 6018
2 1056
4
3
2 6054
2 989
3
4
2 6605
4
4
4
3
2 4346
2 1099
4
2 7564
3
2 1080
2 5359
3
2 4028
4
2 5238
2 2859
3
4
3
3
3
2 7034
2 5754
3
2 9604
2 3246
3
2 7152
2 3956
2 3489
3
4
2 6405
2 3545
4
2 1688
2 9961
2 2820
2 9958
4
4
2 3828
2 365
4
4
3
2 1616
3
2 1198
4
2 8934
2 2673
2 7
3
2 6340
3
2 1702
3
2 5470
2 2384
2 1572
4
3
2 3371
2 9526
2 9196
3
2 1029
2 4936
2 803
4
3
3
4
4
2 9477
2 4865
3
4
4
2 865
2 1070
2 493
2 9256
2 3679
2 5428
2 7967
2 7599
3
2 716
3
2 3373
3
3
2 3999
3
2 1443
4
2 5468
4
4
2 4148
2 7516
3
2 4313
2 4138
2 4916
4
2 9645
2 5858
2 3391
3
2 7764
4
2 9590
4
4
4
3
3
2 9650
3
2 3633
4
4
3
2 2728
2 8154
2 3112
4
3
4
3
2 8497
2 2945
2 960
2 2404
2 5943
2 2334
2 8034
4
2 4775
2 3210
2 90
3
4
2 3085
4
4
2 9867
2 8756
2 4401
2 6653
2 9635
4
2 3427
2 1818
2 8444
4
2 5444
2 2585
2 8479
2 1544
4
2 8324
4
2 4383
4
4
4
4
4
2 966
2 830
2 9485
2 3688
2 5307
3
2 9176
4
2 5521
4
4
3
3
2 3515
3
2 8081
3
3
2 5626
2 5614
4
3
4
2 2284
2 8186
2 4503
2 1850
4
3
4
2 5297
4
2 2019
3
4
3
2 140
3
2 7337
2 8447
2 7890
2 9206
2 5996
2 9247
3
2 1217
3
3
2 7818
3
3
2 4435
2 7787
4
2 804
2 94
4
2 3746
3
4
2 6041
2 7757
2 7044
2 5045
4
2 3360
2 7799
4
3
4
4
4
3
3
4
4
3
2 2377
2 3195
4
3
4
2 6610
4
2 8402
3
2 5942
4
2 3284
4
4
2 1411
2 8347
3
2 5177
3
2 5149
4
3
4
2 8481
2 9564
2 1843
2 1466
2 2823
4
3
3
4
4
4
4
4
2 7220
3
3
3
3
3
3
4
2 7103
2 7273
3
2 1921
2 3685
2 4377
2 8953
2 3160
2 5845
4
4
2 5080
2 6638
4
4
3
3
2 6102
3
2 8911
4
2 3779
4
2 3468
2 7699
2 2830
3
2 670
2 1217
2 4222
2 8496
4
2 3430
3
4
2 6071
4
3
3
2 2993
2 3443
2 4892
2 4552
3
4
2 9253
2 7452
2 3650
2 5059
2 6801
2 836
2 8685
3
2 2879
2 3623
2 309
4
2 6835
2 2367
4
2 1471
3
2 1379
2 2263
2 6538
3
3
2 973
4
2 1855
2 4129
2 4687
2 5224
2 6842
2 4366
2 1998
4
4
4
2 7760
2 9346
4
4
2 2809
3
4
4
3
2 7726
2 298
4
2 6990
4
2 1850
3
4
4
3
3
2 8935
4
2 3115
3
2 1396
2 5411
3
4
4
2 4249
2 6556
3
2 2926
2 3615
4
3
4
2 1329
4
2 1679
2 3683
4
2 6631
3
3
2 3485
2 8792
3
2 2361
4
3
3
2 6018
2 5511
4
2 6643
2 4040
2 2249
2 2853
3
4
2 2774
4
2 3510
4
3
3
3
3
3
2 8684
2 4556
2 4193
2 9413
3
2 5451
4
3
4
2 257
2 3047
2 8268
2 5289
2 7693
3
2 7595
4
4
2 1654
2 2118
2 29
4
3
4
3
2 2528
3
2 3474
2 4592
2 5715
3
2 2535
4
2 6925
4
4
2 9862
3
2 6723
4
4
4
4
3
4
2 5254
2 5059
3
2 9022
3
2 594
2 804
2 269
2 1003
3
4
4
2 9896
4
4
3
3
2 2650
2 9535
2 6528
4
4
3
2 255
3
4
3
2 361
2 8278
2 8488
3
3
3
2 3224
4
3
4
2 3302
4
2 1636
4
2 402
3
4
3
2 8144
4
2 8142
4
4
2 7349
4
2 3161
2 7361
2 7536
3
3
2 8748
4
3
3
2 6268
2 8153
3
3
2 4196
4
2 6480
2 9075
2 396
3
2 3436
3
2 6581
2 3172
2 6670
3
2 9016
3
3
2 4578
3
2 5646
2 5380
3
4
2 7421
2 6243
4
3
4
3
2 8530
4
2 5791
2 8267
4
2 8315
2 1050
2 6769
4
3
2 7825
2 379
4
2 817
4
4
2 8458
3
2 6704
4
4
2 6090
4
4
2 8356
3
4
3
2 18
4
2 1062
4
3
3
3
4
4
4
4
4
3
4
3
2 5569
2 6893
3
2 1066
3
2 4811
3
2 7961
3
2 6365
2 1566
3
3
2 6872
2 2452
2 5316
2 9989
2 1306
3
2 9474
2 6549
2 5404
2 8918
3
2 5512
3
3
3
2 993
4
3
4
2 9891
4
3
3
4
2 241
2 5237
4
2 8321
4
3
3
2 4945
4
4
3
4
2 2665
3
2 1923
4
2 6873
2 9907
4
3
2 193
3
4
3
2 3731
2 9096
2 3745
2 8664
3
4
3
3
4
4
3
4
4
3
3
4
3
3
4
3
4
2 2409
2 993
2 5067
2 106
2 8533
3
4
2 8847
2 2099
3
3
2 4368
4
4
2 8999
3
2 5409
3
4
2 6963
4
4
2 84
2 4653
4
2 7181
3
4
4
2 1392
3
4
2 6633
3
3
3
3
4
2 2965
2 8205
2 7527
2 3414
4
2 4838
2 5392
4
2 4055
2 8554
4
3
2 6159
4
2 9976
4
3
2 3093
2 5678
3
3
2 933
3
4
2 3286
2 3014
4
2 3957
4
2 7379
4
4
2 6931
3
2 7101
2 8068
4
4
4
3
2 9941
2 9191
4
2 9091
2 6419
3
3
2 7174
2 7792
2 944
4
3
3
2 9002
3
2 6906
4
4
4
4
4
4
4
4
4
4
2 1787
2 4194
3
2 8070
2 981
2 393
2 6839
2 6239
2 6552
2 826
2 3391
3
2 2433
3
2 4102
2 728
2 7842
3
3
2 6005
2 6877
2 3726
3
2 282
4
4
2 9413
2 2124
2 9240
4
4
3
2 3127
2 6540
2 463
2 3094
3
4
4
2 221
2 9863
2 4396
2 9946
3
3
2 5484
4
3
2 3949
2 8724
4
2 8197
4
3
2 2596
3
4
4
2 5515
2 4334
3
2 5774
3
2 622
2 6669
4
2 8492
3
2 2073
3
2 1319
4
2 8404
2 1439
4
2 5145
2 2167
2 376
2 623
2 24
3
2 8656
3
4
2 8425
2 8851
3
2 2908
3
2 2334
2 6976
3
2 3492
3
4
3
4
2 1457
2 1154
3
2 4037
3
2 3596
4
2 4379
2 6930
3
3
2 9160
2 8642
2 9771
2 4246
2 3050
3
2 8168
2 673
2 5262
4
4
3
3
2 4883
2 6034
4
2 3252
2 7275
2 7937
2 47
3
3
2 9783
3
2 8271
3
3
3
3
2 8477
4
4
4
3
2 5689
3
3
2 7873
2 2965
4
2 8931
2 9566
2 186
2 1852
3
2 5826
2 6344
4
4
2 7051
4
2 9244
3
2 7908
4
2 8339
2 7716
3
2 2559
2 7193
2 4858
2 4294
3
3
2 6206
4
4
2 1092
2 8318
4
3
2 5046
2 2877
4
4
4
2 7347
2 8216
2 7812
2 4654
2 8152
4
4
3
3
4
4
4
4
2 545
2 6108
2 4967
3
3
2 5360
2 5807
2 4615
3
2 5976
4
2 8141
2 6083
2 9466
2 7393
3
2 7664
2 364
4
2 2721
3
2 6671
3
3
2 1240
2 6616
3
4
2 584
4
4
3
2 2694
2 7442
4
4
3
4
3
2 4118
2 1715
4
4
2 8727
2 5158
3
4
2 8454
2 9006
3
2 4144
4
4
2 9632
2 5243
4
2 5944
3
2 2556
2 1364
4
2 2958
2 1391
4
3
2 8674
2 5765
2 7428
3
3
3
4
2 5458
2 2637
2 3630
4
3
4
2 2383
2 5211
3
2 4256
4
4
2 16
2 6254
3
3
4
2 4199
2 9838
3
2 6102
4
2 141
4
2 3095
2 3897
2 8199
2 3207
2 4270
3
3
2 4842
3
2 3638
4
3
4
2 5847
2 835
2 375
3
4
2 800
2 1263
2 9343
2 2592
4
2 8056
4
2 5348
3
2 7171
2 1750
3
3
3
3
2 8142
3
3
2 6286
4
2 4482
2 8989
2 4949
2 2310
3
3
2 5912
3
2 4058
4
2 2136
4
2 4147
2 8572
2 644
4
2 9474
3
3
2 7333
4
3
2 5443
3
2 1890
3
2 2987
2 9312
3
2 7136
3
4
2 1425
2 5648
4
2 232
4
3
2 3684
2 5454
4
3
4
4
3
3
3
2 2896
3
2 5133
4
4
2 4756
4
4
2 3498
3
3
2 8463
2 8187
2 7266
3
2 4689
2 9336
2 4396
2 9074
4
3
3
4
3
3
2 4494
2 7029
2 9310
2 725
2 5191
2 6084
2 1108
4
3
2 7249
3
2 8763
2 9291
3
4
2 7567
2 6929
2 9787
3
4
4
2 5735
2 9415
4
4
4
3
3
2 9983
4
3
2 8330
4
2 6118
4
3
4
3
4
3
2 4571
4
2 3126
3
4
2 3413
2 7535
2 9044
2 8312
3
2 2545
3
2 6008
2 675
2 3513
3
4
2 7487
2 6667
2 172
3
4
3
2 5018
2 2647
2 4978
4
3
3
3
4
2 3475
2 7307
2 7564
2 4312
3
4
2 1030
2 5280
2 2712
2 2178
4
2 9466
2 9377
4
2 1278
3
2 6004
2 5094
2 4728
3
2 5818
4
2 3057
4
3
2 2510
4
4
2 3506
2 9385
2 8193
3
2 5944
4
2 8757
2 2862
2 4690
4
2 2870
3
3
2 448
2 8231
2 4593
3
2 4245
4
3
2 4383
2 296
4
3
2 8248
2 3585
4
2 9946
4
2 3174
2 205
2 6929
3
2 3195
3
2 1837
3
2 8682
2 9062
2 1016
2 2111
3
2 7048
2 9098
4
3
2 74
2 8266
2 1637
2 6028
2 1812
4
2 377
3
4
4
4
4
2 4741
3
4
4
2 3926
3
2 7986
4
2 3092
4
4
2 9059
2 7939
2 456
2 6173
2 1940
2 9011
4
2 229
3
2 4080
2 623
2 6328
3
4
3
2 6757
2 3476
2 990
2 847
4
4
4
2 4916
4
2 6845
2 1073
4
4
3
2 2110
2 5780
2 3878
4
3
4
2 4015
4
2 4671
2 6605
2 7514
2 9226
2 4005
3
2 5502
4
2 8308
2 8986
2 667
3
3
3
2 1294
2 9691
3
4
2 6180
2 6427
4
2 4880
3
2 1353
4
4
2 8801
2 4303
3
3
3
3
2 8965
4
2 8873
4
3
4
4
3
2 68
2 7607
3
4
2 8298
4
4
3
2 3266
3
2 5036
3
3
3
2 9792
2 249
2 8781
2 4333
2 2294
3
2 9034
2 7497
2 3264
3
2 664
2 8147
2 397
4
3
2 3580
