3024
3
1 9890
3
3
1 438
3
1 229
1 9655
3
4
1 9710
3
4
3
1 4236
4
4
1 9843
1 3993
4
3
1 1414
4
3
4
1 5635
4
3
4
1 5130
1 4120
4
3
1 6109
3
1 6390
3
3
4
3
4
1 1461
3
3
4
4
1 7098
4
1 6251
4
1 1350
3
1 7747
3
1 9138
1 8174
3
4
1 7921
3
4
1 6000
1 333
1 9547
1 9579
1 8947
3
1 2778
1 8486
1 6934
4
4
1 4551
1 8274
1 4166
3
4
1 2270
1 4431
4
1 1753
1 8295
1 669
1 5564
1 5356
1 6299
3
1 1977
4
1 3958
1 6199
4
1 4440
1 7504
1 3544
1 8052
1 4998
4
3
1 9424
1 1037
1 5827
3
3
1 8333
1 5977
3
1 7018
1 4339
1 675
3
4
1 8083
1 7501
1 5734
1 8993
1 4343
1 3957
1 7357
1 6861
1 4743
3
4
4
4
1 463
3
4
1 366
3
1 5878
3
1 4960
1 9669
3
1 326
1 7666
1 6478
1 3871
4
1 9663
3
1 7809
4
4
1 7373
4
4
1 5655
1 2161
3
1 1357
1 7858
4
4
1 1464
4
4
1 5472
3
1 5890
1 4659
3
3
1 7731
3
3
3
1 1950
4
1 3118
4
1 1601
1 3473
1 5627
1 272
1 5336
3
1 9956
1 6877
1 7894
3
1 1875
1 4380
3
1 3047
4
1 6381
1 9523
1 616
3
3
3
4
4
3
1 2583
3
4
4
3
3
4
1 1515
1 2825
1 6351
1 1336
1 546
1 395
1 1655
4
4
1 3794
4
1 4451
1 9651
1 6158
4
1 1681
1 1540
1 7142
1 5711
1 4680
1 7092
3
1 8
1 9344
3
1 8144
3
4
3
3
1 3258
1 1068
3
3
3
4
3
4
4
1 3712
4
3
1 2120
1 9844
4
4
1 7695
3
1 2876
1 9919
1 7798
4
1 8746
4
3
1 3782
1 5303
1 5289
1 3664
1 5246
3
3
1 3312
1 5348
1 187
3
3
3
4
4
1 6958
1 2793
1 7585
1 6979
1 5838
3
3
4
4
3
4
4
3
3
3
1 9345
3
4
3
1 5748
4
1 3560
4
3
1 7768
1 2652
1 7993
1 8854
4
1 939
3
1 5240
3
4
1 2037
3
1 4815
1 8163
3
4
4
1 786
1 976
1 1094
1 8818
4
4
1 5829
1 5269
3
1 6170
4
1 660
4
3
4
3
1 3799
1 5471
1 1363
4
4
1 6272
1 8839
4
3
3
3
4
3
3
3
1 9364
3
1 4135
1 1546
1 9729
1 6871
3
3
4
1 3089
4
4
4
1 6520
3
4
4
1 3121
4
1 4426
1 6194
4
1 7751
1 770
1 1487
1 3092
1 7078
4
1 8651
1 7668
1 6762
1 5735
1 2150
4
1 112
1 9938
4
1 404
4
3
1 7708
3
4
1 8150
4
3
4
3
3
1 1245
3
1 9774
1 7067
1 6634
1 1320
1 4466
1 3026
4
1 4849
1 7205
1 6660
3
4
3
1 8596
4
1 7251
1 7854
4
1 9752
3
3
1 7348
1 1974
3
1 6947
4
4
1 2852
4
1 7913
1 9768
4
1 3254
1 2547
1 6716
1 881
4
1 2573
1 3648
3
3
4
3
4
4
3
1 1529
1 6303
3
3
1 1862
1 953
1 6024
4
1 688
4
4
1 3920
1 7088
1 4751
4
4
1 2841
4
4
1 2736
1 6922
4
3
1 4175
3
4
1 719
1 8210
1 4647
3
1 5447
1 5697
1 8294
1 6358
4
1 4955
1 3283
1 7322
3
4
1 1244
1 7785
3
1 900
4
4
1 331
1 3251
3
3
1 9810
3
1 2630
1 5847
1 1264
3
1 8232
4
1 6097
1 7869
1 7400
1 3649
1 8448
1 9159
3
1 2774
4
1 535
1 2961
4
4
3
1 9306
3
1 2587
1 7876
1 7533
4
1 5045
1 9822
1 2348
3
1 5324
1 7442
1 2743
1 2935
1 9372
1 7154
4
3
1 8977
3
1 6958
1 9549
1 7720
3
3
1 2368
1 8006
4
1 9567
1 7979
3
4
3
4
1 5197
3
3
1 4704
1 5660
3
1 7630
1 936
1 1315
1 8238
3
4
4
4
4
3
1 3921
3
1 7146
3
4
3
4
1 5412
4
3
1 4226
3
1 4215
1 2437
1 4222
1 3478
3
1 181
1 986
1 9143
1 2799
1 9353
4
4
1 5906
3
1 2930
3
3
1 3670
1 7119
3
4
4
4
1 247
1 5842
4
4
1 917
1 7735
1 780
1 1616
1 4448
4
4
1 1545
3
4
3
1 2715
1 6090
3
1 9280
1 5630
4
1 1231
1 1912
1 5430
3
1 2680
3
3
1 6105
3
3
1 576
1 6470
3
1 432
3
4
3
1 2072
4
3
1 6705
3
3
3
1 2004
3
4
3
3
1 2918
1 4714
4
1 7276
1 3806
3
3
4
1 5026
4
3
4
1 6852
4
4
1 5333
1 466
4
4
4
1 94
4
4
1 6484
1 1812
3
3
1 2485
4
1 6098
1 891
1 1423
4
4
1 870
3
3
4
3
1 1281
4
3
3
1 8570
1 8073
1 3304
3
3
1 4699
1 3482
1 575
4
1 8169
4
3
3
1 6991
3
1 4397
1 239
3
3
1 5523
1 2808
4
4
4
1 6415
1 4022
1 9355
1 457
1 7871
4
3
3
4
1 1069
1 3763
1 6858
1 873
1 3220
3
1 3699
3
3
4
3
4
1 2879
4
1 5898
1 1622
3
3
1 358
3
1 8166
3
1 7508
1 3939
4
3
4
1 979
1 4981
3
1 9200
1 5224
3
1 8911
1 819
4
1 5156
4
1 5407
1 7782
4
1 1492
1 1212
4
1 6744
3
4
3
1 5532
1 1452
3
4
3
1 9804
1 3507
3
4
1 8973
3
3
4
3
1 206
4
3
4
4
4
4
1 9809
1 6426
1 37
3
3
4
3
1 6726
3
1 2933
1 7775
1 1176
1 3644
4
1 2028
3
3
1 1144
1 3507
1 9800
4
4
1 1638
1 5331
4
1 5053
3
4
3
1 3720
4
1 9204
1 8684
3
1 2673
1 889
4
3
1 95
1 6359
3
1 5408
1 1028
4
1 6660
1 55
1 6930
1 4795
1 5591
1 8999
1 3483
3
1 7047
3
4
1 2604
1 4257
3
3
1 336
3
4
3
1 4784
1 5816
1 3789
3
4
4
1 5945
1 7571
3
1 1100
1 7263
1 3354
4
1 3361
1 1084
1 5985
4
3
1 5365
1 8427
1 5508
1 249
4
3
1 9005
4
3
1 332
1 3461
1 8098
1 7830
1 975
4
1 4640
3
1 4371
4
4
1 4335
3
1 1617
4
3
3
4
4
4
4
1 694
3
3
4
1 1978
3
1 2945
3
3
1 7677
4
4
3
1 9724
3
3
3
4
1 4531
1 1005
4
3
1 7051
4
1 2152
1 1944
4
1 3833
3
4
4
4
1 8898
1 9252
1 8186
1 9763
4
1 7390
4
1 6968
4
1 545
4
4
4
1 682
1 7693
3
3
1 8338
4
1 1489
4
4
4
3
4
1 1236
3
1 1361
3
3
4
1 5455
1 9087
1 7994
3
4
1 1250
4
1 3047
4
3
1 1014
1 334
4
4
1 489
3
4
3
4
1 7115
1 8937
1 9439
1 472
1 821
1 6315
1 1271
1 44
3
4
1 6455
4
1 4675
1 6010
4
1 2529
4
3
4
4
4
1 9181
1 2973
1 6599
4
1 832
3
3
1 1694
3
1 4215
1 2639
1 5435
4
4
1 6215
1 5070
1 29
4
1 8612
1 8824
1 4777
3
1 2662
1 7390
1 254
3
4
4
1 4903
4
1 1203
4
3
1 3353
4
1 4729
1 8229
1 4865
1 1835
4
1 6457
1 8807
1 1743
1 4982
1 4
1 2180
1 2399
3
3
1 7365
4
1 9794
1 8794
1 4219
3
1 9103
1 2593
1 8692
1 3390
1 6437
1 3971
4
4
1 2417
4
3
1 3053
1 5591
3
1 9477
4
3
4
3
4
3
3
1 3583
3
4
3
4
1 8065
3
3
1 2295
3
1 7788
1 4911
1 7949
1 1594
1 2560
3
4
1 1019
3
4
1 2939
1 1134
1 5012
3
1 6991
4
3
4
3
4
1 2966
1 4796
3
1 100
4
1 9242
4
4
4
3
3
1 4049
1 1401
1 8555
3
4
4
1 1921
1 5295
4
1 6903
1 3538
1 3546
1 184
3
3
1 1611
1 4033
1 2283
4
1 3375
4
1 9221
4
1 6527
3
1 8492
4
1 3340
3
1 9209
1 2871
1 9536
1 15
1 2157
1 4984
4
4
1 5434
1 5619
1 7122
4
3
4
4
3
1 2783
4
1 2155
3
1 8825
4
1 8996
4
4
1 5466
3
3
4
1 4423
1 2499
1 8911
1 7324
3
1 3244
4
1 3125
1 2182
3
4
4
1 6642
4
1 5653
1 237
3
1 635
4
1 1304
3
1 4358
1 7187
1 5263
1 2465
3
3
3
3
3
4
3
1 4364
3
1 7832
1 701
3
1 8639
4
4
3
1 6171
3
3
3
4
4
1 4325
1 1145
1 7409
4
1 9663
3
4
3
1 8674
1 5597
4
4
1 153
1 8582
3
4
1 911
4
1 8401
3
1 6138
3
1 4226
4
1 6412
4
1 5438
1 1508
1 2223
4
1 8644
1 7784
1 3196
1 7266
4
4
1 7807
1 4486
4
4
4
4
1 5842
4
1 4612
1 5411
4
4
1 2816
3
3
4
1 9241
1 6312
1 7644
1 6671
4
1 3185
1 7630
1 2526
1 6365
1 5164
1 979
4
1 5089
3
1 6397
4
4
1 4896
1 2294
4
4
3
4
3
1 1593
4
1 7775
1 2881
1 8788
1 2620
4
3
1 2264
4
1 2926
1 7360
1 7379
1 5663
1 685
1 6293
1 1530
4
1 9666
1 4302
1 6344
4
3
1 7000
4
3
1 8564
1 9548
4
1 1161
4
4
1 4544
3
1 8412
3
3
1 7877
1 9376
4
1 7444
4
1 7508
1 9343
3
3
3
4
3
3
3
3
3
1 9098
1 7121
4
4
1 8627
1 327
1 1129
1 1224
3
3
4
3
4
4
4
1 5242
1 6837
4
3
1 5864
1 3460
1 397
1 8825
1 7579
1 2985
1 4942
1 9754
1 5942
1 9682
1 2074
1 9582
1 3322
3
1 9948
1 5403
1 5001
3
4
4
3
1 6864
1 9798
1 8675
1 9213
1 9486
3
1 1047
1 4779
1 8896
1 3703
1 4419
1 6430
1 5794
1 3902
1 575
4
1 9454
3
4
1 9544
4
1 1904
1 3925
4
4
4
1 4130
3
1 9730
3
1 7745
1 6029
3
3
1 6406
4
1 9670
4
4
3
3
4
3
1 4046
1 6750
4
1 3387
3
1 1428
4
1 3995
4
4
3
4
1 1026
4
4
3
4
4
1 8732
1 252
3
1 8647
3
3
1 9036
4
1 7367
1 2251
1 7138
4
4
3
4
1 8061
1 9067
1 2831
1 4156
4
1 6596
1 9432
3
1 4262
1 1657
4
1 1063
3
1 901
1 4404
3
1 326
3
1 780
1 606
1 7844
4
1 9113
4
2 189
3
2 7448
4
3
4
4
4
4
2 5929
2 9480
3
2 4633
4
2 340
2 659
4
2 8568
2 2792
2 9273
4
2 7424
3
2 6389
3
2 5840
3
2 6006
4
3
2 2155
4
3
2 423
2 3348
4
3
2 1900
4
3
2 4621
4
4
3
4
3
4
4
3
4
2 1217
4
2 7345
4
2 1059
3
3
4
2 4096
4
2 6469
2 798
3
2 9022
3
3
2 7373
3
2 7412
2 3883
2 3948
4
3
2 6574
3
3
2 6400
4
3
2 6520
2 7785
2 9773
2 2812
2 4602
2 6682
4
2 5709
3
4
4
2 888
4
2 9363
2 8680
4
2 9813
4
3
3
4
2 7462
4
2 1773
2 6593
2 8087
2 6497
2 6099
2 189
2 5103
3
3
2 6264
3
4
3
4
3
3
2 7341
3
4
3
3
2 2697
2 2374
4
4
3
4
2 4926
2 4841
3
2 9454
4
2 549
4
3
4
2 9365
3
2 1986
4
2 89
4
4
2 73
4
2 8710
4
2 5911
2 318
2 4418
3
2 3334
2 5932
4
2 6876
4
4
4
3
2 6440
3
4
2 6123
4
2 4748
2 3792
3
2 9187
3
2 8805
2 8506
2 5040
2 6814
2 1204
2 3629
2 3514
2 197
2 1236
2 8550
3
2 3693
4
3
4
3
4
2 2503
2 8
2 21
2 9
4
3
2 8988
2 6893
4
3
3
2 3843
4
2 9401
2 4231
2 2066
3
2 384
3
2 9196
4
2 5433
2 454
2 6089
4
3
2 6405
2 1187
3
3
4
3
4
3
3
4
4
2 1123
2 1941
2 7691
2 7621
2 2237
2 600
3
3
4
2 6863
2 3477
2 3195
2 1707
2 6285
3
2 1267
4
2 7801
2 7453
2 4570
2 453
2 477
3
2 5010
2 6361
2 1259
4
3
4
2 2374
2 2308
2 3236
2 3467
2 750
2 232
2 7450
3
4
4
4
4
2 7597
2 5047
2 1602
2 9782
2 2231
3
2 1558
4
2 7526
3
3
2 2460
3
2 9450
4
3
4
4
3
2 4037
4
4
4
2 117
4
4
3
3
2 6150
4
4
4
2 1790
2 4924
2 4686
2 8029
3
2 6959
3
2 8316
4
3
4
2 5798
2 6226
2 6767
4
2 4593
3
2 875
4
4
2 148
2 3620
4
4
2 4859
4
3
4
3
2 1748
3
2 7005
4
2 8399
4
2 1191
4
2 2163
3
3
4
2 9458
2 6662
2 5104
3
4
3
4
4
2 1548
4
4
3
4
2 4931
4
4
4
2 5002
2 9673
2 2880
3
3
4
3
2 443
4
2 8662
2 8154
3
2 3563
2 9984
3
2 3808
2 1963
2 9641
2 5870
4
2 2369
2 1814
2 4577
4
2 3043
2 2848
2 4390
2 1313
2 1344
2 7762
2 672
2 7175
4
3
2 4490
3
3
3
3
4
4
2 1655
2 6698
4
3
2 1506
3
2 9622
3
2 1298
2 3498
2 2869
2 1337
2 3521
3
2 9806
4
4
2 4265
2 2720
4
4
3
2 3767
2 4736
3
2 5154
4
2 7764
3
4
2 9919
2 6144
2 8742
2 1804
2 2206
3
4
2 1183
2 8645
4
4
2 8079
2 5325
2 5098
2 6574
4
2 8257
4
2 5596
2 2491
4
3
2 3947
4
2 4713
2 1989
4
3
4
2 1202
2 129
4
2 454
3
3
2 137
2 7
4
2 6136
2 1195
3
4
2 4776
2 4606
3
4
2 102
2 9616
2 724
2 9300
2 2228
2 3657
3
3
2 6286
4
4
2 4909
2 9326
2 2353
2 3833
4
2 9752
3
4
3
2 3787
2 1804
3
2 1753
3
4
3
4
2 8318
2 6287
4
2 3337
3
4
2 213
2 1244
2 3167
3
2 347
4
3
2 1970
2 3997
2 8389
2 7
4
4
2 1568
2 250
4
2 2060
2 1738
2 9683
2 7300
3
2 6567
4
4
2 8145
2 266
2 9811
4
2 1929
2 669
2 9455
2 7724
2 588
2 8257
2 2083
2 9644
2 1172
4
3
2 2291
4
4
4
2 3645
2 7135
2 3099
3
2 2829
2 2942
4
2 1483
3
2 2853
2 7111
2 4883
4
4
2 7137
4
3
2 4002
2 2278
2 9258
4
2 3232
2 2224
2 2084
2 5716
2 8693
2 7221
2 7653
2 1301
3
4
2 2288
2 5395
2 9011
2 4124
4
2 8186
2 4296
2 1731
4
2 1967
2 8525
2 6337
2 3515
2 1396
4
2 1448
2 2254
2 251
3
2 9091
3
2 8614
4
3
4
2 6126
4
3
2 5002
2 148
2 5148
2 4884
2 1968
2 8053
2 1604
2 421
2 5060
4
2 7251
2 4859
2 1392
2 3170
2 4749
4
2 3377
3
4
2 2764
4
2 9554
2 4981
2 1286
2 1247
3
2 7828
3
3
2 1714
4
2 5126
4
2 261
4
4
4
2 5671
2 3139
4
3
4
2 2743
3
2 6353
4
3
2 5940
3
3
4
4
4
2 2918
2 323
2 9678
4
3
4
2 2344
2 235
2 3296
3
4
2 8613
3
3
3
2 7022
2 7319
2 2104
2 4930
2 3857
4
2 308
2 6128
2 75
3
2 377
2 8879
3
4
4
2 7028
2 9459
2 2613
2 1692
3
2 2564
3
4
2 1742
3
3
2 2420
4
2 3840
3
3
3
2 2027
4
3
2 7881
2 9184
4
2 3103
2 5834
4
4
2 6225
2 8371
2 3952
2 3966
2 3311
2 8111
2 7218
4
2 2217
4
4
3
2 8012
3
3
2 4775
2 6763
2 1095
3
4
2 8929
3
3
4
4
2 6372
2 2855
2 4253
2 854
2 6720
3
2 7670
4
4
2 3942
3
3
2 6684
2 5023
4
4
3
4
2 8107
3
2 7564
2 7157
3
2 4054
2 4605
2 9886
3
3
2 8803
2 5127
2 9067
2 3011
4
4
2 4018
3
2 2589
4
3
3
2 5659
2 1625
3
2 8771
2 1418
2 9719
3
4
2 7684
2 8132
2 6169
2 415
4
3
2 5306
3
2 6228
4
2 5755
2 148
2 9305
2 1085
4
4
2 1406
4
3
3
2 4013
3
4
2 1888
3
2 3019
2 1581
3
3
2 8600
3
2 3610
3
2 5283
2 3741
2 7689
2 4176
4
3
2 1497
3
2 7950
2 1586
4
2 4113
4
3
2 8288
2 2231
4
2 291
4
2 125
4
3
4
3
4
2 963
2 8820
4
2 6210
2 7765
4
2 6497
2 8920
3
3
4
4
2 7484
2 899
3
2 3991
2 7650
2 9108
3
4
2 306
3
3
4
2 9246
2 2662
2 6378
3
4
2 9333
2 8317
2 4187
2 4656
2 7789
3
2 111
4
3
4
2 5100
2 1957
2 4877
2 5369
4
2 8955
3
4
4
2 6118
4
4
2 551
2 8315
4
4
4
2 2390
2 419
2 629
4
4
2 2395
2 9435
3
3
3
4
2 6531
2 9900
4
3
3
4
2 9271
2 4445
3
3
3
4
2 5591
3
2 9719
4
4
4
2 157
2 6191
4
4
2 4162
2 1525
3
3
4
3
3
4
3
3
3
3
2 5210
3
2 2155
3
2 9555
2 8266
3
2 6452
2 8756
3
3
4
4
3
4
2 5676
2 2326
2 4719
3
2 8615
2 2843
2 8514
3
2 8208
4
2 9798
4
4
2 1617
2 9477
2 4836
2 7756
3
4
3
2 2
3
3
3
2 1680
2 481
2 2378
2 2137
4
2 2583
2 9769
3
2 2021
3
3
4
2 331
3
4
2 8414
2 4317
2 4504
3
2 6119
2 3039
2 341
2 6264
3
3
2 4816
2 5343
4
2 929
3
2 327
2 5453
4
4
2 6625
2 6703
2 690
2 799
2 2884
4
2 8919
4
2 2058
3
2 3977
2 9936
4
2 5979
4
2 5563
3
4
2 5321
4
2 6578
2 3828
2 9830
4
4
3
2 7995
4
3
2 5126
3
2 8918
2 8553
4
3
2 7401
3
4
4
2 3407
3
3
2 6729
2 3431
2 9114
2 2543
2 5002
4
2 5427
2 7909
2 7383
2 3936
3
3
4
4
2 6893
2 297
4
3
2 2403
3
4
3
3
2 9091
2 764
4
2 5797
4
2 4692
3
3
2 2358
4
2 5870
3
3
2 9619
2 1340
3
2 1837
2 1432
2 5255
2 4364
3
3
2 1218
2 8011
4
2 7078
3
2 9233
4
2 4940
3
2 8649
2 7434
4
2 3513
2 4384
3
4
2 531
4
2 5626
2 5212
3
3
2 9203
3
2 5121
4
2 2145
4
4
4
3
4
3
2 1207
3
3
3
3
3
3
4
2 8782
2 6981
2 4891
4
4
2 2797
2 6249
2 8340
2 7774
4
4
2 4297
2 1951
4
2 6245
4
3
2 1169
3
2 9824
3
2 480
4
2 4868
3
3
4
3
3
2 9063
3
2 6234
4
2 6149
2 1536
4
3
2 700
3
3
4
4
2 5003
2 3021
2 2803
4
2 7365
2 6404
4
2 3941
4
2 22
2 2936
2 5833
2 881
2 8061
2 8601
2 7083
3
3
2 7421
2 3341
2 4335
2 7733
3
4
3
2 2498
4
2 3231
2 187
2 9622
3
2 6244
2 7736
4
4
3
4
4
2 836
4
2 7891
2 86
4
4
3
2 7641
4
2 6758
2 9301
3
2 5859
3
3
2 3501
4
2 64
4
2 5498
4
4
2 5642
2 324
2 6890
4
3
3
2 7032
4
4
3
2 8236
4
4
2 3243
2 4147
4
3
2 6522
4
2 2531
2 2889
2 2352
2 7198
2 857
3
4
4
2 4256
3
2 2167
3
3
2 1127
2 9463
2 8683
2 1999
3
2 4829
2 6734
2 1721
4
2 851
2 1368
2 6827
4
2 9207
4
2 1297
2 5734
3
2 8675
2 1294
3
3
2 8003
3
2 9714
2 9797
2 4314
3
2 277
2 2149
3
2 2231
2 9711
2 9667
2 5342
2 8899
4
2 928
3
2 351
2 2777
3
4
2 9171
4
3
2 6124
2 6779
2 915
3
2 2592
3
2 4148
3
2 1482
2 5192
2 5595
4
3
2 7701
4
3
4
2 8409
2 5992
4
4
2 7138
2 5426
3
2 2237
3
3
2 2843
3
3
4
2 7467
2 6340
2 3945
2 9420
3
4
3
3
2 5590
2 1876
4
4
2 3640
4
2 4999
4
2 3544
2 8433
2 1083
2 114
3
3
2 6497
4
4
4
2 1190
3
4
3
2 66
3
4
4
2 514
2 10
3
4
3
4
3
2 3072
3
2 6674
3
2 8860
3
3
4
3
2 482
4
4
4
3
2 3746
2 9721
4
2 8506
4
2 6202
2 5299
4
2 6174
2 5510
2 9368
4
4
2 2476
2 2437
2 3594
2 3246
3
3
2 3447
2 986
4
3
2 7445
3
4
2 9741
2 1587
2 8397
3
4
2 3734
2 5414
2 484
3
2 897
2 2006
3
2 1075
2 6922
2 5915
2 4672
2 1753
3
2 2548
2 2479
2 2994
2 5027
4
2 8110
3
2 6237
3
4
2 2418
4
2 6879
4
3
2 1609
3
3
2 116
3
2 3432
4
3
2 3251
4
2 5689
4
2 6402
4
2 1846
2 9801
2 804
2 2739
2 1430
2 3691
3
2 9205
2 7007
4
3
4
3
3
3
3
2 1153
2 7196
2 801
4
4
4
4
4
4
2 4046
3
4
4
4
4
2 8443
4
