1140
3
4
4
3
4
4
4
3
1 7757
1 2717
4
4
3
1 902
3
2 6450
4
1 6755
1 7869
4
2 6995
3
3
2 7558
2 3122
1 5880
2 6267
3
4
2 1179
3
4
1 8026
1 7623
4
3
2 9748
3
3
2 2281
2 1850
4
1 8189
2 1543
3
3
2 2875
3
4
1 5283
4
3
2 5110
4
3
4
4
3
3
2 864
1 6595
2 703
3
3
3
4
2 7509
3
2 3297
4
2 92
1 5116
1 4345
4
3
1 6591
1 2948
3
4
4
2 4577
1 6922
1 4489
1 1751
2 4488
4
1 9683
4
2 5854
4
3
2 6584
1 5902
4
1 2703
2 4140
1 4907
3
2 9427
4
1 7918
2 3955
4
4
2 9773
4
2 793
3
4
4
2 5719
2 6946
1 2722
3
3
3
1 8296
4
2 3405
4
2 7483
4
3
2 261
4
1 9997
4
1 7535
1 9800
1 3023
1 8066
1 4207
1 6702
1 6353
2 9837
3
1 1150
1 9694
3
2 4377
2 1992
2 3146
3
1 9875
2 7889
2 2282
1 8134
2 5495
3
2 4634
2 8700
3
3
1 7063
4
2 6566
2 2078
4
2 3276
3
3
3
4
3
1 9278
3
3
2 9027
4
3
3
3
2 292
3
4
3
4
2 899
4
4
4
3
1 6343
4
1 1225
2 6181
2 1275
1 6579
1 9792
4
3
3
2 9761
4
2 4652
3
1 3748
3
4
4
3
2 5601
3
4
3
2 30
3
2 6708
1 3216
3
4
4
3
1 6082
3
3
3
4
1 297
4
1 4460
3
4
1 1906
2 9177
3
3
2 143
1 1635
1 1709
3
3
1 8315
3
1 5030
3
2 8608
2 2090
1 8691
4
4
3
2 6815
1 915
4
1 3149
3
4
1 6077
3
1 850
2 2688
3
4
1 2897
4
1 480
2 4394
3
4
4
3
4
2 5822
3
3
2 4686
4
1 1669
4
1 4379
2 4259
4
4
1 4410
4
1 693
2 6526
4
4
3
1 9974
3
3
3
4
4
4
1 9004
3
1 626
3
2 7884
1 2610
4
3
4
2 452
3
1 9462
1 1819
1 8238
1 7951
3
2 9868
3
4
1 6591
1 5307
1 543
4
3
1 1426
2 7682
1 7339
3
4
2 7167
1 3323
1 8242
1 1163
2 4517
2 8214
4
2 6984
1 7467
1 8494
3
3
1 7111
4
3
2 5805
1 9769
1 6524
3
1 1281
4
1 889
1 512
2 2342
4
3
1 5299
1 3607
1 3657
1 65
4
1 3893
3
4
2 5853
4
2 9511
4
3
2 6375
3
1 1261
2 5054
3
4
2 5245
4
4
2 9493
1 1835
1 2876
3
3
1 3831
2 4425
2 8452
4
2 1164
3
2 8235
2 6134
2 566
3
3
4
4
3
4
3
3
4
4
4
1 7702
1 4420
1 7158
1 420
4
3
1 3284
4
2 5620
4
2 4287
4
1 5204
1 3273
2 4703
3
4
1 5638
4
4
2 3633
1 1304
2 9534
4
4
2 4310
2 1679
1 2148
4
4
4
4
2 8838
1 2217
3
2 6438
2 3216
4
2 7810
1 809
1 4218
3
4
4
2 9389
4
2 6869
1 9969
1 8010
4
2 8010
3
3
2 3215
2 3599
2 5249
1 2908
2 337
2 4515
3
2 3582
2 8728
3
3
1 6039
4
1 2920
4
2 2095
2 8564
2 7857
1 5893
3
4
2 1116
3
3
2 1214
4
2 5788
1 9139
1 9481
3
2 8478
3
3
4
3
1 2780
1 9942
4
1 3650
3
4
4
3
4
1 2776
3
3
2 5651
4
3
1 4351
1 6229
2 6110
2 7182
1 7866
3
2 3318
1 2368
1 7371
3
3
2 7753
2 7095
4
4
3
4
3
1 5558
2 7061
2 8785
4
1 2011
2 7216
4
3
1 7726
3
4
1 5772
1 9597
1 5614
4
1 7631
1 2473
1 2621
1 5451
4
3
1 7247
1 6344
1 6393
1 5674
3
1 4949
2 8767
3
3
1 5154
2 5958
3
1 7913
3
1 4916
1 9403
3
2 9966
3
1 610
2 9914
3
1 6082
4
4
4
4
3
3
2 5866
4
1 8705
4
3
2 3454
2 4321
4
1 4191
2 9953
3
3
4
3
2 6110
2 1151
1 360
4
1 4582
3
2 5862
2 9565
2 3033
4
4
3
1 4800
4
2 9891
3
2 4996
3
1 9372
1 6077
4
1 2994
1 4771
4
3
4
1 9014
3
2 636
3
3
2 33
1 648
1 3626
3
1 5302
1 1827
4
4
1 8733
2 180
3
2 6655
1 1330
4
4
2 6414
4
2 257
1 7017
4
4
4
1 6655
3
4
1 6766
1 5106
3
4
2 4172
1 4051
2 6450
3
2 2156
1 3514
2 5676
2 8783
1 5330
4
1 7712
4
1 9379
1 5002
1 38
4
2 7764
4
2 9231
3
2 1133
1 9082
4
4
4
4
2 3541
1 9840
4
2 1141
4
3
1 7731
2 4211
1 3329
3
1 6652
4
1 3661
1 9290
3
3
3
3
3
4
2 9635
2 965
1 9979
1 2562
3
1 3223
3
1 9070
2 5167
1 6837
3
3
3
4
1 3147
1 5060
4
1 6829
1 6457
3
2 353
4
4
4
3
2 6233
4
2 7972
4
3
2 7080
1 8551
4
4
3
4
1 2982
1 3960
1 7944
2 3093
1 2500
3
2 8615
4
3
2 3919
1 2540
3
1 4109
1 324
1 1697
3
4
2 1641
1 848
2 6344
4
3
1 7175
2 2024
2 7633
4
1 136
4
3
1 1385
3
1 9577
3
4
4
3
4
2 5252
1 1021
3
4
2 9815
2 7223
3
3
3
1 9926
1 3244
4
3
2 6731
2 4472
3
4
2 640
2 8521
4
1 2921
2 1492
4
3
4
1 6634
2 1950
2 9411
1 2871
1 7107
2 4363
1 7504
3
2 3638
3
3
2 6540
3
4
4
2 2913
3
3
1 2919
4
2 7283
2 8077
4
3
2 6701
1 3836
1 6321
3
2 1114
4
2 9876
3
3
3
1 7155
2 8311
2 882
1 5563
3
3
1 1426
2 7467
1 2122
2 1318
4
2 3736
1 4857
1 2499
4
2 2713
3
1 1422
4
1 9542
3
4
2 9503
3
4
3
3
4
3
4
4
4
2 644
1 9215
2 2926
3
1 4527
1 492
2 7279
4
3
3
1 3348
2 2767
2 5174
4
2 6176
1 4837
1 8345
4
1 2629
4
3
3
3
4
3
2 7396
4
1 2567
3
2 7219
4
2 3342
2 8427
3
3
3
2 6523
1 6361
2 1055
2 9146
4
2 2346
3
1 5035
3
2 6691
2 9576
4
2 6972
2 6818
1 1458
4
1 5065
4
2 522
2 2357
3
2 2451
3
2 2484
4
1 27
4
4
3
1 6407
3
1 7869
2 7920
3
1 9577
4
1 1319
4
1 8780
1 5798
3
3
3
2 2218
2 3973
2 9235
4
1 9654
3
3
1 9968
1 4155
3
1 1270
3
3
4
1 8226
2 7948
2 6926
2 4464
4
2 9173
4
4
3
2 8010
4
3
3
2 6957
3
3
3
2 6572
2 3150
2 2375
2 6487
2 5987
3
1 2084
3
3
3
2 8288
4
2 138
4
4
4
2 5125
4
3
1 8193
2 3693
3
1 8012
3
3
3
2 7538
3
4
2 4675
2 4399
1 5473
3
2 1404
2 6285
2 3702
1 8481
1 153
1 3531
2 3886
2 3498
2 2011
2 5513
4
4
2 9904
4
2 51
2 2268
1 3572
3
1 2785
1 6579
1 6501
3
3
1 6386
4
2 8985
2 7597
3
1 3613
2 2074
4
3
4
4
1 4880
2 5527
3
4
1 9343
1 1292
3
2 6842
2 8803
2 8903
1 8636
1 5684
4
2 7495
1 6585
2 1106
2 9266
1 2873
4
3
1 8240
4
3
4
3
3
2 3523
1 6541
1 9174
4
4
3
2 848
2 3751
4
2 9364
1 2478
1 6386
2 2095
3
3
3
3
1 9519
4
1 8419
1 2992
3
4
4
1 590
2 1882
2 1870
4
1 5468
3
4
2 5564
3
1 1602
3
3
1 7192
1 6864
1 1181
4
2 3410
1 1546
2 44
4
2 2149
2 605
3
1 7262
2 8567
2 3956
1 5533
1 7230
4
1 846
1 7275
3
3
3
3
2 225
4
4
4
2 9989
1 415
4
4
1 2528
2 1520
1 9964
1 8995
3
3
2 7824
4
2 9997
3
2 1651
3
1 9156
2 3084
1 478
1 2672
4
4
1 6021
1 554
4
2 2420
3
3
3
