2928
1 5570
2 1478
2 88
3
3
4
2 1445
1 2525
1 6462
1 5599
4
4
1 1385
1 3996
1 411
4
1 927
4
1 2939
1 3929
4
3
1 7357
4
2 1572
3
4
2 5883
4
4
3
1 5740
3
2 1211
1 1319
4
2 7204
2 3364
3
1 7906
2 333
1 2031
1 2213
3
3
2 835
1 3840
2 5416
4
2 4404
1 1102
3
3
1 2752
2 8144
2 624
2 6021
2 3487
3
3
3
4
3
2 9143
4
4
3
2 3378
2 3242
2 702
4
1 2022
1 5444
4
4
2 7354
1 2152
4
3
2 1731
1 1536
3
1 6200
2 8166
1 3957
1 9580
4
2 9989
2 520
4
4
4
2 3159
4
4
1 5421
1 6456
1 2116
3
4
4
4
4
4
2 1033
1 6227
3
4
3
1 5630
2 9844
4
1 9001
3
3
1 4723
1 5828
3
1 5001
1 7993
2 4877
1 2797
1 58
3
4
4
2 827
4
2 7707
2 6886
1 7155
3
3
1 2024
3
2 396
1 5958
2 4914
3
4
1 9634
3
3
3
2 2561
4
2 7164
1 976
1 5071
4
4
4
2 6153
1 5768
3
1 1520
1 5034
4
4
3
4
1 4687
2 6515
3
2 9413
2 9437
3
2 3138
1 7170
3
4
4
2 2237
2 1192
4
1 9393
2 1971
1 3899
1 6196
3
3
2 7908
2 727
2 1367
2 2420
4
1 3630
4
1 1346
1 1674
3
3
3
4
4
1 4728
1 2036
2 9965
2 5500
2 6088
1 2535
2 319
2 4566
3
4
2 1044
4
2 4053
2 6756
3
2 3767
3
4
4
1 9564
2 3203
2 4151
2 7516
4
1 4111
1 8425
1 9183
2 5301
1 8711
2 413
3
1 9408
2 7017
4
4
2 6205
4
3
4
1 445
2 651
1 616
1 4672
3
3
4
2 2733
1 8240
4
4
3
4
4
4
1 7123
3
1 3525
4
4
2 8354
1 1814
1 5096
2 8357
1 5988
2 284
4
4
2 6555
2 3628
3
1 6126
4
2 8550
4
2 5353
3
2 5989
3
1 8225
3
3
1 9416
2 1952
3
1 6074
3
3
3
4
1 4577
1 8013
4
4
4
1 2187
2 7074
2 7938
1 1179
2 581
1 9364
2 6728
1 2232
3
4
1 6461
1 7084
3
4
1 9448
2 3171
3
3
1 6909
1 136
2 5887
4
3
4
4
4
1 5553
2 6748
1 5557
2 9270
1 5851
2 4163
3
4
1 7141
4
1 8342
3
1 7193
2 7749
4
4
2 5798
3
2 4603
4
4
1 8153
3
2 9357
4
3
3
1 5115
3
2 2732
3
1 3283
2 6267
1 1548
2 3396
3
2 1568
4
3
4
1 3908
3
1 5289
2 386
2 2217
2 2246
3
1 3005
4
3
4
2 5645
3
4
2 3725
4
4
4
2 9030
3
2 5097
2 737
2 2980
2 2667
3
3
2 8692
3
2 7250
3
2 7655
2 7028
3
4
1 8563
3
4
3
2 7502
1 2281
2 6358
1 6401
3
3
1 929
3
1 2060
1 2680
2 4353
1 7449
1 9513
3
3
4
3
3
1 9084
4
3
1 5783
1 4006
2 7022
4
1 5401
3
2 5854
2 9818
1 5213
3
4
2 9353
1 8977
1 1691
1 5077
4
4
2 3009
3
4
3
3
4
2 9902
1 6473
1 9575
3
1 132
2 9414
2 9557
4
4
4
2 4863
2 8700
4
1 5337
2 9390
2 2691
4
3
1 7548
1 7452
2 18
3
2 1332
3
2 6980
4
4
2 6493
4
4
4
1 8264
4
1 6372
4
2 1208
4
3
3
3
1 3766
4
1 3129
4
3
2 3204
3
1 215
1 4048
3
2 1480
4
1 4004
1 4571
4
2 3298
1 1532
1 2600
4
3
1 173
1 8780
1 3225
4
4
2 4820
2 24
3
4
3
2 1163
1 4528
3
1 9098
3
2 1587
2 5467
1 3005
3
4
2 1555
3
2 9723
2 4851
1 1193
4
4
2 6881
3
3
1 5197
2 4836
3
1 1895
1 8091
3
3
4
2 719
3
2 645
2 4212
1 2500
3
3
1 4926
1 3440
1 2925
2 1578
2 4595
3
2 8929
3
2 4572
4
1 2771
2 8874
2 1320
3
4
4
1 8410
2 5916
2 7754
1 6463
4
1 5999
4
1 5278
3
2 4572
2 7974
3
2 2538
4
2 7850
1 531
1 5071
3
4
4
1 9096
1 9870
2 7442
3
2 8467
2 1165
2 6119
2 7561
1 1743
1 1473
4
2 4786
3
2 377
4
4
3
2 5133
4
3
3
2 64
4
2 359
2 188
2 11
3
1 4388
2 3109
3
4
3
3
1 8402
3
4
1 9184
1 1742
1 1143
4
3
4
3
3
3
2 116
3
2 3252
3
1 1231
4
4
1 2435
4
4
4
4
3
2 4030
2 2116
1 1445
4
2 1600
2 3267
1 3380
2 9628
1 2494
4
3
2 2038
2 4017
2 2418
4
4
1 2167
4
4
2 523
2 929
4
2 637
2 247
4
2 49
2 38
3
2 7
4
3
3
1 475
1 7857
4
1 9887
3
3
3
2 9797
4
1 2039
3
2 7340
3
2 979
1 808
2 1208
2 1027
4
3
4
1 9302
3
1 879
1 7955
1 3903
4
2 122
3
3
2 7776
3
1 8163
1 3976
4
4
1 8434
1 9683
2 6130
3
2 4312
4
1 4748
4
2 3160
2 9887
2 6002
4
3
2 1167
3
2 1977
3
1 8767
4
4
1 7548
3
2 3458
2 3245
1 6826
3
4
4
4
3
1 1707
2 7166
4
2 9578
4
3
3
4
3
3
1 2149
3
3
4
1 8159
4
1 369
2 5537
4
3
3
4
2 8803
1 4046
1 6723
1 1725
1 6136
1 4733
2 8777
4
1 6068
4
4
1 8259
3
2 9130
2 1204
1 3561
1 2376
1 514
1 479
4
2 6283
2 4553
4
3
1 4022
3
2 8621
4
1 3133
4
4
3
4
1 9288
4
1 5010
2 542
2 8572
4
4
1 44
4
1 2130
3
4
4
2 2606
4
1 7609
4
1 4125
2 3205
1 4071
2 5041
2 2791
4
4
4
4
2 3462
1 6110
1 8018
4
4
3
2 865
1 9970
3
1 5136
4
2 4199
2 3188
1 5026
3
3
4
1 9587
4
1 5377
1 5344
1 2191
4
2 6523
3
2 6748
3
1 9179
4
4
2 8212
1 2196
4
4
1 6992
4
1 3130
2 7192
1 9775
3
3
2 7994
2 4440
3
3
3
1 341
1 7519
1 2707
4
3
3
1 9395
1 1395
3
3
1 5298
2 5456
3
4
2 5874
3
3
3
3
2 7454
1 2277
2 642
3
4
4
3
3
1 7268
3
2 2722
4
4
3
3
4
2 1443
4
4
2 4122
2 2137
2 9927
2 17
3
1 5669
2 3712
1 5536
4
1 5468
3
1 6858
1 6570
3
2 6647
4
1 4398
4
4
4
3
1 2493
3
3
3
4
2 9259
4
3
1 5373
1 4434
1 6731
3
1 2295
1 4468
2 6410
4
1 9421
1 4005
1 757
2 8353
4
1 55
1 4292
2 8670
3
4
4
2 656
3
2 286
4
4
2 8478
3
2 8296
2 4550
1 4484
1 3472
2 3489
3
1 531
4
4
4
4
3
3
1 9142
4
1 3729
4
4
1 4386
4
1 3679
4
3
1 2334
2 2722
2 7205
1 5586
3
3
1 8839
4
1 5628
1 7129
4
4
2 5029
2 8825
3
1 6598
2 3079
4
2 9728
1 2638
3
2 901
1 2650
2 2578
1 4414
2 4627
1 4855
4
3
1 2230
4
2 4832
1 1782
3
1 6767
3
1 5956
2 111
4
2 493
1 9169
1 3295
4
4
3
4
4
4
3
3
2 3171
2 1580
4
3
2 4970
3
4
1 1077
4
1 3779
1 5151
3
4
1 4467
1 4480
4
3
2 6140
2 7911
1 6233
4
3
1 2632
1 1601
2 4574
1 2710
1 1920
4
2 7568
2 1379
1 2516
2 2027
3
1 5142
3
1 9739
4
2 5871
2 8895
3
2 7230
1 3115
1 4225
3
4
1 5537
1 3262
4
4
3
4
3
4
1 1955
2 985
1 1359
4
2 525
2 388
3
4
2 4155
3
3
4
1 8916
3
2 5862
1 9024
1 9412
3
3
2 1687
2 5190
2 4438
2 1187
3
3
2 34
2 1329
2 9134
4
4
2 6092
1 7806
3
3
3
4
2 215
1 8144
4
4
3
4
3
1 8484
3
2 5360
3
3
2 2389
4
4
2 4338
2 626
3
3
3
2 2805
4
2 462
4
2 816
4
4
4
4
3
4
1 6797
3
4
4
2 2086
3
1 4839
4
2 3073
4
2 6297
2 439
4
2 5649
4
4
1 9177
3
2 554
3
4
3
4
3
4
1 4304
2 6006
4
2 7618
1 1877
2 1774
2 9331
3
1 8206
3
2 8741
1 2219
1 4396
4
3
4
4
1 461
1 7015
3
3
1 7642
1 4159
1 6452
2 6977
3
2 6727
1 7876
3
3
2 8139
4
4
2 4674
2 4400
4
1 7361
2 936
3
3
1 3078
2 4903
2 7937
4
4
2 8783
4
3
4
1 3155
4
4
4
3
1 1529
3
2 4468
1 3167
3
1 5619
2 2478
3
3
3
3
1 6713
3
1 2398
1 1867
4
1 4082
4
1 7741
3
4
4
3
2 2548
3
4
4
1 6028
1 5011
1 9444
3
2 1494
3
2 9885
4
2 5945
1 4709
1 4920
4
1 4425
3
2 5636
2 2740
4
1 6500
2 7622
4
4
1 1053
4
3
2 6852
1 3752
1 6198
2 5464
4
1 1155
4
3
3
4
1 5420
4
1 9701
2 2174
4
3
1 3429
3
4
1 4948
4
4
3
2 3656
3
2 5290
3
1 515
3
2 4350
2 5874
3
1 4085
1 1060
2 8878
1 9407
2 9046
2 9023
2 7205
1 315
2 1269
3
2 5963
2 5266
4
1 5216
3
3
4
1 9072
2 6429
3
2 146
1 2440
4
3
4
4
2 6301
3
4
1 2542
1 4922
2 551
4
3
4
1 9548
4
3
1 3274
2 6914
1 2849
4
2 1851
3
1 6415
3
4
2 7443
4
2 6415
4
1 158
3
2 1580
1 9431
1 123
3
1 9698
4
1 2211
4
1 7508
2 6491
2 4555
3
3
3
2 2009
4
4
2 750
3
1 7893
4
4
4
4
2 9039
3
2 5405
4
1 300
2 4944
3
1 7202
4
1 5452
1 2499
4
4
1 9729
3
3
3
4
3
3
2 8032
3
2 5615
3
2 5659
2 4846
3
4
1 9897
2 2851
3
1 4266
2 600
3
1 4839
1 3777
4
2 2390
4
4
4
4
4
4
3
4
4
3
1 1969
1 4297
4
2 3873
2 5925
3
3
4
2 5599
2 9304
3
3
1 9056
1 8816
1 4752
3
4
2 6078
1 3338
2 7727
3
2 81
3
1 6452
1 7253
2 6602
2 9737
1 3574
4
2 5249
4
2 5380
3
4
2 9792
1 9355
2 8203
3
1 5945
3
1 7508
4
2 2889
4
2 5185
3
4
3
3
3
3
4
2 3548
2 6129
3
3
4
4
1 3560
4
1 2433
4
3
3
4
2 9646
2 402
4
2 464
3
3
2 7787
3
4
1 3274
3
3
3
1 4907
3
2 9516
1 9089
2 4768
3
1 4910
2 1558
4
4
1 6578
3
2 5910
3
4
1 4540
4
4
2 6254
4
1 7409
2 543
4
4
3
1 8198
3
1 7710
3
2 5936
3
4
3
4
2 2650
3
2 3695
2 2193
4
2 3487
2 5926
1 7894
1 2038
2 1105
2 3704
1 3033
1 8938
3
4
1 3696
1 5018
2 2383
4
1 9123
3
3
3
1 2950
2 2170
3
2 9041
4
4
1 811
4
1 8789
1 8068
1 2858
3
4
2 1821
4
1 9732
2 2927
2 8594
4
4
1 865
4
3
1 5332
3
3
4
4
2 9073
3
1 5774
3
1 2500
4
1 3438
1 7244
4
1 9007
1 8563
3
4
4
4
1 2840
4
4
4
1 3553
4
1 7612
2 6886
2 9022
2 4210
4
4
1 4566
1 405
4
4
1 1782
4
1 8074
4
4
2 9593
3
1 2556
2 6379
4
2 3057
1 4928
1 9838
3
4
3
2 3209
3
1 8142
4
1 5366
4
3
2 3672
4
4
1 875
2 6982
3
2 3159
2 2864
3
4
1 3038
1 746
1 6498
4
3
2 6426
2 6999
1 683
4
2 7116
3
4
4
3
2 2850
1 9789
1 2435
4
4
4
3
3
3
2 3009
1 8214
2 1524
2 9012
1 2595
4
4
1 5599
3
1 2442
1 3921
4
1 5433
2 1431
3
4
4
4
2 9364
2 5073
2 6442
3
4
4
1 1584
1 6400
3
1 7931
3
2 1811
3
2 5125
4
2 9925
3
2 8895
2 7328
2 8989
3
2 9861
1 2937
2 2818
1 7743
3
4
1 1287
2 6345
3
3
4
3
4
2 869
4
2 3713
4
1 6890
3
4
3
3
2 2685
4
4
4
4
1 9600
2 4140
2 8504
3
4
1 8173
3
1 1009
2 2053
4
4
2 4194
2 5404
3
3
4
1 6142
1 4443
4
3
4
4
1 4147
1 7374
4
1 9423
3
1 722
3
1 5118
4
4
4
4
4
4
2 6211
4
1 9239
4
4
2 4036
3
1 4060
3
3
1 9224
3
4
4
1 8053
3
2 7921
2 7629
2 9446
1 6303
1 4892
2 7301
2 9933
3
3
1 7496
1 6703
4
1 5247
1 938
1 706
1 6987
2 8891
4
4
2 7693
1 1625
3
1 9717
2 1814
3
1 7572
2 943
2 4150
4
1 7502
4
3
4
2 5452
3
1 2923
3
4
1 6169
2 977
1 4097
1 9258
1 1425
3
2 5342
2 8453
4
3
2 5290
1 9539
3
2 1721
2 6330
3
2 4362
4
2 4951
3
1 4147
2 3322
2 5402
1 4502
2 3728
2 5642
3
2 5361
4
1 2156
2 7039
1 7041
4
4
4
4
1 9589
2 8126
2 5218
3
2 9509
2 4184
2 1002
1 8421
3
3
1 1966
3
1 3205
1 5188
1 2406
2 2278
1 5379
4
4
4
4
2 5190
2 597
1 74
1 5203
3
1 6548
2 7435
4
3
3
2 6501
1 6601
2 5044
2 5713
4
1 2119
3
4
2 7585
1 6597
3
1 138
2 2943
3
4
3
4
3
3
3
4
4
4
3
3
3
4
4
2 9181
4
4
1 4554
3
4
1 2119
1 9332
3
1 3177
2 8148
4
2 4479
2 1375
3
1 2343
1 7854
3
3
2 6447
4
2 3782
4
3
4
2 5218
1 9490
1 8217
3
3
2 1623
1 1084
4
3
4
2 5164
2 9713
2 405
2 9667
1 4163
2 9458
2 1652
3
4
3
2 4741
1 6442
4
2 1799
1 8306
1 990
2 8020
1 5334
2 3773
4
4
1 2194
3
4
2 9945
4
3
4
3
1 7840
3
1 8052
3
4
1 8520
4
1 3348
1 7161
1 4673
2 8747
1 1821
3
3
3
1 5114
3
2 5376
3
2 2888
1 3335
1 7189
3
2 1631
1 4954
2 8914
3
3
2 9254
1 2137
2 3025
4
4
1 1542
1 5638
3
1 8083
1 3208
2 9420
1 3679
4
3
1 2573
2 1549
4
4
3
2 2559
3
2 2498
2 5248
3
1 8466
4
1 277
4
3
2 3626
4
2 5618
1 3771
1 324
4
1 8492
1 6292
1 4893
2 8142
3
4
2 2232
3
3
1 5906
2 371
3
4
4
2 4168
3
4
2 6727
3
4
1 1355
1 379
2 8810
3
2 78
1 5541
4
3
4
4
2 3881
1 7325
1 628
1 2828
1 7712
2 3228
2 6565
3
3
4
1 8418
1 8948
1 9138
2 8931
1 1737
4
3
4
3
1 9728
1 5385
4
3
2 8215
3
2 280
4
1 4791
2 9270
2 3705
3
2 8548
3
3
1 1534
4
2 4453
2 2028
4
1 9864
1 6375
1 6083
3
2 9765
3
4
4
2 1032
1 7138
3
2 4121
1 6278
2 8677
3
1 6003
1 8085
1 3186
1 8812
1 3477
3
4
3
3
1 8719
4
2 8814
4
1 9248
4
3
2 7506
4
3
3
2 1950
2 3912
2 9463
4
2 6209
3
3
1 4630
2 9150
2 8153
2 1528
2 251
2 532
1 6355
4
4
4
1 5175
3
2 395
1 8237
4
1 202
1 3470
2 2787
1 1654
3
1 8132
3
1 964
2 5407
2 8554
1 2431
2 5709
4
2 6976
1 6209
3
3
3
4
4
4
4
1 3252
1 1980
4
3
1 2530
2 1031
4
2 6132
3
2 5255
4
1 7652
4
2 9630
2 1118
1 7352
1 4792
1 8810
2 8963
3
1 778
4
3
4
2 4487
3
1 7842
3
4
3
3
1 7707
4
2 3236
3
2 3599
2 9967
1 1422
1 7298
2 6394
4
4
4
4
4
1 3685
3
4
4
2 5949
4
4
1 5005
1 6046
2 9213
3
4
2 5415
4
1 2278
4
4
4
4
4
2 7198
1 2521
1 9865
3
3
2 2967
3
2 9800
3
1 4339
2 3600
3
1 736
4
2 6449
4
1 1133
1 9578
1 1181
3
1 2043
2 6062
1 313
1 6521
2 2529
3
4
4
4
3
3
3
3
1 3678
4
3
1 6576
3
1 9129
2 1165
2 9637
2 69
2 4541
2 6743
2 8559
1 1159
4
1 5846
4
1 2834
3
3
4
1 3467
4
1 3827
4
3
3
4
4
3
2 7689
1 8230
4
3
4
3
3
4
1 5919
3
4
4
4
2 2993
1 2935
4
4
4
2 1011
4
1 645
3
3
2 6171
2 8482
2 686
4
1 1026
3
4
2 2634
4
2 5073
3
4
3
3
2 7312
1 4270
4
1 5107
1 4396
3
2 8570
2 2884
1 8451
1 6888
1 9426
2 6257
1 6360
1 5374
4
4
4
4
3
1 841
4
2 6307
3
2 4484
2 1810
2 9848
3
4
4
1 8469
1 8592
4
3
3
3
3
4
1 8360
4
2 5416
3
4
2 1270
1 6411
2 5173
1 8719
2 8038
4
3
1 7732
1 6553
1 1069
4
2 9236
4
3
3
2 1139
4
4
4
3
3
4
4
4
1 3510
3
1 1008
2 2949
3
3
2 5145
3
1 8029
3
4
3
2 3759
3
2 926
3
2 8362
1 5363
2 6193
3
1 7293
1 3413
1 7100
2 9692
1 6387
3
3
1 8525
1 229
2 7347
2 8761
4
3
1 8121
3
3
1 7231
3
2 8375
4
3
2 7178
4
3
2 9875
1 8868
2 7603
1 2148
3
4
2 2830
3
4
3
3
2 3880
1 5070
1 87
2 4290
1 3555
4
1 5124
3
1 2907
4
1 4430
3
2 3511
2 7068
2 6473
2 4068
4
1 9447
4
2 3207
1 1963
2 3813
3
1 1530
2 4140
3
3
2 6641
3
3
2 9067
4
1 1325
1 753
3
2 3452
4
1 1309
2 448
2 5304
4
2 4822
2 7458
3
4
4
4
4
4
1 1265
3
1 1734
4
1 5012
3
2 6719
1 2228
2 3141
1 7149
4
4
2 1925
3
3
1 9500
3
2 9459
2 7432
1 1236
4
2 4874
1 9162
3
1 9490
3
1 5232
2 1368
2 6933
1 2344
1 463
2 3082
1 8598
4
3
2 2602
4
1 8450
4
1 1031
2 9314
2 810
3
1 1703
2 8159
1 9579
2 3062
3
4
3
1 6364
2 2978
2 1379
1 8529
1 8598
2 1432
1 9671
1 1172
2 4502
1 1765
3
2 7190
3
3
2 6215
2 3662
4
2 1736
4
3
4
1 7006
1 1773
3
4
2 1126
2 3982
2 706
4
3
3
4
1 2851
1 5483
2 7121
3
4
3
1 6076
2 3332
3
4
2 6676
2 8900
1 2111
4
4
2 1987
4
3
3
1 5154
1 609
1 5641
3
3
2 5274
1 8805
3
3
2 3915
1 1154
2 5398
2 512
4
1 8513
3
4
4
4
4
1 153
3
4
1 2536
4
4
2 918
2 4647
3
3
1 2802
1 2497
3
2 1611
1 3209
1 5630
1 2802
4
1 4501
3
4
1 6023
4
2 908
4
1 7185
4
1 3845
2 2055
4
4
4
3
2 5408
4
1 3125
1 7627
4
2 3256
1 2186
4
3
2 7156
1 2876
4
3
2 2002
3
2 1632
2 3043
4
3
2 3401
1 9536
2 5104
2 3384
2 5922
4
1 342
2 8959
2 2316
2 8690
4
2 1962
4
2 7027
3
1 8794
2 5996
2 8501
2 7019
3
1 8574
4
2 6342
2 2106
2 4877
4
2 4863
1 3656
2 8386
1 2818
4
1 1836
3
3
2 7335
4
3
4
3
3
1 5632
1 5619
4
3
2 3606
2 3572
3
3
1 1750
4
4
3
3
4
4
1 3677
1 8578
3
1 8248
1 4128
2 8485
4
3
4
1 4721
3
4
4
4
1 9195
1 8572
4
1 5994
1 7496
4
1 8343
1 6011
3
3
4
4
4
3
4
3
1 5677
2 4558
4
4
3
2 2635
1 4336
4
4
2 9682
3
3
1 6389
1 3387
2 1591
2 6848
3
2 8100
3
3
4
2 2778
1 1731
4
2 6045
1 9502
4
3
1 6598
2 4993
2 7998
1 8508
4
3
2 7301
2 394
3
2 6937
2 6512
3
4
4
1 5242
3
2 9280
1 285
1 5743
2 4091
1 5034
3
1 2108
3
1 5059
3
2 1844
2 7390
1 5525
3
1 6661
1 852
4
1 6464
3
3
2 3592
1 9811
3
3
4
1 8438
4
3
1 5957
3
3
1 5927
2 7309
1 5799
4
4
3
4
1 6320
3
3
3
3
4
4
2 9868
3
4
3
2 3199
2 8352
1 5217
1 2356
4
2 8346
1 9322
3
3
4
4
2 9784
2 7339
3
3
3
2 8588
4
3
1 2098
4
1 1489
2 3435
1 9439
2 6049
3
4
4
3
1 5199
3
3
3
1 5783
