2521
3
4
1 9782
1 3233
4
4
1 7706
2 3889
4
4
4
3
3
3
2 5030
4
2 9004
2 836
1 9120
2 6702
2 713
3
1 7303
3
2 5726
3
4
4
2 5217
4
2 26
3
2 1
3
3
4
4
3
1 5816
4
3
3
1 6015
4
3
4
2 8974
4
1 9468
4
4
3
4
4
3
4
4
2 6380
3
1 8185
4
2 9876
2 4102
3
2 111
2 16
4
2 3
4
2 11
4
1 9052
1 9046
2 2178
2 3691
2 5958
4
4
2 2398
4
1 2060
2 3353
2 1656
3
1 2401
3
4
1 2423
2 2743
1 7222
2 8666
1 6599
4
1 2780
1 2629
3
2 6251
2 6852
3
2 195
2 5
2 266
3
3
3
3
3
1 7349
3
4
3
4
1 527
2 5099
2 186
4
4
3
3
2 2226
4
1 3909
3
4
3
1 8146
2 2004
3
3
4
4
1 3208
4
4
2 8844
1 6572
3
3
4
4
4
2 7147
2 2233
1 5243
4
3
1 7568
3
3
4
1 7604
1 9702
2 9639
2 4300
2 6651
4
2 3488
2 5377
4
1 7932
1 3308
2 7945
2 1586
2 4081
3
2 127
2 11
4
2 26
4
2 54
4
4
3
1 909
1 7167
1 7023
4
1 1157
2 2805
3
2 9675
2 904
4
4
2 1194
1 4401
3
3
3
2 1204
3
2 2638
1 4614
3
2 184
2 3865
4
1 1563
4
4
2 281
1 3918
1 1295
1 3294
3
3
2 8243
4
2 153
3
1 5542
1 7515
4
4
2 9118
3
1 5412
1 4861
2 8456
1 5264
3
1 6383
2 2142
1 8254
2 5322
1 2572
2 1444
1 2363
3
2 1510
4
2 8827
4
4
3
4
3
4
1 9429
1 6763
4
2 7608
3
2 7921
2 4584
2 7825
4
1 9428
3
2 8166
4
2 4813
3
1 9406
1 6606
2 9848
3
1 5895
1 4488
2 2362
1 6895
2 8199
4
3
4
2 9306
3
4
4
1 6303
1 5032
1 8625
2 4572
3
4
1 6861
1 8847
4
4
2 8385
4
1 4736
2 1033
2 7554
1 5720
3
2 3880
4
4
1 6798
2 6704
2 3256
4
2 585
4
4
1 5290
4
1 2304
1 1448
2 927
3
4
4
1 4663
2 7977
1 9658
2 5061
1 9896
1 6358
1 2951
4
1 4925
3
2 953
1 1170
3
4
4
3
3
4
3
3
4
2 4354
3
4
3
4
2 6587
3
1 6456
2 5039
3
2 7537
4
1 3612
4
3
3
1 4893
2 1511
3
1 804
1 9914
1 483
2 9879
3
2 5863
1 8788
1 1179
3
4
1 3275
3
3
2 8887
4
3
3
4
3
3
3
4
2 135
1 4977
2 7485
2 7324
4
1 4612
4
2 463
3
3
2 7460
1 4205
4
3
3
1 8297
4
3
2 2355
1 4224
2 8897
3
2 2643
2 5769
4
3
4
2 2270
3
3
2 6217
4
1 9302
4
2 658
2 7102
3
1 1436
3
3
1 6251
1 5144
2 7716
4
2 3670
3
2 7168
2 1087
2 2677
4
2 1558
3
4
2 6089
2 3766
4
2 138
1 2917
2 2993
2 25
3
3
1 2649
1 7180
4
1 3828
2 7445
2 3109
2 2998
2 78
2 29
3
2 10
1 58
1 6341
4
2 4353
1 5163
2 6083
1 5051
4
4
2 4309
1 6379
3
2 1768
2 1292
3
1 3710
3
4
3
2 2071
2 2693
3
3
1 5425
4
4
1 6280
2 8081
4
3
1 6910
1 5386
2 2455
2 5302
4
3
1 501
4
4
4
1 8960
2 5947
2 5922
4
2 2953
1 6765
3
4
4
3
1 7913
2 3140
3
2 9243
2 1277
4
3
4
3
2 122
4
1 737
3
2 3931
3
3
2 3489
2 934
1 1661
1 2707
3
2 680
4
4
1 5499
3
2 7624
4
4
3
2 1696
3
4
3
4
3
1 3127
2 2551
2 98
4
1 846
2 492
1 2519
4
3
2 1105
2 880
3
2 54
4
3
1 6228
1 6741
4
1 4436
1 9673
1 3333
3
1 662
1 1629
1 4654
4
4
1 7613
2 7194
3
3
1 9425
3
2 7854
2 1013
3
1 5438
1 915
3
2 9545
4
2 3219
2 6707
2 1409
1 6732
3
2 6613
2 8582
4
3
4
2 5113
1 4655
1 3441
1 2254
3
4
1 3591
1 7446
3
4
1 5269
3
1 8799
3
2 5138
4
1 8522
2 4447
2 6489
3
3
3
4
4
1 6373
4
4
1 1261
3
3
4
1 8570
3
4
3
1 1395
2 831
1 5737
1 3276
4
3
1 6434
4
4
4
3
1 3603
1 7078
2 7676
4
2 626
1 6023
1 1678
3
2 3621
3
4
2 2441
1 4195
3
2 2896
2 4955
2 2782
1 6233
2 617
2 590
2 8229
3
4
4
1 2361
2 6694
4
1 1189
1 6028
2 2119
1 7053
4
1 1804
3
3
1 6675
1 7255
3
1 4179
2 24
3
3
4
2 8740
4
1 3346
4
2 4039
4
3
2 6862
4
1 2616
4
2 5665
3
3
1 3528
4
4
3
2 7798
2 1641
2 2545
3
3
2 5398
1 8519
1 1005
4
1 3060
1 3766
2 2358
3
3
3
4
4
2 8599
1 2094
1 8268
4
3
2 2165
1 7275
2 1942
2 7297
1 1819
4
3
4
2 726
1 295
3
2 7227
2 4389
3
1 3129
1 5723
4
1 2313
3
1 9296
4
1 1617
1 2496
1 685
3
1 7192
4
1 8322
4
3
4
1 6451
1 5768
2 9609
1 8344
2 8927
2 8431
3
3
2 7937
4
4
3
1 6578
1 3259
3
2 4291
4
3
1 4921
2 4515
3
3
3
3
3
2 7183
4
3
4
1 7875
3
1 590
3
4
1 6727
4
1 9789
2 6093
4
2 1457
3
3
3
2 467
3
4
3
1 3359
2 8554
3
2 1997
2 7681
1 1270
2 3154
2 7386
3
4
1 2325
3
3
1 2956
4
4
2 9694
4
2 7014
2 9281
3
3
4
4
4
2 6471
1 2540
4
2 6283
2 2748
1 7887
4
4
2 468
3
2 8721
3
1 8931
3
1 7536
1 9706
1 3907
4
3
4
3
1 4060
4
2 8512
4
1 5332
3
1 1688
3
1 5635
1 1622
3
1 3873
3
4
4
2 214
3
4
2 3087
4
4
1 9909
4
2 2944
4
2 254
1 525
1 4699
1 201
4
1 547
4
2 4611
3
3
1 7363
3
2 5914
4
4
4
3
2 9067
2 9565
1 3638
3
4
3
4
4
1 7175
2 1372
1 3465
2 9078
2 3338
4
2 1376
3
1 3962
4
1 2610
2 8107
1 8321
2 5145
3
1 8277
2 8852
1 2880
4
4
1 4399
4
4
2 7767
3
2 8666
2 1876
1 3679
2 7254
1 5173
3
1 8240
2 3420
1 3300
2 3341
2 3164
4
2 2111
2 9551
4
4
1 5641
3
2 174
4
2 7566
3
1 5989
4
4
3
4
1 9895
1 4202
1 9839
1 5744
1 9282
3
2 6565
3
3
4
4
1 1335
1 6321
2 4439
1 5990
2 3467
2 8963
2 5531
3
4
2 2600
1 3450
4
4
1 2308
3
2 8104
4
2 6658
1 4633
4
3
1 1341
2 7714
1 7218
2 5019
4
2 169
3
1 9708
2 8211
1 1144
2 2273
2 2938
3
4
2 2950
2 7517
1 4884
2 9780
1 4058
1 7563
3
4
3
2 3987
3
2 433
1 5645
2 4856
3
4
4
1 6761
1 9704
1 8419
3
3
2 4687
2 1814
2 5161
4
2 6043
1 3001
1 7793
1 9531
1 1701
1 9801
2 3864
4
3
3
2 1490
2 6310
1 7313
4
2 172
2 7555
1 6553
4
3
4
3
2 4286
4
1 7801
2 6898
4
1 3101
4
1 2714
4
4
3
4
4
1 8399
2 2070
4
1 7643
1 4834
3
1 6414
1 3151
3
3
1 2167
4
2 9754
4
1 8671
3
3
3
2 4855
1 4497
3
4
2 5921
4
3
2 5151
3
3
2 554
4
1 5540
1 7869
2 8554
1 3981
3
2 4769
2 2504
1 7270
1 1045
1 3481
3
3
1 6492
1 3388
1 6229
2 7065
2 9830
4
1 9299
4
4
2 379
4
1 3330
2 20
4
4
4
2 8361
2 795
2 9005
1 2780
4
1 3085
4
1 6556
2 8198
1 1335
3
2 9753
3
2 3534
2 7665
1 3302
2 6690
1 9538
1 1063
1 6366
3
3
4
3
2 5265
3
1 3601
2 3635
4
3
1 4636
1 5397
3
1 4835
2 7021
3
3
3
1 2810
2 7897
4
4
2 2288
3
3
2 4016
3
1 3425
3
4
4
2 6029
1 8465
4
1 2234
2 297
1 8569
1 4539
2 997
2 2220
1 8522
4
3
3
3
3
2 7584
3
3
4
3
4
1 5102
3
4
1 3600
1 3789
4
3
4
3
2 680
1 1383
3
3
4
1 4232
1 5096
3
4
4
3
4
3
2 2401
2 4838
2 3572
2 4269
1 4477
4
2 2780
3
4
3
1 5649
2 3970
2 5764
4
1 9945
4
4
4
4
2 7279
2 1280
3
2 4585
2 2023
2 7604
2 1575
2 9962
4
3
3
3
2 9880
4
4
4
3
1 4361
2 3001
3
2 4708
3
3
4
3
1 3226
3
1 288
1 5068
3
2 9244
3
4
3
4
1 5899
4
4
2 5879
2 8706
2 2571
3
3
1 3382
4
4
2 7886
1 2233
1 7897
2 1153
3
1 1491
2 8494
2 2567
4
4
3
1 8053
1 5504
4
1 301
1 7365
4
2 5231
2 1549
4
2 5332
1 160
4
3
2 2045
4
3
4
4
1 8845
4
3
3
3
4
4
1 3545
4
4
1 4227
4
4
4
4
2 1365
2 1979
2 7017
4
2 5794
2 6245
1 3010
4
1 3004
2 3430
2 8622
3
4
2 440
1 5338
3
4
2 4442
1 646
2 5528
1 1697
1 607
3
2 3570
3
4
3
2 245
3
1 307
2 9569
4
1 2762
4
4
1 4553
2 6049
1 1983
2 1443
4
2 6555
1 5094
2 818
4
2 6632
4
3
2 9279
2 5970
1 5793
1 1155
2 5471
1 999
4
3
3
3
3
4
2 239
2 7708
4
2 7733
1 6626
3
1 7075
4
4
4
3
2 3367
3
3
4
2 8872
1 8487
2 9514
1 7549
1 8438
1 1089
1 5113
2 2678
3
1 10000
4
3
3
2 750
4
3
2 4120
1 3202
3
3
4
3
1 4299
1 7780
3
3
2 8097
1 7193
4
3
3
3
3
2 894
3
2 4184
4
4
1 5228
1 1006
4
2 6014
2 8461
2 6359
1 7538
3
3
3
2 1096
4
3
2 2120
1 1260
3
4
2 2115
4
4
4
1 3817
3
3
1 223
1 3414
1 4411
4
1 5163
2 4041
4
1 3764
1 3960
1 4171
4
4
4
2 5917
2 9824
3
3
4
2 3239
3
3
4
3
4
2 1606
2 7036
1 3666
1 22
1 924
3
1 6823
1 1669
1 4872
2 7013
4
3
2 4334
3
3
3
4
3
2 3715
3
4
1 5484
4
1 8023
1 7396
2 7436
3
3
3
4
2 1877
2 8574
3
2 792
1 3618
2 8277
4
4
2 8174
3
2 2094
1 9894
1 7253
4
2 4270
4
4
1 5391
2 7609
4
3
1 8995
3
2 1699
3
1 7058
1 3446
3
4
1 9729
2 7126
2 6233
4
1 8523
2 4208
2 9871
2 9482
3
4
2 1292
2 7563
4
3
2 2962
4
4
3
4
1 9343
1 5348
4
4
2 4060
2 7491
2 293
1 4352
4
3
3
4
3
2 9383
4
3
2 5749
2 7010
2 8999
2 3232
2 1349
2 4392
2 1252
2 386
3
1 2763
2 1623
4
2 628
4
1 335
1 8114
3
1 5208
4
2 5828
2 2214
3
1 2041
4
2 2736
2 2063
1 1274
1 9995
4
4
1 6661
3
3
3
1 9825
4
4
3
4
2 8040
2 250
1 925
4
4
2 5734
3
4
1 2077
3
4
2 5939
2 3481
4
1 2869
1 2967
3
2 4844
3
2 9722
1 5186
4
1 1766
4
4
4
1 2064
4
1 1973
4
3
2 5059
3
2 865
3
2 3222
3
2 2542
4
1 8683
2 6251
4
2 2688
4
3
2 915
3
1 7513
4
2 3646
1 9680
4
1 5954
4
3
4
4
1 1223
4
1 6582
1 314
4
3
3
4
4
2 2042
2 1695
2 4271
4
3
4
2 6382
3
1 479
4
2 2493
3
3
4
3
1 3050
4
4
3
4
2 493
4
1 7787
1 2460
1 9986
1 1237
3
3
1 4860
3
3
3
3
2 3614
2 1466
1 3510
2 7325
4
2 487
3
1 879
3
4
3
4
1 537
3
2 3719
3
4
3
4
1 7618
4
4
4
2 3377
4
3
4
1 3128
4
1 5660
2 8828
1 7604
3
3
1 8128
3
4
4
1 9526
1 2167
1 2407
2 1952
3
1 3414
3
2 9847
3
3
3
1 6781
2 1466
1 6157
3
4
4
1 6226
1 9141
2 2560
2 2395
3
3
1 7951
2 7348
4
4
1 3540
2 4830
2 6534
3
4
1 7477
1 6066
4
2 5635
3
4
4
4
1 1475
3
1 8093
1 6121
1 8156
3
2 1788
3
3
4
4
4
3
3
3
4
2 1230
4
2 4544
1 1322
4
4
2 5781
2 4237
1 8626
1 2804
3
4
3
3
2 7800
4
1 9606
3
4
4
2 9427
4
2 1517
1 1308
2 630
3
3
3
4
3
2 3391
1 603
4
4
2 8151
4
4
4
2 3178
3
4
3
4
4
2 6966
1 6707
1 4743
1 9352
2 6587
1 1216
1 670
1 6790
2 8965
1 9150
2 9888
2 6867
3
2 3832
2 3747
3
3
2 7425
1 443
3
4
3
4
3
1 68
3
3
4
2 7477
4
3
2 6767
3
4
2 900
2 3538
4
3
3
1 7261
4
2 7637
2 55
3
4
1 2856
4
1 8651
4
4
4
3
2 3028
4
4
1 6529
4
3
2 1842
3
4
2 1863
4
1 5024
2 275
1 1101
2 9944
4
1 7394
3
2 8764
1 6921
4
1 196
1 2419
1 6265
3
1 1899
2 3790
4
2 8426
1 8873
2 6018
3
4
1 9716
1 2694
4
3
2 937
4
4
3
1 5770
1 7272
2 4642
4
3
2 1798
4
1 8159
3
1 3534
4
3
2 234
3
4
3
4
2 2792
4
4
1 6457
3
2 8797
2 7818
3
3
2 6588
2 2990
1 8491
3
3
3
2 8181
3
4
4
1 59
1 5928
2 685
2 4858
3
3
3
4
2 597
2 4254
2 9541
4
1 4648
2 2486
4
2 8062
2 1160
4
2 6671
1 9535
1 6697
3
2 1005
1 6134
2 9994
2 6018
1 2316
1 1472
4
4
1 6518
2 208
4
4
2 8467
3
1 3859
2 267
3
1 8091
4
3
3
4
1 3769
1 3541
2 6581
4
3
2 2763
2 8718
2 8945
1 5051
4
4
2 7260
2 9791
2 6389
2 4504
2 6601
2 2545
3
3
2 168
3
4
2 89
4
4
1 1426
2 1304
1 5757
3
4
4
4
1 6679
3
1 173
1 2193
2 9369
4
2 859
3
3
4
4
2 3141
3
1 43
1 5751
1 6347
1 2742
2 7145
2 7659
2 151
4
1 7979
4
4
2 9254
1 5786
4
2 5345
1 1374
2 1915
2 29
3
2 36
1 3721
1 6241
1 9979
2 3738
3
2 8257
3
4
1 7594
4
1 6961
2 8433
2 8626
1 8620
4
1 2338
4
4
3
3
2 6324
4
1 2071
3
2 2698
2 4381
3
3
3
1 4805
3
2 6465
3
4
3
3
1 4947
1 1723
4
1 132
2 2417
2 530
2 7080
3
4
4
4
1 8005
2 7310
3
3
2 847
1 3027
2 528
4
1 3424
4
1 7306
1 7143
1 4194
2 4967
4
3
2 1610
4
1 9354
1 2369
4
2 5177
2 8487
2 8778
4
1 878
2 3251
2 390
4
2 3312
4
1 6080
1 5374
1 7235
4
3
2 5187
1 9164
4
1 3101
2 3334
4
3
3
3
1 8838
1 1889
1 1656
2 1536
4
4
4
2 4831
4
4
1 6196
1 8071
2 5701
3
3
1 7194
3
4
3
3
2 1376
2 8698
2 8134
2 5978
2 8672
4
3
2 2175
2 1080
3
1 1912
3
4
2 9465
1 4628
2 861
4
1 8550
3
3
4
1 8686
4
4
4
2 5132
4
4
3
3
4
3
1 4838
3
3
1 1586
3
1 1131
4
1 7414
4
2 8084
3
3
4
1 8245
4
2 2266
2 891
3
4
2 7216
4
3
3
3
1 9416
3
2 5090
2 8274
2 1662
4
1 4247
3
3
1 7403
2 5566
2 6536
3
2 701
2 1889
2 8685
1 2753
1 2818
3
2 3200
3
3
3
1 6999
4
3
2 1160
4
1 6209
2 4852
2 8585
3
2 3532
3
3
3
1 6512
1 5796
2 1263
4
1 3442
2 5060
4
4
4
4
2 1628
1 8600
3
2 8959
2 5198
4
2 1926
4
4
4
1 4157
1 2676
2 5055
2 4159
1 2590
4
2 1043
1 5945
4
3
3
2 1247
4
2 6242
1 6186
2 5950
1 1502
3
2 2199
1 7708
1 3614
2 2553
3
2 8189
4
4
4
2 640
4
3
1 2967
4
1 7415
4
2 8159
2 661
4
4
1 6696
4
2 5681
4
2 1685
3
4
4
4
4
2 419
2 380
1 4848
1 3123
1 9501
2 2234
4
2 5434
3
1 6246
2 5229
1 8578
3
4
4
1 9249
1 8482
3
2 3869
2 5184
3
2 7104
1 7760
1 6524
3
1 8751
1 7461
1 10000
3
2 3619
2 8014
2 1808
4
1 4420
2 6617
3
2 8817
2 7048
2 1139
2 737
4
3
3
3
3
2 1881
1 8288
4
4
3
1 1179
1 5588
3
4
2 3964
2 6816
2 1363
4
4
2 1748
1 5120
3
3
3
3
1 1446
4
1 4898
4
1 6320
1 117
2 405
4
3
4
4
3
1 2166
2 8105
3
1 5328
3
1 4286
4
3
3
4
2 5563
1 1065
3
1 4759
4
1 460
2 4583
3
1 5338
3
2 807
2 7325
1 5345
2 7694
3
3
1 8697
3
1 7734
1 9566
1 3461
3
3
1 4486
3
2 9300
2 3474
3
2 2191
2 7608
2 6421
2 6228
1 4886
3
3
3
4
3
1 1597
1 3994
1 1767
3
2 3129
2 1381
4
3
2 5441
1 2281
4
1 3584
3
1 5245
3
4
1 3716
1 8137
4
2 5489
1 7445
1 5408
3
2 9952
3
4
2 6435
3
4
2 8132
1 7016
3
1 5792
3
3
4
2 8331
1 780
1 6506
1 2829
3
4
3
2 5239
4
3
2 797
1 3125
1 27
1 4745
2 8863
4
1 6764
4
3
3
1 5332
