1878 1419 346
1 956
6 568
10 970
12 1067
15 561
16 824
17 80
24 545
25 298
28 1073
41 318
41 476
44 338
50 538
53 1143
56 378
59 467
65 42
66 1419
74 1093
75 69
75 1024
82 715
84 1321
88 806
88 1043
93 366
94 337
96 1226
99 1401
100 159
106 598
112 411
115 177
118 1410
120 1148
129 316
141 1388
144 792
148 423
152 600
156 750
173 204
178 974
184 1365
189 1289
190 1071
191 242
193 1346
194 532
205 934
206 168
208 26
209 1357
216 706
230 1156
232 954
234 720
236 468
241 1257
262 398
262 504
271 1028
273 645
274 475
278 1417
291 66
305 910
320 793
329 250
330 178
342 953
349 991
363 745
367 1337
368 1117
376 203
378 1131
381 474
391 1234
398 1066
408 145
415 1272
415 664
417 1225
424 372
431 287
434 622
434 957
445 1306
452 873
459 910
463 1186
474 841
476 958
477 1126
483 1044
490 775
493 83
494 593
495 1330
497 869
501 782
510 830
512 159
514 863
514 840
535 1246
536 790
541 187
564 717
567 1352
568 908
569 449
569 424
570 886
571 492
574 317
578 955
585 990
598 150
601 495
606 21
614 1362
619 269
619 714
627 192
639 210
640 386
648 610
652 1253
652 124
653 30
656 904
660 1084
663 216
665 210
665 1229
667 1075
672 685
673 127
676 218
678 162
683 423
684 616
691 686
693 839
697 1037
699 1136
704 129
726 703
733 913
761 493
777 1117
782 305
787 372
794 988
797 1051
806 644
816 835
816 1235
817 1201
825 686
825 764
826 1115
836 779
843 516
846 828
848 1008
849 1387
853 1271
855 575
856 1219
858 1414
863 304
865 293
871 978
872 1285
876 463
881 1061
896 468
898 170
904 559
908 901
909 450
910 1079
914 1203
922 292
928 588
930 464
931 1287
944 442
975 156
981 1112
983 1171
984 498
988 1065
994 1045
995 359
1003 385
1021 989
1022 207
1023 211
1024 1241
1027 55
1030 1049
1032 74
1039 940
1040 658
1040 538
1050 504
1051 108
1060 1014
1065 349
1073 1024
1078 792
1081 93
1112 783
1116 90
1116 69
1137 1155
1143 535
1144 974
1152 524
1155 1142
1156 750
1157 771
1159 371
1162 791
1162 144
1168 452
1169 813
1180 46
1183 1142
1189 356
1190 1134
1193 1389
1196 859
1205 1086
1222 719
1228 484
1237 1078
1238 974
1241 132
1245 459
1257 1267
1257 261
1264 1132
1277 999
1280 19
1284 845
1288 763
1293 180
1305 795
1311 729
1312 888
1312 529
1317 908
1325 90
1326 687
1330 233
1337 182
1337 721
1347 330
1351 272
1353 700
1356 857
1358 355
1366 957
1374 90
1380 1046
1396 650
1398 786
1405 336
1410 614
1411 135
1411 182
1416 1380
1416 541
1418 2
1421 1249
1424 673
1426 1170
1428 552
1439 20
1446 1251
1447 668
1450 1055
1454 646
1456 44
1464 1358
1476 125
1479 549
1482 877
1482 1370
1509 1034
1512 541
1518 119
1535 528
1539 1042
1541 1136
1545 790
1555 157
1564 350
1567 524
1586 328
1597 754
1616 619
1619 1166
1624 1351
1625 1062
1633 1218
1636 276
1652 643
1665 530
1677 413
1680 94
1681 1062
1686 537
1693 62
1702 778
1729 770
1739 383
1742 977
1744 268
1746 1206
1759 1088
1762 962
1787 685
1788 1394
1806 986
1809 1151
1810 697
1810 1177
1823 1330
1825 74
1826 6
1829 1364
1831 264
1837 1034
1838 308
1857 522
1865 999
1875 349
1877 1185
1878 1190
