6639 9642 1191
3 8472
6 1142
6 7302
7 3456
17 6588
18 3949
46 1597
52 6292
53 6135
70 404
75 7336
86 5000
91 5659
97 6856
98 5106
99 7391
112 4745
125 3814
129 4520
132 4459
149 1646
156 6986
157 9212
162 1592
163 551
173 5284
181 8104
181 5551
184 6553
197 3925
197 9592
201 6615
213 2349
217 6139
227 3592
230 791
233 1862
238 4194
253 3568
253 8745
256 3546
262 307
263 4993
263 4685
282 5921
282 6344
292 1561
301 731
303 8001
306 1630
311 1738
311 5065
324 3278
337 5798
342 4600
347 5191
348 3330
352 7418
357 8791
386 7913
391 5893
393 1264
400 998
401 7514
409 4083
415 5752
421 8046
421 9538
422 9513
424 2532
424 2319
430 4513
435 6924
438 4447
446 8815
461 4197
473 6482
473 1993
476 125
478 3514
485 6250
486 9599
487 7103
487 6896
496 6681
496 2966
513 9246
514 6991
521 9276
522 6197
534 6208
544 7123
560 6161
565 480
566 86
580 4037
584 7135
591 6290
601 8629
605 5548
614 3570
618 166
620 8559
621 1748
632 5679
638 5743
639 5398
644 9248
650 2854
652 6637
656 4686
657 7365
659 4178
664 9298
664 7443
675 9471
675 4485
677 5417
679 7880
682 5237
692 4797
697 9588
701 7966
715 7189
717 4720
728 1458
734 947
734 2580
741 9178
742 8896
744 4804
754 1097
770 1664
773 2002
789 1963
805 3112
819 8968
821 1824
823 8854
825 4587
825 7143
826 1063
829 7944
832 8057
835 4570
836 7235
839 9579
844 9124
850 8494
852 6322
865 621
869 2676
870 1891
871 6253
891 3067
892 6422
896 516
904 9479
933 922
934 9475
935 6931
936 8147
936 942
940 3075
948 9045
952 5078
954 2671
955 8337
956 3959
965 1292
984 2751
987 1662
990 49
1010 286
1012 1913
1020 271
1020 243
1036 8455
1040 2216
1050 3401
1053 6111
1077 4254
1084 5731
1089 1073
1090 7341
1121 3834
1123 8253
1128 6629
1131 8693
1136 3105
1138 9313
1138 2352
1140 9404
1145 9007
1147 1183
1149 8143
1151 3078
1160 1111
1164 2326
1166 5274
1171 3605
1182 1656
1182 2754
1184 2297
1194 3819
1194 7927
1198 3003
1211 5820
1213 2752
1214 5481
1218 8605
1223 4495
1224 8655
1225 761
1227 6968
1229 1501
1232 8958
1237 6658
1247 4192
1253 5178
1254 7004
1256 6883
1271 9072
1271 3908
1277 7089
1278 8531
1286 886
1289 1036
1293 8961
1297 2394
1297 28
1302 5815
1304 1826
1307 8801
1315 6660
1317 4561
1320 5030
1324 7416
1328 6057
1328 1167
1336 863
1341 390
1343 3928
1357 6528
1361 993
1365 9299
1374 7409
1374 4343
1378 3077
1384 3671
1387 9206
1390 7557
1391 1976
1397 4959
1402 3478
1408 1906
1408 5075
1409 4064
1425 6631
1428 8682
1430 8825
1437 4613
1450 207
1451 3186
1464 1296
1464 7231
1465 4556
1469 555
1470 5058
1476 2393
1480 7290
1494 8725
1501 5481
1502 2659
1520 1235
1520 3325
1538 8413
1545 8529
1546 2303
1577 6757
1581 4492
1588 3212
1599 9053
1608 5018
1609 1152
1615 3603
1618 4457
1619 8705
1636 6808
1639 7509
1646 4639
1651 2606
1652 6394
1659 5685
1662 2285
1669 8550
1685 5331
1688 8131
1692 5531
1695 2350
1696 5430
1698 1266
1700 3401
1708 1917
1713 7272
1714 6260
1728 3410
1729 6047
1730 5697
1730 2491
1739 2863
1741 6371
1753 378
1761 5140
1768 2613
1768 5728
1771 6637
1775 1640
1775 9077
1777 5499
1779 4919
1787 5687
1799 343
1803 2278
1814 2488
1820 3316
1823 5040
1825 8154
1833 7685
1834 6207
1844 1779
1852 2986
1854 8165
1858 2894
1863 4909
1870 7593
1875 4827
1882 4928
1886 7334
1886 9049
1888 3154
1906 7996
1922 6803
1926 1615
1938 7008
1946 355
1951 1994
1952 3050
1954 8558
1962 4716
1965 855
1968 2067
1978 2154
1978 1208
1980 3556
1981 7622
1989 5645
1996 9375
1999 5567
2007 92
2008 3468
2017 1928
2017 8896
2033 8413
2037 7031
2046 2061
2046 1007
2049 6897
2057 1693
2063 6790
2064 6174
2066 7133
2068 7956
2076 45
2078 3115
2081 5152
2089 4313
2091 2696
2092 2677
2107 3486
2116 1035
2120 2245
2127 6996
2128 5227
2130 8650
2131 7511
2138 6512
2139 9078
2141 6239
2142 5918
2154 7274
2154 8324
2159 2053
2163 3807
2165 5090
2168 5149
2172 5662
2175 8946
2178 8721
2179 6346
2182 2624
2190 2010
2194 5520
2200 6300
2203 3657
2205 1153
2208 494
2214 7110
2214 882
2216 201
2221 3716
2234 9513
2241 5299
2247 9061
2254 8319
2257 8316
2265 3657
2266 4154
2269 6656
2274 3484
2288 8012
2288 9292
2291 811
2291 2612
2297 5152
2302 2453
2312 7587
2321 5565
2322 3867
2332 7917
2337 2090
2338 3790
2339 6324
2339 5746
2340 1676
2342 6962
2344 72
2346 6254
2348 3741
2351 4828
2353 8534
2362 743
2375 5235
2376 3732
2377 6208
2386 3729
2392 2145
2411 1933
2412 4999
2416 4025
2425 6827
2427 3025
2427 5191
2429 2969
2432 5045
2441 4034
2442 2301
2442 8719
2470 6469
2476 9383
2476 4273
2478 5641
2496 4472
2500 4894
2510 1677
2510 3019
2511 5166
2525 7410
2533 6081
2536 9388
2542 1227
2556 9130
2559 9100
2563 1488
2572 158
2580 4880
2583 6640
2583 745
2585 6859
2591 6829
2597 1748
2604 5111
2606 8117
2609 6091
2611 7543
2619 2628
2622 8287
2624 3960
2625 8967
2633 4010
2651 2709
2653 8327
2654 6459
2661 9509
2662 8101
2666 3136
2673 8987
2693 7784
2707 7057
2722 4390
2728 2747
2730 5006
2744 7821
2748 9166
2748 7113
2749 6130
2782 117
2790 9241
2793 8439
2801 3840
2818 8931
2820 1382
2822 2986
2823 5940
2826 2701
2829 2439
2837 5764
2837 1261
2846 2930
2848 8473
2854 4960
2864 445
2874 7585
2875 6241
2877 7219
2878 4021
2878 1092
2881 3694
2881 4223
2882 8347
2883 7950
2884 8032
2885 5843
2886 1727
2888 1990
2890 4887
2893 5812
2895 3967
2897 3382
2900 9641
2915 5528
2920 1516
2921 2760
2921 2585
2927 9627
2928 4908
2932 3981
2939 2546
2954 7694
2956 2572
2956 7068
2956 3644
2973 47
2979 6248
2980 3028
2980 7878
2981 6670
2982 9354
2985 6683
3000 4542
3001 599
3003 2733
3006 6920
3009 626
3011 73
3011 4220
3015 435
3026 2693
3035 5208
3048 7873
3050 7867
3052 8701
3054 2057
3067 4719
3067 8924
3078 4329
3083 1484
3095 4663
3097 9448
3099 7761
3103 2546
3134 4468
3171 4489
3174 4584
3187 1131
3200 6446
3200 1145
3200 4322
3201 1729
3208 16
3228 6771
3238 5358
3241 8965
3247 9163
3254 274
3262 5942
3281 7556
3292 3955
3294 1653
3305 8423
3309 3231
3312 4971
3323 3130
3327 616
3328 4732
3339 1476
3345 500
3347 9268
3358 8053
3362 8109
3379 1881
3384 1899
3391 6531
3391 9435
3398 7055
3407 3293
3422 1971
3422 1184
3439 8790
3441 4794
3445 3703
3454 5035
3462 5250
3465 4768
3472 3975
3476 1270
3492 1574
3504 3079
3508 5620
3522 6559
3532 1156
3539 3156
3548 4460
3555 3641
3565 103
3572 2060
3572 4122
3575 1951
3577 9554
3582 4263
3584 397
3585 3790
3592 5336
3603 2919
3623 1268
3623 841
3629 83
3631 5
3638 9072
3645 3765
3648 8840
3651 561
3658 3086
3660 8595
3664 6228
3677 7084
3678 8563
3682 1170
3695 9310
3698 6199
3702 3703
3716 608
3717 2813
3728 7020
3742 5980
3745 2800
3753 1131
3755 4936
3758 7564
3770 3772
3773 7235
3774 7537
3784 767
3787 5827
3788 156
3797 3233
3798 5261
3809 1178
3816 7504
3817 6240
3817 8534
3830 6876
3851 4255
3857 7150
3863 2112
3868 1133
3873 941
3876 7526
3888 4088
3896 4913
3899 2513
3919 208
3929 9070
3931 5172
3967 6106
3973 1140
3973 3184
3973 6448
3973 6418
3975 3119
3978 6164
3978 4263
3982 6481
3993 965
3996 947
4017 1478
4027 7662
4038 4235
4042 8927
4050 3338
4051 721
4068 5158
4069 2815
4070 8729
4082 1587
4088 3706
4128 5785
4137 1978
4142 5560
4156 9491
4165 4961
4167 4701
4167 1199
4168 1380
4168 1787
4168 2370
4169 3868
4175 8487
4176 6920
4177 2501
4178 7051
4180 8073
4184 1827
4194 7538
4197 9372
4199 320
4204 5185
4206 8762
4208 4400
4240 1496
4240 1602
4246 4543
4259 1787
4261 4366
4267 7104
4272 8057
4273 7665
4283 4994
4285 2063
4297 223
4298 5717
4299 9170
4301 3372
4301 5210
4309 5997
4310 1889
4318 523
4318 3720
4324 3377
4343 2416
4348 1781
4357 613
4370 4998
4373 567
4381 8125
4383 9467
4385 3000
4395 1385
4397 7911
4402 1335
4407 406
4407 5273
4409 3616
4410 3463
4411 17
4418 2435
4421 594
4425 565
4434 5647
4436 4557
4440 8042
4442 6090
4445 2775
4451 8394
4457 4379
4458 965
4469 7492
4469 9201
4473 2934
4475 46
4477 541
4482 2071
4484 3851
4484 180
4492 7665
4494 7140
4503 6870
4507 4105
4508 6540
4510 6725
4512 6770
4512 8533
4515 1740
4518 4576
4521 4269
4526 3107
4536 86
4562 6285
4562 9106
4578 3155
4579 8587
4588 5835
4588 5386
4601 224
4601 9512
4606 4986
4609 2677
4611 4521
4614 6910
4615 3856
4621 929
4623 3367
4626 1696
4647 5846
4647 675
4648 3361
4658 7952
4677 8566
4680 7345
4685 5296
4687 1090
4711 5249
4716 2603
4716 7885
4717 5188
4719 1733
4723 4260
4724 7272
4725 67
4737 3863
4740 5657
4746 6363
4749 5768
4758 6211
4759 2818
4760 7378
4767 2318
4768 7275
4770 7404
4772 2524
4772 6903
4778 6145
4784 1310
4791 3122
4797 5912
4804 8785
4808 3781
4818 8228
4823 588
4847 2992
4849 9287
4850 2610
4851 5962
4852 979
4859 1985
4864 7137
4872 653
4873 5747
4874 212
4876 4311
4879 3466
4881 4957
4885 5030
4890 6638
4894 5552
4896 4074
4901 6608
4905 1373
4906 3476
4920 8579
4921 8210
4923 8385
4931 5537
4961 8986
4966 2451
4967 7527
4976 6360
4983 6812
4993 6517
4993 4071
4994 5302
5002 7363
5004 1452
5007 608
5012 7730
5028 7956
5034 2519
5043 4802
5055 9392
5069 7953
5070 2940
5076 1550
5076 7885
5090 1587
5091 1693
5096 703
5106 7139
5115 5640
5115 2673
5122 7529
5130 2892
5130 7307
5140 4664
5143 1616
5145 7030
5147 8543
5150 2811
5156 4094
5180 3340
5188 9341
5190 6071
5208 6033
5214 8033
5219 8582
5235 4553
5243 1956
5249 5335
5259 3033
5260 8573
5260 4532
5267 7524
5278 4764
5281 1323
5292 848
5295 219
5295 6759
5295 362
5298 4303
5300 4443
5306 2440
5326 2935
5326 4887
5329 6071
5331 4506
5337 4431
5340 7659
5350 6977
5353 4615
5355 2956
5355 3803
5356 7489
5366 5922
5367 4590
5375 6794
5382 2131
5389 872
5403 5987
5403 6380
5404 5647
5405 12
5406 553
5406 1408
5412 7239
5422 8805
5422 672
5431 7396
5432 8014
5435 6619
5439 3511
5440 9398
5442 8288
5456 6862
5468 4921
5470 2816
5477 6803
5479 1000
5482 6154
5508 9232
5521 3411
5535 1574
5538 3243
5548 826
5558 5591
5565 5754
5566 5323
5571 4070
5580 1896
5580 1202
5588 2704
5591 3385
5591 203
5591 5068
5592 3375
5598 6931
5599 69
5600 6070
5641 3775
5644 7546
5649 6983
5652 2769
5665 1171
5671 7471
5672 9366
5679 7348
5682 1815
5683 115
5687 9271
5690 5120
5696 4087
5706 2876
5707 9423
5709 7739
5717 1378
5725 3562
5727 3553
5735 7153
5735 6295
5745 5964
5751 9190
5752 1468
5755 9264
5761 7801
5761 6596
5762 8680
5776 1064
5782 2868
5783 5967
5792 1797
5800 591
5800 4992
5803 1195
5823 2124
5848 8420
5853 1461
5868 3947
5871 545
5871 3957
5886 2933
5892 1589
5893 3056
5894 6033
5900 2550
5915 4496
5916 4232
5920 2152
5921 7882
5927 8801
5936 5872
5937 6614
5938 1564
5945 8280
5946 3352
5953 2426
5963 6815
5966 6026
5967 9103
5968 4796
5980 5942
5980 5987
5988 1693
5991 1505
5993 2287
5996 1754
6004 7904
6017 530
6019 7595
6028 6264
6030 7233
6031 1301
6035 2249
6035 4894
6039 8958
6047 1738
6055 4554
6065 5727
6066 4906
6075 8821
6079 4585
6083 1734
6084 4536
6088 8586
6089 2525
6097 7220
6100 3084
6101 4647
6102 4568
6103 8427
6103 8328
6109 6439
6113 5406
6114 6708
6121 8340
6121 615
6121 1702
6132 3761
6146 6871
6148 7637
6150 4795
6156 2252
6158 3865
6160 6761
6163 2325
6164 3899
6167 1542
6169 5335
6181 6475
6183 323
6185 6504
6190 2109
6191 8973
6194 2982
6204 4433
6205 9095
6217 9329
6218 3304
6221 4072
6223 3273
6229 2913
6231 980
6233 9627
6237 6069
6241 8222
6249 4537
6251 6824
6254 7857
6300 1581
6321 8139
6326 2629
6327 4760
6328 1485
6338 358
6345 2931
6351 3239
6352 5867
6365 9350
6370 8457
6371 3320
6381 620
6384 484
6390 6787
6397 2316
6400 6412
6402 9379
6402 921
6402 6886
6406 2228
6449 5721
6453 5793
6458 164
6460 7185
6463 26
6463 6906
6467 3714
6469 9147
6478 8036
6480 3236
6480 3756
6485 5397
6507 3916
6513 8246
6514 6911
6515 1963
6516 7143
6517 3462
6524 2251
6531 5968
6531 8199
6541 3685
6542 6356
6542 8585
6542 868
6545 6560
6546 1126
6550 8567
6551 612
6554 3452
6556 4119
6556 2657
6560 7150
6563 1477
6568 770
6573 6645
6582 3135
6586 4737
6593 8067
6598 4562
6609 3363
6617 1515
6620 1562
6622 8981
6636 670
