1000000 1000000 2000
775637 550293
776736 553347
797760 579129
838286 690145
679186 346721
705775 387715
606345 222411
829490 650327
680186 349327
952922 901429
895938 788549
757489 514896
826158 643110
825801 642092
971806 917466
854935 707040
741328 473643
732655 466799
588380 180346
554041 128743
599492 209655
589513 180882
707947 388058
594219 202040
622866 251313
680317 354623
637384 283027
963474 915418
935339 878104
795215 573206
655931 315074
619898 249184
685808 367196
569666 155646
904064 808236
681870 361175
504509 40865
890739 776568
519200 63221
739036 470817
823693 626815
921679 846098
843674 696691
944832 890263
693542 373645
892944 782708
531617 82697
941951 880090
722834 434296
711707 407120
827269 646438
681048 354929
641609 286724
753276 503089
500593 20628
515764 53458
617125 242383
535044 85915
860589 715561
633960 278007
540785 104199
659152 330797
973518 940397
902237 807639
911165 812112
993022 999103
808261 600560
972308 917759
979786 961056
554499 134264
746650 484792
583139 172140
527404 67873
748612 493607
920852 845018
919899 832926
686440 367519
674701 339012
809088 607900
731896 451912
824841 634975
548233 114754
996762 999896
990417 986632
778935 561425
767984 523786
689638 372461
539519 99699
717389 418371
555484 139739
728262 440393
837525 677796
502630 29334
616058 227832
914405 826536
723631 435770
507468 48121
704342 377250
619983 250999
857662 714274
777437 558646
983440 964331
592880 189934
786507 572522
647578 301155
717291 418187
832534 669605
613684 224829
657518 325036
674956 340379
966653 915482
679971 349250
864541 731361
639009 283216
746959 489258
719192 423792
497880 3203
625024 268186
711605 401859
715726 415201
846220 702151
937814 879428
889387 763648
572146 164994
816938 611377
682481 361239
738532 467824
736502 467287
871539 733741
670205 338834
907684 809294
647400 298084
649511 302063
709372 388523
972413 924159
587410 178425
571932 164922
912733 823574
835903 674474
855768 709198
830988 661345
942362 887290
711215 397607
571416 160895
774722 549608
510810 51886
861538 717017
534864 83547
898480 794773
960092 912474
556450 140772
840866 695935
992389 994614
710795 392757
920687 837348
598072 207564
763459 523743
712915 410377
894151 787204
535634 90950
772186 546117
811293 611109
975356 958457
535880 95993
932763 856533
630167 273928
503965 40569
619718 245050
584315 174115
730002 444998
804170 587207
774665 546642
520244 64611
976891 958815
962879 912644
591414 187639
565196 154373
611591 223607
987547 973516
684209 366177
988401 977873
531512 80823
886702 755967
862378 727973
974681 945861
549344 120848
854776 705502
918452 829758
796933 577395
771018 541130
731980 453835
881987 751758
877741 750032
784638 570936
955672 908903
542624 109328
783825 565543
926942 855228
890709 766265
643594 288700
771779 544734
590312 187274
933628 865337
760652 518385
568897 154418
730308 445842
661816 331384
624451 256488
561792 140778
872343 747167
951958 894160
525885 66282
768734 538508
544451 111766
805059 588985
986456 968413
548626 117084
856243 711096
751361 497888
528396 72342
984603 967647
664621 334999
926189 847131
955006 908225
677811 342983
542818 110635
883517 753615
636096 281605
612925 224221
626138 271679
871562 745342
912956 825842
700648 373700
845175 701817
537585 96137
711142 394467
563906 144383
504606 45893
798257 583835
554766 138926
717470 421574
576940 167873
919615 830860
551060 125686
825313 641302
658182 328005
715414 412983
650966 306788
710521 389572
945134 891681
496251 3203
486280 20628
483496 29334
482776 40569
482213 40865
481859 45893
480017 48121
476981 51886
476844 53458
476829 63221
475474 64611
475206 66282
475181 67873
475017 72342
473858 80823
473626 82697
470937 83547
468605 85915
465335 90950
457345 95993
455573 96137
453803 99699
453625 104199
449641 109328
445913 110635
445404 111766
442478 114754
440870 117084
439652 120848
439612 125686
436384 128743
435294 134264
434084 138926
433665 139739
432891 140772
429982 140778
428293 144383
427471 154373
427390 154418
423839 155646
423312 160895
422398 164922
421436 164994
421054 167873
416868 172140
415236 174115
412406 178425
412143 180346
412100 180882
411824 187274
410388 187639
398959 189934
397404 202040
396293 207564
393854 209655
392805 222411
392726 223607
392718 224221
390409 224829
383804 227832
383111 242383
381850 245050
381554 249184
379920 250999
379717 251313
378723 256488
378425 268186
375806 271679
375270 273928
366033 278007
365824 281605
365694 283027
364203 283216
363958 286724
363082 288700
360028 298084
359193 301155
358711 302063
357977 306788
357671 315074
357552 325036
356521 328005
356513 330797
355017 331384
354527 334999
352388 338834
351302 339012
349753 340379
340710 342983
340157 346721
337692 349250
336811 349327
335996 354623
335161 354929
333403 361175
333013 361239
332114 366177
330568 367196
329584 367519
322892 372461
317072 373645
309514 373700
307095 377250
306715 387715
306576 388058
303599 388523
302660 389572
301492 392757
295198 394467
294232 397607
294143 401859
293419 407120
289387 410377
286067 412983
284300 415201
284079 418187
282915 418371
282431 421574
279018 423792
276677 434296
269673 435770
269320 440393
268700 444998
267316 445842
265574 451912
263438 453835
263310 466799
260501 467287
258523 467824
258169 470817
257953 473643
252094 484792
251557 489258
248736 493607
247942 497888
245974 503089
238943 514896
237315 518385
231020 523743
228816 523786
224579 538508
223156 541130
222196 544734
220907 546117
220812 546642
208208 549608
207784 550293
206691 553347
205674 558646
204051 561425
202929 565543
201501 570936
194408 572522
193722 573206
193286 577395
193254 579129
192326 583835
188629 587207
187376 588985
187046 600560
185336 607900
182555 611109
180935 611377
180094 626815
175161 634975
173337 641302
171853 642092
171737 643110
171244 646438
169365 650327
166444 661345
163322 669605
161516 674474
160218 677796
157920 690145
154450 695935
148710 696691
144928 701817
143961 702151
142500 705502
139017 707040
138641 709198
135916 711096
134354 714274
129758 715561
128122 717017
127939 727973
126821 731361
125161 733741
124986 745342
123270 747167
121974 750032
120824 751758
115072 753615
113947 755967
112641 763648
109889 766265
107310 776568
102297 782708
99050 787204
98996 788549
95965 794773
94903 807639
93942 808236
89196 809294
88771 812112
87386 823574
86321 825842
86084 826536
82263 829758
81539 830860
80457 832926
78096 837348
77351 845018
75848 846098
75836 847131
73937 855228
73389 856533
73267 865337
72022 878104
69937 879428
69644 880090
69427 887290
68659 890263
66971 891681
61393 894160
61229 901429
58236 908225
56170 908903
53097 912474
50966 912644
47519 915418
47029 915482
40392 917466
39593 917759
30247 924159
26274 940397
23769 945861
22259 958457
20904 958815
20815 961056
20715 964331
19038 967647
17235 968413
11960 973516
5066 977873
2849 986632
1775 994614
1723 999103
116 999896
421926 843786
92869 207878
237893 534810
362868 723372
213027 441017
493630 998590
454745 925357
451641 905143
203654 405208
85922 190258
240753 536106
133640 264530
266378 550296
164805 325439
409991 804858
495628 999130
83913 181954
407914 804645
403679 775548
170832 343741
36088 70906
274331 564327
245422 536609
40903 87470
198680 399933
448592 894535
469249 945480
277325 584049
299350 607525
170571 339139
79711 181221
73797 161673
423081 862273
467748 941565
466732 933491
41801 110270
276351 581801
228228 498909
379848 741558
289816 599193
309615 623419
355276 718227
79153 178580
148594 296363
393798 764460
422821 861348
415991 840368
301440 610128
217551 467498
377301 736100
381314 748407
461084 928304
303623 619076
313435 633103
218710 473172
471849 958539
52928 129236
214293 452228
168058 326774
323490 637762
20053 33718
377851 737868
425698 868097
257202 547751
273237 556513
6379 11902
59799 144059
179667 355218
343143 689328
412937 827493
40119 72259
400727 773658
135564 282249
480351 961331
352689 714472
15880 29026
43087 120527
62911 153688
187473 363686
389193 759465
59658 137952
40776 77068
36042 50354
95836 219597
227694 493767
1390 5204
233573 517213
283735 591270
134821 271377
376003 735981
1605 6581
329837 652829
64852 157309
287480 596450
439031 885760
29364 44709
279482 588722
489887 985957
41354 107983
230194 507890
490162 986995
342286 685880
404475 781865
452809 914067
91099 202076
340056 682847
213591 448059
355461 719502
73989 161725
333188 662419
181913 356829
462707 933403
441058 890084
194619 396933
478607 960687
234510 517487
449304 896546
294199 600324
438698 880662
123000 252732
13946 24144
488876 974139
390755 760354
127481 260380
320106 634061
345367 700961
12860 16838
172124 347532
185628 357136
411506 825783
405376 788340
474837 958883
414311 830022
482373 964592
344006 700079
380082 744117
84355 182388
124276 252823
335785 678580
215988 460100
275656 567293
381952 756152
155173 301814
125989 256063
346380 707545
3241 7536
204309 412777
90374 199950
298638 605868
190129 390962
215179 453838
89315 195768
117634 246236
88111 192568
168483 335916
98457 223888
279072 585797
5733 10563
406686 792508
156774 303842
30427 49701
212165 440204
41065 97446
274298 562614
160248 306823
143 4206
454375 917565
235138 533796
448248 892207
193866 394211
219991 481207
120920 249112
453211 915454
122772 249528
99708 225005
489613 977370
232395 512398
89437 196116
306770 620707
234542 524332
140991 285669
167560 325457
274470 564739
490837 990166
332713 658348
232611 513037
399947 773460
8675 15003
100412 227586
161633 309621
207020 423438
426142 875355
274266 560547
43201 122871
487277 969047
188857 374640
366707 727189
137778 285209
229616 503596
102226 237996
78895 164634
62426 145465
362856 723091
265025 547783
411442 823819
250217 547402
58337 132218
294978 604252
492803 992526
326993 643306
13910 19343
196575 399108
337625 679772
208624 434630
175858 354694
271039 552754
329375 648069
189705 390840
406979 804071
180594 356479
183594 357065
210651 439047
411728 827287
368300 729474
482821 965784
201931 402446
168895 336428
411338 820140
238662 535540
147401 292481
25463 37488
419481 840944
44245 123287
369501 730504
313016 632329
341237 683616
94305 216117
335981 678847
436346 880060
191669 393810
491359 990268
331627 654560
205192 415315
470830 946264
410411 819268
162535 317563
107596 245577
222208 490660
361515 722830
471408 958222
500979 998590
502579 992526
503467 990268
503606 990166
505878 986995
506714 985957
509938 977370
510164 974139
510822 969047
511386 965784
517580 964592
520807 961331
521227 960687
526283 958883
526586 958539
526947 958222
533236 946264
533711 945480
534085 941565
534565 933491
536889 933403
538691 928304
539219 925357
541168 917565
543760 915454
545455 914067
549383 905143
549419 896546
551846 894535
552253 892207
553480 890084
555587 885760
556875 880662
559839 880060
560494 875355
562056 868097
562917 862273
563597 861348
566173 843786
568393 840944
574146 840368
574645 830022
575382 827493
578289 827287
579456 825783
581021 823819
583080 820140
588799 819268
591165 804858
591279 804645
591750 804071
593207 792508
596347 788340
596556 781865
596861 775548
598063 773658
603035 773460
603585 764460
607781 760354
607874 759465
609450 756152
609624 748407
611036 744117
612210 741558
615269 737868
616965 736100
619989 735981
620691 730504
623397 729474
633787 727189
636094 723372
639355 723091
643709 722830
643813 719502
644962 718227
645594 714472
651217 707545
651728 700961
651745 700079
654678 689328
663448 685880
665023 683616
665947 682847
666688 679772
666865 678847
671965 678580
678166 662419
679015 658348
679182 654560
679277 652829
679520 648069
679742 643306
680513 637762
680809 634061
685740 633103
686572 632329
688906 623419
690379 620707
691299 619076
692684 610128
694122 607525
694766 605868
697354 604252
699132 600324
701370 599193
702860 596450
704337 591270
706784 588722
706821 585797
714488 584049
718431 581801
721504 567293
722837 564739
726285 564327
728928 562614
729456 560547
729780 556513
733575 552754
735688 550296
736105 547783
737890 547751
738465 547402
740460 536609
740878 536106
742565 535540
745959 534810
750252 533796
751241 524332
754007 517487
757746 517213
760987 513037
763284 512398
769355 507890
771112 503596
772211 498909
774648 493767
775491 490660
776784 481207
777869 473172
778893 467498
778917 460100
779694 453838
780170 452228
788493 448059
788631 441017
791735 440204
792657 439047
794679 434630
801091 423438
801212 415315
803671 412777
806004 405208
806722 402446
806792 399933
808686 399108
809311 396933
809718 394211
810613 393810
814853 390962
816739 390840
818281 374640
821539 363686
824950 357136
825901 357065
832249 356829
832471 356479
833690 355218
839277 354694
843970 347532
844593 343741
858379 339139
859202 336428
860689 335916
860876 326774
861965 325457
866730 325439
868341 317563
869403 309621
869800 306823
870246 303842
870589 301814
870761 296363
874455 292481
875380 285669
875522 285209
875664 282249
876585 271377
877275 264530
877942 260380
879880 256063
879922 252823
879938 252732
880775 249528
883177 249112
885522 246236
886621 245577
889068 237996
890785 227586
894905 225005
895487 223888
896356 219597
896804 216117
897483 207878
900981 202076
902449 199950
906749 196116
907667 195768
907876 192568
908250 190258
909084 182388
911298 181954
911349 181221
916107 178580
917564 164634
918801 161725
918983 161673
922005 157309
923626 153688
925899 145465
926886 144059
928145 137952
931045 132218
938128 129236
939125 123287
944853 122871
945416 120527
948305 110270
949065 107983
949336 97446
950305 87470
951510 77068
952750 72259
957042 70906
957157 50354
957443 49701
960947 44709
963198 37488
963839 33718
965535 29026
970731 24144
982208 19343
983458 16838
983919 15003
985525 11902
987664 10563
989801 7536
991238 6581
995308 5204
998312 4206
999393 999130
520941 20101
926608 809338
566457 89316
783792 547130
726330 445486
873537 685580
949776 857153
797855 590281
788336 548147
793876 583373
716655 408296
614368 168101
672545 282561
652103 243512
676939 287185
844841 666050
684843 318718
707113 377045
879507 703230
904031 744457
979908 931494
605321 161028
882310 724453
811758 608136
731239 467726
962892 890758
960497 887161
830594 642412
940436 836770
518263 16920
918462 783860
864793 678183
941268 841056
532292 43719
632609 205018
604607 155235
635815 216885
587511 125554
593919 147120
793438 577762
751233 500271
917242 771553
650868 242247
993731 980483
935534 823736
964850 911653
976163 925194
907497 761379
530291 38963
900497 743533
912559 764962
589054 130489
582608 103502
664142 273167
697986 362893
686691 325317
888360 730362
663600 268608
557113 76480
587054 116748
609665 164204
919747 784591
593028 143392
778363 541747
527246 38920
816609 616228
915333 771517
732211 469480
948146 845327
589111 136054
885555 727884
905041 751977
752507 500574
583645 104387
779960 542034
693729 350515
562895 85039
677912 287503
566075 85934
790030 558157
907064 760174
818619 628534
827124 640999
522513 28030
819546 632841
815554 615794
724239 429077
583729 112198
834374 642849
709997 392922
667709 279635
691106 341331
942929 843839
603182 153962
904785 744734
562257 83354
820577 632880
795300 589676
687764 328422
640921 227570
716040 401615
596585 152379
908950 761919
637646 224171
530759 43267
962935 901001
762930 511957
934798 822505
968202 918139
655400 257152
726041 429313
717107 420259
688398 334991
635549 212274
555459 69868
793177 565611
757605 506464
738284 484411
832201 642817
722704 425792
955873 864193
893613 733815
566910 91918
591773 142084
989626 952911
957612 872652
578163 98742
717780 422721
727907 467594
750574 495855
962623 888546
963442 902822
623976 183880
769606 519480
798392 595745
541169 50408
968550 918486
543560 52540
891775 730374
538056 49686
594725 147816
873306 681668
634182 207224
678693 290839
518181 15701
830256 641359
710254 400959
849139 671855
727864 467093
928018 811288
671714 280834
935648 834036
550275 66645
993628 975703
838833 665901
752775 502235
635933 221090
932439 812259
925934 785137
696523 351950
637612 224064
955636 862085
838058 650667
953684 860059
613320 166830
533384 48702
559536 79345
978679 926929
817783 628162
780925 545194
700200 364401
532805 45195
707412 387622
680112 292077
629025 186799
522237 21362
562441 83507
742279 491096
856579 673230
548060 66003
662492 265633
526452 30005
654213 252198
954922 861451
858777 678113
943972 844755
652260 247188
900231 737978
685553 324167
874844 689707
872061 681379
864389 678150
794215 586648
799366 599108
627893 186740
761455 506990
733459 477558
734952 480553
636615 221877
878087 699399
579255 99027
984409 933130
880318 713877
667586 274581
615474 181811
639186 224391
894488 737397
991465 959115
836976 649956
954374 861208
801711 602910
877535 692941
633532 207001
684798 316401
987408 933288
846088 671522
970637 919211
789945 553098
990779 954456
966834 912968
960331 873966
773031 529494
808823 606164
970959 921146
603001 153840
640831 225563
949242 848318
647493 238567
701755 369435
772718 520572
546934 60862
702532 369665
553134 69813
900481 738485
745207 493203
855727 672125
979644 927239
736093 483257
577292 98623
681689 293734
988351 936585
926378 807749
530585 42556
727755 450092
753328 506027
550295 68210
775447 540168
707895 389863
716106 406697
880957 719819
518180 20101
514010 21362
511466 28030
509476 30005
508020 38920
505776 38963
504860 42556
503468 43267
502703 43719
501879 45195
501159 48702
492661 49686
489397 50408
489058 52540
487749 60862
482549 66003
479952 66645
477340 68210
475642 69813
473862 69868
472840 76480
471075 79345
467427 83354
466760 83507
464001 85039
457487 85934
453975 89316
453505 91918
453174 98623
450893 98742
450575 99027
449369 103502
449194 104387
447253 112198
446809 116748
446752 125554
440764 130489
439100 136054
438178 142084
438164 143392
437619 147120
436896 147816
433289 152379
430720 153840
421337 153962
416678 155235
412348 161028
407225 164204
406718 166830
404468 168101
400273 181811
400172 183880
399730 186740
398608 186799
394373 205018
393891 207001
392860 207224
392090 212274
389373 216885
386789 221090
384549 221877
383924 224064
377186 224171
376774 224391
375355 225563
367618 227570
352938 238567
351984 242247
348805 243512
344057 247188
342688 252198
342496 257152
341220 265633
339442 268608
337759 273167
336888 274581
336732 279635
336287 280834
334843 282561
333806 287185
332292 287503
328132 290839
327996 292077
327261 293734
323278 316401
322894 318718
319788 324167
316222 325317
312410 328422
311047 334991
308576 341331
308505 350515
306967 351950
306441 362893
305301 364401
304954 369435
301963 369665
291143 377045
289989 387622
285508 389863
275405 392922
271741 400959
271327 401615
270649 406697
270094 408296
269781 420259
269118 422721
267961 425792
266074 429077
266052 429313
265993 445486
263902 450092
263087 467093
262287 467594
257866 467726
257167 469480
256363 477558
255635 480553
254559 483257
253859 484411
253170 491096
252847 493203
251486 495855
249328 500271
241090 500574
240561 502235
239517 506027
235339 506464
235031 506990
234533 511957
230389 519480
229694 520572
227852 529494
227155 540168
226949 541747
225881 542034
223604 545194
222784 547130
218128 548147
215720 553098
212026 558157
211448 565611
210449 577762
210069 583373
205048 586648
203844 589676
201296 590281
200790 595745
199629 599108
198364 602910
193006 606164
188631 608136
184078 615794
183855 616228
180135 628162
179486 628534
177979 632841
177319 632880
174432 640999
171667 641359
170778 642412
170543 642817
164699 642849
158227 649956
156695 650667
156674 665901
156237 666050
155406 671522
152698 671855
149536 672125
145579 673230
145036 678113
142494 678150
139978 678183
138969 681379
138066 681668
137452 685580
135370 689707
133543 692941
126178 699399
124007 703230
122811 713877
119272 719819
119139 724453
118781 727884
117171 730362
116505 730374
115781 733815
115397 737397
113647 737978
111784 738485
110020 743533
107396 744457
107363 744734
107163 751977
106916 760174
104264 761379
103476 761919
101962 764962
99897 771517
94191 771553
93764 783860
92170 784591
91671 785137
87874 807749
85553 809338
81319 811288
80759 812259
78717 822505
78252 823736
77913 834036
70608 836770
68348 841056
68303 843839
63869 844755
62919 845327
53570 848318
52732 857153
52666 860059
52031 861208
50333 861451
45702 862085
44558 864193
44165 872652
41385 873966
33129 887161
32890 888546
32456 890758
26386 901001
25397 902822
22996 911653
20067 912968
15796 918139
13846 918486
13750 919211
13543 921146
11893 925194
11199 926929
10333 927239
10139 931494
9345 933130
8982 933288
6056 936585
5152 952911
4628 954456
4256 959115
3697 975703
3566 980483
3302 15701
2520 16920
141264 280902
107211 237166
333315 643724
389554 809383
8423 11211
268775 542761
45191 106989
161796 306223
21872 66424
472806 988468
218867 454150
386256 793249
101828 221573
26052 71068
358917 704908
363746 715650
379341 770137
144510 287425
340079 651016
317851 595295
456067 957783
27555 79064
331194 621623
161395 302327
21525 57431
368295 748416
361802 712115
231556 473110
302776 581990
369425 748780
62271 156627
38089 98225
292696 568688
231409 470495
306015 583156
340934 655176
164773 310621
407934 855289
390700 810765
60908 128833
460935 958141
26497 73940
204781 444502
254838 512485
89727 200790
328240 614716
391594 819226
194024 400916
396480 823052
347772 656060
476817 996299
210974 446460
127323 260852
397206 825302
34434 82840
329015 614773
57938 123321
355138 695818
384580 778492
425330 905390
202283 428761
187198 395625
143736 286019
266029 524526
463237 965887
391460 814599
62241 140563
483561 999433
377380 766092
426160 933559
253597 510586
162837 307058
167777 324152
217998 453679
204597 440089
417553 869009
200542 425604
442143 945533
282436 548315
77522 179081
72779 164817
168362 329671
123515 256159
166949 311321
258515 516779
29492 80349
324715 601141
200027 419860
293342 570874
113467 240144
357979 702576
122668 247849
23273 66437
443404 946412
400300 841111
210912 446231
323250 597358
423420 896969
203573 438239
413146 867060
313492 592496
148958 292884
360845 707964
50672 117104
76724 173325
85934 185711
113944 242533
461032 961140
223893 457294
327856 612433
106373 236620
19419 39250
446261 955798
108315 238734
70516 163942
220764 455949
288808 552333
200197 425531
414581 867966
361351 711873
407061 849374
239564 499989
103155 226179
348395 672368
311020 589089
375792 759539
266854 528303
190321 400386
168638 340312
14221 26152
258993 520121
62154 130232
421274 872136
409179 855342
62264 141737
211053 446667
166991 319995
149753 299887
239336 482162
469197 979407
74956 170529
470098 980810
291235 565032
398740 831094
421952 888686
27022 74371
180177 366850
401721 849281
129905 272216
94545 218600
379297 767062
70483 163557
226869 461642
149713 299637
146082 288206
421365 883667
123241 251665
26364 71523
428185 939293
227077 468301
174849 362602
418196 871657
88838 194583
196179 416294
70360 160057
231404 469937
185612 386733
267968 539852
348160 671282
471813 982868
130997 275532
34482 87633
365771 730503
211177 451454
436623 944720
351538 674993
385552 783325
375572 753439
138475 278559
444462 948477
232427 475731
309958 588328
331839 623990
191562 400671
268373 541519
389349 795881
311904 589417
320913 595336
468722 978588
40965 99770
123432 254347
18673 34298
233875 476332
177528 363013
426068 920768
149467 296813
133020 275819
289477 557909
59737 123661
356189 700879
272700 548108
425365 914795
89966 209869
251804 508121
245482 504734
264655 522045
394898 821111
208037 446001
155147 301626
174697 350942
59979 125872
118189 242713
12358 24652
104653 234739
141633 282896
132977 275637
71757 163974
431305 941222
170032 341263
182881 370088
293953 574137
7121 3738
17926 30594
37654 91579
291825 565408
354929 679046
60075 127679
235363 482034
245272 503219
254365 511299
78838 182013
464156 976420
327295 608466
170431 347232
93245 214800
225933 458801
389246 794827
335498 644116
255680 516083
61101 129871
74456 169370
182827 369764
248599 504939
445295 952378
186484 395125
412421 859410
434238 943922
112186 240012
223429 456248
476968 997157
484499 988468
484575 982868
486318 980810
487214 979407
488294 978588
488895 976420
490855 965887
493020 961140
495365 958141
496596 957783
503323 955798
508890 952378
511897 948477
512019 946412
512940 945533
513713 944720
517164 943922
524135 941222
527930 939293
528431 933559
530813 920768
531260 914795
531549 905390
533330 896969
536395 888686
536556 883667
536904 872136
539016 871657
539588 869009
543874 867966
544219 867060
546509 859410
547190 855342
548099 855289
554768 849374
564456 849281
566173 841111
568756 831094
569174 825302
570273 823052
570718 821111
579569 819226
581307 814599
583472 810765
583562 809383
588357 795881
588595 794827
589394 793249
591952 783325
593353 778492
593412 770137
593895 767062
595164 766092
597034 759539
598145 753439
600826 748780
601667 748416
609522 730503
612076 715650
614030 712115
614880 711873
615598 707964
619026 704908
620698 702576
624956 700879
626542 695818
629561 679046
629594 674993
630499 672368
631473 671282
633495 656060
634909 655176
638372 651016
641069 644116
641194 643724
643424 623990
643702 621623
649696 614773
651924 614716
654003 612433
657960 608466
658627 601141
659681 597358
660113 595336
660952 595295
665351 592496
666403 589417
667139 589089
669228 588328
670320 583156
671033 581990
672371 574137
677220 570874
677467 568688
679868 565408
700409 565032
702913 557909
703681 552333
709576 548315
710258 548108
712115 542761
712493 541519
713419 539852
716655 528303
719200 524526
726222 522045
726834 520121
728281 516779
730360 516083
731835 512485
732471 511299
732800 510586
733342 508121
734953 504939
735319 504734
736284 503219
738457 499989
745274 482162
745602 482034
745899 476332
747407 475731
747622 473110
750604 470495
751373 469937
752213 468301
756721 461642
758537 458801
760917 457294
763026 456248
763894 455949
766195 454150
767171 453679
768566 451454
769481 446667
774830 446460
775294 446231
778879 446001
779015 444502
779333 440089
781420 438239
783725 428761
785165 425604
788743 425531
790312 419860
790447 416294
791788 400916
792758 400671
793982 400386
794780 395625
796716 395125
800393 386733
802041 370088
802300 369764
803452 366850
805116 363013
807799 362602
808365 350942
809715 347232
811926 341263
812778 340312
813804 329671
815376 324152
815981 319995
816890 311321
819215 310621
821071 307058
822049 306223
824755 302327
824925 301626
825815 299887
826221 299637
827720 296813
828653 292884
829128 288206
833310 287425
843033 286019
846033 282896
848156 280902
849756 278559
851291 275819
853978 275637
857406 275532
860378 272216
861869 260852
862747 256159
863008 254347
865255 251665
865662 247849
868722 242713
870158 242533
876601 240144
877895 240012
879799 238734
884529 237166
886650 236620
889182 234739
889960 226179
890218 221573
891026 218600
892498 214800
895960 209869
896912 200790
897977 194583
898436 185711
898484 182013
901195 179081
903499 173325
903890 170529
909242 169370
909591 164817
909769 163974
918811 163942
920007 163557
922975 160057
923678 156627
924956 141737
927903 140563
928606 130232
930351 129871
932664 128833
937419 127679
941090 125872
943692 123661
943904 123321
945479 117104
947094 106989
947137 99770
947280 98225
947399 91579
949230 87633
950149 82840
952509 80349
953177 79064
953567 74371
955098 73940
957758 71523
959740 71068
960187 66437
961766 66424
963988 57431
964214 39250
970562 34298
971021 30594
975583 26152
978918 24652
984799 11211
987316 3738
994121 999433
998000 997157
999017 996299
