18302 27121 46
16363 16002
3292 17704
10522 23262
9516 17786
14883 17635
538 50
618 20098
1683 19064
14099 22917
8495 4174
6127 12125
3186 20161
8053 14193
6717 1433
6668 4188
10149 15712
7426 7187
2677 2273
9093 22161
8830 7786
10734 24681
188 1433
8482 23036
16461 5702
12179 10164
6056 18398
5042 20328
9502 24354
16621 22011
10454 4090
5971 16606
17953 8815
9724 14215
5042 4156
1422 21746
7926 11285
10052 26435
16844 17515
3081 19800
12296 10589
6783 13645
8536 2130
2909 1785
14005 7228
204 7722
1141 22684
