7043 2 2189
3939 2
4756 2
2651 2
3227 1
3729 2
2137 2
5232 1
5956 2
4447 1
4706 2
4582 2
1621 1
907 1
1136 2
1504 2
1476 1
5857 2
5972 1
694 1
4805 1
4475 1
6478 1
718 1
3125 2
1636 1
3625 2
3576 2
2309 2
542 2
467 1
574 2
5120 2
236 1
1635 1
3490 1
57 2
6147 1
1616 1
2249 2
5147 1
6877 2
143 1
5938 1
1106 1
1010 2
2805 1
6028 2
2786 1
4946 2
3035 2
3036 1
4068 2
2731 1
203 2
5952 1
1467 1
7011 2
3854 1
2863 2
5185 2
162 2
2299 2
269 2
4990 1
4977 1
2936 1
1479 1
3472 2
6056 2
1276 2
2 2
5671 2
3981 2
3693 1
4826 1
1400 1
6880 2
1005 1
1197 1
1389 1
583 1
2673 2
2769 1
5359 1
201 2
1163 1
286 1
3331 1
991 1
267 2
5205 1
1229 2
4038 1
5254 1
1262 1
2512 2
3409 1
1632 2
5495 2
5438 2
2322 2
3917 2
5659 1
4346 2
3099 2
256 1
3179 1
2404 2
1430 2
3026 1
5836 1
5423 2
5009 2
3534 1
983 1
5520 1
3474 1
1594 2
1412 2
2001 2
2121 2
4911 2
1839 1
1632 1
2942 1
1057 1
2230 2
6655 2
1385 1
2628 1
2142 1
6640 1
1339 1
6984 1
1075 2
1834 1
4939 1
3291 1
2405 2
3500 1
3319 2
5576 2
4379 2
4687 2
4029 2
4095 1
5911 1
5390 1
6012 1
3282 1
2522 1
2955 1
7 1
1725 2
3084 2
6355 2
6667 1
435 2
2884 2
3417 1
3068 1
2203 1
2193 2
2548 1
6791 2
2578 2
3782 2
1300 1
2290 2
3021 1
2163 1
6417 1
1539 2
4578 1
3273 2
4813 1
1079 1
2582 1
3784 2
482 2
4147 2
1715 1
4998 1
2489 1
848 2
4054 1
5365 1
1010 2
2088 1
3528 2
1264 2
5052 1
20 2
5085 1
4481 2
805 1
764 2
6662 2
3662 2
358 1
2040 2
774 1
5551 1
3614 2
6340 2
144 2
6359 2
2146 2
5015 1
209 2
4026 2
2773 2
6271 2
273 2
4729 2
4094 1
3369 1
761 1
6224 2
153 1
2505 2
3030 1
2439 2
6897 1
3198 1
5724 1
6789 2
7031 2
714 1
4768 2
2601 2
3697 2
2208 2
2300 1
2394 2
193 2
3453 2
4393 2
5081 2
1605 2
5882 2
2849 2
1732 1
5171 2
3193 1
6126 1
2473 2
263 2
5019 2
521 1
1226 2
3681 1
3115 2
6110 2
1732 1
3772 1
1761 2
1273 1
7003 2
5303 1
1624 2
6564 1
57 2
6253 1
4534 2
949 1
1263 1
928 1
545 2
1125 1
541 2
6848 2
4148 1
4967 2
3649 1
2249 2
607 2
3373 2
2023 1
2424 1
2847 1
1605 1
4631 1
5737 1
5967 2
2318 2
2588 2
5733 1
3806 1
6912 2
300 1
43 2
2778 1
5683 1
939 1
2376 2
4060 1
664 1
1377 2
6193 2
5088 1
1385 1
2673 1
450 2
4170 2
3483 1
4514 1
5114 1
3087 2
433 1
4952 2
4817 2
508 2
7013 2
3353 2
3818 2
172 2
4450 1
3994 2
6322 2
360 2
4163 1
671 2
5581 1
2389 1
4657 2
3512 2
1718 1
4721 2
6561 2
1247 1
3249 1
1253 2
3182 2
4732 2
4989 2
4567 2
2590 2
197 1
6794 1
5245 1
2246 1
1146 2
6784 2
1900 2
6224 2
2819 2
711 2
3670 2
103 2
1669 2
5004 1
486 1
1443 2
3815 2
6837 1
497 1
2608 1
5536 2
264 1
801 2
3181 1
4834 2
2274 1
2812 2
2750 2
5584 2
2968 1
1940 1
5033 2
577 1
2976 1
3276 1
6857 1
5746 2
1448 2
3382 1
3481 2
6918 1
4482 1
762 1
4684 1
3631 2
1803 1
1869 2
5124 2
4239 1
530 1
3959 2
832 1
62 1
6794 2
5022 1
6984 1
3382 1
558 2
5848 1
5523 2
6937 2
874 1
2713 2
2097 1
325 1
261 1
5542 2
757 2
5904 1
6825 1
3212 2
2569 1
6736 1
5874 2
249 2
3561 1
4427 2
3977 1
4334 1
2510 1
1119 1
4346 1
3186 2
4936 2
2792 2
6553 1
609 2
5930 1
3807 1
1778 2
4276 2
6334 2
2125 2
4129 1
3664 1
5199 2
4021 2
3331 2
2903 2
855 1
5035 1
5828 1
2179 1
811 2
6965 2
6346 1
2530 2
5220 1
2634 2
5192 1
3984 1
6028 2
266 2
5856 2
1398 2
1729 1
1697 2
5375 2
5556 2
3143 1
6437 1
4989 1
3778 1
6131 2
1422 2
5470 2
2926 2
1666 1
5297 1
4056 2
400 1
3292 2
3261 1
1569 2
3979 2
2854 2
3373 2
3821 1
4460 1
3659 1
3174 1
152 2
1466 2
5314 2
2088 2
7028 2
3889 1
2707 1
522 1
5615 1
6650 1
4747 1
1712 2
4738 2
5800 2
6295 2
3697 1
5442 1
6682 2
5535 2
5998 2
4742 1
2131 1
6353 1
235 1
5668 2
185 1
1510 2
2114 2
6626 2
4175 1
5705 2
543 2
6901 1
6724 1
430 1
6140 2
1023 1
4489 1
6396 2
334 2
5460 2
4651 2
5617 2
1964 1
2920 2
1401 1
5254 2
6535 2
267 1
6371 1
997 1
3203 1
1927 1
6239 2
4978 1
3612 2
1039 1
355 1
6450 1
4093 2
1866 2
3293 2
3260 1
7005 2
3119 2
2213 1
2549 1
6593 2
1326 1
6257 2
2190 1
1533 2
6479 1
6822 1
2082 2
610 1
2036 1
4655 1
4345 2
1349 1
2147 1
5957 2
1509 2
3757 1
2972 1
2103 1
3061 2
2092 1
1355 1
2989 2
3648 1
625 1
5586 1
1009 2
4910 1
3194 2
3625 2
3548 1
2266 1
2024 2
5329 2
2528 2
3628 1
3149 1
378 1
381 1
3002 1
3225 1
6802 1
2710 2
5845 2
2743 1
1370 2
3944 2
374 1
4937 2
4774 1
366 1
1824 1
2476 2
6078 1
1389 1
4115 2
6599 2
5221 2
269 2
3496 2
481 1
1967 2
4169 1
218 2
3571 1
925 1
6176 2
1486 1
5287 2
1701 1
1242 1
2290 1
6150 1
3771 2
6862 2
4681 2
3859 2
470 1
3446 1
1067 2
1577 2
1878 2
6143 2
5645 2
2133 1
3936 2
6366 2
867 2
2593 2
600 1
1908 2
44 2
6702 1
1019 2
3614 1
1105 1
2525 1
3719 2
411 1
3264 2
6683 1
2411 2
2619 2
2797 1
3218 2
3986 2
3067 1
5248 1
738 1
5393 2
4065 1
3045 2
183 2
941 1
822 2
6926 2
3295 1
14 1
6270 2
258 1
6231 2
1404 1
1734 2
6686 2
6527 2
2847 2
1473 1
3945 1
2546 1
6536 2
5350 2
4746 2
2184 2
577 1
3619 1
2618 2
593 1
2336 1
4448 2
770 2
5119 1
117 1
2828 1
4033 2
3460 1
4862 2
3321 2
1769 2
3223 1
1259 2
4285 2
4781 1
1100 1
4537 1
3914 1
984 1
1217 2
1802 1
1732 1
1486 1
3284 2
6156 1
6355 2
5268 1
471 2
5467 1
3164 2
6947 1
6306 2
4036 2
1578 1
4829 2
2369 2
391 2
2466 2
6340 2
3017 2
2788 2
167 1
355 2
4957 2
4673 1
137 1
378 2
1175 1
6541 2
2752 2
5589 2
1186 2
2052 2
3654 1
5313 1
6255 2
3922 1
1280 2
4017 1
3199 1
5607 1
2575 2
225 2
3148 2
45 1
4785 2
2325 2
5625 2
3336 2
5484 1
13 2
169 2
5154 1
3722 2
3059 1
954 1
5987 1
1215 1
6246 1
2094 2
4286 2
3888 2
2494 2
4657 1
898 1
1719 1
5254 2
3796 2
5994 2
4433 1
6763 1
3429 2
3733 1
2786 1
3208 2
5468 2
167 2
6207 1
5780 1
635 1
698 1
781 1
5000 1
1847 2
5397 2
2484 1
5262 1
6948 2
6738 2
4166 2
2050 2
5943 1
2014 1
1966 2
4771 1
5562 1
2434 2
1804 1
5004 1
6980 2
4016 1
177 2
1398 1
2697 1
4336 2
2614 1
5079 1
2813 2
6769 2
6787 2
1199 2
4408 1
1486 2
5397 1
2766 1
4502 1
3502 2
2414 2
6010 2
2807 1
748 2
6583 2
5711 2
5647 2
5618 2
3856 1
1441 1
4676 2
5746 2
4201 2
5008 2
5768 1
6857 1
2841 1
1153 2
3531 1
2649 1
2551 1
3641 1
2183 2
3616 1
3256 1
6511 2
3393 1
964 2
6969 1
2917 1
6072 1
5971 2
205 2
5289 2
6446 2
2848 2
3074 2
4917 2
2747 2
182 1
766 2
4677 2
1039 2
5139 1
6 2
4085 2
2104 2
3217 2
3038 2
5453 1
3614 2
6538 2
4756 2
5278 1
4587 1
1733 2
2728 2
6510 2
6152 1
1238 2
2835 2
4059 2
3282 1
728 1
6899 2
6945 2
2212 2
3107 1
2974 1
656 1
5239 1
5702 2
2515 1
947 1
801 1
1819 1
1322 2
4093 1
5960 1
6018 2
2533 1
951 1
3703 2
184 1
22 2
60 2
2140 1
3724 1
3300 1
864 1
5455 2
1575 2
2144 2
1590 2
2384 1
4466 1
539 2
6690 2
4751 2
2281 2
5433 1
3554 1
17 1
4124 2
5315 1
977 1
425 2
5329 1
5497 1
3211 2
374 1
2290 1
3665 2
6843 1
2140 2
3507 1
898 1
2159 1
3621 2
3253 2
2363 2
5217 2
5752 2
1078 1
4618 1
6656 1
1332 2
6021 1
6591 1
6380 1
431 2
5470 1
5960 2
6022 1
6668 1
1603 1
5472 1
5275 1
4825 2
1233 1
5009 2
4382 1
6707 1
4737 1
594 2
3105 2
6309 2
6088 1
808 2
980 2
6937 1
3311 2
169 1
5527 1
5 2
6892 2
5585 2
1246 2
2759 2
5906 1
3305 1
6353 2
3384 1
4602 1
1780 1
2551 1
5319 2
5224 1
3013 2
4744 1
3643 1
2770 1
3786 2
6661 1
6030 2
1208 1
4710 2
4681 2
2716 2
4364 2
429 2
6831 2
4854 1
1506 1
3619 2
1610 2
6720 1
2645 1
5571 2
1739 1
1393 1
2188 2
2557 1
930 1
2584 2
5152 2
340 1
6428 2
3264 2
3733 2
2435 1
28 2
1135 2
4894 1
2093 2
2444 1
5879 2
6136 1
2354 1
6182 1
5197 1
616 2
5941 2
2807 2
6932 1
4935 1
3614 2
2282 1
5643 2
3289 1
13 1
1162 1
2965 1
992 2
3320 2
1311 2
1487 2
2221 1
5692 2
1515 2
756 1
2645 1
3132 2
1339 1
4935 1
1053 2
4570 1
3220 2
5410 2
122 1
4148 2
4665 2
2280 1
1476 2
205 1
684 2
7021 2
6917 1
5703 2
547 1
5304 2
3585 1
1148 2
5274 1
2813 2
2377 1
6516 2
2538 1
1541 1
5467 1
5278 2
2995 1
6812 2
677 1
1565 2
1149 1
6335 1
2417 1
342 1
3717 2
4228 2
6307 2
4606 2
6199 2
2534 1
44 2
5513 2
5042 1
1734 2
1452 2
579 2
4368 1
6057 2
265 1
6948 1
1609 1
2241 2
1769 2
6206 2
4444 1
4201 1
202 2
1407 1
6542 2
1607 2
5606 2
4582 1
5876 2
2059 1
6028 2
1982 2
6842 1
3137 2
2946 2
5846 2
499 1
76 1
5945 1
2679 1
1360 1
5230 1
151 2
3906 2
6476 1
5577 1
6828 2
4298 1
7026 1
3257 1
5793 2
6713 1
1249 1
3835 1
6212 2
457 1
5408 2
472 2
5457 2
5989 1
3058 1
3182 2
2545 1
679 2
2949 1
6177 1
3430 2
5252 2
424 2
3142 1
5382 1
3995 2
1016 1
6909 2
5510 2
5926 2
1351 2
4157 2
6488 2
2244 1
4092 1
3014 2
5288 1
4007 2
6276 1
694 1
3921 1
63 1
45 2
2011 1
1192 2
4496 1
1727 1
1310 2
5787 1
989 1
32 1
6628 1
6328 1
3411 2
6323 1
1896 2
3570 2
2041 2
6228 1
1604 1
2132 2
2494 2
54 2
2378 2
4639 1
6775 1
4271 1
2236 1
658 2
6783 2
1724 2
2630 2
3768 1
5068 2
4081 2
6859 1
337 2
5001 1
3500 2
2192 2
6075 1
6096 1
3148 2
5805 2
5348 1
1835 2
1376 1
5790 2
1100 1
6698 2
2636 1
589 1
5534 1
5763 2
5826 2
213 1
2341 1
4059 2
2510 2
2973 2
4993 2
2220 1
6977 2
1933 1
607 2
1342 2
6768 1
7032 2
1682 1
5221 2
3359 1
6326 1
6117 2
3452 2
192 2
3041 1
114 1
6140 1
4164 2
475 2
2630 1
5080 1
5216 2
5415 2
2644 2
6200 2
5167 2
3235 1
861 1
1098 1
3965 2
5351 2
2638 1
713 1
4606 1
6607 1
675 2
6713 1
6821 1
1042 2
2410 2
6449 1
4814 2
703 2
146 1
2435 1
3451 1
1037 2
2107 1
2921 1
6520 2
2813 2
392 2
2371 1
2041 2
1787 2
4957 1
5247 2
5836 1
3120 1
6563 2
5679 2
6031 2
5102 1
4305 1
3169 2
6253 2
7003 1
2791 2
5956 2
208 2
5625 2
992 1
661 1
6501 2
3849 1
207 1
2887 1
2504 1
3139 1
4492 1
5232 2
2436 1
7042 2
3320 2
5158 1
6911 1
6102 1
3398 1
1688 1
5302 1
6843 2
4133 2
3099 1
3887 1
1228 2
366 2
142 2
4963 1
5556 2
6689 2
1365 2
4569 2
5015 1
257 1
6127 2
4776 2
2356 1
3833 2
4337 2
1758 1
781 1
6942 1
511 2
5479 2
830 2
1585 1
5009 2
2090 2
6507 2
2393 1
4497 1
4652 2
4784 1
2675 2
3555 2
1552 2
1125 1
2127 2
1866 1
2953 1
6767 1
6527 1
1195 2
5566 1
2841 1
6347 1
4695 2
2077 1
1498 2
1898 1
162 2
4423 2
4091 2
5810 1
928 1
6163 1
3454 1
1442 2
2635 2
4436 1
389 1
6618 1
2308 1
1024 1
35 2
1449 2
2811 2
4699 2
5807 2
1351 2
3506 1
5565 1
1979 2
3276 2
2664 1
4731 1
3383 2
214 2
3121 2
4833 2
2309 1
5187 1
4230 2
4676 1
5892 1
6931 2
6097 2
607 1
4955 2
4293 2
6634 1
3352 1
2748 2
827 1
2936 2
3694 1
4400 1
5228 1
186 2
3777 1
3428 1
606 1
1013 1
3666 2
3117 1
4804 2
3865 1
2196 2
3566 2
3539 1
5908 1
6929 2
1345 2
4554 2
1085 2
4924 2
4765 1
6643 1
6526 2
2216 1
1344 1
5688 2
2177 2
7007 1
3708 2
2966 2
6239 2
3611 2
4560 1
2216 1
131 2
6422 2
10 1
5930 2
4561 1
5141 2
6968 1
263 1
1063 2
1488 1
4182 1
2444 2
1622 1
5893 2
2846 1
2590 2
3193 2
880 1
4491 1
5485 1
3646 1
4402 1
1660 2
6037 2
1804 1
3724 1
3228 1
2737 2
3162 1
3725 2
4995 1
3138 2
481 2
1492 1
4674 1
4126 1
4762 1
1863 1
3066 2
5475 1
1964 2
6869 1
529 2
3049 2
1614 2
6237 2
1385 2
4330 2
4163 1
6335 2
3687 2
4537 2
5467 2
4859 2
1299 2
2986 2
6032 1
6104 1
6560 1
6212 2
6396 2
6016 1
5385 1
247 2
6405 1
4081 1
3826 2
6884 1
5433 2
2420 2
2412 2
4133 2
4466 1
2381 1
4987 2
6415 2
5050 1
3986 2
3400 2
5535 1
2197 2
1253 2
3464 2
674 1
6926 2
2335 1
3972 2
2822 1
3722 1
640 2
4859 1
771 1
5850 1
4701 2
5364 2
3014 2
3998 1
322 1
827 1
2600 2
1147 1
5915 2
6521 1
4323 1
5157 2
3308 2
2649 1
544 2
745 1
1155 1
3641 2
1328 1
6657 2
3344 2
4777 1
4013 2
3762 1
5384 1
1175 2
5377 2
6611 2
3159 2
2171 1
6435 2
2530 1
6718 1
6565 1
4635 1
3221 2
3783 1
3095 1
764 2
1970 1
5347 2
4065 2
4414 1
6126 2
3149 1
2027 2
5674 1
5882 1
1021 2
6667 1
2081 2
3413 1
6497 2
258 1
5233 2
2236 2
5416 2
3100 2
3570 2
3556 2
4270 2
113 2
3025 2
1806 1
4150 1
6638 2
3382 1
2869 1
163 2
3098 1
486 2
1037 2
5515 2
6021 2
2209 1
4522 2
1196 1
1217 1
4087 1
5486 2
1778 1
5158 2
1958 2
794 2
180 2
2994 2
6179 2
4465 2
5502 1
328 2
3190 1
2914 1
5257 2
134 1
2700 2
826 2
2321 2
6754 2
4215 2
6612 2
607 2
5309 2
366 2
3396 2
500 2
4821 1
729 1
2776 1
3167 2
3822 1
6519 1
1988 1
779 1
6714 1
2207 1
5629 2
4418 2
4264 1
5983 1
3108 1
2373 1
3953 2
6048 2
5435 1
4941 2
3498 2
2756 2
704 2
6471 2
3859 2
2273 1
2575 2
4776 1
93 2
1224 1
5076 2
6463 1
2890 2
6788 1
3511 1
5094 1
4596 2
2535 1
3502 2
6912 1
6179 2
5944 2
5071 1
1617 1
2079 1
2303 1
5943 1
5196 1
6947 2
2401 1
4432 2
2425 2
1442 2
4782 1
594 1
6230 2
355 2
2652 2
4251 1
2705 2
4099 2
964 1
2065 1
6045 1
6722 2
3665 1
996 2
6275 1
7042 2
6090 1
159 2
3650 1
3818 2
2458 2
1329 1
5548 1
6083 1
3353 2
558 2
5158 2
5957 2
3312 1
5367 2
5361 1
3787 1
4083 2
1158 1
2405 2
6194 1
5361 2
1324 2
7015 1
6363 1
4326 2
4833 1
1677 1
3850 1
3372 1
4831 1
1634 2
3517 2
1759 2
4881 2
2396 2
5003 2
351 1
2241 1
4168 2
2546 2
1126 2
1269 2
2465 2
3759 1
6952 1
2785 2
3012 1
6115 1
613 1
4686 2
261 1
6314 1
2261 1
2165 2
6393 1
3855 1
1770 1
1078 2
4261 2
750 2
3921 2
5095 1
4585 1
5142 1
4537 2
6083 2
4097 1
2484 1
4354 2
398 1
5232 2
2343 1
633 1
3260 2
204 2
1187 1
6149 2
2871 1
474 2
6604 1
5949 2
6081 1
1383 1
1896 1
508 2
3984 2
3504 2
6125 2
1324 1
6027 1
6853 2
4115 2
4164 1
3026 2
5589 2
4466 1
4963 1
4936 1
918 2
3896 1
1641 2
3435 1
4070 1
2562 2
3773 2
2569 1
25 1
6392 2
1090 1
6912 1
4269 1
5088 1
2715 2
6377 2
1794 2
848 2
216 2
1827 2
3072 1
2542 2
3869 1
4652 1
3435 2
5174 1
4600 1
996 1
1988 2
6009 2
1593 1
1102 2
6500 1
3063 1
5483 2
3842 1
6293 1
5745 1
6556 2
1875 2
2602 1
5778 2
1839 1
4613 1
547 1
3133 1
2606 2
4073 2
3516 2
3524 2
5515 2
19 2
4510 2
1527 1
5697 2
6086 2
5317 2
5906 1
3678 1
3326 2
1903 1
1890 2
2547 1
6659 1
381 1
2209 2
4738 2
5863 1
1888 1
928 1
3621 1
4932 2
3755 1
5436 2
6824 1
2570 2
681 2
4737 1
4890 1
1920 2
189 2
1827 1
3954 1
594 1
1818 2
4478 2
4610 1
1212 2
6562 2
1852 2
2645 2
1890 2
1062 1
2301 1
215 1
2236 2
5751 1
908 2
2247 2
3587 2
2879 1
6848 2
6562 1
6489 2
1731 2
2905 1
6625 1
5287 2
5640 1
6075 1
4464 2
2583 1
328 1
595 2
4205 1
1240 1
3798 1
2204 1
824 2
5832 1
1186 1
6806 1
6549 2
4815 1
5394 2
1177 1
1329 2
313 2
5196 2
1313 1
416 2
1502 1
6977 2
4148 2
4082 1
5380 2
6139 2
1076 1
126 1
3106 1
5788 1
4894 2
6905 1
2542 1
5020 2
2315 2
3911 1
3846 2
2443 2
1947 2
2836 2
6848 2
6746 1
5288 1
5564 2
5674 1
333 2
4751 1
4980 1
2951 2
22 1
1263 2
5048 1
6709 2
3529 2
3988 1
1566 2
941 2
576 2
832 1
6123 1
5555 1
6347 1
1589 1
5493 1
2759 1
6118 2
5238 2
3730 1
4563 2
1588 2
215 2
1187 1
5014 2
4413 2
5821 1
1427 1
3126 1
6941 1
3765 1
5985 1
6119 1
2373 2
3443 1
6114 1
476 1
1459 1
5778 1
389 1
1350 1
6579 2
5923 1
2135 1
6877 1
6378 2
1503 1
4908 1
2037 1
6915 2
684 2
834 1
254 1
2769 2
5129 1
1126 2
5637 2
5316 1
6785 2
1731 1
3706 1
119 2
3735 2
5760 1
1544 1
721 1
1901 2
6159 2
5176 2
3941 2
4587 1
745 2
1571 2
3746 2
2874 1
2762 2
343 1
506 2
613 2
137 1
4512 2
3561 1
352 1
3581 1
2444 1
1055 2
2171 1
449 2
6861 2
2485 1
1173 2
5970 2
5895 1
2488 1
3258 2
3952 1
396 1
3608 2
294 1
1467 2
6771 2
1381 2
3049 1
2476 1
3140 2
805 2
3944 1
715 2
948 2
4282 1
6948 2
2014 1
2610 2
2961 2
5476 1
864 2
1944 2
3232 1
321 1
2370 2
481 1
1130 1
6811 2
6091 1
6478 1
1040 1
289 1
4361 2
615 1
1735 1
4002 2
1204 2
441 2
506 1
3044 1
3107 2
1701 1
268 1
6253 2
5594 2
1033 2
5255 2
915 1
2111 1
2468 2
7017 1
4561 2
4938 2
510 1
488 1
3871 2
1241 1
4425 2
5854 1
153 2
6756 2
2481 1
6055 1
53 2
944 2
562 1
6584 1
3513 1
3027 1
752 1
674 1
6484 2
3216 1
2229 2
6069 1
3781 1
6788 1
1841 1
3978 1
4431 2
1542 1
1131 1
3844 2
3689 1
2507 1
2743 2
6371 1
4637 2
4491 2
6021 2
851 2
3157 2
1590 2
3034 1
7042 2
896 2
6761 1
4772 2
5721 2
4731 2
6228 1
5023 1
6347 1
2349 1
6533 2
3287 2
761 1
2509 2
1842 1
2289 1
2587 1
1840 2
5073 2
404 1
