26454 2 5202
19649 2
22527 2
24131 2
5799 2
1169 1
12652 1
21213 2
7973 1
3031 1
4547 1
12165 2
8191 2
15956 2
11625 2
5199 2
17617 2
24409 1
24046 2
18725 2
23371 2
7414 2
14542 2
7690 2
17945 1
7720 1
4768 1
4422 1
9516 1
5142 2
18977 2
13022 1
23021 1
14839 1
18790 1
10323 1
22927 1
4721 2
24107 2
1679 1
5254 2
10732 1
11112 1
4685 1
24984 1
20256 1
8258 2
21675 2
8782 1
11168 2
186 1
14693 2
22558 1
21105 1
12860 1
5054 1
6863 2
18137 2
15924 1
19273 1
6453 1
25032 2
26104 2
19576 2
6982 2
7452 2
25853 2
8170 1
18396 1
24395 2
16459 1
8978 2
22486 1
23742 2
4096 2
14247 1
2067 2
22428 1
960 1
9654 2
23051 1
18956 1
23052 2
7546 2
21111 2
7704 2
26207 1
8022 1
7396 2
2457 2
7241 2
6284 1
21330 2
20971 1
16245 2
4366 2
14894 2
21400 1
5693 1
8941 1
12855 2
22547 2
15730 2
6506 2
13635 2
8830 2
3117 1
14270 1
5513 1
7482 1
208 2
16803 1
22748 1
19785 2
6909 2
1130 2
15055 1
2696 2
24083 1
13849 2
5669 2
20391 2
4484 2
15624 1
14395 1
16248 2
3624 1
22147 2
19259 2
19111 2
13910 1
21091 2
17729 1
6636 2
22656 2
25267 1
597 2
25128 1
20978 2
18855 1
13878 2
25011 2
10966 1
20918 2
19697 2
12412 2
18850 1
21114 2
20096 1
19315 1
12607 1
13620 2
17064 1
5100 1
15724 2
13638 2
5590 1
10969 2
25514 1
11594 2
4593 2
13829 2
24282 2
4715 1
16591 2
7827 2
8878 1
13280 1
13112 2
18151 2
9471 1
4117 2
14559 1
895 1
12741 1
3148 2
24010 2
1034 1
21451 1
7586 1
684 2
16039 2
967 1
18904 2
11670 1
24915 1
13662 2
4159 2
16743 1
12814 2
17020 1
20612 1
8373 1
9834 2
4866 1
22782 1
23222 2
19219 2
4356 2
10977 1
5336 2
2332 1
24783 2
19135 2
25817 2
8562 1
26276 2
24205 1
8924 1
24568 2
21101 2
23052 2
24254 2
9197 1
21892 1
18710 2
917 1
16729 1
18593 2
18659 1
2562 2
21685 2
1770 2
8924 1
7169 1
3640 1
18034 2
16551 2
20341 1
15188 2
22005 2
23270 2
9725 1
4568 1
9834 1
25358 2
21855 2
21465 1
19097 1
16793 2
8259 1
24290 2
17160 1
5724 2
10025 2
11225 2
7168 1
4059 1
5507 2
12043 2
14706 2
6872 2
22704 2
11303 1
22682 2
529 1
2863 1
11819 1
25584 2
789 2
1225 1
7760 2
12476 1
4028 2
1163 1
17769 1
3398 1
11086 2
19822 1
603 1
25152 1
20086 1
12132 2
21065 1
4040 1
1522 2
7261 1
23948 2
23541 1
156 1
12891 2
14283 2
9108 2
26103 2
8614 2
22144 2
336 1
7663 2
2706 1
20036 2
15642 2
2208 1
1957 1
10574 1
3392 1
7660 1
17878 1
6957 2
25600 1
5386 1
9362 2
16860 1
10985 1
570 2
18352 1
22140 2
3329 1
6700 2
14917 2
21651 2
18460 2
25436 1
8202 1
25903 1
13920 1
13386 2
6372 1
798 2
12949 1
6394 1
21154 2
9722 1
5584 2
13859 2
12639 1
9095 2
3640 2
10737 2
6734 2
1012 1
16161 1
4525 2
13389 2
13057 1
5948 2
26242 2
1475 2
18934 2
12510 1
2103 2
8245 2
21109 2
12546 1
7776 2
9466 1
9498 2
23332 1
9684 2
20147 1
2123 2
18731 1
4336 2
17424 2
25787 2
6518 2
2383 1
21202 2
13707 1
25644 1
8730 1
16870 2
1801 1
14030 1
7113 2
11109 2
24158 2
1460 2
9561 1
11026 2
17660 2
12120 2
1713 2
3205 1
25094 2
797 1
18318 2
23752 2
11495 2
18720 2
20281 1
713 1
17553 1
2899 2
18414 2
20144 2
18061 1
20609 1
14210 2
25095 1
8477 2
8781 2
10009 1
22086 1
8433 2
22269 2
14813 1
16171 1
22738 2
25678 2
104 2
26396 1
16817 1
21169 2
642 1
1562 1
25265 2
14673 2
13399 2
4960 1
19741 2
8776 2
21264 2
18687 1
19308 1
10171 2
16012 1
26116 2
8990 1
20927 2
10715 2
1787 2
22361 2
19160 2
25761 1
5899 2
25896 1
10866 1
25418 1
7228 2
25593 2
14971 1
4436 2
1836 1
19704 2
7869 1
19869 1
21984 1
15077 1
4176 2
24684 1
11473 1
1459 1
13352 1
6684 2
18267 1
24333 2
15692 1
1292 1
26287 1
12922 2
21003 2
21860 2
20030 1
19109 1
20737 1
16531 1
19276 2
8587 1
572 1
2364 2
7214 2
24811 1
1078 2
9129 1
5912 2
14067 2
8998 1
22602 2
18218 2
2122 1
6147 2
14188 1
13684 1
18023 2
13341 1
17781 2
10325 1
21322 1
3070 1
8835 1
8301 2
18554 2
20805 2
9574 2
2033 1
12457 1
13693 2
24025 2
21127 1
7790 1
15984 2
9552 2
3182 1
1262 1
11531 1
8599 1
20632 2
5061 1
20022 1
4308 2
22073 1
13890 1
14353 2
5398 1
23410 1
10934 2
16385 1
5924 2
3199 1
9583 2
20624 1
11341 1
8737 1
19519 2
14440 1
10751 2
1319 1
13563 2
21639 2
3931 1
8831 1
21751 2
25711 2
20631 2
20330 2
17835 2
17929 2
25924 2
15935 2
1982 2
22019 2
26059 2
21757 1
26023 2
23693 1
22174 2
20030 2
6050 1
15528 1
513 2
25359 2
19263 1
24713 2
24064 2
4814 1
12334 2
7239 2
5693 1
19811 2
6000 1
11550 1
11235 2
3890 2
22734 1
14520 1
18012 1
24553 1
2421 1
18118 2
9174 2
24724 2
2865 2
11049 2
3896 2
17375 2
11055 2
2017 2
24019 2
22102 1
25080 1
6585 1
12240 1
6199 1
20579 2
20796 2
25175 2
21804 2
5700 2
9545 1
26025 1
9078 1
11139 1
24823 1
20692 1
21754 1
25456 2
5127 1
11017 2
11147 1
4928 1
23146 2
26453 2
19451 1
15159 1
3266 2
11436 1
8126 1
13135 2
22662 2
23925 1
17681 1
13854 1
8884 2
16233 2
1387 1
21743 2
8757 1
5677 1
16712 2
13677 2
13854 2
4106 1
8226 2
21254 2
11384 1
5556 1
16544 2
1139 2
2988 1
3829 1
18768 2
11359 2
8436 1
6421 1
3755 1
9839 2
16105 2
10982 1
13492 2
7539 2
22681 1
18490 1
19057 1
25744 1
7139 1
12148 1
11730 2
23649 1
14424 2
1350 2
17733 2
8063 2
19579 1
5148 1
15437 2
21829 2
16466 1
7929 1
18221 2
18105 2
26150 1
15972 2
9907 2
2941 2
3546 1
22485 1
23646 2
22689 2
10186 2
265 1
14302 2
18180 1
8293 2
1440 2
16302 2
15858 2
9368 2
3015 1
4392 2
19236 2
3349 1
6601 1
609 1
4441 2
3071 2
5173 1
24486 1
4705 2
7020 1
2372 2
1718 2
8167 1
13780 2
13805 1
17542 1
19133 1
20982 1
16499 2
21604 2
5431 2
22290 2
23281 2
7354 2
2137 1
4230 1
23039 2
3923 2
3872 2
23917 2
21993 1
18953 1
1239 2
427 1
16424 1
9236 1
17301 2
14912 1
19102 2
7926 1
13679 1
22034 1
8478 1
19823 2
14729 2
891 2
15666 2
16302 1
10814 2
9819 2
19145 2
393 2
14838 1
7917 1
15770 2
5528 2
13217 1
23132 2
21046 1
3552 2
4636 1
5652 2
14515 1
8968 1
5302 2
2588 1
11424 2
9786 2
3491 1
2076 2
996 1
22155 1
594 2
18206 1
5332 2
17220 1
16475 1
15671 1
18938 2
12027 2
23351 1
13471 1
18170 2
24546 2
7126 2
4965 1
7724 1
15710 1
2540 1
25757 2
21250 2
17663 1
7068 2
18260 2
21286 1
22350 1
84 1
13283 1
6280 1
10494 1
6141 1
8437 2
7000 2
22353 2
452 2
26003 2
17776 2
1332 1
4260 1
1042 1
16892 1
16976 2
17815 2
26438 1
20878 2
2128 2
7467 1
23413 2
4512 2
23577 1
18190 1
2748 2
25094 2
14884 2
11354 1
1943 2
23627 1
968 1
10688 2
24557 1
4849 2
25133 1
5543 1
17595 1
25368 1
9696 1
8103 1
21332 1
19494 2
6960 1
3087 1
4935 2
13662 2
10881 2
16000 1
1957 2
6611 1
25514 2
8267 2
18216 1
19776 2
13257 1
15574 1
23481 1
10189 1
22234 2
11151 2
13968 1
10956 2
20458 1
19422 1
11998 1
7616 1
1306 1
19996 2
22525 2
10730 1
21713 1
24856 2
18485 1
18310 2
9785 2
6003 1
7285 2
25028 1
14410 2
18550 1
8813 2
25369 1
12179 1
19439 1
21266 2
8438 1
25360 2
640 2
594 2
24786 2
7630 2
23106 1
7855 1
15007 1
4544 2
7916 2
12943 2
13902 1
15182 2
10243 2
2340 2
1160 2
18805 2
2816 1
7996 1
8147 2
536 2
18951 1
3943 1
19970 2
1200 2
5409 1
14477 1
12318 1
16522 1
20533 2
9904 1
4825 2
19051 2
12742 2
11817 2
2172 1
4821 1
18444 2
22325 2
9020 2
9519 2
19849 2
5456 2
23789 1
25006 2
9259 2
7745 1
9187 2
20244 2
12714 2
1220 2
5980 1
9317 2
25072 1
21418 2
16721 2
16160 1
14906 1
20345 2
10491 2
25731 2
1515 1
14957 1
17225 1
4135 1
1063 2
26171 2
19264 1
14357 1
15249 1
23846 2
9153 2
15281 2
22442 2
4701 2
1526 2
6620 2
4879 1
14187 1
15870 1
3886 2
22814 2
19436 2
8167 2
16004 1
13255 1
1160 1
8522 1
7757 1
813 2
1457 2
24455 1
11553 1
455 2
12540 1
25816 2
4853 2
9659 1
308 1
21928 2
12385 1
1552 1
3381 1
12181 1
2948 2
2375 2
24472 1
11364 1
26419 1
21666 2
26287 2
7449 2
4730 1
4842 1
23965 1
18336 2
6222 2
7246 1
170 2
11085 2
8144 2
22884 2
16328 1
18303 1
26325 1
12756 1
11208 1
672 1
13344 2
4857 2
11264 1
4512 2
1251 1
17700 1
24097 2
12503 2
15224 2
9284 2
19294 2
4626 1
25964 2
9161 1
24426 2
12810 2
506 1
4847 1
20737 1
14405 1
14929 2
16166 2
17610 1
17579 2
15380 1
63 2
19802 1
11253 2
1522 1
9826 1
4044 1
10324 2
5947 2
8400 1
12661 1
6737 1
22491 1
1548 2
20648 1
14793 2
8371 1
10508 1
21313 1
12585 1
24601 2
1498 2
22607 1
20116 2
2897 1
6066 2
7690 2
6956 1
6464 1
26399 2
10882 1
8067 2
22495 2
21987 2
21783 2
5915 1
23201 2
15856 2
14576 2
18745 2
9273 1
16891 1
4742 1
5221 1
12057 1
21460 2
25421 1
17695 1
3662 1
2455 1
13987 2
13044 1
23257 2
6512 1
2566 1
25027 1
25120 2
16874 2
25458 2
18118 1
24917 1
26388 2
13645 1
17702 2
18318 1
1859 2
23930 1
18999 1
24478 1
24588 1
4437 1
10171 1
1589 2
678 2
297 2
5408 2
9653 1
13280 1
23127 1
1870 2
19505 1
8887 1
7564 1
25365 1
3238 1
8560 1
25587 1
4721 2
14220 2
16776 2
21675 1
14084 1
15975 2
705 1
11727 2
8718 2
15048 2
9269 2
13315 1
9441 2
8763 2
19332 1
3028 1
11476 2
544 1
15620 2
9903 1
17449 2
5676 2
13645 1
3607 1
18813 2
22141 1
12385 1
5590 2
6093 1
17467 1
6602 1
14080 2
9555 1
22582 2
15854 1
22537 2
21648 1
13806 2
15273 2
13376 1
15780 1
6167 2
12513 1
10955 1
14365 1
11009 1
13848 1
1930 1
8365 1
22112 2
24832 1
3615 1
16462 2
14162 1
23677 2
14219 1
23322 2
13738 1
3589 1
6649 1
10001 1
24493 1
8926 2
5146 1
23956 2
25663 1
651 1
9779 2
17063 2
14204 1
22179 2
14675 2
18692 1
1491 1
17294 1
26202 1
2618 2
567 2
15101 1
8596 2
16132 1
16348 2
18949 2
14363 1
25103 1
9516 2
11409 1
25624 1
21255 2
10563 2
7403 2
10843 1
2059 2
8733 1
18740 2
4755 2
4161 1
20218 2
1682 1
15674 1
3870 1
12807 2
8692 2
674 1
22197 1
8734 1
25569 1
13780 1
972 2
1242 1
11659 1
1013 1
4289 2
12580 1
18468 1
8314 1
18593 2
17627 1
3005 2
25441 2
11868 1
6040 2
2204 1
24435 2
19458 2
24487 1
8051 2
8985 1
7078 2
13950 2
7825 2
18485 2
17610 1
827 2
17059 1
13694 1
6600 2
21894 2
16889 2
14283 1
14147 1
12079 1
844 1
15213 1
21248 1
20094 1
12768 1
10813 2
2705 2
18120 1
18277 2
1135 1
17033 1
25334 1
6853 2
4969 2
12943 2
12478 2
10148 1
1688 2
26106 2
15832 1
8003 2
26121 2
4388 1
23800 1
16826 1
23947 1
19621 2
17641 2
13504 2
8752 1
12971 2
17299 2
12256 2
13969 1
16350 1
11087 2
14926 2
5829 1
13582 2
2300 1
21934 1
20333 2
5211 1
21615 2
22133 2
2755 2
7830 2
6329 1
7938 1
17613 2
8773 2
1506 1
4777 2
17205 1
20921 1
10363 1
6822 1
9185 2
2889 2
1752 2
15007 2
9977 1
25841 2
6103 2
18938 1
3474 1
548 1
14916 2
23024 2
13818 1
11693 1
23832 2
3878 1
11801 1
18051 1
21749 1
17787 1
21661 1
23380 2
24760 1
1897 1
2972 1
5013 1
4866 2
6202 1
6737 2
23668 1
22915 2
13159 1
14264 2
16356 1
5464 2
14945 2
25825 2
19754 2
8901 2
22460 1
3992 1
10576 1
20152 1
5629 1
3430 2
14042 2
5182 2
18993 2
22811 2
2547 1
4789 1
22479 2
17226 2
10331 2
9111 2
9473 1
16771 1
17918 1
22858 2
14444 2
7590 2
16120 2
2072 2
25610 1
16340 2
22237 1
19309 1
24943 1
9661 1
25927 1
8007 2
17496 2
15956 1
12662 2
10274 2
3753 1
17974 1
13860 2
24979 1
11942 2
1407 2
5248 2
17776 2
10661 2
23085 2
21136 1
13365 2
21817 1
7989 2
12093 1
18513 1
3460 1
530 1
10693 1
24268 2
17367 2
23218 1
21221 1
8871 2
18864 2
11331 2
19582 1
15555 2
3770 2
14573 1
15466 2
12364 1
9536 1
7212 2
23522 1
20652 2
9014 2
12006 1
573 2
1653 2
4034 1
18903 2
6195 2
1307 1
24599 1
9016 2
8012 1
13659 2
20975 1
15846 1
17028 2
21544 1
25769 1
13373 2
10195 2
4156 1
20429 2
10103 1
23203 2
13673 2
13346 1
24615 1
25038 1
24508 1
7128 2
24747 1
17640 1
7569 2
3202 1
4075 1
10700 2
10903 2
14317 1
23778 1
17736 2
14420 1
5432 2
8869 1
20660 2
14914 1
4606 1
3736 2
3547 2
4355 1
3119 2
506 2
2342 1
23550 1
4716 2
14022 1
15376 2
25141 1
154 2
3098 2
21041 2
7233 2
12041 1
844 2
17388 2
22047 1
25033 2
10535 1
17020 2
951 2
24240 2
5197 2
17962 1
1507 2
14167 2
3509 1
3780 1
23925 2
15944 1
3292 1
2982 2
8505 1
9490 1
1452 1
17102 2
23472 1
10543 2
23646 1
6566 2
3472 1
19551 2
1404 1
10183 2
8288 2
22916 2
11549 1
1340 2
19568 1
12058 2
21879 2
14361 2
6228 1
18826 2
8514 2
2511 1
681 1
5258 2
16190 1
18310 1
13695 2
2072 2
17037 2
15260 2
24489 1
984 1
22793 2
19989 2
12560 2
9876 2
12335 1
7258 1
10467 1
19930 2
23051 1
8831 1
8963 2
5332 2
21091 1
820 2
21945 1
8067 2
13170 1
18913 2
16850 2
9087 1
14143 1
22314 1
10543 1
17861 2
24801 1
18287 1
8298 1
10372 2
3282 1
18200 2
17015 1
26108 2
23382 2
12437 1
14531 1
24257 2
7663 1
24911 1
18994 2
5172 1
10219 2
11028 1
683 2
18504 1
1635 1
5406 2
20662 2
5261 2
7153 2
23748 1
6306 1
20877 1
16796 2
20718 2
6920 2
14695 1
376 1
3710 2
14325 2
15055 2
10978 1
11064 2
23102 1
10384 1
5803 1
8655 2
25592 2
24951 1
11106 2
11302 1
19372 2
25812 2
13009 2
5417 2
5310 1
25220 2
26008 2
7415 1
1196 2
21906 2
25662 2
5717 2
22717 1
1315 2
15344 1
24621 1
19342 2
7469 2
11672 2
13037 2
23621 1
7577 1
14128 2
17054 1
3743 1
237 2
12317 2
13578 2
26058 2
15062 2
11811 1
15523 2
17536 1
4906 2
11111 2
20215 2
7217 1
13773 1
12808 1
10469 2
19131 2
16607 1
2984 2
13818 1
20666 1
9613 2
14061 1
21445 1
10991 2
1036 2
26054 1
25093 1
1459 2
16817 1
4031 2
10016 1
18146 1
15839 2
13958 2
22009 2
13631 2
8357 1
12334 2
15900 2
11520 2
9907 1
7532 2
5948 1
19140 2
3110 1
8721 2
10971 2
5236 2
15710 2
24306 1
23619 1
15548 1
17321 2
371 1
15596 1
19531 1
12670 1
22821 1
19007 1
1351 1
16287 1
12877 1
951 2
8382 2
9163 1
16348 1
12773 2
19418 1
11493 1
25244 2
12329 2
24081 1
23242 1
5622 1
17239 2
4288 1
16712 2
4130 2
13174 1
4901 1
10775 1
20297 1
24881 2
251 2
20123 1
20054 1
14335 2
3155 2
10833 2
8621 1
17462 1
6464 2
13653 1
17993 1
8373 1
7131 1
18458 1
12453 1
25864 1
20466 2
1317 1
24163 2
24574 2
8276 2
4237 1
8838 2
12585 1
26163 2
12333 1
1197 2
25407 1
23910 2
8041 2
12120 2
22531 2
4953 1
6147 2
11285 2
23874 1
2273 2
9095 2
18598 2
8281 2
20326 1
26243 1
18819 2
6751 2
9796 2
4815 2
11273 2
13626 2
7080 2
6933 1
9483 2
9896 1
21247 2
9921 2
5955 1
9275 1
20795 1
2367 1
15844 2
4998 2
11911 2
18660 2
8711 2
12139 2
25457 1
1849 2
10847 1
11983 1
20924 1
16999 1
24073 2
2113 1
3887 1
24288 2
12434 1
10561 1
8093 2
20343 1
12148 1
8852 2
15235 2
9607 1
23773 2
15489 1
21431 1
23100 1
16481 2
17174 2
16096 1
19384 1
4611 2
23796 2
12464 1
20277 2
17881 1
9552 1
15058 2
22625 1
24261 1
18439 2
20757 1
23014 1
8545 2
13123 1
3108 1
7200 2
22273 1
25773 1
17981 2
4650 2
3617 1
10285 2
3918 1
11848 2
10314 1
15619 1
13378 1
20937 1
20376 1
4720 1
19022 2
24262 2
2436 2
23163 2
8225 2
23840 1
19605 2
1039 2
25728 2
16949 1
5599 2
4419 2
3714 1
18063 2
11908 2
8469 1
24221 2
25917 1
949 2
12986 1
13781 1
24696 1
15364 2
1431 1
11867 1
17683 2
8159 1
3510 1
26231 2
26296 1
5190 1
7523 2
25720 1
7958 2
13777 2
17843 1
534 2
19298 1
18468 2
12992 1
6975 1
2851 2
21002 2
6555 2
5956 1
20621 2
20474 2
11560 2
7803 1
12405 1
19977 2
9126 2
9989 1
8177 1
7234 1
19298 2
8091 1
13307 2
4539 1
3467 2
645 2
13155 2
16262 1
25830 2
4630 2
19002 2
339 2
7755 2
5988 2
24619 1
12932 1
24075 2
559 2
24584 1
5694 1
549 2
16322 2
3521 2
6417 1
25221 2
8359 1
14589 2
8626 2
9018 1
9915 2
3321 2
15904 2
12489 2
24517 1
14608 1
4730 1
9207 2
14265 2
14667 1
19609 1
15028 2
9977 1
17875 2
19704 1
10184 2
23149 1
14107 1
5591 2
21518 1
25549 2
15028 2
18101 2
18040 2
8233 2
16439 2
13840 1
5508 2
17973 1
24686 2
14303 2
15261 2
24141 2
16910 1
8201 1
19126 1
5722 2
8294 1
25930 1
2809 1
8177 1
2498 1
18874 2
18069 1
10919 2
11386 2
22055 1
5313 1
25267 1
2960 2
5318 1
22838 1
21753 2
23967 1
7584 2
11890 2
15417 2
23677 2
13400 1
24524 1
4594 2
4103 1
11405 1
4981 2
7118 1
26075 2
19573 1
1016 1
3698 2
16969 1
6759 1
2736 2
9137 1
7521 1
14349 1
6126 1
13870 2
24278 1
8411 1
7367 2
21942 1
18534 2
15197 2
8823 1
15253 2
20779 2
15689 1
23142 1
25655 1
25755 2
7689 1
6977 2
20784 2
8369 1
20342 2
7280 2
7282 1
11298 2
11001 2
22335 1
1955 1
9285 2
25766 1
8298 2
8862 1
24556 1
145 2
8485 1
1905 1
13748 1
3961 1
23321 1
4639 1
19976 1
14649 2
19361 2
24420 1
12358 2
1855 2
23721 1
23434 2
21356 2
8961 1
24539 2
26152 2
22805 1
7049 2
10781 1
1451 2
9598 2
13369 1
15932 1
19678 1
2258 1
4146 2
5196 2
15111 2
7280 2
25361 2
19935 2
2634 2
3000 1
20642 1
9951 1
21612 1
8986 2
16868 2
5312 1
3546 2
22726 2
5810 1
24862 1
20615 1
2649 2
2857 1
8540 2
6279 2
4269 1
7407 1
3081 2
21351 2
852 1
16100 2
11901 2
19991 2
23311 2
14483 2
18543 2
15949 2
2843 2
4042 2
25176 2
26272 1
2059 1
2204 1
13873 1
13886 2
1825 2
18089 2
21387 1
10589 1
14877 1
5380 1
3968 1
1172 1
23749 1
20210 1
7670 2
14296 1
2704 2
13203 1
20769 1
12791 1
2598 2
25301 2
12007 2
12771 2
25874 2
17312 2
14186 1
19103 2
21574 2
17990 1
4039 1
20437 2
19507 1
5713 2
24494 1
24183 1
21444 1
9681 1
21395 1
1365 2
1085 2
10969 2
12621 1
20946 1
7363 2
11991 1
19993 2
13401 1
15578 1
23123 1
6721 1
17781 1
18123 2
10310 1
12872 2
10599 1
273 1
6594 1
20902 2
10911 1
9862 2
5249 1
23914 1
4779 1
21565 1
15790 2
9780 1
15326 1
12912 1
17542 1
17005 1
2056 1
22373 1
1564 2
20515 1
5893 2
15441 1
3350 2
1934 1
5270 1
23258 1
2650 2
929 1
10316 1
11537 2
21525 1
18856 2
23026 2
15150 2
3599 2
7748 2
20690 1
3766 2
18845 1
4967 2
13055 2
22228 1
15260 2
15752 1
20376 2
14776 2
3379 1
11430 1
22198 1
2142 1
22665 2
17862 2
10376 1
25532 1
7519 1
25605 1
4956 1
1700 2
8646 1
4058 2
20436 1
5659 2
19931 2
15729 2
3485 2
9797 2
15394 1
20697 1
22761 1
737 1
11622 2
24683 1
1026 1
7442 2
248 2
17251 1
14395 1
17995 1
23891 1
19343 2
15573 2
25955 2
18197 1
15438 1
458 2
4634 1
24983 1
25077 2
23199 2
16810 1
21166 1
5992 2
15124 2
16217 1
13505 1
22401 1
19399 1
4549 1
19977 1
20225 1
23567 2
7640 1
13137 1
1202 2
11324 1
26372 1
25116 1
21056 1
14957 1
10783 1
16042 1
16800 2
19741 2
12550 2
20015 2
5767 2
23118 2
4167 2
16916 1
25116 2
12281 1
1895 2
13054 2
13256 1
20575 1
3502 2
16732 2
23363 2
4440 1
15781 1
17312 1
17690 1
7808 1
11618 1
1928 1
24786 1
22757 1
21317 1
5626 1
13513 2
22621 2
13801 2
21246 2
18822 2
14941 1
12482 1
24155 2
14757 2
15687 1
2927 1
13969 1
12972 1
15963 1
10328 2
15055 1
19476 2
10995 1
5371 2
13360 1
13512 1
25495 2
6671 1
22878 2
1451 2
8248 2
9575 1
21747 2
4628 1
24636 1
8234 1
21381 2
6800 2
19554 2
5025 1
15212 2
9372 2
11716 1
4218 2
14028 2
14439 2
1668 2
22418 1
14272 1
14140 2
578 2
7759 2
21996 1
10582 1
20441 1
17384 1
24587 1
19328 2
878 1
14854 2
8991 1
3394 1
3505 1
24599 2
742 2
20304 1
25061 2
10726 1
23496 1
21617 2
22486 2
10934 2
11867 2
16019 1
19126 1
15796 1
6302 2
21643 1
18630 1
18046 1
6552 2
13957 2
14008 1
4732 1
18602 2
7855 1
10874 2
16181 1
11073 2
23797 1
15567 2
13276 1
12054 2
13779 1
9657 2
12688 2
17267 2
23291 1
22839 1
24363 2
17771 2
649 2
5613 1
8517 1
25437 2
11975 2
10454 2
7961 1
21958 1
9248 2
4872 1
21959 2
4935 2
4700 1
13137 2
15122 2
4882 2
4782 1
1895 1
25497 2
8395 1
22744 1
10082 1
12131 2
1431 1
21120 1
22786 2
26260 2
17679 2
22122 2
3104 1
17069 2
26395 1
17876 2
18667 1
14747 2
12501 2
7218 2
14044 2
4332 2
2081 2
23037 1
21870 2
3071 2
7901 2
26168 2
23272 2
13988 1
8199 1
23730 2
24428 1
7996 2
1950 2
9156 2
9217 1
18077 1
3816 2
12398 1
2895 1
22536 2
2414 2
17550 1
3968 1
21006 1
22506 2
19114 2
1499 1
15430 1
22878 2
25443 1
4246 2
9750 1
14826 1
24850 2
1693 2
14466 2
940 2
19649 1
10601 2
4948 2
20129 2
4796 2
294 2
20020 1
14167 2
10226 2
24743 2
10238 1
10744 2
8747 1
23084 2
13731 2
15712 1
25053 2
24637 1
2047 1
6010 2
8287 2
2938 2
8917 2
14409 1
19680 1
11089 1
24842 2
18679 2
25519 2
23049 1
20123 1
15941 1
17882 2
7335 2
3232 1
22433 1
5184 2
6447 1
4387 1
24525 1
17522 2
20051 2
23537 1
17727 1
22229 1
10455 2
8300 1
23540 2
9569 2
21936 2
14774 1
24273 2
2381 2
2074 2
2072 1
21038 2
25478 2
7534 1
5583 2
21846 1
4852 2
17685 1
11060 1
14460 1
21227 1
20686 1
798 1
20544 1
9639 2
24220 1
13369 2
18900 2
26048 2
2892 2
4800 1
14257 1
9378 2
6491 2
11950 1
1881 2
22725 2
5148 1
11162 2
23826 2
23578 2
25736 2
24241 2
6077 2
3017 2
2700 1
6216 1
21349 1
4528 2
534 2
5333 2
849 1
15950 1
3114 2
5124 1
22888 2
23066 1
16166 1
16352 1
23410 2
22865 2
13677 2
12808 2
15073 1
19517 1
7946 1
7358 2
21574 1
5690 1
18960 1
16302 2
3989 2
163 2
2794 2
4572 1
22341 2
26350 2
24598 1
24364 1
14096 1
6979 1
1888 2
13624 1
23329 2
6436 2
18493 1
22224 1
17431 2
13844 1
24935 1
20906 1
1905 1
23109 2
15595 2
17379 2
9521 1
15647 2
353 2
6660 2
12051 1
3557 1
19013 1
17854 2
2269 2
21494 2
26034 2
24411 1
20742 2
2933 1
5080 1
7940 2
23259 1
3021 2
7695 1
25805 2
22747 2
9827 2
25511 1
11875 2
17452 1
16515 2
7627 1
5739 1
13368 2
1347 2
25380 1
5042 2
15293 1
13324 1
10925 1
11626 1
10252 1
5134 1
23968 1
9573 1
11801 1
3827 2
10158 2
334 2
26097 1
7517 1
18176 2
10128 2
22996 1
19627 2
4191 2
9978 1
5887 2
25706 2
21283 2
11000 1
5902 2
24026 1
17173 2
8505 2
19585 1
14048 1
9508 1
7543 1
12487 2
12863 1
11147 1
22715 1
2119 1
3890 2
15800 2
7662 1
22625 2
10990 1
5925 1
24456 1
5161 2
4665 1
18971 2
7775 2
17101 2
868 1
11239 1
22217 1
1879 2
18600 2
11043 1
12864 1
21492 1
254 1
6190 2
18592 1
17654 2
2489 2
22263 1
10261 1
11606 2
7726 2
18913 1
24075 2
6783 1
9838 2
7062 1
18607 2
11299 2
6613 2
6937 2
20293 2
3358 2
25506 1
4187 1
21420 2
21111 1
24401 2
6705 2
10582 2
24489 1
11074 2
20652 1
15521 1
2061 2
13431 1
16788 2
16737 2
2283 2
11159 1
22071 2
13395 1
5905 1
3309 1
4081 2
5211 2
12256 2
22751 1
14145 2
19919 1
11550 1
18923 2
717 1
11911 2
24286 2
25737 2
20773 2
16480 1
24165 1
25481 1
25377 2
22593 2
25964 1
18821 1
19081 1
18099 1
8592 1
1077 1
2528 2
3813 2
25582 1
9479 2
21341 2
20485 1
3011 1
16631 1
12031 1
11051 1
372 2
11785 1
13547 2
20613 1
1773 2
18325 1
13971 1
24309 1
20254 1
16172 1
20448 1
8540 1
14510 1
10142 2
10759 2
22559 2
12429 2
7214 1
294 2
21580 2
10901 1
8611 2
771 2
18049 1
24897 1
13256 1
10186 1
2020 2
19526 2
9061 2
21649 2
6606 1
25446 2
24419 2
198 2
10635 2
11879 2
10099 1
922 2
20954 1
22399 1
2210 1
14217 1
12726 1
25490 2
12097 1
534 1
22566 2
6448 1
25019 2
2303 2
21505 1
18086 2
12680 2
12063 1
17334 2
12517 1
4048 1
18358 1
21801 2
10926 1
15043 1
4401 2
17102 1
23985 2
21710 1
14382 2
19403 1
19143 2
6192 1
6933 1
2059 1
11466 2
24484 1
18220 1
17382 1
26292 2
12269 1
8240 1
730 2
11529 2
2821 1
11560 2
17104 2
6650 1
12945 2
21476 1
9017 2
10022 1
6440 2
1509 2
5944 1
2481 2
17350 2
24627 2
12543 1
20031 2
18467 2
25094 1
2645 2
6379 2
13379 2
1625 1
11583 2
1978 1
4921 1
17568 1
3327 1
2246 1
12866 2
8948 2
9839 1
1117 2
6131 1
21019 2
14442 1
2048 2
12121 2
1145 2
728 2
17200 2
11423 2
16241 1
20919 1
5145 2
4909 1
11445 2
14652 1
8695 2
16133 2
20076 1
18866 2
1768 2
10320 1
21927 2
6181 1
266 2
12214 1
16942 2
23659 1
7285 1
15059 1
12619 1
26350 1
1847 1
2168 2
9479 1
12101 2
12464 2
5255 1
15777 1
20256 2
3958 1
24226 1
2509 2
580 1
15219 2
6701 2
12589 2
21284 1
17023 1
17006 1
600 1
448 1
11645 1
1726 2
17923 2
18960 2
9357 2
60 2
5032 1
870 1
3007 1
25997 1
12329 2
11964 1
11959 2
21299 2
10836 1
525 1
19147 1
4572 2
5396 1
22291 1
10466 2
23689 1
4696 2
3740 1
5857 1
4409 1
22368 1
4816 2
15185 1
18041 1
8804 2
22311 1
5397 2
13407 2
23855 2
15763 2
10908 2
13722 2
1320 2
15114 2
1531 2
19033 2
6910 1
18172 1
1403 2
5151 1
20622 1
21110 2
17962 1
5342 1
9085 1
7924 2
4041 1
2525 1
3934 1
1020 2
2704 2
25589 2
16032 1
16616 1
12660 1
15048 2
2142 2
16178 2
22709 2
4458 2
18815 2
23453 1
3496 1
5744 1
21132 1
12666 2
16309 2
24519 1
9558 1
2813 2
2729 2
3658 1
22408 2
7190 2
5738 2
16141 2
23120 1
11507 2
25190 2
7288 2
2857 1
12983 2
8544 2
14450 1
4334 2
11635 1
12239 1
13442 2
7736 1
1707 2
21195 2
850 1
13865 2
10875 1
24091 1
21838 2
6424 1
16300 2
24856 1
25091 2
18547 1
5583 1
25060 1
11490 2
25660 2
18715 2
8249 2
7897 2
8133 2
2427 1
14371 2
12329 2
22671 1
8660 1
18239 2
14785 2
3818 2
18017 2
17099 2
22187 2
9027 1
14706 2
3976 2
6449 1
25339 2
21556 1
5275 1
5306 2
1538 2
11622 1
4543 1
7175 2
10347 2
2972 2
2611 2
16086 2
6062 2
18200 1
78 1
25034 2
16942 2
677 1
4687 1
5047 1
20789 1
21595 2
8324 2
16623 2
3341 2
14681 2
5848 2
12612 2
7955 2
15417 2
9389 1
18390 1
23060 1
22411 2
14718 2
6791 1
5180 1
1958 1
22795 2
19677 2
23326 1
1344 1
3583 1
11997 1
6888 1
15146 2
4396 1
5342 2
1467 1
8774 1
16237 2
22288 1
11556 2
22629 1
23665 2
19930 1
18405 2
15664 1
20804 1
17925 1
16852 1
13346 1
13877 2
25887 2
24672 2
710 2
24093 1
3111 1
18183 2
19008 1
23854 1
7129 2
8698 1
16553 2
12410 1
13872 2
9869 2
17015 2
13689 1
13182 2
13143 1
24079 1
16852 2
12782 2
18115 1
9277 2
2668 2
11238 1
6367 2
20932 1
15358 1
11268 2
12874 1
12588 2
20319 1
11498 1
14833 1
10160 1
13675 1
20754 1
1449 1
8651 1
9849 1
1619 1
13922 2
15877 1
21935 1
16950 2
19115 1
19476 2
22405 1
17566 2
13409 2
7247 2
14974 1
24612 2
16952 1
5320 1
19346 1
24805 1
2045 2
19326 1
2642 2
24340 1
9594 1
2169 1
15569 2
15510 2
23966 1
17091 2
9858 1
18968 2
25608 1
10355 1
7062 1
20030 1
24167 1
10536 1
17692 2
8904 1
21238 2
3359 2
1417 1
25570 2
4073 1
20520 1
3144 2
19123 2
3404 2
2515 1
19346 1
24547 2
16076 2
2260 1
16655 2
14073 2
15652 2
8980 2
7850 1
24207 1
22901 2
4766 2
4320 2
25394 2
21681 2
24404 1
7536 2
11725 2
3393 2
9764 2
17804 1
19230 1
24071 2
3683 1
11591 2
9443 2
20314 1
23452 1
18138 1
22242 2
14454 1
19701 1
23451 1
104 1
5143 2
23720 2
2494 1
6266 1
3188 2
3157 2
18884 2
2521 1
6681 2
10492 1
16920 2
11721 2
16047 1
21019 2
1893 1
17780 2
15453 2
1175 2
18221 1
5806 1
25644 2
4595 1
4327 1
21641 1
24756 1
10967 1
17697 1
1438 2
10622 1
5524 1
858 1
26111 2
5772 2
4287 2
17614 1
21288 1
6841 2
2543 1
23942 2
4004 2
26441 2
23223 1
22445 2
13215 2
25475 1
12936 2
24650 1
20655 2
14959 1
9266 1
13097 2
18795 2
13313 2
22544 2
4423 1
1723 1
16842 2
12519 2
18956 1
23259 1
4197 1
9113 1
4844 2
10492 2
21959 2
13334 1
5395 1
23451 2
14746 2
16753 1
17303 2
19252 1
7718 1
4788 1
4747 1
22532 1
24658 1
6506 1
19367 1
26142 1
15540 2
18512 2
19751 1
8517 1
2815 2
25945 2
24994 1
6618 1
5449 1
15532 2
9100 2
8351 1
4254 1
8535 2
13574 2
2151 2
1019 2
21783 2
10150 2
22013 1
2747 1
24813 1
1281 1
22842 1
847 1
422 1
22522 1
16283 1
6205 2
24701 1
10060 2
21535 1
747 2
15414 2
7542 2
1245 2
16311 1
17451 2
7380 1
24501 1
10236 1
7621 1
9667 1
2978 2
7148 1
20276 1
8102 1
18603 1
11349 1
22753 2
9755 2
10584 2
12027 1
9281 1
3907 2
15545 1
11316 2
7780 1
13592 1
19221 2
23817 2
19515 2
20992 1
1541 2
1823 2
20980 2
5281 1
25411 1
9737 1
8634 1
14053 1
11994 2
16927 1
1768 1
12011 2
24982 1
13575 1
19497 1
20721 1
17675 1
12159 1
14986 1
5095 2
17015 2
2052 1
6760 2
13600 2
22918 1
4829 1
12769 1
894 1
21710 1
3691 1
1523 2
22767 2
18018 2
2399 2
17635 1
25718 1
18614 1
10601 1
6978 2
9831 2
11488 1
22918 1
15484 1
16530 1
4270 2
758 1
23109 2
12445 1
385 1
16834 2
17496 1
6516 2
7496 2
24636 2
20732 1
16297 2
14529 1
5040 1
17633 1
23725 2
3924 1
8426 2
23867 1
22353 1
15798 2
16327 1
864 1
7858 1
16840 1
9405 1
10322 2
16021 1
7433 2
20129 1
1242 2
1545 2
25772 1
19105 1
8243 2
12524 1
24125 1
578 1
26147 2
7070 1
25871 2
20605 1
23346 2
21524 2
4504 2
3343 2
1526 1
19758 1
12714 2
22645 1
12608 1
3334 2
13578 2
19479 2
15424 2
12021 2
17639 1
9120 1
9189 1
925 2
16606 2
17578 1
7833 2
2567 1
6541 1
18207 1
13818 2
25399 1
6935 2
8227 2
25689 2
6397 2
2366 1
22250 2
23493 2
729 1
10168 2
807 2
14666 2
10863 2
25126 1
25493 2
5950 2
10889 1
3174 2
18545 2
25529 1
18528 2
12046 2
15606 1
8625 2
18872 1
678 1
9020 1
6808 2
88 2
9969 2
1366 1
18227 1
23123 2
11378 1
26230 2
19819 1
20275 2
14342 2
25819 1
8922 1
16628 2
12097 2
16254 1
18511 2
9263 1
14252 1
25678 2
10672 2
10617 1
22747 2
19941 1
4042 2
3449 1
13778 2
22420 2
13357 1
8445 1
23616 2
23165 1
12625 2
24517 2
25734 1
23563 2
5195 1
14553 1
338 1
3158 1
16127 2
4823 2
19053 2
25425 1
15510 2
5007 1
11984 1
11933 2
24660 1
724 1
15521 2
11882 2
25404 1
7285 1
81 1
17899 1
12570 2
4249 1
3782 2
24367 1
10880 2
3331 2
17492 1
22097 1
21100 2
24254 2
6733 1
7218 2
4976 1
15890 2
16653 1
15418 1
19562 1
3345 1
16734 1
3625 1
15836 2
423 2
15280 1
26354 2
25942 2
8388 1
1508 1
20180 2
11030 1
22586 2
18526 1
9488 1
13977 2
10637 2
25382 1
9417 1
1796 2
9698 2
18377 1
5710 2
26428 1
15579 2
7581 1
24792 2
12803 2
4083 1
22609 1
24585 1
26125 2
24231 1
26399 1
1401 1
8084 2
4430 2
17584 2
13049 1
10321 1
12575 1
895 2
12669 2
17589 2
19654 1
22006 1
23558 1
25745 1
21320 2
7447 2
9584 2
19105 2
24161 2
6236 2
10642 2
19244 2
25735 2
9816 1
25043 1
12229 1
7381 1
13181 2
9121 1
7026 1
18931 2
3856 1
5344 2
11132 2
7288 2
26319 1
26325 1
22902 1
5376 1
19559 1
3415 1
17535 2
19610 2
2974 1
8891 1
25778 2
25300 1
18632 2
24556 1
13620 2
16118 2
8810 1
21581 2
17972 1
9604 2
17638 2
15734 2
6807 1
17690 1
261 2
6690 2
4182 1
16924 2
8654 1
4220 1
23223 2
7369 2
10798 2
5391 1
23940 1
4417 2
13184 2
7352 1
13180 2
6936 2
21304 1
13127 1
9841 2
13995 1
5821 1
3248 2
4688 2
13985 1
23502 1
13260 1
9393 2
1376 1
26418 1
12000 1
5279 1
23006 1
16756 1
3431 2
12001 2
5437 1
19527 2
14396 1
16149 1
7402 1
22940 2
14076 2
24263 2
17831 1
16855 2
16519 1
7587 1
3827 1
7664 2
17899 1
16950 1
22619 1
10433 2
8640 2
14504 2
1831 1
12693 1
15058 2
24666 2
23356 2
6719 2
5155 1
8854 1
5559 1
11657 2
21124 2
5549 2
19538 1
5675 1
13637 2
6978 1
2465 2
25650 1
21393 1
21161 1
11957 1
12011 1
16354 2
432 1
12877 1
26171 2
14428 1
5204 1
12759 1
25570 2
19877 1
7257 1
16198 2
25642 1
17107 1
13561 2
3708 1
6470 1
11672 2
15660 2
2401 1
4094 2
22430 1
24051 1
11061 1
10456 1
777 1
5140 1
203 2
5855 1
3332 1
3339 2
14559 2
16482 1
20764 2
25468 1
20024 2
5690 2
17707 1
14641 2
14830 2
19464 2
19045 1
16473 1
17643 1
19397 2
15555 1
19128 2
19718 2
1466 1
10539 2
18233 1
24974 1
16222 1
10510 1
8218 1
25992 2
8880 1
13846 2
3941 1
11497 2
5793 2
10473 2
24817 1
4740 1
1997 2
21809 1
18649 1
14819 1
21654 1
11544 1
20299 1
347 2
21315 1
16724 1
5533 2
11162 1
13714 1
3980 1
10352 2
2532 1
12288 2
193 2
3295 1
12670 2
20019 1
18614 1
9214 1
11681 1
25801 2
3208 2
13230 2
4496 1
4155 2
6042 1
16558 2
2082 1
25796 1
21660 1
21181 1
12734 1
390 1
8060 1
21306 2
9450 1
2079 1
14361 2
11141 2
24648 1
25953 2
12057 2
18176 2
14235 2
23786 1
18340 2
20834 2
24823 2
24719 2
19941 2
10137 2
10329 2
6345 1
7765 2
12392 1
1613 1
14793 2
4093 2
20071 2
5958 2
25969 2
1690 1
14986 1
1831 1
17120 1
13443 2
6292 1
13442 1
7875 2
12705 1
23532 1
8962 2
11233 1
22477 1
24698 2
19570 1
26395 1
11539 1
1759 2
15348 2
7547 2
6530 1
25412 2
17069 2
17594 1
14375 2
9209 1
22430 1
6436 2
19972 1
12707 2
26393 2
13588 1
2673 1
24089 1
20070 2
25559 2
10086 1
7061 1
973 1
9127 2
3662 2
10133 2
13803 1
7324 1
5728 1
20002 1
11716 2
7420 2
17033 2
25746 2
12245 1
9194 2
18334 1
1886 1
5910 2
816 1
25250 2
10141 1
15750 1
22104 1
6055 2
11702 2
2985 1
1453 2
10396 1
7206 2
16175 2
3491 2
11848 1
16277 1
22390 2
13820 2
1036 1
6386 1
24204 2
2381 1
1351 1
4089 1
24781 1
4860 1
20997 1
20661 1
19091 1
14682 2
2559 2
4623 2
11464 1
987 1
9325 2
23469 2
7082 2
3644 1
21264 2
13853 2
13556 2
7028 2
21242 2
11321 1
15148 2
9377 1
18589 1
21938 1
18495 2
15463 2
9535 1
5030 1
5943 2
23022 1
16323 1
25022 2
11919 1
24811 1
15233 1
18788 2
6556 1
21531 2
25768 1
17370 1
15225 2
18880 2
6387 2
16106 2
11806 2
18464 2
6530 2
22853 2
3326 2
11773 2
23176 2
14045 2
21736 1
8164 2
195 2
1215 1
16603 1
18872 1
23959 2
13093 1
19746 1
7048 1
10009 1
15658 2
12360 2
8458 2
2752 1
4858 2
26362 1
24206 1
8983 1
19683 2
22662 2
21580 2
15854 1
13569 1
24424 1
5048 2
17949 1
23406 1
2912 2
26115 2
7865 2
11268 2
13482 2
5699 2
17348 1
18111 1
1798 2
25360 1
5855 2
10987 1
20584 1
10368 1
17130 1
4697 2
3401 1
11995 2
12851 1
19350 2
25705 2
8315 1
12148 2
18930 1
2171 1
21034 2
5840 1
4203 2
267 1
21999 1
1830 1
6464 1
6371 2
17543 1
11342 1
24983 2
10750 2
25095 1
13470 1
11195 2
13032 2
16893 1
15959 1
3028 2
7835 2
488 2
2016 1
5714 2
22347 2
18300 2
5639 1
8730 2
15207 2
21413 2
19318 2
12899 1
24333 1
8544 2
16758 2
13102 1
101 2
23077 2
6256 1
20290 2
8135 2
2045 2
16161 1
3968 2
129 1
15796 1
15057 2
16429 2
14583 2
6270 1
16501 1
3798 2
17843 2
11763 1
8989 1
12047 2
13815 1
5617 2
130 1
7175 1
5789 1
17272 1
24766 2
22084 1
7464 2
17052 1
9511 2
25429 1
11766 2
3927 2
1414 2
24971 2
15036 1
12906 2
3426 1
24681 1
3284 1
17722 1
7438 2
7383 1
9792 2
11920 2
4735 2
13755 2
6945 1
11696 1
11328 2
24933 1
4321 2
7532 2
15166 2
21690 1
18486 1
7898 1
24375 2
3243 2
12650 1
24707 2
10637 2
18510 2
20152 2
24763 1
11001 1
16492 1
1804 2
25168 1
3731 2
19356 1
13125 1
25455 1
16777 1
8851 2
4810 1
21372 2
15335 1
3878 1
16714 2
20412 2
17244 2
6198 2
20936 1
14755 1
7338 2
9909 1
13997 2
11209 2
9811 2
14961 1
2600 2
17291 2
18262 1
9418 2
25685 1
20933 2
9567 2
6798 2
20612 1
12135 1
11900 2
14011 1
23036 2
6120 2
4566 1
6577 1
22996 1
12964 2
7306 2
18447 1
14488 1
4939 2
11867 1
11083 2
24545 1
23211 2
17381 1
19084 1
23109 1
25960 1
22481 2
15895 2
6580 1
17831 1
188 1
19392 1
23429 2
20268 1
4343 2
15317 2
3883 1
17888 1
24480 1
22044 2
25915 2
6218 2
1537 2
25845 1
17400 2
3336 2
6281 2
18971 2
703 2
16198 2
17595 1
15506 2
25713 1
1779 1
11249 2
13063 2
23975 1
4063 1
12245 2
20166 2
10106 1
15020 2
17240 1
24292 1
21544 1
23648 1
10409 1
9913 1
7111 1
6229 2
22891 1
13220 1
13929 1
23095 2
10753 1
11732 1
17137 1
23916 2
23388 2
12395 1
21639 2
26052 1
7504 1
1578 2
17661 2
4146 1
17361 2
13431 2
7865 2
6567 1
22886 2
11933 1
12686 1
9724 2
11883 2
6660 2
21547 2
23105 1
7498 2
25186 2
739 1
8263 1
11279 1
22765 2
10534 2
5592 2
4338 1
1691 1
16813 1
14296 2
17327 1
23795 1
17897 1
16687 1
9437 1
10662 1
7318 2
22538 1
4531 2
532 2
12209 1
4101 1
19247 1
19318 2
18609 2
23134 2
24392 1
9352 2
23415 2
19907 1
21616 1
21276 1
1444 1
17130 1
10190 2
20801 2
17706 2
21989 1
3797 2
22916 2
1107 2
21727 2
4137 1
417 1
20479 1
26416 2
6087 2
829 2
3494 1
3911 1
18330 1
800 1
21679 1
3978 1
26334 1
16193 2
17283 2
17513 1
5221 2
625 2
2419 1
20728 2
9253 2
6697 2
9688 2
26400 2
10870 2
14328 1
9661 1
5233 2
23036 2
20090 1
21629 2
12795 2
19338 1
15370 1
20412 2
5956 2
26251 2
26391 2
4866 1
14717 1
7167 2
17150 2
16994 1
23631 2
23004 2
17573 1
20659 2
17790 1
19863 1
22214 2
7825 1
8780 2
14650 1
22931 2
9988 2
2219 1
25696 1
16927 2
7227 2
11654 1
5375 1
22875 2
26256 1
3802 2
9560 2
16713 1
1525 2
8178 2
25371 2
17473 1
2036 1
11278 1
1816 2
2052 2
5496 1
2125 2
2790 2
8768 2
13230 1
21482 2
5009 1
21360 1
21231 1
21092 1
17365 1
17134 2
21743 2
7230 2
7496 1
1011 2
172 1
1303 1
18321 2
16107 1
8632 1
7516 2
14764 1
23680 1
4598 1
25611 2
12767 2
25589 1
4054 2
24890 2
23372 2
4539 1
21578 1
18663 1
18629 2
19062 1
13415 2
3840 1
872 1
20435 2
20019 2
13508 2
19277 1
14518 2
15713 2
18506 1
19156 2
1332 1
9175 2
5345 2
6601 1
6896 2
2691 1
10015 2
12122 2
18227 2
505 2
14394 1
10951 1
7397 1
1988 1
1561 1
5636 1
4653 1
15656 2
1456 2
13784 2
9457 1
20856 2
9291 2
18851 1
12945 2
15315 2
7523 1
3052 1
17303 1
17784 2
13809 1
25625 2
9665 2
23106 1
13956 1
16901 1
10499 1
9208 2
206 1
6749 1
6161 1
4868 2
18498 2
14979 1
16137 2
3949 2
6894 2
11958 2
1684 1
18432 2
210 1
18340 1
22019 2
4993 2
2585 1
16893 2
22087 1
2329 2
9191 1
23802 2
20058 1
17135 1
18429 2
10558 2
15965 1
26068 2
23474 2
20035 1
11041 2
23325 2
24400 1
21898 1
18595 1
24834 1
9465 1
8469 2
4706 2
25758 1
14912 1
3539 1
9943 2
254 2
24798 1
5477 2
25052 1
1275 2
15039 2
6907 1
15795 1
6505 2
17220 2
5160 2
13355 2
22426 1
23227 1
8458 1
20401 1
10810 1
18265 1
9905 1
24536 1
12654 1
13803 2
2759 1
20318 2
14926 1
2634 1
21817 1
18140 1
19324 1
9327 1
8374 2
22452 2
9708 1
6425 1
14 2
16870 1
24257 2
9648 2
8267 1
4990 1
19155 1
21434 2
15234 2
15385 2
25383 2
2500 1
15514 1
19431 1
25802 1
15044 1
16133 2
19510 2
24209 2
5986 2
2485 2
14312 1
18980 1
5647 2
13129 2
14410 2
14225 2
23743 1
24769 2
16403 2
24254 1
18256 1
5840 2
13259 2
22961 1
16376 2
25468 1
7631 2
24903 2
523 2
10809 1
19255 2
18530 1
8361 2
1509 2
4398 2
16253 2
2748 2
9579 1
1214 2
19040 2
8932 2
19270 1
25588 1
4764 2
24421 1
21027 1
5125 1
4080 2
19307 1
8788 2
7279 2
19353 2
23787 1
8395 1
6097 1
20529 2
14623 1
12410 2
25926 2
2455 2
4556 2
5447 1
23120 2
14670 2
5149 2
21349 2
26054 1
26248 1
1974 2
16088 2
2916 2
712 1
18622 2
23441 2
7266 2
9436 1
806 1
7273 2
21414 1
8127 1
22233 2
17545 2
9992 1
4786 1
11864 2
16331 1
14315 2
21194 2
19270 1
13105 2
2502 1
16655 1
2477 2
21822 2
22824 2
26356 1
25697 2
3697 2
2779 2
3483 2
19552 2
23406 1
1455 1
16472 2
20921 2
17441 2
23210 1
2220 1
20033 2
15582 1
23459 2
16111 2
18126 2
11865 2
17784 2
17810 2
8901 2
15858 2
3616 2
25323 2
2136 1
2253 1
24314 1
19922 2
7848 1
13392 1
13397 1
14714 1
12600 1
9063 1
22251 2
15475 2
13536 2
10269 2
1423 2
25017 2
21335 1
149 1
7315 2
22943 1
3471 1
14015 2
25194 2
21358 1
23540 1
13612 2
26014 2
17266 1
12681 2
17439 2
1285 1
4626 1
11694 2
17479 2
18409 1
6238 1
23234 1
3854 2
17261 2
11676 2
12777 1
1667 1
23575 2
9638 2
9078 2
25134 1
1989 1
2859 2
16778 2
12280 1
24382 1
15039 2
4984 2
6925 1
6751 2
6777 1
22586 2
11007 2
2854 1
26182 2
21770 1
6753 1
15689 2
1 1
20549 1
24763 2
25557 1
6807 2
5944 1
20232 1
245 1
9264 2
4433 1
12872 2
20286 2
3859 1
23366 2
694 1
12866 2
12366 2
11778 1
16532 2
6420 2
15544 1
15989 1
5493 1
1426 2
19315 2
1564 1
17935 2
6114 1
23286 1
12204 1
25026 1
5470 2
17166 1
21317 2
24896 2
306 1
2301 1
15857 2
7655 1
3180 1
25622 1
17837 1
19197 2
2626 1
26353 1
25726 2
2606 1
4175 1
649 1
8774 2
13678 2
7897 1
19494 2
20249 2
16470 1
11092 1
2321 2
7072 1
11746 1
18113 2
2606 1
7102 2
11665 1
7563 2
13097 1
13788 1
11548 1
324 2
13966 2
6244 2
20506 1
14306 1
8423 1
9014 1
23999 2
23614 1
20935 2
12275 2
13205 1
19512 1
22627 2
6417 1
3861 1
17585 1
16104 2
2491 1
18805 2
9979 1
11950 1
1774 1
1691 1
2267 2
24638 1
17091 1
23116 1
17433 2
11983 2
17869 1
2632 1
17781 2
8482 2
8222 2
9840 2
10330 2
17712 1
5634 2
13853 1
5320 1
13950 1
10297 1
5124 1
25572 1
3375 2
25155 1
17503 1
21395 1
3890 1
13369 1
12417 1
10132 2
17634 2
7248 2
14116 1
16426 1
17847 1
11018 2
21336 1
5776 2
13918 1
25087 1
10716 1
23695 2
18170 1
2475 2
16323 1
9956 1
4567 1
15038 1
23737 2
12146 2
17702 1
26168 1
4800 1
12140 1
2166 1
6017 1
232 1
17255 1
2521 1
18043 2
22458 2
21156 2
6717 1
14139 1
15992 1
12788 1
17581 1
23947 1
4760 2
25766 1
10158 2
11016 1
2693 2
15118 2
5031 2
7877 2
2866 2
21268 2
6833 2
21742 1
24745 1
5584 2
4451 1
16620 1
12993 1
13563 2
25460 1
1820 2
3047 1
10481 1
20026 1
20875 1
23564 1
9075 1
12783 2
18223 2
21550 1
10822 2
8599 1
3965 2
22818 2
15767 2
7806 1
7573 2
22646 1
1788 2
1776 1
7766 1
11958 2
6143 2
13161 1
7042 2
8404 1
23807 1
25081 1
3189 2
6356 2
19211 1
24906 1
22960 2
25486 1
475 2
23196 1
15677 1
21811 1
14986 2
3619 2
5792 1
23166 1
14024 1
1179 2
18815 2
5721 1
15698 1
16473 2
5214 1
12341 1
644 2
6475 1
21721 2
6613 2
9939 2
3773 2
22020 2
7792 2
17121 2
15428 1
14744 2
24318 1
1467 2
15606 1
18802 1
14731 1
11494 1
20135 1
25165 2
20615 1
10186 1
17416 1
7393 1
12770 2
10652 2
6656 1
26141 1
19395 2
26164 1
9691 1
20228 1
481 1
9392 1
21875 1
2768 2
13040 2
23634 1
6680 2
26255 2
35 1
15896 2
24642 1
7777 2
18140 1
14694 2
3462 1
20805 1
8580 2
16535 2
809 1
2004 2
12616 1
6697 2
16496 1
16332 2
4723 1
16800 2
11272 1
3599 2
16040 2
16014 2
22485 1
12943 1
10912 1
1205 1
9423 2
17134 2
14562 2
18822 2
14200 2
14132 2
4719 1
3829 1
8117 1
8573 2
1323 1
4045 1
10306 2
18000 2
3475 2
6485 1
9114 2
15877 1
18416 1
5675 2
11892 1
14643 2
23951 1
13560 2
2979 1
14398 2
15721 2
271 2
17311 1
21606 2
3968 1
15299 2
20717 1
6862 1
19502 1
1147 1
19275 1
18191 2
2217 2
3133 2
11105 1
20592 2
19302 1
18618 1
9281 2
10469 1
10108 1
23475 1
15174 2
5538 1
2286 1
25424 2
18264 2
9343 1
20093 1
22665 2
23822 2
25773 2
8780 2
4399 2
3479 1
14287 1
8474 2
2285 2
12085 1
24148 1
4406 2
20915 2
6292 2
18768 1
11590 1
22442 2
6641 2
766 2
20744 1
8083 1
4438 1
15880 1
394 1
4322 2
5982 2
21561 2
24160 1
8497 2
1962 2
14383 2
5460 1
8697 2
17557 1
5623 1
9895 2
2939 2
7491 2
13089 2
7790 1
6087 2
18297 1
18527 1
8325 1
25981 1
19302 1
16527 2
25354 1
7992 1
8182 1
10508 2
3207 1
10229 1
22535 2
20001 1
23541 1
17258 1
4908 1
21407 2
25077 2
11380 2
22354 2
23616 1
23021 2
16678 2
24136 1
5410 1
25162 2
23755 2
26052 2
15493 2
26413 1
12635 1
8069 1
11422 1
21118 1
5016 2
23554 2
5830 1
22983 2
19003 2
5593 1
25322 1
20557 1
22865 1
379 1
25821 2
21029 2
284 1
5473 1
8603 2
4395 1
20116 1
22606 2
22505 2
18423 2
23899 1
22366 1
12578 1
20656 1
16703 2
24645 2
