11440 11160 1383
2746 1978
6315 6123
10307 1475
5099 7162
1426 5565
2271 8053
3023 4026
7436 81
8090 4268
6488 2886
10455 3127
721 5908
5202 4646
3551 1518
6483 3145
676 4965
11030 4719
7392 8784
1154 7663
6516 8378
904 7213
1195 9089
474 1944
5307 9730
8587 8755
3149 2708
8049 1922
9927 8233
200 10425
5660 10269
2733 2669
3148 3036
1643 7831
3090 4819
6243 10870
10551 5215
5679 1533
10152 697
9305 1224
8972 5495
1071 6659
2712 5600
5122 2322
4913 5884
7530 7091
9203 6081
9560 3095
472 2332
833 10882
1933 8897
1054 7472
11419 7269
8875 7895
1190 8953
5234 5374
7561 4985
5677 2820
9969 9245
4184 10439
3446 5780
2363 7455
10140 8252
10671 5245
10701 6207
4787 576
706 1465
6206 4916
6558 7357
7492 3928
8234 1611
7730 6723
7623 9163
3007 4655
8341 54
6543 4937
8712 4722
6887 782
10435 9083
5330 1959
6818 8128
1394 10437
3426 4509
6813 10828
8302 10490
11051 10785
4976 6430
4660 1117
2798 7950
4317 8203
8146 300
2610 7003
3926 9670
7298 6718
2975 8543
832 7160
5899 2670
10349 5589
6140 3081
4049 5169
9460 2379
11111 1262
7931 9006
6332 2812
5063 2644
10088 7464
6538 10962
2005 8321
6631 10688
4526 4132
303 2764
342 3904
1599 11055
6768 684
4957 6814
2619 144
3857 7155
863 7648
10789 5716
10465 3366
547 10984
1109 2891
2717 8873
6130 9993
7390 6416
8793 1610
9821 6521
2562 7199
2974 7577
5645 10245
8456 8863
3589 2165
5162 906
3378 5591
3597 4991
7631 9556
2677 8084
9761 7363
9225 7141
5436 5475
530 5357
9205 4299
7101 6950
3664 4568
154 9712
6332 6824
194 5377
11390 8714
1603 6553
1242 7501
7916 9355
6710 2222
11346 9371
4251 5717
4437 2564
6299 5520
9245 7185
7517 8510
8230 260
2995 10567
8722 11033
1474 4574
8548 8822
9885 9999
1383 7483
5082 4987
6985 6305
53 4386
7447 6036
8050 2145
1189 5935
10811 7789
5022 1909
6412 1927
2988 7466
7273 4771
4294 5344
9386 1273
6064 3009
8753 786
1062 5147
3273 7958
8129 4036
10196 5486
4030 2075
7971 7021
5930 2078
5538 313
6393 8375
6207 4080
10497 1528
4625 9573
307 7693
6881 7342
9316 2245
3792 5671
7049 7290
2971 2956
11409 6736
9952 37
8293 6437
1598 7085
5431 7767
9397 311
7983 10765
863 7803
4138 9672
1586 880
56 5021
7663 2516
841 3690
10813 10691
6202 8077
2370 1256
5052 3819
7535 10578
5731 2958
7349 9857
4252 5152
10194 1601
4366 1383
10894 4850
3715 8699
4565 4444
4830 112
1207 8646
1996 6201
2063 6995
6322 3172
5890 8125
8001 8349
11112 4216
389 9384
2686 6765
8920 1001
2583 346
5540 5330
2182 5481
4824 7389
6281 4634
7730 9537
11321 2038
685 7260
10231 4228
10045 3923
5842 10730
10720 3129
11347 4962
5568 10010
6189 1187
7381 3137
9977 8840
8532 991
9250 10680
6027 1617
3723 2820
11031 4507
531 6534
6451 6940
4081 10989
7924 9216
433 7101
3184 7611
6426 5343
4125 2406
10351 10008
3731 8905
9648 10138
3933 482
10316 10600
6658 3350
6098 465
28 8845
6878 6198
7954 2093
4906 9496
3222 2630
6527 2765
3726 1153
8528 10322
5681 3733
1982 8439
6974 7682
8988 2441
7852 4921
3476 6476
482 10834
7770 10147
8679 10065
7459 10699
6780 8599
1290 10673
10940 2616
5876 441
137 9887
7594 7360
603 3239
4645 5039
3452 5795
9940 7178
5796 3142
8679 2515
8837 10585
1072 4450
1019 6195
6403 10009
9413 2422
609 7751
8920 4447
8113 10861
6780 8815
1884 5738
5899 5731
10015 4853
5581 10358
10777 5854
2199 6654
8122 9328
11111 9661
7703 6391
8974 6783
1630 6902
5361 7652
776 6781
8768 1481
4539 8338
4117 4385
1937 9424
4304 1078
9971 759
9996 7802
4127 4014
2459 8736
5322 3542
3564 10170
7165 9978
9607 1344
5222 10548
4639 6179
718 7853
4837 8176
3340 4445
453 2879
10726 5647
7127 216
1694 5223
8630 6339
4648 3888
3203 7913
4551 523
10351 6212
4116 8713
6741 10715
9609 5880
11123 7483
8070 10331
6391 10437
1803 10857
5836 4080
574 1903
3343 8615
8830 3004
1662 8513
4808 10214
1344 6187
4764 8846
8866 7623
1334 1012
8758 10711
5304 3169
1280 1956
9722 2688
8061 9436
6707 621
8812 2647
8555 9449
6346 3390
1553 7369
6215 7387
8517 7308
8655 2117
7179 4483
7832 5158
1602 3987
2476 663
10307 9641
6707 1781
66 8283
9540 874
4828 8473
10334 6962
2871 6486
11415 1979
10024 6424
11388 9128
8943 7211
3017 10850
4261 2526
9664 9363
6784 3648
2087 3298
1219 3874
9867 6392
1227 6701
4561 9377
3724 5463
6993 9101
6584 3947
4328 9093
4314 10580
3460 1290
2666 6585
8129 10641
4825 5668
10573 3309
6822 7370
5769 9606
5512 8895
2247 10212
11270 4218
8654 2405
10858 5393
5579 7514
1600 2199
5289 9321
8349 7189
4282 10964
5568 10230
11184 4985
4887 11000
9582 10961
5150 10855
8335 8005
4292 7727
7171 8751
1925 10465
1068 811
3897 10737
4996 2364
1614 109
9093 917
11376 9632
8780 3972
3953 3901
8565 5979
11107 8184
47 11073
120 667
10664 7337
9392 7744
2547 6589
3156 2475
232 6743
133 5787
7520 6562
7255 8271
8722 8289
9325 10061
7500 8137
7146 6164
1523 2254
2067 2881
5510 10490
3677 2847
8703 5158
7178 9099
3649 8759
9794 1752
6474 6444
4618 5850
4095 9348
4390 253
1668 7367
6422 1452
6746 4253
3440 739
3522 6045
3157 4546
4085 8587
3249 6440
2309 4084
10123 5772
7038 5630
11405 3188
3787 4517
2611 43
10168 8241
4799 6584
9967 5961
3908 5396
5098 7319
2344 7199
4320 224
9283 4454
8469 6643
10988 3285
8600 10534
7868 2011
7862 4747
6707 3582
2920 7269
10281 9902
5737 11156
1971 8729
2275 7105
9331 11040
4302 1551
5041 1023
9155 2923
10707 9840
1762 376
1450 1422
2667 10562
692 7241
214 10660
8448 2327
4738 7019
69 2741
3164 3748
4096 10417
10576 8431
11310 2679
5063 11066
3302 7947
777 3748
9670 10620
10378 10009
5670 4929
4711 9232
9083 2600
9115 1264
7595 2714
5073 3589
481 7723
7935 435
5695 434
7374 2742
542 4206
2420 1332
10887 6043
11155 10408
10656 5237
4343 7377
8276 5591
675 7359
7331 11141
5828 5362
10568 1007
9082 5496
4050 2301
7533 2988
5905 3495
2210 9835
9654 1895
465 5343
3883 3760
9443 4647
1052 8260
7439 2914
7008 7571
9650 9969
10337 4115
3915 2533
8170 5191
6072 4275
6257 11160
2414 2503
5055 4341
133 2516
9423 4400
4849 4064
8127 1318
10296 7344
6999 4107
6078 1667
4042 4192
9762 4270
8371 9531
2600 1699
9957 5424
1256 6925
6081 6186
1358 8733
7818 302
3526 6816
5515 395
5146 4200
5051 3277
2114 1058
2851 9222
3779 6850
5327 2472
5075 5913
1132 3116
3446 3158
5676 4482
1011 5218
2535 3854
3167 3614
10109 244
5449 7141
4022 6655
3499 3212
8021 9881
172 10489
7947 1658
2174 386
2795 7517
8420 2403
8811 8862
1149 5317
3972 2603
2225 11117
7434 3513
7956 3166
3487 3904
7423 151
172 7691
85 6105
6257 10625
7970 1579
1530 2048
7406 9268
1587 5638
1799 7178
6332 692
759 10989
3764 4403
7811 7500
4116 6088
6825 9190
1656 4642
6181 2460
6904 4450
11346 5414
2301 10424
9873 2756
5394 4422
1449 11021
2604 8341
4549 1943
1940 1138
10227 3689
3035 2493
4123 2666
1398 4245
10229 4538
6843 8325
197 2749
6239 5153
10962 6481
9484 10127
7104 6567
9844 320
10052 7370
2684 4415
8005 175
611 5631
8858 3066
7363 247
8418 1425
956 4242
3270 4025
5796 218
3508 984
5051 5589
5384 3055
4588 7115
10651 6813
11339 3911
5348 6089
4691 52
6264 9236
3406 2937
1502 7969
4221 6617
3261 8121
11020 1022
10785 9997
4505 9773
4528 5719
1292 10729
729 5912
5210 3112
2468 10740
6207 4461
397 2247
3748 7769
5209 5748
9788 6609
7129 3515
6610 7592
1086 9657
3191 10305
9832 9291
8259 5173
4673 8445
2355 1421
727 7883
10725 3506
6503 181
4099 5007
7348 7348
9294 1993
10877 3857
3345 3226
11115 3754
1317 8163
3045 8158
11363 6950
8870 2547
3954 3171
8167 558
10210 3120
2701 4583
2017 2480
4701 854
10598 5227
2470 3354
7781 7284
6987 10383
6183 897
1640 4302
7804 9135
4886 10946
2870 11024
377 8687
2449 436
8533 511
8817 6771
10839 4880
722 1953
5365 563
489 7598
819 10664
5740 8007
8394 4768
9233 7232
3891 2338
5265 450
9432 948
4094 5674
4659 11090
10080 8182
9187 5172
7527 1236
7743 8745
764 6911
9216 3037
10277 2771
6864 5286
7131 3562
364 10099
4036 3460
150 329
9065 7079
7834 2181
4228 3895
8697 327
1010 6563
883 3719
918 8427
398 6282
1100 3650
7979 1153
836 3892
9555 8389
10554 3424
1634 9846
1371 6675
9257 1982
7606 236
7771 8425
6415 8465
3719 8299
2841 5566
8979 8517
507 1187
11287 9593
5506 6975
9601 4948
124 7584
2849 5108
2351 8467
10681 3576
8288 5137
331 7866
10027 7990
1451 6166
9498 7864
7460 2342
10114 3779
992 856
752 5377
8411 985
3138 3618
3784 6668
7382 9905
6310 6585
499 9460
4376 1270
5160 6900
5741 6721
10499 8884
3172 5103
4596 5869
6395 1671
3493 5589
476 3787
10185 1514
8445 4799
10683 11113
4840 10286
4056 7442
91 8820
8443 6022
8613 6746
4336 2003
7056 5040
6346 100
9288 646
8514 628
7011 210
3254 1127
7012 903
8928 1555
6748 4938
7910 272
5923 2209
4605 4848
7765 3380
3925 831
357 10458
7934 5521
3051 9138
2051 7369
9067 8556
10414 4411
5289 3624
3479 1617
3540 1794
3281 4221
10517 10691
7553 1916
4329 8918
2885 6815
725 7356
4236 352
1434 10188
8490 5883
8971 9718
8857 11032
2345 8937
8029 7044
9648 10973
167 7825
805 1655
3145 4316
1669 3683
8762 4880
6757 3423
10776 3206
160 10429
10105 9698
6553 9846
4890 524
4372 11034
9837 4624
148 3147
3573 7649
855 6948
6932 3799
6548 10437
5601 1182
11173 2635
7859 5091
8291 9470
3253 8812
11215 6641
1791 4747
1113 1965
1811 807
10239 9997
995 4197
6478 1268
5354 9976
10348 2285
9083 6172
2999 8335
517 8325
5338 8047
6754 5515
10865 7496
6634 8499
951 9874
8937 4344
3867 1558
3342 4452
255 5508
8720 3107
10370 9198
7193 7175
6483 7080
8240 10394
1827 8924
537 6987
6270 6539
3232 4150
158 1781
11051 1972
3384 1509
3790 267
11338 4978
11347 4550
6024 7110
6300 3304
11282 580
6763 6714
2665 10773
2625 5329
408 10984
9018 4693
7336 4192
5643 2412
8329 10168
1056 7361
4938 6803
4302 2400
3055 4560
6854 7268
3692 1
10051 10863
2831 4551
9398 7314
6394 10888
9672 7159
8009 9717
4680 6915
8949 8960
930 5289
3468 6748
4854 6952
10645 10541
7725 2427
1702 1275
779 1383
1086 10479
4981 7762
5756 9078
5707 10457
4864 9284
6337 8247
2713 2617
2498 1368
6418 9986
6150 10305
3086 3583
4571 9584
1672 2902
7079 9982
3707 3521
7657 4997
4133 7230
587 1549
5087 3877
4255 8070
3201 10838
4161 4734
10461 582
10133 5524
11189 6483
2919 3305
9751 8491
10435 4523
3462 2766
3 2553
7839 8866
1309 10609
7520 4350
3194 2620
10705 216
2702 585
10920 10922
385 8750
3922 9291
11037 6565
10291 7867
7609 5100
5238 3190
7254 11136
2479 2892
9867 1851
1710 1288
6874 7888
9670 6016
10083 7253
1811 4319
352 7560
3389 8501
10941 4284
4942 1272
4627 10591
9451 8333
11031 4347
4260 5610
1259 8336
7276 1996
5662 1857
2822 4510
9744 3446
9388 2379
5956 3964
10904 9917
10557 9519
725 2692
8159 9485
6970 2953
5647 980
1075 3975
1212 10775
5683 592
1069 10860
959 7611
2200 1044
8883 7637
7531 2911
6428 2891
8954 6473
723 6281
8102 5510
847 7870
7810 10920
3676 4587
2360 2262
413 5545
7375 2454
8031 10473
10324 2183
10795 289
4134 5686
7355 1704
4457 10738
4832 9021
3793 2089
6153 5407
10883 4960
2611 10231
116 647
8137 2115
1100 8878
7058 6625
561 1059
1753 4756
8646 10546
8652 1115
4880 4516
3286 4692
3130 2321
10308 4465
5014 9614
1694 3813
256 3398
4942 6749
8973 8027
10097 3204
2717 2166
3469 4639
4857 1147
9869 1589
5616 439
11337 10352
2792 3648
9399 6840
7819 7370
6314 5996
3784 54
6953 7204
6255 9
3122 3445
4899 360
3985 10646
2226 9848
6246 10472
7750 80
7807 9833
10646 4
7101 4402
8296 3799
7743 5110
761 4920
6727 5952
7787 7983
7385 7236
8958 7988
7708 5188
3432 8920
1724 8027
2354 6392
323 9450
11379 6571
7687 184
6175 1450
6091 7418
4484 3939
5030 4948
3337 9389
2854 3545
10360 513
7279 158
9021 9001
10703 10409
5903 9998
9029 8775
7355 7227
7460 2225
7808 5135
8809 10649
9720 905
7517 9436
2485 9795
3091 1560
6117 5656
2797 3698
2136 227
6220 2722
4041 6785
690 240
6110 5835
4910 9551
2703 6474
4738 2027
754 1370
8671 4092
10616 9298
3218 7546
2647 2070
5060 6622
2843 5883
9089 8491
4043 7191
6537 4536
10279 8544
630 6422
10572 5070
2862 4197
10733 9812
4433 8914
4722 6068
3027 1785
6545 8151
3866 5769
9334 2357
9733 10013
3856 6963
10976 3688
7965 530
5671 251
6350 1070
4907 11158
1417 5748
6736 9624
7305 4237
5626 7376
2723 5921
689 2465
9417 1976
6950 8211
8464 4598
8910 3716
5149 9386
4670 10415
7772 823
3010 10448
3601 4392
7562 7907
3791 5152
2994 2021
5589 10831
8124 8234
468 2842
8927 8619
11420 6630
1158 5743
4810 3101
6214 8645
373 8145
4393 10748
3995 7004
9540 2989
2133 10912
9621 3803
9325 3121
6757 587
5153 7629
2223 10902
6720 1416
9765 2749
3673 11075
3895 112
8123 840
3855 1824
6428 7209
1122 6650
9907 3911
10119 5395
3143 4334
10811 10151
2033 7618
4948 5902
9849 8387
6433 1642
7150 128
6326 5957
8026 4212
4288 1980
3774 9306
2728 10287
8503 970
4430 8357
8458 8272
2286 10133
4056 9049
7298 1346
5093 4416
7506 10414
2178 4416
7510 4225
5681 10964
974 980
4418 5720
4379 9122
5070 332
7365 4436
226 4618
2776 10010
2686 1442
1687 9894
5459 5792
7942 7062
292 2748
1443 4418
10423 5358
7349 1587
1389 10781
7085 3192
6977 2346
1641 2342
3790 5429
10664 6716
6977 8875
5170 2856
3852 1220
6892 7243
351 9643
9727 3340
5696 7531
607 4171
7110 4138
10118 992
10181 2438
4968 6143
2575 8270
10347 4684
8731 2185
535 1214
3465 3178
11329 5100
8450 8245
2712 10448
4682 9225
4632 883
11102 10183
5488 1414
9627 2306
6455 3708
2567 11108
11071 5146
5544 9876
2587 1209
10742 1327
10279 7451
232 7693
8334 8365
10176 4795
7846 288
3534 11103
9922 5179
8183 5447
3986 2002
4538 2589
1360 10922
3616 3809
7481 2769
9828 6545
4073 1792
818 10764
9198 184
1544 1171
5539 1895
8511 2281
7837 4614
8929 572
10950 3507
7828 415
9305 3113
9485 2320
10568 7540
6638 4147
6593 5435
1904 2459
8383 6963
5487 5521
10257 10143
1378 6856
5032 2909
3610 50
4433 2080
11145 8884
10407 9416
6128 2698
4168 10357
9026 4153
3143 6771
9965 6147
3404 213
1741 4397
5678 3257
11073 4159
3335 10024
7799 3563
2149 7641
3503 2337
9690 1754
8353 6219
9948 8754
6652 945
662 2487
6555 7121
6455 10544
5616 1689
3939 6488
2911 3615
8452 8807
373 2966
8179 18
5286 7380
10552 3756
2846 4055
7718 5761
6647 6347
3329 10361
9913 5284
1158 321
5568 1720
2863 2716
912 5968
11018 10561
445 5549
10809 3066
5351 461
10769 2098
2345 5815
6822 6376
10146 10884
703 5480
6772 7322
10112 129
6619 9575
5830 3124
2455 6651
192 10611
8775 7791
35 3334
6134 928
731 6089
10004 10782
3769 9981
1373 5797
7990 1071
9084 2610
11043 9672
11150 10710
3236 1433
7107 7551
