35115 16288 8237
8644 13329
5804 14542
31008 7502
20737 5843
10831 15824
31509 7069
13410 6478
8357 10598
2234 2536
26832 10421
5111 3001
28600 14011
26123 15533
17008 10476
22639 14191
27574 943
8922 11766
1147 12140
12756 3604
7169 2635
28350 1310
14499 2186
11038 3793
5123 5074
9386 8976
30322 7041
556 10017
27879 14941
32091 11612
433 1359
10726 13960
31194 5515
35035 39
21259 5176
31107 7714
25810 5312
32639 13579
2700 6181
30376 7772
1710 6483
9348 120
10826 1338
1025 13436
20189 5935
17397 15777
17681 3411
14081 14520
1133 15718
8270 5295
28994 9888
31418 2716
6268 1180
10239 3985
530 7574
32360 14501
17953 8644
23284 9917
32731 3582
13634 12890
8783 9000
33639 11779
836 10692
19989 10216
15009 12533
16102 15227
34038 98
27772 4595
3752 1726
16983 6539
10947 10235
22215 3925
843 14937
11400 2420
18519 5680
31379 10329
56 2887
28019 10662
8085 2612
21899 13165
13969 10457
4236 1493
20564 13447
8111 8166
2705 13236
4542 1034
7231 13526
5719 10351
12346 3877
10855 776
3495 15869
15949 12289
31180 13756
1087 2952
23131 1867
24523 11480
7565 9089
18811 13897
1558 4196
14558 2522
15717 7706
8542 5550
22712 5455
14566 4560
26141 9229
3596 6155
6997 4653
28500 10200
6780 4200
26603 10783
2349 8056
8182 12053
9845 7094
26688 9376
13868 4515
18209 165
19180 7159
9459 10517
2027 353
9546 3502
23782 11028
15494 7568
29448 1994
27847 13742
22420 8457
12631 4742
26330 1542
12391 6060
7544 10528
21295 10938
1724 9244
14839 15986
2406 7065
4335 15237
10404 7342
17389 16103
16418 9342
7953 8678
33283 12832
11523 6046
10519 13399
26706 8371
18116 11779
14901 5724
13040 9261
28108 6155
11086 6412
12856 7306
4224 9766
31084 11356
885 15660
3509 15576
24394 977
31434 15751
34555 4802
29902 2488
18977 5759
6597 11311
7518 14498
505 14696
536 8926
10639 13594
4703 3661
12743 6721
13061 10893
9682 12042
4060 4712
35113 11565
23783 9160
18522 14742
30733 2348
29625 1556
6603 2165
3926 7601
8721 9279
21670 7734
26917 15770
12456 5191
1918 2228
17246 8466
16003 15176
22878 987
29302 15624
32494 14437
25702 3757
12668 9327
15711 10647
18786 793
33015 4198
19764 8644
21616 9031
2789 12341
25397 11065
27045 5764
1130 5142
33074 90
34318 7989
685 10550
1946 14311
12007 7623
6809 7732
20924 15558
25647 8939
9788 9751
10844 15386
22362 10445
24776 15884
4166 6528
418 4655
2244 1616
17529 7058
28898 10991
19753 3235
2471 7871
8902 5451
24300 14530
22921 12612
20724 15932
9728 3238
6460 3758
17325 5310
16338 5611
20501 5479
26942 16188
13354 12077
25542 15288
20815 15439
16607 2910
27361 3066
17381 7325
19562 6285
5166 3739
21514 304
32992 1770
10421 5067
7582 3004
29455 16057
25539 14239
11148 13909
30472 3911
13175 4325
21717 3579
14547 13405
18546 8641
22259 8741
32710 1058
17145 2121
8862 14212
3030 13188
1263 5025
5081 7615
20967 4496
29069 11782
25268 9521
24974 360
17600 10115
5837 4784
150 5095
31895 2907
9835 14822
348 9182
33425 15392
25937 6053
11547 605
940 5911
24939 14324
1509 9045
4795 10218
18567 8014
9267 14075
10742 4004
31832 10335
7011 1570
5195 13083
7002 8079
16804 6979
8052 4589
32544 3823
30760 9864
34344 585
25602 11125
34319 8873
9827 4856
25607 2164
4204 11961
23389 7632
2760 11849
2258 14343
5373 10720
25318 10318
22766 4335
14064 8373
1725 6143
17055 22
14077 12072
24541 624
22682 10116
8163 4878
34705 7100
2759 7401
4742 15741
7988 10189
6346 12381
16093 2630
11291 13009
18265 12258
31213 8596
29642 9963
20492 3195
34722 110
18038 15075
12310 13529
8014 4295
9368 8020
24330 10416
10719 7930
10882 13643
4042 8487
20845 1213
21330 345
11776 12989
31674 1635
25389 2178
28195 10955
3473 13762
25517 8116
14561 1634
2058 6483
12164 2278
5241 15583
12897 10777
15717 15307
27099 15967
17321 5009
3610 5941
25517 10261
20612 7388
9923 11409
21324 3977
2780 13881
28468 4737
14884 6897
6285 15664
12867 3248
16352 8003
28291 14278
9109 7786
6939 14875
12772 6795
17441 1042
6302 5598
19191 8015
19833 6721
29732 1812
2892 10100
17840 1296
25830 12670
23104 11425
13586 1275
28953 7103
6237 7776
20644 9468
378 3164
7348 1926
15212 2761
29935 10944
16277 3336
20130 8432
18400 2132
26259 2696
16399 16233
32153 840
8768 7354
29408 6463
20798 6716
17966 480
21955 12223
28667 9669
27530 9319
951 3883
34805 2640
21848 2847
16299 8237
9815 5545
5208 5588
11184 15937
24899 2189
6868 6008
11513 4549
21259 5813
17390 16159
28449 7766
24041 478
16172 5883
6534 12736
5164 2168
13656 1760
5131 11659
15953 9696
29023 872
27109 12640
8260 8849
25556 1225
27497 16276
16095 12303
4357 12812
23519 8019
21909 4465
31855 15835
11828 15585
6882 1881
34853 7969
31586 16096
18727 3622
24851 6222
20070 7068
9650 1659
1064 1837
9581 8695
27098 11390
8381 2804
21644 13597
23708 15695
30301 15708
34508 14426
22914 8529
11904 15365
22751 136
22007 14969
17365 15951
23936 4467
13347 11737
19790 10851
360 14923
22990 9234
33471 3883
26392 14471
846 5270
20663 12104
33303 16218
31820 1405
32318 8380
8823 11093
12989 15727
12805 9646
5816 7499
34743 7005
9095 13387
31917 15617
11215 11737
22406 15775
1716 4413
26482 10970
29600 1359
4217 12151
6781 7005
34874 3117
14990 1750
4929 11921
22098 12809
17836 10954
33750 3492
6901 8426
27566 4202
29932 9910
29182 13592
21451 11054
25273 7630
20392 13073
20941 2936
2228 13610
22306 15813
22729 6450
23854 8650
532 5315
3681 5653
8110 8903
20019 2642
30780 11942
11488 7786
32659 591
32165 12561
23529 15685
14137 9544
256 1815
1934 15835
5252 3298
25308 4308
19393 7829
16310 13696
5939 151
20653 3352
3318 501
2421 11773
28955 10271
29504 14493
15388 4730
13476 6978
28994 13301
778 11007
25437 8767
9207 15362
14816 12325
26128 3725
5705 12431
15443 1939
5322 3637
12152 7068
21217 12521
13341 6271
17349 2050
26439 8587
27298 14371
2650 2151
23123 3449
34468 16181
24241 14469
15797 4603
17614 10390
29435 5825
27477 12133
13086 6811
24586 9457
18404 6176
5536 12084
27893 6180
152 12294
27510 9210
27703 2596
3378 5056
26870 2793
19795 1747
17453 16225
17390 11700
21531 12608
33704 14261
456 10821
10963 9948
26386 12578
4162 14625
546 6260
9 9993
31158 6367
27794 15298
7861 13994
1369 7276
17744 11428
21817 11800
15394 11529
17234 12979
33593 11221
34650 13351
22039 10576
23984 4326
13024 3919
17439 5501
14443 7511
13584 12352
33700 322
3861 8780
4815 4029
15651 14749
9926 12591
22235 11702
22024 5614
16792 4302
26453 842
32669 11757
31343 1081
18294 16227
33870 15258
26435 6214
10527 13000
19597 6282
17102 3381
8705 12921
14453 12381
15180 11939
31283 13891
17092 13115
23594 9512
13685 3012
11780 10137
16852 2590
1891 4334
5894 9614
31814 3512
2047 5039
22212 3612
3706 8810
4539 9123
23004 9070
18571 967
20162 2475
12370 2287
20597 9270
7539 10092
25347 2878
1395 9486
5359 6465
5001 14733
19869 8488
28683 15108
1061 4547
22693 4767
17266 4116
23879 5913
19389 4934
3420 4714
25414 8009
17436 13026
28685 15478
7969 9701
22749 13470
10877 3006
27162 10815
13694 8018
15146 1570
24049 425
10100 2608
17127 9936
31474 4716
26476 2874
29703 14193
1067 12533
27056 5931
30722 14399
27921 3744
31257 761
33204 4059
22446 8092
31804 6803
29938 6447
10087 5969
13319 10426
31263 5252
22991 6232
10270 12004
8409 1220
28453 13497
20612 9588
34293 11133
26586 7
29291 13468
22152 11532
3717 9536
11070 1907
19641 6025
16353 5739
34244 15936
16678 11918
19785 1834
34663 4145
33380 8152
31888 10976
32791 5157
28203 12129
23969 6557
30414 15704
10848 11904
30169 4299
27901 3046
27298 13813
21185 8955
22413 10348
17171 513
12759 8055
32778 9121
11261 14411
27419 5206
27381 6649
26396 16138
31707 12338
22012 13636
18449 5796
16773 5772
15232 12495
5865 2360
13479 12680
7287 7799
27173 1347
30616 9849
25177 10008
17130 10801
17100 1963
7532 8447
27968 2739
26977 10614
31742 12667
18036 10730
1230 10229
22698 3774
29574 7735
14051 4867
34992 6130
3845 1852
19784 13915
26915 10335
28941 10493
633 608
29811 13626
30038 11324
16032 12698
32091 4134
29210 1029
34488 10557
20909 9179
5306 5067
30914 11207
28376 9534
17407 15013
22562 4113
27654 2344
30317 6999
7394 5395
25923 5322
24938 8669
683 9940
4923 13037
853 11627
3912 8336
25333 9921
34918 10998
27852 5139
24847 8480
32097 2118
29512 2353
29486 1067
17423 10707
17977 3293
25779 8363
30664 12234
19956 1064
4954 4748
22949 4691
6082 14194
17964 12502
1146 9257
28751 2976
10186 944
18211 14748
25632 12369
31354 4195
11917 716
4997 1880
21562 6862
16939 5289
34680 13005
32126 12517
32570 6193
13039 2559
4522 12506
32699 15805
10043 5419
61 6385
2340 1885
11898 15018
10209 6793
14108 13304
13480 7434
14877 6693
31713 16248
24156 11687
8292 11753
4672 5247
8017 11991
18008 11147
23248 11714
19324 7189
14774 9363
16277 8377
22454 4202
20514 980
18926 13996
426 7473
26554 1213
32068 9527
13221 13483
31164 66
5628 10479
4889 10918
4760 3614
20298 10907
6332 4738
5718 4004
25815 14094
6824 3839
17326 13016
34396 5494
3953 4706
4228 999
179 420
24336 3328
5141 15030
31571 9573
27323 1405
4738 7424
27156 3851
10989 11476
32305 3800
24069 9723
27063 8500
16469 807
24949 728
2663 2744
24918 15017
4596 5923
20425 6400
5619 2195
3729 3574
6777 6843
16295 16167
17664 8763
10776 15072
24128 16179
17876 730
858 3493
8941 317
5355 11512
18379 10712
13616 3128
19276 14655
24855 1722
2892 10820
32328 13996
15260 12987
3468 14941
2893 8341
28201 13688
23024 8152
32780 718
30509 8546
21065 4838
13053 1613
24140 13539
30007 11060
12010 9477
17893 15480
196 10988
29595 7552
2994 13460
19924 11828
33214 1669
27633 6977
22171 2433
14424 8701
27132 9269
24964 3296
5036 13233
11759 8185
3932 3262
32162 14540
20108 15685
3682 3532
29186 13679
2978 5094
12402 3996
15135 12314
32578 15684
20417 13505
7947 15856
29138 14840
16910 13891
28039 9308
9748 11267
13158 10501
30304 10155
9640 15248
4546 15140
10255 16140
21621 8880
22154 6787
20283 11898
824 9676
12204 4464
32119 8777
22251 12915
11940 4101
22495 2692
22999 8657
4283 3450
20537 15205
9684 13690
1156 9559
28762 1170
34133 2904
24454 16007
25753 934
34794 15170
34262 4300
28490 2514
16901 3842
23621 2625
18335 13957
5670 14050
5646 638
434 10208
28542 6227
32586 12551
26473 6326
1181 15632
33376 10838
12997 10032
5409 9828
25246 15699
31392 3467
18118 16172
2778 13863
8913 14625
26316 711
10855 12718
27010 2179
21444 44
34309 11030
23414 2461
24700 7296
27662 2739
1043 15236
17741 8240
3498 14070
29053 2738
18954 784
11693 7767
12937 9479
19583 9792
23913 15641
27151 14487
7321 14358
23860 10256
27564 2662
29557 12925
25543 13743
14027 8159
9341 5653
20901 10223
10473 9506
6820 201
16732 12013
26343 5066
34259 5436
10067 6704
9935 6558
18049 3638
18901 3171
13050 15900
20275 7686
30643 12666
29362 2682
18312 1237
31028 10811
5941 6264
27010 4563
2757 13909
18266 10950
23523 15360
845 1201
22614 7137
7005 7574
23679 1687
22164 2893
31496 8714
18030 4397
486 12232
15551 9999
11600 12211
12358 7428
1226 12212
32387 12300
376 3408
7961 10166
12116 3188
10811 2568
30193 10561
164 4108
10242 10501
2245 2330
16345 13499
29749 9816
22376 14544
151 4096
1898 5358
2026 9168
11827 3007
34621 3034
28087 10623
31610 1819
19272 5850
34507 13525
31051 7699
6998 2856
33565 14081
18773 3975
18653 6196
9420 8519
21879 11677
21141 11263
8892 7603
23863 1990
24139 10544
820 2174
10016 297
4268 4459
20333 3593
30145 11867
3710 2806
17832 9032
13311 11154
20966 4739
32066 13069
890 9746
16991 13734
29807 15855
12580 9851
1143 14094
8941 2208
22091 14744
11730 10455
29366 4100
12692 6215
24808 3462
9445 3227
27266 13155
19190 2490
2151 1787
22318 10801
1224 6252
13981 8072
28247 1633
29203 7635
765 10927
13742 11979
30596 11998
6026 4094
21293 11263
23653 15664
30364 2812
33036 11844
32538 5614
25187 4771
2760 9837
29075 13241
2984 8373
9959 5642
9081 3818
8799 4824
5506 2539
28051 889
24505 14285
31036 184
27735 14980
21220 13550
26204 8315
14150 10685
14943 7140
4349 14042
22355 11445
29445 7063
20238 13396
30374 5103
507 1101
17696 5251
23427 12673
3761 10136
34495 1937
25158 15445
7039 8698
2119 14233
1117 1555
32952 12075
11594 2455
5798 1249
35055 11374
33025 4343
24330 8799
33924 11709
605 13591
33577 12076
4561 11700
4928 9793
29745 2677
34603 16074
23489 793
8009 8822
17577 1886
2364 3193
34654 11203
16140 897
18893 15177
9481 3191
24733 8828
19849 4713
11267 10715
12908 6921
9445 3580
14362 13352
15492 8436
21980 2305
32676 3546
2847 10561
25109 14367
10983 6670
10816 9718
3266 13217
25639 4350
31678 2752
22883 14342
28010 14071
5854 3491
1419 14492
8552 2364
11511 11190
29167 3159
6870 12855
30185 15429
506 7895
15896 8130
13095 7920
27734 6477
17933 1891
12595 7001
16944 10182
20006 1999
8245 3544
15223 13020
26599 13518
27926 1880
13186 4499
5331 10264
25511 9931
8853 14805
19505 14876
28409 14491
28364 6567
10400 12265
34519 13851
31188 8332
28735 6143
1697 12086
24869 10907
29196 6342
14061 1302
7872 8579
27515 14404
23759 13644
7943 3640
10572 14588
6046 10651
15659 598
34033 11398
31460 10479
9680 3412
33698 10821
21729 4950
28623 10808
8341 15769
12679 1171
31356 4100
13430 863
2130 3487
23889 12607
32879 14153
5137 2939
28083 15419
20272 5312
29300 14077
13024 3726
23610 13900
6541 10023
2508 8991
6249 985
28302 1164
27128 11935
13954 12161
18191 10915
34262 14605
30294 118
21852 1659
25609 114
13464 15499
25695 2540
4409 601
28672 16267
11620 9613
30219 13899
23837 4192
2240 13454
4957 4355
11547 7891
30524 11966
1607 4280
3890 8461
7242 4877
3600 7143
16905 7808
34565 11323
20730 12083
4084 7012
2282 3327
10917 7480
14672 2682
9149 7458
13381 5480
31767 9480
29554 12367
23636 2476
25312 14400
4444 628
11294 2006
23792 4645
16616 6951
20643 16013
33474 10848
3409 3986
19904 4371
27577 14286
29421 15992
8632 428
15208 10529
753 1284
13876 10012
28655 1062
14920 10378
9433 10197
9681 12577
17587 10140
13964 11154
17689 9047
1174 15886
29207 7194
33799 8120
30387 14906
8931 545
12318 3973
27179 11183
33827 1368
8721 14205
21533 14327
23016 3081
32231 15302
18960 10958
19322 15229
12018 8517
22700 4508
703 9249
21369 9455
6657 11048
18489 4613
6712 5869
8635 5862
9015 8448
34316 1966
33319 1729
11035 13559
18208 14842
21006 396
24942 6977
24155 8217
27653 5337
29800 10158
32348 13601
34824 8919
7396 9235
26692 1013
14521 13469
13564 5630
5217 11622
7586 9023
32875 7120
4867 2175
10834 10576
27339 4946
24290 71
24803 15544
18060 14199
8683 8325
33862 697
33932 11806
17226 5100
16128 7403
23091 5953
17936 9316
3055 4529
17174 11159
3713 15382
11432 12653
23879 3248
6043 4218
9195 12038
20994 11107
2905 709
28087 10020
21627 15571
11506 8600
22557 12628
26594 11729
21834 8795
30951 10584
32326 2312
6608 9454
34013 178
18808 1936
19000 3078
21230 11391
19959 7509
24282 6440
19064 14345
34956 2478
27441 15816
30161 5591
12430 71
4406 12311
33499 1517
3231 9397
31649 14878
24032 4069
32049 15188
19284 10915
703 10263
13889 11673
9133 11523
17381 9645
22447 4974
5737 9476
14128 7979
6235 1103
9167 6301
29178 518
20621 13783
25528 15965
8554 13638
34850 1341
28309 1801
1312 8388
4731 16170
10535 7134
22734 5144
8903 13731
2038 9304
32162 660
8085 15317
9148 8198
25812 5281
4237 8039
34751 11619
5404 1539
22050 4088
10054 15821
1846 13099
17749 2940
7714 7052
27646 3577
23268 15011
14732 16052
30799 9481
29144 12217
3239 14372
28807 15095
7235 841
26926 8443
34504 3573
31603 14386
7849 11151
19015 9288
25202 13348
15972 9705
33787 1482
11181 13247
23008 9548
20039 2988
17167 2672
26467 1338
10252 11195
23755 1749
20083 7100
28433 4225
34100 9702
26789 4130
17963 3800
3553 15972
3100 6247
32983 3451
4591 11181
4279 12110
33963 4234
9595 11415
14207 12702
29147 813
25812 921
34715 3682
6258 71
6460 5833
13498 293
15440 10647
11302 6708
768 6295
26243 14763
19592 8412
2476 10763
23357 3906
30529 10287
18792 8905
7627 10580
32453 5341
1766 11018
31969 16143
1114 14242
32711 4475
23099 15991
12175 11933
6281 2992
23111 8945
8060 5887
32941 13955
18201 4819
25479 6262
10864 1253
3066 14758
25251 6779
34860 14472
21031 9541
12168 8645
8671 2027
22934 1753
16409 12287
29134 11924
8037 3980
23728 9609
26369 4274
17676 11101
32200 4875
26545 4979
32744 4448
16656 1854
4378 11869
16712 11410
21762 9120
28307 619
3805 6070
9999 2522
31976 2524
35101 10942
10324 9027
12703 1972
25969 2342
28781 3743
6719 10037
23878 13272
15527 5120
29032 9163
11712 13080
16635 704
9148 10525
12688 5564
22178 3013
29921 1309
9004 1699
7200 10559
15948 7659
16251 8383
28928 4250
11640 2642
14204 4871
26826 5973
30468 6741
25059 5906
2970 5121
33682 9901
30424 2156
34164 8624
10498 6403
18833 8421
25916 13304
31269 11819
6365 11092
28185 7273
31788 540
24473 7703
31553 8945
30836 11663
32730 15512
31654 16166
23330 1453
21146 10016
16291 7650
22237 15187
10996 3666
344 6140
14744 13679
16404 16119
5873 15924
20776 8820
14411 5366
1689 13797
15567 8011
32116 31
23 9775
4731 1463
14653 13595
14999 15255
5507 9651
8765 3376
5480 12287
26012 12422
20361 9458
19108 15437
29424 14986
29111 15936
29159 8826
12301 10711
1852 13510
7739 13149
20772 3723
34505 777
1341 4104
13066 14779
32554 1749
34899 6255
15999 15636
24511 12594
30095 9254
10563 5825
7648 9797
30233 3844
34976 742
19710 2362
17446 5440
1895 736
25192 9783
4899 16276
3874 6299
24192 11710
20868 3290
13784 2606
21823 14954
13122 15715
17301 2566
33626 8565
16041 16110
29304 12692
17411 2906
25937 3557
30767 5362
13975 6352
666 11914
15330 3197
20949 9331
17466 9109
18693 6257
30295 1270
3222 4340
17779 3774
8942 15401
29891 12113
24545 13007
13058 9477
17388 1349
1668 412
5529 844
32599 4179
15503 550
3995 3914
7873 4336
4957 12322
3792 6837
12634 10441
16656 419
20319 2914
11160 6610
29578 7963
8791 2132
25022 3600
16886 15044
18652 8719
10568 11693
22012 450
28488 1354
12836 11822
26651 14561
15538 15452
31180 9714
25627 2050
12330 10845
27025 15015
16800 15564
25946 4196
31879 15030
24249 14149
1822 15320
17605 3926
14330 8108
16017 8451
23441 8771
24473 818
26622 10435
21198 8322
23175 4004
22853 242
13515 13129
11640 8502
15248 885
20528 11300
14010 2010
22915 10146
12822 10820
9546 6301
14505 15150
9205 5293
14557 15106
15221 13526
16812 5021
14425 13755
32906 2855
18873 2797
32127 3978
31356 37
11098 14179
6852 7331
32948 4128
1173 5016
2425 3586
14136 5282
9044 2444
28911 9696
2832 9747
8871 2488
23331 6518
5222 1270
24774 10725
28670 3061
3432 9926
25380 9885
7307 12056
5995 15951
7083 9861
28465 14813
6291 1671
11821 3143
32388 6248
29439 8390
24507 13331
9094 11124
14204 14471
9 11766
8371 8701
5603 7147
8058 2966
23352 5269
10852 15856
20689 11977
27800 10610
4017 11088
1610 16224
1672 1290
23824 6673
2959 1867
27163 3304
292 2216
6264 10734
10812 8135
6254 4343
19311 2635
10702 6852
23682 12130
35047 8734
17606 1011
14412 3601
30503 6504
24788 5820
22792 2419
9893 11478
26853 6262
2263 6174
5118 6560
176 3218
11685 15217
23496 2928
8156 7019
14930 1026
25227 13557
26575 11168
963 8012
8170 2036
28156 8750
33176 5047
8374 703
4599 15575
21943 12925
32402 11656
70 10783
31235 5295
1123 3162
26506 1812
11485 5044
16837 3622
17300 5868
19962 306
26134 13665
18240 671
2041 12850
34774 12462
33237 9734
2988 7606
20639 6800
4029 333
9602 8306
5926 399
27438 15379
16741 9783
33837 5959
243 7206
10659 5748
24742 1267
9691 14902
158 549
18746 8466
5485 11657
11227 13079
28965 4888
12798 4100
27220 3800
27773 13580
6098 9117
3628 5493
15372 5691
29361 13863
19643 8238
15401 9639
8864 6848
10305 15270
3641 12913
30253 6247
30050 9720
19369 4238
4724 11447
24455 9575
24154 6293
29609 573
5243 8721
21898 2980
14206 768
33774 6119
9225 7194
24227 10119
8162 4459
1205 2294
12122 13422
10856 15400
19230 10480
25544 3154
22934 11861
31758 2987
32952 8724
33814 10692
14203 3854
22672 9919
4210 596
34109 4978
4216 14590
4302 12602
11629 8007
29223 6691
19469 7869
15970 4823
15492 8553
8146 10936
30388 9331
1424 9742
14480 626
33568 3508
7358 8785
7888 760
15789 9925
30593 9396
18988 6056
13309 11548
968 10624
32848 7546
30641 4513
34844 2069
3354 723
25623 3792
33716 5412
22438 2187
24712 4458
29175 12044
3930 12604
11016 293
14061 7028
24681 11665
5884 12418
20063 14032
24152 2926
8139 1
24602 10251
29009 4362
18495 229
25700 5440
23016 7967
12853 9459
24285 15976
17834 805
33109 3698
10820 475
29160 13947
1354 7533
12689 9869
19792 5290
6466 10575
8255 14722
17900 10378
21791 14290
34622 13976
3566 5324
15998 11530
24439 12850
9980 13048
30850 9984
7456 3035
11529 3544
15417 671
19758 832
29648 8249
24857 14937
26560 9778
1508 11994
29496 14265
21637 3380
310 15592
25509 10263
22456 11507
31918 1133
23764 6189
18195 11056
10323 3142
2198 15887
24898 11291
28817 15626
6641 8805
12751 1794
19716 7219
648 5723
16088 13622
25367 10733
8128 1030
6497 6513
21355 16136
16126 5640
31414 7510
20834 2339
11499 12790
28492 3307
18293 64
17917 12673
19272 276
10429 2178
28546 12366
26922 12342
2744 10125
21070 14476
3707 15961
26448 1062
33611 16231
29085 13889
30328 16199
20216 3
13330 11422
18472 1015
27712 5656
34452 13312
7990 9117
19000 5399
11770 13112
20500 8557
28607 14090
733 5767
13719 8090
17918 5101
16588 13950
11387 8929
15480 12076
34830 14541
33724 329
6736 4580
26421 5663
13656 15053
34112 7676
22350 2153
22764 13881
14221 11737
1080 1500
29398 5723
3202 4418
16458 14840
4223 16046
14146 4771
27168 8456
16474 8413
21161 3937
17126 4373
23487 8280
27746 12667
11739 3964
303 12414
31712 15296
18787 3299
31570 13089
16817 6331
14036 5211
9656 7685
26237 2578
6138 1561
8928 4853
14803 12322
33924 5904
8133 278
8342 12083
15408 3146
29843 1488
3986 13552
1362 5998
17748 8722
32327 8254
10854 3691
15376 10778
26826 4517
4792 14353
31706 3951
10388 2153
33849 1240
23995 11023
1271 11089
18874 10067
1288 8689
21206 6006
10168 11270
4069 6920
27312 1379
21033 5851
32405 14045
20007 12634
25575 14431
3225 1794
32156 6097
2744 15007
7149 10932
31429 5228
817 3474
4813 1904
23721 9540
19306 15975
7329 11921
5495 2713
1693 14825
25443 3057
3132 9747
28461 14553
8977 3265
28794 1374
24667 11017
17023 10755
28443 4986
16073 4612
25059 11983
14069 15375
2843 7949
28480 12157
6832 7049
3489 2236
31780 16191
2333 13915
33535 11215
16817 14914
24874 10990
29356 11088
15202 4737
32502 10317
25442 1074
21784 8928
34891 15707
10148 13977
28184 3385
10963 8339
7778 3140
7256 10136
12349 2806
28740 11259
17780 5075
29769 11801
2906 14876
23616 1171
4529 751
33020 10274
15406 8762
2104 1145
34171 9867
16767 12466
13215 4970
32504 7370
27221 6384
4419 3381
9807 11286
7151 795
18574 6890
32215 11273
18896 3767
7777 6113
14559 9212
5268 10960
23591 14443
17514 5689
11443 6510
14494 7778
16049 9176
23393 13085
6033 2209
7442 7058
12607 10898
19549 5776
4903 12333
10816 10693
20518 852
10905 6923
11871 14956
15422 12067
11309 8329
9070 5339
18621 10699
22612 6435
32261 11039
8048 7560
13207 15228
34003 7008
18410 9765
3181 4979
7819 14922
27056 13607
13412 882
1166 7202
29623 11448
17337 1068
20523 9843
10904 16255
18130 8035
28162 4926
22705 5638
6654 10685
1319 14819
22850 5702
19968 4617
11271 8281
15095 3361
18756 9927
14919 12429
8222 949
11704 5225
28008 1377
12438 9266
28819 4586
33956 310
14203 9690
20171 6779
28177 3435
17329 2181
29169 7506
14134 13813
14325 4130
32818 9618
5830 14804
33774 14535
7911 6268
22929 1227
24646 11359
7383 7259
3585 5752
3908 1248
31771 1679
19074 2598
14649 4501
34868 2702
17303 2278
30797 11925
19858 5931
30140 13781
11833 5713
6335 9601
12231 4307
34970 15415
9788 8364
27766 8344
13692 5662
18726 13785
17211 11799
15267 10140
23932 14389
34313 13527
223 8349
16080 2781
1548 5200
18948 13560
28960 13525
15336 11992
8355 11912
5057 2624
33325 12738
34852 4373
33478 11556
12465 8427
14115 1440
14172 5157
17683 16013
24015 11903
11492 11407
29103 6718
2263 1801
29872 2101
2633 11717
22152 9627
8636 11524
22598 14062
5956 11412
25792 5592
6314 8480
20022 13831
25186 9008
31858 15510
5459 3065
33136 15821
24366 11938
19771 15323
23034 5853
12174 9529
29085 13078
19757 15867
17461 4364
24426 8282
23489 2394
21535 4678
22031 9736
7640 6583
12145 518
5564 9587
21024 245
7412 4920
15300 6932
49 3072
7630 12832
3546 11367
12056 3693
18437 6647
23868 13612
29993 15852
24111 490
18515 3399
6868 624
25464 12454
9977 10603
27526 6153
21973 12215
24985 15605
8145 8881
33913 12101
17175 14628
30083 5347
31108 7533
22145 6881
28621 5224
30656 12527
32567 2939
8243 2773
34318 2928
11321 6849
8080 4521
15881 2535
16929 15891
29982 1139
28786 14317
28380 13758
5290 4138
940 9552
21514 14232
4729 10029
16218 4196
27723 8219
28103 7726
7985 7083
17551 11748
5783 15649
30387 14738
20404 2974
13088 9048
26682 9587
19145 11025
26204 5945
28187 15683
7221 10732
27388 1177
1191 11994
29428 9465
19718 16134
30356 15087
30210 6545
6140 2985
33571 10715
4612 796
20440 2510
22762 8736
16335 14689
24585 11948
9719 15126
23579 6930
8680 4574
3182 7214
25378 12374
9162 14759
34995 7210
8982 5241
17590 1392
18185 9058
22533 9106
33747 12982
7904 7368
28609 6161
11834 13621
20387 1590
12538 3648
29933 212
36 3302
21659 5545
15849 5943
17216 5224
11310 6642
20738 11057
12478 10220
17481 11929
14611 3333
32260 7635
25849 7749
5132 10012
10093 15924
32100 6333
20020 312
5643 13432
17076 4567
11144 8869
34343 9428
25905 4744
27724 3203
15423 4564
4404 12359
25918 12278
9547 3370
1881 3473
5862 15139
17082 16036
3858 9926
34367 11119
28667 3656
5602 7185
22286 8705
6179 9960
28302 13433
18037 8079
32446 532
21328 5298
14428 16257
6822 8981
3510 1208
9017 15015
5429 14321
28738 15946
33369 4646
17215 1524
10562 14590
24077 6157
17335 9533
24797 11488
25743 5635
7179 13701
32348 13526
30781 8743
11984 12131
21856 5323
15296 11253
27878 14739
2969 4176
9456 2537
6790 938
10873 6600
33900 15276
15295 123
11062 14304
23238 6143
20980 1626
6322 14519
19690 4444
9576 9691
28041 9431
16071 1008
20571 15819
2198 11435
7364 13661
4888 5306
10339 189
20173 2788
19160 15551
11600 52
5278 1831
32573 15874
9737 13794
18022 8122
7209 16217
6193 6023
25727 15908
6492 6233
9531 14370
4519 10465
31465 3900
10058 1394
27756 4887
4986 12209
890 12125
32258 9744
3540 12894
20524 13684
4834 1527
17190 13179
16374 12277
21282 2820
4991 12504
28050 5530
30469 12835
26174 5670
18107 417
27015 3683
6220 15578
14407 15613
1616 11357
30523 8286
6473 14193
34313 2477
21185 6248
19158 16008
12511 14569
23127 14505
26315 5311
23672 10217
6812 10447
23480 3029
30367 758
34230 2356
4604 139
2819 9083
1591 4266
1387 7478
25697 1606
26056 7872
5730 8398
17265 13611
666 7402
31339 4220
14151 542
5753 530
116 5536
20238 63
26254 1148
15483 4292
19134 6158
31717 4446
31012 12700
32608 10471
34765 4569
5356 9182
2586 10849
30224 2916
9630 7397
17166 10613
22805 2039
24106 6482
29987 5931
9262 10292
21058 13885
16045 10016
10493 14325
30375 13507
4283 1591
14866 2785
32236 13396
18948 5386
27241 4439
21828 3495
16594 10231
14615 6760
22894 14003
14786 20
28964 7892
24067 11137
4502 9307
20493 15681
28846 3037
23853 12143
19829 11342
14315 12053
31318 7960
15024 5712
23464 6577
24230 12020
351 5967
373 165
33949 11126
32565 6161
13035 9061
18721 8219
19129 4965
22556 12300
18741 12912
28978 15719
8164 11524
33829 5552
27277 3471
4873 12170
27913 5836
15128 54
3780 1630
8048 3096
8543 13410
6427 5018
12374 11094
21871 11931
12605 3592
8870 9050
32325 12248
16225 1148
33049 1764
29496 12404
14866 12282
28383 14559
956 10647
30893 9456
23078 9148
3925 5505
7945 3895
34727 13180
15608 14969
26831 14902
34628 3796
30908 10858
4385 342
10051 7135
32669 5542
17709 5849
10857 9877
16267 11701
5556 15341
7381 3158
4345 9487
21722 8093
13638 8309
14904 13815
16299 3999
11443 4859
20236 6533
27909 13814
10947 12642
20455 6849
28261 12351
13432 9388
3980 7071
13362 12557
34129 6255
26440 3847
32215 7141
24492 12840
8314 15325
160 1718
15773 8116
5403 5636
22929 117
7336 13657
17592 12560
9090 13299
31851 3285
32786 3069
24110 393
3075 11624
16238 7198
19446 7865
26515 11143
2530 12001
32901 6900
8048 4278
28024 6192
2617 9125
12631 15542
4205 6199
7728 13367
28004 8254
32048 7469
5487 550
11174 14933
20722 10389
476 7910
21433 9920
10146 14116
12938 11340
15650 653
21534 14501
16495 2533
4363 11400
645 7279
29012 12542
20584 15231
4201 13983
9558 7449
32719 3107
27364 8424
19146 10976
28294 7935
13072 3417
29999 1401
19531 8537
18937 11838
2763 5743
5224 4869
2090 4486
3659 15388
2180 2226
3963 7704
4758 2674
19019 1393
32431 7177
4941 6290
29190 12861
21878 7086
29699 11566
29065 6582
3386 10932
15814 107
28444 830
16688 2202
33493 7667
6371 14734
12022 6325
883 13593
32987 2955
20596 11573
7190 4023
28503 4086
13638 6198
16862 5075
1106 10806
18608 4618
19501 4979
19048 8022
15652 10012
7717 13584
21472 13525
6294 14203
7092 14651
10668 8884
17057 4577
21682 7866
13907 8963
4729 10148
582 13126
11219 3967
25048 12692
24651 12655
27019 11848
21413 9810
5617 11256
12981 10572
30192 7313
27509 7858
34548 11474
27885 7624
3697 11813
34976 6298
26273 1700
30029 3869
16430 3126
33181 14391
32524 11256
5284 158
8347 8428
20790 10589
9366 793
1505 9967
4562 12018
7979 8131
13872 13963
15392 5272
21389 5171
34560 7726
20502 10384
24819 6644
19860 9873
27615 10868
18355 6466
24993 8407
11898 9315
2933 11757
27184 12382
594 5029
28993 10096
14191 16152
25414 3593
21227 10251
34684 14730
24757 8754
31666 5610
9367 2344
18535 13672
13304 15183
9647 3545
5024 380
22067 15801
2342 10016
1269 6588
31601 9314
14846 871
31635 9515
12518 10220
25916 6136
26284 1909
8770 12337
80 11654
33911 7367
24936 7360
642 3330
34782 8827
20816 10529
3382 2695
6919 4584
23482 6971
22619 2635
21902 15189
12645 13970
2641 13295
20738 7183
24884 10242
15981 4399
33139 7270
17203 14319
34437 6673
9987 11554
25438 15429
30211 4316
27672 374
11668 16036
5969 6195
8382 7258
16508 3259
20191 743
9891 11426
29054 7893
14818 5719
5968 7265
34371 3694
6258 3583
19474 3776
999 7914
12463 2752
13762 1859
13033 9385
30197 14008
13253 2188
21859 4050
31157 292
33177 2302
27028 12161
29691 1785
22191 5589
27945 7078
10553 8822
11579 9066
10 9827
12134 13047
18250 15103
24963 12892
30271 386
4119 14741
20864 14230
2147 6607
27924 10542
35069 4364
13489 5606
9399 3660
30279 10220
9305 12968
111 7031
26040 4174
7557 12386
14376 16146
19957 11657
12799 5616
13634 9907
19339 7399
28223 4753
5766 15927
20004 11364
21324 3593
10085 4833
26897 3297
1218 8303
5251 8473
9606 8098
32916 9201
17618 4495
15399 14493
1863 5220
9289 5099
10312 3611
7501 13608
22287 16090
3550 11148
28839 2232
17646 2080
10686 14881
19308 2630
2743 9224
4822 16201
9215 7692
269 7923
10127 4884
13177 11633
22496 6025
25795 946
15030 6840
32308 9902
2322 14105
6055 2398
21707 10721
20161 7822
30326 15224
13868 3107
22666 9782
2636 14517
10904 13421
26849 12954
5654 11754
32809 15524
32824 8250
11754 1131
31231 13807
18491 11290
3320 10410
1269 13571
16751 10607
26359 7637
22330 12128
25294 3929
22814 13903
11906 15995
1032 12938
17104 2794
9143 3944
23065 14254
12824 11274
31711 11361
29880 9850
19199 4292
25717 13182
11548 849
5086 7271
6248 6948
5628 15619
5341 742
8099 1174
4322 15936
16123 2311
7919 11581
166 6855
22001 3333
8132 7697
413 16139
16605 9893
11401 5474
21265 4327
18605 7051
23396 490
10936 13075
8251 9535
21577 12476
14298 7176
27745 115
10723 8068
31754 15297
14271 3328
6003 12630
56 11207
23494 7187
29935 13732
28287 12493
2192 7315
34932 15183
27677 11181
27330 764
11581 9311
27065 406
19961 10694
31540 14917
14839 15901
10884 1865
7906 13173
21745 1121
34728 3607
32411 15469
9734 14632
34426 7840
14744 4844
34063 716
21118 4100
20574 13519
12699 3415
10014 9955
32520 7569
15012 10693
12085 8678
16763 1237
26961 9299
5186 325
29310 1749
32109 5050
18263 3861
17987 9457
35073 2858
30646 3008
19688 4885
14358 16057
18412 11781
7108 9833
31018 2412
31988 2937
30888 4578
25426 2558
17715 5514
19550 7048
30408 2126
10676 6894
7403 12234
16683 12678
14154 12954
22192 2977
7249 3085
2263 108
31724 14627
9235 2097
19890 3691
7249 3911
2175 15705
6346 10341
4289 14988
11296 396
11612 13681
7211 9442
7079 8438
15347 14833
9606 15574
4923 486
9342 4542
19786 7041
17797 8150
15192 2048
30853 3683
17403 9796
29975 3895
1874 3964
1433 11160
21535 11436
5348 7706
12469 9474
29957 14731
11157 15824
25023 14165
20557 1275
12089 13072
11191 6041
32539 11931
11512 615
30047 862
1093 9769
15844 9475
14628 5340
5553 9129
31748 9474
3381 11150
11655 2933
25540 7658
7845 6013
27895 14149
27247 9410
33984 10557
14434 10923
22899 15674
32559 7304
29213 9967
9111 11000
15210 1841
24760 15209
28935 5991
7930 13364
12040 12307
21848 10246
19043 15275
3667 15681
20726 8246
9136 14478
27675 6401
15932 11912
6824 1032
24400 3941
22445 12214
6908 393
32498 11931
6642 14189
7670 7969
15288 5744
31463 2253
28658 7832
14643 12630
8909 10476
15281 11169
28861 13989
1328 12324
17932 4978
30063 1937
31417 11714
19173 2661
1363 7290
14129 12915
23651 5486
20589 3971
23005 9936
1023 1948
25339 1706
31459 13914
27471 6870
25857 588
21177 7334
32903 5490
9716 6409
571 7580
26277 9025
27363 13512
24136 13443
9691 10701
20850 1826
3730 6931
8408 5648
4738 1715
27436 7464
33471 4686
13544 7114
17112 10559
27786 4887
17367 9621
23060 14711
12115 2686
4556 2239
30447 15994
29225 14975
11068 712
31173 2276
12126 4555
11072 8200
5743 7535
14732 15074
930 11466
15529 4605
15250 13610
7683 11515
32278 15202
11451 8190
10219 8080
31029 13546
34439 12667
24852 11408
11820 6833
16875 10372
28382 810
24061 4895
31237 9784
33694 5699
27026 14219
16963 9016
15456 4085
3187 13185
22591 1739
6387 2270
136 11680
33376 10702
31772 8192
31311 5665
6001 11605
26736 1270
15962 2102
10347 9899
13638 11490
32970 9306
1525 8691
8307 9653
17986 10591
11689 15536
31483 5644
13555 7638
13092 5190
29346 5674
17253 12071
25832 13961
33798 1207
28597 9957
9808 15972
11488 7052
6577 2796
18248 1634
14763 9637
15004 10566
19884 13836
22015 2644
30714 3543
15554 9245
14382 6720
18604 3052
30870 14258
15984 8557
23140 13114
9848 13269
19108 6683
13707 9700
6094 7933
32881 2152
34066 8982
20840 2923
20796 7986
12684 5993
20204 3603
15582 13915
33293 6499
29883 4032
17060 14180
2181 8949
1961 14906
7163 5157
18183 12617
17271 7028
199 4850
13172 3732
18475 152
17436 14986
34938 14262
28693 5367
26208 2874
33866 10591
26404 2005
21152 487
21237 5188
1792 14670
4425 12255
24037 11852
9307 5920
11861 14223
4759 1062
33267 4955
4264 11252
4235 718
33390 2627
23116 15168
19424 9156
24311 7787
8022 14791
8487 13132
8988 4204
31985 15310
5026 15591
26461 4591
13815 5018
14150 12443
25673 15152
10520 10228
20347 481
33587 1000
19884 8465
29695 7902
18429 15442
27539 6461
19525 11822
19939 10036
34877 7044
18338 8873
970 11040
29341 6872
17300 7054
3296 15462
28902 13595
33985 12374
25584 13816
8088 6583
19381 15491
31453 6183
22270 10815
27310 7621
7827 9705
9776 11439
23975 5647
12340 11809
5476 3021
20716 890
16979 5773
20663 7943
7277 9309
28690 9960
19087 6544
28615 377
31677 4288
14987 2599
22048 2750
16924 14695
8105 865
30558 9799
15561 6929
28895 6649
16782 13920
1441 8533
6338 7299
16998 14192
20673 452
20221 14111
2283 762
2738 6840
575 6203
12468 8902
29202 762
31811 544
29609 7166
33712 775
13695 5733
26277 14857
24152 11124
21201 8782
34856 265
22801 5579
4898 11375
34901 14366
14283 4528
8598 15068
33947 2670
25226 11278
13141 4725
23933 15869
2898 13349
27199 10211
26280 8205
19181 61
17311 9297
23228 4676
22538 9005
11883 1774
22102 9765
33993 11841
12768 12300
14854 1817
5351 13902
28970 12600
30996 11668
11946 9760
1547 15907
12167 9545
3584 3605
539 6226
23381 12892
25706 318
1873 3449
29352 5133
28279 3301
16725 9368
20441 12133
13964 2271
21527 3804
30262 15282
33807 6194
27202 13764
25851 11714
1073 15962
4183 5054
27114 10228
6002 11630
6770 9641
16002 14164
34531 94
15279 12286
12002 1133
20413 3900
3149 11622
6201 13432
34842 14382
32992 5324
14349 13854
32836 2384
5260 13319
30280 378
4255 11437
8537 3118
19391 4991
19257 12772
11704 7217
34488 5498
8707 13220
16556 8084
23006 16201
29974 15614
10139 1785
16253 12146
7883 16123
5036 4306
23871 4856
19129 479
20016 11812
31719 122
16988 405
23822 14350
16469 4422
14860 11636
25178 11200
1100 15514
19387 15091
17814 6452
30146 9478
9069 9870
9335 3743
15546 9757
29445 1896
3686 6280
5537 5484
10588 7904
14166 15525
3841 9182
16108 303
1325 3543
10844 13627
14529 15465
26359 15089
6509 231
30202 3767
14562 10232
9374 14685
22111 15361
24209 69
21358 15705
2029 8553
28417 4739
9825 7640
7767 16276
14213 13234
21393 14911
15416 7302
15252 4583
20931 10356
12044 12873
15823 15952
4954 9561
29008 5914
5430 1520
12337 16078
12938 9483
11563 8264
27917 6752
1800 10740
26916 5919
2545 616
15448 4001
3835 1678
4264 8350
8276 4453
14311 8829
22251 12294
4992 13493
1779 1315
33406 3980
19584 10435
4664 10944
32710 10794
1555 7599
28565 9976
21429 9943
22880 11827
4442 6256
11041 15099
21686 3133
19334 4742
17422 9884
30199 981
249 12034
23830 12557
7599 14574
5600 15811
6513 10747
16865 5194
21415 15536
5202 145
10358 14826
24340 5790
20151 9846
24953 5994
17486 4937
18966 14149
12456 4351
18752 4529
1905 4329
34953 201
16769 15102
28381 6552
31412 12584
32535 961
521 521
14700 3971
28206 8329
7440 6652
29321 7141
3687 9583
22047 7589
32447 13746
7207 611
9979 1433
25054 10427
14003 10200
16349 12745
3683 11309
476 9918
8038 7142
26320 9065
20756 8383
8700 11723
1722 12991
736 9927
21829 2265
4613 3921
4023 7759
12569 15320
20743 3751
28023 5876
8467 7376
9280 12555
18382 11614
21888 12689
523 1814
28329 11014
112 2776
29246 3351
30711 11539
6225 4889
1001 3287
24770 4082
13996 8197
13865 11871
5023 8375
3435 15552
26426 8053
25232 2321
2216 11106
17127 5477
33463 13150
32637 1606
1852 12612
5867 9387
34427 14351
2650 11878
28237 7937
27361 2370
4084 4196
30367 5961
30497 6481
17119 7242
29258 9190
21975 12324
24846 7492
31374 6543
20697 13410
17030 10567
13475 2121
26285 9870
6393 7707
23912 8343
6551 8150
7482 16171
2466 1200
30998 798
14218 10008
25660 503
13447 1857
16720 3845
31243 4725
31186 8955
17915 9282
24475 6207
18216 14452
3324 14905
17418 5031
1467 13845
14890 5592
33007 13399
7676 3306
8487 5017
21750 6100
11304 9380
26086 810
28261 13356
10040 8846
12368 11395
33649 5114
22484 2321
6884 13494
27748 3487
2673 12916
24875 6649
1048 10290
19435 15861
11802 9598
11074 10091
19631 7056
22978 10383
5484 13997
25696 13387
7990 15579
8977 14767
25265 1707
19439 1699
5347 6558
9627 9814
28727 4222
13080 7283
32972 7292
19807 11960
27526 4779
16745 11983
24690 13145
34262 9842
29173 6807
27769 4997
32722 4935
4018 14982
7613 8189
26090 1822
32128 16095
2591 1051
26884 9599
26192 346
26483 11763
18644 15521
25917 14574
8474 5711
31362 11335
26162 3900
15597 10214
4061 6717
243 4413
15663 9318
13940 3184
26275 13868
22540 8111
29211 8861
35054 13385
5883 12795
5331 6262
2771 4186
7204 12711
31046 10784
16412 12440
19632 11244
3189 11359
20086 3614
10076 15580
29190 13043
15564 9107
25361 9176
11071 14465
1510 13191
32439 5899
17212 8536
10178 15293
16061 2177
31221 5822
15265 1146
14483 2657
3654 11269
24589 11069
1334 2628
883 12744
5111 2358
22627 9931
6853 14221
5053 10413
20211 12975
30246 6081
3753 15905
15417 16158
24607 9442
32602 8098
17784 1875
34108 2486
30043 10728
17622 14558
33787 173
23615 3122
14778 11298
25237 2134
10049 4432
3145 10907
9503 14137
232 15978
15185 11474
33385 5739
17427 11692
28040 5092
22257 2992
11066 15095
1937 1277
31396 16094
3127 9025
15379 5156
420 659
16430 8306
11104 6440
34055 15960
9258 5886
18440 8114
27280 14247
19777 11139
24134 614
2329 1086
15769 735
11329 2492
9576 13503
3292 12786
27138 12724
26427 2787
11215 6508
34913 12369
18445 14022
31931 5052
28740 4273
2299 5346
17356 11947
23922 8744
14154 12261
19999 6310
2094 14652
19449 12622
16073 1547
14455 9870
13438 14327
34950 11577
3233 11679
6110 2370
12779 8883
22682 12263
13023 14418
24711 9059
16331 14431
1287 5224
9450 13012
16442 3792
12902 11583
15810 13428
24003 15227
24664 5232
2861 1085
27295 4993
8753 16025
30347 10524
34976 6518
24257 15109
33533 9278
10527 952
2044 15519
30179 10796
16223 2393
14557 6347
3307 217
33390 12988
20242 11654
3471 1215
30413 5790
28096 6703
10836 13442
32014 15292
19462 12310
2799 15068
846 13676
11159 560
25656 8830
7529 11274
24200 8539
10245 13655
28915 5610
19337 9422
5431 16053
29356 9766
27680 4388
10239 9456
20146 5963
29156 5699
29270 7333
15640 10599
9831 4251
15571 8377
27980 8982
8378 6886
16467 514
20260 3392
28677 5029
10469 10149
565 16017
7376 7364
32320 13187
15263 10353
6682 11224
23198 2959
33826 1835
4046 11331
24811 15454
24088 15757
12675 4813
19473 11654
11902 14441
34956 13365
30887 6743
148 12809
10734 1026
13827 8124
2155 16050
30297 1781
13152 3122
28775 15754
12825 269
14422 12600
10799 15387
19065 5939
1913 5530
32324 11506
5953 683
18771 856
10104 5034
5539 806
7470 13911
26002 7645
25456 73
8551 12542
34049 9346
27474 11804
165 803
3498 8433
19320 11162
2800 15993
11576 6034
972 8761
14014 13272
9942 14947
24571 6800
23824 16026
32761 4182
12953 11271
34172 14683
33716 7900
15819 6009
33597 10188
13429 12907
20542 16048
22662 6317
33390 11036
32236 2448
179 2924
5879 2561
17871 4245
25550 4068
24768 5964
11826 1071
953 7088
6391 2150
13130 5683
3877 7676
18272 12083
6570 16129
13429 10949
21186 9319
8635 4473
10061 5798
8227 4696
21695 13630
11349 15365
5016 4867
8736 731
30555 4653
16145 15687
18541 8036
20693 13371
10857 10122
20799 7119
20742 2853
18018 592
9072 2606
21940 5663
33124 436
17105 14124
17862 15679
12643 6338
20341 6628
14438 11475
7124 15960
27933 6954
34959 8407
15339 10510
25519 14968
28695 4587
8725 4141
12891 9087
4042 5625
27011 4120
11236 194
24081 6986
15112 7224
6788 15912
17506 1832
29322 9367
33548 7538
20784 13031
15806 5263
16763 10507
26160 11930
14833 5190
16586 708
33361 2036
30652 14416
33873 1892
4876 9771
12543 594
1822 1305
19383 2949
19594 7652
30422 952
7667 13081
24009 13045
30553 2083
21861 14976
10709 10055
20763 5396
26265 992
32053 1224
16516 4080
18314 13161
8221 1690
22371 9295
7962 2587
3117 1958
11736 8164
2136 591
14884 15286
4927 9000
20330 15194
1082 6198
16170 13190
16410 6289
6174 2840
18319 12571
24808 5388
28491 9522
14531 10815
23814 11736
25121 1834
3471 11709
12695 1211
17146 5155
3539 8914
9667 808
8258 1286
19441 1788
24865 14237
11068 5487
19767 12414
17996 14775
31154 3688
32595 13634
11496 6004
3148 5444
7619 3917
13420 3891
34187 15374
10537 9334
16552 15310
21909 790
7996 12402
27957 15310
5677 2793
8580 10780
34165 15034
20941 4725
21814 834
7370 7081
19251 2637
18774 14658
10704 12711
3683 12865
33012 717
10654 16259
10140 75
31874 8764
10616 2254
31786 10859
19016 780
13273 5547
13502 11105
24168 1198
15038 1709
17663 11762
15579 13913
7903 12817
30333 15447
34582 12071
33855 11982
19164 16025
14529 9457
27993 5269
14221 2821
19634 4472
33453 5351
27643 718
16770 12348
2353 3160
21660 5368
14796 14437
10363 1749
21171 14060
3028 16004
15252 8560
21312 9829
31506 13477
12363 1135
20156 3284
35045 5461
24330 3680
28310 4650
14485 4334
8528 2593
17184 4459
5621 3581
20584 1162
20663 15346
8843 14989
25963 11912
10384 2868
17373 8954
34827 11813
7536 10490
26327 663
18425 3234
34940 11604
27837 2978
3624 14122
11046 13297
12847 10689
3437 9570
30279 7111
6241 5581
27029 8244
10330 3884
8739 878
8113 2218
16625 7057
18012 13623
19423 2020
31777 6726
2623 12697
21766 2824
25446 5484
20291 7592
9336 8272
17471 5767
5255 4173
21768 10593
19123 2840
1699 14993
20682 1503
16203 14897
5976 4287
12478 10235
4551 723
21177 3652
14310 12410
17124 12935
7404 1323
17757 2009
2471 14373
10544 393
7452 2620
3770 11961
14647 15515
3739 4448
30273 2342
24983 13700
24822 4851
22429 14584
24058 516
18174 16217
2775 574
33175 10455
7931 12585
26067 5351
21678 1130
13640 13008
21382 10644
16439 6876
28354 7020
282 6470
10048 11300
34206 1108
8880 11103
25886 12437
29761 2270
14472 3788
7701 5120
22812 3148
6318 15305
23874 10207
29989 3875
29337 15191
23010 12274
33534 5855
25612 6570
33286 10960
18303 7012
11124 1891
19459 11955
19405 10624
24181 8921
14923 2172
6369 9867
23147 11219
7293 12179
6765 6735
19093 3341
86 10109
26352 14940
19896 4079
19085 10576
9264 10596
24882 4864
19046 7234
31328 15757
30361 1917
17766 12164
20398 15103
25825 4969
2965 7562
16948 9544
8009 3410
17643 4457
13221 9824
23959 277
1305 7637
2409 14151
1776 15924
28116 3797
3899 9699
14136 82
26605 16215
13920 11627
11594 1364
14173 12882
11008 10857
14323 9782
31208 8994
29190 8035
1860 1355
17281 12964
6294 7193
8296 1398
25589 11059
4157 11795
31599 14659
129 7115
24409 5407
2708 13571
10670 3925
5048 8351
12906 6212
1376 1676
34335 2622
34814 9958
1057 7255
12501 10840
14896 5573
8968 4495
8970 10569
6555 13199
14788 10361
24555 10163
15442 10182
25470 4481
15269 7366
16044 1244
12859 7846
2406 10970
8107 8707
15018 4789
15168 10416
6187 5978
3601 15318
6118 2442
24301 13986
21772 271
12894 10010
19695 14401
24145 7611
30045 180
15451 4038
24011 15186
19052 1609
16054 8602
17257 10019
32646 14457
380 350
6192 2351
23328 4754
18613 436
25171 3148
27018 1484
22424 2821
27131 7139
3486 885
28901 10343
7944 13341
5370 14360
6467 11190
3878 1240
7275 16264
4003 4757
19380 1424
2722 15388
17201 14118
6486 3288
4960 13878
33473 6096
17142 12702
31656 6587
3923 1743
4784 3071
18539 10501
3564 11143
5640 11201
15133 13323
4167 11297
6783 3014
33066 3308
17564 12851
20505 5758
32879 10584
4549 7275
14110 15062
17196 2965
14222 14160
29985 10593
21661 8791
4653 13065
14490 2431
29229 8044
26634 354
22960 15960
34428 6035
23826 10819
23344 12049
17397 2972
31688 7062
9306 11815
15553 9325
27321 10262
9696 14795
13790 13587
5855 138
26727 10947
29846 51
29446 4373
13794 5762
14252 16182
1015 15150
6495 2098
8975 13251
11765 13985
21709 12165
10977 9264
4894 3951
11223 13948
25374 8981
13655 10351
12159 5989
26857 15565
16361 14432
33382 1905
15108 10743
23665 8587
24927 12925
26667 2009
15873 4247
6896 338
17061 10417
7661 2458
33705 10369
4284 15756
118 2925
21876 15597
30510 8367
29273 14874
24479 14705
34063 12001
9618 9121
7509 2132
12067 15972
12377 5242
19081 5018
485 9860
25413 11700
5190 4550
31018 2293
14202 7049
25731 6864
8330 12259
15591 10039
10985 7569
10515 9401
10272 11969
32766 8323
16658 5158
35063 1068
21120 12148
15419 11313
21037 14371
5499 13313
5931 11109
15736 11037
33925 2906
19079 10071
6654 13528
7238 13544
23630 11601
31868 7111
26874 2626
206 2343
3327 7927
35085 11787
9639 10428
34252 5387
13189 15784
31975 14735
11422 10136
3492 7890
30488 7314
33900 13982
17344 6060
6611 9590
22873 14922
21956 5096
4068 10734
31778 1862
22057 8352
9235 8074
26788 2417
4787 5029
32430 2792
8490 1238
32397 1479
2349 16264
30106 2260
16093 10245
34433 4348
12027 9030
26855 997
23634 8929
19789 10903
16462 14743
27748 8261
23646 2580
19585 9263
31474 4466
27531 9901
27732 4772
7293 747
2544 5622
2673 3005
9196 13398
7935 7373
29595 5093
20878 14101
7341 3304
30136 7793
8258 4612
34715 9147
13536 9715
4272 1130
31273 15648
4890 2916
8292 13896
8121 7
23907 11102
2241 8923
17 5791
3479 150
29694 3885
10857 1920
15192 817
27960 10907
25308 10205
7849 4618
22061 11396
21651 4787
10253 7487
5827 8707
23859 11682
2059 5257
10060 12671
28040 3296
17291 3862
13769 6732
5779 11638
14113 12722
28276 9061
16390 13874
11957 12855
15909 1100
14047 14105
23020 3257
25654 3385
34397 5069
2922 508
19357 4264
8675 15771
31253 3717
4474 14960
29842 9696
6180 37
14640 395
15918 7245
30813 281
32070 3468
22908 4786
9969 12825
8685 10470
12691 5112
28642 15823
34472 10731
21289 1339
20744 7510
27296 7712
10047 13174
5469 3605
7684 15602
34297 11922
8296 11528
4433 7324
32470 12625
4246 1985
8671 6379
4388 3130
784 13314
7370 9522
7519 12377
22475 14556
26344 10531
9742 8161
26410 4980
20186 8259
10758 13524
28998 5382
33201 592
29667 3243
20619 1353
5892 6073
4649 9788
1593 1022
32764 5498
5620 7261
19402 6758
7 13734
6549 5181
5906 231
6729 16020
23424 1540
31312 8181
27422 14120
598 12950
6245 5865
12820 4747
17186 10605
32446 7499
5416 12949
17371 7973
4439 12131
24171 4251
13340 8995
17109 110
1139 1035
22140 15823
25976 6765
18592 5747
32795 10964
3135 13309
2993 12685
22943 7291
23069 8407
10610 3087
8602 5360
21982 7997
30165 5677
17683 3607
8181 2573
6372 2165
30764 3532
28770 3107
16027 7552
27083 8228
33936 4820
4738 11559
3749 16131
20283 13782
1167 8217
1492 5453
2895 1883
10775 8445
29759 11976
23168 12735
27283 14969
11282 12575
435 10209
23051 3151
29301 15911
6497 13102
16116 1001
6771 13043
30099 13631
3794 9200
1545 1348
7890 8559
22089 2561
19820 8614
27570 14830
25784 11246
14625 7957
3814 1687
6149 7774
27748 12316
21440 10130
21252 6411
8632 3959
10406 1319
24744 10237
5960 4937
9234 13091
29592 10196
12917 781
24005 15209
24097 4303
25802 15610
7625 4899
29034 10536
20283 5367
6908 1820
12236 5984
26392 6982
30700 645
25793 5742
21684 1112
9787 11965
12370 3933
7866 13547
8813 8482
34862 7663
1636 71
29423 13664
10786 5661
31918 14537
13302 7190
7199 823
21816 14032
11170 232
3613 9935
16840 12112
21185 2071
29293 4839
7053 3429
20011 10984
24469 514
19138 8410
25536 7386
21749 14068
728 4338
28794 10204
20098 7166
2477 9754
17234 11643
31284 3217
2487 5751
27025 12395
10791 6306
28818 15060
22895 4008
19504 7607
26924 12033
11742 1456
29451 15890
12965 2083
32100 3536
32848 441
29146 7137
5641 774
7855 13601
9460 14902
10493 14384
18245 9829
22789 135
5598 3230
14312 12100
4558 11412
31557 2912
12765 8516
1172 1670
11271 8973
34939 11187
22239 1063
30993 6552
4109 7114
10407 6487
908 12026
12732 9058
1151 2074
11849 1200
20185 551
9043 7776
10364 12271
34644 4551
28671 11352
33295 10309
18846 14906
18911 16135
31817 11579
18696 15563
19436 11958
11721 7128
6877 13655
17070 15354
8132 7594
2850 6646
31823 7346
27948 8043
19329 879
16854 2662
7682 13769
26806 6388
23018 8963
5299 7844
6743 7891
7254 13992
19133 12188
18895 4372
20320 803
22180 10057
9296 14702
11759 11408
6878 13042
15255 13724
14506 7921
27596 13944
1939 2076
34363 14949
6390 9963
15658 9644
32304 948
26105 8614
4675 6517
16105 12214
28800 4499
30434 9943
17372 12207
686 7409
3041 1600
3477 13317
1820 1955
22114 10937
12866 14945
3671 13798
22410 2075
26553 68
9958 4430
24874 7325
29557 9165
21441 9107
22628 16088
15151 12117
12802 416
15935 3769
10013 8605
9220 7003
1595 15742
34635 10875
19357 10775
18730 8578
22721 12307
14144 3107
9606 4385
25502 14003
889 11147
13790 3937
11272 5292
31183 1369
22415 10511
25952 3982
18118 1618
10960 14323
52 1763
34596 4547
24968 3069
34825 7705
27409 9691
6038 12861
27116 195
12089 13808
21113 10456
10600 2134
7562 3603
18683 16139
11891 8953
9972 13486
24995 5055
31818 6103
19950 14765
4456 1666
23187 11889
6152 9468
11369 4932
21733 14954
27907 1060
18086 5843
7201 10033
6814 10029
34224 13119
10309 14700
928 5820
30016 7401
17989 585
21851 11984
1998 779
15737 849
23340 4969
21651 14655
21279 12988
22439 11501
11135 12437
9323 8849
12713 3736
11957 12146
930 9475
32723 13664
27062 11422
33111 12870
27196 8516
16320 2268
29213 12804
2674 441
20579 11907
11165 15842
24229 830
12116 15329
29562 3033
20048 13881
11848 13363
7271 10895
15469 8294
22698 9016
1142 5898
25247 5654
9012 10497
29814 3625
6448 16179
4612 7097
19784 9265
32316 4637
13478 14231
10459 15363
26017 11861
33402 5854
3382 15933
6110 2916
34029 15083
24340 262
12433 16206
17687 11239
8755 13984
8263 8149
9787 11127
24993 8122
21152 10874
26450 4496
14255 15635
12176 3381
3468 2760
7987 3223
4346 4867
3554 6404
34483 150
9687 13260
3539 11028
6020 98
24016 8363
28846 10704
11934 9722
20137 3630
23711 167
28835 431
25108 11930
32502 6392
32209 13925
5216 10468
22506 8039
5333 7545
16631 2221
14498 5414
6723 10908
33308 9748
13164 8838
17327 1168
4697 12919
22030 8461
34804 7986
32572 6265
30635 7993
5702 13372
20713 6547
26706 187
16231 11451
33248 6693
4095 15270
33286 2167
11612 15241
16856 8441
503 4373
30217 15478
14605 1293
24230 6560
4057 11357
22373 6529
12 5984
28617 10729
10471 9574
5979 9406
17185 11576
16427 5691
23812 11350
4204 262
19143 4298
31204 15179
21529 4853
10349 14851
2889 5209
20967 16210
4823 532
24575 11593
22437 7966
2765 9134
2648 11228
25071 3138
18444 14848
20576 3208
28347 10162
14699 1907
16876 5991
24883 12166
9069 6386
5901 13616
19458 13196
17857 9580
17603 9858
17317 2850
33292 7188
7068 10801
2596 8583
20390 10250
3750 775
27583 13046
32821 2925
25560 8531
32919 1781
10728 4571
32489 14688
8246 10326
34857 8100
28401 14695
20083 1437
27466 6604
7813 12745
13407 10966
10061 2345
8111 4771
14831 1657
27930 1060
2859 1632
10244 10778
19617 2807
26349 12639
11599 1396
744 14402
5020 14315
3477 11513
28369 11882
8286 642
31570 7776
9047 14524
33755 5292
1755 9977
16072 16264
25960 406
3629 10247
4876 1375
4568 3077
24747 13113
18825 11654
11358 10119
7221 3174
34171 6839
8629 5926
18419 10116
34713 14328
11758 12949
24995 5992
31773 14774
24793 5830
21721 2351
20222 10905
18534 6998
26424 10317
33571 6242
33753 10727
32436 10779
10491 12555
32490 3751
29938 7181
28797 12716
30624 14630
4333 13206
2403 4207
12845 11930
17584 3824
33460 9983
23580 12555
18104 8205
9731 12336
22601 4364
23576 11167
27630 12158
4249 3924
7318 7222
3178 783
22092 1359
16 8201
9666 8612
862 7283
30282 12631
1826 11054
19495 5038
23884 13132
31553 11749
34415 15356
7325 14041
29458 8477
31610 12105
29181 13434
29327 5103
26857 6948
16482 5293
1856 11216
31738 8536
8121 7519
20258 14414
32750 11488
15971 3375
13160 6310
29578 9906
11359 15358
24817 12305
25033 1024
19093 6904
31918 3306
12317 6409
14522 2503
11719 6847
18187 13715
30462 9843
20098 1759
25219 7333
10176 923
25158 5618
7912 7112
913 14951
31993 5387
13507 1910
2332 12349
30728 13060
6651 11174
9156 7607
15932 1354
27954 8399
29946 12667
16383 16235
14568 14151
17192 13332
23820 10779
15827 2558
28219 4033
16306 13273
25999 2240
32883 389
28147 5005
15565 8669
27361 14862
24817 5410
26107 14804
23263 4041
7131 13959
19873 15514
14568 8
28044 9852
11439 11746
29275 9436
3107 15747
8834 5202
31466 12308
22262 5667
17792 7805
28904 6871
32031 774
20950 4334
4843 6466
1946 5829
32729 208
23987 3077
30655 1639
27841 13150
14468 8606
5130 14339
26681 3714
33029 9514
16853 391
12939 11109
16040 9124
26516 9042
3930 7283
28836 6059
6581 6133
33909 1323
20142 5317
26725 431
4005 3003
9953 15160
9401 4068
26011 313
10252 5278
26537 9218
9681 6394
32556 11950
30292 4549
1889 11768
33024 1453
15082 15138
24153 3912
28194 8891
24490 3352
7525 13239
28384 12695
15526 1823
12192 94
12111 3454
13376 1434
4600 3769
21885 6213
29118 14238
32177 16228
15756 2082
24947 4301
9134 7275
2627 1898
30948 10793
434 498
26666 4700
28422 6154
709 4470
3361 15074
14602 9353
14138 10363
23774 1003
15423 15128
21563 12916
6408 12909
27755 8079
9432 9283
22350 4019
14355 8495
9139 15141
31969 1211
19401 8091
17417 751
24791 2597
31265 15581
27431 10433
23559 10786
13946 14990
26929 9471
6775 4379
14624 4480
34960 9319
29644 13227
30838 10657
35003 402
14908 14600
17843 9285
31466 13372
3929 6536
10047 3785
1021 2996
22046 13218
27539 14683
34911 2952
27049 7365
33105 3743
11886 7965
16024 9659
29801 5226
10195 10094
18655 8747
2242 7317
17660 15022
6317 2525
14290 16040
23657 15269
1771 11817
32610 1226
26929 14629
9824 2778
27236 12163
27914 950
24635 2007
19739 1442
4238 7755
27121 1419
9017 6865
15023 2441
23185 15885
15620 8339
24859 4332
18560 12044
1749 1158
18220 12683
14685 6724
610 10756
4338 11573
33280 6547
7329 12926
1349 13726
28557 8615
23574 3095
249 5825
28066 13002
32466 6195
4888 6021
32287 6707
15716 6632
23317 14283
12168 4674
32457 11398
33224 1426
8050 10618
205 1825
4140 9636
34159 9071
23696 8998
11184 1853
15105 13124
21326 2291
16822 7640
15488 2715
34252 8721
21533 12820
3086 10098
8283 13999
10423 3684
14099 7965
19601 5685
25660 13369
19363 1014
6023 7594
6947 9104
10298 8540
16821 12319
29034 4064
7629 12314
13218 11701
24206 13137
26425 6296
34938 7416
21756 7266
20015 8821
15713 2711
22244 1319
11262 11974
6435 760
284 8942
7733 12964
5223 13237
3686 9731
33804 615
21284 6111
20416 377
17896 6497
3779 16161
14334 11181
12745 12989
8952 15095
22384 3633
31552 9101
27301 12345
34870 9685
7635 1461
29557 3051
29385 13322
34558 761
16806 5573
26902 13700
17603 6595
15210 15784
22451 2382
2837 9829
18918 1160
23558 15846
33873 6910
6690 13955
9152 2839
33958 15070
11053 6558
31319 10562
17266 10828
5553 6305
20687 11739
13658 9756
12087 14252
19800 11751
32768 13115
28801 5174
21443 28
16175 2909
11705 12997
10202 1244
8541 2933
10779 4283
26129 1950
21220 362
25494 6342
20048 13947
8645 6728
8509 6938
11580 6053
10165 1420
15921 13596
33863 11429
5447 2372
31967 577
12411 11836
25260 6205
26551 10243
28170 9800
26626 7460
4429 6967
3662 5216
8122 7530
20982 15902
27444 12289
32956 15468
11025 4875
29974 14156
28072 8551
19899 16249
14897 5983
12610 7688
4655 13030
32134 3187
2429 11755
31233 13577
19508 15048
9636 6692
11934 8325
28986 11044
25575 8298
9334 4036
25084 5621
34089 12993
8382 1560
2570 9287
10011 13038
15660 11829
28740 15303
28677 6191
18756 9621
2416 14940
1710 9718
10528 6732
4979 5054
28524 3497
924 9896
11802 84
21756 5654
19297 11036
9617 2516
12504 8646
4269 14396
24668 11243
2978 5871
23941 10045
6635 14455
16778 16163
12148 7753
30176 12737
34376 14488
19858 2059
23418 6862
19834 9547
1673 3474
13510 1011
12713 9095
29318 6785
7869 15190
29370 8364
4615 9648
6039 14262
34957 1259
33153 254
1070 15294
15594 13318
21556 6875
9823 8548
6203 9050
27823 5955
30795 13089
34270 14251
6818 10499
1519 7601
6568 8388
18982 13092
12807 7541
25594 1159
20295 2338
20925 968
23475 1787
17560 3369
26628 12796
16230 6751
1974 2629
5436 4254
28753 11298
26967 9229
14084 4522
25529 3628
24247 7477
18156 15666
34340 1468
21336 8589
469 632
28617 11679
26712 2796
21073 10707
20074 3762
4788 13284
22741 15367
20614 580
15899 8916
33367 2272
21255 9513
7433 3531
10511 14412
11990 15449
18967 5925
13760 2874
29044 3519
17523 16030
4768 14232
21967 994
17332 10256
13730 187
17074 16116
12681 11736
2244 11624
14237 592
4282 11946
419 9205
22824 8863
20277 6968
21015 9950
10779 9585
17697 4095
7607 6803
1574 9747
31662 15089
29699 14727
18284 6761
15826 9283
11242 9446
29913 13206
28070 544
2541 8600
33344 13688
25167 2451
30853 13389
17792 10677
30342 9307
4459 10051
1231 6491
27466 9856
12959 6994
22017 10518
17680 3727
2729 5440
780 2094
31212 1190
33721 760
13173 2625
13043 1903
6258 6343
29875 2383
22068 10522
32361 940
27272 2124
33336 996
31644 10170
12153 14786
27788 5624
15226 11346
7307 2307
5552 1611
4064 15015
971 10093
34375 1969
31773 11358
15569 14306
14363 7229
14971 5546
3035 5240
20583 1054
1274 9664
21899 14727
19330 1592
6847 1824
1910 8830
899 3056
3745 726
17270 12811
11410 7841
12791 6863
17933 9523
23587 4252
33117 5058
6589 1840
12038 15542
34136 1685
10032 2457
25883 10983
31931 11449
24744 7539
8011 7855
7595 924
22588 10751
24595 16137
12870 902
23722 5706
3521 12156
3001 10533
19375 7364
34495 14971
6 13964
4532 1142
25431 34
11149 13255
29940 8549
25388 10600
16660 8885
34490 12119
1412 97
13371 712
1305 4172
641 11269
19613 5987
14735 12479
23507 1594
8659 16249
5289 9967
32141 7386
13541 4120
13132 1580
17032 2606
18535 3074
25563 13796
24552 5517
4596 6995
27472 693
23504 13506
14115 14865
1383 4238
28417 6061
30718 11030
9479 2093
19590 2544
25266 902
20967 4638
19981 11271
28541 4386
31835 2918
6665 2155
23118 9424
11743 7567
12754 12834
6639 10565
19289 5047
3818 5570
32518 10181
3796 9455
33483 14198
7858 5813
27284 7589
31447 4400
7311 927
34998 14127
6197 11292
4520 6720
23866 14416
19578 8729
13567 645
23863 14188
6803 12964
27046 6702
8708 12159
2246 6526
8015 5788
6080 9902
14315 13176
10665 4241
22788 10825
21321 7237
13560 5662
18226 526
20192 10522
20205 13700
7328 5840
19390 12575
2291 7025
123 13434
23999 6595
9616 4415
20694 12182
23427 8655
15694 11294
24154 11259
11048 4932
8188 7789
16256 15405
10896 16006
17889 3161
5969 15561
10845 9707
7362 12099
16131 9204
22571 5340
8576 11513
16725 3831
23313 9016
12078 2049
1841 8881
12831 9873
27050 13210
31592 4560
19405 9002
4738 5630
12237 15239
13845 16199
12977 15239
28116 15047
17429 13172
28966 3138
2950 6458
32218 4141
30179 11035
3072 3199
19400 5536
9717 4772
4301 950
34948 11774
30962 7989
22722 14677
8413 15584
17729 11053
21242 9125
21416 110
33251 5154
33852 5064
10699 12698
10098 5601
9168 12130
16641 1659
1513 1493
14075 4320
19553 140
23774 683
31883 7997
16410 5429
22144 4202
11989 6994
24621 15573
6786 13005
10878 10715
3423 6165
9235 12897
34901 6951
29894 4110
24796 14385
3810 8411
2852 5014
11069 10282
15863 3326
22723 10587
31657 15183
22084 10587
31028 514
16998 15397
29232 2749
33639 1569
5624 8058
4013 4523
28674 8993
3463 13239
21203 7146
9993 1262
6971 13603
16799 3040
29334 2175
23927 4401
28008 12038
32723 15161
12350 8238
19439 6376
17118 3911
9848 9941
11910 9256
7749 12146
2680 10428
24635 13389
13567 5600
8627 10558
8702 9049
3936 6634
27250 209
22795 9893
23707 6549
9934 4314
31287 11997
3978 2480
29587 10594
2206 2083
31154 12337
8513 3114
32112 8199
25357 13781
16007 2362
7379 698
11855 2450
15799 198
23404 1842
23255 9208
16805 10661
29778 6186
4416 7783
23822 7955
26766 10564
9762 10235
10978 14705
14945 12529
8210 9743
12364 13363
28076 1265
650 9329
13017 15298
25199 6830
28127 13326
29365 12499
500 10576
20700 5075
4664 8514
6751 14183
13331 13795
10318 3847
10871 7572
13033 14333
5069 5647
22112 11726
21637 7129
15917 9665
14512 14516
7622 11698
17966 6058
11214 7609
23066 4564
3292 11040
5342 14660
25906 14241
12012 4782
458 593
4759 1684
2807 8284
4976 7428
7063 9272
14817 288
12565 12259
19373 7309
19784 11009
28972 14392
11348 1154
27934 1181
31396 15059
10255 1387
25413 15214
30584 594
24383 10870
462 7579
26360 13119
32093 3602
30928 14208
12936 6711
261 13485
21455 7825
5789 14981
12416 15516
34993 14865
17868 1008
8612 4618
10135 9797
21292 2498
13971 3057
32508 11094
20007 3287
25750 525
23659 8960
18274 4308
34138 1827
12781 7414
4586 9742
13684 10844
26038 12526
5702 3986
12220 14655
35114 1825
27935 9098
23364 4151
4380 15947
28979 15444
31690 3133
27998 1281
10893 140
19162 7220
23246 4923
19452 10485
29395 2830
8248 2256
29774 3678
12228 3089
15310 5858
14136 7996
9827 13532
11944 11596
27381 2040
17301 2141
6019 11384
31816 114
18626 7653
6887 10169
26248 8692
5015 10478
15623 16125
20465 6159
25227 9339
14924 7641
26876 15493
34926 2951
15311 3113
18995 2390
23388 8929
10696 3882
24404 2990
22025 9632
18994 16057
12601 9316
24025 13319
15012 9555
956 7672
29647 3667
24967 1575
6885 11576
33904 6934
27177 11461
22678 5440
28944 3100
14366 2566
28095 7031
19472 14675
32489 8033
5840 3770
34525 15296
11093 11542
23833 15800
24970 4149
6355 9138
1471 2802
827 14376
12029 1991
30772 3263
23883 15748
28544 10620
27595 11480
15118 4598
14318 15696
27600 13700
34024 1510
33450 5058
34598 4868
32855 7815
1456 9532
31236 9600
208 13695
29651 6460
10529 6194
27932 10717
215 10184
6593 12601
16459 14176
11084 10026
1862 2659
21940 10912
2362 13129
29525 4403
31202 161
28167 716
29969 6053
5429 832
20219 10750
33571 642
5675 2708
33084 6529
13212 957
17449 13710
3288 4303
5283 841
24000 4043
32545 4778
3952 6655
585 5263
16271 533
26745 4637
1367 26
29524 12911
35040 6843
25880 15166
3963 3957
4212 12801
23894 13401
15078 2081
2588 1933
22361 4978
25795 16285
16377 13246
2735 15475
9961 5256
19351 6497
18112 8014
26215 5869
33568 3806
25463 10860
117 6147
24708 12177
32855 16235
12705 3410
12007 15706
4343 4037
20530 15222
27331 1754
33328 14912
5470 5324
12635 2414
10658 14218
17109 10937
31 10977
22106 15361
4154 14542
908 8343
21988 8382
21562 9112
13734 8592
15850 2533
18697 10995
10395 4377
20756 7007
25131 14104
3656 7929
21440 12037
8417 10051
23706 12070
16556 15393
20558 2052
11603 12961
12313 5437
5592 13498
13171 5291
16720 883
25136 3200
1708 16152
24747 5238
17701 15445
35060 15446
14887 15483
15142 2529
23819 15121
5101 4696
25171 2537
7554 76
23166 7540
25176 3018
7139 4040
4134 8803
12839 10663
28024 13820
32653 10841
5874 14048
15398 9600
387 5595
32754 14005
12410 14790
27423 5862
13817 2200
1877 13629
24972 5130
3517 11870
24089 1744
2775 2743
8840 7010
2762 4922
25306 8137
23792 5510
1368 211
10939 368
18208 10615
31654 3548
122 6100
1688 15692
6535 10894
24110 3938
5931 15417
17904 860
25688 1184
33408 5703
4986 9820
34460 4200
3711 12664
16918 9313
28212 8418
7611 13772
10694 9472
4509 304
3898 15210
1934 6571
24376 6539
32061 9237
2729 4111
14681 11678
29917 15976
1054 10306
32304 10762
33418 12321
17441 15825
27398 1812
3970 11224
4912 6186
2377 12637
30908 15190
22337 5824
20763 2671
4699 4537
7432 8726
5121 4121
13052 6000
3072 1230
26661 4308
16078 11493
32548 6879
19377 7638
12196 12491
33279 948
28036 7366
26810 6813
1928 10293
25821 14223
20773 3975
28557 4895
14314 4127
29685 6781
25467 8266
18987 10878
25163 2314
1303 2696
15255 11829
32927 13923
24463 13668
81 11196
33925 10733
19902 6104
14500 8252
32209 11088
7032 9921
34470 10676
11594 11875
23590 11424
9017 6846
7465 7177
11857 5976
34443 9039
34497 8936
32769 11262
28776 11693
764 660
4026 523
26784 3012
1477 11485
5214 6962
20997 5493
3822 2083
31379 6648
8072 331
29749 14203
30722 278
30871 8016
25900 7935
34116 58
8054 1696
6861 9726
24198 340
17498 14437
12789 2165
4758 3152
27199 12413
29 1651
24128 16188
34891 15266
19893 4937
10012 5935
8486 7043
5339 2175
24979 5102
21970 9333
9779 10134
15794 9744
4531 7907
480 2402
19328 12273
27635 12163
28339 5443
31041 4170
6403 10603
15018 5931
3009 6719
34307 11431
8389 1616
9730 7268
20877 1246
33207 4090
11763 2643
19039 16194
28016 2462
11212 675
572 2846
2453 8651
14960 10342
32948 13363
3232 542
30013 7127
27472 8928
17878 4381
27331 6879
15655 4180
15215 8857
27111 10502
32551 10129
13243 10045
1101 353
11638 10064
4326 8940
12320 9712
22448 9480
17684 9499
7518 14927
19416 6489
9339 6828
34977 7296
26410 12184
28188 5973
8569 7990
21320 3236
14467 9813
23288 1037
8913 11147
22816 3635
18454 5989
9637 10792
25602 11720
31743 9095
4644 12949
13977 13489
14636 14663
1715 10237
21225 5964
4553 6708
29362 14181
12516 8355
28854 11776
5565 6748
7616 5868
15377 2812
4491 2246
23770 6270
33336 15436
34775 6564
23791 13723
26220 3529
33159 10893
27230 5802
6494 4431
7226 16243
22912 9298
27514 4768
35029 2451
33489 14763
22578 14833
16588 12261
4069 12163
11401 5938
29407 8355
6102 58
1634 14900
15168 9822
18392 10165
27003 14948
26695 2756
6609 8601
6880 11367
11500 10793
8858 8375
21802 11621
9362 6135
8343 2671
20503 13565
15611 12016
3842 14797
15957 1489
29178 12247
15559 3802
15709 10730
15878 12982
17838 933
5693 1703
28150 8864
8932 10700
34564 2377
28723 13425
12577 16087
6315 10605
11390 7592
20131 10861
30339 352
14077 6455
26136 4496
11811 9587
11761 1050
4433 2328
4081 10108
10593 9876
18465 11179
26485 6234
1582 7148
32183 5033
12668 15708
20057 10141
10992 12616
18921 7947
18991 14845
26074 4597
13958 5465
30150 11047
8772 3000
25456 8698
6297 3775
8777 1237
31055 11967
4454 3415
32504 2978
3002 2784
6760 12219
10100 2412
17312 9568
16297 10004
32345 8601
9305 13108
4115 10335
10124 1946
23346 689
26945 13159
16376 1443
28391 12616
33765 11445
22913 5389
2380 10095
26639 6031
27899 6979
4614 2634
30887 13310
33489 13139
29492 6592
13244 7762
34331 2230
31877 9147
29197 4176
7264 1010
5111 7280
14331 1219
31439 14534
5451 2751
352 8177
10504 10845
12509 8588
21744 12515
9531 930
20753 124
32813 3809
27466 130
9868 2556
32600 2258
29117 10687
14241 5915
2565 5509
20305 14350
10023 14843
14991 2670
19392 4772
29061 10576
9741 5082
26030 11338
7951 3382
31566 2427
24523 4406
22139 15237
24682 3881
19328 15444
26943 6412
25056 566
9905 706
10163 12835
5143 13712
24281 5569
22766 9428
21432 5602
31765 9105
4297 6961
31055 11173
5431 6256
16286 9689
17758 1365
2138 6719
25144 15339
15469 16157
18764 1024
34585 2395
30652 13508
28938 4639
16501 8424
24750 10014
24327 8664
34527 13980
12869 13313
3170 11332
29104 12901
23015 7985
12061 4475
22387 15244
24052 9064
6054 506
33130 13673
21077 12462
26201 9914
16238 8955
7730 6691
33308 13959
4853 197
33645 16212
25156 12542
23579 5542
10709 10974
26546 5057
33270 2208
3509 7826
32932 3087
11146 15197
26201 11808
23105 10916
22343 3962
31614 8982
13017 505
25636 7761
28509 2476
18695 13255
2489 559
14269 12259
25861 9023
21846 11793
31899 12817
33272 291
26982 1072
6067 15986
12831 7429
18003 5577
33924 8598
9321 13356
23123 11130
7337 9407
22477 9245
8818 14861
21036 14853
13631 5231
7296 8840
10574 11204
25324 4157
20547 3884
29429 6440
35086 11681
17267 7548
30692 5925
7655 8688
34084 1265
33871 3575
9930 7812
33070 15067
4228 2151
31571 3801
14888 14878
7281 6012
28688 8459
27898 8400
32835 16066
23211 3348
1199 10451
33676 3637
4358 11994
28111 705
10736 14267
13608 8628
11560 4897
33718 12014
10537 8959
5451 1079
14604 2989
12349 10272
26903 13310
15473 10960
8949 15490
22614 8397
18403 7152
24875 5185
19442 7092
34856 11327
21110 768
4870 1623
10723 13587
11567 11053
28116 7348
29273 12478
28170 11677
18767 10259
22910 12488
2056 9384
22751 1541
32094 8574
14797 8232
7379 12650
8332 10863
15299 12999
3917 1303
7079 15345
13007 5513
33 4951
23410 12042
31625 313
1435 2503
12433 3093
15638 818
24652 5756
34935 12596
8670 13582
29899 16082
9945 4845
26229 383
11375 1112
8251 6503
14627 16113
20505 3962
34399 12231
12438 15067
8459 512
2709 14145
33690 7663
10526 4793
28591 10810
20996 13124
28689 13672
14321 13744
30962 12175
2127 15829
8198 5797
1831 4470
25437 12333
13313 6308
586 8678
14827 7097
7075 3378
34368 14149
10670 14555
14037 1233
15625 8802
5818 12422
23357 4271
490 13334
34308 4222
24611 362
4222 11260
29378 2048
30421 15571
8023 9652
29439 633
24392 8578
31329 7479
27393 14943
3343 8661
31807 797
20712 7731
6840 11508
19447 9938
25590 943
32602 13216
13349 13744
4204 15050
27741 15953
6380 11668
3423 2616
26438 9700
22551 12581
34218 9346
5493 11436
14215 3085
7459 13645
23588 6397
13271 339
2233 86
5204 13390
15039 16245
22821 4287
12276 12325
14870 2975
35034 4455
7497 3488
31720 462
2897 15332
34297 14268
27928 12478
9823 2525
1636 2744
28730 6364
1327 12107
17865 3528
18183 9167
26594 12857
8371 12187
26525 5861
9996 8276
3221 8297
3473 3343
19093 14870
8931 10838
29139 1952
18620 9790
1152 6123
2633 7876
3976 14868
1732 15223
31913 13940
33979 2665
15348 882
19542 6805
32569 702
34311 1159
33877 5298
26492 3972
7182 8390
3287 2788
15760 10521
11305 9040
1420 16044
20849 8767
15832 13141
19902 7531
31592 8123
20429 9716
15899 7426
14346 729
13478 10245
23664 8272
16273 10819
15767 12623
3482 13679
11933 10518
12407 10545
1182 4323
2525 618
18867 13133
34186 4582
12580 367
17605 15377
16181 7397
21879 6824
1298 12813
19146 4177
31687 134
26461 13200
10453 1988
5611 1645
28791 8385
20006 12638
20599 13166
34030 1743
10943 1993
21737 15514
29528 10027
26875 2544
1839 11443
21671 8033
31440 7701
26331 2304
138 8684
16648 7317
10839 8935
2503 4043
12727 11802
30466 16050
33020 11284
18828 8085
9382 789
31862 13127
30269 4116
242 10932
7450 4810
26724 5219
17755 1294
9939 11930
30760 2891
3043 13895
3797 10955
28465 5525
17628 5506
34180 7764
23432 12130
24074 8061
15837 15356
24900 14440
13758 8383
20884 2286
29075 12732
15132 2240
24102 15471
7604 13716
30144 5030
26656 9918
12279 4520
19074 4588
3678 6562
15764 2465
7202 15520
2747 1060
26069 12100
10685 5740
12061 5945
20585 4656
14148 315
17333 9282
26714 4457
21552 13733
22279 2085
1116 13367
23552 1284
31010 1428
6341 11267
17947 4061
27642 5688
31240 116
20754 15218
27688 14867
23759 4225
11822 6101
2669 9963
2364 2402
27118 2013
3178 8405
33329 336
1369 1543
13028 9646
25987 9955
20652 1456
1491 12521
9170 3653
8103 2980
32638 7265
22848 2410
31221 15577
32029 15259
11587 1143
8480 15802
22148 5206
28615 6784
2591 7098
21711 5536
17645 11794
19069 11960
11496 14918
24821 10625
33792 14176
29094 685
8655 14217
14231 14819
10470 9542
1650 2593
21455 7025
16405 2932
26304 7329
10231 11512
28782 13990
2413 10487
31480 14625
12920 11874
31318 10985
18110 11774
32985 9651
3609 540
31275 10152
13267 6628
6968 9797
20399 15034
28811 3331
1356 598
34135 4270
3505 6086
16447 534
17192 2915
1118 9339
1562 14610
20668 11859
1671 11938
2980 6327
2814 15394
24377 5441
15912 9903
20648 13636
8143 2863
12514 1232
26743 1868
6305 4736
9213 6891
25107 3061
15347 4786
29652 15446
20716 6103
15935 7310
11529 16115
8554 5309
2766 4935
18088 6111
3312 11977
23334 2876
33302 1830
4420 863
25430 7771
24690 1380
31790 10571
19493 2884
20025 6786
26329 13396
4307 5256
12785 13358
11691 14629
6985 13412
5106 11612
1371 8572
29840 10394
34581 12457
24182 13905
304 12811
28270 10200
34011 7426
31485 7985
4767 13646
16396 1537
25920 11437
13924 15486
32949 12432
22612 9571
17733 1639
15922 1634
740 2085
29820 3790
32345 10403
2490 13533
34673 7513
19179 5797
28162 8079
5388 15429
8419 14965
12892 14906
7721 9434
24189 9204
17756 14165
1672 14541
9665 11124
9271 5562
27916 7857
19261 15851
18764 9632
21205 7007
5705 6809
18029 13630
16074 12043
5950 7071
7894 11849
22704 8477
29903 5355
30691 6591
13915 14938
2510 4032
16718 15949
13107 11572
16222 3656
23568 9177
31007 65
28584 1653
28322 9056
35038 14503
31581 11496
34792 8017
27844 5877
14907 14005
22196 1125
1734 11482
26155 15811
32522 3848
30122 4542
14370 2708
7403 10310
23383 14343
34370 3963
427 3823
17313 4333
31371 6657
17948 9874
17166 11038
17050 14199
32082 3050
29429 8203
28609 12833
6699 10642
13511 967
6198 5118
34132 4485
25256 12449
18702 8623
4935 1633
27919 773
10231 3770
7816 15270
2883 296
22862 7627
1841 8618
11022 15228
1872 8871
4551 4171
31313 3454
20952 11130
4513 1759
32478 12787
10400 11168
9150 204
8068 3690
18325 11479
19027 7708
31215 6391
3807 6018
32996 7948
27335 7293
16345 4169
27907 10151
10529 7270
16847 14626
418 8130
34851 6146
16629 4021
21929 9690
2625 4445
2873 9192
8931 2381
7608 15490
808 11462
7180 14435
28195 6688
17709 13712
16882 14935
16063 167
5189 15427
16147 8015
27431 4827
31154 14591
1829 665
13088 3257
13037 6636
19764 13160
30044 10598
22893 5843
4900 8910
7076 11552
26257 3174
26669 763
12078 11603
3942 12976
15497 2352
27231 3424
22381 8120
30428 11478
18561 5114
21044 8412
2933 7805
33631 12902
30501 5333
860 13032
22980 8138
32426 14456
14249 14842
24235 8885
24265 11926
31734 1038
8468 5987
20307 774
27192 1991
34219 8043
4752 15879
23632 6055
12161 5066
10112 5653
18667 8102
2382 11664
3991 5776
2217 4120
15088 14026
20849 14087
1963 895
29738 9776
14856 77
10815 6171
13009 4802
20773 7669
9596 2856
1549 779
18311 3045
33026 2010
1494 13767
17811 93
25567 3745
4256 10633
21369 14176
26888 415
5843 8242
21650 226
18826 12142
31338 9892
28281 13950
18360 15591
9331 12741
1668 6747
16950 2906
29053 15333
14433 7849
13580 6380
15280 9000
8686 481
3779 8235
22349 2630
12584 7072
4734 9229
986 195
5234 1435
23224 12747
8704 436
15303 3942
17434 1349
23773 3954
30474 7659
33959 1033
17877 16154
92 8898
9392 3463
23699 14026
24596 5452
11992 6972
25249 3850
26770 8113
21907 16277
12970 12897
7372 7971
3723 4805
13156 13398
24294 4914
7299 2025
29182 9713
17587 3495
17122 5911
23344 2206
19678 8846
34766 1989
9250 13293
8306 57
22460 8662
8974 8129
34839 3857
15622 6333
10588 8219
26707 9560
20552 9891
25679 14407
11717 10049
29227 1554
31708 9974
29016 11776
1706 568
2540 7100
31620 11313
28157 3729
32043 3313
18468 13842
17765 12054
217 12832
17318 10932
7025 13207
27296 332
21297 4996
9502 601
17112 6130
6083 6715
22193 919
12130 15675
27735 6926
23510 11662
9355 14695
15015 14355
22353 9768
11107 2880
25386 12772
27234 11258
33380 8873
11918 6435
25561 6738
3143 12998
5424 11655
33898 5112
4479 2335
31888 1632
20720 8067
10248 14354
1099 9089
30580 7869
13203 13450
16017 3329
7286 7166
21390 14898
17003 13247
27273 3905
10826 5967
16962 9471
1948 12088
2788 641
28356 453
34429 12972
20731 4398
391 8892
7058 4413
22884 8633
17172 6477
178 3632
30237 8900
25279 12962
21781 14553
8518 10985
31615 16074
13929 10094
12456 15337
31392 12930
16182 6194
19679 12824
26893 2570
30097 10990
30826 3292
29986 14269
34317 798
21725 10645
9043 15948
8076 9284
32596 16067
8562 2864
6521 13691
31740 14906
6694 4634
3558 6643
18563 4733
10342 713
1859 12250
28038 10188
21659 7043
30371 3265
6807 4382
16728 4464
26753 15258
2874 6076
21441 1461
3979 16003
12725 5905
17675 14509
13463 9926
3305 14539
29578 10451
22918 11836
30315 14639
32897 10581
2838 12908
17811 5418
7097 4453
33003 7873
16645 14682
25249 6615
28548 15933
9297 3223
16355 15347
33241 3278
13966 2382
1032 9405
26590 15269
28511 11183
25923 7364
12088 10018
25874 15982
28918 2988
22126 13501
29977 11180
22436 5750
32740 3872
30107 3361
5676 12404
22614 2074
7810 552
19756 7780
32593 7475
32196 10994
32053 14632
7954 7367
19180 9091
3115 11354
5791 8277
33007 8104
33244 5833
2627 13829
14453 11742
34966 1988
6180 8566
22311 549
9934 14370
24486 8683
2590 5208
3219 231
21467 7050
16791 4640
9714 3770
9398 3536
8963 337
32733 6089
1820 195
20437 14885
1941 6597
32399 12863
13744 7900
23578 6408
19953 1360
28741 7154
4627 6703
29719 6660
7452 11452
11798 15134
4621 10061
28165 13849
16959 12395
32998 10635
7047 1986
8631 10229
29987 6399
5979 12671
22210 3767
24002 15553
28602 543
14692 11431
23835 6881
22394 13245
15678 11717
19718 15101
2775 2582
16440 4937
7925 10195
2452 5530
30713 7809
13208 12555
33612 2618
4220 13636
4049 9496
18169 1389
28328 10013
4992 5905
27359 5695
19390 4751
34666 12583
102 4754
9008 3542
17960 11767
5848 10487
17934 6860
7333 15973
7253 9883
32344 10297
20927 14447
11554 8597
21503 382
30678 6810
19169 522
7784 1014
20400 15139
12828 6560
11216 11166
20491 15690
484 4494
18244 2193
5055 8799
28015 2977
22340 10721
22545 982
7593 959
12952 5629
23948 9730
31993 5291
1696 15636
1208 1062
19303 441
23758 10238
16958 3224
29842 13163
15078 6902
25129 9535
31602 12726
27218 4991
18100 6014
2071 3131
24906 10102
21585 1963
5548 15453
32283 14428
30465 1757
14929 15439
2507 140
22527 6298
16026 11083
27165 421
13599 6468
1555 7135
17190 1875
18032 15465
29092 13841
28370 1329
3660 3036
28230 6827
15595 2640
10536 6096
34117 12024
6741 1862
30207 6049
27320 11763
29227 4345
10079 15461
1844 3452
15745 7861
4756 5551
2128 5329
12584 6608
2182 1513
22665 1769
17029 9511
28680 966
1723 8500
21341 16131
34407 11300
12177 3353
23945 11003
31651 2804
5924 14196
15432 10321
4142 47
20135 678
8247 8244
5016 6275
2186 6016
13680 5995
4173 14168
884 16275
21827 15774
3383 1178
16104 6144
31682 503
12974 3577
16689 9828
20407 5677
9926 15713
32923 8789
3894 12240
34670 2582
21770 13951
32327 2219
7275 10892
6382 5960
30192 4169
17606 6874
15449 9564
17442 1489
12458 14313
27398 5727
5041 13496
18070 11741
25866 13572
14249 15757
32151 6404
32574 7989
26078 2087
25157 5126
24540 14958
9478 15930
20540 16255
27689 10544
30149 8930
28652 1088
954 11740
7569 11859
1293 8049
33795 11111
29997 2358
24805 2520
29305 1255
14383 4551
24398 3041
24062 5685
5556 10002
20892 9802
14371 6310
20147 4066
11654 7834
33831 1891
9510 12595
20636 10122
19256 13275
18492 6824
10982 4192
18423 8072
24576 16167
34244 4807
3952 10559
28655 10315
23246 9163
11027 13110
6505 3730
2298 13657
7989 15534
14623 11496
33297 10734
20954 6748
4849 8081
1074 4363
2826 15698
12761 4311
23580 13475
18010 14216
21282 6098
34426 6214
32855 6174
16524 13053
1611 3709
8003 12114
27541 8258
14257 4972
2813 7811
8919 7786
13266 2437
33742 12046
11096 2475
16952 3645
3787 10036
6238 2783
28492 10412
3330 11912
1621 10009
29438 4509
12283 7266
19729 11516
26124 9794
18947 347
33762 913
9255 2060
5446 14114
19880 1469
28773 6392
26785 2795
8027 16035
12456 16017
31660 5078
6376 7002
13750 649
4864 15362
3939 10174
30317 5142
26645 13734
32882 13415
25485 12716
23065 9682
18868 5782
10776 5619
29134 924
13010 10433
32641 10563
27378 5235
28582 6844
5710 4244
32365 5352
12114 2056
20118 8396
2963 4475
29943 14565
5079 1271
8537 11437
15434 5791
2682 4923
29860 3610
9877 10048
26732 11433
9765 4844
8822 6634
8839 7336
26693 10693
17580 2487
13028 467
3793 3577
29544 12718
15551 15738
34294 13623
22261 14853
32997 11080
8609 4782
4995 1590
23414 3730
14835 4680
2330 5053
8131 2999
25205 5821
10772 3248
168 1658
28487 8263
19564 3226
12516 15358
6213 14129
26909 10296
12786 14557
32000 4720
1162 9263
30536 13976
34935 266
26592 1186
23352 12110
29245 10608
19763 5307
34292 4551
7110 136
34247 3091
28251 13155
14996 11748
23930 9988
13331 6268
24922 13231
32306 4157
19390 5887
23896 3048
24819 10774
29989 7156
3737 351
8462 3965
23732 10425
7688 2769
29926 12354
21624 5879
27033 10242
15655 4676
10667 2559
8138 12143
33437 9153
16679 6900
5632 10106
5102 7015
18660 4131
16382 5432
6292 2280
13790 7759
13552 4807
22356 15234
4130 1183
4303 11881
20207 10816
23067 4706
8266 5526
25466 12308
13752 6930
26343 2219
31689 9851
29759 2549
15325 15626
31744 9528
4519 2737
29253 1888
10912 6645
6979 12494
7021 15001
6583 1034
9334 2231
945 6916
18596 15728
17811 16217
18295 250
30798 12610
12955 10831
13398 12418
6069 9788
33334 7337
11211 11972
20408 2732
25755 9044
2798 7617
30093 8548
30278 15750
11327 9514
28057 1861
22508 10604
28345 6123
11167 5626
10010 7626
22507 14096
12138 15051
11769 10916
5747 8003
18048 7324
24416 15293
18366 12659
54 15363
20832 7130
9893 14386
33913 12788
26058 12159
620 13692
12596 7599
15305 13861
15514 3913
4104 7910
3278 15484
83 15051
23316 14245
27851 13187
11196 12531
8326 1514
16230 13681
33587 8198
26804 2870
12426 5480
16203 5097
18432 12126
30192 14381
30798 4188
6560 11696
8890 9475
4673 8766
20314 3063
9937 1700
16429 13182
28955 15717
1395 5937
787 4847
17661 13134
25790 13316
22927 11218
9189 12408
34092 2540
31151 6171
30134 7668
12871 7981
30343 13786
32385 985
9930 10414
15573 2602
10443 5739
5990 8840
30849 12195
10316 14454
22300 9442
3719 4471
10088 13101
24166 11834
27839 5884
22335 2454
12324 5181
29587 14834
9147 323
24465 12277
24937 15242
16861 3692
27838 4957
29268 10697
19651 970
33020 6508
25621 3856
8760 11597
34641 2497
24984 12691
19456 14787
32915 5506
11890 1595
28986 7956
8377 8948
4972 11783
18475 1938
3237 2231
3331 1761
6744 8144
8214 7546
1923 1325
15079 6056
24844 1331
2902 8734
33714 1357
19705 3665
31432 8044
10307 1295
23760 15464
3957 13773
2355 5072
19894 15493
3068 14659
34391 9093
26693 4123
25991 13850
14691 10778
26662 5741
4326 16234
22326 13612
27008 15509
11042 9993
13486 11253
4047 13431
17558 8219
5891 1701
15728 16059
27973 5660
33810 3791
24982 7203
30316 936
20805 13861
17605 3750
4141 169
3012 6612
408 2334
23475 12247
28860 10084
8477 5047
15073 13603
35075 3086
23299 11342
13052 9936
17382 12925
5522 6634
23921 163
12399 14174
18220 14247
22564 4002
11572 15083
754 1859
18043 6198
12718 6182
19249 3380
4244 10444
32494 1469
18472 7466
14943 2817
16649 5059
10768 8352
5746 2622
19710 9465
1042 12605
22953 14535
17205 9022
19445 13872
12102 8511
24265 8276
14306 1231
1604 4588
32170 7885
27769 1888
19085 9081
34967 10325
26613 3713
33138 99
19039 783
26377 14010
12975 6063
25338 12952
7752 14346
2575 11526
23580 8905
1571 3092
9670 9994
33429 15976
2200 1530
15896 3936
6411 8473
18915 4963
23326 13705
6332 6193
18906 11093
24701 5831
21494 5898
26688 15243
18500 5756
3530 3835
15592 1276
1887 6833
32183 16138
12411 9638
25124 2492
14451 9349
30780 3912
32711 2140
15614 6965
21103 14363
11675 3762
2014 15282
2261 2908
10351 6992
31821 12139
21946 253
25702 8243
2826 7042
17509 15794
34486 2285
27332 14601
6634 6687
23767 9853
31792 11839
25745 5386
7854 5661
403 9407
34554 12528
190 3704
31687 330
24045 13516
6433 5850
307 8786
26627 13376
8063 11701
9516 1319
11495 13659
244 7711
3249 13886
22696 11124
9378 6806
9959 4024
21952 14811
19267 14783
6615 1077
21437 3996
11280 8778
24094 5316
14093 15978
31794 15694
19993 15475
8155 14887
20034 7306
22560 10747
8448 9656
33244 6194
12615 13895
309 11107
30134 12793
25534 9056
33764 9252
22738 206
18483 9198
1556 4019
7627 10955
27698 10373
23806 12017
12925 1114
32594 14763
7769 13076
856 12803
16902 1596
11067 11386
1626 16228
18671 5199
29134 12267
34253 7350
24655 7844
3126 1933
31458 196
26098 9891
13284 10349
29894 14595
17925 13029
16089 5942
26381 15258
12130 7770
5979 34
3168 6296
26547 13194
29593 10077
10121 5852
2551 4983
28161 7110
4403 2741
2241 3405
33606 6309
22915 2051
9702 858
23925 8165
31398 1126
18404 14442
28053 12506
5481 5351
1115 9488
25745 14090
28785 4626
29579 14083
3803 2349
27638 12599
7629 9632
25917 16101
30672 8515
33900 5436
28807 4197
3773 2398
3224 5743
11489 5927
26557 14129
6021 289
22541 8803
27299 2666
33518 1738
16562 4523
28164 11522
31360 600
9237 3782
57 5380
22202 8491
30283 7515
20702 2406
9884 8097
3160 12105
9966 1081
28335 9275
34313 3824
6292 12870
17452 5919
6492 2091
28757 1176
10391 9591
25752 14713
9808 12270
23731 7714
23182 11126
20681 1185
3997 14491
29014 1651
31365 6187
23215 14456
3397 12102
9105 10958
20343 8468
33677 13679
28016 13758
5684 6449
24075 3409
7808 9319
31658 14681
1326 10047
17810 7908
21775 10793
1376 11180
14625 4869
13769 1851
33801 13514
30596 10123
12679 6423
33294 8589
29873 5973
4893 1679
31454 1999
29025 13130
9285 467
14720 11420
10265 4936
20293 2144
713 10456
29433 2490
17482 2070
17475 14804
8923 10196
33648 5132
8876 2392
7917 14717
5114 15028
26129 6816
4422 6252
7703 9572
27508 1685
34735 15187
13265 11624
18700 9523
26789 14383
81 5237
26486 13531
26086 3938
1498 8750
5731 10334
4367 1889
30655 4381
9131 17
5487 10349
10038 11027
21551 10511
14924 1764
4994 5751
18726 4703
94 2019
20266 3137
10644 5669
31173 3111
16184 2176
6403 3757
12072 15174
653 15181
3840 6122
114 13701
3635 15841
9841 1679
34490 8740
1923 9497
16638 3774
21402 7067
3185 6344
16574 5978
8705 5139
20678 14863
30465 14267
28862 11761
22910 5394
30224 5130
20739 11445
7517 9974
28239 490
28834 5809
9443 7977
8366 5595
23019 4440
6312 693
33165 10552
18562 8091
942 10378
25540 7275
18221 7458
7688 16280
1768 4959
117 2714
21327 6395
11003 10425
18453 7619
23150 8838
29105 7165
11469 2804
32155 14067
26961 10298
22900 15914
12382 6337
7989 2853
34879 4704
14624 4311
34742 5641
1762 15592
12809 14942
22952 2188
12807 9231
9557 417
21823 7756
3833 11908
597 1373
14119 12221
2829 11057
31817 3946
23250 3845
28333 3991
10087 6758
25049 4507
12647 12493
35022 11132
18440 12501
28831 12710
9337 6034
5224 7643
9393 15227
13173 6332
33743 4311
17200 7431
24917 15330
23556 7040
29784 15783
25258 16067
5888 13880
13669 6793
28148 2584
17394 4954
4822 12523
16293 6609
5265 9153
3632 9632
13603 6292
3529 1426
3261 2075
11421 4781
12315 1542
8028 15520
23200 12423
18803 5314
22615 7391
28352 1519
10634 2636
13142 10581
21684 58
12086 6256
26533 5867
31081 9124
20424 14069
8025 6313
16085 7924
13246 7622
32816 10634
5441 6776
31832 9497
553 14735
21315 4310
21582 10880
29725 8103
18441 6671
17688 6085
901 7137
9510 1757
8658 5864
25838 13461
18952 6985
13480 14316
16290 13306
10468 4840
34413 776
22060 13569
2583 8777
612 2088
31078 15503
28652 453
4816 12853
3455 1832
10962 13321
33011 12500
2891 11639
7474 1274
33744 12597
12725 13747
25536 7402
10139 15268
33206 1809
9581 15324
27953 8104
7108 5829
1007 2476
8577 2262
27064 15471
966 2518
17882 6480
2118 16059
14324 13999
23123 9012
29581 16065
17702 10613
13646 3927
8414 14072
15124 7597
14834 8320
17592 10381
34025 6014
28470 870
2918 12982
14914 6588
22653 8216
12020 8376
13447 11206
23470 15713
33589 637
1553 14161
34763 4567
26228 1514
10748 11083
6991 15203
7529 6720
13102 11761
11491 7657
25117 7028
26592 3952
31926 12317
28343 8431
23952 10198
34544 10735
4769 3116
25474 15005
13512 10177
26181 14923
30073 14608
23629 14969
2393 5610
24216 11512
3736 581
29537 14178
32192 6678
33661 1061
5251 4718
18547 15779
987 4920
21434 9475
7674 14111
27641 7802
10438 10053
6490 11314
13029 8420
31009 6570
25011 4548
32028 11737
15175 763
17279 15791
22496 11921
29511 13880
1926 1795
34218 5913
22692 11094
25644 479
21416 13764
3927 4213
22121 5930
14842 4693
14924 3650
2746 1402
32169 1900
6751 5941
21979 1012
30467 522
20824 7456
23778 5538
33157 10344
24684 3245
33488 7099
15157 5805
21102 16270
17640 15018
20264 7366
27839 4963
13944 4355
23969 12691
1883 8280
31600 15227
26613 2165
13566 7431
31368 9322
20460 7909
13413 2064
21206 15747
8433 1594
14756 8107
24152 13518
32748 10483
24460 12777
34791 2936
12839 533
34349 5420
3983 7397
11200 15085
25588 368
26356 771
671 6408
8204 9777
31747 1925
11709 4170
16482 1925
21032 852
28116 13146
18201 12986
31425 5621
6317 7730
6002 938
15930 9541
17785 4063
2379 13844
31803 1480
22781 15001
3502 12606
3305 15979
11161 399
7582 12301
20791 3485
11075 6410
28379 13640
10649 2848
27362 13279
16390 2641
2296 13747
20266 12538
746 6724
34116 8729
23080 15911
30937 10261
4814 11561
22973 8808
29241 10136
19001 9089
33765 11869
10454 16072
29234 16019
33797 2832
7630 3179
33254 2276
4727 2790
30520 3787
5173 10216
24984 2350
5109 4338
23156 6415
8275 7432
20900 15150
10492 11563
4692 11209
19896 11548
13798 4357
27766 6413
31577 2566
5356 7069
29723 8010
8821 14991
34536 6870
27385 6121
34462 10767
26510 4621
10662 809
22938 2564
29614 6632
24297 10515
26257 11168
30648 10320
17573 1372
12459 4780
27530 15331
21348 1153
3606 3247
31433 1457
8166 11314
9889 4324
21842 13464
23485 6174
20671 7049
2449 8657
12879 7761
13531 5349
7842 3658
5702 1414
126 12669
31167 7181
25048 8317
19188 15234
22083 1574
1853 15754
21375 2612
10985 3378
20229 331
33364 15922
23895 10913
18897 7024
34756 3376
15529 9789
14455 10498
15991 385
14358 13517
21161 4625
29605 4555
16671 13803
12204 7213
30874 1071
19240 3508
25949 13585
20330 13819
31530 3354
25185 6102
23531 12970
862 14097
11853 4423
12605 5221
22308 11198
522 7041
22673 4559
15230 12822
6729 7081
34930 8323
23625 5828
22806 3494
17983 5228
29973 13836
28661 286
30130 12742
19022 12425
24972 8485
814 14907
20659 2231
22656 8567
5366 8499
15468 5791
7672 3857
34431 3680
217 12990
4305 12986
30243 15141
24222 13899
23624 10295
452 14568
27752 9552
3392 15075
371 6413
16462 6749
18431 11855
2943 10575
594 13375
15543 673
4877 1878
16098 9600
4171 7849
229 79
29072 6591
18498 75
24823 12397
1690 14919
15053 11476
30044 15670
8388 9547
3877 15821
23307 7331
18206 9988
10253 10765
31462 6310
3868 2733
31069 10539
13978 2836
27939 3850
15025 2995
3361 13672
28795 11232
21927 6813
29993 12981
17806 10861
19405 5346
9337 10921
20784 7456
23784 12450
8291 9158
5883 7791
192 6081
8807 15868
26289 15527
19945 8872
33640 12166
19014 11434
8079 13922
28651 13259
18808 12255
2316 5744
1234 11824
16876 717
9685 6741
24188 12472
29476 4901
11300 8249
22733 2564
2362 6230
17559 11092
9172 12008
15017 15872
33644 3955
9123 9232
19954 3408
2789 7739
12436 6373
19194 10320
9087 5270
22636 778
9517 11794
32074 12797
7620 9400
32757 14878
6254 10659
2496 11970
27607 1533
6904 2
28876 6299
15272 8388
9453 4408
28660 11730
6162 1393
14190 10736
1111 16246
22160 7526
18908 3806
31919 14105
30169 9221
25561 8983
18106 7925
35115 3979
20102 1576
28089 1095
10533 3947
31883 9632
23259 9748
215 16028
34651 14668
6941 11135
32490 9547
29696 9311
7627 14254
24374 9270
34779 16266
5198 5455
16850 12125
26068 7119
13436 5987
25312 656
7718 12694
6741 9587
26922 7847
8659 15854
7980 6602
25903 8845
25601 9682
10135 12709
1251 5535
31820 1877
19785 7764
7432 8166
20479 785
1858 6865
11344 13142
34441 13679
32917 5195
19172 7042
6848 2947
6486 7751
26386 11850
20391 3986
27644 3016
13553 10980
8378 16056
31753 9463
18918 14619
1764 13678
4057 10334
23078 13532
12102 9549
19481 5133
7664 6722
4195 13796
13188 6913
16239 10561
1042 5562
27509 8480
7036 10052
10691 14226
30916 7771
27315 6637
4686 11031
1823 3484
8541 107
21138 10925
33653 15356
