930 961
370 656 895 870 271 498 173 173 629 876 225 552 104 417 840 440 551 727 307 325 374 713 343 398 668 619 313 355 191 294 714 552 439 163 479 161 32 557 21 456 310 143 115 138 870 743 925 206 410 758 446 326 46 893 747 134 635 880 802 11 599 195 626 849 316 830 116 51 745 292 5 526 17 842 726 681 6 370 131 168 605 332 918 384 753 230 399 760 802 147 656 871 573 89 115 599 381 232 902 708 123 760 859 681 547 235 64 383 851 506 838 370 90 762 156 605 244 204 605 329 231 803 79 475 696 341 667 225 829 853 678 703 131 607 474 685 645 840 904 19 827 528 208 390 84 351 131 863 15 622 212 792 234 930 780 11 578 492 383 183 191 267 168 308 525 851 138 470 449 280 734 512 522 17 437 59 761 552 510 886 667 626 371 915 825 601 217 7 918 805 838 752 43 844 303 417 878 169 448 921 150 279 181 310 361 378 877 463 802 381 314 877 72 446 713 354 563 740 726 448 681 18 606 265 547 74 512 173 303 383 181 33 95 514 779 478 153 726 371 194 75 831 885 303 924 479 878 455 877 793 696 628 614 97 378 746 429 694 272 573 439 889 909 506 734 327 829 216 498 659 285 700 183 19 204 551 771 682 29 863 612 825 918 664 115 855 803 314 379 58 67 377 37 500 26 274 21 248 62 378 271 552 681 255 15 815 802 29 384 429 397 850 474 156 827 709 243 310 786 735 225 605 570 257 316 849 507 708 439 921 437 301 598 925 329 762 326 908 926 664 688 456 679 190 153 118 278 64 751 393 924 374 542 327 504 456 463 138 855 710 207 889 281 32 186 168 652 802 414 97 696 456 807 304 409 401 709 838 73 35 726 398 229 681 116 437 484 462 235 397 115 296 688 211 664 90 265 341 455 530 452 82 354 378 296 895 829 838 656 105 547 395 503 802 822 607 502 7 491 693 454 909 87 726 383 338 682 533 802 712 764 449 155 927 628 748 211 447 924 343 834 228 566 304 784 528 682 248 827 766 877 425 78 605 219 685 753 465 613 343 205 429 271 292 741 661 156 285 657 681 509 829 281 310 512 920 183 97 168 819 451 922 884 383 522 694 884 428 429 439 562 482 212 395 282 64 821 392 691 235 399 341 303 710 908 279 255 173 368 84 814 303 762 243 812 211 607 104 391 11 151 779 445 539 926 552 802 418 503 307 756 167 568 469 116 153 125 812 33 439 75 75 439 255 329 518 326 539 819 714 75 681 212 916 366 225 551 600 758 725 884 11 793 461 594 225 366 307 178 838 781 764 849 369 563 288 394 119 387 295 820 752 538 276 125 683 750 460 904 327 577 468 822 303 503 370 837 767 659 705 245 271 37 854 75 641 307 822 562 172 391 679 256 622 19 665 300 324 664 452 588 733 260 391 746 578 271 741 764 927 63 106 825 194 713 11 440 92 886 212 491 245 325 174 58 26 752 767 780 230 740 377 878 501 250 851 827 782 17 789 542 517 463 207 866 399 166 705 550 294 425 730 667 792 706 189 624 449 125 475 849 763 704 451 851 486 563 726 449 551 910 371 358 489 13 84 849 605 572 860 763 758 229 551 691 95 32 176 64 529 577 880 52 628 859 361 489 244 394 607 786 430 827 713 915 547 784 240 93 926 315 802 225 341 22 707 410 403 32 454 802 214 899 785 885 126 799 255 737 23 753 244 779 638 812 882 225 530 81 287 702 314 304 44 59 225 19 148 792 689 219 823 621 766 789 309 62 119 726 295 664 105 337 84 98 156 185 607 194 137 315 654 156 539 181 368 393 383 359 620 26 326 664 120 822 600 609 322 887 529 790 563 678 194 156 127 475 753 378 625 734 844 645 863 37 640 802 406 659 922 43 479 398 81 689 847 353 384 336 384 891 128 33 300 667 44 46 796 -1 716 32 578 43 255 110 491 557 439 642 741 325 854 918 733 497 643 353 672 452 249 478 172 480 882 684 726 225 560 484 52 168 888 551 7 32 444 169 43 784 578 877 257 682 535 503 393 207 592 796 506 584 315 124 398 202 283 687 530 22 899 876 143 786 818 796 799 65 228 186 371 120 368 775 664 285 895 288 405 115 840
1 3 1
1 633 1
1 408 1
2 573
2 628
2 444
1 25 1
1 574 1
1 218 1
2 641
1 660 1
1 565 1
1 318 1
1 251 1
2 243
1 835 1
2 745
2 257
2 825
1 255 1
1 870 1
2 67
2 263
2 469
2 856
2 144
1 490 1
1 619 1
2 625
1 188 1
2 148
2 739
1 560 1
1 180 1
1 149 1
2 136
1 693 1
2 654
1 681 1
2 465
2 473
2 879
2 663
2 814
2 247
1 843 1
2 570
2 320
2 442
1 233 1
1 309 1
2 724
2 502
1 434 1
2 632
1 572 1
1 703 1
1 809 1
2 542
2 213
1 853 1
2 226
2 43
2 292
2 814
1 468 1
2 301
1 926 1
1 2 1
2 32
1 683 1
1 449 1
2 596
2 529
2 608
1 908 1
1 641 1
1 404 1
1 752 1
2 263
2 560
2 243
2 629
1 397 1
1 141 1
1 758 1
1 683 1
1 827 1
2 831
2 568
2 598
1 177 1
1 72 1
2 768
1 898 1
2 303
1 441 1
1 90 1
1 46 1
2 143
2 586
2 178
2 889
2 119
1 196 1
1 206 1
1 787 1
1 67 1
1 867 1
1 905 1
2 454
2 530
2 713
2 654
2 538
1 333 1
1 549 1
2 62
2 837
1 96 1
1 652 1
1 195 1
2 244
1 594 1
1 570 1
1 900 1
1 26 1
2 104
1 668 1
1 261 1
1 820 1
2 761
2 532
1 660 1
1 17 1
1 680 1
2 48
2 461
1 225 1
2 533
1 567 1
1 150 1
2 705
2 279
1 244 1
2 135
2 890
1 393 1
2 50
2 519
1 428 1
1 206 1
1 756 1
1 160 1
2 555
2 93
1 567 1
1 870 1
2 716
1 114 1
2 860
1 14 1
2 309
2 830
1 720 1
2 729
1 223 1
2 540
2 673
1 234 1
2 562
1 244 1
2 186
2 20
2 99
1 166 1
1 108 1
2 691
1 583 1
2 850
2 197
2 840
1 4 1
1 629 1
1 577 1
1 397 1
2 814
2 824
2 541
2 780
2 285
1 709 1
1 597 1
2 675
1 426 1
1 742 1
1 590 1
1 853 1
1 51 1
2 512
2 363
2 159
1 78 1
1 132 1
2 300
1 536 1
2 621
1 678 1
2 89
2 704
1 635 1
2 643
2 753
2 131
2 326
1 113 1
1 254 1
2 282
1 572 1
2 166
2 160
1 610 1
2 864
2 658
2 231
2 630
1 6 1
2 421
2 285
1 844 1
2 751
2 25
1 319 1
1 352 1
1 481 1
2 696
1 149 1
1 119 1
1 143 1
1 259 1
2 911
1 205 1
1 745 1
2 644
1 780 1
2 675
2 268
2 227
1 755 1
1 43 1
1 185 1
1 509 1
2 710
1 135 1
1 767 1
1 67 1
1 103 1
2 561
2 337
2 326
1 656 1
2 877
2 433
2 547
1 22 1
1 205 1
1 770 1
2 134
2 40
2 152
2 58
1 111 1
2 673
1 617 1
2 840
2 414
1 482 1
2 280
1 245 1
1 482 1
1 246 1
2 367
1 574 1
2 639
2 745
2 567
1 327 1
1 78 1
1 459 1
2 541
1 663 1
2 349
1 837 1
2 663
1 706 1
1 878 1
2 514
1 208 1
2 400
2 470
2 805
1 18 1
2 133
1 109 1
1 638 1
2 151
1 314 1
2 369
2 878
1 553 1
2 222
1 319 1
1 726 1
2 63
2 236
2 792
2 727
1 609 1
2 590
1 124 1
1 211 1
2 569
2 690
1 257 1
2 471
1 425 1
2 1
2 335
1 870 1
1 268 1
2 695
2 503
2 28
1 622 1
2 15
2 917
1 836 1
2 324
2 245
2 793
2 201
1 846 1
1 74 1
2 851
2 510
1 90 1
1 188 1
1 575 1
2 704
1 908 1
2 694
2 136
1 859 1
1 512 1
2 802
2 726
2 696
2 519
1 778 1
1 516 1
2 598
2 786
2 86
2 347
1 857 1
2 767
2 655
1 144 1
1 34 1
2 796
1 114 1
2 266
2 563
2 252
1 873 1
1 361 1
2 865
2 244
1 481 1
1 573 1
2 776
1 62 1
1 278 1
2 112
1 171 1
1 724 1
1 32 1
1 799 1
2 204
1 655 1
2 587
2 646
2 446
2 660
1 697 1
2 90
2 200
1 868 1
2 401
1 925 1
2 457
1 248 1
2 388
1 333 1
2 15
1 470 1
2 569
2 305
1 60 1
1 909 1
2 809
2 686
1 216 1
1 769 1
1 526 1
2 842
2 378
2 314
1 675 1
1 302 1
2 149
1 252 1
2 609
1 906 1
1 171 1
2 895
1 204 1
1 304 1
1 798 1
1 186 1
1 260 1
1 820 1
2 480
2 327
2 23
1 82 1
2 342
2 766
2 634
2 245
2 929
2 16
1 565 1
1 140 1
1 116 1
1 255 1
1 909 1
2 784
1 70 1
1 95 1
1 599 1
2 661
2 447
1 510 1
1 492 1
2 625
1 456 1
1 173 1
1 308 1
2 403
2 29
1 336 1
2 694
2 507
2 592
2 369
1 320 1
2 355
2 832
1 257 1
1 311 1
2 379
1 728 1
1 133 1
2 58
1 254 1
1 839 1
1 290 1
2 388
2 773
2 890
2 608
1 187 1
1 169 1
2 166
2 723
2 776
1 552 1
2 355
2 491
2 388
1 771 1
1 916 1
2 636
1 216 1
2 586
2 145
1 413 1
1 865 1
1 41 1
1 871 1
2 893
1 357 1
1 874 1
2 786
2 507
2 30
1 930 1
2 781
2 334
1 163 1
1 91 1
1 680 1
2 802
2 683
2 98
2 709
2 38
1 709 1
1 587 1
2 838
2 629
2 344
1 772 1
1 49 1
2 79
2 517
1 189 1
2 370
2 861
2 225
1 457 1
1 524 1
1 918 1
1 14 1
1 260 1
1 191 1
1 643 1
1 755 1
2 412
1 605 1
2 812
1 182 1
1 677 1
1 867 1
1 403 1
2 643
1 186 1
2 261
1 467 1
2 739
1 194 1
1 792 1
2 328
1 154 1
1 882 1
1 251 1
1 271 1
2 721
1 420 1
1 622 1
2 778
2 599
2 489
1 595 1
1 413 1
1 663 1
1 513 1
2 15
1 725 1
2 466
2 385
2 653
2 339
2 601
2 214
2 411
1 107 1
1 884 1
2 7
2 725
1 791 1
1 788 1
1 825 1
1 899 1
1 652 1
2 553
1 587 1
2 515
1 291 1
1 818 1
2 449
2 466
1 133 1
2 143
2 694
1 597 1
2 884
2 533
1 193 1
2 921
2 805
1 9 1
2 296
2 203
1 906 1
2 1
2 470
2 800
2 695
2 124
2 634
1 764 1
1 173 1
2 673
1 215 1
2 143
2 203
1 610 1
2 600
1 560 1
1 569 1
1 312 1
1 169 1
1 276 1
2 882
1 755 1
1 776 1
1 356 1
2 404
2 664
1 832 1
1 49 1
1 911 1
1 386 1
2 769
2 313
1 167 1
1 861 1
2 297
2 616
2 506
1 328 1
2 786
1 329 1
1 665 1
2 910
1 171 1
1 326 1
2 778
1 471 1
2 216
1 253 1
1 330 1
2 663
1 415 1
1 832 1
1 736 1
2 419
2 534
1 839 1
1 491 1
1 357 1
2 528
1 603 1
2 319
1 292 1
2 853
2 357
2 271
1 486 1
2 195
2 520
2 703
1 525 1
2 447
2 605
2 598
1 69 1
1 778 1
1 816 1
2 827
1 787 1
2 917
1 693 1
1 509 1
2 103
2 808
1 318 1
1 234 1
1 431 1
1 43 1
2 773
1 640 1
2 224
2 863
1 622 1
1 23 1
1 730 1
1 466 1
2 195
2 115
1 452 1
1 601 1
2 292
1 295 1
1 436 1
1 808 1
1 765 1
2 122
2 823
2 329
2 368
1 893 1
2 213
2 316
2 254
1 429 1
2 730
1 230 1
1 833 1
2 533
1 170 1
2 440
1 521 1
1 308 1
2 915
2 185
1 814 1
2 135
2 488
2 707
1 500 1
2 77
2 168
1 645 1
2 536
1 477 1
2 713
2 169
1 747 1
1 554 1
2 677
1 193 1
2 353
1 745 1
2 276
2 349
2 682
2 800
1 50 1
2 247
2 224
1 722 1
1 35 1
1 338 1
2 667
1 62 1
2 113
1 601 1
1 609 1
2 585
2 900
1 861 1
1 360 1
2 147
2 510
1 786 1
1 804 1
2 709
1 424 1
2 381
2 584
2 601
1 702 1
1 727 1
1 818 1
2 780
2 870
1 367 1
1 607 1
1 329 1
1 379 1
2 697
2 535
1 497 1
2 98
2 678
2 150
2 171
1 445 1
2 598
1 293 1
2 896
2 883
1 345 1
2 626
1 266 1
1 431 1
1 418 1
1 896 1
1 309 1
1 814 1
1 194 1
1 839 1
1 446 1
2 142
2 739
2 910
2 291
1 381 1
1 222 1
1 60 1
2 452
2 585
1 210 1
2 702
1 898 1
2 573
1 402 1
1 81 1
2 46
1 844 1
1 883 1
2 467
2 830
1 2 1
2 109
2 663
1 690 1
1 179 1
2 3
2 823
2 506
2 754
2 292
2 283
1 900 1
1 207 1
2 564
2 748
2 830
2 279
2 105
1 566 1
2 199
2 469
2 391
1 805 1
1 584 1
2 841
1 375 1
2 754
1 21 1
2 606
1 688 1
2 317
1 276 1
1 677 1
2 608
2 132
2 685
1 691 1
2 716
1 443 1
1 742 1
2 196
1 823 1
2 246
1 466 1
2 198
1 134 1
1 358 1
2 38
2 798
2 644
2 448
2 918
2 692
2 522
2 307
2 405
2 603
1 507 1
1 106 1
2 576
1 503 1
2 839
1 794 1
1 731 1
2 505
1 820 1
1 83 1
2 405
2 344
1 898 1
2 246
1 96 1
1 770 1
1 456 1
1 746 1
1 234 1
1 612 1
1 658 1
1 797 1
2 865
2 665
1 683 1
1 294 1
1 181 1
2 595
1 404 1
1 853 1
1 871 1
1 816 1
2 769
1 3 1
2 431
2 830
1 895 1
2 712
2 94
1 225 1
1 295 1
1 255 1
2 577
1 571 1
1 175 1
1 612 1
1 83 1
2 411
2 673
1 372 1
1 267 1
1 888 1
2 306
1 143 1
2 120
1 397 1
1 189 1
2 76
2 762
1 763 1
1 434 1
2 676
2 221
1 834 1
2 883
1 145 1
1 682 1
2 226
2 278
1 735 1
1 561 1
1 156 1
2 779
2 134
2 189
2 483
1 391 1
1 303 1
