905 987
342 261 796 497 205 829 436 295 244 865 891 820 257 770 75 779 359 483 45 32 468 527 361 294 362 662 679 395 94 839 1 882 361 687 861 841 327 555 364 97 370 732 755 463 530 141 515 79 420 239 538 229 678 142 125 621 862 631 849 403 844 51 751 254 379 51 140 882 676 540 165 373 603 295 391 652 373 392 879 261 750 380 633 600 843 338 437 27 114 405 647 22 260 206 98 680 374 300 676 360 806 4 763 185 799 837 742 549 730 32 748 519 582 105 127 716 885 675 461 539 294 239 338 155 680 730 526 458 491 738 655 17 113 109 597 440 824 822 472 262 616 556 884 702 755 443 7 170 423 69 443 680 214 244 784 604 526 102 513 700 385 32 343 32 373 696 771 736 214 640 400 716 468 669 843 882 560 548 380 620 125 581 546 482 89 864 900 561 153 554 557 44 81 656 467 661 854 649 549 690 611 397 736 482 420 891 662 539 304 793 531 44 791 113 325 784 242 864 833 727 564 865 275 636 729 44 594 745 240 865 172 331 126 150 646 873 548 570 247 761 249 677 458 492 564 192 582 717 680 652 712 271 796 761 800 483 329 687 127 247 679 338 373 895 113 472 351 676 643 239 243 59 357 369 808 35 561 739 110 387 594 75 196 249 859 529 115 875 678 202 833 529 383 564 637 364 101 480 291 385 114 668 305 468 157 501 539 665 682 492 517 706 753 115 673 260 235 482 165 218 375 755 113 645 465 319 115 572 127 891 731 573 655 640 436 298 115 132 202 23 354 287 527 532 853 380 604 687 692 618 582 681 569 600 271 420 755 627 837 235 469 691 221 854 408 629 196 556 385 852 882 24 799 777 472 871 209 301 445 640 188 891 352 265 526 835 794 81 230 835 570 485 213 376 668 328 733 167 108 817 637 20 44 386 687 175 244 112 741 282 178 282 157 554 27 696 491 705 897 492 738 210 218 882 98 156 325 562 7 538 48 871 542 42 554 680 883 462 43 123 512 817 834 761 721 851 865 269 230 202 683 729 109 777 385 212 516 799 839 300 761 636 640 5 876 105 451 526 491 213 575 122 289 434 156 283 826 143 859 385 172 458 829 548 870 539 69 205 85 401 582 305 527 418 268 596 319 338 219 896 746 205 506 638 871 221 247 461 348 343 79 241 129 26 839 715 860 857 304 257 750 665 423 50 422 -1 385 172 91 165 527 401 91 339 28 241 142 596 603 26 282 777 456 711 492 141 76 214 263 75 871 655 711 157 303 603 883 114 604 114 384 647 222 209 539 581 6 706 223 113 865 229 901 300 741 469 67 841 808 777 876 305 506 308 420 7 232 703 891 861 92 691 109 502 482 127 148 532 569 711 212 755 582 369 471 391 472 753 869 839 472 5 218 53 209 214 449 512 837 491 708 528 461 834 537 338 150 209 624 673 626 347 76 623 30 854 10 178 234 205 691 863 531 113 539 204 113 893 238 211 539 436 559 334 582 646 383 528 520 894 891 870 603 111 836 529 719 221 721 246 751 132 68 806 728 721 777 281 811 882 799 625 491 192 191 652 249 635 495 609 662 797 651 130 253 458 392 648 400 361 876 342 7 773 259 218 701 744 647 79 837 902 641 871 327 75 317 458 305 740 356 425 160 496 316 508 254 544 235 569 799 357 468 767 453 835 683 305 291 604 211 17 783 106 205 454 227 545 170 68 363 777 876 380 32 44 761 178 318 393 480 251 32 321 357 850 435 449 391 524 839 472 224 824 207 385 620 406 533 322 637 260 17 894 612 204 227 580 101 34 128 239 465 125 538 713 870 758 680 9 561 331 417 551 692 536 223 674 865 683 680 620 125 331 584 621 882 687 854 700 781 334 736 846 579 324 734 320 359 568 564 755 305 369 459 882 436 241 373 581 322 596 571 502 46 590 8 304 828 415 835 403 608 655 403 66 340 47 709 679 603 550 374 837 127 611 625 750 854 304 709 854 811 870 779 43 866 246 219 690 122 157 806 824 294 520 147 125 132 117 247 11 420 436 881 515 185 125 86 127 492 542 493 329 544
1 514 45932
2 845
1 283 25325
2 748
2 817
1 118 12360
2 344
2 651
2 888
2 520
2 834
1 739 70762
2 365
1 694 54772
1 556 81140
2 191
1 531 75395
2 265
1 296 60512
1 340 60180
1 80 38697
2 221
1 93 61219
1 201 93557
2 649
1 643 43205
2 410
1 478 54888
1 118 60061
2 418
1 56 9030
1 830 439
2 132
1 82 33375
1 293 34151
2 810
1 304 80272
1 802 38289
2 603
1 540 62508
1 308 44265
2 278
2 201
2 331
1 176 78533
2 572
1 895 89760
2 386
2 387
2 720
2 513
2 838
1 257 97461
1 859 26518
1 794 81995
1 125 5166
1 803 61563
1 393 11850
1 649 83654
2 773
1 879 5755
2 858
1 614 55767
2 669
1 260 71170
1 266 92953
1 504 61142
2 505
1 101 56978
1 631 20885
2 104
1 110 78925
1 738 90718
2 843
1 736 92539
2 63
1 681 68360
1 468 41633
1 829 79955
2 839
1 25 26215
2 613
2 304
2 726
1 527 32467
1 381 82155
2 678
1 294 61788
1 790 20989
1 322 50785
2 777
2 481
1 847 79442
2 471
1 54 55352
2 397
2 146
1 366 87557
2 443
2 326
2 56
1 463 49116
1 83 9601
2 720
2 807
1 414 70238
1 811 47600
1 568 40806
2 109
1 93 33595
2 50
1 14 46765
1 66 13735
1 299 29202
1 114 99098
1 367 37215
2 223
2 671
2 889
1 241 52434
2 793
1 254 31757
2 730
1 807 3847
2 347
2 487
2 101
1 36 25584
2 233
2 205
1 249 1005
1 325 28247
1 65 93942
2 183
2 418
1 325 60644
2 470
1 186 11143
1 629 15560
2 905
1 512 68749
2 695
2 136
1 155 81349
2 207
1 114 190
2 805
1 373 45072
1 726 10889
1 576 51003
2 401
2 39
2 851
2 774
1 842 4511
2 821
1 825 37503
2 561
2 9
1 33 82600
1 612 39646
2 307
2 453
1 216 55776
2 131
1 139 86368
2 724
2 44
2 375
1 496 36507
2 59
1 271 72795
1 751 65852
1 528 24506
2 147
1 275 24433
2 584
1 507 19776
2 509
2 221
2 714
1 452 6667
2 229
1 666 56098
2 28
2 322
1 810 2681
1 194 22578
2 637
1 308 83818
2 246
2 485
1 573 95589
1 250 67478
1 404 81747
2 714
1 489 25570
2 163
1 176 81635
1 812 20647
2 821
2 905
2 628
1 253 29092
2 403
2 148
2 7
1 329 86811
1 243 47437
1 753 90403
1 237 85281
2 266
1 769 55864
1 815 58936
2 224
2 232
2 456
2 749
1 596 67181
2 86
2 12
1 280 83652
2 459
2 704
2 160
2 746
2 114
2 841
1 564 58922
2 290
2 897
2 679
1 874 53143
1 474 3968
2 108
1 521 6229
1 372 14586
1 447 51505
2 769
1 183 45722
1 69 3784
1 826 91489
1 426 10785
1 884 59124
1 332 57582
1 743 57263
2 460
1 130 47749
2 204
2 89
1 732 28477
1 525 38878
1 720 90308
2 436
1 498 38127
1 617 67556
2 472
1 782 9488
2 249
2 842
2 745
2 790
2 97
1 580 74494
1 196 76638
2 895
1 236 2417
1 32 53300
2 209
2 735
1 330 7206
2 622
1 905 1048
1 398 83842
1 123 72790
1 476 91126
2 848
1 677 98116
1 209 45862
2 697
1 550 32643
1 602 85593
1 360 25416
2 141
1 342 80402
2 894
2 241
2 595
2 277
1 19 57664
2 563
1 776 72082
1 601 93532
2 206
2 510
1 866 73974
2 879
2 90
2 615
2 190
2 837
1 69 56608
1 432 14827
1 440 88494
1 895 81723
2 862
2 302
2 125
1 126 343
1 519 18912
1 503 5733
2 779
1 382 4738
1 228 76049
1 111 67428
1 289 48177
1 230 41424
1 382 2661
2 826
1 610 79691
1 242 93905
1 421 6270
1 559 25613
2 610
2 438
1 648 35456
1 339 64924
1 816 9844
1 817 15228
1 318 10257
2 267
2 142
1 29 81514
1 660 4268
2 500
1 159 32853
1 18 29247
2 138
2 193
2 516
1 100 40076
2 642
2 785
1 842 29099
2 865
1 395 656
2 759
2 1
1 846 27923
2 31
2 860
1 12 34965
2 96
1 488 71789
2 78
1 798 13419
1 283 87513
2 36
2 704
1 784 18448
1 737 23716
1 526 9527
1 575 72584
1 75 40342
2 68
1 332 60421
1 801 66176
2 882
1 755 98546
2 356
2 663
1 209 28867
1 45 67363
1 749 17303
2 628
1 344 53072
2 303
1 190 80087
1 736 6616
1 698 15232
2 266
2 849
1 870 36659
2 434
2 555
1 514 28499
1 358 80590
2 178
1 41 34215
1 839 64372
2 441
1 260 52562
1 95 83692
1 662 11606
2 211
2 187
2 199
2 894
1 241 38524
1 866 73956
1 176 7778
1 361 29385
2 132
1 755 65854
1 142 48728
1 192 67954
1 141 96682
1 483 66949
2 251
2 650
1 821 39772
1 655 18353
2 709
2 151
2 58
1 88 89220
1 377 34689
1 856 77546
1 346 1900
2 759
2 811
1 778 1243
2 377
1 667 9868
2 545
2 154
1 624 22607
2 709
2 309
1 853 48141
2 633
1 591 64520
1 885 79955
1 862 40228
2 387
2 528
2 443
2 728
2 491
2 653
1 187 64069
2 694
2 589
2 903
2 874
2 241
1 560 5082
2 859
1 487 92984
1 90 40398
1 645 63382
1 722 261
2 207
2 435
2 133
2 129
1 507 39691
1 535 41096
1 255 85763
2 742
2 7
2 659
2 121
1 101 82990
1 693 43759
2 5
1 528 52129
1 647 30430
2 425
2 320
2 852
2 801
2 360
2 404
2 178
2 712
2 154
2 572
1 792 4620
1 665 13922
2 623
2 538
2 461
1 196 80689
1 244 21983
1 448 58551
2 838
2 309
2 57
1 486 65011
1 413 99118
2 314
1 423 2561
1 234 22473
2 858
1 97 46214
1 230 49477
2 642
2 840
1 663 82155
1 267 37152
2 745
1 456 54474
1 177 58150
2 338
1 833 68290
2 152
1 314 26520
2 609
2 97
1 196 97039
2 665
2 390
2 854
1 252 19570
2 329
1 793 2721
2 182
1 537 41195
2 340
2 422
2 705
1 349 60861
2 78
2 127
2 450
2 170
2 900
1 152 90128
1 128 51381
2 454
1 345 79217
1 63 3546
2 716
2 454
2 23
1 113 98059
2 629
1 109 88526
1 574 93709
2 855
2 217
1 301 86460
1 474 78453
2 288
1 601 99385
1 599 39453
2 772
1 334 19165
2 859
1 536 51161
2 398
1 493 59627
2 366
2 10
1 876 8210
2 232
1 133 63678
2 674
2 519
2 559
1 798 83404
2 630
2 449
1 260 54756
2 382
1 204 59872
2 504
2 472
2 490
1 80 61724
1 651 57145
2 124
1 696 95549
1 192 22158
1 321 59618
2 561
1 313 11853
1 280 12930
2 737
2 391
2 207
1 649 46119
1 376 22501
2 94
1 730 16659
1 762 17345
2 79
2 160
2 617
1 404 43052
1 551 3976
2 108
2 41
2 258
2 394
1 745 32336
1 741 23002
2 584
2 158
2 67
1 420 96546
2 437
2 370
1 434 23166
1 814 29656
2 590
1 727 42323
1 153 60023
2 390
1 628 68120
2 301
1 285 41469
1 459 15721
1 905 13106
2 143
1 661 90923
1 263 72526
2 223
2 473
2 323
1 652 46686
2 276
2 425
1 238 41286
2 408
2 839
2 772
1 158 47876
1 210 41676
2 779
2 504
2 400
1 799 98860
2 52
1 165 15927
2 210
2 232
1 829 90367
1 773 72389
2 628
1 759 68867
2 400
2 30
1 754 262
2 148
2 271
2 464
1 383 25302
1 294 54867
2 198
2 582
2 279
2 578
2 744
1 773 43745
2 672
2 628
2 554
2 716
2 434
1 390 6830
1 816 77227
1 226 77649
1 192 81385
1 693 28028
1 133 95601
1 76 15814
1 1 60087
1 537 22081
2 593
1 201 829
1 77 14485
2 348
1 806 99054
2 502
1 35 38343
1 72 31119
1 53 1298
1 610 36450
1 687 45428
1 867 20601
1 865 97066
2 771
1 374 50594
2 629
2 304
2 865
1 560 39934
1 873 81778
1 661 61392
1 413 45524
2 217
2 739
1 73 78151
2 495
2 586
1 111 48188
2 123
1 677 40972
2 611
2 651
2 210
1 220 56878
2 245
1 366 5821
1 638 25239
2 111
2 696
2 480
2 536
1 681 58581
2 814
2 286
1 279 80533
2 627
1 795 67929
2 220
2 706
1 716 14171
2 162
1 348 40976
2 788
1 387 11210
2 786
1 506 85483
2 59
2 519
2 421
1 449 61749
1 651 40204
2 47
2 494
1 383 48755
2 478
1 819 37353
1 116 70322
1 557 65388
1 460 62382
2 300
1 225 73278
2 726
1 825 38914
2 15
1 899 97859
2 98
1 618 70679
1 10 94192
2 197
1 854 12884
1 287 45240
2 445
1 36 84509
2 355
1 445 30080
1 101 66653
1 699 92418
2 689
1 421 80063
1 555 33146
2 438
2 134
1 370 45539
1 201 67479
1 623 41946
1 286 24928
1 419 58882
2 611
2 771
2 819
1 582 57733
1 163 91525
2 201
2 822
2 438
1 289 26908
2 518
2 411
1 360 65155
2 232
1 453 40468
2 299
2 354
1 591 40011
2 825
2 104
2 367
2 330
1 753 99325
1 901 74689
2 567
1 359 81852
2 588
1 365 39938
1 414 89097
1 876 39839
2 687
2 522
2 791
1 380 51259
1 608 608
2 84
2 372
1 322 83104
2 513
2 660
2 504
2 778
2 741
1 3 80914
2 842
2 748
2 535
1 796 4439
1 796 34602
1 666 39051
2 703
1 312 76128
1 288 20245
2 82
1 787 68766
1 331 6933
1 96 86854
1 693 23234
1 43 30525
1 496 47361
1 282 51683
1 621 21711
1 450 74197
1 813 68951
2 859
1 718 4870
1 218 77391
2 823
1 473 32122
2 639
2 427
1 880 99052
1 847 7115
1 815 90756
1 368 86933
2 321
1 60 17273
1 229 76466
1 583 58841
2 299
2 276
1 738 47205
2 632
1 117 75974
2 686
1 80 19405
1 316 59433
1 680 90707
2 586
1 770 27911
2 204
2 149
2 389
2 606
2 648
1 666 47988
1 331 30942
1 338 73701
1 200 69335
2 645
1 596 15391
2 650
1 701 93630
1 739 60727
2 373
1 115 94413
1 822 34856
2 819
2 534
1 483 31950
2 566
2 860
1 387 92739
2 318
2 875
2 751
1 689 41108
2 792
1 776 24204
1 313 38393
2 460
2 18
1 139 3717
1 485 72560
1 618 82962
1 517 27895
2 395
2 366
2 660
2 125
2 362
1 388 38777
1 467 25992
1 252 49898
1 797 29007
1 580 34784
2 355
1 288 91420
1 885 1280
1 806 308
1 444 43539
1 343 70875
1 803 24471
1 633 76497
1 771 19682
1 314 6632
1 214 29349
1 367 24927
1 38 19028
2 837
1 598 90552
1 664 85082
2 305
2 203
2 621
2 328
2 30
2 240
1 681 68989
1 740 72933
2 91
1 835 11321
1 478 943
2 697
2 135
2 63
2 615
1 878 35708
1 527 70696
2 52
2 371
2 598
2 825
1 725 41661
2 99
1 693 2262
1 725 94049
1 223 39324
1 554 74862
2 193
2 49
1 231 85935
2 467
2 388
1 184 81709
2 647
2 843
1 67 62412
2 48
1 807 90964
2 682
1 287 88539
1 330 35057
1 200 93808
2 200
1 217 14588
2 96
1 167 14277
1 729 83537
1 336 34084
1 234 13806
2 867
2 471
2 735
1 242 80059
2 697
1 201 5007
2 629
1 397 98804
2 537
1 566 28258
2 154
1 145 63228
1 69 47012
1 632 94447
2 413
2 528
2 231
2 816
1 681 40674
2 98
