61 85
14 54 24 48 20 33 24 50 39 24 43 50 51 38 48 37 60 6 10 43 41 15 15 14 11 28 11 11 22 47 55 14 36 24 54 37 43 4 32 56 51 4 15 38 8 5 36 -1 37 48 32 6 17 10 34 3 54 2 38 20 53
2 24
2 43
1 31 81311
2 2
1 4 81863
1 52 19425
1 2 9416
2 15
1 59 82379
1 53 51693
2 58
1 7 74639
1 12 94971
2 10
2 48
1 5 47714
1 4 60686
2 37
1 51 65021
1 1 2919
1 8 88674
1 59 38939
1 39 14376
1 31 39198
2 54
1 55 9379
2 10
1 24 43642
2 59
2 39
2 39
2 34
1 48 33144
1 26 57275
2 36
2 26
1 57 70860
2 15
1 55 26171
2 55
2 31
1 8 69301
2 51
2 46
2 35
1 50 38150
1 33 744
1 5 37866
1 51 97946
1 7 10777
1 42 55576
1 16 77286
1 28 27258
2 17
2 5
1 22 8566
1 6 96443
1 4 89203
1 61 4944
2 40
1 35 43536
2 10
2 37
1 42 20100
2 5
1 12 75867
2 55
1 32 84370
2 2
1 43 16578
1 60 73886
2 57
2 23
1 24 93447
2 35
1 16 8056
1 44 99280
1 59 26912
2 19
2 6
1 6 27783
2 52
2 18
1 45 70092
2 59
