956 937
692 204 537 751 575 303 361 946 811 529 554 5 832 39 946 819 747 219 723 119 591 895 508 7 575 770 479 462 692 610 116 11 929 819 222 487 31 509 364 326 845 312 709 674 333 717 838 376 895 -1 162 451 119 128 756 528 784 361 417 77 388 361 62 418 740 875 326 361 62 669 824 660 863 673 398 611 610 106 873 557 630 642 129 68 823 398 690 399 847 819 473 65 783 131 752 649 321 729 693 816 184 840 338 603 750 10 685 726 467 890 101 831 549 60 315 823 429 116 361 616 406 759 610 878 380 244 642 361 737 361 493 737 449 784 604 752 695 779 62 912 220 221 714 732 115 262 945 429 854 468 663 846 713 720 816 493 784 203 46 642 58 709 428 752 376 279 895 184 292 439 926 730 380 86 670 66 266 188 213 369 128 321 666 125 364 850 3 669 99 181 929 370 823 50 388 631 128 34 260 836 687 194 784 39 357 480 870 529 91 69 116 311 337 252 235 81 806 950 113 760 894 132 680 367 90 903 512 716 64 90 493 225 108 740 157 320 597 822 740 809 521 674 228 369 292 805 719 643 729 693 904 802 369 266 363 463 140 572 473 304 32 272 110 57 297 361 766 411 835 532 874 846 607 712 710 441 761 315 446 394 14 202 695 508 68 843 188 920 500 158 845 204 674 35 787 731 716 801 287 352 860 168 890 388 509 361 213 160 666 949 506 137 710 135 819 174 666 813 404 204 760 396 529 522 430 39 543 361 781 688 580 751 610 263 253 549 190 10 801 684 412 478 789 54 476 937 210 652 119 674 253 685 684 201 151 337 567 772 32 578 819 690 152 819 226 575 626 910 266 953 662 567 492 892 820 729 161 162 665 737 871 220 43 204 938 142 705 119 690 491 771 669 118 810 90 160 519 194 547 883 871 407 389 27 33 198 69 764 933 779 172 293 634 31 197 142 642 275 74 770 529 639 181 633 767 160 106 779 505 819 863 162 299 551 757 151 325 938 10 226 23 412 342 323 164 150 328 509 740 598 303 404 841 222 160 946 864 158 626 203 678 119 693 63 210 678 121 10 603 164 196 606 361 525 381 723 47 845 892 62 833 749 194 50 132 948 198 438 121 478 220 417 4 380 235 226 697 335 873 479 913 725 767 492 904 364 255 717 226 505 751 871 693 244 266 84 358 313 473 100 693 230 166 768 823 359 737 176 674 460 948 480 333 857 545 34 926 784 541 27 228 862 508 167 154 771 315 830 190 311 283 678 4 857 323 336 660 130 307 263 812 319 841 953 240 610 863 487 60 729 622 399 121 133 364 723 3 105 470 62 493 14 132 351 646 155 180 583 569 177 449 809 158 780 932 337 622 737 126 695 761 355 137 830 883 863 832 27 119 631 190 531 338 862 508 901 679 809 185 231 732 477 942 463 729 785 283 845 940 725 674 66 361 492 369 230 129 678 570 815 642 770 197 248 780 50 816 892 65 127 574 449 880 226 835 731 505 319 693 220 490 808 475 34 76 575 206 602 770 381 399 779 737 784 487 784 951 810 508 687 353 463 204 160 575 699 181 473 225 815 278 819 239 131 590 689 844 123 770 223 621 412 736 519 845 10 808 439 740 648 531 337 487 693 905 34 34 810 133 384 640 816 801 572 669 692 449 25 740 809 684 121 455 724 723 422 266 819 442 770 770 132 7 395 846 642 787 611 642 647 173 723 47 827 587 508 760 233 311 297 119 792 141 140 509 951 266 286 420 50 833 157 197 590 627 869 823 76 642 173 64 448 917 50 39 593 167 830 447 334 91 179 830 905 210 926 306 235 953 117 157 462 625 788 631 791 198 674 674 325 633 784 506 595 590 674 800 587 50 235 762 839 674 34 317 615 21 256 846 740 478 63 953 583 500 417 864 662 674 952 929 293 455 184 197 62 91 53 926 693 933 135 458 266 400 177 39 662 752 204 177 667 244 463 131 739 161 320 19 493 177 665 62 313 631 890 209 593 137 779 13 71 829 221 212 234 184 192 242 235 342 198 690 751 50 506 955 631 694 109 717 189 62 687 725 948 285 245 478 554 863 431 669 918 903 240 206 850 900 948 133 876 353 680 748 129 590 48 871 48 41 882 880 895 92 553 398 665 791 593 300 509 925 651 831 929 39 361 247 203 44 333 590 5 486 636
1 726 88570
1 27 30895
1 247 54200
1 123 36845
1 221 658
1 479 31169
1 6 94356
1 593 51679
1 479 34953
1 281 72498
1 846 57103
1 170 71234
1 644 8572
1 707 36560
1 868 3944
1 531 71251
1 68 37670
1 694 41829
1 292 70820
1 513 52324
1 190 94689
1 648 26829
1 3 90292
1 392 12629
1 292 38095
1 184 94184
1 467 6129
1 767 4886
1 423 90437
1 792 64641
1 521 26639
1 941 33470
1 587 18318
1 766 28129
1 429 35579
1 176 84183
1 507 87654
1 766 74445
1 137 61611
1 541 1267
1 591 48525
1 848 63017
1 686 22096
1 683 20343
1 58 3726
1 656 66408
1 780 8278
1 885 94789
1 351 7237
1 154 72758
1 616 25012
1 809 78941
1 424 77894
1 811 83575
1 955 69325
1 90 97257
1 912 92947
1 40 12820
1 702 4245
1 955 13362
1 33 40389
1 85 20014
1 203 98176
1 637 36323
1 924 83839
1 764 86069
1 317 75779
1 64 28726
1 365 78255
1 766 39692
1 546 65056
1 842 40060
1 874 27500
1 7 33860
1 419 32296
1 290 8297
1 70 59990
1 944 60604
1 646 3735
1 280 55449
1 727 46749
1 687 17901
1 451 14773
1 568 23889
1 724 92625
1 813 31711
1 301 99555
1 25 30174
1 490 82202
1 12 27329
1 16 28797
1 282 3708
1 295 45764
1 35 55421
1 102 74053
1 830 85886
1 22 45910
1 576 92101
1 687 7623
1 490 15627
1 422 72293
1 763 6071
1 713 93343
1 483 66463
1 495 41152
1 321 86196
1 588 32684
1 943 83959
1 738 40451
1 101 40798
1 334 24122
1 438 51078
1 652 5424
1 67 91001
1 469 25077
1 206 99071
1 205 16798
1 83 40604
1 364 87017
1 637 73226
1 782 78689
1 624 79595
1 199 53544
1 929 99406
1 302 99931
1 771 97981
1 653 92965
1 169 63937
1 217 27193
1 53 88309
1 700 72772
1 864 64264
1 856 94140
1 829 10147
1 382 14228
1 78 22272
1 499 5082
1 409 55740
1 804 54512
1 137 35893
1 387 34002
1 312 53019
1 785 57169
1 223 2215
1 460 68521
1 876 11984
1 230 29940
1 221 92608
1 780 45519
1 796 78519
1 80 92825
1 673 40955
1 449 26865
1 234 37764
1 947 2348
1 473 65151
1 206 32384
1 896 91069
1 860 92564
1 904 13380
1 271 27662
1 815 35139
1 815 37876
1 949 64442
1 928 46847
1 814 26622
1 48 42668
1 522 61820
1 358 16486
1 493 48283
1 473 17022
1 421 16663
1 452 12592
1 43 44649
1 32 16530
1 63 56963
1 807 47392
1 797 29092
1 150 61789
1 661 5050
1 415 97331
1 650 71827
1 131 61755
1 457 13579
1 41 60651
1 565 4783
1 175 97882
1 749 75481
1 653 81228
1 210 6434
1 808 49411
1 204 17015
1 384 34567
1 473 86781
1 224 56890
1 740 82145
1 528 70362
1 140 95474
1 706 72800
1 916 3149
1 258 80419
1 65 32258
1 885 46706
1 681 50014
1 479 83539
1 701 75687
1 816 45884
1 846 93579
1 382 5140
1 613 96801
1 171 46605
1 394 30342
1 376 87487
1 226 86530
1 877 22403
1 234 38719
1 63 44919
1 391 68501
1 945 35865
1 213 42561
1 476 25113
1 13 20576
1 621 1135
1 35 37817
1 150 37237
1 914 31477
1 458 76014
1 471 68824
1 151 74940
1 213 2192
1 79 43821
1 212 70697
1 642 58470
1 129 82272
1 578 76014
1 338 44370
1 196 26339
1 816 42964
1 838 69972
1 377 18982
1 231 43511
1 415 69076
1 790 35879
1 47 70887
1 394 65086
1 937 50664
1 945 70733
1 952 18867
1 828 67860
1 239 28166
1 597 55588
1 407 36903
1 679 56685
1 833 90405
1 265 76564
1 372 6473
1 231 36330
1 395 41158
1 142 15399
1 932 59760
1 341 34548
1 688 35770
1 644 84831
1 870 29512
1 622 24623
1 515 11556
1 737 27324
1 749 4823
1 460 48892
1 627 87464
1 637 33201
1 932 19989
1 339 94592
1 596 26740
1 239 23845
1 196 29753
1 756 38385
1 95 24130
1 332 20671
1 37 43667
1 395 55400
1 337 4216
1 605 44956
1 180 61177
1 44 8642
1 283 81746
1 323 97152
1 641 14456
1 81 1430
1 619 4512
1 566 637
1 517 71602
1 952 30620
1 742 26622
1 947 4311
1 93 91479
1 466 12875
1 790 49318
1 584 48866
1 81 2436
1 926 72902
1 841 9096
1 160 39582
1 815 3190
1 327 75713
1 705 88424
1 127 79030
1 598 67685
1 188 97154
1 775 31668
1 291 66184
1 471 69047
1 104 80205
1 55 35751
1 37 77936
1 71 32235
1 314 41019
1 198 89393
1 820 6041
1 262 78127
1 342 53618
1 45 65383
1 236 93582
1 792 98399
1 684 86592
1 608 34450
1 336 31097
1 798 77080
1 383 48470
1 796 86215
1 636 44955
1 621 48763
1 878 51694
1 267 60596
1 846 32780
1 374 99931
1 117 4585
1 11 25283
1 639 43509
1 221 9826
1 285 38750
1 552 88105
1 407 35887
1 329 91515
1 117 68734
1 266 58283
1 343 7403
1 311 35538
1 195 65936
1 656 59016
1 944 79703
1 654 45668
1 298 71611
1 159 65608
1 12 66291
1 381 41322
1 273 75390
1 461 33143
1 119 74738
1 916 53042
1 745 66835
1 164 87669
1 572 37317
1 569 42604
1 129 12192
1 261 98484
1 707 64174
1 236 85110
1 29 30691
1 303 63598
1 203 57904
1 755 79042
1 463 53355
1 415 9268
1 399 89407
1 450 28797
1 240 36122
1 552 59621
1 844 59022
1 630 35001
1 759 34993
1 954 77353
1 428 28579
1 318 45708
1 860 12132
1 51 425
1 790 33791
1 790 82741
1 18 40635
1 514 57787
1 549 51530
1 598 79967
1 858 58766
2 554
2 848
2 732
2 908
2 307
2 43
2 463
2 575
2 99
2 616
2 256
2 161
2 328
2 698
2 649
2 888
2 493
2 891
2 503
2 734
2 740
2 382
2 759
2 53
2 46
2 823
2 369
2 159
2 889
2 347
2 284
2 44
2 820
2 215
2 524
2 773
2 199
2 627
2 741
2 95
2 374
2 378
2 188
2 674
2 247
2 834
2 694
2 530
2 528
2 545
2 594
2 682
2 796
2 290
2 151
2 737
2 89
2 177
2 599
2 933
2 928
2 927
2 19
2 295
2 802
2 669
2 34
2 518
2 426
2 176
2 686
2 921
2 388
2 893
2 381
2 297
2 26
2 768
2 62
2 682
2 902
2 59
2 645
2 450
2 577
2 11
2 716
2 932
2 842
2 16
2 885
2 71
2 872
2 781
2 173
2 470
2 736
2 250
2 36
2 233
2 732
2 931
2 108
2 780
2 709
2 754
2 793
2 100
2 398
2 722
2 543
2 713
2 468
2 559
2 442
2 369
2 93
2 481
2 172
2 85
2 696
2 922
2 754
2 572
2 600
2 549
2 432
2 261
2 928
2 399
2 543
2 396
2 793
2 45
2 499
2 733
2 837
2 703
2 278
2 906
2 651
2 462
2 240
2 43
2 175
2 789
2 779
2 314
2 471
2 35
2 734
2 366
2 32
2 926
2 45
2 878
2 289
2 260
2 674
2 604
2 842
2 753
2 4
2 833
2 848
2 718
2 877
2 362
2 688
2 382
2 678
2 345
2 597
2 731
2 711
2 454
2 337
2 495
2 859
2 536
2 233
2 420
2 367
2 681
2 387
2 297
2 650
2 189
2 378
2 132
2 367
2 60
2 12
2 305
2 345
2 14
2 639
2 318
2 645
2 344
2 90
2 706
2 680
2 254
2 694
2 97
2 851
2 519
2 658
2 760
2 262
2 689
2 711
2 565
2 692
2 22
2 792
2 475
2 672
2 730
2 319
2 335
2 247
2 795
2 153
2 361
2 271
2 427
2 768
2 202
2 866
2 474
2 513
2 530
2 524
2 301
2 713
2 61
2 682
2 793
2 506
2 234
2 859
2 783
2 801
2 92
2 122
2 140
2 328
2 300
2 765
2 921
2 312
2 729
2 532
2 140
2 182
2 370
2 686
2 162
2 679
2 323
2 516
2 165
2 493
2 597
2 360
2 804
2 369
2 735
2 955
2 132
2 724
2 133
2 71
2 176
2 671
2 744
2 92
2 173
2 396
2 529
2 6
2 307
2 326
2 656
2 717
2 634
2 569
2 480
2 891
2 341
2 808
2 748
2 350
2 691
2 788
2 725
2 619
2 61
2 152
2 423
2 135
2 499
2 446
2 407
2 483
2 644
2 900
2 412
2 922
2 883
2 849
2 805
2 685
2 199
2 297
2 280
2 280
2 42
2 442
2 570
2 877
2 1
2 599
2 106
2 895
2 729
2 829
2 567
2 28
2 890
2 681
2 499
2 231
2 427
2 167
2 267
2 936
2 294
2 351
2 611
2 876
2 3
2 811
2 823
2 64
2 158
2 195
2 502
2 359
2 945
2 234
2 293
2 927
2 955
2 564
2 649
2 485
2 602
2 105
2 869
2 590
2 584
2 29
2 13
2 621
2 592
2 294
2 357
2 854
2 666
2 262
2 67
2 662
2 375
2 548
2 24
2 751
2 159
2 854
2 543
2 185
2 732
2 444
2 697
2 347
2 278
2 12
2 731
2 695
2 924
2 624
2 175
2 793
2 681
2 31
2 760
2 69
2 874
2 176
2 654
2 257
2 400
2 916
2 900
2 951
2 939
2 129
2 425
2 412
2 911
2 508
2 451
2 469
2 825
2 262
2 379
2 546
2 414
2 446
2 414
2 784
2 557
2 423
2 433
2 74
2 827
2 508
2 242
2 254
2 607
2 171
2 566
2 792
2 742
2 937
2 626
2 68
2 313
2 733
2 75
2 47
2 854
2 761
2 361
2 320
2 243
2 356
2 448
2 223
2 101
2 173
2 710
2 888
2 263
2 651
2 331
2 257
2 232
2 914
2 149
2 265
2 664
2 50
2 165
2 918
2 592
2 938
2 743
2 372
2 757
2 108
2 923
2 444
2 205
2 269
2 647
2 739
2 302
2 206
2 645
2 520
2 88
2 892
2 87
2 40
2 757
2 949
2 778
2 326
2 140
2 947
2 115
2 844
2 766
2 188
2 285
2 386
2 420
2 249
2 91
2 509
2 889
2 83
2 765
2 713
2 589
2 299
2 891
2 695
2 854
2 335
2 10
2 660
2 55
2 371
2 356
2 624
2 466
2 198
2 139
2 498
2 953
2 356
2 566
2 498
2 306
2 483
2 618
2 877
2 456
2 559
2 391
2 613
2 620
2 80
2 599
2 674
2 689
2 792
2 749
2 363
2 171
