1 940
-1
2 1
2 1
2 1
2 1
2 1
2 1
1 1 999999945
2 1
1 1 999999988
2 1
1 1 999999927
2 1
1 1 999999985
2 1
1 1 999999923
1 1 999999926
1 1 999999982
1 1 999999999
1 1 999999966
2 1
1 1 999999992
2 1
1 1 999999945
2 1
2 1
2 1
2 1
2 1
1 1 999999935
2 1
2 1
2 1
1 1 999999924
1 1 999999956
2 1
2 1
2 1
2 1
2 1
1 1 999999974
2 1
1 1 999999908
2 1
2 1
1 1 999999924
2 1
2 1
2 1
2 1
2 1
1 1 999999974
2 1
2 1
1 1 999999937
1 1 999999929
1 1 999999904
2 1
2 1
2 1
1 1 999999968
2 1
2 1
2 1
2 1
1 1 999999980
1 1 999999958
2 1
1 1 999999983
2 1
2 1
1 1 999999969
1 1 999999933
1 1 999999953
1 1 999999946
2 1
1 1 999999986
1 1 999999917
2 1
2 1
1 1 999999909
2 1
1 1 999999971
1 1 999999995
2 1
2 1
2 1
1 1 999999941
2 1
2 1
2 1
1 1 999999981
2 1
1 1 999999953
1 1 999999965
2 1
1 1 999999904
1 1 999999944
1 1 999999965
2 1
2 1
1 1 999999924
2 1
2 1
1 1 999999997
1 1 999999938
2 1
2 1
2 1
1 1 999999963
1 1 999999918
1 1 999999914
2 1
1 1 999999979
2 1
1 1 999999982
2 1
2 1
2 1
1 1 999999987
1 1 999999998
2 1
1 1 999999966
2 1
2 1
2 1
1 1 999999967
2 1
2 1
2 1
1 1 999999938
2 1
2 1
2 1
1 1 999999953
1 1 1000000000
1 1 999999943
2 1
2 1
2 1
1 1 1000000000
1 1 999999992
1 1 999999943
2 1
2 1
2 1
2 1
1 1 999999907
1 1 999999993
2 1
2 1
1 1 999999972
1 1 999999962
2 1
1 1 999999945
2 1
2 1
2 1
1 1 999999915
1 1 999999959
1 1 1000000000
2 1
1 1 999999987
2 1
2 1
1 1 999999934
2 1
2 1
2 1
1 1 999999970
2 1
1 1 999999912
2 1
1 1 999999956
2 1
1 1 999999965
2 1
1 1 999999928
1 1 999999991
1 1 999999946
1 1 999999909
1 1 999999949
2 1
2 1
1 1 999999977
1 1 999999912
1 1 999999909
1 1 999999995
1 1 999999971
1 1 999999941
1 1 999999926
1 1 999999939
1 1 999999963
2 1
1 1 999999991
2 1
1 1 999999934
2 1
2 1
1 1 1000000000
1 1 999999988
1 1 999999945
1 1 999999943
1 1 999999977
1 1 999999967
2 1
2 1
1 1 999999981
2 1
1 1 999999938
1 1 999999926
1 1 999999934
1 1 999999993
1 1 999999941
1 1 999999900
1 1 999999942
2 1
1 1 999999955
2 1
2 1
1 1 999999930
2 1
2 1
2 1
2 1
2 1
1 1 999999912
1 1 999999938
1 1 999999954
1 1 999999996
1 1 999999974
1 1 999999951
1 1 999999996
2 1
1 1 999999939
1 1 999999900
1 1 999999965
1 1 999999964
1 1 999999903
1 1 999999962
2 1
2 1
2 1
1 1 999999993
2 1
2 1
1 1 999999998
1 1 999999991
2 1
1 1 999999953
1 1 999999968
1 1 999999946
1 1 999999937
1 1 999999943
2 1
2 1
1 1 999999983
2 1
2 1
1 1 999999902
2 1
1 1 999999903
2 1
1 1 999999934
2 1
1 1 999999959
1 1 999999991
1 1 999999970
1 1 999999926
2 1
1 1 999999957
2 1
2 1
1 1 999999981
1 1 999999946
2 1
1 1 999999920
2 1
2 1
1 1 999999917
2 1
2 1
1 1 999999962
1 1 999999983
2 1
2 1
2 1
2 1
1 1 999999900
2 1
1 1 999999986
2 1
2 1
2 1
2 1
1 1 999999990
2 1
2 1
2 1
2 1
2 1
1 1 999999991
1 1 999999903
1 1 999999959
2 1
1 1 999999903
1 1 999999986
2 1
1 1 999999943
2 1
2 1
2 1
2 1
1 1 999999951
2 1
1 1 999999925
1 1 999999990
2 1
2 1
2 1
2 1
1 1 999999957
2 1
1 1 999999907
2 1
1 1 999999914
1 1 999999931
1 1 999999944
2 1
1 1 999999930
1 1 999999965
2 1
1 1 999999909
2 1
2 1
2 1
2 1
1 1 999999966
2 1
2 1
1 1 999999914
2 1
2 1
2 1
2 1
1 1 999999943
1 1 999999941
2 1
2 1
1 1 999999900
1 1 999999980
1 1 1000000000
1 1 999999966
1 1 999999928
2 1
1 1 999999913
2 1
2 1
2 1
1 1 999999923
2 1
1 1 999999948
2 1
2 1
2 1
1 1 999999995
2 1
2 1
2 1
1 1 999999973
2 1
2 1
1 1 999999919
1 1 999999974
1 1 999999987
1 1 999999934
2 1
2 1
1 1 999999948
2 1
1 1 999999994
1 1 999999994
2 1
1 1 999999925
1 1 999999947
1 1 999999966
1 1 999999980
1 1 999999970
2 1
2 1
2 1
2 1
1 1 999999953
1 1 999999967
1 1 999999915
1 1 999999998
1 1 999999954
1 1 999999943
1 1 999999950
2 1
2 1
2 1
2 1
2 1
1 1 999999928
1 1 999999922
1 1 999999918
1 1 999999914
1 1 999999982
2 1
2 1
2 1
1 1 999999917
1 1 999999962
1 1 999999900
2 1
1 1 999999973
2 1
2 1
2 1
2 1
2 1
1 1 999999932
2 1
1 1 999999999
2 1
1 1 999999971
2 1
1 1 999999968
1 1 999999928
2 1
1 1 999999932
1 1 999999995
2 1
2 1
2 1
2 1
1 1 999999923
1 1 999999958
1 1 999999901
2 1
1 1 999999983
1 1 999999925
1 1 999999936
2 1
1 1 999999978
2 1
1 1 999999920
1 1 999999988
2 1
2 1
2 1
2 1
1 1 999999970
1 1 999999936
2 1
2 1
1 1 999999921
2 1
2 1
1 1 999999954
1 1 999999960
2 1
1 1 999999978
2 1
2 1
2 1
2 1
2 1
2 1
2 1
1 1 999999949
1 1 999999939
1 1 999999981
1 1 999999936
2 1
2 1
1 1 999999993
2 1
2 1
2 1
2 1
2 1
2 1
1 1 999999970
1 1 999999930
2 1
1 1 999999984
1 1 999999990
2 1
2 1
2 1
1 1 999999905
2 1
1 1 999999935
1 1 999999987
1 1 999999973
2 1
2 1
2 1
2 1
1 1 999999953
1 1 999999932
1 1 999999988
1 1 999999984
1 1 999999930
2 1
1 1 999999998
1 1 999999964
1 1 999999920
2 1
2 1
2 1
1 1 999999978
1 1 999999907
2 1
1 1 999999929
2 1
1 1 999999939
1 1 999999995
2 1
2 1
1 1 999999983
1 1 999999904
2 1
1 1 999999915
2 1
2 1
2 1
2 1
2 1
2 1
2 1
1 1 999999984
1 1 999999951
1 1 999999995
1 1 999999924
1 1 999999994
1 1 999999959
1 1 999999973
2 1
2 1
1 1 999999919
2 1
1 1 999999918
1 1 999999959
1 1 999999966
2 1
1 1 999999997
2 1
2 1
1 1 999999978
2 1
2 1
2 1
1 1 999999903
1 1 999999942
2 1
2 1
2 1
1 1 999999963
2 1
2 1
1 1 999999932
1 1 999999938
2 1
2 1
2 1
2 1
1 1 999999905
1 1 999999933
2 1
2 1
1 1 999999946
1 1 999999997
1 1 999999992
1 1 999999998
2 1
1 1 999999943
2 1
1 1 999999984
1 1 999999946
2 1
1 1 999999968
1 1 999999991
2 1
1 1 999999964
1 1 999999975
1 1 999999921
2 1
2 1
1 1 999999924
2 1
1 1 999999983
1 1 999999919
1 1 999999954
2 1
1 1 999999911
2 1
2 1
2 1
2 1
1 1 999999954
2 1
2 1
1 1 999999962
2 1
1 1 999999906
2 1
2 1
1 1 999999901
2 1
1 1 999999933
2 1
1 1 999999979
1 1 999999943
1 1 999999906
1 1 999999969
1 1 999999947
2 1
1 1 999999998
1 1 999999977
2 1
2 1
2 1
2 1
1 1 999999973
1 1 999999968
1 1 999999970
2 1
2 1
1 1 999999924
2 1
2 1
2 1
2 1
2 1
2 1
1 1 999999921
2 1
2 1
2 1
2 1
2 1
2 1
2 1
2 1
1 1 999999974
1 1 999999962
2 1
2 1
2 1
2 1
2 1
2 1
1 1 999999945
1 1 999999905
2 1
1 1 999999944
1 1 999999913
1 1 999999960
2 1
1 1 999999958
2 1
2 1
1 1 999999967
2 1
1 1 999999935
1 1 999999956
2 1
2 1
1 1 999999941
2 1
1 1 999999911
1 1 999999937
1 1 999999905
1 1 999999939
1 1 999999951
2 1
1 1 999999936
2 1
1 1 999999997
1 1 999999983
2 1
2 1
1 1 999999983
2 1
2 1
1 1 999999909
1 1 999999960
1 1 999999909
2 1
2 1
1 1 999999944
2 1
1 1 999999914
2 1
2 1
1 1 999999906
1 1 999999954
2 1
2 1
2 1
1 1 999999969
1 1 999999904
1 1 999999984
1 1 999999982
1 1 999999957
2 1
2 1
2 1
1 1 999999976
2 1
2 1
2 1
1 1 999999921
2 1
1 1 999999984
2 1
1 1 999999943
2 1
1 1 999999925
1 1 999999964
1 1 999999914
1 1 999999982
2 1
1 1 999999979
1 1 999999995
2 1
1 1 999999988
1 1 999999971
1 1 999999959
1 1 999999902
1 1 999999955
2 1
2 1
2 1
1 1 999999934
2 1
1 1 999999918
2 1
2 1
2 1
1 1 999999946
2 1
2 1
2 1
1 1 999999967
1 1 999999927
2 1
1 1 999999935
1 1 999999956
1 1 999999910
1 1 999999940
2 1
2 1
2 1
2 1
2 1
2 1
1 1 999999997
2 1
2 1
1 1 999999903
1 1 999999979
1 1 999999905
2 1
2 1
2 1
1 1 999999969
2 1
1 1 999999957
1 1 999999922
1 1 999999954
1 1 999999901
1 1 999999906
1 1 999999914
2 1
2 1
2 1
1 1 999999923
1 1 999999951
2 1
2 1
1 1 999999906
2 1
2 1
1 1 999999991
1 1 999999990
2 1
2 1
1 1 999999933
2 1
1 1 999999969
2 1
2 1
2 1
1 1 999999972
1 1 999999912
2 1
1 1 999999988
1 1 999999923
1 1 999999996
1 1 999999901
2 1
2 1
2 1
1 1 999999905
1 1 999999914
1 1 999999900
1 1 999999909
1 1 999999941
1 1 999999967
2 1
2 1
2 1
1 1 999999937
1 1 999999929
1 1 999999993
2 1
2 1
1 1 999999905
1 1 1000000000
2 1
2 1
1 1 999999999
2 1
2 1
2 1
1 1 1000000000
1 1 999999985
1 1 999999903
2 1
1 1 999999914
2 1
2 1
1 1 999999919
1 1 999999901
1 1 999999977
1 1 999999983
1 1 999999919
1 1 999999910
2 1
1 1 999999967
1 1 999999901
2 1
1 1 999999987
2 1
1 1 999999960
2 1
1 1 999999913
2 1
1 1 999999916
1 1 999999937
2 1
2 1
2 1
2 1
2 1
2 1
2 1
1 1 999999917
1 1 999999909
1 1 999999904
2 1
2 1
2 1
2 1
2 1
1 1 999999937
1 1 999999902
1 1 999999934
2 1
2 1
2 1
2 1
1 1 999999927
2 1
1 1 999999947
1 1 999999932
2 1
2 1
2 1
1 1 999999985
2 1
2 1
1 1 999999961
1 1 999999961
1 1 999999996
1 1 999999994
2 1
1 1 999999985
1 1 999999996
2 1
2 1
2 1
1 1 999999913
2 1
2 1
1 1 999999907
1 1 999999940
1 1 999999996
2 1
2 1
1 1 999999998
2 1
2 1
1 1 999999935
2 1
2 1
1 1 999999957
1 1 999999999
1 1 999999994
2 1
1 1 999999923
2 1
1 1 999999990
2 1
1 1 999999973
2 1
2 1
2 1
1 1 999999922
1 1 999999933
1 1 999999986
2 1
2 1
2 1
1 1 999999922
2 1
1 1 999999998
2 1
2 1
1 1 999999995
1 1 999999912
2 1
1 1 999999998
2 1
1 1 999999902
2 1
1 1 999999923
