524 2089
99212 61851
71522 -59592
-25626 -21457
54550 96827
33170 58566
-42381 56437
28816 84148
9668 77339
35966 -38750
72613 75164
62747 84254
463 56962
6304 58317
-60903 65714
-42369 78740
-98306 -87245
79157 90118
-43955 -66422
2682 -71653
-23872 76212
71533 61664
26526 49871
83170 59243
38035 -37502
36240 -91589
-15718 -45170
1643 -64907
39538 -37236
-19629 -81311
46212 40253
13880 -69420
73258 20598
-11650 46015
-87360 42368
-83062 -30657
64062 9530
-63785 34998
-49428 -51992
-25869 17479
-9175 -31178
36619 -6656
75462 -66084
-47081 -66314
-98802 91434
-31159 -20268
50205 54578
-87925 8170
-69151 -35663
-92744 27447
-16193 54283
58279 -41984
-63949 -64052
-35261 -85618
91953 8919
-546 99091
65501 -82502
40186 -36544
-13864 24898
80299 8718
-78182 15688
-58780 -19172
78929 5153
32168 20868
-50837 33454
69752 87305
67163 -52333
75239 -31120
30860 -18267
40034 -31946
84886 26130
-33149 -26172
-50027 2580
80257 -45516
5805 38583
-99111 1683
39267 15547
97918 87650
-11168 77445
62811 28882
95724 -22613
-65877 65764
1084 -36462
-81432 18245
-66754 95697
-14728 18961
33129 59328
-78476 31849
98988 77376
38485 -98583
-56746 6371
33293 15511
77430 -96240
-39589 55764
58242 -24808
-44435 -49384
34075 -99446
7985 7167
81808 -88029
81367 42003
-66363 -4363
-48283 26173
-73307 48949
-96489 -43510
63361 -90060
-9540 15438
-84440 90578
-99151 -29847
23653 19732
41914 81464
-75644 62382
69368 40597
45430 98083
60462 18991
-4927 68082
-58500 -94511
-98193 -74335
-79604 60490
-95161 90999
-58409 2710
58911 -4592
13068 58134
487 95920
73307 98772
54554 -65545
2785 -94714
-81266 -99488
-21839 -66751
60042 25096
-9554 -26158
-6915 4384
-49230 -77779
67337 55692
95781 -91287
92390 -81819
75784 -70130
58808 -62176
-87849 51911
445 -5031
-58036 2202
-67092 -11766
95533 43351
-86805 54207
-89475 50103
-17114 -78583
-97141 81604
-78359 58798
67874 96610
27001 53896
94155 -34450
-24374 60545
-2743 71592
-73082 5520
-97486 8695
-64983 -18869
-26955 -97601
77414 -82298
-93412 -22182
-62177 20093
94168 -59010
42123 81739
-75435 -90567
-26871 51669
-48099 -83157
63342 6106
52266 -87684
-78515 1550
-93776 -75417
-33990 15128
-26849 -10998
84345 98308
-39914 44060
92998 23474
90282 -87010
-84495 -19513
-41063 49625
-2565 19770
-99651 -62320
29489 -95173
31410 2187
-95327 1819
-6551 -30495
-58057 34545
-53825 88669
57998 5104
10189 -56100
-79545 -91934
-81877 92415
-27689 -56719
-58610 93044
92302 -81280
61099 54704
-49990 -86295
80930 -94289
77865 27429
27527 -4302
-95457 75851
-91345 -56420
81641 11965
-47086 -91365
-9440 56123
-40640 3372
-86330 41102
80948 -22708
62883 -35345
-41071 51598
-71192 66428
-12837 -86424
27226 -62434
96304 34515
69829 7900
30196 -88865
-68305 -23435
45902 93574
-764 74648
-67493 34616
67769 -73489
35880 -31123
31509 34833
25957 -79405
15886 66391
59448 -26594
-76617 54092
76001 33542
95430 6123
-39354 8031
-48993 -97133
-35083 56539
-25291 13627
49967 7370
2523 90410
-67329 78991
-90088 -24814
79575 79811
-23069 -68199
-33157 -84973
-27844 -85703
63731 -24712
-87532 -73243
-33652 3271
-28819 -82548
-3960 -27866
-41356 11376
87144 33382
6834 -21858
62384 59002
-71202 84842
-22403 -37462
48684 52567
-26119 -84152
18694 -25818
-56036 89125
-32917 52979
80124 35014
-94959 -23986
66356 61154
-53753 1343
34016 -1020
77159 77565
28461 15782
63710 -60682
-11165 -45786
23250 -78579
-20061 -16349
-66240 99049
41966 10666
75838 72818
-931 81464
89900 -58793
50489 61863
87092 46286
-74048 68658
91179 -52444
82682 -66151
-10724 62590
-14801 -91579
-61841 -32143
-46500 43129
15478 54279
-27147 -89089
54127 -95806
-28091 30556
93419 -39028
-30076 8787
68754 -20340
-59073 -75533
64214 48180
33701 98357
-76146 -28103
-54644 4042
7655 -67439
-47018 6752
-29056 -70524
95306 50014
-39980 68066
78185 -98890
-45288 9528
21483 -99275
10611 80436
-41849 -76089
-76270 -3456
-3362 98045
-53067 -51449
22788 56170
19081 50137
-29630 59968
11256 -66000
70708 4372
3049 50041
67917 91101
-64615 -89918
-80199 -43054
57149 15032
76882 -91872
-80896 -17380
6693 83497
44719 -46485
-7413 -83517
28535 -21163
-23532 -90304
-75868 -16083
65137 10143
4393 -16540
66838 37129
-71847 -42185
41510 -56825
-31947 70321
67374 97630
-22654 -87458
41726 -12760
38605 -3276
18461 -17632
46283 50425
47490 -89015
-28942 30610
-97823 -42225
89263 -79290
-17204 -49220
-10044 -59255
18441 42961
-56503 78343
25408 -78663
-9195 55702
92332 -44059
82528 94914
-75258 -6226
52818 68762
97581 76498
13394 -47783
97810 -16990
-3671 -94522
-26087 31378
88454 65626
8418 455
-33866 38221
-4810 33149
65179 17928
67248 12093
69230 27102
-41448 17156
94846 -64845
-10862 32801
-46282 -51327
70061 61877
67973 2604
26261 11627
-42437 -57895
-89408 12020
18151 -25608
63305 -42556
-46578 63367
58563 -54062
28874 11149
-44951 46737
11442 -92468
-24063 -69604
-88418 -11083
60150 55487
54460 -96185
-69106 -51297
14114 80504
78036 81128
46064 40630
-18244 23041
23502 -99916
55569 -25259
-95992 -71194
57819 3201
-80528 -48561
41039 -90282
16640 -30673
-74326 90729
-49796 11555
28806 86175
18645 -21077
-8594 52248
7946 -85379
36671 70055
92560 87890
85887 -92937
-98865 19020
-28233 82652
-11178 -81935
81980 -5535
-44871 50544
93800 -93003
-86580 -30487
5205 -76978
-31132 -86008
-26477 727
66289 83650
-25376 68732
-76763 6948
-36964 11619
-86372 -43150
46155 27028
95540 89108
-1332 -40495
80307 94821
-81132 -19734
-8294 -81777
94221 -16923
-86396 -89527
-39172 -31919
-67578 -86581
-62793 -50605
-10256 66621
-48412 5316
97838 -67805
76899 25071
-90354 43029
67391 12471
-58095 -18502
30112 -52574
49233 39871
12872 -92763
50384 69373
-19675 73950
-77237 -66069
-45692 -56240
-79902 33471
-58380 51631
53299 64359
-51725 42570
31641 -8078
9948 -70543
3214 84547
-81778 67394
-70895 67131
-36187 -32303
-48156 16286
-82805 51187
48314 -39061
-74909 -61136
-81440 71897
-57719 -96035
-35125 -39374
-71994 -90521
76818 -10009
-45629 -15323
1635 -23589
21878 -79749
-48653 18922
3220 1313
-92342 11458
-75962 74596
-18743 92041
63221 -90722
-79910 6059
-78214 52697
-59155 -27852
87636 20603
3081 5608
32520 -7205
-59437 -88026
-36621 87578
11112 -70069
32060 84283
-48853 -94416
27433 -94391
3782 29476
67275 -49855
49692 57390
14363 30241
53993 52963
46670 11864
14051 -27355
51229 -78300
43039 19612
-98917 -48362
38268 -38735
30829 59365
-60287 -70073
-91673 7980
-31210 -73418
-72316 -13989
87222 -23202
63457 51720
15686 -68984
-38710 -11823
94763 -26860
85125 -34559
28055 -55596
1264 -21621
-62024 -17106
45001 -55338
79506 -54942
75523 34840
-53182 93465
-16717 -1416
-92528 65915
22266 46663
-65723 42276
53366 38227
92102 39029
-82312 43622
16031 68045
-4869 20333
-92475 12383
-86449 52540
49224 -97036
-88744 -75235
-91879 -40006
-62134 37128
-9630 -45966
31048 34902
94226 -66101
66687
136136
124702
68730
110756
193258
152751
144164
109898
169880
108715
99518
79138
162798
149807
123003
197168
116410
138316
140741
168252
192792
104180
85318
144342
94805
161766
167071
97792
104822
117804
155031
115948
195846
199167
100396
93915
75069
175867
77725
77999
198540
180657
110605
80359
114472
101960
165367
188463
75661
142240
130075
120951
191126
161064
97608
75896
155489
137821
86156
121925
142202
88063
158797
94774
120795
146051
76598
115705
83217
73019
155882
141123
160900
190594
132310
97464
82321
158954
97250
170814
114209
175742
111656
170580
111144
110386
134130
190667
176551
129894
189242
97757
128310
110746
82863
134017
96445
89729
187776
117581
137096
176295
172597
66956
198796
195259
181912
97733
139593
148105
94976
182857
156628
171196
86386
160855
124041
123330
73289
151797
164925
77060
168025
96154
195927
90054
134250
107900
121399
93499
164847
174838
186019
170927
116757
139831
118752
158786
172569
92106
193990
192094
89922
145771
83697
160610
85834
160374
190552
145435
126909
193384
111753
178161
198880
131110
99166
88794
181297
130644
79967
113447
131477
92780
99603
85377
123288
74620
154231
176633
172232
184484
129759
177505
74621
112080
180589
187621
180112
93438
185732
132565
100456
179250
128417
127699
160396
96964
104638
132802
77317
172414
117927
113656
150319
109886
147018
83272
102334
150290
67815
142064
139855
121615
140365
158331
77047
146688
120812
120611
86946
108263
192953
143559
124531
142818
112216
97644
127589
170065
149810
150011
68050
152670
159643
134238
116588
104200
102276
97169
78504
169420
187491
189023
164849
111396
183003
107347
91151
199476
83466
179477
161409
88750
125976
197805
157035
152085
141317
106616
81558
72705
103679
100147
75851
133898
111453
160053
163966
121068
153333
99638
84879
166272
74243
149369
108447
102443
178453
196119
125855
151710
107728
189020
85665
193060
121451
81881
189517
141816
97354
112677
155372
68973
131291
109333
164808
74674
74606
124087
97673
77011
109544
69717
156729
77863
197755
102048
81323
131027
182917
182994
132400
193479
166909
78741
74976
100310
176937
134834
162543
97894
85167
135097
111868
145284
118436
175941
102254
93534
120087
84298
183558
128588
188386
179905
175653
78935
157372
174108
128396
113928
112984
165019
139691
180383
171198
158990
193150
94661
82575
105145
126713
148363
121798
198996
153267
101571
121904
153104
169462
75253
126590
166874
69533
131585
96666
151798
99803
135702
99033
188950
192092
183874
115438
97621
161607
181865
188026
67299
170077
125784
164315
163620
108506
135592
119545
80918
182326
150981
183273
80773
182027
125980
81532
187609
72319
104833
148019
84858
185233
96770
80156
146321
198124
87452
150820
189589
124661
70215
130307
105401
178386
94648
88740
119952
187228
75512
170978
94855
110818
92171
91671
193702
97202
193085
109998
147879
199025
93327
79901
173705
100127
148789
103318
143919
199045
120752
195311
154430
187696
189060
119532
91082
196820
176079
129727
140942
70362
81653
129019
100662
158867
80004
173092
79426
162061
168515
198691
85091
97047
88044
197995
76074
191843
150446
101415
192325
133818
120854
191644
137465
125793
161686
124628
86319
167320
98873
158929
93400
68685
183939
146781
85040
88816
151393
159754
73976
133284
151759
162436
78471
132589
118321
74603
82577
169731
90964
166477
74273
114351
92935
197107
181488
163173
68058
91118
126099
95559
189529
186570
81366
117568
178648
190228
137663
170791
81781
145136
177379
114939
176914
148980
161211
179344
87027
162208
91109
183370
115483
78613
177355
136021
