240 7167
66059 17424
45697 -50618
58891 17425
1555 -47080
58891 60427
8722 -90082
44557 53260
-41447 -75748
23056 -11245
66060 3089
80394 89095
-55781 17425
8722 24592
94728 -54247
-5612 10256
-5612 -25579
51724 -32746
-12779 10256
1555 -54247
1555 53260
58891 46093
8722 17425
58891 -90082
58891 53260
23056 10256
-91616 67594
-55781 24592
-70115 -82915
51724 24592
30223 -54247
23056 -61414
1555 -61414
-62948 -32746
66060 17425
44557 -75748
-62948 74761
80394 -54247
8722 -75748
80394 67594
44557 46093
66060 -4078
-77282 60427
37390 81928
-91616 74761
23056 67594
66060 -39913
23056 -54247
66060 -90082
-91616 10256
-12779 -82915
-84449 74761
-84449 -90082
1555 -18412
87561 74761
58891 -4078
-48614 -90082
44557 -11245
23056 -75748
73227 -25579
66060 -18412
-27113 -68581
8722 31759
-12779 -39913
-91616 17425
-77282 81928
37390 -47080
15889 46093
-62948 31759
-77282 17425
-34280 -25579
1555 -90082
66060 81928
30223 -68581
58891 -75748
-55781 -61414
15889 -68581
51724 -39913
87561 -68581
66060 -47080
-91616 3089
-70115 17425
87561 -47080
58891 -61414
-91616 -47080
44557 31759
-77282 89095
-55781 89095
87561 -54247
8722 67594
15889 -75748
-34280 -47080
-5612 89095
23056 60427
-34280 60427
-27113 -39913
-48614 -68581
44557 10256
58891 89095
1555 -75748
15889 96262
58891 24592
-19946 31759
80394 46093
51724 -18412
-55781 96262
73227 -18412
-34280 10256
8722 46093
-55781 -54247
37390 96262
1555 -82915
-91616 -32746
94728 -4078
-19946 17425
-55781 81928
-27113 89095
-84449 -4078
8722 -18412
44557 -4078
-12779 -18412
-19946 60427
30223 -25579
1555 81928
58891 -11245
-12779 -47080
87561 67594
44557 -61414
66060 -68581
1555 74761
51724 53260
73227 10256
15889 -47080
-70115 -25579
66060 74761
-84449 10256
58891 10256
-62948 -68581
66060 67594
-70115 67594
94728 60427
30223 3089
-91616 96262
8722 89095
58891 -39913
73227 17425
66060 24592
66060 -11245
94728 89095
66060 -54247
44557 89095
-41447 -4078
-84449 31759
-12779 -75748
-62948 -39913
1555 3089
-5612 53260
-84449 46093
-77282 24592
-34280 -90082
-34280 38926
94728 67594
15889 -82915
58891 3089
44557 -90082
66060 96262
-41447 -61414
-70115 74761
15889 -4078
-34280 -18412
-77282 38926
-5612 46093
-77282 96262
-12779 46093
-5612 3089
-27113 17425
-27113 -82915
66060 38926
23056 17425
37390 10256
-55781 67594
-5612 -47080
-84449 38926
73227 -4078
23056 3089
-77282 -90082
-5612 24592
-41447 3089
-77282 -54247
-12779 -32746
37390 3089
58891 -82915
37390 -68581
-55781 38926
15889 -90082
8722 3089
-27113 81928
8722 -11245
-62948 3089
-41447 -25579
-91616 46093
15889 89095
-91616 -90082
-84449 17425
30223 -39913
44557 74761
-5612 60427
-12779 -54247
-55781 -25579
51724 89095
66060 -61414
87561 53260
-12779 81928
94728 81928
-27113 38926
-48614 -47080
-48614 -4078
1555 67594
87561 38926
44557 3089
-41447 -18412
-41447 81928
87561 -4078
-41447 -82915
80394 -32746
66060 31759
-70115 60427
30223 17425
44557 -68581
-55781 53260
8722 -61414
-55781 -39913
-41447 10256
-27113 -90082
-19946 10256
-19946 -61414
1555 31759
73227 31759
-12779 -68581
80394 53260
-77282 -18412
30223 -32746
-91616 89095
98272
163820
154272
159442
169898
71085
117660
159965
139420
191081
79864
114441
149593
133116
179663
170096
128073
110699
174389
75300
159118
104072
79111
121761
136517
186959
169750
161616
94239
168136
87710
119494
158541
114086
134665
117575
113441
145919
166035
128433
77383
158907
111421
189501
171053
130265
184350
173104
100008
179156
95876
82736
67708
193069
147009
186450
136550
134602
190477
98994
106773
166185
140663
90479
165428
114864
144904
145353
171908
155469
151493
196654
172943
170809
108953
167867
188234
87982
94991
88510
193446
148730
147253
67430
72518
104240
105767
188740
147458
152876
113565
75637
83507
69389
69699
91779
67726
167220
112812
92095
98011
170901
99257
80743
162246
77322
119874
84057
185220
89763
173607
110479
138826
83503
82391
71248
160126
137758
132224
133163
70638
122902
128271
90557
197371
72514
129566
116110
118666
99369
147078
158468
111191
148843
194755
88934
195932
159153
162602
80108
127168
84688
151479
182698
129391
129390
128352
127357
175699
91098
191558
71722
191546
131201
172126
139903
155416
117279
185670
182430
86943
110826
118818
104417
133295
171701
86519
73136
70262
149253
120424
152954
199595
159680
102273
182684
82491
127589
93568
85106
88188
123894
171572
70269
105346
146916
88525
155424
161414
199897
188360
112470
102363
197845
164141
146272
199416
71459
73769
88309
153641
89193
68872
103390
71610
91744
184837
121697
152611
155407
109750
126011
130150
95615
157206
114631
164734
82561
182196
133050
133825
160690
88288
198632
190779
126850
111877
151493
156187
77559
77006
185116
176560
108639
98242
144189
156515
106280
139608
123506
