618 9331
88682 -78726
-27421 5508
-76859 49895
41379 -39961
-68842 12342
-41232 -41
30207 -16883
87671 41908
71405 83745
13893 35207
97725 -15156
74102 37049
-58018 -76669
-45493 -67843
-69401 -55278
-15454 -61362
-65396 54683
40370 29353
-68719 2798
71832 54961
74478 -50871
999 23233
15983 -56322
-10286 -49437
80805 27918
28281 79586
55539 65742
38959 19239
-96126 -30769
-79964 -66761
-40020 28251
19995 78119
95697 -3233
-31392 64769
-19442 27874
75928 -72864
-9190 -3289
2060 7397
95458 -12276
73722 -57871
-78570 82165
77095 19428
-35622 60672
49268 52525
8987 58031
-83440 39116
-82818 -37837
-1580 68792
83640 -47680
-26111 8071
15222 -13078
-37285 50466
80372 89611
19114 -91935
13566 44810
40521 -52535
54755 -10162
-30862 -1183
92432 -68197
-68055 -35199
-30836 38565
93593 73461
-57340 -9614
-78247 94559
-75904 97724
-25296 37887
84866 97535
54575 -46990
81780 62712
24421 85090
-76130 -10629
35392 77639
52038 70870
-20295 74660
83159 -74280
43803 -47078
83154 82073
-23454 66495
99278 463
-20068 94332
-88996 -76356
71084 -73274
61936 99899
-87869 55649
8608 -60237
-32156 -1384
84914 -14542
-49138 -76589
-22119 -10023
-25766 32779
47358 95994
5543 -23586
24301 -79403
-65759 50852
-1270 -39096
36810 -3253
77210 45301
98661 -96583
96412 16309
-95227 -83784
-95305 -88229
-24201 59041
59797 -66667
59943 -88478
-68560 35926
69053 99983
-37279 90670
73176 31092
45612 59807
-28043 -20857
-96314 -59459
-93458 90938
78448 -94010
-15575 72382
-21258 -75013
-94012 94474
-40140 33123
66871 -11033
56966 -1010
70573 -6464
58422 2125
44387 -84579
44046 17738
-46476 22058
-3069 -77883
-70114 -62305
-90116 38704
-56974 45616
35200 96918
-53596 -79572
90340 94251
-72788 3355
-36808 89942
-55871 -48586
-29418 -91139
43190 23118
7078 70343
-97466 -35069
10756 -99907
62297 13793
-32377 -34709
68845 88707
16115 30329
-78757 4746
-75477 95965
32192 58131
4774 -57644
-31539 -69067
-12460 -56867
96912 78257
82468 -27691
-83546 -64936
17499 -55688
-66055 -33778
-55021 -39313
-85892 63065
22937 -26596
43080 57439
13707 46465
-26897 1499
83369 68596
-31057 32238
-68581 62026
-82695 85801
17198 15186
-14474 89079
36747 -15925
6143 3580
48129 -73225
33745 -14368
40384 -4662
-34311 28309
-51859 69819
-71452 -30146
-7965 -86073
-48663 57994
-2291 8207
-62447 -84314
-92967 48785
-41764 -61090
-36153 65758
28908 -55193
64228 -27954
28568 9885
-77455 -18030
58816 -6458
-30247 19105
-55876 28876
-40869 -16676
-29545 -14156
58751 -32859
-40379 61787
88177 96658
23169 -47475
40983 -93061
61492 22316
-23910 -22588
70120 84905
21792 13454
-11008 -11666
15805 55764
-51232 -86884
-24820 -82840
-97238 -44212
-90774 -25211
-92647 93928
-83996 28412
786 26062
-43694 76704
27494 60099
-48183 98286
-37660 30940
76659 -3452
-49703 -68235
48834 88540
-65463 18962
40741 -40006
21810 60285
38635 60176
-46175 -82719
87385 680
-50441 12139
89271 69560
-68364 -8302
88754 -98479
45611 42731
-88818 21199
13201 -77451
-71809 9790
71971 -72713
6328 73596
-37625 -85787
93456 -3639
93371 60962
71917 17254
6856 77508
24591 98386
-25738 84252
62454 53361
72327 -67694
-73543 98917
41264 -70026
68465 32733
90582 -53008
-23033 -33263
120 -16974
86959 63792
-34601 32399
94875 54437
-54034 -20972
-69373 65529
-33257 15250
-93275 -32213
84377 76957
19612 74628
-90031 -70079
-34107 -29698
55406 69090
25675 -99608
34737 -76860
87241 -51753
32388 68065
-31218 25553
65324 -40341
99416 -31256
-58227 -56709
61607 -97698
-61259 -33411
268 -20096
-95708 -86423
-71656 31042
-17220 -91538
59986 80473
64359 51183
-69228 88776
-13351 61323
-21475 90783
69585 99829
-71086 -81830
24151 -33220
5110 39227
7960 1293
40245 54347
-89404 33390
-9577 63331
85470 -30190
68698 -30218
27568 66461
90514 49953
-12026 17938
28428 23960
75746 -30975
-51240 -61297
-18309 41198
-97663 -76581
-20635 -75487
-71349 -29396
32094 -65082
-59343 -64011
-83252 53242
-91625 73468
40217 46216
-85 -50424
-16571 77631
96024 -116
75615 1978
-88861 90712
-78393 53262
82209 93138
71818 -8404
39934 -13408
73865 62405
91848 -3031
98349 -60426
-25014 -69056
44166 -74485
95604 39810
3796 80234
78243 74864
99513 -61645
29868 16953
44526 -34065
-6684 -141
-2182 54532
97099 -3843
-82443 -28080
-13297 -51711
1734 -53233
-35973 17923
-79354 12293
16859 -18139
-83677 58600
34321 -45906
-91540 91949
-47946 -4202
16547 -60713
-14319 14536
-85518 36249
82242 -37363
-35117 -68594
-41089 -37126
12696 -26402
-56008 72476
-25699 -30296
-35911 51636
-56048 34757
20137 -97219
49588 -48839
22993 -19143
-54555 -27570
-7567 46072
-735 -14758
-57614 78214
53268 -4036
-67493 52871
40389 32354
63193 94767
48743 1596
-18761 66964
95171 -2175
-51833 54258
45052 -10163
16090 -68785
30122 -51578
7795 97388
-92326 79935
-50488 -10686
-19253 -23389
-41468 55925
75435 -37828
4502 24797
96279 12978
1215 22936
-68766 60673
75051 -14767
30517 -75113
89256 -76479
33927 -70625
-7943 -89513
5118 3184
-35754 67780
-57387 27493
86190 -62890
-65486 53701
53412 38515
-7920 -86438
-84365 6823
-94627 82567
-46416 88157
-22764 61658
36211 -67657
14974 89379
53614 7266
-16915 -18698
-70379 76753
-94002 86821
-24198 58326
-55961 53712
-9270 -40992
-75079 24319
-15090 17828
90015 -50968
78915 49237
87330 -42714
-77633 -7178
46376 -55991
-74072 -62185
62460 94992
67585 22133
55988 -75113
79176 98551
11273 -41626
-39298 86474
-69388 65494
-39671 -9900
-65048 -47748
-68520 -43711
72519 -82780
-26087 -45292
66795 -17250
-51823 12922
-86193 -44798
-53794 38732
-34688 -98191
-96654 -15902
-19869 -85486
48 25520
13693 86052
-96156 -83958
-24386 65166
-22262 39353
69500 -253
64549 -82864
13978 74563
-31120 -90336
-44763 25673
-46302 -33777
-70409 60800
-69091 -19519
-32285 -46972
-75250 28277
-81097 -42511
-43291 17307
69351 77741
3626 53437
-16962 73919
61290 22198
86266 80053
66263 -36035
-9868 85756
-4414 -83923
42056 69055
10881 35725
-43067 -12453
-82207 99504
-40072 95875
35190 97720
-70229 40968
10975 48302
76700 75784
-49677 -60727
63903 69767
78436 -52445
-47122 66840
34430 -18191
-44711 -97559
4541 26787
96576 -48154
92627 -64076
-70465 -65589
-5256 89068
-25982 18482
-64923 43546
38539 -61926
17598 10141
-9108 1963
79100 35593
13075 -47707
32311 84900
99838 8000
72895 51138
-94628 59678
2391 27784
-51493 -58901
-76550 -50502
-22557 48033
-73384 91154
34158 -87919
10778 82438
-47562 -289
-86877 96583
-42519 -54753
-6991 -7546
63281 86018
1281 5020
52770 -9141
13830 -78911
-77060 42332
-71390 -46088
-30396 68688
1971 88161
-97051 -67152
-36692 92755
48828 -36789
-47249 24792
84247 55177
-95886 16107
-70573 -22243
-56119 96306
80199 -29885
-57669 -93103
78123 -5020
88654 4178
-91967 40246
-16983 -51408
75043 -50481
10870 -25830
-44154 94806
-99111 -83847
84933 -67346
-16935 31993
-11656 -27171
38340 -97512
-15666 30700
81881 -44529
89265 77678
-15812 -81002
61162 88773
-7366 -19250
39765 42030
-41090 96971
-34140 71263
-76245 66126
-84659 -84725
-60257 75404
-80820 -61925
56664 -21079
-42532 93956
-93332 -43290
-36967 23531
44462 29286
-59231 -36053
-37663 15884
-52028 -4089
63953 49541
-94701 -71970
23112 -80673
81797 -95160
-14782 72013
-46865 -53400
-52622 75817
57261 97549
34799 -14609
-70883 -45831
-72868 -67594
-8744 27453
-98468 34192
85867 -6308
68063 78098
-52131 -57086
-96360 45325
14564 -81418
-56908 -74681
-88723 -96696
62544 -23677
71767 54185
-20758 85570
16494 31823
25936 -53699
-4035 -40028
-32271 -18138
48980 -64091
-60634 54451
-13181 -23085
21990 35659
48614 78905
45156 -38799
-5522 -34985
98290 -6176
69213 57188
-11016 -62868
67712 23414
84906 10012
-64492 45728
99984 61781
48680 59412
-15866 59574
62168 -31573
41561 -68834
30285 -62994
20024 -8069
-20830 -57816
88241 2275
22047 82068
20573 -3814
-24044 -8686
14961 -67029
-95097 -76468
-48032 -82584
-95540 43845
73164 -15711
53124 76491
-39350 62703
-19658 -3230
-73799 64606
25260 22856
-84319 42818
37640 68508
-60164 3806
-90140 17827
13709 18775
66373 -89535
98474 -25759
68195 -2418
11153 3360
-35059 29553
-34952 -92513
16351 6767
49192 -98365
45686 29755
173897
91172
152969
138350
79910
151016
160639
77841
166915
158941
184312
134059
133687
82335
177109
69683
143595
137495
107718
106512
82673
149743
72878
159965
149227
146555
141569
90369
168959
160824
101860
159937
165409
157205
108204
82121
194860
187875
71440
144838
174671
137670
120410
135922
153787
69022
87122
73328
78506
190128
168460
170360
111011
117042
151879
192056
137887
122514
153251
186104
140134
120677
76170
108214
122893
83206
145721
143947
135513
164643
79335
73109
175881
159205
100380
123088
156426
116816
79167
174110
151033
189345
123402
78030
168959
179532
80023
186334
188409
72190
179831
153315
99077
144461
193275
134939
186096
195006
172211
146017
114411
161440
72079
198211
101233
84236
118233
139468
91299
79534
142929
192049
175258
167468
67749
88597
165649
97038
194826
81380
122095
142414
118158
102678
199668
113259
100942
127236
182902
134295
108309
104352
167840
69612
79589
106407
98240
178091
84113
69496
188759
165610
168296
157212
188409
109300
137769
102600
77024
75645
100101
186258
119990
195136
136982
176983
92849
69501
126250
149343
176681
178434
195615
73036
79363
132411
74629
197013
85316
130231
194725
72723
177134
197443
79471
135991
179155
110654
195490
141226
182816
138576
191998
150822
121953
160600
171848
145343
79383
171317
195284
169308
169360
76301
183791
114734
156839
70688
151868
118850
154879
68577
146385
185414
110453
172358
70305
170546
126862
133428
66777
132509
74210
176164
146276
82314
113194
157238
118250
98235
70667
101706
98349
109090
162513
70584
149582
114842
132908
178844
170292
70357
127601
76396
166656
127098
104829
136635
177094
107542
159084
96382
178845
131251
147330
66733
190554
180155
133751
109380
186147
145853
91235
108493
106434
181622
184213
147822
152608
123026
78208
111116
93920
142949
91220
189503
71617
149283
104268
155977
73913
138106
110502
75008
175703
152660
103942
184103
128633
171484
72956
176808
179329
103876
142484
66773
115257
70278
120207
161569
101980
77802
126637
104989
108181
134334
155684
156411
87517
82519
109932
175763
85784
131931
144650
151411
118970
104363
74578
146108
101148
92491
180455
155614
84629
135422
76145
151157
172877
90152
120646
150638
178439
136434
142660
71729
147253
98269
187000
172309
83366
188037
129528
181471
80173
133424
96941
183462
175607
147032
178350
83567
184237
95012
188134
87765
86067
170185
97675
74889
156015
73850
138741
141451
198356
164759
180595
83828
138827
83732
73423
155226
185776
189010
131713
160555
151719
116389
72431
195494
170894
125734
179859
130420
165703
192278
169269
85377
125632
77042
158971
75721
173733
183791
183091
87865
169795
155912
183066
158347
97790
120854
98464
139254
116457
139318
118654
149507
186983
109077
191490
85160
156143
183856
123869
162466
70942
190222
188582
193140
80385
79815
157723
72920
175808
125580
114584
196301
80412
182399
96903
147304
126142
78201
159356
173084
174344
181993
129741
119046
82947
169864
119191
86838
88628
82135
167078
84508
168456
176674
138516
136111
195899
93085
149559
86508
179638
194997
142243
126697
133151
79304
135362
155499
177317
189796
75042
111426
189421
97634
73764
117582
180147
71007
126688
98667
159197
186433
192230
116709
192404
148153
161425
198470
100160
192144
89586
113546
117572
196747
104627
114911
70311
130944
68728
67608
143720
193950
142801
112751
173766
77485
144382
69469
106901
157726
91716
68009
182064
195217
137219
87429
199534
140748
138036
97101
132915
198390
115122
156111
112441
141505
159607
113356
153291
111098
155104
136222
173579
145383
194546
187684
144916
77001
126561
84842
163166
106148
71160
190928
180505
179486
77645
121845
179636
71600
166660
88900
69763
136635
83233
98064
78644
179317
74118
193720
102564
91918
143128
158993
178475
136184
153438
194118
114311
113102
100375
101099
88633
150756
131011
164646
177905
90480
167719
101133
110407
83881
73112
165859
97378
162422
67332
93205
135725
191024
81192
88930
192066
128053
176288
147611
88219
148380
85494
93164
143242
124730
100385
159164
186649
83130
172951
166579
180551
96232
165437
84920
155875
121251
163710
76826
89154
147553
87160
108431
137025
177363
169760
74768
170594
84575
141671
116365
190149
114315
110318
183637
