919 3420
-48666 -865
-36449 39201
50515 -79526
33415 64116
-93127 -864
-34985 -48746
-41825 -76106
-89707 19656
2635 -89786
-4205 -35066
6055 9396
53935 -55586
-58927 -38486
-34985 60696
-45245 53856
-41825 60696
6055 77796
-76027 19656
-55507 5976
2635 -4286
-45245 -24806
-65767 -76106
47095 -35066
47095 -86366
-58927 -55586
-72607 -38486
60775 9396
12895 84636
-86287 26496
-86287 29916
43675 91476
67615 -21386
81295 74376
77875 67536
-38405 -45326
-86287 -55586
60775 -864
-93127 67536
-31565 84636
-72607 -76106
33415 -96626
-21305 -79526
-86287 -82946
81295 -52166
-82867 -76106
-72607 -14546
50515 -93206
50515 60696
-41825 -41906
-21305 -4286
33415 5976
-76027 -31646
16315 -24806
-4205 -76106
77875 -65846
67615 9396
36835 -31646
12895 -35066
6055 43596
-7625 81216
-17885 -21386
29995 2556
-41825 -72686
-34985 81216
-21305 26496
-65767 57276
36835 29916
-89707 -76106
71035 -21386
-34985 19656
57355 -28226
-55507 -69266
-69187 -21386
50515 -65846
36835 36756
-28145 -89786
23155 36756
6055 -96626
91555 -93206
74455 84636
-38405 -11126
6055 19656
-52087 -69266
-24725 -11126
57355 19656
74455 2556
-17885 -59006
-96547 64116
-82867 -11126
-4205 -24806
-41825 88056
-21305 -48746
33415 -41906
94975 -864
9475 57276
67615 16236
-69187 -864
77875 53856
-82867 -41906
53935 -65846
74455 88056
29995 -62426
43675 33336
-31565 47016
88135 -62426
-69187 -11126
19735 84636
2635 77796
-41825 -89786
40255 -96626
-55507 -38486
-58927 -72686
-93127 -55586
-79447 -48746
84715 77796
-17885 -93206
-58927 -89786
-7625 -28226
-14465 -69266
71035 -65846
-55507 -48746
-69187 -35066
77875 50436
33415 -28226
67615 57276
-58927 53856
19735 70956
-31565 -41906
19735 81216
67615 -41906
50515 -48746
2635 47016
-4205 -31646
26575 64116
-58927 57276
6055 33336
84715 -72686
-82867 -31646
88135 19656
84715 -14546
84715 74376
71035 -55586
-58927 67536
88135 -17966
12895 91476
71035 -79526
-38405 94896
12895 -17966
-14465 53856
-45245 -11126
-93127 -86366
57355 5976
-65767 9396
74455 -69266
-89707 70956
-14465 16236
19735 -35066
-785 91476
74455 5976
-28145 -69266
16315 -35066
-11045 9396
88135 -45326
-31565 43596
-785 -65846
-86287 -31646
19735 -864
-48665 -14546
-41825 -79526
-58927 -31646
60775 -41906
-82867 2556
-82867 -14546
-31565 19656
98395 -82946
91555 98316
64195 -864
-34985 -4286
67615 -45326
71035 -38486
-41825 98316
47095 36756
-96547 9396
-24725 -28226
50515 -76106
2635 57276
-34985 9396
81295 -7706
12895 33336
-11045 88056
98395 2556
-52087 -4286
-4205 88056
60775 -7706
71035 47016
-48665 74376
26575 81216
-62347 -55586
12895 67536
47095 -38486
-17885 77796
71035 -24806
19735 -31646
6055 -28226
-34985 -52166
88135 29916
23155 98316
-89707 98316
-76027 -17966
-69187 -62426
19735 -55586
-21305 77796
57355 -72686
71035 -41906
60775 -76106
19735 53856
-55507 9396
-24725 -89786
33415 -17966
-48665 -76106
81295 53856
-86287 -69266
-17885 -72686
53935 74376
-72607 -28226
26575 60696
2635 -24806
91555 60696
-7625 -14546
-45245 -14546
91555 -52166
-52087 16236
-17885 60696
-62347 -82946
-4205 9396
77875 19656
-14465 -4286
40255 98316
-48665 -4286
-34985 57276
26575 70956
60775 -79526
88135 74376
-48665 50436
-82867 47016
-4205 19656
-11045 -76106
-76027 -69266
47095 94896
23155 -31646
-11045 -31646
84715 -7706
-4205 40176
-52087 84636
50515 77796
-93127 -69266
-38405 -79526
-52087 -48746
16315 50436
23155 12816
50515 81216
94975 50436
53935 -864
33415 91476
81295 -864
19735 88056
94975 -35066
-11045 64116
-62347 -31646
50515 -96626
71035 -93206
-14465 -82946
84715 -4286
98395 77796
33415 -864
-7625 84636
-52087 67536
-17885 81216
19735 60696
-7625 -96626
57355 -55586
84715 9396
67615 64116
-62347 60696
71035 -11126
6055 29916
-79447 -7706
-17885 36756
-93127 9396
84715 -864
-86287 -24806
-89707 -59006
-28145 -38486
26575 -45326
36835 5976
19735 -38486
12895 -31646
84715 5976
81295 60696
9475 94896
-45245 57276
-58927 -24806
57355 -864
60775 -96626
-28145 23076
-48665 -62426
9475 -14546
-76027 67536
16315 -72686
94975 47016
-82867 -21386
94975 -59006
-48665 77796
-69187 -28226
6055 -38486
60775 -4286
-65767 12816
-79447 98316
36835 -38486
-34985 53856
-785 -4286
94975 70956
64195 33336
-38405 5976
-82867 19656
26575 88056
-86287 -35066
81295 -89786
77875 -96626
-7625 36756
40255 -89786
12895 -864
-31565 -48746
-82867 50436
2635 67536
19735 -21386
57355 9396
81295 -59006
77875 2556
16315 57276
-48665 5976
81295 57276
-28145 -72686
-82867 94896
43675 36756
60775 -14546
-785 -35066
-4205 47016
36835 47016
-82867 -55586
-21305 67536
91555 53856
-21305 -72686
33415 -11126
47095 -31646
88135 12816
-55507 -7706
-28145 -11126
33415 60696
-7625 -41906
-93127 47016
-52087 36756
94975 -38486
67615 98316
-48665 40176
88135 47016
-93127 -24806
-28145 47016
-24725 57276
-34985 50436
-82867 57276
33415 -24806
-76027 -72686
-48665 -59006
-69187 84636
-31565 88056
-21305 -31646
94975 -41906
40255 -7706
36835 2556
-76027 -59006
-4205 -86366
-41825 -65846
40255 57276
-14465 -72686
50515 -86366
-62347 -41906
-86287 74376
12895 53856
33415 -72686
-65767 91476
19735 -4286
-41825 26496
-96547 -52166
-7625 29916
29995 91476
-48665 47016
29995 -93206
9475 47016
81295 -28226
33415 47016
-52087 57276
-14465 5976
-31565 -17966
23155 -41906
43675 40176
88135 -7706
94975 64116
-14465 23076
81295 -24806
74455 -89786
67615 -96626
-69187 40176
16315 -21386
2635 26496
84715 -11126
6055 81216
-72607 26496
-82867 -864
-28145 -79526
-7625 -72686
-52087 -31646
-24725 91476
-93127 -7706
-69187 88056
16315 -86366
-58927 70956
-785 29916
29995 -52166
-48665 -45326
12895 12816
-34985 -7706
26575 26496
33415 36756
40255 -24806
12895 -41906
50515 -82946
-62347 53856
33415 16236
60775 -35066
9475 -41906
-48665 33336
74455 -76106
-89707 74376
-93127 2556
9475 -48746
-55507 60696
-4205 67536
-17885 -4286
-89707 23076
98395 16236
-86287 43596
94975 91476
6055 -82946
77875 -21386
19735 -79526
-38405 40176
2635 12816
16315 64116
40255 77796
84715 -96626
-34985 -76106
53935 -76106
47095 50436
-11045 84636
88135 -41906
-34985 -89786
2635 -79526
36835 -7706
29995 -79526
16315 88056
-45245 -59006
-14465 -11126
36835 -14546
-48665 -31646
94975 -24806
40255 -93206
6055 64116
47095 81216
-11045 -45326
40255 -864
-96547 -41906
9475 -52166
-7625 60696
94975 -28226
-82867 67536
26575 -17966
40255 -35066
98395 -7706
64195 77796
-41825 9396
-24725 81216
47095 26496
-69187 -45326
81295 36756
-28145 29916
-24725 84636
-11045 29916
-79447 29916
-24725 70956
-34985 12816
-58927 -65846
-24725 77796
16315 9396
6055 -11126
-86287 36756
60775 -55586
19735 -14546
84715 40176
88135 94896
-45245 50436
33415 -76106
-785 -48746
60775 16236
-7625 -69266
-96547 74376
47095 57276
-79447 5976
47095 -48746
29995 -11126
-24725 -24806
88135 77796
-72607 74376
-28145 53856
-76027 47016
-28145 84636
-86287 -11126
16315 -69266
47095 -11126
-4205 36756
16315 60696
-7625 -65846
-58927 -41906
74455 -38486
36835 -48746
43675 50436
40255 -82946
-52087 -28226
-69187 91476
-28145 16236
-55507 81216
-45245 60696
74455 50436
-86287 -62426
-785 36756
-76027 81216
6055 53856
64195 -62426
-11045 -86366
88135 36756
-38405 12816
-14465 -864
91555 -864
84715 60696
-58927 -11126
12895 50436
-62347 43596
-4205 -96626
-79447 47016
40255 19656
60775 67536
91555 -38486
26575 9396
26575 -62426
-58927 -48746
53935 -72686
81295 88056
-4205 -65846
-14465 50436
77875 -52166
43675 -38486
19735 36756
60775 33336
71035 -59006
-38405 -52166
26575 33336
-69187 -31646
-96547 5976
-31565 29916
94975 29916
-79447 -69266
50515 53856
-52087 -96626
-55507 -45326
-96547 -86366
74455 -864
-28145 -24806
-89707 -48746
36835 -65846
-14465 -89786
94975 -52166
-7625 -24806
98395 36756
-96547 70956
-93127 -11126
-4205 -864
74455 -62426
-62347 -93206
-34985 -11126
-28145 -21386
81295 -11126
-24725 74376
-52087 50436
88135 -82946
23155 9396
67615 -31646
12895 26496
94975 16236
-62347 50436
47095 70956
-31565 -72686
-34985 29916
-21305 2556
-96547 -24806
-21305 12816
26575 53856
-86287 94896
-55507 -864
-17885 43596
-785 -69266
-82867 -69266
6055 -69266
43675 81216
74455 43596
-69187 16236
-62347 -59006
-89707 -79526
-52087 -21386
-96547 -65846
57355 57276
57355 -31646
81295 -65846
74455 -17966
-52087 60696
-38405 74376
19735 12816
77875 12816
6055 12816
-82867 70956
-38405 77796
-24725 47016
36835 -864
-52087 -14546
-4205 -89786
-93127 12816
9475 74376
-82867 74376
71035 88056
-31565 77796
23155 -72686
-785 19656
60775 -52166
91555 -76106
-38405 43596
-34985 -45326
-31565 -79526
23155 -45326
-48665 -69266
74455 -45326
53935 9396
-79447 -24806
-55507 -28226
-14465 -28226
2635 -28226
-31565 -52166
88135 50436
-21305 -76106
67615 -4286
67615 -79526
-21305 19656
33415 70956
-17885 -55586
-69187 47016
-38405 67536
12895 -86366
-14465 -17966
-21305 5976
-79447 57276
81295 67536
-79447 67536
98395 -28226
-11045 67536
53935 -89786
29995 50436
98395 57276
-48665 26496
53935 -21386
57355 43596
12895 -4286
-785 26496
-24725 29916
-38405 57276
-48665 -89786
-58927 -21386
-785 -864
-86287 -41906
71035 33336
-48665 -41906
-28145 5976
29995 9396
-31565 -4286
-72607 -864
-24725 -82946
26575 -21386
6055 -93206
-93127 -72686
-48665 70956
88135 2556
-28145 -82946
94975 57276
-93127 -4286
-38405 91476
-48665 81216
-21305 36756
-21305 74376
94975 67536
88135 81216
40255 -41906
-86287 57276
-38405 64116
77875 -17966
81295 77796
-62347 40176
94975 94896
53935 -45326
94975 74376
67615 12816
19735 67536
-45245 91476
98395 40176
-41825 -31646
6055 -72686
19735 -89786
19735 47016
16315 67536
9475 91476
19735 -65846
-52087 12816
47095 9396
-785 9396
-62347 -76106
-76027 84636
88135 70956
-86287 -4286
-34985 67536
26575 -79526
-58927 -96626
-17885 12816
-62347 -65846
-96547 91476
-7625 91476
74455 -65846
26575 40176
6055 16236
-48665 -52166
2635 50436
-28145 67536
-28145 -45326
81295 43596
16315 91476
2635 53856
-55507 -59006
2635 94896
71035 12816
74455 29916
60775 19656
-28145 -7706
-45245 -72686
-72607 -82946
-34985 33336
-72607 33336
16315 81216
60775 53856
2635 43596
33415 -4286
-62347 88056
74455 36756
-7625 -93206
-58927 -45326
53935 -82946
-89707 43596
12895 -65846
74455 33336
-7625 77796
-4205 77796
-38405 84636
-96547 -4286
-28145 -55586
-89707 -864
-69187 36756
91555 36756
-86287 -17966
26575 -48746
-38405 70956
26575 -11126
43675 12816
64195 16236
-7625 26496
-38405 16236
-24725 -55586
12895 -72686
-62347 84636
-31565 -7706
23155 -52166
77875 -76106
-41825 91476
43675 -35066
2635 36756
-69187 -79526
16315 53856
29995 -4286
-28145 60696
12895 -76106
36835 -89786
-62347 26496
94975 88056
33415 67536
-785 -62426
-93127 98316
-76027 -76106
23155 50436
91555 43596
74455 -86366
-4205 23076
71035 -14546
-93127 -89786
60775 -69266
60775 -45326
-72607 -7706
-55507 -14546
-52087 9396
-96547 98316
60775 -86366
-34985 77796
-785 12816
-17885 47016
-45245 16236
16315 -31646
-45245 9396
33415 33336
33415 29916
-79447 19656
88135 -65846
91555 -45326
77875 -82946
9475 81216
-38405 23076
-34985 -31646
-62347 -864
84715 -28226
88135 -96626
-34985 23076
40255 43596
88135 -79526
-21305 23076
-76027 77796
-62347 70956
-93127 70956
33415 9396
-72607 -69266
29995 -45326
-41825 57276
-58927 91476
-69187 -41906
-76027 53856
-89707 -35066
67615 5976
-17885 -41906
-52087 -38486
-28145 -14546
-38405 -55586
29995 33336
-58927 -28226
-93127 60696
29995 81216
-79447 -4286
-65767 -72686
6055 -7706
-72607 29916
60775 -65846
50515 5976
-38405 -14546
53935 -79526
64195 26496
91555 84636
2635 19656
-82867 -38486
-89707 -93206
-86287 33336
88135 -72686
-7625 -59006
-69187 -82946
-785 98316
23155 -864
-79447 -96626
-45245 70956
-21305 -17966
12895 -93206
-17885 -65846
-34985 -62426
77875 91476
36835 9396
-89707 26496
60775 5976
33415 94896
9475 60696
-86287 2556
-7625 -11126
94975 19656
-93127 29916
33415 -48746
-4205 84636
12895 40176
-21305 -82946
26575 -14546
40255 -14546
12895 -24806
23155 43596
53935 5976
-62347 94896
-11045 81216
144968
161946
122778
151463
93699
111252
116501
166662
74936
196640
185869
89378
107110
173723
161212
79622
73334
167193
77063
145453
175195
191525
82169
123101
172601
81421
90831
122917
150210
144565
120894
132728
127597
129110
66909
139581
167044
106757
135279
91724
72365
109019
128787
116081
101817
105682
144547
172077
79431
169991
130540
147796
192429
158377
125079
176242
78051
172786
72565
187455
133138
182886
152181
188594
175164
173968
175772
106960
127274
183193
160384
139338
143144
161333
193517
114267
103451
98602
101839
170445
170043
120652
90034
109204
108437
103259
145016
169101
81168
179248
146110
191898
192687
110708
185831
110541
170235
194844
139928
176259
98518
146822
116701
105748
84253
67466
131067
174178
67784
125195
88070
164571
72947
131556
70013
152935
165361
111081
132446
169707
75879
146214
132005
134558
169454
187732
71075
154514
121843
101135
68940
146868
140599
95817
82388
149439
90347
153715
170444
172729
95867
188531
189643
103826
183813
106523
160257
162091
94123
166594
108901
157798
92097
179813
166492
180535
80808
183100
187666
111947
162399
190495
96478
85734
80046
132130
142234
168422
96629
130139
175570
68162
108057
153243
159844
91368
67810
94900
132708
142490
181145
140788
115874
164507
143552
133742
175028
182731
138751
103133
174340
126537
75104
98500
162261
93180
72252
77055
172451
164337
73964
177842
77495
175994
149455
89081
72446
198766
83157
139120
98017
114652
179274
128313
94225
153743
118923
180316
163733
143189
147070
167304
124304
118481
72259
103438
69036
106485
152175
84366
137278
100132
166719
67756
108924
150677
186696
149710
174034
158311
177100
123482
166080
160635
199791
172406
97907
184761
142977
107602
156377
191773
183587
161013
127879
125788
143129
154941
83578
88966
134122
97198
125067
113375
195082
133438
97425
135660
167463
152229
101731
81826
108554
165458
124729
120250
179354
173185
93110
131354
180772
155853
104776
188192
119022
97911
123385
168728
145508
197691
85637
134851
196531
183191
111745
94151
91088
117726
189567
173841
119682
123291
73210
135182
144205
168779
91345
134831
159589
153880
151191
91884
191766
188086
111450
154810
126419
178910
199490
151237
79510
102909
142383
138049
168531
99654
191013
91652
179941
139305
112181
70411
118159
189859
96730
185212
98023
129428
165414
116451
178909
139734
138539
69452
121167
192055
196307
131944
71633
130222
173438
133208
160041
93281
186729
187213
159657
186992
105691
164048
185681
192126
136271
90418
71405
132498
167555
120940
129696
113316
159021
169599
173502
137057
95983
170002
99828
150878
132098
112655
109161
102221
147080
146054
161390
158549
74198
192645
74308
149619
144467
155294
69428
112639
174360
155888
95853
192702
172197
80921
103893
87220
75938
81286
89550
119306
124678
102482
159557
153018
193721
156132
101292
67262
144970
129040
143806
166810
134470
175942
140921
100686
130160
76387
186053
81017
188353
100868
125512
138608
101037
124529
115223
165283
170200
145451
142190
170452
196768
196890
148608
88420
93020
161101
77120
108846
139596
142554
164648
109079
166188
141355
72586
146634
67365
167366
75971
123096
91877
81285
120174
91274
94681
195115
132556
88215
125154
144611
100004
182557
153615
103773
191808
87358
73417
187905
140806
110134
156802
103265
188576
83175
182471
198821
94570
193302
132784
168710
142440
81449
103568
86305
114064
159023
72605
193092
189445
73363
154280
73486
192668
192633
198931
67802
112771
151206
85305
162664
160104
93198
176017
142081
114890
177363
188320
156851
184968
151159
173910
197180
81973
163925
78016
74596
167826
153282
160338
191582
135628
186405
148519
122434
155831
159883
75685
186642
96368
158437
113765
196670
196952
103311
107479
83015
94238
81292
80093
185842
85756
90639
98456
195983
173869
178575
84691
172076
125524
113366
196392
177541
147344
77682
108573
95136
137322
150519
165839
80565
189235
176549
156963
199408
68408
181659
161052
114726
67091
121618
150886
137669
119132
166607
82018
142214
129104
68997
99188
112164
110937
87892
129463
189748
96170
164597
186132
127421
112198
172804
161303
84246
196345
128038
166585
156152
177351
95452
160554
109455
157079
69161
130023
126610
149035
150819
108229
114776
186870
182491
117632
122226
176763
191417
162853
121563
84532
154571
190628
112206
102879
118148
153869
103857
115100
112898
145139
145867
77662
154972
153376
188724
102605
157748
88950
120146
118003
121668
151165
166736
189234
154878
92274
76138
102458
130543
72809
191134
145512
126166
117894
82809
127857
106837
187375
99089
101456
122999
110894
161282
103965
198238
165858
137477
199291
164053
139710
150565
97043
101413
159089
112681
116948
67504
86111
189552
155331
71757
137811
101928
139585
88361
187862
102623
86798
194397
113552
98576
114896
111884
188003
187107
75678
149035
104111
165646
177111
121528
92070
124303
78382
189977
159120
135415
116578
111632
113410
139376
129063
150960
79842
81632
94033
199961
152675
193938
124306
85532
92913
98843
117285
91410
68957
68323
73452
158213
178585
132533
152455
171296
113087
182077
78486
189838
77468
68835
191135
133376
122295
112590
125122
108172
93384
108011
182303
94472
167470
115739
183449
109303
96934
186280
116753
122050
193616
112752
156976
139134
193559
146195
160177
185481
194374
162699
153367
159083
169450
70717
91688
176368
160639
129703
198168
169598
183468
70669
99363
158710
91380
191480
128644
147762
145351
129871
150783
156825
139248
177351
83625
182062
155994
191292
98771
103311
77139
184376
151512
136476
133771
79604
89660
90919
123696
128581
146410
83274
109809
111614
185769
126993
180381
194869
116318
183827
102471
194063
169424
94633
134509
181108
101483
189529
103000
171396
86789
133452
140308
183481
133886
68215
147509
149332
143376
133811
72314
160932
117671
191864
182578
185875
191163
187107
124391
152829
90694
75550
72875
93485
126813
119485
163140
194951
128488
113919
87298
142504
188386
71875
165692
73787
169190
155281
152055
138303
108633
115156
130182
180153
199094
143488
139594
161428
93416
93341
102940
103091
78432
190715
85739
73674
188981
146386
70258
136601
88760
130021
136096
102500
174771
193558
129064
156136
79875
112649
119470
119007
129265
166243
81615
144449
175425
74161
150965
143904
77925
133467
161063
183943
74012
72150
195447
