126 3009
-7890 -3085
53700 -57246
56053 -56935
52893 -99564
-81364 -65853
6193 -27807
66691 18477
-31350 -35035
-97985 -71861
-69574 -89345
-81172 -59270
26564 -41542
26721 -97748
-79539 -72301
16900 -74415
48708 64470
-4688 -82719
-47890 88026
-34914 45941
11907 -52185
-87473 15349
30792 55973
3061 94640
-57690 -61038
-77948 51503
-23264 75978
-3397 89862
-36521 -83933
-97471 -85613
72193 -24515
-71187 80606
-56639 -53381
-64047 89749
-50377 10970
8377 3633
-46921 46446
-36442 -82112
11453 -37806
-47721 5939
-97030 57780
56088 91750
86417 -90715
-92029 -73089
25268 -61424
-81703 95752
3946 44027
42854 75506
63827 82042
-7005 -34315
24346 53843
-24365 -10179
-56941 53554
-57791 -37691
24879 3034
73271 36526
82918 -2371
-72311 -13137
-84509 -25604
-73854 -71311
-77919 -70653
-75909 -59569
65980 89470
35457 -90702
-2790 83856
-58495 -93032
78898 -46141
78644 72093
87453 -45119
69561 80337
62015 73007
66399 28952
-36069 76764
-80426 61422
-10055 46895
-47833 21605
24504 4133
62922 -61457
73513 18136
-82250 94349
-97191 36026
47140 -15653
-63071 47254
16708 -15945
-78809 25683
66105 -29621
-94508 -21020
-62003 -61622
34012 -20510
-11401 -1995
6889 -21534
-5914 49813
93002 -23781
-53420 -71856
45326 97457
9426 50273
-29447 -25677
-5729 26423
-43880 -32322
37763 90467
-66738 -67493
62696 -60581
-80069 75836
35748 86198
-82936 -59625
-79083 -3356
74850 -41412
97104 -31217
38666 39553
-6476 -69277
-83784 11066
-91520 63619
49065 85141
-29134 70138
56220 58002
67191 78444
9297 99607
-77584 -66115
-70125 56602
53717 41507
-32970 74111
99818 -42247
-17244 -81370
87583 98108
-87966 84653
-33573 -12410
-5958 95778
-42016 81409
23575 29277
171596
169702
127526
125870
77498
155291
180344
165298
74214
87833
182673
121465
100655
173426
106967
96703
125984
83710
183312
166933
148537
90176
122953
85077
186556
108629
112477
87365
169688
195568
159366
143028
183964
131367
102246
137717
115051
190788
108837
164265
77095
115218
159921
91252
177258
92246
159369
136322
88432
193774
152989
88967
76999
113865
68234
152596
196604
145629
90266
130664
138328
111469
133571
126493
69695
199784
156777
184956
142424
185746
89193
105569
96803
67659
155823
183310
77090
90525
144698
157614
166521
143041
185826
85416
108636
158763
134517
79875
189324
143299
173650
155380
173615
180374
165838
81471
156152
156531
96575
133082
151679
160484
182996
72222
117020
146705
104004
67650
89321
110904
156167
160265
156274
102512
70663
136577
95888
118647
128477
71122
104045
189266
90740
77385
119250
74901
