208 4782
72397 -69817
-45169 13787
36946 -23431
-66834 -73353
43284 35266
-78265 7394
65546 20880
-75415 62006
2612 83826
7920 30018
-60754 -22824
-44264 47596
35136 99441
-35139 -48013
75215 41009
57728 -28397
239 93115
59389 -42987
-60670 -27328
-53484 52076
-55412 85732
52297 -70878
48137 48915
93124 -31411
84284 -61535
3234 -6728
-96029 63297
-34122 5364
-43673 -29206
20847 96968
-93225 19758
69072 -48103
1698 -907
40967 -63846
80550 87420
-47153 -77902
53657 -47809
-47247 25598
90970 61181
-87006 61047
-33289 -26842
73674 -79856
-24324 -64519
19254 99569
35401 -75745
42019 -21403
-69727 23202
-11104 88220
-41908 -66849
12807 -68017
2296 -75536
-36452 38821
52016 82878
38839 -64622
-29916 -96823
-91965 99042
-29902 -436
28678 97687
92752 32678
59612 -97953
-5718 -87513
-5290 -61710
-54545 -82439
74957 16198
3986 -88074
-47906 17955
-69302 -69071
69783 83085
14938 31740
25189 -6994
-91535 61841
39602 -52058
-28716 -63317
87592 -47277
-19599 97063
97842 -3466
-78054 -25784
-12719 78573
91347 -74929
84944 -69482
22948 -4067
-30397 -91458
-405 21213
-99692 -86774
84991 92656
-13307 2910
-27172 -26319
247 6666
-54414 -21242
99245 2383
11181 49116
-66045 -49419
-15586 -20586
-43122 64514
98830 46932
-13254 -61123
63606 37426
-38426 -11591
-20702 69639
-54884 -15953
32768 31010
24100 -15138
-22123 -86132
57049 -75670
67019 -19207
-8235 54615
88378 -43776
50888 -55310
25658 -80127
-32587 -95321
-43858 -44317
45595 94289
-76835 -29515
49580 -15598
25775 97771
-39132 92087
-56694 -88646
-46761 91992
-3314 -38829
-2699 53715
86708 -25815
-16180 -13286
-88853 54133
34743 -37145
-99851 -17208
29999 30758
-27817 -61922
-65053 -78578
4860 52063
35219 17
20668 -45292
-69474 -65439
-30428 -66879
-1254 6209
-88640 32036
-1457 8000
16711 -87479
95399 88737
51071 -63033
-51411 85447
95204 91449
92285 163
4762 -44716
-50972 -64346
45086 14295
4664 86972
5561 -57179
-26596 58264
-17455 12963
20346 14290
-16714 -15508
-31802 21901
-25865 -37499
-95747 30429
-89293 -36371
25807 -29071
-19029 -34507
-72178 -23074
58054 11431
57801 25552
1562 25070
-14093 -11507
4675 47281
-32300 -70875
56301 -73325
-69731 47350
89894 36638
-64750 12954
-66087 32706
-33142 -38189
-53854 -95866
88246 -20670
3683 28570
-37206 -46005
17675 36889
-82234 -11631
77197 -96323
-61368 28843
77433 90964
37291 82392
89281 32394
-55261 26894
-9545 53000
55633 41535
-25384 265
-68933 -12487
-43316 -33346
43711 63603
-74888 61787
-92724 39341
22445 98529
-734 25385
-78038 3820
50784 74935
68929 9031
6809 -62412
-37592 91135
-47854 -30444
-69502 1588
77179 -82410
-58493 41061
19773 -87061
13108 41909
49638 -22830
3474 -63631
-19110 94415
-73003 52368
64218 73588
-94517 -77076
-77458 52099
136619
156312
124153
171625
166604
120979
171990
176244
125156
193034
146063
122518
169797
168330
177759
81665
158691
133594
101379
113020
106527
144186
185463
96710
66979
114847
70813
131471
67715
89932
146134
153717
108718
108465
199627
162353
192137
162487
196481
180873
166840
183044
88536
155135
187154
150191
134352
76798
98697
134178
73913
79848
167998
152243
73192
139209
106934
86884
191963
167743
171540
176049
73899
101895
101269
69097
160294
105113
177021
169298
163525
181187
127214
178011
172781
165136
181262
142916
174498
111060
124067
134911
97757
138468
126067
119710
147484
188288
103159
81286
170181
103791
175158
122190
151405
176254
86651
101950
187633
179451
86746
160323
142049
167421
174439
74904
186031
125800
84526
121416
72812
92554
143320
149685
174440
114693
69673
142616
145135
103151
173831
76498
80375
133958
137471
151768
149640
101376
194928
140401
87860
128039
84655
134275
77298
96249
190914
147390
140341
116592
115773
85781
108315
181235
120990
166216
104645
177073
178111
192880
181429
140216
147559
176815
143882
147721
104576
179131
148162
81828
129904
78616
76745
182615
73427
74702
128875
98752
114532
88371
134772
110592
172012
109768
121568
123056
170514
147336
97018
87847
81598
188032
120399
95753
130759
118759
133511
163580
148565
147103
191805
148944
162821
190092
102765
151966
175322
106365
133592
144853
75129
194446
152448
137982
179736
107585
189702
80807
