959 6436
96419 95678
44752 40237
12750 -58787
96420 31317
-83790 -7299
57802 82805
25622 82805
-77354 69933
-19430 -13735
-70918 -13735
-64482 -39479
25622 95679
19186 -84531
70674 -33043
89982 -65223
70674 -71659
-12994 12009
-90226 37753
-6558 82805
77110 5573
-96662 -90967
57802 95679
32058 -7299
-38738 69933
19186 -33043
25622 76369
-51610 -45915
-45174 57061
-45174 63497
32058 82805
-51610 -84531
32058 -20171
-90226 95679
-77354 -65223
-12994 18445
6314 50625
-122 -45915
-58046 18445
-77354 -13735
-51610 -65223
51366 57061
96420 12009
-38738 24881
70674 -58787
-96662 82805
25622 18445
-77354 -45915
96420 -52351
57802 50625
44930 -863
12750 -65223
19186 -20171
25622 -71659
25622 5573
83546 95679
89982 89241
51366 37753
25622 44189
51366 -84531
57802 -45915
-12994 -20171
-90226 -13735
-70918 57061
-83790 95679
-77354 12009
-77354 95679
-38738 -84531
32058 -65223
89982 -52351
-51610 -58787
-25866 -97403
32058 -39479
19186 -71659
70674 24881
-122 -39479
-32302 63497
70674 -65223
96420 37753
-77354 -52351
83546 -90967
-70918 89241
-32302 -84531
6314 69933
-19430 -90967
89982 24881
19186 44189
-32302 -33043
-83790 69933
19186 69933
-19430 57061
57802 44189
64238 44189
96420 -45915
-51610 18445
-77354 89241
96420 -90967
96420 -33043
19186 50625
-12994 -58787
-58046 -45915
19186 -45915
96420 -84531
19186 89241
-19430 95679
44930 -97403
77110 -863
77110 -52351
96420 -863
19186 95679
96420 44189
57802 18445
89982 -26607
77110 -13735
-6558 -863
-32302 -58787
83546 24881
12750 89241
51366 -45915
38494 -39479
-45174 -65223
-6558 -45915
25622 -863
51366 -71659
-70918 -20171
12750 63497
-90226 50625
-58046 44189
70674 -45915
77110 37753
32058 37753
-19430 5573
-12994 76369
57802 -863
-64482 -7299
-83790 -71659
32058 -78095
-122 -13735
89982 82805
25622 -58787
12750 50625
-64482 5573
38494 -863
-122 69933
-70918 -78095
-51610 50625
-6558 -26607
83546 12009
38494 -52351
38494 -13735
44930 -7299
-122 82805
51366 95679
83546 -71659
96420 -71659
-77354 -26607
-70918 5573
-58046 -58787
-25866 -39479
32058 63497
25622 -65223
-12994 -65223
38494 -45915
64238 -90967
32058 -52351
-38738 -33043
19186 76369
-32302 -13735
-12994 -78095
83546 63497
-90226 -39479
77110 -7299
-77354 -863
96420 -78095
-6558 -39479
57802 89241
-83790 -26607
19186 -58787
-32302 82805
70674 95679
-77354 5573
64238 -26607
-83790 50625
70674 82805
-58046 89241
-45174 -90967
44930 -20171
-51610 76369
12750 -20171
-122 76369
-6558 -13735
-12994 57061
-38738 89241
38494 37753
64238 76369
-12994 -7299
89982 76369
-122 89241
-64482 57061
-83790 76369
32058 95679
83546 31317
-12994 50625
-70918 -863
-96662 5573
25622 50625
64238 -78095
-70918 -97403
-70918 63497
83546 76369
-64482 12009
-45174 -33043
6314 -90967
-38738 -13735
-70918 -58787
44930 -78095
-12994 95679
-45174 12009
70674 50625
19186 -863
-51610 -78095
-19430 12009
-38738 -58787
-6558 -52351
-77354 18445
-6558 -84531
-12994 -52351
-90226 -71659
6314 -65223
19186 -65223
51366 -58787
-32302 -39479
-38738 -863
6314 82805
89982 37753
-77354 63497
-6558 -71659
77110 69933
-32302 89241
89982 -84531
-83790 -78095
-19430 31317
-25866 89241
-32302 76369
19186 5573
-90226 -863
64238 89241
-83790 12009
-96662 37753
-64482 -71659
-45174 -863
25622 57061
-45174 -71659
25622 -90967
57802 63497
38494 5573
57802 -78095
25622 24881
57802 -7299
-122 57061
-58046 -52351
12750 18445
77110 63497
44930 -52351
-19430 82805
-77354 31317
-45174 31317
38494 -20171
-45174 -78095
-19430 -65223
38494 76369
64238 37753
-45174 24881
64238 95679
-64482 63497
-51610 -33043
6314 -45915
-32302 -7299
-25866 31317
25622 -26607
64238 -45915
83546 57061
19186 -97403
-19430 18445
-19430 -863
-32302 -26607
32058 24881
70674 -84531
-64482 -20171
77110 -84531
-58046 -26607
-77354 -7299
-38738 -39479
83546 -45915
-38738 82805
-51610 -97403
-45174 -7299
70674 89241
-45174 18445
83546 -78095
-96662 57061
-51610 95679
96420 -65223
77110 -45915
25622 -97403
-38738 50625
44930 -45915
-51610 44189
-90226 -45915
70674 -52351
-19430 -78095
38494 12009
77110 12009
89982 -33043
38494 -84531
-25866 -45915
51366 -7299
6314 -84531
70674 -20171
-38738 57061
-122 -65223
-83790 -20171
-51610 -90967
-38738 -78095
-58046 -65223
-96662 12009
-32302 -52351
25622 89241
-122 -84531
38494 63497
-25866 -13735
51366 -52351
6314 63497
-12994 -39479
-45174 -58787
6314 44189
-64482 -863
38494 24881
-25866 76369
-19430 -71659
-83790 -39479
32058 50625
89982 -863
70674 -7299
-12994 -71659
32058 -26607
25622 -7299
-64482 -90967
-96662 -58787
-77354 82805
-25866 -58787
57802 24881
6314 89241
51366 82805
-32302 -65223
-77354 -71659
-19430 50625
77110 -65223
-77354 24881
38494 44189
38494 -78095
-122 95679
19186 -90967
-64482 -26607
57802 31317
19186 57061
51366 -33043
-58046 69933
83546 50625
-122 24881
-96662 -65223
89982 -71659
-58046 -78095
77110 -90967
96420 -97403
-64482 37753
-83790 18445
70674 44189
83546 -13735
-70918 -7299
12750 -71659
70674 37753
-12994 82805
51366 -863
64238 -20171
-77354 57061
32058 -33043
-90226 -65223
6314 95679
-64482 82805
-90226 44189
-58046 57061
-77354 -84531
44930 37753
-45174 89241
-25866 -20171
89982 44189
-122 63497
32058 -13735
-25866 -65223
38494 31317
77110 -78095
-38738 63497
-32302 37753
-6558 -90967
-25866 -33043
96420 -7299
-96662 -26607
96420 -20171
96420 -58787
57802 37753
-70918 24881
-32302 31317
-51610 -52351
-19430 -20171
-32302 -20171
12750 -7299
-96662 31317
44930 -39479
32058 5573
12750 69933
70674 5573
-6558 31317
-70918 -39479
96420 57061
-45174 82805
-70918 95679
-25866 -71659
-77354 37753
-6558 57061
83546 -65223
-19430 -26607
38494 -7299
57802 69933
38494 18445
6314 -26607
-45174 -20171
-70918 -90967
70674 -39479
-90226 57061
25622 -13735
-70918 -45915
-64482 95679
25622 -45915
-122 -52351
-122 18445
89982 -13735
-90226 -26607
-12994 -863
12750 -45915
12750 -13735
12750 31317
51366 76369
-64482 44189
-96662 24881
-19430 -7299
-122 37753
12750 95679
-90226 18445
83546 44189
32058 -71659
38494 -71659
64238 -7299
-38738 -71659
6314 5573
-77354 -97403
44930 18445
-25866 82805
-77354 76369
77110 50625
77110 -39479
6314 -58787
32058 57061
12750 -52351
-51610 82805
-83790 24881
89982 50625
-96662 95679
-19430 -58787
-51610 -71659
-122 -33043
77110 95679
-6558 50625
-25866 37753
-51610 24881
-83790 -52351
89982 95679
-58046 63497
6314 -7299
-19430 89241
70674 31317
-70918 12009
57802 -65223
32058 31317
83546 -20171
51366 69933
-6558 -7299
-32302 95679
44930 95679
44930 44189
38494 82805
89982 -58787
12750 37753
-19430 63497
89982 -78095
64238 -13735
-45174 -13735
-96662 -863
57802 -13735
-6558 5573
12750 76369
-83790 5573
70674 -90967
-51610 5573
64238 5573
-77354 -78095
57802 -90967
70674 76369
77110 24881
96420 89241
96420 18445
-32302 50625
96420 -26607
57802 12009
77110 -20171
96420 63497
-77354 -39479
-25866 63497
-19430 24881
-32302 -78095
-6558 69933
32058 -90967
64238 -84531
51366 12009
6314 -13735
-38738 76369
-19430 37753
-51610 89241
32058 44189
-70918 -65223
-25866 -78095
38494 -33043
57802 -26607
83546 -84531
-77354 -20171
-12994 24881
-51610 31317
-58046 24881
38494 95679
-38738 37753
70674 12009
-90226 5573
44930 12009
-38738 -20171
-90226 63497
19186 -78095
12750 82805
-6558 37753
38494 -97403
51366 5573
96420 76369
-70918 -84531
12750 -84531
38494 69933
83546 -39479
-58046 12009
64238 69933
25622 31317
96420 50625
44930 -33043
32058 69933
77110 76369
-90226 82805
-6558 -20171
19186 63497
77110 -33043
-32302 57061
83546 -33043
64238 31317
-12994 69933
-38738 5573
51366 24881
-96662 -84531
-70918 50625
-25866 -52351
-38738 18445
83546 89241
44930 -26607
44930 69933
-25866 5573
77110 57061
12750 24881
44930 -65223
83546 69933
51366 18445
-83790 -33043
-122 50625
-19430 -39479
51366 -97403
6314 57061
96420 82805
-90226 89241
12750 -90967
96420 5573
-58046 -7299
-38738 -65223
38494 -65223
-58046 -39479
25622 -39479
-58046 -20171
6314 -33043
6314 24881
70674 -26607
64238 -52351
96420 69933
-32302 -90967
-58046 95679
89982 63497
-96662 89241
-6558 -65223
6314 12009
-51610 -13735
-38738 -52351
-122 31317
-12994 -26607
-51610 -863
-70918 37753
25622 -78095
-32302 5573
-51610 -7299
-45174 -39479
83546 37753
32058 18445
-58046 76369
77110 -58787
-70918 44189
-64482 31317
25622 -33043
77110 -71659
-83790 82805
12750 -26607
-64482 69933
-12994 5573
38494 -90967
-96662 50625
89982 31317
89982 12009
-83790 63497
6314 -97403
-38738 -26607
-70918 -26607
-32302 -45915
44930 5573
-19430 -52351
-25866 -26607
6314 76369
96420 -39479
83546 82805
-83790 -58787
-38738 -45915
12750 -33043
57802 -71659
89982 -97403
-58046 5573
-90226 12009
44930 -84531
-25866 24881
-19430 -97403
-32302 -71659
-64482 -33043
-45174 95679
-45174 69933
-90226 76369
51366 -13735
-58046 31317
64238 -97403
57802 -52351
-51610 -26607
-25866 -90967
-6558 24881
57802 57061
-96662 -33043
6314 -71659
-12994 -13735
-58046 37753
51366 89241
-6558 89241
-45174 50625
-51610 12009
-122 -71659
64238 82805
32058 -58787
-45174 -26607
51366 44189
-122 -90967
-12994 89241
19186 24881
19186 -26607
-32302 -863
-83790 44189
-51610 37753
-6558 -78095
-6558 12009
32058 -84531
-70918 69933
77110 -97403
25622 69933
-6558 76369
-96662 -52351
-64482 76369
64238 12009
-12994 44189
57802 -20171
-70918 18445
-6558 95679
-25866 95679
89982 57061
-58046 -33043
51366 31317
-122 -7299
-58046 -90967
89982 18445
6314 -863
44930 89241
6314 -52351
-25866 12009
6314 31317
-83790 -863
-90226 31317
38494 -26607
-83790 -84531
89982 5573
-38738 12009
12750 -78095
-64482 -58787
51366 -26607
12750 44189
64238 -863
57802 -84531
-25866 -84531
83546 -97403
77110 18445
-58046 -863
-19430 -33043
44930 63497
-90226 -84531
-70918 -71659
44930 76369
51366 -78095
-12994 -97403
-25866 69933
89982 -90967
-12994 37753
32058 12009
-83790 -13735
57802 76369
32058 89241
-90226 -58787
-38738 -90967
-64482 -52351
-96662 -78095
38494 -58787
77110 82805
44930 50625
-12994 -45915
-122 5573
64238 63497
-51610 -39479
44930 57061
-25866 18445
38494 50625
-25866 -863
-58046 -84531
-12994 -90967
44930 -58787
64238 50625
19186 -39479
57802 -33043
83546 -52351
-90226 -7299
-19430 -45915
64238 -65223
-83790 57061
70674 18445
64238 18445
83546 -7299
-96662 -20171
-90226 -33043
-19430 69933
64238 57061
-77354 -90967
-45174 -84531
-90226 -90967
-90226 -20171
-122 12009
-51610 63497
57802 -39479
64238 -58787
-45174 -45915
-25866 50625
83546 -58787
12750 12009
-70918 -52351
64238 -33043
-96662 -45915
-51610 57061
-19430 -84531
-32302 18445
96420 -13735
44930 -90967
-32302 44189
96420 95679
38494 89241
25622 37753
77110 31317
-6558 -58787
96420 24881
-6558 44189
-25866 -7299
-64482 -65223
89982 -45915
-90226 -78095
32058 76369
-83790 -65223
83546 18445
-64482 24881
-6558 18445
19186 31317
19186 -13735
77110 44189
-6558 63497
83546 -863
19186 -52351
-58046 82805
-96662 76369
38494 57061
51366 -20171
-38738 95679
-64482 50625
-45174 5573
-77354 50625
-32302 12009
-32302 69933
-58046 -13735
25622 -20171
51366 50625
-45174 44189
-64482 18445
-96662 18445
89982 -39479
70674 -863
32058 -863
-96662 44189
-96662 -13735
-77354 -58787
-51610 69933
-38738 31317
6314 37753
-83790 -45915
89982 69933
25622 12009
64238 24881
6314 18445
25622 63497
-64482 -84531
-32302 24881
44930 -71659
-12994 -84531
6314 -78095
-70918 31317
70674 57061
12750 -39479
-19430 44189
-38738 44189
19186 -7299
32058 -45915
51366 63497
-19430 76369
-90226 69933
-83790 37753
-70918 76369
-45174 76369
-12994 -33043
-25866 44189
64238 -71659
70674 -78095
57802 5573
-12994 63497
70674 63497
51366 -39479
-64482 -45915
-70918 -33043
19186 18445
6314 -39479
51366 -90967
51366 -65223
-64482 89241
12750 57061
64238 -39479
-83790 89241
-58046 50625
-6558 -33043
83546 5573
-83790 -90967
-122 44189
-122 -26607
83546 -26607
-90226 -52351
6314 -20171
-122 -58787
-58046 -71659
12750 5573
-70918 82805
19186 37753
-96662 -39479
-77354 44189
57802 -58787
-45174 37753
44930 31317
-90226 -97403
-45174 -97403
-6558 -97403
-83790 31317
12750 -863
-51610 -20171
-25866 57061
77110 -26607
-96662 69933
25622 -84531
77110 89241
-45174 -52351
19186 82805
89982 -20171
44930 24881
-64482 -13735
32058 -97403
-122 -78095
-12994 31317
-90226 24881
-122 -97403
44930 82805
12750 -97403
-96662 63497
-38738 -97403
-64482 -97403
-122 -20171
-58046 -97403
19186 12009
70674 69933
-64482 -78095
70674 -97403
-96662 -97403
-32302 -97403
25622 -52351
70674 -13735
-83790 -97403
89982 -7299
-96662 -71659
-122 -863
57802 -97403
-77354 -33043
-38738 -7299
147036
68283
74677
118054
118303
145332
89336
71551
67533
138411
133507
102310
104815
94486
134018
73268
191954
155139
126230
90227
126732
67442
91197
171605
100055
197258
185318
158101
144929
175637
69522
119370
149421
92031
83653
184554
166024
67576
132204
79990
174216
127359
92992
106341
162068
151874
137124
142407
96902
81313
92880
123600
183030
86713
131858
165205
102146
118932
146679
74755
184266
71227
119547
162605
155691
194747
157594
111956
118698
129263
129606
71121
170485
120471
73257
163234
175461
141424
75883
178934
187880
183056
169606
105371
152152
141540
74088
106373
109852
142954
120486
114246
77866
137353
97506
176883
108963
150625
132183
120781
129634
137705
174334
125713
193402
83348
143569
68288
192830
126585
69185
113477
74047
84568
78453
78452
173527
192256
120425
75485
125999
142294
153532
99474
150936
134027
138797
112402
156122
118543
198995
126648
113037
148031
79723
142983
164020
103554
174191
113787
197112
195569
104757
131856
89146
131498
76752
179497
129808
106953
100174
98204
146582
190723
182113
68615
105061
199243
95040
88976
144527
175280
90586
171325
152789
70824
110091
167071
142804
71432
147907
79122
68298
195771
138477
123284
118033
69204
142541
170396
172552
77227
78961
106111
80760
71811
145313
157342
114430
130053
115576
176696
146214
68793
70190
79159
137212
182273
139119
161203
81157
163931
131084
69680
195584
95397
116138
105075
143572
140587
112140
132671
137576
114865
121532
178537
124666
79653
157333
93192
119771
197141
165241
102400
157084
73067
137060
164323
121457
194987
137161
137583
133095
73589
67539
177645
160977
145738
90410
152473
182270
151711
116276
128147
143699
105325
125755
71654
153795
159848
118618
141329
128946
117353
137851
181034
78833
142410
129050
132943
118022
75528
129935
173555
124982
168888
134459
85586
170032
112660
183843
73938
144263
136284
121028
102496
84658
69253
170470
124592
139972
71158
95632
106318
72757
164555
166529
131706
148325
174415
74630
189977
127533
78522
138879
144648
105630
199725
158019
175207
101145
163140
77117
157191
176049
110385
123244
74634
82161
108871
67264
92133
115137
153769
93799
80185
167113
107891
130193
146980
84100
172914
141481
184794
196118
96207
199069
104737
68643
70131
100777
194646
185355
117809
120639
153266
95558
94525
133700
144969
91880
151225
98859
189878
195101
99805
176291
157295
101045
145204
77829
183388
172091
130363
148396
171494
171990
167483
111645
123850
126043
67292
77046
191657
177492
97769
168615
145795
123638
142091
89689
192196
109151
183611
154015
164839
155878
106450
184812
104185
185012
191965
103217
106092
165285
83137
150875
171145
169814
147603
100014
164148
144682
141199
168455
196219
135214
126122
77244
161278
82742
134962
149896
191844
130875
72527
116470
89480
198797
176996
145074
120224
92130
94433
197596
178712
197274
95629
151701
99856
103684
70433
116081
193596
151129
78301
145185
135377
185212
153432
177169
197416
68359
191131
121274
181471
192897
188078
111404
90470
172514
148604
113235
159483
122297
180304
102498
190000
137333
146981
123907
78730
146508
85185
102792
177082
146437
147244
119358
117554
198943
137108
77745
136824
70799
151113
191484
78100
83899
95192
187169
90583
113117
74809
108175
98086
77940
78821
179196
132933
120785
178526
172764
183645
114711
101114
120426
181613
149116
85891
103930
181133
196433
85216
141744
67717
116931
109673
81089
160199
179408
116228
181711
132366
74856
70055
190457
108119
109544
183229
178500
135266
126222
169240
90741
107664
178079
135696
115450
152729
193180
103840
118345
152528
172177
198461
175562
72578
146327
103260
194341
147357
81878
175648
161615
156480
141400
194681
164953
198087
162515
184755
94406
126591
182896
96357
98389
161847
148465
119412
189322
143669
95760
171821
88462
149197
173328
178652
131483
143565
141615
177850
123336
168138
146362
136339
164212
81847
181591
170115
81354
164499
178663
150875
75752
120632
147950
194473
70829
141536
115722
139132
199414
110091
164074
108400
86603
111704
119317
120970
195551
77291
194208
110857
153946
196945
148122
96572
150702
93512
170734
148087
91362
139529
108840
186986
76965
100407
172104
149822
183455
136408
85878
179706
112425
135398
91644
198476
168442
122162
138914
122916
130806
191955
100535
148414
131326
112972
116002
94915
85664
198953
84045
176762
154786
176618
71268
119790
189973
132747
153809
118241
139334
128716
72804
156941
73078
124985
150725
72666
125175
171632
117053
70053
175887
71761
76607
125657
184279
144799
199474
160273
77259
127175
84397
133195
138175
159082
159025
99938
178187
68762
194340
87015
123556
131530
194562
125174
96094
190350
121418
97831
99292
147080
190752
153539
98961
125827
75692
141046
123338
69081
124177
121398
106912
139396
110817
145321
164135
67260
148468
97742
114572
75929
90248
68308
178714
141338
78450
117889
115902
198844
127258
135940
132030
148112
76178
132710
164912
183579
72184
72992
154943
190509
93474
109145
117930
117188
90005
126653
111414
69468
170921
127379
133604
140673
119284
129621
71228
140968
79791
122879
97302
157143
113470
160996
147413
137913
186342
121287
133079
136835
78958
180292
77508
177791
149959
105735
169065
164299
179281
111962
133482
154329
133474
163206
92444
81509
144805
91555
103639
104613
194198
166633
97810
116286
135240
93598
185247
89031
75371
83402
67670
137377
86093
115697
87149
68021
180313
131257
110516
95252
151865
148221
166543
133642
171543
115118
92789
78834
113315
89560
176547
124514
74692
84042
95795
83489
167652
196210
104448
82998
117650
82674
197628
149580
133778
100442
82574
197208
125566
81928
85436
132188
161070
77399
133894
66878
104813
193077
92333
106367
98160
183728
81326
176473
186710
174364
193267
128874
176415
139060
111817
177542
144225
189873
196930
155013
166900
71867
92150
194233
176225
87238
144579
182950
199434
181553
194435
99374
68740
151509
83543
116881
99933
193493
73259
109347
134938
195600
83786
140654
174190
196598
157226
187074
67728
133277
105954
159262
132628
77828
165033
189405
94839
133641
101192
107353
173977
70061
74701
144415
116733
133425
130135
152042
155413
98586
162738
102569
196060
188944
115268
183500
92089
137662
134748
152400
105014
107256
167592
178550
113853
79723
90869
97869
94010
120112
115807
169165
194774
137505
137068
134415
149272
168243
90053
151033
165574
114225
115229
105232
77343
181463
124295
70596
104865
191011
165703
188807
196492
87742
93594
97446
166378
197807
148993
180163
70190
77249
158385
93134
105445
100503
181796
102284
93952
120597
126314
