941 97721
93678 26518
17453 -24894
10826 74377
-21050 -3520
-18108 -92960
94793 73668
-81345 -93854
64184 -59168
15635 -50938
-29017 -55398
60293 99196
81711 21869
45432 51820
63421 34775
-25727 29924
6754 12978
15503 -4105
67320 70760
38264 86819
-1669 25382
35772 -97381
-84612 -5638
-43906 -69476
98569 88783
-94813 34265
46159 93023
-8340 43616
-2057 45150
64824 -97390
36230 79741
10098 -29782
22972 77203
-68997 -47591
-53208 79731
-61903 -23988
-43044 -28753
82747 -67575
1157 30433
-23539 37458
-9754 16891
89847 -68134
-32788 79661
1858 -3723
-35579 97295
17322 -51853
54231 69079
-19167 -68087
-28072 -73944
78834 -13172
-74144 -51045
-17128 37101
69998 -13978
56598 -16535
1400 -39181
-26494 88593
-95846 72937
-81191 -63697
32240 18483
-70503 54777
-76912 -16326
13527 97568
85778 89391
-79649 -97833
38119 58131
-55734 58342
-12704 63127
-899 -85528
-499 34768
30673 -16058
-13646 47789
52289 -54327
-9236 -74555
79692 -74040
-74348 -71385
-95086 82172
-66830 17380
-69676 72559
-3374 -11072
4199 -3501
35228 -48400
-68088 81088
92241 4193
80796 -83691
24458 50801
2241 -781
-25235 5069
-71055 -74191
-69827 10870
-50460 -27952
-24819 -53305
49103 34499
-54405 80605
30527 -45007
-55705 -59717
58281 -96279
10023 -1132
74764 59186
-46138 -93280
-43444 -99815
28671 55274
-81049 -64886
91982 -68042
-76306 30371
74175 -47125
47777 -22671
43666 -72317
-48915 34943
93585 29135
31736 -89571
39713 -33942
59349 88570
-64090 86981
41902 10468
-10371 69175
24907 80892
13467 24653
24048 35701
-14371 76705
-54625 56676
65945 38747
-59767 -4717
25082 72666
-26774 11122
-98890 57902
31926 -54623
64870 -83860
91825 23205
68786 -99528
13946 -48268
-4737 57478
-89821 -97210
-45940 -1189
-69106 -93796
-80997 -86146
-11669 1498
-36130 -11110
-26321 8442
-2047 43864
-62863 61573
28860 -95642
-15047 99055
-63408 45839
25051 -34307
-10953 -84947
37170 53634
97479 -42692
58665 -575
-90586 -55510
41899 -20154
-10707 65883
70243 -88629
86045 96740
-28188 -46385
-49882 -87081
89113 54285
-42252 -65445
-12737 -75050
-34683 -59184
80342 61128
6200 -83669
41800 93831
-67375 -20649
-95137 -87257
15696 -14989
-58679 64946
-59047 29185
-82752 -99853
19177 -34909
53369 -24119
34874 61382
89238 -96252
96636 74808
-73815 -54582
-59118 -56822
-72829 34542
-58998 -79379
68694 -49579
72044 31341
68835 -70803
1888 -15578
10344 -74675
-62190 67969
18899 45719
26924 -18458
-84993 -36820
73658 -50123
91430 -61888
-89847 -62339
-96045 -53591
-65044 47480
98869 72059
12002 -54354
78124 -39951
-82162 23890
-18360 76986
90059 -2267
-88995 46063
-20512 -70730
80999 34745
-79978 65201
49912 -79599
78566 -73186
6553 58614
56860 38018
18970 50362
28804 19561
-54372 52898
20784 -5244
-20118 24942
-68244 -19654
-15526 4534
-68726 -18330
36979 -76881
-34947 -70545
88697 76687
74316 86247
-42835 -6263
-7216 -13988
20508 -97379
-5034 -33686
-58867 61210
-55404 65792
-5107 -72015
71342 -5909
57168 -81776
3307 -78444
36773 91496
31905 76922
26215 -51550
88511 42188
58817 -17396
47577 52660
58812 -77581
17722 -90856
9238 -75809
3510 2880
-66316 -91050
50163 -97473
13717 -10459
-39039 39486
-32955 -64908
54285 28219
-36528 90485
-59922 -83946
-39182 90372
14618 85267
61717 15144
-91146 -20601
33522 -95323
32569 468
-58908 94884
10364 9268
-39632 40447
-49392 59740
70193 -65388
-52980 -46891
81350 47978
8124 -16354
-17772 17022
38376 11519
50524 47546
48749 -70643
84738 -23441
67236 -94293
66194 32811
-63991 -58928
5884 -63864
5783 -95264
-52100 -1729
-96021 50365
4987 3040
22359 -51129
80289 73966
-64565 -57109
10618 61778
41917 -41705
60183 95911
-31754 -19781
50919 -26056
13755 10666
-92839 94856
-1410 -89298
-50849 -40966
37863 42442
-92904 -40040
21791 4491
-67976 -80891
81753 -14136
53057 -58802
-3954 75507
31146 -46043
87901 94382
-90126 -28842
-44740 -75547
49639 70037
93369 -73475
-85578 -69889
-38446 20231
92972 68267
-60682 19431
-45649 -56029
27790 38447
25947 52884
-5039 -92019
-93443 -81687
69070 -59758
5094 40332
-89425 -5422
-2509 -41151
42784 -79273
47335 352
26783 -93823
71613 37288
-50570 43648
8795 -94336
24463 75218
50427 66989
-70459 5168
-20913 -18133
29153 -76524
1079 95624
99972 44059
71252 2211
-68572 97504
59554 -78876
14709 12745
-80214 -60415
93465 75109
-52101 17438
-12100 60520
-49046 -2036
8749 90124
53702 64317
88085 -28848
53060 94022
-53952 -71047
87044 -95247
-75851 66043
53381 70739
13730 -81492
-64498 -9585
62084 -78418
68692 427
-85738 -42018
-33671 -45959
29437 970
10518 -51752
-49457 -5413
-77008 -15253
-9856 -76111
41932 77772
-72990 39096
52503 34382
2302 61037
26463 -78966
16583 92087
57477 1309
-95041 70750
-22744 -28500
13690 -38728
3435 -10729
-62810 -36974
-29488 75848
21061 54894
-87501 66413
-31124 -17198
-79280 42447
-35758 66676
87241 23003
35155 64865
-19478 -48386
-81729 87286
97241 70055
-90865 26652
-24130 -1863
-11942 -78504
-14157 -26557
83328 49141
32499 24845
-46643 45565
-24078 93827
18081 21998
56975 43625
77733 -76197
-48101 -16823
87773 23534
-18944 61932
-96633 96012
-80759 -73519
-24143 47446
96858 93844
-1256 91240
-83588 51944
-84453 -66734
15272 51800
93028 40018
90239 96145
10785 -75248
-6150 70590
-67904 -49772
-78225 11904
-97954 25200
83734 64370
-91069 46543
-70049 -98863
47819 -77606
84919 73877
22678 -43020
37284 -1820
-16732 44869
-99923 75925
-23339 87843
60562 19503
-57679 -80746
78239 -50185
8985 -56935
-63344 26772
44964 -97533
55049 54950
70384 -7726
-33665 64430
-71504 -59366
31444 -8370
15430 73999
16098 -89953
63954 29599
-45668 -75322
-46502 2958
63653 41055
64373 -92559
-36955 69909
98691 -93486
83054 -10589
82202 52766
-79123 -78434
-51874 65209
85982 -17068
93505 -2149
-52113 -36487
94754 -11642
-59044 -18774
93471 -55119
-31433 2788
10059 -94002
-93069 -74605
97574 51129
47957 -95751
57475 80861
80053 29954
-84411 52649
88494 20168
-2644 -2424
3765 -89265
42176 11289
-86445 -82887
-58182 -23209
50211 6327
-83351 41126
12152 25032
-58440 -56637
-37659 21801
43314 9473
76994 99923
96065 -44716
-6845 -24420
173 -96538
-39439 77691
-67446 -42790
-36937 31030
-66405 -23420
-88429 96052
10383 70416
-53513 43549
6990 -88157
95558 92072
32616 97070
-40696 19652
-73130 76669
35243 53208
-64970 13439
9999 -56901
23255 -39650
-15894 -56793
31755 81753
-71124 99511
-2952 89205
-43834 86341
-5848 51395
-31498 87919
-34270 57063
-87629 19436
51889 -13148
63537 80508
-42065 -68012
93487 -51062
72921 -72824
-55990 -78877
84340 -91748
28730 -13314
29946 50247
-4613 -81846
26800 -11011
-45911 -78550
6000 -54438
82944 -25380
-52116 22881
-107 -7679
32484 35485
-65129 -75787
-74532 18002
-61155 -14946
79406 28178
-35644 -48133
-36343 -72846
86779 -12123
-73696 -51496
73008 41978
53472 45778
63453 39286
88784 -80572
-36773 -88710
-70881 -78193
15033 1459
-41414 -84467
55309 10015
-94360 -4571
2698 -18973
32839 25088
-52360 -40509
58036 34892
-40633 -10232
67033 9783
94742 -20663
56385 -9530
-23115 -85894
11196 -33481
94457 46981
90636 90644
-77972 -21414
67677 -33123
88898 86036
95480 83913
95701 78531
54550 -52448
72919 -39387
-57005 -82409
-32961 83010
-21140 -9547
79654 -76873
406 -87028
-66359 12536
-45358 94759
70796 -36152
-51132 -8197
-30413 2719
-69133 21427
30360 -5737
16895 -9204
44332 -11607
64443 -17413
-60532 -93428
90511 -14459
-53237 83109
-31211 67890
-10843 -54996
-25986 81265
-80231 16998
-97878 72624
-42806 68002
37702 -15895
68762 -76219
41035 -31900
-75764 -6872
-52747 -84122
26676 -3574
-22906 50880
55463 57710
-97690 20647
-80129 21088
90633 64872
18694 25003
-39079 -46308
-21106 -11288
-44270 -54044
79418 22814
79100 -8142
-37154 -46502
-58822 -90162
-12350 50025
-10825 99281
-9775 -9935
7004 14527
54848 -50227
14916 87805
-44562 -45740
-85743 41998
57058 66828
-62270 62452
68870 19589
-10151 -81528
-52832 81264
47516 73796
-98483 19189
22433 -11090
46156 53260
55638 24778
10843 98074
98036 69723
62578 -42094
79646 -4954
-41407 30996
61745 -85816
83826 95063
75874 18996
12875 45846
-31723 28323
37101 -26018
-7182 91085
63612 38161
-79134 92224
40223 -79935
43346 -89396
24381 67111
-92332 -53688
-7065 -94378
52569 -30478
51084 -57997
-41379 -15466
88899 -77940
79541 -15185
67995 -69299
10806 28246
-64783 98512
23497 -70280
-27943 -38781
71059 56800
-33670 -1966
79535 -24746
-32144 -43719
-82880 82689
98527 84199
90088 43054
15756 -81712
93505 98304
-73910 -51231
72886 63128
5619 63667
88634 -74671
-79204 -23138
-15510 36568
-30322 86873
-69169 24456
-69493 -57926
54146 13228
43766 -29298
62095 28142
-93361 -33873
93905 -31795
-20163 -81893
67090 -16980
-45227 27364
5263 -15528
55944 54802
-87484 28698
59510 -64890
36884 -96904
2599 64057
71756 6613
-21133 -62089
-87613 36491
-8542 27718
45713 -68558
75957 93074
-7902 6443
-92097 -88022
96610 77880
59696 -98127
-76962 27413
-79154 -70060
-37541 -76653
-57217 70895
-9708 -6664
46860 38964
53398 54583
-32127 88709
-5844 -86236
-23340 55650
33717 27933
-470 6127
-77495 46328
65449 -69867
27083 -27853
17018 -10134
-13355 65111
-74445 59236
2355 38998
20089 -67415
84179 -95006
-54872 -99928
-77928 -45525
-83725 46944
-82940 59716
-44381 -48943
-4887 14362
-45334 54561
78318 -95019
-56492 -55103
40866 -70323
-27194 -9519
-69266 5138
91939 93739
4140 -81228
-35437 -60754
-79809 79937
-67195 20098
53084 45786
15465 34559
-30917 82881
-96702 -7628
18891 -53593
-66048 -25523
32893 66387
-31943 30762
99694 -19590
13968 30515
-24366 -41238
24838 53898
-31345 -8648
62602 93324
-8506 -71714
1664 92026
-26719 79018
-81570 91224
-28602 -53683
-44573 -4630
34663 -19108
93527 -73485
53242 -19090
63355 -31590
66830 8055
37653 66460
-66792 64242
28554 79059
50602 6668
-84950 -3698
-75788 73633
27439 40025
-86219 -63031
-80664 -66428
-62934 98459
-26863 26407
93653 -64326
24583 89707
89781 38938
-81500 70218
-67127 64468
-67266 -77888
90213 -50650
58004 6499
37107 56839
-52664 -37300
38119 88887
81322 87678
19033 26828
67591 18327
11076 54795
-83858 -45724
-48609 25591
-54399 65851
-24281 -46536
82653 95996
42650 -93862
-56472 -96427
85203 32264
-80848 6
-11196 -54551
46470 92535
64321 81235
33236 69139
24483 51472
-82301 5625
84581 95166
87719 19071
-37708 7883
-40183 -56761
-14852 76266
-33345 40252
75603 -47759
2769 -61856
-30018 -38729
68356 -85691
10065 -39112
74430 86684
-72655 -104
6559 58453
90894 -97928
-11019 -82273
-58031 -85795
-22547 46390
-45128 -36165
70823 -13712
-25121 -23384
-53584 -84285
-14246 36115
-62168 -68098
-13236 99964
-3929 68180
74858 59499
-22222 -28660
52670 -15551
-50128 8631
26299 -31905
-92600 42040
83359 -35770
46346 26584
35149 3454
27350 1923
-97999 16731
92804 37157
-43797 60964
68643 45903
23485 63550
50349 -25263
-31929 48655
-85897 3399
-86545 -92015
48672 -30274
-99567 -1078
31487 76879
67869 -16378
-49572 26065
41193 -72460
42360 -83185
10744 40101
52106 -70316
7779 -39133
73347 -76161
-17620 -10735
38162 -10854
77752 -89429
8910 -41922
17139 53554
97370 39851
-23091 82862
-40422 9591
-14777 -71670
12227 -48877
-79081 -80299
16027 38016
18843 -46106
98503 -51567
-16210 -31076
-49472 9933
-80136 -92324
93342 16876
-92072 -16227
-954 51391
41171 -10978
20188 98819
-6833 90369
8209 -90455
30256 87117
9441 -24116
-7940 -56866
57575 -86260
35718 47519
66225 -30801
-78406 86139
8675 79692
-35204 -77661
79159 -50524
18959 75418
-79520 -87399
-97018 21506
-28471 83520
-65036 -97202
-82076 99984
39698 -10018
-63723 -64503
30963 12099
-22689 -33571
92342 -86334
50162 -2036
-99805 -4652
-14039 -11295
-32870 82092
-50768 37949
29854 -34330
96419 93818
-47600 -87575
8795 85985
67225 -93620
-84562 -69745
-58147 -35761
38196 -71289
-95395 -11914
-55222 -82588
3422 50840
44772 -33882
16158 -111
19622 53597
5921 -36754
94891 -85760
-68425 -21116
-738 36719
-61820 -45644
64743 -2399
83253 56610
-1277 15041
90760 52360
89441 -32004
5646 -54376
45933 22400
-47845 71941
71505 68300
-57643 24471
43442 -80214
-37546 -73454
-50581 -70414
37312 60700
-3606 94458
-13365 -44895
21004 -17374
-99067 -11318
-27539 -97490
-17502 67246
-4226 -96863
14611 45806
57705 -63370
-48418 -74612
-23538 72121
-24562 -50988
-225 -33898
-71427 -25506
50621 29755
21521 7454
16936 47667
31228 9641
94501 61170
46595 -79734
44949 -7862
-33692 93043
68728 -31364
121872
101778
188677
95100
164991
192284
113544
138287
115214
160983
190884
120660
85202
109441
86203
121468
79892
143734
-1
173832
85044
86058
115299
143377
112287
119670
131998
105469
139229
80294
-1
145809
112928
97866
-1
149726
135191
90021
123680
107796
85630
123573
73422
141984
-1
-1
141052
178382
70740
96733
115041
88289
161572
90744
125189
79760
102752
119659
89731
105500
73197
-1
139139
120051
69570
129475
148516
165983
139601
70799
127212
93137
165018
144973
90611
118575
93885
183185
127336
160105
139150
141432
185285
96740
184918
137997
72930
88330
102008
163472
111142
175754
108928
121447
143019
95225
163158
100275
74078
79183
148797
69356
199997
180774
196859
-1
100957
118047
149449
159736
168982
-1
118152
127541
77889
117478
138498
161867
153937
171239
91042
139876
131703
166838
170443
-1
120672
109260
176652
84424
167014
188302
166546
104597
132212
180307
195624
82043
190522
147277
169456
123409
144331
149279
79264
97389
136277
68964
196858
184046
68014
182652
136598
175067
195694
172474
178401
107764
-1
95117
189813
130654
103467
152659
67558
119571
124437
121494
173482
151039
191672
157850
147344
-1
167156
178756
156139
184190
105196
161571
101772
137052
136476
84182
197355
73762
178327
-1
72172
174781
109264
91938
124750
154498
143211
192548
141279
167277
81335
95598
78109
-1
84461
134589
130562
130192
109849
181831
175619
-1
137825
180261
114232
101603
165021
198299
133465
179838
114384
108342
-1
152849
93987
75545
130738
156148
149584
-1
98527
159125
172920
143417
184573
176598
90444
-1
97664
-1
199369
114739
96174
97501
144652
-1
-1
97999
192131
85641
136006
83347
73895
90697
111562
-1
160241
192745
77580
142652
86859
119574
72165
115369
75754
107982
130102
166101
181523
181722
190843
118196
178460
184644
134546
129964
131442
70374
197970
83938
-1
117972
144448
116180
95274
177719
184417
183008
136807
185146
67824
174266
196130
165825
144772
162278
161855
152337
-1
124637
101782
103601
129971
133793
156691
-1
166019
165198
161524
-1
133232
99048
141379
171449
140792
131826
77768
-1
182274
73225
133592
179439
139312
68206
-1
-1
158845
94807
173009
185382
145257
86045
132088
159650
121739
113166
168394
78358
184750
118626
160438
145769
72709
129666
108328
83926
165982
96590
137779
84428
135692
94415
139356
102147
153154
190458
183784
108500
183551
127563
130538
183461
194547
196338
122278
160111
82909
186316
68548
181297
156089
141170
75739
117445
124983
110806
92965
82912
119228
88759
192967
144109
170331
70876
135396
157919
-1
99378
92219
149471
178092
140257
162403
92528
131050
182894
71084
137677
150367
76609
132353
71049
192233
76842
129872
150991
-1
97944
83323
113885
112829
85297
118850
75752
197742
181843
75375
152028
127486
141432
131275
158938
-1
160051
191509
-1
79480
195052
155616
135059
96131
128356
88568
197754
85761
-1
133792
150343
-1
87213
80838
123434
165202
156466
90728
182501
148797
178056
182016
137226
111851
74293
180858
84466
177756
153939
93252
188487
169723
151345
133800
143050
71943
163184
103034
98042
-1
87275
103681
-1
81885
184578
186894
173672
129474
143842
123160
108674
-1
81979
-1
-1
106234
119371
78955
168664
134280
74523
135200
119168
84639
157091
84741
71219
198643
189864
66782
196769
-1
119238
141702
172244
165220
133308
177464
67255
138234
197356
187719
71920
73212
108872
151957
106601
93294
198435
80263
78151
106184
193151
129555
128742
102374
142152
129416
170646
149761
100395
113425
81061
92383
-1
145567
158748
152523
142598
199303
-1
169409
165936
74092
179313
86737
80305
122422
184081
113003
138466
188627
194183
166338
84912
188049
147135
183056
139564
-1
197759
151286
174185
133788
146821
144674
195030
169231
155082
-1
101932
96097
102578
94391
126630
192320
77047
174140
-1
109331
155552
141136
103093
103762
79993
92121
103416
71145
73511
72179
182038
-1
121533
95672
127910
73936
-1
167836
169286
105341
118570
105928
163950
198385
-1
87940
71438
116543
-1
168704
161688
167348
141447
-1
-1
194824
82847
127836
151707
100352
131860
117714
99139
111662
102676
72663
133986
86687
129874
134648
117794
133519
77538
170320
178727
152416
106551
187735
179919
135218
121076
199377
117415
178822
148917
146027
116835
176496
185449
129321
121767
183027
139380
119432
172472
191599
148465
197741
131066
148809
138924
197263
-1
182257
83346
80552
119243
99925
166094
189095
132529
105368
172198
189110
166632
157859
199354
89699
187350
107603
-1
193586
145888
140436
132613
116591
166639
176303
114766
190626
160623
164792
-1
190031
189830
198724
161465
74554
163986
198840
145970
151591
80544
68801
155780
120241
144081
148636
104700
161872
101471
191536
142622
152319
136646
152272
126991
-1
155223
113735
73792
-1
80339
122325
126715
-1
180947
77867
132543
111079
186173
130733
73776
93944
114060
-1
128092
97333
197521
97617
145516
74777
167408
181081
75440
167518
113950
-1
156058
123265
160623
77889
106837
-1
162526
84297
151718
109304
83984
124685
-1
126790
90826
73300
140124
180082
177241
72482
186010
160112
144671
175656
159792
67821
-1
-1
159781
105900
162288
145172
180102
175769
82114
72971
174454
195372
149211
130601
99097
137842
119639
95366
142049
92629
182588
148314
-1
189492
93787
118124
147018
-1
154476
188360
187805
99614
129118
-1
117276
166416
196332
136678
146750
142465
134827
106099
137287
152793
126284
97817
91937
183682
130575
145279
93461
146350
145832
194798
194508
132054
121534
143092
98316
159149
178325
92727
191950
146869
-1
96078
74851
-1
116735
81682
170777
192700
197649
142136
73992
103186
194666
160422
98693
120284
109783
102318
113759
67226
175528
136886
-1
71769
78055
103385
196420
138218
175651
127328
88254
87195
186673
169646
-1
78832
185896
162447
90921
98107
190543
170913
78914
81479
-1
-1
176186
75806
105879
98634
130674
84397
170329
139410
116895
172525
-1
-1
154718
132003
-1
127802
105550
100033
153000
133700
-1
-1
-1
185246
147779
138565
180150
198573
144833
69644
128268
190079
114845
109283
128023
123093
86567
90606
80059
113918
102168
193122
153379
159147
131626
132173
174405
167596
109094
102877
70963
133915
118791
127667
183550
95077
102480
150929
198919
107262
178368
69160
