346 60894
99199 -42714
-75680 -72820
-4743 2739
-46295 88231
-61788 -60038
-25651 -31508
70662 80109
69329 54523
-57125 -235
9891 -9609
9007 -85412
14221 91488
-13209 -56088
37037 66088
-37252 -99911
-43782 -66324
46735 -85128
-46700 -62089
38277 37784
-70780 -69078
5658 -70033
-89430 -54768
31508 -29676
3316 -29333
44594 96616
18025 -74034
-64124 39442
67532 88813
-50418 -10630
77609 95070
-87451 34422
59127 82684
17109 93565
-17553 35266
-33091 -63109
-24965 -5520
-4677 -32254
-17460 14321
-78235 21861
66769 92566
-55991 -36116
-23029 23880
16085 -97870
5612 62811
27587 -18612
67693 13294
26952 -93997
83889 85492
23580 -95678
-93573 -27346
-21735 -28889
-54597 -20819
-7402 -33168
35200 -61677
-46733 27444
55684 -51931
65036 68864
3537 51394
-14268 -26178
-36719 -4767
-28376 -78402
-84600 -37850
97378 52674
-54428 13436
60145 55244
52505 37453
14593 -99588
75656 17458
-61240 68951
87286 69080
-36765 -89541
-27980 -33989
-78589 -62788
51962 49060
70389 86253
-49811 -57735
-94520 40383
92237 -62912
-49938 19535
67750 -23878
66791 41486
-73 12633
82136 80727
-23008 -66507
-12874 14656
67526 -32374
-58814 -51080
92522 13694
35271 75619
-39661 66765
-28474 -27930
-77866 -52402
52351 70450
40137 25018
3406 -82989
-98561 1410
-94978 88485
-6719 -46192
53335 12532
-63175 -29987
19894 -25636
-59908 -4670
17934 4576
24427 -70239
59539 -83218
-6574 50949
53845 6314
2149 60447
-27549 38644
-84139 -22514
88040 22163
49653 15070
26740 38899
-14557 -29485
61449 -29430
62302 22053
28088 -55329
-86971 62610
-17659 -17859
8771 -89214
-76972 97454
-17983 -29728
-82949 -33332
-2171 58064
-75482 16207
46724 49568
69494 2187
21021 73393
-32284 8513
-94529 74757
78113 -48630
90486 -18983
84112 34467
69270 41277
-61506 -39866
-73284 89657
61427 -75433
-81719 79418
38275 31068
40511 -93618
-13424 80243
54042 30118
21437 43104
-27939 88879
68478 85508
5365 -42333
67207 34058
58793 -17826
-14472 -81249
-74277 -13915
34643 15804
-87519 -16764
93684 -33851
-72601 -30169
-40677 -19391
46643 -48789
-81080 89523
-44333 68412
36583 35482
47884 38178
-84895 -77173
-75842 -93731
84289 75370
-70337 -32166
-2194 -29367
-17692 -66235
74209 -16328
-8604 -81167
95848 -29582
93372 43149
59885 -17892
-96973 -71046
93922 46660
-26492 32887
36788 767
-91263 -71980
82627 14350
-3070 -4035
-63903 -85904
52061 -42893
-15542 86915
-63864 80989
-41094 39008
27630 63441
57667 -48248
61270 27597
83471 -29941
69171 -94163
-17738 93007
-50408 -97007
-58793 88574
72691 -73871
11267 20080
23737 56334
-18836 -99109
56773 -25815
62975 32068
-38699 -37184
-96977 -30305
14698 52847
40100 -22470
28785 -58135
-14221 -373
89313 82848
26045 -49605
93005 -57390
74177 -31414
67152 45019
-37751 -11801
42678 31564
54338 46515
-13523 12043
-66130 14873
-94269 63604
-67352 18415
-91375 -25839
11855 -39296
54406 25243
-20354 24510
24862 91041
-90218 44081
52620 42677
81260 -10526
-8853 -30964
73413 73424
58858 84313
-44985 -50269
51668 95043
70950 -75971
-55486 34949
75899 -56340
78589 -3698
-8088 -15340
-7558 -66079
-12779 16523
-44800 55967
-41819 -86710
98718 -35091
33034 -17036
29718 -57445
34933 -74280
52979 98903
-44905 -30343
-92731 86591
86560 85457
82224 22676
57623 -42995
-44401 17616
18772 57932
11407 77152
50503 97548
-26510 90756
93907 78073
-41942 12172
-12565 53981
62031 9850
7680 87750
75738 30144
-52213 78465
-73953 37041
-3104 9394
-29455 43217
-14421 -33884
77903 -38100
-88202 -60725
15418 9455
-46447 -9513
-69991 -80747
-34629 52575
-90292 81671
-82628 -7366
-87155 86956
-59193 42017
-58438 30200
-17009 93879
89174 50509
-19033 -6765
4815 1549
23931 70522
-87997 11747
29286 -70469
-39499 -82729
-85275 19606
60128 73461
-25798 -53658
-65613 -7415
38348 93267
68391 97572
92581 54932
-62638 81463
-35510 -20524
-40411 -34439
15597 -20129
95132 -8684
-53811 -68505
60666 74439
-36595 -74957
15131 -18807
17934 -85962
-73589 45471
24960 -4063
-33832 7490
83064 -41291
37680 -79353
18331 -14339
-62593 -61696
-9984 -89886
92801 36680
-81520 -22860
-40295 -61261
-13816 -41284
-42262 -79769
-59171 95400
-32883 -65142
89852 64637
-32286 92255
43385 5425
48318 82201
-13725 18800
36457 31683
-72372 -16984
-16700 -92883
-69457 -90202
59376 -98469
98135 35170
73953 -30128
35212 -77130
17008 -59437
36013 -48948
-65436 70709
838 24903
35658 15201
-20533 86124
2625 -93616
1375 25656
98642 -92182
-1464 -47508
-80718 -74536
40870 -90458
28380 97698
61523 -62734
-91581 41981
33039 -23874
67317 -59194
-82510 -92727
-32728 33342
-5565 18710
-81116 -75518
161856
115713
145243
132895
194026
90126
187084
153979
-1
183140
76952
165614
120136
83435
128537
87545
79721
152440
121395
73836
75939
66745
166938
131839
169793
106833
74070
111104
155381
123360
196433
135917
85740
87584
168882
124129
92039
140137
108444
70246
162486
74151
74763
106694
183552
183166
165593
127581
80176
147232
72457
72724
193420
191853
175973
-1
147778
104755
133573
-1
191281
173164
170959
109613
117032
85204
125507
74322
111563
72352
105791
196256
128941
137793
96226
75719
121777
100545
123702
86963
110981
73774
138212
-1
69448
185060
113564
73620
184659
180737
69843
173005
133641
104376
147782
142139
111673
96326
157567
156096
159711
195268
131698
178870
196101
185068
127455
157652
107361
135942
67846
168232
189582
121273
160530
86298
-1
165761
198324
106815
90635
177823
127090
199769
96690
180199
77863
147698
195829
-1
122168
189873
78932
182321
145815
107252
146233
-1
154845
109302
172041
99293
184353
102786
180139
111862
192148
95976
120779
98212
160140
119096
178035
198937
199265
129189
155224
-1
180075
97019
198008
170931
189312
76161
73546
188581
122928
141623
89823
112709
177644
195347
84987
113115
157770
101203
101235
165359
185826
164687
73536
136805
105422
192600
152347
159122
75580
117945
124033
172428
114130
175047
139750
79407
124369
114779
151055
90373
72955
-1
154064
98604
176329
77522
-1
179708
165650
138484
142199
131953
135592
107587
172330
112760
153065
117026
169369
176513
188037
143540
86532
134831
189435
170663
82589
147342
67399
154195
100200
185917
68022
174683
170496
91714
194600
162715
122977
140363
172021
-1
107948
196961
127252
92672
101161
121063
98845
198766
165611
183397
87124
133046
114885
123306
151397
135663
174432
197919
147070
167692
191608
158940
156010
136730
73012
86280
193289
118669
190621
94244
132217
183151
111752
116341
198190
169237
175616
-1
-1
105867
161748
177518
176979
96104
75980
180178
174276
86857
181583
-1
95861
131935
189747
143524
116072
86608
100240
88186
183909
137776
75150
181989
167319
146972
197224
73682
-1
110173
172488
178020
155753
157702
195079
110355
119592
69275
84476
156333
136124
143864
84230
92063
87150
160077
82576
162296
109954
125005
127418
89998
-1
-1
74454
175551
157630
72879
177787
165096
163766
77891
104809
176179
143156
133203
126265
149110
