140 37659
-4601 13575
16078 35680
92870 90671
-52557 -16546
13423 10662
-1589 -92351
-18678 61044
14848 -90625
-24436 -9725
-1513 -82222
46565 -10496
-60014 38386
-99655 54053
-58902 9278
60576 91095
77979 82375
72979 -33680
-69456 -10445
24194 38919
-10202 -1409
22670 68810
-23895 16846
-22785 4020
14028 -46354
41911 -24692
69228 -11229
54803 -98650
-34062 79406
81747 73842
16690 -25054
58874 56915
53379 61505
16548 -84795
52240 58779
-62537 -6535
-5278 90672
37643 89588
-21253 -94717
90531 83911
43680 -8830
15903 15889
-20483 21335
-49348 -74794
-15906 -41209
18737 -19836
46219 -26970
-12252 25040
-45920 807
-64938 66810
82589 97457
60595 -24670
-16417 -38535
-84805 40229
66771 65297
-23630 -71807
-82184 5027
23411 15077
43112 93908
-74891 -42196
1717 -17536
-20582 75742
-14049 55825
-50004 -6473
-48743 -14499
-40796 -93420
43750 50921
-90071 67931
11585 -56256
9870 -94398
77348 60502
23230 -87312
-30734 61437
-85341 53108
-972 -74321
-80444 -55668
-41557 53030
-56456 83808
25028 -7436
-28399 -79445
44152 80517
-16212 -11839
99250 -6868
55953 -34986
-64208 27827
81587 66321
-88556 -27275
-60958 32006
34042 -41746
52800 -31553
95947 -18928
-28415 -27309
-13111 73242
89483 95472
66483 5912
66313 -60827
-64308 -29053
35421 9077
91125 44448
59492 80761
21224 97557
-43098 -82440
-10145 -68294
-74906 72845
99663 -6065
-78750 22684
-18357 -52552
41620 64840
12308 93764
65809 -27955
-80547 -49702
-39261 75948
-64522 22496
38035 -82198
8093 -53799
78438 -18546
79355 40503
-5206 -38000
-90925 32922
59940 -81935
-19937 25203
90751 22334
39634 75739
-9529 37308
37434 -46813
32818 58976
-38281 12815
75278 -36263
73298 12827
21056 89520
-84423 92037
57599 57899
-93476 -74727
-11725 38086
29709 -54687
-90137 -77492
-80670 46325
-64204 58189
58248 -56719
88619 90320
24192 57921
-36634 -98452
-43697 -76576
147041
163631
129703
109318
163954
197510
144651
-1
170761
94010
138428
140161
165697
96794
-1
82540
127518
98001
120762
192766
189969
101483
164765
145381
114765
122373
162050
141441
174800
115664
152741
75002
152007
185649
175515
100435
150253
184029
198386
109119
-1
172799
183435
147500
181675
194871
76113
76690
192058
160105
177853
95736
113763
99337
105935
126777
161646
-1
-1
143041
167918
127945
185935
198196
168972
173408
194338
121146
180115
100703
185656
70832
76050
96153
175718
128459
194527
98676
137965
71474
174616
186243
149368
132963
-1
198388
103910
164264
92672
-1
131061
94371
84678
152218
73691
-1
136945
-1
174256
88783
91628
111800
93793
175698
114547
92762
184533
183362
143562
106152
163961
77459
156878
133206
99604
148760
127507
-1
-1
153809
-1
-1
178521
182328
93264
196726
-1
182117
-1
71687
89459
-1
165645
131898
167277
129403
112998
146534
71008
167969
