34 35431
-56638 91326
4119 85225
-67559 79141
35817 -65599
49403 -74765
45279 49964
-8248 47024
-78921 59138
74301 81802
15747 33852
44812 -48802
75233 99672
39188 -97132
-51673 17959
13410 71863
-27358 3039
77537 -36818
-25220 -91715
91912 23323
7605 46534
33210 -10814
84835 38732
-71330 91455
-59327 -99798
-57987 -71434
77364 -73736
-94948 60090
-97833 -31753
21133 -4032
-38827 13898
-4139 -18270
-3340 61936
36111 -64636
66614 -82475
-52853 45849
-26253 50190
195476
139561
100565
87062
150421
176981
70484
77809
80923
89499
-1
121467
146356
83790
95307
159376
72474
195801
161994
161692
166063
86149
68286
-1
165736
117219
134850
-1
126931
179595
193162
165363
124259
171695
