789 3997
-33431 -90283
-17393 -98512
-84962 59866
-65882 -71460
-51262 54981
51362 -93280
6446 -20494
75845 21065
-44563 -16224
-4187 -42626
2979 47067
-76995 77954
-35713 -20390
32567 92170
-42470 -38681
-21922 19468
-51354 -5155
65523 -51189
79021 -47474
72159 -68403
80300 -96441
59177 9399
10825 -55032
-62114 -69754
30477 48850
63859 44633
42513 36889
52088 21393
-65150 36204
-73238 55600
-40633 -71338
14955 -97374
18186 -35923
46352 -72815
-65799 -75361
-70408 -73005
11198 33354
-75529 -9302
-89228 46781
28660 41024
-84027 48172
40871 24771
55384 96344
-67032 53391
-37621 -19708
56510 87507
65498 42426
51385 -96132
41476 447
65845 73329
6663 -29347
74853 -72330
-61587 36141
92319 -16497
4235 -83806
-6819 43058
-63301 85274
-81316 -77694
79263 71817
-57065 -83112
-59807 91992
51764 80931
65068 12769
7040 85261
9351 38528
-69013 8331
-25032 74493
10881 -76890
-82450 93435
91884 65367
83048 58644
-44638 -93288
69664 -48414
-63500 80922
62440 32537
55248 50717
-32755 53224
-36909 -8397
16770 75711
87635 -33921
33714 99818
-68840 27056
-58901 50088
-22929 7244
62882 8797
91639 57910
-86847 -18911
-38454 34732
32014 -75217
-62819 97841
2662 86192
43331 -86904
18006 -74828
-57853 -4709
-6015 -54617
38203 -5779
-69625 21778
-89405 88892
47108 99903
-72185 -40412
-28191 -13952
47494 65689
-26159 86963
58926 8426
-11275 -57961
-70379 -23573
21230 -7827
2863 -80747
-90912 32391
80276 -67859
62035 -35671
-69848 5587
-28028 84015
17123 55479
-90642 9080
79390 -75254
98406 96051
-16963 34891
38441 -46779
73463 98322
20339 -98112
-16025 5637
-10331 41898
-64985 11044
-31974 -71828
12089 43945
72612 72483
-66531 16944
45275 -17795
87201 55247
-85764 77497
62216 -51789
-58146 -58724
31483 -33969
63128 -33446
-44430 2094
57531 -60345
67553 -30517
42549 -79017
-65288 -57300
13053 -71623
-21802 -35832
67905 -1649
-48322 10563
92836 53999
-83048 50021
-27522 -39217
54665 -16485
11188 15498
1288 -39607
-70245 -7878
66114 37115
-20502 43272
-50850 -57222
-84237 -18230
42426 -80033
-57658 95957
-46538 54356
44332 -69819
28312 -3325
-32822 77750
80766 1956
19395 49001
64731 71517
41708 -16352
68436 -3705
18752 -71803
-56278 68379
86954 80129
74385 -37997
81599 55582
-65327 35397
-43839 -77519
-96427 27608
-64319 -74158
-29944 -54976
83037 -6645
45871 25892
-91004 22509
19799 -54150
-74234 -51261
67973 -99963
62948 62956
77993 99641
28702 -3908
-98188 -16971
87059 94827
7652 -45290
33568 -98536
42094 68260
-92962 -61058
72110 -72633
-21069 97909
-51862 -98854
28010 -43801
38144 42432
70457 -32420
4393 -12572
89489 33852
-61247 59562
57305 -83695
93903 31338
-53379 95981
-48051 -55530
15766 3445
-37412 14329
-53359 -56921
37804 85161
-37250 84770
-52902 -35439
5624 -59427
64183 84391
81345 -96020
-78552 -60646
66458 42603
-78541 -83475
-95702 65822
-48023 88307
-508 -27863
3329 -80751
39531 -75972
-95098 -25993
-82711 34228
-33523 90906
-46982 94940
-57053 -89653
69542 -88654
-79988 -62786
15950 -24194
35791 73067
38416 -89550
33243 -47278
-56614 36894
-63563 -70618
24408 21416
-34996 99820
-68007 26367
-91704 -88060
-16815 34092
28533 -52841
-9661 64924
-27338 48820
-71117 -5228
-23362 22708
-48142 66821
-87831 71452
-80153 16761
36699 -56683
47103 -65833
50940 -71907
46167 76699
18023 -5578
-38025 91436
-9937 92196
23905 -39507
12934 65957
87916 -5731
-60809 19300
24877 58297
-97506 -39200
-14234 72594
97509 -79946
21520 -14159
-43697 -65824
-27579 -87541
-95026 -98890
-88113 -77568
33101 -40163
34882 -5167
-89880 90088
59595 74616
17397 -86215
-3089 -52693
21069 64652
-83683 -91435
19483 4457
23088 29608
-55288 87517
4438 89794
16661 -16730
-84348 -22472
40694 -41438
-82629 -43591
-94156 85034
73091 -72578
-47712 24361
34849 -73774
-27688 -98656
92369 72181
-61972 -25248
-10295 79831
-6270 -1645
82684 3847
94079 42354
-28983 -38028
39928 87353
84623 -9235
-81535 -14051
60858 -12594
-45054 30932
-81818 -38381
48412 60784
83281 7603
16759 -21712
-43524 -426
77343 -16255
83848 24149
-3778 -73251
38334 14804
1944 -76057
68873 18962
-8532 -77388
-69096 47130
-4090 14768
-44866 61530
89236 -60702
-55542 -54664
-94088 -65366
-1237 -80918
13366 99974
61117 1577
90482 -74123
45437 -81749
32175 21591
12661 -76067
-85316 75816
-98825 79684
83540 13288
78587 -88252
55806 379
62860 -5105
98840 -36612
-92837 54311
52704 61480
88850 1599
-2699 -59892
87108 -70931
64903 -94016
74269 51421
45692 31777
-3287 -41837
88470 36132
63741 64375
70809 9612
-87474 42902
28300 40256
-33180 7278
19260 92316
5395 48452
37056 -62182
-20321 -80579
-63808 54328
27414 65553
-53386 79980
-5065 -4799
-6935 3251
56165 -39964
-89586 91438
-65091 -11220
-62946 -65378
14972 88128
-94571 1690
-70913 -98794
82664 26520
-43100 -11215
-71531 -57339
71485 19236
-39778 67672
-94237 -26731
-84095 -79302
74152 66215
50182 1496
-50596 -95573
-53077 61142
95967 -17555
-84685 -46971
-87681 41327
66308 65261
86747 -11027
-9974 -59688
-41670 76882
-37622 -45688
1727 -49883
-77151 -57063
14630 9073
89062 -90075
-76026 -13605
51645 66450
-55986 95715
26748 -75546
60918 -53819
-6876 -25215
23586 17943
-18889 -24576
-89817 -95544
10050 62651
86234 -96949
18609 -15565
17270 6547
57935 6877
-5094 90587
3980 58569
55979 46769
28012 -11822
28748 -9159
-63494 -63771
-84266 36098
70587 39007
-68422 2629
-44357 42366
-85170 39184
64313 -24561
99603 -25823
47371 -5765
59822 -76253
-79626 -79684
-80378 -12565
41911 31837
70809 -18834
94397 -24291
65144 20227
82510 35625
-3956 -71535
-62284 57460
45784 -71366
-78037 81183
-91562 96201
15464 -77521
-82278 -43765
55181 -12458
-76622 -8362
-48510 64228
9679 65034
70401 70572
-90342 8820
-84093 12452
81617 -53853
31622 -78385
-13684 5059
25664 -83957
6960 6345
36368 83706
50493 40985
-57485 -44581
21739 39806
-17947 15388
-40913 -13055
6367 -97523
-60497 -9779
55966 -42369
-88190 42298
39407 -92936
-98124 82321
67073 -32385
34160 -67054
63854 -64266
96388 -41886
-9765 -90587
-81785 -7081
-96450 14295
-50548 -17757
78540 96170
-61871 -34131
-54457 -75208
-23597 8326
-96241 -4208
-58836 47765
-98883 -76340
-65289 64990
16770 -6667
-48180 -9041
-98045 -34443
24184 9511
66951 93238
50770 -48471
63461 81974
-13480 1434
-94275 49608
-55109 -99915
53338 -70209
52689 87329
-26151 -91755
-34971 35505
-7468 -95390
-62358 -76032
-37238 -80208
95853 -62081
36160 -29091
24395 -45154
2398 7122
96071 -20344
94031 -95236
48368 -16280
51442 83615
76336 -72446
-43937 36943
31076 57234
86461 81823
69944 59860
-92184 25096
-43903 35334
39248 11597
58824 -32917
-45506 -17921
-57530 -46799
-78548 65004
38012 -65918
29381 -49589
61359 -55845
-78249 84524
13514 97164
-33426 35391
93040 -69681
93156 43445
-85589 22855
66902 -18097
91222 88300
98600 45341
-58652 -79001
-56658 59452
-25172 -15896
68917 -26832
-48621 -14422
-88775 36027
-92824 32691
47371 61743
-99222 -8112
57345 5293
-62419 -745
7531 -56034
-14668 56760
-37136 -51851
-49956 -15117
75477 99866
86455 71716
-60689 -55960
-56371 76791
83718 73683
-81692 79573
-5392 84970
-40892 -19532
-48166 -96936
30336 58169
-48922 55372
90959 99691
46538 -41702
-82855 83543
-13284 52840
65997 60897
34725 -80412
-85438 -16120
-82825 1718
-14957 35435
-69871 -53968
62133 -32902
7873 -8180
35186 -44675
24755 -55132
39387 72790
-39053 -26074
42357 -37930
-87891 -6348
-42064 -58015
-7771 -16410
-16555 -58236
-21685 -85594
-23189 -39623
96086 34268
-82977 78262
11520 -33048
70750 25835
-75363 -81297
63027 20933
-24883 62231
68143 -64953
58974 66740
32517 8949
65408 33963
-64631 -64480
94664 -1960
87416 -33449
-48161 -47861
81770 -35349
-86667 26788
78252 46626
73925 4324
-51004 -53544
-4278 1847
97496 61809
44776 49849
-64382 -39523
72368 3759
40347 -93471
59643 -64558
74611 -6028
-61948 -10899
-38485 -25456
-9819 3026
-46932 81150
-80660 25160
-70450 -55449
2019 -35017
88043 95941
65890 19616
45699 80462
72308 64773
-20528 -87662
-17730 -3223
-94207 38480
-40002 80191
-51193 64134
-28561 -61499
94243 -53246
44936 -77340
-19317 92512
-76159 -76242
-23293 -58922
40011 83701
-38124 9122
-70067 -70856
29963 19553
42797 21585
12940 96295
6471 -8984
-38957 35298
-65879 83300
9652 -88876
94451 63084
19269 90199
-76615 -20645
-7 36170
-31095 -91859
-53474 -97535
-42400 -66855
-55101 -49819
-33843 -76294
-56051 61286
88835 24281
62099 -10832
60630 92025
-1504 47764
68380 -93606
-12843 26836
-99031 26321
47169 29065
658 76405
35998 -4229
-43297 63083
-20985 -93983
-35732 -98207
-58301 -83710
-28406 89418
-6862 -44213
5082 -6333
-49638 -50785
53958 -43806
45370 49091
-30848 67005
23932 -69089
86233 -19246
-42476 80425
91826 -80062
57619 95376
61135 -77313
81358 -20802
78130 -76222
56477 -91793
-11838 42932
-17203 -86809
58248 -76790
-63872 41800
-23667 3313
22080 99312
21913 59907
11283 21096
27159 -18480
54017 -22469
-44684 -63717
24229 -90882
1079 -92841
81935 21592
24183 -79975
18633 -22560
-80091 -58571
-89811 -10571
55705 10252
-53233 -40302
98704 81645
-64832 74065
-25637 -35370
-59800 79105
-65847 -48736
-72411 24625
-35201 -46449
-71075 -15343
-15998 57901
70938 34685
-5402 -59284
-13628 -1672
27949 -9088
64601 -94391
-91638 88423
82032 42974
3153 59357
-46015 17639
-20514 17211
34545 71255
-68739 -74731
84648 -84497
-68499 48273
22902 69897
-41154 18275
82423 -23206
-10169 61881
18251 -15023
-49788 -19715
17076 86105
-65350 18090
-14897 -84419
-9586 -82311
-58251 74030
99385 -44243
-44836 -67962
3012 26273
-15255 68728
66688 72112
6887 -95640
-62864 90617
-51375 62548
-14445 24980
-91643 -4449
-810 33805
1584 -9375
10132 50865
92865 -1793
44107 68382
-52279 -83
47757 -66477
53138 -70625
-74329 -97885
-33682 61148
-43209 -88786
-292 38575
18125 -70670
-14021 46729
57616 -78040
-75012 6672
75016 -10936
80149 -21587
33251 8641
25304 -6886
94239 -77636
-11 33171
-21063 -24959
16131 -13832
12465 1840
-2984 53783
37278 -33191
79464 -12493
57428 80589
18320 -47856
-16433 75701
-84840 -62625
28398 81064
-25273 -26064
-19940 93756
-22326 -30438
-70203 84543
62455 -87182
-27891 71713
51465 58492
68805 -35618
55863 -89406
-98235 -97872
38493 15061
-54116 10638
-50386 -73835
60241 -93925
97681 99481
35193 -47450
-67870 -18303
59383 39450
-82756 -64159
-3728 -85754
-90028 52355
-47986 77317
-97509 -34861
-50626 35995
73802 -2342
74301 -4299
97840 -26384
162152
194760
83164
130884
111085
87879
199145
143935
135589
177315
198165
154377
189578
85618
184874
80066
103488
145217
143708
75564
132693
173547
147898
148129
171420
104199
148231
78068
100102
167645
131592
150481
165907
78233
153149
166782
178812
133164
100850
-1
187979
81210
196283
112805
136556
77837
192283
117700
186308
182877
180248
141527
187945
187986
74316
117884
178383
146646
143542
115638
112369
98003
69008
192117
119832
78877
126080
144569
76674
191363
194080
152177
123149
104441
180142
127222
166849
192838
156015
175809
164195
116028
95888
74566
87586
177140
178065
71127
185903
171087
115532
113321
113193
121720
86488
119032
175603
67966
110613
68435
196988
145595
112298
126878
125560
117003
96294
74124
70621
177115
126099
148597
170651
75719
67698
97452
165469
121294
115289
84240
88769
168293
144895
146604
143651
176928
162978
157914
185967
125424
199982
131172
106462
158166
85293
125230
197975
84149
130188
126870
89367
189222
185318
178992
195136
194138
72664
69949
158460
195570
114616
130184
99933
196683
161517
155955
140729
108926
123719
97413
79192
73341
130408
170238
73525
93094
120064
126789
172959
154626
106499
85862
135199
112342
102554
67678
173486
152511
169697
95548
123194
89732
110642
113401
89186
129668
186450
130401
198947
121733
197967
144251
91892
180536
129713
160481
98283
138676
110587
106331
120848
75885
115273
94814
187425
108949
108413
88295
185098
170723
150233
173427
198400
183101
-1
163715
82153
91751
108540
148944
76069
196153
105530
151546
75459
140343
76295
156164
87607
78082
195047
74098
75208
90066
88527
110415
86804
164519
143507
114848
191895
83873
91728
75217
155165
132353
143970
199838
119149
68090
125942
153514
89189
121495
132487
196694
106760
112659
123949
99454
83703
73217
123006
90459
148175
134559
128380
119960
121908
103867
154625
195495
186106
171414
156851
115093
99032
143823
161287
179603
140898
80479
149990
174300
101491
81912
124885
159469
163754
160766
179505
182921
149700
193615
84392
72963
156449
189922
197782
88645
97171
86121
146822
185507
156166
129803
190768
169374
178129
121684
121609
158980
128400
155870
185333
152964
198143
166322
103401
184609
74364
84370
142461
180609
72121
96982
197778
172014
157842
70733
148615
121751
182111
125052
185540
172494
168383
80986
158785
158486
171050
-1
78730
138279
91545
94059
91397
183704
165428
94083
117600
119247
167588
193289
108232
159475
143353
190609
189530
99918
136586
190410
130742
173361
88115
138720
159399
144128
82810
191956
161826
171878
117006
192534
188840
86301
67517
154373
163838
127823
129334
178745
99217
189835
164222
78349
149987
116802
160596
113534
90876
181348
197763
186430
195108
129894
176621
129690
120998
155519
115669
171973
117537
69298
192049
69461
154456
89579
126525
77797
85899
184323
92760
154028
92980
130179
88732
161494
112879
86533
159512
184285
197774
101945
149306
94275
94019
147094
143226
128837
171829
130686
69028
193658
109299
106628
117442
141608
110096
89016
185345
138664
149424
164418
148869
88793
67795
96355
143402
105612
127641
138703
130627
71399
160611
173259
164696
95489
172046
149030
186029
198448
-1
96516
115376
150928
150497
180243
96536
174162
103346
75862
148641
174094
143627
156493
76477
107973
69052
122831
113254
188217
80537
72857
180174
100915
125839
67414
196677
104938
138198
174440
158357
115980
161418
93470
144771
158355
106972
198579
151644
170286
182410
135476
70518
118390
106932
170912
197489
176364
106351
187976
176172
89024
150302
185606
130873
190087
74242
114038
168600
162742
184536
135910
-1
134268
123635
108463
187467
163605
158895
74507
126471
98085
181018
182022
108004
104540
134007
191969
136498
164975
124740
155172
148643
100765
96159
187115
153068
180959
125184
83978
171342
76589
113518
135538
110426
199778
169841
102653
189907
163596
172925
159197
98006
84873
158208
79424
163511
175360
80224
110529
121035
94458
183394
126314
103357
114816
139772
193562
196103
118254
139212
193008
165670
151498
192541
-1
130235
177461
138716
127031
125383
194746
192596
155207
159403
147287
165277
103774
143935
-1
171015
139950
128966
89711
106740
170222
97029
69662
134781
93109
194298
193666
159926
82663
155740
95649
81693
131386
117532
70620
148978
146067
174524
113638
131253
183832
130921
134819
114472
196740
170581
118605
119843
165984
67617
132434
161186
120928
184337
99483
95747
149862
90115
154885
119773
139779
86110
69744
110144
131737
143097
165957
117840
109210
153652
125382
134947
106583
141016
174583
195511
169389
71496
75449
176672
82721
165198
83252
112372
140466
128685
190591
178694
-1
89063
73031
74520
180386
120521
109653
115858
138356
102903
177570
137447
71647
114967
172463
189456
96524
131918
171761
191013
158059
139052
180320
146345
83440
109022
76357
86924
92821
104295
193997
129659
79328
157530
161341
102549
97566
159360
129799
94427
88362
136038
83380
114148
152877
90052
175612
87290
184765
193113
110126
102922
124167
184003
148650
135443
197967
135924
97626
197432
173729
152640
125564
189470
84065
137079
136268
152926
97374
180480
116017
69511
138237
183110
75399
123392
75610
106538
158889
86431
116873
101505
70971
132343
93000
151588
110171
167212
112550
121384
67391
156681
160405
174262
199616
182650
111167
109783
105898
144178
99874
199325
97985
93760
95062
112697
70737
131451
126037
199729
122747
153815
157043
74981
