826 26061
-68747 -26562
-84617 13826
2677 -44036
-27795 94800
-92154 -58206
-9015 -61505
43621 -44742
-56635 -94842
10322 -84370
-91818 -42216
-73025 23612
81143 35447
-89685 40921
82368 -99752
-30323 -82602
74138 -68525
63768 77338
72890 -407
-67944 5695
-69043 -74281
-97846 18841
77176 -1464
829 23413
-80008 67136
-16568 81453
66545 79854
9991 -20147
-6173 -84057
61991 -45302
81119 -82051
-32217 42731
-57321 -32827
41419 -35976
81662 -6648
51325 -46536
-82966 -22451
76638 -89085
40824 85670
-57956 8198
58516 -54489
-81987 18482
-13602 -54966
80399 -2454
18076 -36576
-38730 -9523
-3460 15166
63478 -14983
-65325 -72462
19487 36977
39666 15027
9959 83665
-81737 49232
-44600 54972
25337 -42285
13517 61573
19045 86000
55800 -71338
99842 68158
-91747 -15759
-4232 -45077
-63133 -91568
86169 -61098
7173 -81204
-85193 56066
97706 -37852
82909 26906
62876 81588
26963 -80920
19633 -16386
82018 -83967
4341 -29989
-51266 -93036
-76118 51846
83806 -13661
38900 -13412
50061 -71666
-6904 -7152
84519 80778
21238 96055
55475 -38106
-47621 -94632
66947 2173
-94127 -69724
-62229 -98427
84921 -98670
98759 -55775
96832 -65319
-26080 -43778
60776 -88114
-69243 -84734
-68563 50342
-93724 -53848
44098 95913
-97497 -35224
52775 43673
-95429 75124
19146 -25572
-42882 86616
-81547 -63304
49428 -40495
70332 1130
-71767 99604
54872 98128
85741 24167
-91243 -2705
-46221 67580
83764 99637
-87622 -90719
-34543 -84580
62454 -99485
57814 -24241
88597 -24396
76447 70592
85792 74048
8552 -58615
34393 -52799
-49875 -39738
-63416 46901
18243 -24440
46555 -73278
-18389 -58248
186 -92448
56572 -54494
30577 28624
-70478 -4407
-86596 19250
12932 -2480
-40192 69222
-70105 -41012
-69109 -56286
-88534 38489
-76251 -94342
-33614 13432
-23882 -6772
32433 2589
-32210 33946
97349 -49085
-96643 -53020
95100 -87894
81190 83805
-6349 -81902
-36589 -45458
-58994 64764
65291 -27281
-75238 96152
-96446 -46709
70556 65186
-4952 -25262
-71111 25072
1923 -83658
743 -38116
-83775 14165
-93788 66502
59683 158
-41723 -87566
75616 -4486
30188 11218
-93388 47730
-6533 -10318
-18884 -16701
76254 -42876
-68694 -23524
-27780 8788
-56038 90231
8182 77018
76575 -45537
6835 28976
15262 87622
44946 60471
-30363 -74727
-94417 94579
32323 1672
-49283 -65519
-54206 -61760
-80071 -13136
91366 -62517
19224 -18624
99811 -31547
93246 27921
-59819 43712
-17919 -61926
-32501 67865
-18377 -62050
34316 39369
-61263 57060
56937 -30047
-15163 -92609
-73980 29508
-57218 -17967
71511 -54888
16560 13245
-55634 33779
-25320 -17134
27327 -27728
-92135 -23100
67552 -42945
2626 -72704
-90533 -14527
96515 79979
31785 -25296
-18380 544
33630 21334
-17732 -12076
-31827 3658
-14418 -27550
63155 -11489
26203 -18259
-78205 -81969
9982 -6315
-47941 26272
-68262 -72278
-31694 -71509
82825 18374
-19133 -85260
45559 5899
-13653 -73376
-82297 9713
-87968 91136
-11834 -95246
-48401 -16057
-93289 -24261
-45530 76115
-50527 -49543
-95516 -32775
20538 59072
73755 -75549
13381 55734
-12980 -70980
-18567 8520
-47734 25842
-5751 -28939
-9057 99616
51133 -15628
-25492 28431
-71995 -54238
-70833 71035
-67805 44920
29158 -14624
-17980 77196
800 -41343
37605 -27357
-59755 -68236
-21220 62374
68097 38847
85774 51098
31314 86344
-52041 -15809
30384 -75927
-64419 -27486
36372 83433
65530 93851
82782 67567
-65388 30786
78273 49692
-57998 -47755
-61417 69019
63866 -58275
10805 -41747
-45058 -70920
84869 85065
-45893 -45332
81498 3559
-52952 98411
83931 46110
27964 -86436
-23129 -2365
95426 -45721
2348 -86698
54625 -66860
10624 68880
46745 58296
-73050 46593
-89310 -89811
16516 -89404
9847 -52363
-58630 90233
1621 -42358
50901 87638
82840 89058
20552 15342
-9062 -72808
-49942 96380
-39585 -2574
82136 -16685
41045 -82348
56355 -92546
71680 79562
-60767 -22818
-20830 -27613
-93081 -93138
-46097 -56451
12024 34681
54294 10461
33605 -32719
-59822 -52180
-63782 -82149
-55119 -73740
-22907 34802
52430 56901
-4407 -76249
-4449 69986
79387 31785
-69987 8752
-75809 35373
-85214 -13516
-42555 -99814
-44195 -23767
37842 38328
94603 -23747
-42599 95683
75922 -27609
8127 39390
55995 -46033
7282 -25514
-94876 -30130
67242 31378
-96461 81044
87066 -64506
10872 56279
-94891 -17714
-39569 17505
-62960 -61466
-80696 -22362
-64745 98666
-40932 -67678
81066 -43168
-94862 -75142
-62513 -79323
21715 -77380
-88331 33696
22996 39404
-13581 75758
-48839 -29052
91103 42090
27615 62203
-74762 -75621
5189 -97954
28456 42675
82080 -89457
48811 75031
-52500 -13696
71009 -94575
-65750 12171
40198 72594
69975 56715
96520 -50154
-50296 9784
8519 90021
-6028 -69375
49868 -10553
37745 23559
6702 80119
58382 -21206
41335 -72471
-11430 -95031
-27793 -48189
-24539 46909
11454 4480
-33805 47672
-35998 -79805
12245 54959
59481 35119
20777 -56545
23703 19067
-24388 73653
-45151 -65721
2776 87344
-23737 -90043
-12272 79120
-71304 -83932
-88532 -58206
-84920 -62014
-60897 84990
-45667 10538
-53387 -73546
-52984 89316
2266 2524
49944 -45598
8376 8258
-9831 43109
43847 -6832
11631 -34669
-94106 -20820
31157 91772
-91867 14150
58110 7208
13720 33760
-86102 -67317
-95643 -1226
-37909 -67930
-19220 -81763
-15384 -30216
86361 -23218
96560 20734
57543 -14831
-36656 20837
-67588 -86088
52807 85317
-24567 63824
-79013 51638
-59670 -33123
-32096 5219
-95833 -16866
7212 4046
63570 51766
64633 81391
72954 -70930
67561 68681
96443 80359
27625 38640
66278 53354
7679 -36682
31699 65760
85207 -18975
25856 -16721
-14679 19080
16073 73339
30299 -73838
71716 -67846
29486 79062
-13428 -53734
63742 27111
83432 -311
77638 -39393
-87570 -56073
92085 72
-60313 19920
-87738 -7092
-35880 12042
-5933 72028
16633 -35553
82604 61991
10262 -67988
-38068 75368
42803 35249
-44930 -33807
83469 56009
43577 -16700
-26221 -53191
33089 -85182
36652 70655
-33144 17118
-23803 -88663
-71882 -8333
-75965 -36871
24548 29958
34997 -52088
-2416 -23498
-13849 -42013
-69203 80754
-39563 40153
-83759 -88062
-81046 -45619
43905 -50327
21041 44900
-84344 -64451
-14324 -715
22663 -93177
-26206 -78089
96790 75120
15510 -7382
45023 99880
39498 52771
-67411 -1814
11806 -71889
2277 -62605
66196 46992
-88172 -98654
20431 -48654
-39127 19304
53911 93353
48650 -33309
-3077 -9350
63161 -30032
-71557 -39613
25839 -67147
10024 63739
43390 3487
-11053 -65316
-82276 82891
31481 35067
-76522 34694
74052 71969
3396 52708
-99024 73687
-64983 17872
6322 53741
43357 77230
58289 16047
-54413 -33063
64109 74601
7999 46022
-94556 13513
-865 -36338
-57378 -18636
59750 88439
-35207 26268
-27478 94130
53837 -60507
-33066 10947
29871 -138
-67977 72866
5514 -44358
14448 16665
-6396 -75684
-12174 -54294
-69117 27135
-97338 9857
86273 99028
70329 11205
9646 21364
-31072 -39770
-46298 3696
15365 31468
97832 42589
79505 -7648
-45446 29327
10228 99582
64230 16847
-68195 -76896
-68259 60791
-38060 44246
-39888 -56042
-61069 -40047
62038 47655
15421 -32641
-64429 -82599
-91051 -79658
68289 24590
59218 38313
55829 -26191
89487 71994
-31314 20392
-31535 31820
-99734 38004
10259 64478
30903 19683
39446 93028
91554 96518
-86282 8920
-79297 -42688
99692 -9770
-22297 81768
-27661 -57978
-71710 59922
13930 61009
-84426 51039
95101 -92820
85808 61323
-38808 52424
-98360 -49969
-19984 83690
59080 -66992
-65888 51757
-68752 22651
-2811 60215
-55438 -56990
59175 -1924
-81296 -28176
7999 -58929
9819 97655
83539 -4362
93787 -79986
-25303 -25160
45118 2539
13849 61452
-80912 88792
-81731 65351
-86369 34530
-15149 5947
-68631 88078
19994 84445
88071 50623
-88842 -29074
3424 55092
-26086 89292
-14204 30675
-33506 76299
-57548 -11413
332 6029
-43784 -32224
-57440 60117
-9799 18826
-64461 26574
-13446 -50667
39001 17245
30778 95998
78569 96049
79170 -44873
-25930 65214
-27942 -71656
-46723 -23406
-90835 -20561
-25596 -52871
33288 -73018
54032 35098
-88348 90023
34312 99583
62967 -29162
32530 27625
70988 -8203
96418 -66236
14473 -13338
29931 -35298
88269 -68956
-66739 -95689
-75553 17094
4630 13021
20061 63333
-94645 57997
-38871 87572
-58024 -63218
17662 -82428
40781 50061
-41465 38048
14881 96954
45884 -99946
52500 -96400
-33732 51954
64186 -34861
46337 -88226
31231 824
71832 -45267
25856 -22150
99646 -20245
-62914 74742
-99345 -26970
-72295 21319
-77942 -56741
70105 8259
29775 -37866
-86088 96053
-97183 -28316
-48942 -13533
-4138 22660
71039 -61449
-53504 74477
95319 -43754
-57529 -85118
11363 -29910
42272 -542
34069 -30674
-49831 77152
-75015 -9150
-87102 47603
-58191 47998
39060 7378
32785 -72968
-34381 -73443
-51580 22327
81470 29843
36113 78878
-88679 54757
92719 83716
-62333 57079
30060 -30168
21450 1332
54727 82425
87099 57675
-67762 28600
-54747 59557
93218 97050
71789 74044
-46324 -28602
9697 -86594
77630 -92727
-44631 1589
16855 -58325
38429 -89054
-84557 -45228
-86420 -45464
-82467 81844
-43344 -27182
18809 34990
-58237 -62978
70981 35150
14856 10843
-54456 48687
54093 -95681
47340 -93517
96505 25919
51509 -48479
23480 -84195
7141 -34219
52207 -48968
-80427 -17426
-33204 -74911
95635 26192
-26022 -82763
-24170 -86110
-69488 -18482
-1038 -73053
-28781 -62287
-26715 -78222
49485 13674
-83144 -75172
-48711 33882
15410 9890
-77344 -27401
-24741 -53838
33575 59903
-80879 89878
24401 -66444
-18103 -16354
-88903 -62398
32526 -78353
-69847 31491
-59942 16435
-63355 29632
-63222 9742
-91657 -98201
97488 22647
-44280 41796
67480 70752
-14032 -21253
54757 99165
-91513 -82953
68570 66027
84607 37183
-29763 -25631
32930 -1878
4435 -39899
-37449 -5464
-82196 52538
35203 53436
12126 -85632
-74653 3224
-66607 -99638
4186 74190
68099 25068
54840 -35292
-33612 74350
99598 -51666
-99237 -60174
56763 26151
-53361 25712
-62835 -8620
71257 -96970
60894 -36901
-49319 -90381
53707 46233
92770 7922
59068 85590
18160 14762
58638 -45063
718 -19388
82660 84289
-25183 -7333
-67675 -68198
31808 -83226
10057 73658
-77408 45879
51236 -98399
66670 -77041
-24614 39411
-61714 63897
41820 40148
-8185 -74766
56024 10504
89033 59829
88853 63027
-41863 -39357
-86704 -83129
-78113 -78417
-53347 82843
-28562 61622
16594 -63937
18068 -90721
-44345 -92854
82866 -81932
-46315 -45336
-39657 9990
-8929 42558
9553 -11710
22134 -26766
-81412 -65164
-73217 -72590
-83235 -62832
-1610 74770
-30353 32679
88054 -48644
83577 -16045
-63150 -81204
26235 72650
-88288 -57613
-26990 80057
-40674 30721
63395 -90741
-30175 70742
82126 33967
67416 93814
96452 40381
-86386 -56678
-65086 -14971
45757 -60801
-62266 75545
88292 61079
-33430 71180
28485 6103
50121 94652
-61976 23329
-89550 97175
-72155 673
-36012 -61842
-3977 -5231
67225 14716
-3737 -89739
-20985 88522
-45584 -91013
-11742 98383
55936 -20509
-50155 -66588
-36571 -72831
-6467 -90903
-70568 -22128
-18731 -78069
-25659 81770
81060 15887
-3162 -22849
-86719 92684
-23226 -72972
-48245 -77833
56449 34430
-65982 13243
-35282 82958
41992 -15630
60638 59945
21458 33527
147603
131884
157759
84693
194180
116542
125652
169548
140211
73541
110036
121461
196151
110085
133270
102744
185416
114197
70938
146131
149790
110277
98782
168290
122018
92979
99518
190302
134127
67658
80442
152526
-1
111491
73046
102832
97015
179882
92392
76391
145605
102169
166564
103558
68135
115594
123539
79975
191371
74272
177978
151535
94020
-1
93214
84437
-1
161540
121626
114631
104538
171431
81682
106857
148085
77512
85393
111235
78097
192967
130595
164771
169247
87473
169116
175390
153407
152319
182172
174043
117440
96516
117707
153926
184410
118374
73415
-1
101351
125019
67845
156813
149384
193923
70418
149687
83337
152524
91354
119048
161808
195013
181062
177629
83019
175200
70546
86105
166823
140792
140451
198059
129568
86912
193711
164701
70072
95966
161174
199706
199311
71934
116792
-1
83621
76608
129106
80248
97221
196912
161324
172000
94631
139111
92924
164241
116910
152638
-1
133644
195528
-1
160859
126616
94545
108478
107016
112566
-1
120258
145630
76567
129891
199265
114356
116004
191477
86622
185426
68739
129054
113799
155061
119152
165888
81724
178025
179648
161653
169286
150467
159104
138655
88686
110167
-1
197108
174910
131978
186060
148127
175921
143441
-1
164413
184736
123291
139719
124043
117560
-1
115953
80002
126965
153883
155928
162538
193796
111086
141267
143126
74024
91781
170285
161873
74177
159380
99669
83118
172246
181587
125434
81905
98348
108693
155202
173953
94909
165849
159953
196363
154119
154199
194846
-1
197796
151267
116126
115911
114164
80715
76963
147136
165717
148564
120989
-1
67587
157461
181378
94204
116880
89491
109297
151937
104024
86352
147347
160870
124903
115787
166484
-1
159827
87117
175523
66695
121032
116953
70983
170886
76246
132017
109642
168628
147161
121232
132838
124343
68922
104329
98407
136779
115342
178782
129274
127370
197827
119865
173712
135027
120150
171015
129445
166728
124240
-1
74649
120527
148487
95708
199568
196753
145813
67726
107897
128607
178243
96449
139107
146345
99577
124423
79677
109547
-1
74716
171036
198436
133783
110089
109795
183991
120416
176009
-1
120110
118134
126853
145286
88281
152396
74264
97940
141396
199205
71191
68497
69525
-1
76263
-1
148051
109426
133457
177306
178540
87111
91863
70270
125336
143682
86025
148523
126315
169701
81330
104414
112022
176648
82078
85100
140606
173262
158155
109675
188083
98320
80007
196833
112738
141036
72328
186099
180443
108187
158446
152147
83486
163833
122232
79336
103557
183045
189955
156186
103123
68787
178532
106133
152667
142598
177108
154104
188537
101343
93962
120076
101731
148503
150618
167371
174826
106003
190250
123708
143771
91027
191959
132490
138524
194165
176311
166439
132201
96238
188763
116713
93012
187546
190384
105837
121200
113900
163444
151473
174797
136989
187888
132218
188720
-1
186540
199251
104039
116322
178268
110335
-1
134348
75649
93088
114027
81169
73520
155762
155691
-1
192570
83835
80357
112906
71539
180773
162236
190464
86058
178081
153430
157436
68888
71353
-1
185360
-1
163269
159052
145506
121068
141959
73340
152516
156482
142273
171320
93737
83475
95572
172476
166727
172104
185857
74665
162774
-1
68622
108978
123948
91606
143493
153894
118251
192413
136032
173022
134810
93568
120006
197570
118656
84840
135805
81677
167483
-1
172250
-1
97632
158179
184550
185036
134357
75424
184773
130138
151983
197907
136784
119428
-1
161238
130625
158186
150269
164183
148866
92432
148285
129495
138797
108794
126660
110780
106111
-1
115677
117425
199944
150759
165417
-1
-1
70499
183869
160521
104151
139136
164021
169059
149171
184979
185784
129797
133635
116191
198994
195614
196390
99330
108262
102117
97195
88628
71220
77637
150967
163499
108395
135222
69892
78944
150279
124108
112101
99771
118117
186317
90245
133948
156830
102999
93012
98865
174190
194768
192507
113059
164860
87491
73139
122890
196812
74633
157714
68662
176637
79259
86558
143923
122132
70575
85039
198347
184749
109031
138521
128225
115761
175240
116465
164307
120201
119621
73253
170585
199238
118500
115366
158896
71618
87006
132245
195886
71856
113706
80679
177714
137993
194058
141918
151367
157587
174497
111885
190636
75050
89793
145502
85044
191307
188963
71132
85211
-1
84678
191886
150275
72167
67971
71134
125153
124711
116414
179109
109371
116854
187320
180148
178446
92812
151074
184914
172014
181766
77512
193477
150445
172416
149924
156499
80130
146830
174481
116288
76888
136611
81298
89256
192792
83553
130893
149672
76951
167750
197638
105719
141328
80952
83935
154514
107192
187758
127483
89478
73633
135002
99147
113711
96705
142233
195074
172472
168260
101088
142891
99859
144030
112561
182109
142497
188290
162530
186228
196747
104991
92647
148597
177603
158258
133808
175903
-1
179602
90311
-1
120230
154498
127626
-1
67638
125825
101074
116519
110947
157118
181774
105738
101843
143475
177968
111101
127723
96530
193433
160591
121256
128825
74176
153650
92895
83727
104492
101119
118630
66672
184355
98771
151405
95771
143883
73431
85702
108498
191434
135673
87859
-1
164844
76670
148977
175345
174046
172272
136809
76360
152098
169112
67019
185032
160220
68838
68975
136005
153605
115900
147342
167211
99639
95072
178878
108172
138129
87615
79946
184461
143684
195287
148362
115068
161535
141481
141261
138962
103810
-1
119353
144459
85671
-1
108566
114230
145984
85943
198751
170875
78646
168091
-1
184980
126605
92827
100169
193691
182603
169874
161184
67851
129211
184400
149471
170226
74973
123651
197909
161984
176133
