967 27093
83314 45813
56112 79795
26304 -13503
-64285 -98147
-81444 -32239
63878 -70936
64574 35818
10099 -59398
-88079 97543
-13868 19073
-25449 -94975
2382 -75402
-55510 26600
90879 61228
-75606 878
-24792 -6563
-93732 55181
5295 -72345
-34214 -52911
-65291 -64468
85295 -18013
83944 24030
17862 -41351
-38071 77364
-20778 -126
59341 55632
5187 -56903
68246 -14102
45157 64136
93663 6836
-24272 -66913
66679 -66161
-51235 -79709
-79410 40963
-14183 87601
-78887 7242
-94687 20024
-1544 -3256
38542 75189
-51326 -80261
-87614 77688
-9924 -62464
-5754 -2558
87370 -97149
97148 -80163
8194 -70052
35327 78708
-25086 -22302
56013 -45996
-42555 4510
-97157 49412
79037 26119
80474 -45508
99629 37162
-32119 -30096
-42386 -90989
-637 54707
-46725 -54147
3082 -49360
-25552 -27131
-4381 1367
75772 -65986
-97171 -86336
-95022 -62322
-51097 63292
36782 6607
96414 80747
60959 -60058
65086 98292
-17654 -85534
56833 80884
-62246 -515
481 -4177
-60734 -37355
-18301 67138
-78721 -36328
-514 -57181
-97178 4573
-42199 -93603
63978 84007
-23658 -53479
-10710 -50462
-18832 64832
6506 83674
-20052 85578
-52107 9945
14754 -84069
35438 55430
10606 -54608
98862 74345
-83800 -92754
13735 3206
-37165 47413
43238 -31641
31272 -98131
-6673 50711
-50834 51392
4828 60286
4494 98147
73103 -93580
-40638 -28443
-96334 98686
-24314 -3221
34369 90643
40572 -6142
-21939 -13088
29005 -42844
11469 -51068
273 35207
-61337 -46913
-90725 -11743
76054 -41494
69261 91600
29616 54519
-41094 57603
-93492 91654
17941 50819
-54854 -66184
-5329 -6084
-71655 71710
-29634 91061
-95393 -33955
-67812 29224
-11363 -53082
9493 53244
-37735 -13417
71299 -59301
-58961 -76532
16296 57871
-82260 -19211
87047 -20436
-47138 -59096
4858 -9132
2 37758
90965 -30033
-98886 -4909
-88826 -46878
-47992 -13393
-71158 77776
-50832 -47530
25933 31209
47295 73197
-9654 -43249
-85167 40066
-77325 -47639
80834 29329
982 -56118
19031 49863
44378 2654
24827 -32609
-8148 -73382
91173 -74143
-30704 5978
16501 95111
-54268 88692
-21638 29945
-60424 25831
94086 -7885
10159 11721
27462 -13689
-11700 26276
-38427 15855
23914 -17653
7444 41011
51567 -79207
36442 3323
52855 48450
-46621 -15050
-59107 64863
-41465 58207
-35450 82874
-72864 -92649
69387 63076
-54183 1138
-9646 45913
9510 -5862
-11972 59463
-53188 78684
-96014 -44563
-90411 -84212
-80945 69812
-2347 -22741
-31053 -62414
20330 -40548
-871 73103
-73998 55433
27622 36785
74880 21302
-80521 -3755
-3229 53182
58338 -9802
-51343 -20436
84006 87371
47693 -46991
3181 54041
-81230 -81093
-71471 -12285
77422 25794
-70341 84963
26032 83277
99349 -94191
-78618 64348
-65478 64424
-90993 -67584
-21847 -5410
30875 16087
89557 -31629
-92430 -12629
31095 93192
73427 -40634
57876 34811
27699 -22719
-64837 74047
68292 -19452
-5383 1565
17650 16288
-84843 -71213
79535 -29475
58966 43793
-44771 28035
24895 -13652
-27565 -27622
-14440 -24206
48553 -7706
33583 55939
-24264 -69905
90573 90783
22578 69341
-54914 -56232
-40407 -69595
-81144 38521
40924 82141
18770 88586
-38526 89638
34857 34666
-43719 7455
12201 -91015
9230 -44316
88395 -1302
59440 36001
81719 71242
42446 -29913
-31863 -76584
-84364 33374
-22861 8816
52798 -45533
-36736 -84503
95376 -16952
34421 -34351
-89201 -96149
-3349 50857
68644 -43415
24525 43478
33717 82662
26269 -77754
68376 -48890
3504 93330
-23579 -70445
38581 73038
-84641 -20831
82092 -46011
4034 11276
63661 -52354
93448 19592
69496 58645
-49638 -92579
-59730 -75142
-14778 24731
-71496 29378
74694 80698
-75648 45566
-68015 58782
-9637 -39243
36383 -14776
46899 47079
72023 89890
62420 -29317
10628 96541
32278 27783
-42355 25457
43274 -34057
18611 -58189
-42768 -39303
-9215 91794
-46992 86990
-77300 -29870
69205 47753
89775 -10952
71694 -89377
-8414 81815
-87413 39938
-19649 -34638
22757 -89330
-83926 81454
24095 -3245
-83715 -5793
-43463 87596
7664 10858
-7774 -81638
-47179 19904
49547 1908
15320 91450
57875 37487
29296 85326
-48990 9733
-10086 68363
42952 -91207
-9033 -55157
-6676 64128
-41881 -17072
-12737 10484
-96688 89943
54584 -98304
68480 78922
-81822 75614
-14163 1204
-74541 -58008
68636 -10020
86149 26833
-22883 79327
71342 61132
22091 59792
17483 21783
-32552 20111
-89943 7511
8017 4997
-70771 87996
60858 81210
-52893 -27222
7625 75888
57375 28943
-59554 -92316
59570 89549
18503 -33951
-29416 -80694
89290 -60719
-13 -23107
73859 -37781
-15245 64057
77631 66655
-16493 39140
-84658 -99641
-68607 -17551
71004 -43386
57151 -96815
-23458 -67024
4599 17331
70082 -33796
-24298 29537
-4560 91818
-52461 -99270
46016 65824
-51618 1479
48173 -64824
-18741 -72731
-10916 37286
91190 49511
-4909 18552
57549 -48026
-53596 -81197
3023 -67445
26693 62117
22851 3927
50878 9597
12399 -76557
83269 85625
89800 -16276
66067 26775
-27664 -95141
-53926 39637
44756 -86112
-39860 6673
92174 -71378
11903 -89557
59519 87644
13453 -49764
-51457 24245
17730 -18654
-85901 82579
93139 52839
23219 95816
-26427 -54875
-17276 24571
19659 -71090
79293 -59004
-92649 -45608
-68170 98286
-61964 67192
-21212 -60305
-7651 50000
83070 83184
-65574 -16810
-11965 49084
55016 -91976
-81001 -80271
-70989 53611
-61871 -35635
-28065 -53482
-8748 -67873
86114 -92370
-61841 24634
-70003 -98083
-74241 -37869
58791 -22949
62769 90991
-41876 33030
-21536 -36430
-49122 76705
-39824 -46065
71734 62851
94898 47795
-68629 87168
-46316 -8349
-7712 -31007
6264 -38668
26974 25037
-12103 77352
79759 -41562
-6515 4712
-2970 -69113
7833 -61964
8388 -45582
36079 -4127
385 67200
67873 52808
-26602 -54007
43978 -47977
-42288 52311
82804 7175
48346 -6548
72764 91463
-60854 13365
69975 49110
85214 14384
-21950 -18841
80377 -51575
9723 76802
-43672 -22519
49900 20863
89668 -92996
-36633 50658
36871 45438
-55394 17098
-65998 49430
94626 -93980
-56984 56738
62231 17915
88925 -51356
40903 7080
52256 99850
80912 -1541
27892 11727
78764 92406
-19971 -17756
54218 5249
53854 8137
-72516 56342
30118 23078
16794 27605
-18628 -76139
17404 -91303
59403 33840
-76294 8091
61823 -82857
52607 -19125
-42391 58401
-55192 2161
-368 25852
56434 -95902
-28255 42782
81168 33340
-1949 79362
-85367 17217
-40728 -99392
63616 -18718
16496 -92556
-26804 -5539
37257 3352
-62711 45298
-53665 -6414
-96299 -40942
36857 99893
20063 -95417
-13173 -88670
94008 97961
64170 -11623
95973 -40052
-52042 -81397
-93789 -9614
49034 -39939
1698 -36275
72632 81872
-55382 -4930
95203 68784
96460 41048
-92381 24592
48493 69914
-53710 14833
17050 -36819
-31834 -70777
-5792 -38289
-30468 53801
-12192 -66806
-79390 47396
68788 -47758
150 -62195
11321 75886
-82786 -24439
39233 76771
18005 -23732
36259 54817
-52161 -63837
-254 94567
8225 98836
24883 -41107
37712 -49617
62829 -87474
-45801 96332
15963 -15610
34921 24608
-67160 -52135
5611 -45574
85333 -71294
10456 -74520
75667 -46426
-30925 -24208
21594 51823
70547 16463
-31153 26267
-36910 -99308
81434 1640
-32929 80732
26976 -92414
-12077 88226
5692 -13413
94976 -74450
79061 76994
-28536 76306
13698 -47274
46819 14040
5992 74930
2554 -84895
70283 -12857
-44279 51986
-80234 -20838
-69432 29150
5813 93461
30315 -64785
-88596 67947
76795 -56542
62872 7360
-50433 44757
26548 31935
-1955 -75552
-98856 -86365
8722 -96798
-54409 89942
-54748 95649
-65665 -45267
43066 27369
94183 39126
-56131 -70616
95045 -44087
27829 -21134
-32177 -92953
-68535 91721
-11718 -29833
-77138 -29390
-16144 -37409
56825 81907
58797 95348
-56362 99452
-96779 38303
59283 -61546
17920 -75301
-8658 60478
-68922 -71556
26693 71990
-80048 -66628
-21937 45903
-22825 -33539
-4448 84447
-32319 9121
95974 15490
15921 -22279
65734 -84939
96232 -20013
-40407 -38477
6489 -53956
-37644 23585
17660 29251
-86948 45398
-33406 -85471
97536 9470
31680 21681
88324 22200
58109 -75707
59507 44740
2927 67940
-83955 27825
37438 -72208
23047 81323
-52051 -49749
33187 -84128
-18483 -82762
4814 -17383
-52096 -14255
15539 11824
55577 5845
77144 93428
-7766 -13567
-65703 32277
23008 43297
-87600 -33405
41975 60762
-89146 -7640
31812 -31510
43236 94933
20031 78789
-99910 74998
52983 -57109
66537 55723
59087 26967
7060 -83457
-74241 -32579
-12712 70390
-44929 -99896
66385 -76746
38470 3851
-18812 -24256
78977 -78636
-6429 -37269
-31703 99576
-76687 99275
-70678 33293
27911 -22798
-78509 33155
-89389 45671
-33330 -42709
5668 -37503
20875 83319
-18860 -54877
-16841 -6837
-30595 36093
64721 75069
79600 18296
88630 4897
25689 -71745
12831 64617
44475 5374
80209 58664
25241 -36802
-78562 -60403
-87424 -62950
-51821 48489
-5597 -67048
-76849 5488
-72215 -22373
57071 -12582
-44733 17615
27273 50150
-76158 54795
-63192 96232
60307 -3247
84159 21033
48710 21281
-4031 87555
57822 73836
14502 -44871
-74432 60032
-73836 14500
-37311 -19308
-31941 24136
-60644 -54814
40083 -20505
77983 -59860
76619 70548
69723 -3757
49497 -53210
47059 60960
12794 70295
-84879 -69605
-15211 -28240
27700 -27165
-72419 92865
74467 -53129
68257 -93612
-90883 -71585
23701 -84023
-95866 -90271
95540 -3954
86011 59218
28889 29627
-92748 27188
48135 -5321
34544 -33593
-87761 -82919
65490 -62441
15678 -653
-50452 82296
77960 5963
-50866 98904
59922 91708
42581 -36341
-81493 -80230
83525 15095
-97579 60930
-4599 -29103
-85872 89253
90555 51778
-22315 -68146
66959 81599
45069 -53373
-99320 81979
-32170 -96218
26680 94027
-88740 72266
-22199 -97731
-81341 -58314
-55889 34028
-92242 -13046
-85949 11007
43188 84930
-56782 -674
-30814 -17888
43626 -85957
-52489 -75319
-48074 -29874
-27144 -99362
-8010 98822
-27882 72586
52623 81912
-76570 -92212
64355 -82486
91622 -30685
3061 -59096
-39099 -91187
-71029 47310
25175 -75189
76827 -44167
88888 78693
-66714 -55091
-67572 90961
-67093 61182
32876 -59650
76469 66548
-63252 13272
6959 -6412
-86857 88054
39564 98551
18677 -49152
-39104 -40414
-94439 -44823
-63992 12913
-24876 -2639
-504 12784
-68235 -58098
35828 38092
-97182 -48541
-9400 -95225
53050 -76144
70271 -54253
-84651 -35320
18871 49743
22612 6339
-44556 -20618
2840 80773
30357 -86161
-64261 -98576
-89132 -27578
86269 -46096
-12529 57349
-75934 73094
-66146 8605
65908 32784
-7805 70742
-9079 -81886
29882 24540
50500 -40551
3016 10033
52338 58433
40519 -65518
-41295 -41944
3196 -37846
-75526 53896
-34235 23511
-78186 -55323
-38499 -88503
-67757 -78245
20761 -93050
-2800 -27644
58096 32374
3142 54565
-5648 -99209
40496 96157
20168 27818
-85053 84653
-77486 -1304
-57111 -53771
81508 -10495
84297 2313
55863 19489
85466 -86878
97494 -11075
-5544 -95535
25761 44605
88618 -29612
27123 86779
-97637 67773
-92551 56637
-54313 46916
-7776 -53359
-66459 1322
80172 54453
-14333 69337
71493 -54963
-14089 -45827
3006 -18429
-24466 -46004
16769 83271
-59725 -2991
-99839 14487
93259 -12129
1021 71443
62298 -16645
46159 2352
-31062 -41421
79768 60937
80792 5535
-68516 70526
-43325 88971
-54951 -13936
13538 28733
41072 32255
-72023 63585
-1487 48434
-56487 -10539
-24003 24165
-49274 67045
3190 25753
-85272 91820
40967 -9745
-81202 -4809
94361 65333
65982 -70452
12649 25914
72620 76941
56158 -21450
-86893 40394
-16358 -3557
69057 -5628
-2273 -50922
-92733 -89513
-79167 -43407
5641 8370
-44692 -866
-6300 -62042
89866 6255
-45374 70175
7486 75164
75595 -35437
-45459 -21596
77090 -79209
-65650 -819
-31940 22980
5674 -76421
-63135 83365
25965 -11523
-1779 82121
25040 -29778
-88563 16632
6092 75279
49680 6373
-13525 85227
-84674 28787
-36448 -69053
-56390 37243
50330 42223
-88876 -86655
-23159 40645
47571 44247
21793 -43071
33115 -69300
77784 -75545
-82850 80591
75743 58094
-47089 -87507
69062 45276
-16760 31793
84544 47318
-91748 -87310
-76916 86039
-85848 -28389
-6746 63659
5662 98926
71556 -80136
86716 27169
-68240 73674
70871 33842
-6659 -27461
45618 -79242
14755 -66079
-10517 -92049
-73374 -9255
39193 -59137
-82932 46972
50910 -67848
-72309 -17807
-57814 -37465
-34301 3951
60128 10330
-50325 7202
-31868 -82528
43083 25565
83032 -62002
-64499 17080
19935 51092
-24301 90914
40691 19735
-91179 76998
-8600 15525
28046 -69753
-85215 99924
64521 -68551
-58356 50881
22398 -26104
76907 6336
28524 -17933
-90166 -44885
727 36084
6873 -74766
-16023 -52448
13661 80910
-34597 61945
-7071 -78875
43710 28921
18381 88516
44789 6235
22549 -52986
-96269 48047
11385 -47287
-90583 -48044
-98028 -71155
53059 -20643
-8902 -24659
26116 -20641
92535 25858
-35096 7473
65125 -95655
51008 -8775
-93122 97228
-13278 -64121
-30641 17521
1736 -68015
-31087 -79026
-93882 -81618
16985 18783
12710 95508
-90714 -17343
-61019 69979
-29115 50692
16569 37148
-93524 34819
-35559 -34885
82779 56436
15251 -14401
-4810 -53963
-49475 35520
-5601 -17645
173695
124653
155121
100100
156697
116428
135790
135082
178570
148512
139375
187170
170601
181167
188891
93258
154347
164767
124789
91245
101508
173391
134725
90786
119285
66842
108268
176852
123836
69997
101626
111290
148416
93737
90036
78565
169372
135867
114238
132537
67409
117234
133581
171382
123009
171324
190379
131947
157278
77155
195544
189660
156135
83650
141940
188412
71240
101325
81790
105594
171794
93448
91608
105748
183164
168134
143090
176954
120605
112397
127350
130995
140232
82661
156142
-1
137530
124979
128356
199888
95500
94467
88454
139091
71505
85920
179750
169011
106456
182558
103563
141052
163928
153828
120353
164909
124888
162533
68578
159944
98473
196729
130525
102299
69492
199834
104505
161370
175847
115580
75267
73152
108309
84275
160752
139863
124435
197633
137887
182670
154619
196784
104607
119434
177260
124904
166505
174385
93042
79290
137716
82543
114791
108480
150156
114255
91970
100285
120381
147039
192569
192249
88851
73573
185333
74009
96050
78912
120814
192274
90673
161763
190389
173555
153471
130828
111979
68405
108719
84595
78387
72935
117995
181944
153815
166823
80458
101874
171212
96924
115426
-1
178888
72925
120291
191531
170043
132414
144297
185291
115183
-1
164459
90165
81917
73560
113510
163138
84073
70964
164242
141042
143664
127871
167042
121807
163297
106254
125900
183654
126333
133522
138560
117751
106007
141075
72825
178235
135977
155269
179482
104965
-1
99109
105275
74191
127111
103787
133853
167229
145738
81904
105039
130016
88340
80042
192720
89044
144194
100158
195275
195512
90328
190598
80110
69135
111608
120942
89625
97273
119964
171485
185692
-1
141112
135777
83408
146277
171385
142359
189514
118799
71640
182309
-1
150228
100316
161813
75513
68648
96871
132146
181576
107744
182001
160548
139531
78017
137244
160826
171918
95318
185964
78279
105937
74499
143630
156088
71511
173607
93153
72854
97995
163803
-1
110216
139765
198496
118925
94423
151402
195412
126528
157998
113809
179484
197557
102873
198537
126389
198202
174219
130421
105725
144802
82500
109313
76936
138857
161793
155752
82873
184796
89202
79296
112161
189599
79368
156924
187952
147916
100506
144372
137952
82271
137750
99296
194935
165982
83945
99365
177479
96841
154576
189851
198847
82980
78797
159930
69446
131359
121293
76317
158156
101695
88566
98689
114169
73097
192202
194623
172019
165572
195978
83683
123002
136441
128959
100682
112530
170469
78592
154177
136175
126869
181853
160803
172969
114650
79422
110110
180833
160776
130240
170712
140126
147420
131044
198329
121031
94411
182747
184213
88982
70955
112273
141531
154955
179664
170945
168466
185675
83066
79794
108739
111295
103438
139439
142886
168714
192045
97643
172440
155550
85340
191170
190178
182562
112117
162704
70281
192797
102664
191198
172631
85365
66814
173946
133272
198834
187777
96391
70977
86803
85977
80785
145309
-1
189340
177566
-1
172168
141630
101789
70970
87127
80936
70674
133530
125854
148483
-1
96501
182210
99438
119739
182779
181419
118026
188836
179958
70374
107239
143541
137081
186141
172846
106234
177127
-1
73319
74571
190137
148205
192187
-1
93175
96209
182052
135861
70870
161464
172932
127645
100095
121772
93708
72167
124536
177816
75158
189195
170884
188843
150902
100802
197863
98972
198782
108415
127836
198510
172032
187673
191570
184689
85790
199744
195106
166981
86870
76458
183908
-1
109640
165643
137386
191870
185577
112049
123150
140809
157606
167456
191244
131793
114321
153934
186955
67365
90082
94456
188245
150188
115303
84661
103678
126645
130926
67614
177210
88894
101241
109785
92940
163910
199983
148248
-1
123846
165207
159904
74576
90727
132993
82547
186455
193519
136111
131094
112858
167683
195569
187904
69775
109022
177003
159221
138472
152331
101618
88939
163687
-1
97499
127300
167660
117260
139248
141383
126704
159545
186906
-1
124200
180784
111438
-1
162641
77091
-1
150705
159368
127763
150723
199995
107557
-1
151876
168922
139430
69663
194366
198840
103189
183993
136559
160362
121922
148631
122478
89757
80786
103623
82575
130329
81262
107784
199701
195334
183163
97062
151757
180858
83764
187247
185259
87705
157224
126946
198879
112440
146013
75672
186755
117791
70371
190072
128243
198666
111651
82229
191590
93341
120735
104284
183996
199199
85594
167108
117020
180304
115106
158017
79558
170809
112521
191227
72960
109127
135026
170410
149305
177547
85285
160576
80169
87791
86000
116934
125343
76513
146567
182977
79459
-1
168558
113011
152435
66740
197316
72983
177268
110183
109417
166556
157539
80816
96817
183094
149636
132899
128084
149608
80110
184402
94759
-1
95816
138137
177399
137707
137323
186113
133725
146040
169785
182523
183855
132059
158449
73291
149119
163357
138422
185479
-1
104564
87971
169679
187521
169123
178976
-1
158392
78310
121423
177010
173641
90591
113445
91181
80384
92042
76830
150315
194932
121876
198586
70133
149648
158065
78715
119988
187581
121640
196981
140070
190505
140182
97529
195926
78427
81415
94456
133344
167346
108115
82805
166454
139069
101575
169816
113362
76138
144922
196210
177233
99082
161196
176494
175640
194620
75855
95594
-1
74200
121998
184692
140550
80450
110149
69328
165886
124204
149159
125357
135470
143667
185865
66695
85813
175531
161524
94708
124271
90639
90155
154025
69789
169092
161773
135129
135837
91084
154960
98955
124521
97869
111014
179909
82135
171513
135179
178380
190402
74832
138233
177816
91567
193725
85978
87585
121822
195927
74652
70141
151249
177512
141589
114633
95046
79364
120151
135735
124386
198828
144019
102069
82202
175344
91852
174272
76547
154589
168756
158524
172041
103217
144011
191996
104937
80542
125646
161820
188701
110048
115998
146390
154629
172739
137806
180889
128154
170512
103193
144429
176411
156331
151110
116099
110021
71926
133294
122539
100768
141449
151035
113235
110176
112882
84512
175702
164543
85745
113982
150119
158225
188381
143222
178868
115127
149715
171049
107966
151575
118414
125254
124872
124447
83174
152362
153252
73336
147910
90499
102690
88409
96699
85576
-1
130286
176646
76995
87787
169688
87431
183965
122232
132690
179878
145020
186981
193047
113788
97966
168159
108186
89222
136413
129177
139833
118030
174250
126613
177318
-1
96834
121204
90825
70062
79430
139250
106647
71168
152431
197042
136662
144380
85614
71404
193406
151325
151583
100207
155465
107432
118335
140078
102369
153639
173815
-1
81819
77515
92661
128460
180087
159668
125161
176454
150883
144168
160274
68913
99819
187507
