390 83404
-23384 -85974
4915 48532
84412 -69066
21249 -48697
11436 -75534
95585 52134
-11317 -58701
-67606 -63699
51368 -42428
-77987 -31515
-12273 -87376
36539 -36324
54039 -9102
72458 -95838
-81162 53533
-90934 -24982
65410 85410
-41160 -79759
50266 71698
8818 74329
-29178 66663
37650 -95691
65670 -68648
-16535 40495
-94807 61519
31035 -99487
-1588 61087
-18963 88722
-26759 -5869
45694 -3949
23191 93393
-57135 30819
-63717 94660
83788 55414
80666 -10965
19856 -90191
-91172 91807
24605 -738
64506 31972
-49424 -28903
-17560 -5570
92341 4744
71491 99242
-82957 -33338
-95032 60831
70041 62917
4786 66616
87045 -74571
54336 -82216
-30278 35185
71750 -68714
-67911 -91045
-87235 67119
92709 48967
-5171 81784
-85452 66423
49792 -32930
98371 47479
-13073 -17802
-97767 -38911
-52057 -6741
-74279 -84458
22739 -95975
71310 -79120
15927 9755
28522 68404
-28224 33785
-52347 48308
71243 32988
75409 -66459
-15478 -37746
46961 44996
-2418 50131
8509 16305
67981 -90978
-1592 -10170
-582 35485
-30583 -85215
3800 50234
-26241 1438
-2629 -69917
-79193 -17516
47809 54345
-37061 -55478
-21337 -82601
-58493 1350
-41277 -50394
35923 -100
-72746 57472
46141 27256
-60838 -96021
-58986 89698
-14625 1345
-6595 75334
-12269 -66617
26058 80424
-47384 -70697
23999 -19262
-95170 7542
-24186 61515
33622 -64863
77700 95722
-16175 52136
11234 -67423
-15673 -29402
13476 91100
-42325 83996
-5039 43078
30176 -22900
-28925 89788
46704 76527
-3922 22867
35900 64992
-62357 33754
39512 -56973
-64713 -37495
-37952 -66635
-93375 -31218
74155 -50911
-36489 74004
31496 -66235
-60763 -1827
-58009 -2946
25561 62162
-27261 30278
47944 56753
-91668 27500
-984 -50795
52523 -72087
-11960 -66975
96731 -28211
-51866 11064
3752 20706
52202 -89295
-99202 53233
4852 -24251
-4302 -19844
-128 6717
-98293 -34904
5330 39776
40364 68615
-81229 -44469
-14285 -17915
-3868 -88005
-43492 -94031
26483 -71602
13976 81877
-43208 -86491
-70562 -93047
-48494 65838
-46840 -95612
98183 -24361
47473 -29330
66497 -69231
80275 34187
72548 -56187
84400 45031
-46059 -13672
12332 48822
52992 -98883
-53662 95859
50664 17392
33538 -19016
-66159 55966
-6078 58351
66082 52692
34416 -66298
2948 -80592
24011 58641
-89157 -96947
-87899 -73220
745 66013
25056 -42285
-9097 -77847
4295 33037
-62101 52953
13231 -72957
24139 60481
-1508 -47564
-69942 -47668
-88921 44555
37640 22137
99246 -16768
-58472 96926
23370 -39697
85592 82644
-93418 46240
23420 -19710
-58557 49896
33471 40962
25776 -37342
-76970 -63439
-6786 -29564
-43467 41075
33095 -88574
78711 -65290
47551 96075
84123 -36266
23129 -22539
-12212 -36961
59932 -99634
-59516 -5499
5248 91240
-82307 26827
2353 -94887
-23962 -43295
-68852 21576
81606 -19886
-10045 -96173
74671 89125
-13141 -81368
-90300 -5689
-27076 -88312
-65791 -88924
52323 -72643
68290 48763
-87871 -28598
58908 9289
-90565 27231
-67447 -28594
67309 3966
30510 80386
2987 93319
9942 31794
-5235 66102
-16941 70930
74291 -28688
87561 -99134
-26042 46148
93311 22726
-97552 -99026
-89336 -64410
36492 98078
29396 -77456
-59482 79803
-25097 52926
6462 69900
28520 52954
53033 -12486
99344 -28545
14673 -71024
65232 22876
4907 16732
59553 -57150
-95485 5547
17815 -79630
-4393 62832
-58404 -61837
17306 93097
43599 -54227
-73093 37613
-27176 -46640
-66080 29604
96794 -10207
-75267 -38440
-68896 -76901
47460 56847
-65735 72360
-91408 77670
-80589 57095
-7076 -40517
59337 -46000
-43865 -81
-51457 11812
-95512 56300
-29277 56189
27775 26485
85762 25896
-24048 -25672
-20852 -5267
9785 -6295
57049 -33654
62920 84453
19333 -62456
77517 16508
-56188 -367
65206 -80625
-84383 -46746
84868 -6824
31527 -68365
-3362 -44247
26974 -28313
-80196 6739
11420 -39264
87601 61184
37997 90246
-47603 -36559
-30191 42125
54656 -57241
74827 -6873
91183 -86593
-27894 -24375
12883 -37175
-92189 -24610
69493 -34439
-15648 -59534
79629 -60156
-68642 46529
72295 -31050
-80990 97018
-94185 -75064
68535 -64248
-86040 33649
37261 -82216
-34167 84575
-58772 -45402
-34771 66403
-65473 -99658
16205 -61642
61413 95338
4095 -53899
-3867 -36500
723 37312
-95736 -50171
63883 -11047
30144 -9944
-40432 -31796
83960 64159
-21898 -55280
-42815 -74282
-81596 26726
-40098 -85797
22833 -65361
-98146 45597
-93603 -28331
76074 8987
-93217 84072
65237 89857
64411 -71978
-77489 -99206
-60073 73871
-97766 -67773
40785 46075
-79217 83975
61388 7435
-92685 -89953
-50465 -31185
80817 95139
-91335 18195
94795 76811
97002 -58712
-94782 -6113
-7737 22454
-87700 91082
99916 -40249
-77178 37681
-5152 41484
69688 11134
59638 -24585
-21086 -32834
49690 1900
-25735 -7561
-47051 33200
81005 1192
44200 -41749
78709 -22963
66063 -65101
-2417 47048
60015 14309
75791 -51950
-76346 -87893
55958 13700
-11954 -1682
37621 -917
3502 -70008
-28353 40717
-2334 -24379
-16996 -68709
-7740 97232
-84024 49229
23648 28337
73779 -90313
-66768 75740
-66096 -7818
6136 -6602
-45682 -29100
36389 21746
1409 58548
31966 2496
-85843 25815
12557 -28874
59972 96737
7162 79232
26466 -40605
49820 40114
-92580 17571
83267 51690
-84643 -664
-76239 89200
-90718 -64933
66428 64752
89083 -4997
-1
97863
79401
168745
141704
71152
67162
189416
98147
173247
130207
69853
198540
88885
94030
144033
120325
118145
126748
116954
178503
181408
163468
78666
-1
135420
126432
159833
160979
150836
-1
87952
-1
135542
-1
161760
176498
85736
73177
143651
82472
69357
120299
100459
182038
130684
104490
103481
131769
-1
139041
190335
-1
111867
194745
149835
73930
166134
180848
-1
69511
102587
-1
133830
160073
168993
68315
67724
131444
84435
148117
123865
-1
83269
133850
162748
-1
-1
145926
67809
148456
78624
87682
179091
124130
180611
179566
122379
-1
69104
91798
151774
105151
90566
153659
112223
149690
179485
196881
184854
68143
102574
167066
151786
99527
193535
141749
125092
192127
89063
130787
164910
78739
126341
-1
134919
130084
88649
-1
98439
195218
135698
151901
75246
90611
189068
185858
84942
-1
132840
80566
177036
114038
115219
140241
115413
140189
82629
-1
100339
71750
97403
196687
106298
123699
-1
195490
111448
79141
180702
147010
191206
187124
-1
98395
199552
104199
191748
78710
-1
-1
100858
82976
118200
93865
178376
115396
196688
103848
165866
166229
-1
184674
129663
146473
-1
126919
95200
73017
83136
177854
67621
136651
-1
83352
140526
89762
179305
146950
-1
174862
122924
-1
159161
151054
193572
81869
197684
90120
108728
124512
91246
148904
108691
194807
199732
-1
100231
149381
103685
114788
96226
159181
107504
82321
184864
198618
116157
161963
145692
68533
97985
73137
155186
91266
187958
138388
-1
139257
150442
120232
120983
-1
132718
145551
149017
114222
116648
191981
195459
-1
68225
193260
116836
133041
139011
189072
79258
155505
176066
102050
156464
184964
125368
119254
179792
131193
103075
196786
116617
-1
-1
164851
115409
150649
72242
177813
140804
-1
-1
148490
101644
131420
83283
171752
82051
140778
-1
-1
152365
123883
187798
167165
158110
179847
163669
107684
141550
144935
75447
81870
163094
181743
68028
137685
108068
123501
122604
196809
176262
105860
170157
104656
84611
126749
-1
73430
166478
118872
77102
157450
190547
83226
115711
168190
76030
74982
148818
108081
-1
152807
74774
150920
109792
98266
134467
146472
72599
-1
93770
156686
87369
107473
68227
170677
189172
-1
75435
161157
127467
173659
129000
104476
129771
144732
140158
141979
96245
107213
154365
124256
68062
113600
176957
117259
166544
91246
191932
101296
136113
182970
93603
146585
120939
-1
144742
193159
82505
86553
179779
192825
-1
169155
-1
183965
112972
138520
103123
146465
-1
69959
167669
184069
69319
122840
190495
153857
120666
178927
165117
