439 5099
49324 0
69832 0
-18375 0
48081 0
-48646 0
34294 0
-37069 0
-7919 0
40041 0
-79085 0
-47587 0
-59162 0
23476 0
11204 0
57954 0
59201 0
66798 0
96052 0
-37662 0
-96816 0
-5852 0
-23045 0
-17484 0
-8506 0
82738 0
-41182 0
-56488 0
26178 0
8022 0
48685 0
-96581 0
-87883 0
-53641 0
-46054 0
58914 0
17901 0
79740 0
-90970 0
-29901 0
-502 0
-44004 0
13585 0
-95675 0
36729 0
79454 0
-19368 0
-67189 0
-82272 0
54725 0
-74359 0
-34701 0
-48560 0
40301 0
50724 0
-86850 0
87075 0
95226 0
9764 0
-29461 0
-51879 0
-345 0
2524 0
74605 0
99404 0
20389 0
-3577 0
-90604 0
56515 0
18670 0
-75578 0
24859 0
-87922 0
40692 0
3389 0
-72771 0
71035 0
-15281 0
92750 0
99721 0
-86299 0
-20239 0
-68631 0
-13430 0
-29850 0
62020 0
-95145 0
-49279 0
-66950 0
21131 0
-92996 0
34972 0
72387 0
-37100 0
84748 0
-35465 0
-25723 0
-46289 0
41483 0
-81151 0
72566 0
-53336 0
-21152 0
56175 0
-80454 0
-16461 0
-86765 0
79168 0
17690 0
-69524 0
-83178 0
-37078 0
-46606 0
60606 0
4331 0
54322 0
78772 0
-13701 0
-45306 0
94637 0
2973 0
81373 0
75669 0
73129 0
-99901 0
-40429 0
26499 0
-95720 0
14002 0
15289 0
47795 0
-11999 0
63447 0
-78079 0
83271 0
-51444 0
-20904 0
-84529 0
-95355 0
81044 0
-68830 0
10136 0
81169 0
-8133 0
-81153 0
-81922 0
31014 0
90992 0
-178 0
-33531 0
90285 0
91077 0
94654 0
-7936 0
9048 0
82110 0
-57392 0
46145 0
92677 0
33862 0
-48179 0
19165 0
-51397 0
-93034 0
-27095 0
16113 0
-72838 0
99441 0
25894 0
36510 0
-3161 0
-34746 0
90390 0
48903 0
90705 0
65245 0
60178 0
-98467 0
-35480 0
-24288 0
-79017 0
2034 0
27609 0
83321 0
96429 0
7137 0
18652 0
-6143 0
37376 0
86771 0
16247 0
-71935 0
-2760 0
79461 0
87024 0
-48357 0
98455 0
32572 0
58176 0
-90434 0
75596 0
-18802 0
84102 0
87520 0
-4026 0
14898 0
-58669 0
61095 0
-22515 0
-15270 0
32563 0
49546 0
-21087 0
-35756 0
-13578 0
79246 0
-19202 0
-23991 0
-12147 0
-78891 0
37474 0
-77503 0
51320 0
91558 0
-919 0
-99520 0
18249 0
-78845 0
-66453 0
-19930 0
-45496 0
-65802 0
-94324 0
64477 0
-79955 0
-88239 0
-16811 0
69980 0
-89940 0
71685 0
42591 0
-44812 0
46299 0
1342 0
-9811 0
-42456 0
-60286 0
82869 0
-62105 0
-57603 0
-92248 0
-39168 0
73646 0
60352 0
-15689 0
-18832 0
41091 0
11364 0
-39824 0
-56491 0
34899 0
96382 0
-7005 0
3240 0
-5341 0
-11325 0
97343 0
-49383 0
-72613 0
98871 0
-50805 0
12738 0
65313 0
84628 0
86199 0
-48617 0
-70207 0
-4105 0
-65675 0
90330 0
18999 0
-19648 0
77695 0
38184 0
-21460 0
67243 0
16789 0
-12459 0
-42069 0
-7576 0
58397 0
88357 0
37699 0
-48216 0
26981 0
-12583 0
-60923 0
77976 0
-32867 0
34882 0
16946 0
66446 0
19269 0
-35234 0
49085 0
55547 0
-71181 0
30516 0
-12245 0
-70474 0
-42189 0
32978 0
-60983 0
15896 0
-59294 0
42035 0
75558 0
68582 0
-3802 0
31532 0
-82605 0
51370 0
33860 0
91781 0
-92836 0
-61830 0
-70125 0
-40283 0
16215 0
23794 0
-24824 0
-48114 0
-74180 0
-76882 0
50156 0
18783 0
-79923 0
71565 0
68920 0
50390 0
70152 0
72372 0
-76369 0
34001 0
-20186 0
-82692 0
13330 0
8740 0
-35843 0
-64682 0
-78099 0
-45344 0
67655 0
90484 0
-26143 0
-95315 0
67265 0
14399 0
97192 0
-58750 0
-44672 0
-26214 0
-88537 0
-41160 0
48230 0
-69279 0
96170 0
-42390 0
84505 0
54537 0
-27009 0
35966 0
-189 0
98890 0
90506 0
-24531 0
-16974 0
-36610 0
-29194 0
-26064 0
3978 0
-68085 0
-78053 0
-55054 0
35008 0
-73123 0
-63699 0
-57578 0
-85019 0
-68219 0
96295 0
84327 0
65259 0
-74738 0
25334 0
64793 0
-11727 0
52925 0
-49326 0
-33743 0
90259 0
32877 0
-8724 0
69932 0
-69945 0
54199 0
-44115 0
75321 0
-83344 0
52294 0
-23104 0
-48384 0
21669 0
86946 0
86489 0
-41675 0
-21277 0
88522 0
74411 0
62491 0
71897 0
-39544 0
-12789 0
-79817 0
-63315 0
-64734 0
23451 0
65058 0
-50577 0
89262 0
87866 0
94831 0
-63953 0
82118 0
-95194 0
-61153 0
-12361 0
31630 0
31086 0
-86878 0
-11605 0
74286 0
74612
111621
114490
152426
192836
115842
168183
124676
103210
90150
163010
124730
164812
87023
136948
193162
117454
193070
91647
159697
154834
176664
155764
169554
89399
96375
96732
141763
141552
144128
176661
103986
150972
103368
195034
175454
188702
94642
141357
153501
166354
69379
138469
175317
123473
121157
186904
141142
157143
172523
171249
183538
157301
69847
156916
150305
104685
-1
107735
107433
119434
149291
156566
197927
-1
150745
82542
100348
164919
182538
90929
151626
113219
183488
91133
198863
140541
183908
145387
99840
108596
136551
121949
155085
152808
166199
100082
-1
104267
130539
71401
95667
67867
83094
147743
136848
79602
112536
127795
125425
78032
184543
181317
80634
178991
180852
138608
145056
189180
196282
119702
152827
165295
144503
124636
86236
129674
-1
127021
151041
175081
-1
179525
151573
-1
196603
122552
147017
70560
167511
-1
144740
135622
-1
164729
90450
86845
127194
-1
173947
155837
-1
130708
150834
79661
112697
195722
99593
125744
122327
-1
75990
170481
193365
-1
106591
93368
101237
183980
126130
119881
171666
82107
81235
162309
96954
80987
172408
178058
173267
116430
104200
135628
110174
134683
135708
-1
171973
114425
130205
77326
183444
166616
118481
118535
85059
178110
118334
-1
159298
79932
123791
-1
156522
127908
167651
120208
117494
102553
105545
162657
160723
94892
169149
196805
95931
132068
124283
68515
-1
98025
167496
138823
192671
71680
150315
170241
163157
147290
101248
126542
184333
173428
174698
115649
74455
117579
85566
185072
136105
151578
151577
113659
-1
173498
160324
85428
150921
184712
90001
176148
83405
69287
71392
-1
141921
84809
139452
137730
191150
-1
-1
-1
185000
163537
134207
180468
70352
126128
101058
129677
138098
78864
179392
80286
184281
121447
165939
77716
84729
161013
155588
121069
191367
187293
160101
192316
171948
161212
191392
180007
130723
82201
121598
156112
152771
112077
81485
86096
77220
155259
123398
198011
112535
118775
176738
165716
183148
183006
195933
156050
180412
181889
118455
79778
113635
74215
-1
123758
86047
179031
184887
152347
160389
144022
179086
183533
177029
111348
140340
123760
141353
79642
-1
126570
178925
129982
156539
74793
168311
111348
193045
89986
174593
108919
156267
176002
173303
147893
82707
76745
167148
130147
141241
114863
185620
81495
144821
-1
93453
176664
149235
137109
197311
-1
197449
126904
115030
114697
198485
153681
134394
-1
111275
122675
126444
169458
161774
193348
76213
118470
171321
121617
166494
191842
147746
188762
145823
161465
196913
117099
-1
133203
115668
154748
135030
-1
153381
198551
-1
104986
69977
144083
147008
191890
92769
89390
103409
159531
173372
160885
148369
-1
74147
108346
134831
167122
147794
140639
158557
94184
139873
112917
133929
-1
120822
115803
68279
157303
174216
150652
-1
87982
184629
154833
190825
169023
123905
194998
191188
160807
99026
101532
112045
178244
165864
157380
-1
182671
