346 376
-93352 0
86517 0
-72368 0
1699 0
-25639 0
81796 0
76429 0
41413 0
-20653 0
-38041 0
-18803 0
-55945 0
-83306 0
39315 0
-68198 0
94199 0
47421 0
-25528 0
18575 0
30620 0
48594 0
15972 0
99958 0
41183 0
84482 0
17116 0
76828 0
19462 0
73812 0
20672 0
-49174 0
-10272 0
-26758 0
85194 0
-76772 0
51360 0
33992 0
-20281 0
33439 0
-35179 0
-29828 0
11873 0
-3616 0
72126 0
34599 0
-6428 0
28813 0
-64722 0
49452 0
-67327 0
92210 0
-49627 0
36614 0
-73957 0
14302 0
-91965 0
20812 0
-77266 0
-52190 0
38270 0
-85181 0
30298 0
42304 0
61380 0
-67756 0
-43622 0
-78391 0
-51616 0
75989 0
12703 0
-21336 0
-66392 0
-89809 0
40854 0
-2821 0
-9081 0
6303 0
-18908 0
67341 0
37797 0
47397 0
-25583 0
80858 0
-1871 0
51203 0
-67322 0
-46364 0
-15943 0
97077 0
-13542 0
44730 0
-71053 0
-21605 0
61132 0
57301 0
12691 0
-32481 0
53551 0
97949 0
21311 0
-8855 0
257 0
-2477 0
-89947 0
-10194 0
-53155 0
3147 0
-23970 0
18026 0
-71261 0
63197 0
-87627 0
-97087 0
-6753 0
-66916 0
56442 0
52490 0
13121 0
-50323 0
-71024 0
-64170 0
17244 0
91178 0
-47813 0
77710 0
-36489 0
-77445 0
99913 0
-63353 0
-50866 0
20904 0
35082 0
44783 0
67368 0
71284 0
-52114 0
-45280 0
32052 0
33198 0
-68087 0
53894 0
-93054 0
60718 0
18917 0
74201 0
49842 0
-63587 0
-42719 0
54999 0
-75911 0
-17620 0
-59034 0
84706 0
-6803 0
52625 0
-18098 0
56622 0
31379 0
-34504 0
-62636 0
-86711 0
9985 0
-79600 0
-57911 0
39903 0
87759 0
-81176 0
6729 0
-78520 0
43069 0
-10468 0
-12595 0
-59134 0
-361 0
40062 0
13263 0
-97050 0
5599 0
-13922 0
90708 0
86941 0
-1263 0
-3859 0
-29740 0
60789 0
-74737 0
48065 0
43387 0
5459 0
-27928 0
43326 0
96943 0
23024 0
-31448 0
-47963 0
-50879 0
-89492 0
-50919 0
-5021 0
-1680 0
-93604 0
-30096 0
84739 0
87103 0
44614 0
-77082 0
-53457 0
-73157 0
37515 0
-7295 0
-51343 0
-44243 0
-20354 0
20822 0
95712 0
-57956 0
-87306 0
-70799 0
-94749 0
47449 0
36862 0
76107 0
-12060 0
86269 0
-96333 0
38349 0
-95177 0
-96880 0
68496 0
-8889 0
-20863 0
33119 0
-8034 0
66841 0
-48351 0
64970 0
-99661 0
66441 0
-24151 0
-42048 0
-19917 0
11414 0
-67659 0
-69569 0
90092 0
-71585 0
31023 0
14414 0
61430 0
-68464 0
-55393 0
52912 0
65764 0
-43894 0
-53841 0
-19185 0
35592 0
-64647 0
44406 0
92503 0
23390 0
-4765 0
-95234 0
-33995 0
88935 0
63970 0
-25680 0
49596 0
-51830 0
-78887 0
-71734 0
-26601 0
-61037 0
24362 0
77020 0
-72253 0
-3607 0
-86857 0
50097 0
70318 0
-87799 0
84966 0
-62668 0
58717 0
24064 0
95258 0
-72030 0
12811 0
46700 0
-47631 0
-90865 0
50843 0
-89966 0
11463 0
39980 0
-58919 0
4416 0
-63120 0
-46273 0
-54445 0
20066 0
-5910 0
89905 0
51841 0
-21675 0
3201 0
-15794 0
88366 0
66667 0
18171 0
-36880 0
-87310 0
-54028 0
-1418 0
-70496 0
-69624 0
75036 0
-25059 0
-88080 0
70795 0
42479 0
-94479 0
-82251 0
-39553 0
-68660 0
61184 0
65538 0
-86759 0
11262 0
73900 0
51638 0
-83370 0
27763 0
-21007 0
35616 0
-83855 0
-2301 0
22561 0
76592 0
80218 0
115 0
-56481 0
48476 0
66687 0
69108 0
54590 0
-1691 0
5769 0
133989
86398
193521
106444
186789
128937
198962
114918
83098
134663
181719
198546
80124
128578
85219
144139
97441
176175
198590
118007
136418
138537
174797
123148
125559
123672
149508
94950
133900
182795
101500
80215
93964
87453
93864
69630
80081
135758
191738
84872
147183
-1
120308
152804
118677
197434
150535
157304
95876
67483
161071
178905
123030
67367
190355
104979
130117
148527
113774
139835
124557
178291
70945
147217
179074
144133
163031
168272
128212
138360
80381
158333
184328
119888
122119
123676
82119
185770
-1
161751
125912
73400
97674
68889
93858
-1
147452
136757
110722
189408
178731
82642
168423
198645
111261
88126
156490
128784
109339
130474
170169
77627
118905
145230
100598
164006
104148
195011
70311
76603
125171
166638
146280
173994
159301
194396
195711
78389
111439
190174
90935
120013
131695
97200
137842
70469
126821
85965
102027
181286
121521
134589
147293
184190
115636
80840
192984
133037
171233
183538
158676
118099
161072
102500
69880
98271
155507
135095
138983
196878
-1
127763
71382
93156
85081
90028
116378
150927
104586
143108
170319
144511
70403
132781
130420
163342
-1
87714
107454
142003
97151
141150
72657
178928
193066
137063
128813
147202
129816
125603
130530
150426
192484
79569
100949
165968
163799
167721
172092
103951
134611
137115
127918
191073
173591
195000
67996
180422
175334
94292
99288
107019
152198
123038
68054
192823
107413
190038
107199
127137
-1
98115
190158
169303
120530
128106
120312
155889
-1
199064
110145
91475
180629
104801
91875
195775
98109
69933
178491
187265
166265
198735
113338
170669
99684
169733
134881
71144
88908
167640
188959
112428
198573
124189
148108
185464
86967
144694
178280
106378
121827
190417
77791
172072
191106
170015
143170
147252
117805
168300
92686
141780
168884
99971
139097
148286
136952
75837
134223
156134
176618
118662
198536
155356
73858
185880
176723
198400
195607
90712
73763
164782
109901
109594
73680
124515
159075
100947
-1
135300
104476
124188
176761
194547
94740
79310
137916
180657
136264
170262
141547
195890
82738
177424
149762
171021
141903
184125
133895
194049
94904
68772
193626
104807
175442
96670
100159
165053
136067
160630
79100
119635
105269
112057
-1
76499
198334
133701
107802
131927
198161
127667
82755
168643
94369
70658
127683
125981
118438
81890
108030
153229
186346
148693
129420
104263
