469 1570
-70765 0
85903 0
-5791 0
35986 0
53883 0
73322 0
-65613 0
-5117 0
1695 0
38045 0
68762 0
70749 0
77613 0
-11914 0
-39703 0
11070 0
44749 0
-38381 0
55063 0
1573 0
-10496 0
-13191 0
81058 0
7335 0
74825 0
87241 0
46339 0
74984 0
-14695 0
-91150 0
-58351 0
-48343 0
-34712 0
58290 0
17677 0
80958 0
33272 0
-69183 0
-85151 0
-72672 0
-51072 0
-49772 0
-13417 0
48676 0
20801 0
27068 0
-46847 0
89605 0
-37035 0
58976 0
74183 0
-4551 0
-70051 0
-89960 0
67822 0
-28744 0
-51378 0
95529 0
44388 0
-39557 0
96931 0
-79782 0
40377 0
66036 0
-82708 0
-41378 0
-66956 0
72183 0
-29646 0
-17340 0
96150 0
-7612 0
12701 0
-27118 0
-35301 0
-87819 0
36786 0
-74333 0
-25715 0
60187 0
-88480 0
-83348 0
88701 0
31550 0
46137 0
-60333 0
94843 0
92359 0
-29559 0
31894 0
-50705 0
-48775 0
54701 0
-69173 0
-29750 0
-72248 0
-99962 0
36258 0
57128 0
56089 0
9410 0
-3192 0
39851 0
81493 0
-39938 0
-33293 0
18732 0
-54538 0
46719 0
-24745 0
-85791 0
-82455 0
-68077 0
-16302 0
-35741 0
92463 0
76205 0
47197 0
-21072 0
24259 0
-6932 0
51934 0
79655 0
71364 0
-61055 0
-42783 0
-16272 0
19081 0
-19915 0
29319 0
83221 0
-89773 0
-78079 0
-9151 0
24515 0
-62675 0
-15756 0
-83214 0
19705 0
40974 0
14962 0
66897 0
-71143 0
-31923 0
-83926 0
9601 0
48180 0
80551 0
57205 0
-82756 0
93519 0
48021 0
-78734 0
32760 0
-71438 0
3086 0
-9667 0
-82539 0
-76758 0
-99516 0
-98472 0
-13880 0
22204 0
-83515 0
-96766 0
64992 0
-61823 0
-93767 0
-52303 0
78349 0
-11379 0
-54478 0
22674 0
92388 0
-93154 0
25689 0
-88567 0
-67685 0
-72213 0
57900 0
53486 0
24879 0
-81839 0
62150 0
74065 0
-72630 0
-98366 0
60696 0
-72239 0
-99069 0
38359 0
96472 0
17580 0
6734 0
75920 0
26201 0
12045 0
-31975 0
33641 0
-61351 0
74757 0
-97682 0
82322 0
2896 0
-73086 0
-43886 0
50827 0
20651 0
53163 0
40834 0
7622 0
69522 0
69244 0
-17274 0
-89408 0
-45550 0
80306 0
-38917 0
-22074 0
53188 0
-12996 0
-49370 0
26948 0
20286 0
-43288 0
-90336 0
-40078 0
33434 0
-46589 0
74425 0
84592 0
-45089 0
-94802 0
99472 0
95997 0
-28961 0
-34035 0
1108 0
23602 0
-22977 0
74020 0
-42740 0
48438 0
14998 0
-26800 0
-53615 0
92581 0
65575 0
-27845 0
-96856 0
70306 0
15764 0
42332 0
73079 0
57005 0
-12133 0
26631 0
-9086 0
6644 0
67892 0
97570 0
47504 0
-30017 0
-95175 0
-98631 0
-56004 0
-70099 0
53040 0
12782 0
94535 0
96680 0
-89791 0
53564 0
61745 0
37636 0
-11911 0
92918 0
-20013 0
18297 0
-13029 0
-70198 0
-58991 0
65142 0
-11859 0
2252 0
-85211 0
60013 0
-72290 0
-45157 0
-5814 0
63011 0
-7250 0
-40475 0
52986 0
-37127 0
-89716 0
80737 0
-51233 0
83454 0
72658 0
-94141 0
-93086 0
-65693 0
-65510 0
87211 0
39133 0
-28659 0
8386 0
61142 0
-55635 0
33354 0
8221 0
29941 0
71491 0
-40231 0
88208 0
63452 0
-22678 0
61230 0
-10768 0
-96887 0
54598 0
-17966 0
9813 0
-13502 0
-28775 0
-25598 0
-44804 0
46843 0
-36484 0
-27729 0
-51088 0
-93041 0
-2362 0
-89682 0
30213 0
66102 0
-73568 0
-6405 0
-64176 0
55850 0
-11823 0
94375 0
87051 0
-85818 0
21655 0
59281 0
24030 0
97388 0
88364 0
40050 0
91762 0
71810 0
-60182 0
32018 0
-71370 0
-23342 0
-48254 0
-66679 0
-84428 0
40226 0
-53337 0
57397 0
-31862 0
10683 0
-1736 0
18619 0
-83941 0
-45773 0
92579 0
9889 0
67193 0
51005 0
78187 0
48932 0
-36087 0
85583 0
89380 0
67935 0
-70490 0
-82765 0
33674 0
52039 0
13499 0
-24150 0
-44105 0
86670 0
-73719 0
11892 0
-2188 0
-17262 0
-15158 0
30975 0
43900 0
-37110 0
6968 0
-28771 0
17392 0
-92289 0
-68520 0
96628 0
-3503 0
57116 0
-51988 0
-76223 0
58986 0
37281 0
68333 0
54053 0
48453 0
8997 0
38453 0
-62169 0
-13161 0
99874 0
50363 0
26408 0
-77376 0
87811 0
27299 0
-31924 0
-15663 0
-11869 0
-40090 0
30176 0
-37950 0
-40254 0
-47733 0
-24188 0
16862 0
21454 0
-41084 0
70859 0
-92752 0
-45625 0
-37715 0
-79370 0
17590 0
-85895 0
-71811 0
79887 0
81919 0
-78791 0
43092 0
-31974 0
50312 0
-24349 0
87082 0
-72517 0
-65397 0
46838 0
51520 0
39185 0
41422 0
-69372 0
89920 0
25225 0
48959 0
3974 0
23149 0
70678 0
35601 0
1400 0
27373 0
-88824 0
-94623 0
-47541 0
-10439 0
37349 0
52952 0
-59169 0
160090
189393
165694
107416
161776
166585
186347
178949
158584
146399
166098
172606
187290
81889
80109
71351
190037
186780
159905
118292
185799
125507
112969
189618
124765
124539
110663
183351
68154
123719
181020
132881
154853
81086
-1
170054
117447
83131
151594
167164
186751
186630
-1
163794
188499
178795
106543
135254
131873
141845
118647
107617
182981
98023
122647
79322
163805
118409
82036
126474
173378
84873
122195
165953
196890
139185
108932
-1
181112
163114
68237
140527
150009
167261
177864
99752
120187
103698
187607
183441
88655
146934
145879
70163
84036
147946
-1
-1
158639
146808
194694
163520
190941
109538
108026
157697
84655
112638
85957
78774
140624
-1
132135
73058
145666
187510
79187
-1
68424
127283
112680
139211
94758
141512
109878
175984
190665
190480
163781
198410
129813
128744
175105
111438
160651
81283
-1
80576
144356
101767
115586
170728
111174
114957
-1
-1
123043
154926
123031
158721
105533
151733
109668
140435
81596
131265
149478
156902
-1
91428
98244
69623
160769
104259
197599
166836
67308
84493
-1
120187
183839
198242
187131
181203
126018
66980
74558
157223
78311
82669
175853
98233
90782
-1
86833
186689
103330
132744
105500
156352
185407
77203
179013
99933
199370
190212
186844
139259
136735
90416
124979
187775
118835
190093
-1
132270
109819
127378
-1
105626
159461
-1
180856
104294
107586
152372
127756
95130
91000
144075
174208
74435
99131
192312
99453
144946
170844
169327
138150
140405
199027
151406
126585
181243
125959
117333
159874
144994
179815
111242
142043
74195
76307
98914
192414
83600
134703
138030
167479
145539
174501
166356
142980
88705
94889
175113
159569
141473
130908
83830
156339
178777
71621
151332
92080
167906
141667
196312
102780
80674
140070
132739
107098
160566
-1
125769
73859
114797
113859
105734
164676
145147
136015
103213
120603
174204
165568
165888
195655
177000
152647
89838
83314
112120
109799
137986
102213
71956
151943
86778
89623
111911
179569
151636
104817
135970
195736
189115
154586
138515
117899
-1
83950
191744
114443
96769
112467
88257
192721
75947
-1
-1
164571
93531
198303
166050
196755
126907
195121
99580
145721
123711
173108
157416
68211
118718
103717
103504
88651
107215
128552
125673
168073
183542
94717
85564
88451
127643
188975
68203
158056
103928
99823
178740
112912
120455
139127
137828
173033
148363
150649
-1
161322
185541
66794
127644
94439
103868
101514
111615
108838
144485
195572
127852
152395
154348
197830
97771
88672
194878
-1
170449
68570
141718
184295
149041
198922
179854
106903
96384
147294
113965
87595
101043
87361
175734
78810
185591
196747
181434
92510
153803
174692
126338
158345
91384
135648
190969
182991
91573
-1
82305
79234
168659
186517
158715
98214
186982
136403
67279
132677
190033
90966
94462
80862
133051
89020
180473
162916
139703
135804
149359
179663
120361
84792
91956
188859
98852
120724
72778
169525
132747
191220
92068
156781
144616
120623
83156
176333
168415
98135
172485
141762
84691
125753
129527
142410
181579
69364
135372
117239
135276
91345
88067
98555
166859
187635
145266
109355
139764
77438
82719
124658
179417
149967
183849
175669
94372
194362
