103 7597
25341 0
-20851 0
-18314 0
-34447 0
-72964 0
-37361 0
36727 0
-55152 0
20308 0
32750 0
-35356 0
-63970 0
2063 0
27309 0
-79981 0
49282 0
21936 0
-71503 0
-9922 0
25114 0
-47501 0
-47060 0
-58080 0
-20245 0
71319 0
59721 0
58890 0
5842 0
-36554 0
30796 0
50374 0
91825 0
-21754 0
-71273 0
-87343 0
40044 0
92170 0
-7767 0
-96901 0
-56749 0
-22681 0
65929 0
85171 0
79180 0
-74235 0
85464 0
-61658 0
-22965 0
-22233 0
-44579 0
-91668 0
-84848 0
70850 0
-97634 0
-9683 0
-59935 0
-87969 0
-234 0
-53172 0
6896 0
-43291 0
-65855 0
-71786 0
37654 0
28147 0
49236 0
-95995 0
18293 0
54643 0
73708 0
-88659 0
14549 0
-432 0
-79892 0
87554 0
82090 0
22018 0
-76049 0
-59431 0
10737 0
-2581 0
-35463 0
36741 0
-54867 0
-52764 0
96878 0
20419 0
7581 0
-73927 0
83739 0
-28652 0
-90460 0
3580 0
47126 0
92731 0
-98767 0
10086 0
41109 0
69922 0
-21766 0
38967 0
23971 0
79453 0
13091 0
-70914 0
-1
123637
-1
165467
116557
149702
-1
158945
153659
145357
132388
192397
130336
-1
157335
119323
99439
-1
158443
187902
182271
135459
93522
163383
142569
66911
71406
151513
-1
-1
185332
-1
106767
116588
100897
170240
170706
89624
105708
86690
-1
156193
159384
108585
184198
143231
95365
198944
100143
108773
92252
151076
183359
123082
145728
181075
154316
146995
184300
84383
179874
124079
173520
74142
80118
99884
115824
168736
83040
96554
149346
110652
119685
161683
192069
134722
131178
121295
144504
-1
138047
167860
164870
-1
-1
177861
119662
148423
170292
180982
72351
75908
-1
157353
-1
156983
78639
115114
107206
68742
159137
66846
-1
