100 1259
-94572 0
43352 0
-92129 0
78889 0
7816 0
31679 0
45675 0
-43267 0
-88823 0
-13602 0
25020 0
-28918 0
30564 0
-77448 0
-90261 0
-48034 0
-14380 0
-70722 0
-1615 0
-31976 0
60245 0
-58341 0
71537 0
16661 0
19529 0
2609 0
-92698 0
16047 0
46353 0
73586 0
-88164 0
5230 0
-94614 0
17274 0
15209 0
27575 0
-24603 0
26722 0
41054 0
-4249 0
33557 0
16060 0
-92392 0
96781 0
-30964 0
-18022 0
29925 0
2109 0
84479 0
-95089 0
6793 0
-11534 0
80017 0
29988 0
-35960 0
-31870 0
-95274 0
-96948 0
-95385 0
-23526 0
-25260 0
-45700 0
83568 0
37069 0
-27948 0
87245 0
-44381 0
-99099 0
-68652 0
26004 0
33336 0
-4078 0
-60411 0
-51063 0
42889 0
-82984 0
-47858 0
91461 0
3158 0
-76159 0
70044 0
97759 0
57229 0
72465 0
-35173 0
81038 0
-38006 0
-4540 0
63903 0
-51390 0
28542 0
-63004 0
94647 0
-89993 0
-13018 0
73867 0
-27321 0
-11089 0
41799 0
92077 0
-84801 0
-97901 0
159995
-1
100540
98327
153000
167501
-1
89712
-1
151459
170723
-1
-1
150782
106073
68094
193313
-1
168900
69335
163289
-1
-1
114518
-1
148002
148065
-1
197665
191481
117084
151039
-1
-1
160805
142467
159621
128178
115544
97270
86055
143227
186927
133956
-1
136572
75532
121793
139790
104175
164525
136784
90465
134099
74334
173664
78976
72615
75883
110254
192651
127845
73248
80255
77989
73716
83302
136535
84814
104450
96903
197938
196371
138236
179364
127401
190775
179695
149869
87463
126624
196596
175297
-1
178938
102632
100694
-1
127680
75175
-1
-1
181374
110242
-1
84786
188914
86379
118802
147634
