838 4155
99919 44934
-86410 -58074
58264 23845
-24101 -21634
60576 95701
17766 -64828
81125 -79110
92215 3153
-48169 -44528
93536 -63783
15251 11879
22999 82626
-99367 -93596
-21315 8458
-71345 88067
-99861 -96311
-90473 78627
68526 62847
71328 -63875
-21518 84799
-23684 -52472
-24697 97150
73260 28559
79527 -61318
-4125 26544
25603 39669
-63387 -67314
92473 -41414
76090 63545
92296 -94879
39455 -19206
95629 27578
-99555 37276
-27668 -23553
-17153 -8704
76063 82094
91272 52077
-90903 11918
48531 -30466
-54926 38727
-48744 77433
94865 -81845
-6220 28111
64487 25363
74417 -20214
-86114 96064
68380 -41204
-29209 -98229
-50398 13546
-47446 -20595
33053 -21359
51928 -6641
-67156 -11984
-18475 -86026
-6146 35656
80948 -92883
-4904 54064
65205 5876
-48434 75020
-78455 9756
-24859 -48055
23793 17164
-92284 91548
7152 -37566
79322 -26825
-29296 -71842
21172 -22428
76503 -15054
69826 46140
-31423 69735
90476 -99547
98427 3446
-13567 4051
14159 87189
15409 -39858
32035 4995
25531 49237
29985 72218
66597 -24807
-21331 -38719
82331 -85981
59106 11928
-21011 83581
60101 96072
94556 93078
28876 -17449
-55087 -42135
32567 -27522
-89091 -68473
-17560 779
-48586 -21078
2017 29211
59502 -8489
4411 -97230
19342 -68130
-38418 -71118
73568 -78662
-50656 29516
4557 -8576
-6770 -98730
36815 14331
-11047 -96630
-30790 50233
98226 -18996
-54449 89247
-82950 15889
8865 -26709
-67697 97277
49903 45849
-88213 -11234
50803 26067
45726 58871
70138 86390
-12982 88040
-80259 84045
49698 4769
-24888 8890
-43511 88093
69083 -65013
-39107 47865
-43619 -9372
-27562 52186
43820 53707
-23524 -26431
-37689 -27208
6886 -95883
67210 -9323
27552 60706
-84875 73915
6109 -24940
43153 -17754
-64207 1384
79537 -20896
13174 -99361
86307 -70010
2358 96530
-43912 97195
73795 -32984
13203 -44655
54903 -90686
-14692 -75842
23031 30562
12305 -91503
27613 84502
-32935 -68671
6328 94153
94410 37845
48822 -9687
-74812 20231
-10476 -46218
-48788 -29679
43371 89234
13069 71972
5218 66669
-99041 1317
-94564 -21760
-51922 -85649
-16251 -59763
59047 -50285
-81835 -49056
55657 -32068
92012 76446
-13181 69837
93640 15115
-39344 -6206
44918 -48164
17585 -88068
53016 27049
59981 -53400
-58077 -64162
26640 -36775
-39305 -78129
-64278 -36381
-35274 -11365
-58326 60798
4515 -98638
-4098 -61262
28936 -12164
-80799 -98610
-33687 25901
61806 25248
-32192 -30756
63163 54506
58622 15273
-40411 -41046
-16981 43470
76684 59860
70306 -70331
-34103 -70564
-84635 -81665
8013 -24108
-56615 -43338
54884 65746
74326 94050
-26446 -42428
14593 61654
59288 78365
18416 54773
-16801 97428
-18384 -67272
98715 -707
-22717 20003
10325 60855
-25416 -52605
-42078 -15591
-57549 69719
-24765 -23497
85737 -92213
37814 -47104
59953 -6786
65123 -36581
67596 19233
76971 71599
77553 -10877
83875 36232
90309 -27397
-65284 1031
67027 85779
1676 -85384
35429 -7416
-96103 -24676
44211 -90493
20605 -65170
-34713 11380
-98367 38428
-55520 -91918
39441 16675
-57722 20677
-12594 9403
75699 -41633
48400 48276
-73486 -42533
39838 -42759
-51150 1785
80234 32387
67225 -11621
89368 -83700
-28774 -17269
-72695 12218
-68843 88606
-8599 32578
35271 24903
37125 90582
-85841 -6555
58519 78530
-51412 -50903
80721 15482
-98798 25118
-18859 57283
-34928 62999
-48694 -77052
-48202 19551
-42419 69306
95164 54527
76811 -72635
-3358 16359
-41994 85859
-26300 -96521
69985 40189
-95341 -64470
-44596 89843
-78764 32542
-95365 -33372
25944 22067
98129 -89123
65232 25451
98342 -80074
-41962 30435
-48372 -62744
76485 38506
45763 55638
58246 83005
12131 -38893
-15588 -80007
4313 26888
-80038 -79394
-560 -95867
-2041 17187
-21225 14147
-72802 35574
-22010 -7246
96745 89967
6597 -27865
59401 23331
57371 -59248
-39108 28532
43089 47465
84231 51163
82695 6770
69937 66098
-89776 -70550
55956 93321
-84672 15534
-95913 -35246
-32256 -63106
91662 31755
-92036 -35335
-59453 20055
-40892 55153
82929 -10767
-5794 -90727
-92597 13079
33621 -77091
-31929 91378
16805 -14968
99094 95052
-30933 13157
-75379 76944
47084 -70807
49474 -90365
-33198 -49538
47665 -37029
66016 -44256
-76363 47149
-8808 89948
44486 53882
2043 54726
25828 -75833
90099 -46946
-74197 -50251
50653 4555
52691 83952
-20920 33143
31757 -35474
2753 69081
96134 -34962
-72540 -58469
-76743 -82905
-98801 57318
-65485 43852
44660 -9381
67304 53012
19111 -47000
31207 64201
-73640 -39799
55928 71976
37747 -60866
16338 -60476
97806 -56981
95986 73668
-3478 -93555
-81143 5969
14453 -55296
-70426 -49825
59772 -20973
31349 -14137
87317 13477
-8339 75031
-84670 -29949
-80618 -83287
56063 48806
39444 57566
-88326 -39487
-15357 85273
-56552 58554
-17305 -16979
-34451 91817
31917 34678
37656 34489
-78752 -33827
-54572 -40830
-37704 13763
-86675 47984
6471 -90748
-90680 36587
9068 11946
-82553 -79512
-87427 -24518
20077 8750
-3921 78200
-35787 77378
-40426 63943
-86880 -85970
-79831 -5653
74781 -59997
45275 88633
33651 -75587
3719 85737
20675 -35614
13207 -36280
-23007 -37818
-9743 77562
65046 -51203
-9409 -22273
57115 -61987
-99271 -87339
-80481 50820
-53296 16910
-33962 -84719
-97327 -38122
-61604 16052
9440 27400
-9400 -60842
-79386 -26101
67807 59133
-16280 -41987
62155 11089
767 -63074
-33067 72899
-71396 41993
-27603 83895
22490 -23628
95660 -32987
26786 41799
19530 74922
-67601 -19662
-94624 -79277
-50576 -28462
96355 -29328
-49292 90691
-47105 80723
-53655 55276
-17164 -36050
47230 -74474
-56435 -80733
52801 23346
2626 29879
85420 -60539
-53650 -89961
-35741 -64095
-3101 42314
97228 2644
56206 -48032
19333 77698
89273 -4565
-83692 81427
-54423 -21868
15832 74185
14664 -94744
61983 51317
96841 -98647
-29420 -62476
-28044 -69212
-78333 35267
-26078 -12955
-6133 14573
-33340 55601
97855 27692
-16885 -50511
-621 53831
-87947 87577
-64011 87137
77498 2255
-27590 92641
-18157 5850
-5483 -11072
65750 20638
-84431 84992
2108 -94201
15484 92486
65236 -91206
-93434 99182
34173 -98599
-96946 -81330
98222 24010
92581 -75349
-21070 -41262
-91210 -78851
-82509 -70748
95577 -5449
50689 87145
-90281 -98966
-66008 6041
-47572 -13217
57 7455
-38292 43666
21213 -81011
-2171 401
-90177 27694
-97253 -88691
-49791 -12300
-60633 -5669
20876 3898
-88623 -57505
39300 -36648
88866 34076
63288 51036
93142 63053
-44842 5955
53004 92991
78053 82647
62366 76822
-44789 -99238
-72866 68309
15721 62832
-95162 52959
-66986 -34900
86645 22097
-24897 -38822
73526 -54819
99526 92693
-55344 7930
33648 97629
-25081 12989
57473 -94516
47922 22893
-89559 -39968
76024 56234
-83558 -54219
-29301 -78796
-31149 2037
-41559 -55798
-63874 52790
-82437 62051
23790 68441
6056 77505
46502 -86406
23951 63324
-93783 66663
-26562 -27960
78226 36517
-83815 -80590
37935 55581
74309 -33964
-53429 -33620
-45925 57739
85971 -62177
-59314 -77179
-61178 49420
53354 -20034
99703 -5575
21472 -21030
54662 55359
7102 -8341
-82832 10891
89105 22183
76617 -13355
-81573 -93157
-84968 45003
784 99446
-39711 65600
-12639 -47294
-19809 62896
-60970 94184
-15928 35557
-94355 23690
-97055 89296
-94148 15604
50332 -29732
-3733 -42824
-10508 55182
480 -80438
60149 25771
-50326 47550
-56555 -37464
-71922 -76794
48209 -47138
-81590 88369
33278 31970
10190 75832
70431 -51672
50819 61689
59470 -64043
91920 -81744
-79340 82891
-40911 33964
82493 19286
4977 89450
-43079 -29803
63303 -67447
14802 45970
-17819 -29381
-60358 53705
-13369 7025
-43720 -11737
70808 -65367
-43379 81506
-60682 25133
18578 47832
20234 -77010
47646 64867
82669 22850
-58480 -80600
-77510 81730
61334 96044
76772 78231
60867 -48403
91993 -92708
29419 45289
-5178 -61828
22116 11933
-24636 -38542
55444 46727
97197 -14194
-30659 -51380
54260 -67170
-70915 -58049
71391 -78670
-25345 31327
67947 81867
-51976 65331
45423 28601
-38284 -11762
-85108 36351
-25048 59941
-66735 -4728
47576 -72419
48932 -55276
-39116 -89451
-57082 45282
-82518 93503
-92390 -58532
10051 4772
-51848 -52277
-3286 17384
-21042 45360
-53816 18971
20722 -78605
-82861 -15910
89356 23991
91738 -63617
-9112 -76211
-83036 -82876
-17727 29168
-69779 89058
-21829 54405
36779 79839
-76045 -17210
-17573 -11402
-74083 45572
38211 -78286
61159 -41451
7751 -77848
-71276 58280
6081 -68794
11 57064
1054 -20096
-96842 17391
-44138 -3925
23375 -67962
-23916 -92996
-1538 90139
93972 -25888
-40380 32135
78398 23253
53579 40938
-65165 52800
-19243 -30383
-68618 -86993
-77860 -31183
49442 54575
844 -21785
2224 -73265
-72520 -64888
-36143 77080
95307 71751
-99005 -12119
-41387 37711
60386 -59964
-44606 -87989
-27961 -40280
-79503 28498
-64460 37969
44959 -34120
59590 -86393
-57978 -11966
-20534 -81461
-59844 92701
40504 36704
89765 -76453
-85803 14855
-45536 67939
-22160 -29839
77967 -59331
37427 81186
-97842 49041
-98694 -32121
33550 -38337
-4959 82484
-42062 20899
63703 -10635
99340 -55353
-78757 -54719
44127 -13723
82325 -25827
77862 -88190
20627 92153
54581 -16696
-42931 -88137
-83672 43903
-16702 41018
96780 61157
-12704 -95099
-10022 46667
39839 -24459
46027 26947
19032 -65204
-32862 -74726
-19560 73385
16298 -53421
36812 5319
-45139 -85245
98241 -9097
22305 -48230
54783 -51545
-84924 -56814
-1185 39608
74106 -54347
37263 -58878
-18261 75173
-37036 -3387
46684 -17036
-47765 51646
66377 79320
-98757 -36133
60014 -53730
-39011 -14084
-84870 61694
31746 -66404
50726 18635
-19589 13363
-190 -25495
64024 12362
17094 11776
-5238 29828
-39015 25028
22853 73057
45118 -35143
-84634 37742
-26638 14348
-14901 40122
69704 -58251
-3001 -61966
42456 96227
40362 -3624
-17278 -43934
73905 97693
-88602 40793
96236 -51790
-38392 -29153
-55525 -23754
-67876 86810
16127 -1183
35943 -33313
31552 -30965
94987 -57064
-34815 35099
-14626 -95426
38725 65827
-52004 -40072
-45670 -22328
-78820 -93693
47521 -8652
96139 -12433
44655 -15154
-26406 -6171
-62750 -14989
-40596 50133
-81075 18865
-21787 -27967
-56311 -27164
52303 40028
-54402 -63752
66544 67798
-43362 -58660
62335 1862
6382 313
-58574 -94502
-97706 40845
-31550 -46952
59310 -20935
46805 89171
64789 63335
73291 90320
12530 -48409
95796 -63056
-274 -74985
-26100 -80167
-30431 -28303
86056 -44379
26519 85900
83295 10729
57428 -33885
7371 83880
-16477 -89020
47916 11096
51117 56010
49964 67347
-75008 -44903
21201 -29253
-51930 13532
-82415 -38486
61742 59338
3370 -4936
21231 -55548
98522 12857
-57136 56284
38296 -27955
-69641 59640
-8121 44722
-9361 -60190
-83662 -19518
18098 -43113
95689 6939
-29592 -34623
13289 -50700
-3113 52434
-25665 -75961
-43113 6531
58429 -35160
54908 -50353
-25414 23679
-53882 -18967
-15809 61808
62046 -70876
-47495 -42691
62897 53885
-24598 4860
-1551 -57032
28372 74750
-57327 -84987
-99242 4064
-37610 -33456
24287 52316
-95407 -27184
-56324 96242
56557 48080
-24541 32888
25420 -39721
-51415 -44602
-2811 36877
72516 86821
77971 -36036
-22937 -61011
-32515 70747
-60421 -47397
91785 -53002
-91958 -74144
85681 25169
-60686 -29422
78540 18002
96628 -72578
-32363 9393
-1673 3597
55357 77572
-13116 22402
70556 -11253
21616 -93687
-94371 -48278
-62227 -7082
-1
-1
-1
-1
-1
-1
-1
-1
-1
-1
-1
-1
-1
-1
-1
-1
-1
-1
-1
-1
-1
-1
-1
-1
-1
-1
-1
-1
-1
-1
-1
-1
-1
-1
-1
-1
-1
-1
-1
-1
-1
-1
-1
-1
-1
-1
-1
-1
-1
-1
-1
-1
-1
-1
-1
-1
-1
-1
-1
-1
-1
-1
-1
-1
-1
-1
-1
-1
-1
-1
-1
-1
-1
-1
-1
-1
-1
-1
-1
-1
-1
-1
-1
-1
-1
-1
-1
-1
-1
-1
-1
-1
-1
-1
-1
-1
-1
-1
-1
-1
-1
-1
-1
-1
-1
-1
-1
-1
-1
-1
-1
-1
-1
-1
-1
-1
-1
-1
-1
-1
-1
-1
-1
-1
-1
-1
-1
-1
-1
-1
-1
-1
-1
-1
-1
-1
-1
-1
-1
-1
-1
-1
-1
-1
-1
-1
-1
-1
-1
-1
-1
-1
-1
-1
-1
-1
-1
-1
-1
-1
-1
-1
-1
-1
-1
-1
-1
-1
-1
-1
-1
-1
-1
-1
-1
-1
-1
-1
-1
-1
-1
-1
-1
-1
-1
-1
-1
-1
-1
-1
-1
-1
-1
-1
-1
-1
-1
-1
-1
-1
-1
-1
-1
-1
-1
-1
-1
-1
-1
-1
-1
-1
-1
-1
-1
-1
-1
-1
-1
-1
-1
-1
-1
-1
-1
-1
-1
-1
-1
-1
-1
-1
-1
-1
-1
-1
-1
-1
-1
-1
-1
-1
-1
-1
-1
-1
-1
-1
-1
-1
-1
-1
-1
-1
-1
-1
-1
-1
-1
-1
-1
-1
-1
-1
-1
-1
-1
-1
-1
-1
-1
-1
-1
-1
-1
-1
-1
-1
-1
-1
-1
-1
-1
-1
-1
-1
-1
-1
-1
-1
-1
-1
-1
-1
-1
-1
-1
-1
-1
-1
-1
-1
-1
-1
-1
-1
-1
-1
-1
-1
-1
-1
-1
-1
-1
-1
-1
-1
-1
-1
-1
-1
-1
-1
-1
-1
-1
-1
-1
-1
-1
-1
-1
-1
-1
-1
-1
-1
-1
-1
-1
-1
-1
-1
-1
-1
-1
-1
-1
-1
-1
-1
-1
-1
-1
-1
-1
-1
-1
-1
-1
-1
-1
-1
-1
-1
-1
-1
-1
-1
-1
-1
-1
-1
-1
-1
-1
-1
-1
-1
-1
-1
-1
-1
-1
-1
-1
-1
-1
-1
-1
-1
-1
-1
-1
-1
-1
-1
-1
-1
-1
-1
-1
-1
-1
-1
-1
-1
-1
-1
-1
-1
-1
-1
-1
-1
-1
-1
-1
-1
-1
-1
-1
-1
-1
-1
-1
-1
-1
-1
-1
-1
-1
-1
-1
-1
-1
-1
-1
-1
-1
-1
-1
-1
-1
-1
-1
-1
-1
-1
-1
-1
-1
-1
-1
-1
-1
-1
-1
-1
-1
-1
-1
-1
-1
-1
-1
-1
-1
-1
-1
-1
-1
-1
-1
-1
-1
-1
-1
-1
-1
-1
-1
-1
-1
-1
-1
-1
-1
-1
-1
-1
-1
-1
-1
-1
-1
-1
-1
-1
-1
-1
-1
-1
-1
-1
-1
-1
-1
-1
-1
-1
-1
-1
-1
-1
-1
-1
-1
-1
-1
-1
-1
-1
-1
-1
-1
-1
-1
-1
-1
-1
-1
-1
-1
-1
-1
-1
-1
-1
-1
-1
-1
-1
-1
-1
-1
-1
-1
-1
-1
-1
-1
-1
-1
-1
-1
-1
-1
-1
-1
-1
-1
-1
-1
-1
-1
-1
-1
-1
-1
-1
-1
-1
-1
-1
-1
-1
-1
-1
-1
-1
-1
-1
-1
-1
-1
-1
-1
-1
-1
-1
-1
-1
-1
-1
-1
-1
-1
-1
-1
-1
-1
-1
-1
-1
-1
-1
-1
-1
-1
-1
-1
-1
-1
-1
-1
-1
-1
-1
-1
-1
-1
-1
-1
-1
-1
-1
-1
-1
-1
-1
-1
-1
-1
-1
-1
-1
-1
-1
-1
-1
-1
-1
-1
-1
-1
-1
-1
-1
-1
-1
-1
-1
-1
-1
-1
-1
-1
-1
-1
-1
-1
-1
-1
-1
-1
-1
-1
-1
-1
-1
-1
-1
-1
-1
-1
-1
-1
-1
-1
-1
-1
-1
-1
-1
-1
-1
-1
-1
-1
-1
-1
-1
-1
-1
-1
-1
-1
-1
-1
-1
-1
-1
-1
-1
-1
-1
-1
-1
-1
-1
-1
-1
-1
-1
-1
-1
-1
-1
-1
-1
-1
-1
-1
-1
-1
-1
-1
-1
-1
-1
-1
-1
-1
-1
-1
-1
-1
-1
-1
-1
-1
-1
-1
-1
-1
-1
-1
-1
-1
-1
-1
-1
-1
-1
-1
-1
-1
-1
-1
-1
-1
-1
-1
-1
-1
-1
-1
-1
-1
-1
-1
-1
-1
-1
-1
-1
-1
-1
-1
-1
-1
-1
-1
-1
-1
-1
-1
-1
-1
-1
-1
-1
-1
-1
-1
-1
-1
-1
-1
-1
-1
-1
-1
-1
-1
-1
-1
-1
-1
-1
-1
-1
-1
-1
-1
-1
-1
-1
-1
-1
-1
-1
-1
-1
-1
-1
-1
-1
-1
-1
-1
-1
-1
-1
-1
-1
