408 4322
99839 -48220
28913 -64087
63685 77204
96797 -29424
38697 -58400
10699 -39086
83597 -21663
37798 -86260
99041 -686
-7763 -10104
27867 55692
-25414 94906
32532 -83714
46027 50437
-92544 3713
-48880 71719
-51200 -33976
95023 -610
-34179 -78831
-96560 24299
53774 -45843
93006 -25113
50319 -17437
-67493 67400
-31910 -38526
-23774 6952
-30049 -10197
57555 26420
99062 83379
82436 34063
43267 41000
-2076 -58387
52857 70783
67075 78494
21713 17838
40676 -92791
89605 76340
48267 -62429
19973 28726
39419 72714
84377 13463
60491 -42215
94292 -90002
-75375 86389
-92527 56396
-43307 4737
-8961 -4541
-46053 -16825
-11080 -81258
-91561 -62911
30815 96285
63840 -70311
-663 -21770
92193 87193
-88769 -85230
-12994 5593
-10347 -56202
-66321 91603
23442 11409
-70565 37157
66551 76537
-60501 40549
4508 54493
-13657 -39451
-80697 -64097
-86816 72839
28749 11775
18692 49541
-29676 47626
-19691 -95271
55874 -14760
97870 47826
-216 60994
7838 76190
44425 -58130
23949 8428
-59918 54089
-34486 -98149
-18322 -20267
-22950 4985
25024 -33446
61970 32751
22330 21320
67770 69631
-94036 93992
97860 56959
23011 18408
90363 69691
-72875 49829
-55258 1876
-48707 7552
85625 77273
-89320 63358
5640 99301
-25986 -33364
-27793 38824
44972 89695
8725 -63706
98050 -54461
89469 -15138
-27809 34818
-93361 -43451
-39458 -11724
-14195 -54126
-59951 38152
63103 -11263
79561 -57236
-39746 33550
-66001 -77105
-4515 55295
31420 6958
51169 -77790
-6714 79511
-13264 -86504
-37705 65492
91110 -48692
71121 9934
74250 17998
9768 6372
-26935 36700
-81207 -18904
2284 29275
-53667 -97491
23149 87707
57723 43045
67194 68940
76624 94990
73780 22348
66225 -10741
28041 64045
84339 -28797
-41473 79979
65317 -63894
-89603 53272
-69419 20989
65290 77332
-9418 22951
-72901 -45522
93061 -15110
63998 97354
62749 7000
-80381 -80155
-76199 -72893
73132 -1429
69799 -64357
30532 23171
13266 36509
-91349 57246
-47603 -9422
86032 -74556
28943 88059
-2885 -62613
4003 44324
-78101 98631
61778 76327
-57923 75152
-77891 19372
86672 80366
12661 -65655
19450 -39285
-63618 -64189
-3799 15848
51262 -30272
25964 65903
-12791 -38452
-58320 47267
99926 60397
-95668 -94359
47970 -69020
65117 -98299
62698 81826
-62334 -78840
-89780 -43386
52213 98925
48944 -53565
13528 99064
65876 -47708
91384 -39662
40061 -18557
36932 67971
35942 34046
13776 15386
-69386 58243
-91372 28772
3497 -25567
-97058 58716
-23482 62167
86028 7005
-85460 -46601
-7795 68227
-63061 57134
98058 50225
-99921 -70439
6808 24903
61508 -88586
-5792 -42222
13972 -70823
-71483 50692
26927 26969
38063 69641
91268 -55406
-93122 14017
-71381 -2830
-72800 54890
93106 -41885
2118 -14681
-33480 -93943
-74986 14248
-56051 5181
-60161 -58813
-47393 67096
83913 70275
-37997 39489
67163 43435
-68743 59879
8522 36257
-37104 25897
-62698 78627
26858 34913
-64317 -41222
17111 45901
76625 -90509
24721 -39901
56352 28782
8022 3947
-87465 66491
22795 9815
51141 7409
82435 10266
89724 49820
88981 -82670
-78647 -95639
-2506 -69761
-30887 -75054
33203 5989
64286 -97164
-9718 8485
-12408 -42778
38076 -48965
69342 6113
93837 97002
7572 -313
21263 23256
-11488 -61434
-35556 -31367
-94917 5983
-26310 -15543
16523 -20028
-60756 -27228
62720 -19525
-74095 52544
-79103 -51105
-77601 -63541
39271 -69119
32138 -73187
22780 -9895
-8803 31630
-6864 61495
83127 31585
-76507 -59649
-52501 -36804
-85070 -18681
-24550 -15073
68815 -26662
24513 22670
-14192 -16365
-89683 13037
-16145 -2436
-63611 13421
14062 229
3003 37225
-15885 -16159
-67733 84346
6732 40535
-97337 -55801
59681 21398
40478 -86667
64833 -97417
98735 -38165
-14884 35943
45342 -24713
-41112 19137
-1934 672
-39760 12119
-45205 13669
-99134 15281
86452 -49442
-73400 8908
-85688 97157
-92795 -88447
-27639 -76696
28201 -33155
-2837 60230
-71153 40976
-49464 -22077
-53152 42212
83328 -98849
-47054 -10536
87604 21648
-214 84175
61767 25517
33196 -60801
-37563 -33524
-62401 93521
-39431 30296
-48265 28734
76528 17106
-29388 57377
-82844 60199
-15910 82239
22549 -53316
41320 53082
-53555 -69789
26199 57120
15368 -74423
-70494 -98286
-30088 52772
-61168 -19957
-93828 13033
-99259 -77079
-36649 10206
-32911 -48809
-4786 27525
80739 -5178
76335 81009
-86443 21768
-63071 17866
62978 12402
-85575 80825
95496 84953
35593 29199
9388 41486
51270 21618
-88643 -30721
-42671 60411
-35403 73320
2737 -8144
-97579 -51879
-757 -78206
-9136 86924
7421 -94130
8058 96229
-99409 -27842
-23104 62249
98439 59143
610 49587
60843 -31877
9406 65481
-49383 -44062
33396 78951
-25316 42585
-33150 -61132
14051 76601
16139 32991
-88294 -67578
59291 75635
76853 -45307
-25920 44741
16317 14144
-2239 48490
-75630 13741
47841 -29388
-65777 22059
-76171 57908
-84501 -47912
57353 -95874
-46675 8013
3392 42514
-5423 44867
-60925 43479
-10139 39097
37260 92650
-31555 -19194
-87453 -99470
-25329 -28920
-55291 18016
-41743 -74551
26859 75729
43778 -96877
-87198 -51594
38614 -54804
-90490 77979
-38323 16501
94187 -6699
-87362 -59971
1664 -74779
50355 -87019
15204 53904
-26575 -96115
55779 -78336
-10020 64360
13687 2909
31298 41751
90655 -1213
97420 52967
-81830 34972
-24408 -8027
-81240 7636
-37892 83282
-23738 -12181
-89833 -37562
33514 -26168
28988 -14130
34023 -85820
-94943 -71947
-93381 78875
-44731 -96686
-32218 59400
-94007 -49959
-15588 36528
-1
-1
-1
-1
-1
-1
-1
-1
-1
-1
-1
-1
-1
-1
-1
-1
-1
-1
-1
-1
-1
-1
-1
-1
-1
-1
-1
-1
-1
-1
-1
-1
-1
-1
-1
-1
-1
-1
-1
-1
-1
-1
-1
-1
-1
-1
-1
-1
-1
-1
-1
-1
-1
-1
-1
-1
-1
-1
-1
-1
-1
-1
-1
-1
-1
-1
-1
-1
-1
-1
-1
-1
-1
-1
-1
-1
-1
-1
-1
-1
-1
-1
-1
-1
-1
-1
-1
-1
-1
-1
-1
-1
-1
-1
-1
-1
-1
-1
-1
-1
-1
-1
-1
-1
-1
-1
-1
-1
-1
-1
-1
-1
-1
-1
-1
-1
-1
-1
-1
-1
-1
-1
-1
-1
-1
-1
-1
-1
-1
-1
-1
-1
-1
-1
-1
-1
-1
-1
-1
-1
-1
-1
-1
-1
-1
-1
-1
-1
-1
-1
-1
-1
-1
-1
-1
-1
-1
-1
-1
-1
-1
-1
-1
-1
-1
-1
-1
-1
-1
-1
-1
-1
-1
-1
-1
-1
-1
-1
-1
-1
-1
-1
-1
-1
-1
-1
-1
-1
-1
-1
-1
-1
-1
-1
-1
-1
-1
-1
-1
-1
-1
-1
-1
-1
-1
-1
-1
-1
-1
-1
-1
-1
-1
-1
-1
-1
-1
-1
-1
-1
-1
-1
-1
-1
-1
-1
-1
-1
-1
-1
-1
-1
-1
-1
-1
-1
-1
-1
-1
-1
-1
-1
-1
-1
-1
-1
-1
-1
-1
-1
-1
-1
-1
-1
-1
-1
-1
-1
-1
-1
-1
-1
-1
-1
-1
-1
-1
-1
-1
-1
-1
-1
-1
-1
-1
-1
-1
-1
-1
-1
-1
-1
-1
-1
-1
-1
-1
-1
-1
-1
-1
-1
-1
-1
-1
-1
-1
-1
-1
-1
-1
-1
-1
-1
-1
-1
-1
-1
-1
-1
-1
-1
-1
-1
-1
-1
-1
-1
-1
-1
-1
-1
-1
-1
-1
-1
-1
-1
-1
-1
-1
-1
-1
-1
-1
-1
-1
-1
-1
-1
-1
-1
-1
-1
-1
-1
-1
-1
-1
-1
-1
-1
-1
-1
-1
-1
-1
-1
-1
-1
-1
-1
-1
-1
-1
-1
-1
-1
-1
-1
-1
-1
-1
-1
-1
-1
-1
-1
-1
-1
-1
-1
-1
-1
-1
-1
-1
-1
-1
-1
-1
-1
-1
-1
-1
-1
-1
-1
-1
-1
-1
-1
-1
-1
-1
-1
-1
-1
