754 4843
-93493 13423
76390 99677
33178 -60310
-14894 -51747
-19572 -52435
-27 45766
16976 -13688
-48929 -28969
36793 -53411
-22161 70926
26898 14374
-51253 -19089
3456 -12718
-99672 65812
60814 -31944
-83581 -75269
84339 37640
-34470 -23269
-71737 75453
92442 -68789
-47638 -60994
10412 -41918
-53853 53641
53151 38426
28896 25300
80276 -35591
48150 -91296
20008 -86610
-36156 23287
-55587 90547
-95863 71010
89133 99967
18753 88545
-74498 72971
-38835 74164
21608 38380
-92448 51270
-85314 -52753
94135 62753
-85769 -72765
47870 -67157
-59696 -37903
-72987 94358
-93685 41101
96503 64913
-10288 34463
-88910 -48945
44486 -7132
-41210 94419
-73623 85885
-38486 -60702
-23020 45842
3528 7674
19553 2510
42916 -99442
-5280 69844
43932 64494
-36390 15076
-31704 -90690
47412 -3792
77478 70118
-19193 83014
-44277 89815
5853 70447
-49509 17506
35170 37686
67058 41829
-25878 -10348
15002 57000
-72721 23500
84339 -71373
14125 10982
23672 72540
47540 79075
-27784 39291
-82610 -79610
64513 39816
-73263 -7104
7457 59277
25263 -58747
69889 -4481
83060 -83746
95995 -97271
-16921 -61413
-96717 40414
9566 56566
82935 12865
-8657 -17486
29754 -19721
10133 -36373
29896 -48898
-34575 -70273
35713 1556
40518 -43111
-19146 -63055
-6277 4337
97748 -79832
9063 -98729
-72734 95779
35584 17911
-38688 83186
21328 48033
-93043 -70188
-23451 20971
35474 46300
-72552 -87117
-14873 865
-24658 60274
60890 15002
81841 12015
95217 -47009
22867 14994
-95948 30840
73573 -18276
63198 4048
-46363 -78291
-60485 -87862
45200 53886
26788 -38954
-67320 14427
18034 95266
-77175 -50113
93035 10475
-25320 -2226
-88412 -58578
40879 43902
13284 -84011
-8326 -44993
8560 52055
-10648 -36716
28224 -28769
-4258 -23990
37590 -78811
3389 -3882
-86902 -946
-64993 -90308
56530 -28968
20854 82855
94692 16332
-41082 19700
-69768 -27219
-33449 29181
-34180 86381
-29448 84856
93125 94219
-83879 -53804
2398 -45573
37296 20735
17295 41940
75934 -48176
95627 -78820
-55848 -42018
-8062 35317
63636 16255
50174 -35895
-98187 25871
16959 7735
93850 -28647
18642 83381
-42564 -44901
-96209 -13132
8429 -65841
-61377 78473
43247 49394
-7507 -3941
86268 38516
82903 60712
-22079 -65462
61133 63412
-64740 -57562
78959 -91091
25999 29797
-35211 -95789
70868 -30503
49697 -42183
50743 23000
-30513 -26613
-79750 15665
52893 -89079
-12304 2471
44919 -24009
21504 21666
21620 -99023
86983 -19341
-55478 -12303
82179 42326
-13119 -68339
71629 -65936
89779 -44424
47610 93567
-62644 19070
18927 -10842
84431 17215
17795 -68533
-61531 7290
90959 40121
-51266 99396
40781 -83847
-93738 73128
-42312 -58785
73814 42723
-77140 -34031
65642 -78549
-123 78280
-66513 64093
-15096 52086
93384 -97911
87561 82132
15854 48798
16357 60882
-34829 -17168
54531 -65486
25868 -17184
-34302 -38100
52093 79869
55515 -78831
19646 47627
-85717 -91714
56406 -90325
86371 47797
-96815 34258
4610 30635
95006 -66294
-44149 -67541
-84505 -76000
-69413 -43154
-99217 98092
80503 32111
58773 -81775
24897 -53524
-48739 -98583
19274 -81881
-73146 -18511
26588 11130
-66909 58102
31745 -95663
53669 -95539
-37901 97417
-52906 50240
67446 45265
-91168 -5327
82286 -1071
-28146 -91267
-84860 -33761
-77873 -18232
-59621 52929
29228 -4452
53369 69117
-90396 -72111
-23902 -59232
69989 -76479
-51518 9457
77829 2792
95554 40887
-88442 68062
68603 -34647
-2814 -59300
75395 -18209
-82625 -54183
72072 80879
7480 -69013
-50587 -99205
49634 96894
-73757 -65145
-71415 66854
59680 -77349
-28307 -85252
84981 83309
93183 50311
-36960 -23785
-74080 -18523
41138 5782
-11009 -75853
44354 -49062
-3380 -30658
26164 -24524
-75715 -6913
-99179 24403
-26363 16347
-69039 -9233
59065 86671
60529 -66906
14246 10761
76466 -89230
3988 59720
460 52430
50829 58788
-96328 21235
34225 35076
-33812 18528
9569 41570
-53773 -37591
71999 19297
37968 8692
-52763 -68749
-91443 8114
73508 -31515
75424 28039
-18662 -84242
85858 9036
-25055 88259
10910 -70000
60 8489
44767 40582
-98802 -96480
-8993 -51252
-75186 29287
-16064 71730
-90343 -26572
47246 -91457
-38857 -91578
71047 -42755
32086 64305
-56154 54344
76060 -28789
-44995 -21828
-87688 43642
-18730 -96171
67101 -57183
81447 -57748
-4973 80866
-60355 45073
86727 81309
30149 7582
33225 -42156
4453 23192
-13625 41320
-90273 84484
49827 -36074
-2887 10252
-44087 76431
-88907 -32447
-49150 71604
31636 29444
-19184 -57124
18439 61729
65733 -50386
-53204 26736
53255 28485
1238 -13907
34051 -91972
25592 76019
41487 -20484
22529 77384
66699 -83169
53719 9083
-44689 -95446
-79116 51928
7637 23152
-88741 -71822
38239 -33663
-67288 16876
-71600 26190
38944 -87711
97983 3987
-61401 47464
-46361 78382
-52632 64455
26860 30728
37435 -71738
58627 20906
4966 62226
-53718 -53250
-75016 28906
-34645 20401
42650 53510
19301 -17426
3871 -38692
59677 21537
-26326 -26574
-68244 -23776
78970 90612
97485 -86090
91863 -97722
-99148 -29139
64126 -69591
-15399 -83952
-20497 70864
-84075 54379
9149 80372
-17925 54335
6275 -32787
-40732 88905
67796 55491
9709 -96476
56361 42447
46029 -68835
37593 31485
69258 77280
-34151 29191
-72900 90611
-86235 -76120
-10452 -38209
67551 -65135
14872 24887
46587 89943
-70806 75783
4873 49494
24535 64271
-7370 -54248
-95359 -55118
68003 -51220
-45966 -33689
69925 52563
57429 -74958
-57808 54334
55619 11360
-35767 68544
1227 -70145
49761 -81856
-4893 -14001
4167 -89264
3854 86359
-38328 67854
78455 -24379
-67156 -56920
-23382 -69550
-56447 -7909
36796 -45890
-23568 61853
4453 -45869
-97816 87109
-73314 -56040
39889 27059
-49291 40667
-13350 56959
52233 55309
-86596 -87781
3826 62397
-51462 93485
-68855 -71272
-53801 -11424
-17743 -80754
31692 25585
-82735 82078
10903 -25244
26056 -40684
-41327 30155
-73747 146
95005 93674
-11327 22058
92546 29464
-82114 -32740
5323 -4615
-77021 96522
-58231 31978
-841 -66398
42298 51386
50567 -93517
77777 39099
-366 -39114
-99449 11853
-68219 -97548
-20683 -89922
40658 -8233
-72721 -14954
-54617 31963
86037 -78733
26321 63978
-50970 -18876
91414 -54528
75488 4103
-71838 -83948
-88640 -50776
37963 -40344
-21187 67506
84361 -78765
-75787 -96888
92657 -95100
84258 29396
883 -23663
-43100 -5868
92349 47665
72871 86717
35619 -70035
76829 -54276
77621 -73533
-56435 -43200
48670 -68262
-4837 -6872
81628 -68218
3329 14002
-66880 -91875
37749 -52492
-33806 18743
-87985 -69956
-19574 90330
-83936 56019
15311 -54507
38123 92794
59438 -49646
-23191 -58468
69557 47557
-16053 -5096
31851 -92063
-43468 65426
10086 12673
7854 -11551
787 -86467
-93797 33181
-35123 -9767
82032 84295
-95690 28022
95296 93022
19136 45214
-58619 85948
-57619 25083
57805 94493
50084 -63876
85329 -64541
51969 36911
-89906 -68592
31139 68194
90337 16944
88699 -95897
91439 -32118
78603 -94397
-49411 -45234
58000 -56839
56778 81596
97041 64550
-70258 -45386
93302 44097
-2740 -49955
98409 -88543
-11521 -94391
-20685 -39540
-62389 96497
-44560 17424
-93774 71236
83999 83509
26655 32389
79475 -91030
-74346 66750
-5989 11933
93066 -71873
60096 -51952
63693 73552
76591 -54313
99718 32163
-20959 -60525
-7284 1767
68314 48123
-52596 -63083
-52849 -3496
96241 -42629
-4426 47501
-31053 -66670
66961 -67429
12946 39021
-61377 31987
-19339 5642
10993 -79131
-19261 -79619
-53468 3179
-85740 97545
-81963 7718
37635 75267
73561 85116
25632 46899
-773 96776
-62359 -63754
-19799 38852
52597 -40593
-52172 -6718
-78592 -21778
3681 -82018
-9155 -33993
-38103 78941
-4231 50581
48492 59767
-9830 25484
-75063 -83497
51349 -29307
-82137 -19657
-92005 81808
-8338 19021
87269 -1153
-47975 -24046
5190 51875
60371 -16730
-40338 -30376
90169 75917
-67595 28509
41635 79410
35176 -70059
27150 -7249
-43611 -60354
85143 52339
-6583 -33081
63387 40661
99534 -69509
-57597 -52245
93478 -85134
-64151 -78907
-46617 -41185
98207 -49192
9316 -41807
63896 59854
79511 -77713
48435 80188
-2290 -19273
44610 -12511
49043 -54182
-28287 -68337
50167 -69533
-8517 -70389
-46745 -939
64902 82030
-38605 28168
20491 33131
24662 51559
76248 24434
49505 5858
16034 11194
-23616 37516
90941 -35864
48261 -36451
94294 -62363
77015 31003
-64347 84589
-14299 53605
48663 -90797
59576 -82861
85054 -30409
-42175 -45143
53981 30043
14254 63960
-97288 -51655
16016 60210
-54278 -33248
-64687 -26267
72261 70857
-51308 90083
-54252 7999
-97285 -23809
-90701 -52272
53197 88365
-82096 30526
7059 -55585
-73687 18050
5572 -88023
-17144 -74620
-46057 -68192
72569 -93713
63135 -2462
2091 38044
-89167 24082
79191 76126
88739 -37968
-71935 51719
85048 -95138
61857 -6436
-91909 -34046
-13500 -5548
71750 74363
106 8504
41930 80829
-55146 -13988
-59766 54964
35075 -99482
98509 -4218
70272 11523
-6653 -61756
-50513 -21094
-87550 -55722
-99074 28232
-9148 -85994
82352 -6676
-14462 31325
91517 87728
52036 -7468
-83654 20990
-78043 93759
22042 -84416
-92758 45973
-80892 -57654
-84896 -70953
57787 -40051
83312 62569
-44306 -80091
99488 42856
-18431 -559
-97729 -19338
46198 72539
82681 10892
-19635 -96751
84629 -92919
-96947 -27976
-15188 64672
30129 40837
-79279 -70561
-95432 82822
22250 -80479
59445 -88931
24238 -49032
91301 89779
-21799 13148
22017 -85401
71193 75592
40781 30918
61570 -73589
-93580 -20081
-17022 27857
37393 -79268
-39026 55600
24932 86748
-76710 -99754
-97517 -94426
18877 -70699
-36679 48241
-38541 76327
-44671 -25339
-51630 79988
75066 -17639
71952 30914
60754 -27432
89411 -28606
61621 -8463
60563 -91311
42334 -99485
-93328 57908
-25613 -80156
71854 66515
15283 -89210
28025 -37993
-26643 18702
-37021 -51799
67917 -73560
-99728 502
53067 79532
82095 18560
-68101 98703
89286 -43707
91492 88568
-3471 83537
-78390 -2220
-26638 -67252
64773 -99669
-23844 61669
4610 42044
47906 -51493
-99250 83504
9962 60039
53794 -97559
6213 -40535
35039 -72812
90170 -75804
65957 81507
67382 99676
-35907 -5619
24722 64644
54808 -51671
-67369 -21361
-97978 -48838
-47025 65470
-1
-1
-1
-1
-1
-1
-1
-1
-1
-1
-1
-1
-1
-1
-1
-1
-1
-1
-1
-1
-1
-1
-1
-1
-1
-1
-1
-1
-1
-1
-1
-1
-1
-1
-1
-1
-1
-1
-1
-1
-1
-1
-1
-1
-1
-1
-1
-1
-1
-1
-1
-1
-1
-1
-1
-1
-1
-1
-1
-1
-1
-1
-1
-1
-1
-1
-1
-1
-1
-1
-1
-1
-1
-1
-1
-1
-1
-1
-1
-1
-1
-1
-1
-1
-1
-1
-1
-1
-1
-1
-1
-1
-1
-1
-1
-1
-1
-1
-1
-1
-1
-1
-1
-1
-1
-1
-1
-1
-1
-1
-1
-1
-1
-1
-1
-1
-1
-1
-1
-1
-1
-1
-1
-1
-1
-1
-1
-1
-1
-1
-1
-1
-1
-1
-1
-1
-1
-1
-1
-1
-1
-1
-1
-1
-1
-1
-1
-1
-1
-1
-1
-1
-1
-1
-1
-1
-1
-1
-1
-1
-1
-1
-1
-1
-1
-1
-1
-1
-1
-1
-1
-1
-1
-1
-1
-1
-1
-1
-1
-1
-1
-1
-1
-1
-1
-1
-1
-1
-1
-1
-1
-1
-1
-1
-1
-1
-1
-1
-1
-1
-1
-1
-1
-1
-1
-1
-1
-1
-1
-1
-1
-1
-1
-1
-1
-1
-1
-1
-1
-1
-1
-1
-1
-1
-1
-1
-1
-1
-1
-1
-1
-1
-1
-1
-1
-1
-1
-1
-1
-1
-1
-1
-1
-1
-1
-1
-1
-1
-1
-1
-1
-1
-1
-1
-1
-1
-1
-1
-1
-1
-1
-1
-1
-1
-1
-1
-1
-1
-1
-1
-1
-1
-1
-1
-1
-1
-1
-1
-1
-1
-1
-1
-1
-1
-1
-1
-1
-1
-1
-1
-1
-1
-1
-1
-1
-1
-1
-1
-1
-1
-1
-1
-1
-1
-1
-1
-1
-1
-1
-1
-1
-1
-1
-1
-1
-1
-1
-1
-1
-1
-1
-1
-1
-1
-1
-1
-1
-1
-1
-1
-1
-1
-1
-1
-1
-1
-1
-1
-1
-1
-1
-1
-1
-1
-1
-1
-1
-1
-1
-1
-1
-1
-1
-1
-1
-1
-1
-1
-1
-1
-1
-1
-1
-1
-1
-1
-1
-1
-1
-1
-1
-1
-1
-1
-1
-1
-1
-1
-1
-1
-1
-1
-1
-1
-1
-1
-1
-1
-1
-1
-1
-1
-1
-1
-1
-1
-1
-1
-1
-1
-1
-1
-1
-1
-1
-1
-1
-1
-1
-1
-1
-1
-1
-1
-1
-1
-1
-1
-1
-1
-1
-1
-1
-1
-1
-1
-1
-1
-1
-1
-1
-1
-1
-1
-1
-1
-1
-1
-1
-1
-1
-1
-1
-1
-1
-1
-1
-1
-1
-1
-1
-1
-1
-1
-1
-1
-1
-1
-1
-1
-1
-1
-1
-1
-1
-1
-1
-1
-1
-1
-1
-1
-1
-1
-1
-1
-1
-1
-1
-1
-1
-1
-1
-1
-1
-1
-1
-1
-1
-1
-1
-1
-1
-1
-1
-1
-1
-1
-1
-1
-1
-1
-1
-1
-1
-1
-1
-1
-1
-1
-1
-1
-1
-1
-1
-1
-1
-1
-1
-1
-1
-1
-1
-1
-1
-1
-1
-1
-1
-1
-1
-1
-1
-1
-1
-1
-1
-1
-1
-1
-1
-1
-1
-1
-1
-1
-1
-1
-1
-1
-1
-1
-1
-1
-1
-1
-1
-1
-1
-1
-1
-1
-1
-1
-1
-1
-1
-1
-1
-1
-1
-1
-1
-1
-1
-1
-1
-1
-1
-1
-1
-1
-1
-1
-1
-1
-1
-1
-1
-1
-1
-1
-1
-1
-1
-1
-1
-1
-1
-1
-1
-1
-1
-1
-1
-1
-1
-1
-1
-1
-1
-1
-1
-1
-1
-1
-1
-1
-1
-1
-1
-1
-1
-1
-1
-1
-1
-1
-1
-1
-1
-1
-1
-1
-1
-1
-1
-1
-1
-1
-1
-1
-1
-1
-1
-1
-1
-1
-1
-1
-1
-1
-1
-1
-1
-1
-1
-1
-1
-1
-1
-1
-1
-1
-1
-1
-1
-1
-1
-1
-1
-1
-1
-1
-1
-1
-1
-1
-1
-1
-1
-1
-1
-1
-1
-1
-1
-1
-1
-1
-1
-1
-1
-1
-1
-1
-1
-1
-1
-1
-1
-1
-1
-1
-1
-1
-1
-1
-1
-1
-1
-1
-1
-1
-1
-1
-1
-1
-1
-1
-1
-1
-1
-1
-1
-1
-1
-1
-1
-1
-1
-1
-1
-1
-1
-1
-1
-1
-1
-1
-1
-1
-1
-1
-1
-1
-1
-1
-1
-1
-1
-1
-1
-1
