440 14
52721 24149
76670 330
-88366 -8694
-52069 -70730
1166 -56410
36809 -75047
-78868 -91391
16095 86836
36566 82249
-77423 -64094
-51052 -46561
-68218 -49403
31371 -15872
48620 40285
17867 39263
24084 -14786
-26012 -97911
-95470 -36030
26076 -17592
77462 -64170
96166 -56411
-13678 -57933
84598 14402
-62046 -40258
7351 82289
-16928 -26710
52583 -32983
-30556 46784
-18348 -45027
68382 44895
-50460 -89144
16612 59523
97905 -6067
-68000 51511
84827 -21365
76200 -31433
-78687 71841
-72999 -10876
-89519 -48091
57804 38739
-48217 -86052
58826 41706
-73492 99441
73975 -61042
30946 88955
83428 61623
77961 -95688
8416 -49017
-73799 76077
88966 33844
55280 41022
-68469 -18220
-92228 4062
-1867 86795
-14710 60999
28884 -2147
23069 -10159
-14449 22106
90975 -56280
80207 75830
80209 24581
75738 -2967
-86762 21177
86503 -58711
46270 -92696
-4781 4488
25842 -47107
-21626 44367
88400 58671
-83677 28512
9306 53289
266 -44130
-76790 -83362
66425 29043
57338 21477
60191 10064
-56377 56186
-50283 32326
-48167 32798
-47758 -69062
-99956 63226
-6031 31662
58698 -77496
-80734 99628
-47287 25500
61717 50263
595 28384
68921 41095
-72572 35976
-59612 70926
88805 -87795
-45559 20396
-14288 55288
-28638 48469
93473 19466
-25086 91055
12979 69262
-489 -5618
-28131 59930
-42908 20009
83512 -45300
93577 -83369
51487 58316
9571 -94006
38912 37297
-35097 16482
-84890 79719
13048 -49578
47897 -44705
62696 24540
-41961 -32022
-49322 46655
-85768 -96296
7574 -96115
62386 11272
12183 31868
-58513 -50005
51894 30821
-63017 93627
-10396 72413
22278 46992
48812 -85258
-94399 -28009
13126 -38570
29409 23729
76667 56515
11561 -40395
75719 -31451
46499 -53135
88801 92639
-24867 -63448
56071 40397
-43928 27915
-76319 -49804
-38763 -42352
-60201 52110
-87674 38841
75541 -69499
-8166 47113
605 45617
96197 73323
44662 25048
1499 -70408
-79562 -29014
12370 -91357
48155 -29350
-92688 62122
-37222 17943
-33787 66985
-50603 4041
47562 51774
13119 -61739
-52591 -95619
-6469 24916
68337 62918
-99924 -89425
65077 -41683
-6053 67433
-5983 21806
53074 -6244
-91285 -66042
17819 -73766
-84187 -3268
18023 92236
-21721 24805
-22236 68032
7661 -93668
-74986 -56969
-8968 -44493
-81655 -54726
-71224 -29954
16780 -43450
-5832 3724
48892 -15862
-71629 -80877
51365 64367
-9650 51239
61734 91991
-81554 -77600
98598 -5461
-13120 -16601
-7718 -79566
-76760 -91029
-11961 88403
62904 -15690
69418 -61260
-32569 75426
27845 42997
22509 26255
-83233 36656
-82321 58324
-1311 21457
-83460 -56184
20843 65322
-32885 -63481
64766 90648
-23699 -4406
45397 45518
-63408 69630
-66806 -62050
-40791 91167
91468 86169
-42392 83247
-98906 -43827
-57479 -42482
-59424 -31179
1454 81568
40878 17827
-43248 -92603
-48700 -25654
19502 43885
251 -61327
6447 20939
56821 68804
49224 -77988
52180 -44032
-33615 -8002
45004 18374
2946 20401
32604 77307
41276 -82157
-44131 -40434
-6527 -39682
2071 -54976
75199 3663
-31702 -36862
-4569 -82114
67373 -60861
13856 14883
-43327 -10274
66277 26259
-9537 92570
75477 72336
-93410 71788
-22025 -13469
82567 84316
35592 -79359
-79616 -90741
18346 8082
52914 -16105
52007 52302
-57470 19927
57760 22386
-83048 91757
80868 -46856
33167 57247
15334 -32579
-84018 45626
35346 96666
37671 7639
-94817 -47973
-49044 -54443
-46953 -63970
-52158 -69358
32283 -83971
-47728 94928
13405 75639
22767 98150
-96018 96599
62088 17294
17349 -30763
95062 93294
-30518 -29457
16092 -59741
-31123 37559
36887 -16372
-63402 -99181
-90325 2277
10363 -72181
-59164 4894
-78349 30171
28000 30583
-79491 46794
32135 93076
-16840 49453
-4517 75962
14982 18214
-72400 -84179
-55319 90477
59120 -87240
-68953 -46789
-4659 -20235
46442 81567
-84306 -7709
35525 -31699
-46027 47588
-89854 32222
32512 -65411
-53082 62738
8992 33442
37322 -47818
-50355 54746
5849 -34367
24264 -90513
-35542 67026
48224 -19641
28480 22588
24705 61491
19819 20398
-93435 -44210
92468 11705
-67505 86389
17579 11536
-52230 83595
-81128 16511
3053 -26306
-50079 23394
-1316 55488
63899 1953
77006 32268
82257 1982
-81178 -46606
-8030 -75981
15468 -63400
-2553 -90419
62740 96943
66950 -5272
-86264 90140
63027 55069
-9158 81439
57503 97625
33719 42881
-35767 -72565
45803 -21560
-13934 -31625
-69091 28100
-23015 -17094
-96677 31620
4742 41873
45534 21828
83267 34817
59980 -11898
57441 -59460
-162 27225
-41788 75412
-13601 77016
69282 -53205
46110 95357
70016 -32254
81908 79830
66120 -89810
58302 -31095
-76879 33059
14270 6469
42199 7279
-98552 -67524
64213 -35993
-70897 27547
48905 -42574
23637 -22942
-53502 -96173
46116 34802
-29381 95018
55950 5037
-23923 -83038
54637 3546
-98554 32862
90591 34436
86045 -71837
-16102 17303
1775 79411
14091 -12294
94802 -2665
97561 39356
-89175 43393
80225 -54803
-11996 -90340
-16744 98051
-53407 32254
-27445 -84982
4351 -90115
-11710 -29411
56177 85128
20233 37253
-11148 17160
1195 84204
92765 -68709
85951 -62707
-64136 75865
40506 74012
-48278 17724
62052 -47470
-50318 -29054
-59865 -37492
-31439 93144
-79660 -78858
97825 -98169
82217 87065
-57759 38102
-65325 -6683
17037 -60680
51201 28303
-59783 -86394
-88819 -38327
64169 56493
-44716 66864
10355 33174
-11263 37869
-703 -3530
-15375 1320
-53238 -72189
70109 -32368
-33602 -51677
8920 30104
31475 89333
28390 -36055
-38834 -44809
-52681 -16973
21907 86607
-64018 35683
91093 49250
31201 -96134
63202 -15588
61271 76211
-73376 77655
-92712 43302
69180 -71709
-99532 85445
-96830 -73485
-57532 90720
52714 -3556
43257 64509
91988 67937
-329 21636
38006 -22845
-13417 31277
-76533 56512
-59450 58250
-93861 73277
21946 80127
31208 26539
-96192 7637
-28261 -8064
23101 -33022
69009 -34017
-72753 -96439
-76081 90779
58846 21110
3051 -2105
-49628 5755
88019 25949
-86195 -8150
-1
-1
-1
-1
-1
-1
-1
-1
-1
-1
-1
-1
-1
-1
-1
-1
-1
-1
-1
-1
-1
-1
-1
-1
-1
-1
-1
-1
-1
-1
-1
-1
-1
-1
-1
-1
-1
-1
-1
-1
-1
-1
-1
-1
-1
-1
-1
-1
-1
-1
-1
-1
-1
-1
-1
-1
-1
-1
-1
-1
-1
-1
-1
-1
-1
-1
-1
-1
-1
-1
-1
-1
-1
-1
-1
-1
-1
-1
-1
-1
-1
-1
-1
-1
-1
-1
-1
-1
-1
-1
-1
-1
-1
-1
-1
-1
-1
-1
-1
-1
-1
-1
-1
-1
-1
-1
-1
-1
-1
-1
-1
-1
-1
-1
-1
-1
-1
-1
-1
-1
-1
-1
-1
-1
-1
-1
-1
-1
-1
-1
-1
-1
-1
-1
-1
-1
-1
-1
-1
-1
-1
-1
-1
-1
-1
-1
-1
-1
-1
-1
-1
-1
-1
-1
-1
-1
-1
-1
-1
-1
-1
-1
-1
-1
-1
-1
-1
-1
-1
-1
-1
-1
-1
-1
-1
-1
-1
-1
-1
-1
-1
-1
-1
-1
-1
-1
-1
-1
-1
-1
-1
-1
-1
-1
-1
-1
-1
-1
-1
-1
-1
-1
-1
-1
-1
-1
-1
-1
-1
-1
-1
-1
-1
-1
-1
-1
-1
-1
-1
-1
-1
-1
-1
-1
-1
-1
-1
-1
-1
-1
-1
-1
-1
-1
-1
-1
-1
-1
-1
-1
-1
-1
-1
-1
-1
-1
-1
-1
-1
-1
-1
-1
-1
-1
-1
-1
-1
-1
-1
-1
-1
-1
-1
-1
-1
-1
-1
-1
-1
-1
-1
-1
-1
-1
-1
-1
-1
-1
-1
-1
-1
-1
-1
-1
-1
-1
-1
-1
-1
-1
-1
-1
-1
-1
-1
-1
-1
-1
-1
-1
-1
-1
-1
-1
-1
-1
-1
-1
-1
-1
-1
-1
-1
-1
-1
-1
-1
-1
-1
-1
-1
-1
-1
-1
-1
-1
-1
-1
-1
-1
-1
-1
-1
-1
-1
-1
-1
-1
-1
-1
-1
-1
-1
-1
-1
-1
-1
-1
-1
-1
-1
-1
-1
-1
-1
-1
-1
-1
-1
-1
-1
-1
-1
-1
-1
-1
-1
-1
-1
-1
-1
-1
-1
-1
-1
-1
-1
-1
-1
-1
-1
-1
-1
-1
-1
-1
-1
-1
-1
-1
-1
-1
-1
-1
-1
-1
-1
-1
-1
-1
-1
-1
-1
-1
-1
-1
-1
-1
-1
-1
-1
-1
-1
-1
-1
-1
-1
-1
-1
-1
-1
-1
-1
-1
-1
-1
-1
-1
-1
-1
-1
-1
-1
-1
-1
-1
-1
-1
-1
-1
