443 4765
51918 -54870
65747 -25797
-64770 -42502
24030 -56346
-67523 -62421
-62314 7247
83643 16415
21748 -88658
-27700 6152
-77392 -24564
-98768 -38860
29421 -65270
58302 80180
-99952 -11846
37598 -19606
-86435 37546
63448 55893
-33659 1825
-14823 68864
-25434 34512
-4839 -30388
-73514 43688
18263 50828
32283 15582
87480 79967
-55266 -4919
26281 -12796
-65510 34988
-39283 -67060
36951 -78339
26941 54633
-17379 98309
77492 61089
-91822 -87458
17313 -97866
15451 -80715
-98780 77857
-67331 -95299
27655 28309
-93247 -34051
84411 72473
-17258 46565
77429 43103
-86416 64621
40074 62934
50851 -80415
96051 82895
80989 -18943
33240 -36868
-97016 -3282
-10110 -7172
-97579 -44712
22045 -1531
18876 -63248
37028 59430
-69842 88040
-9244 -57115
77436 -40414
87458 -29416
76325 69029
-16947 -50226
-9795 -35284
-27045 99560
-59192 -71990
88930 -79607
68481 -578
78013 80496
-46477 -28815
44384 47235
-69436 25990
97591 96348
37231 -73490
77514 -16716
-58197 3080
24409 99414
-61702 -97295
-20577 -78548
58086 20872
81510 -17662
-2069 90832
-4385 80285
-7618 48122
11968 -48035
35096 -78981
69014 -12914
7735 61958
-76608 97149
-96507 -53533
-3613 6175
-34614 -77954
11793 44057
-44418 -62891
31014 62636
90075 73906
-27563 -77635
-54577 -59375
66083 -72323
-88058 51569
50307 71062
61337 64920
52641 -64967
62799 -78296
-29617 -2275
88293 31477
-60085 8149
9985 -33727
-7179 17948
-5769 -57619
9685 17213
99715 16143
-52108 99913
1059 -70354
-76901 -24827
15531 53051
-31551 -2896
92957 -2880
-71061 93295
98030 -50203
62273 -42144
79788 -78396
-57761 -81731
95004 84064
-17964 86972
5424 -17779
11077 -32891
-66891 -25082
-88771 73171
67886 12535
-88908 21905
-55458 -83864
24851 1612
-83137 -4564
-79061 -10220
45117 -89052
-59838 40554
4494 -77617
34949 -74938
-20670 -81617
-69001 -12109
14803 -10929
42766 -13674
68638 -58968
-17725 87101
5098 -17991
49325 7320
-39085 87783
85067 28461
-46869 50897
-15968 -39533
92546 97431
57425 -10045
-95107 92303
-23034 96957
-46186 15875
21205 14999
8796 -6545
-52350 -18915
44241 69870
-73673 81169
-16694 -98473
66010 88302
-27931 24589
-65044 -27246
10296 -88821
-53151 91858
-4494 -71969
-88074 -66597
-27497 -20766
49379 43377
9330 -20510
754 45728
1810 -38151
-16054 -83007
-4252 -18595
15651 77201
32895 -67092
55295 20230
-9420 -41288
6450 -57672
17340 -59932
-90468 -11865
31400 3639
3584 -6682
279 -17764
-65623 -13711
76868 97842
38791 80555
77122 -29228
15080 -52402
-94629 50633
-11727 88076
-33014 -78193
67059 -63754
-90831 55309
-35406 29495
36753 -65582
-61773 35367
-11404 65012
-84934 -7575
-46348 43328
-22990 -35159
59128 -3293
-79222 73141
-18002 -26294
-3584 -79347
-58548 -67450
-37928 64838
27147 84959
39086 13167
-58388 -9820
40429 -38272
26021 91459
-75727 16447
70539 56919
40977 70258
-13534 18520
98749 -87405
79175 -29079
-62715 97323
-55965 -73294
32375 -62114
2041 99328
74506 -90136
-177 -612
-73244 -68301
-82342 68110
43340 -1636
-83323 -51569
-72131 -17061
-13190 -45523
-56270 -46879
20671 -10322
54332 -13278
-10371 -18596
-3639 390
62329 1976
-21166 38359
45564 -53496
-86676 30097
-67126 -52602
-96654 93355
43517 82414
-15855 -54215
-98633 2172
50173 65903
80761 86792
-36631 -46595
6162 94002
-73682 71197
-11927 -4964
-8542 -60551
-13394 -36710
83718 -1056
71039 -16072
30506 84541
-23105 -13315
71472 -91751
-55844 -33375
84034 41016
53658 -52201
-56981 -78701
68900 -55621
93370 74258
-78448 -3224
74100 22182
-46108 -74815
99568 -59524
-65598 33694
35541 70766
-48134 -73297
-47222 -75062
-5845 -42280
32061 -45271
-48459 7480
-44147 -92461
-21384 -99571
-3610 26589
56772 55566
83970 -32225
60740 -64801
-61618 -66690
26355 70404
-20068 71140
46459 18514
6926 -88144
64611 39707
20611 -59952
48073 84364
90471 -38123
48632 -40230
-54533 -992
76066 51760
87668 -7372
66077 66476
-32857 53662
-64924 -15680
83051 -81493
-21848 -45804
-64885 -33264
-79150 15816
44677 -54412
-73397 -60454
-70323 -21664
20291 -20863
45616 -95077
20415 42036
54836 66268
49825 50317
-47096 37768
50690 4135
-22585 -36897
-26007 -25535
-46012 -51522
92093 19325
87749 63291
-92102 62561
44404 93846
-2082 -42591
31379 -47261
-35281 -59887
56508 -86820
-84011 77182
-34162 38846
74163 -48406
-27074 19398
-61713 95190
-92975 83614
70838 18637
-25570 66587
-12343 -42916
-78742 -30642
-16720 70500
-34875 51742
16720 -8165
55172 -39843
-22100 49026
52745 -26607
-39310 -70272
52892 34462
-4816 -25762
-31476 15719
-44541 -96474
-4955 -90898
-32492 -5255
82272 -72786
-56847 -84511
-52011 -46929
-44459 -51700
-87065 39672
73271 74393
-68077 -36993
78340 -79702
33843 -82131
-16983 96615
15041 82843
-24688 94783
51658 -47734
-5878 93221
-29284 4487
-83168 30783
25922 -95962
21781 59447
19932 54980
-32860 3190
-57847 -62769
31885 -46490
-68566 -11317
58057 -95474
21534 -90223
54640 7848
-32064 80048
-77160 -17869
-35673 27747
-14044 -25626
67678 18973
-10309 11048
-75967 -63838
28737 -60791
-74903 99268
89908 11644
15364 -24595
62560 50842
-3318 -32656
-11118 30029
-86213 63408
-78209 -34559
97877 -3908
-18943 -83667
-77158 12078
-85514 -70287
-24911 -80493
82155 -98492
10184 54122
-71855 83688
73267 -70093
-1475 42061
-75731 -72097
-66890 87752
87161 -42738
87338 -23009
-22120 69041
-18025 66315
-72624 51218
-80451 53503
-89658 41010
29026 -25608
-14537 -16783
-75460 -63877
-74083 -55237
-50011 67515
78774 55736
-80115 -69882
89801 26384
44009 -14463
-9676 -69695
9288 -373
21544 5735
-98294 -87612
-52180 98572
-72495 -99419
12136 -28101
53626 -53995
82096 -22145
-91304 31538
46203 36448
79247 50003
69385 56993
52453 684
34251 49406
75581 -25800
29673 -17897
-31805 -76992
65041 -86003
-10247 -43480
-25953 -88520
-87344 -3051
-61937 -83750
70374 93140
-72883 37044
-68186 11244
-64449 98833
85723 2494
76000 21737
48206 92730
23789 27186
-1
-1
-1
-1
-1
-1
-1
-1
-1
-1
-1
-1
-1
-1
-1
-1
-1
-1
-1
-1
-1
-1
-1
-1
-1
-1
-1
-1
-1
-1
-1
-1
-1
-1
-1
-1
-1
-1
-1
-1
-1
-1
-1
-1
-1
-1
-1
-1
-1
-1
-1
-1
-1
-1
-1
-1
-1
-1
-1
-1
-1
-1
-1
-1
-1
-1
-1
-1
-1
-1
-1
-1
-1
-1
-1
-1
-1
-1
-1
-1
-1
-1
-1
-1
-1
-1
-1
-1
-1
-1
-1
-1
-1
-1
-1
-1
-1
-1
-1
-1
-1
-1
-1
-1
-1
-1
-1
-1
-1
-1
-1
-1
-1
-1
-1
-1
-1
-1
-1
-1
-1
-1
-1
-1
-1
-1
-1
-1
-1
-1
-1
-1
-1
-1
-1
-1
-1
-1
-1
-1
-1
-1
-1
-1
-1
-1
-1
-1
-1
-1
-1
-1
-1
-1
-1
-1
-1
-1
-1
-1
-1
-1
-1
-1
-1
-1
-1
-1
-1
-1
-1
-1
-1
-1
-1
-1
-1
-1
-1
-1
-1
-1
-1
-1
-1
-1
-1
-1
-1
-1
-1
-1
-1
-1
-1
-1
-1
-1
-1
-1
-1
-1
-1
-1
-1
-1
-1
-1
-1
-1
-1
-1
-1
-1
-1
-1
-1
-1
-1
-1
-1
-1
-1
-1
-1
-1
-1
-1
-1
-1
-1
-1
-1
-1
-1
-1
-1
-1
-1
-1
-1
-1
-1
-1
-1
-1
-1
-1
-1
-1
-1
-1
-1
-1
-1
-1
-1
-1
-1
-1
-1
-1
-1
-1
-1
-1
-1
-1
-1
-1
-1
-1
-1
-1
-1
-1
-1
-1
-1
-1
-1
-1
-1
-1
-1
-1
-1
-1
-1
-1
-1
-1
-1
-1
-1
-1
-1
-1
-1
-1
-1
-1
-1
-1
-1
-1
-1
-1
-1
-1
-1
-1
-1
-1
-1
-1
-1
-1
-1
-1
-1
-1
-1
-1
-1
-1
-1
-1
-1
-1
-1
-1
-1
-1
-1
-1
-1
-1
-1
-1
-1
-1
-1
-1
-1
-1
-1
-1
-1
-1
-1
-1
-1
-1
-1
-1
-1
-1
-1
-1
-1
-1
-1
-1
-1
-1
-1
-1
-1
-1
-1
-1
-1
-1
-1
-1
-1
-1
-1
-1
-1
-1
-1
-1
-1
-1
-1
-1
-1
-1
-1
-1
-1
-1
-1
-1
-1
-1
-1
-1
-1
-1
-1
-1
-1
-1
-1
-1
-1
-1
-1
-1
-1
-1
-1
-1
-1
-1
-1
-1
-1
-1
-1
-1
-1
-1
-1
-1
-1
-1
-1
-1
-1
-1
-1
-1
-1
-1
-1
-1
-1
-1
-1
