659 7723
-34654 -83461
-71318 435
16146 -84503
39538 -99167
97338 64201
30014 54826
-55055 94813
4575 -83083
71328 96119
9551 -67315
55601 -18569
-90211 79919
-25240 25904
34838 16284
47227 11116
90019 21444
6853 37137
91786 50392
-26834 -50657
-99834 7969
-69436 -20791
12057 82879
-41412 -7579
4259 52610
12017 31084
20971 -23095
26269 -35428
88980 33273
91816 20602
-83430 -34977
37707 -33115
76153 31931
71703 -46594
-46636 -82465
-64915 13568
85067 -60959
-40179 98194
-55090 -7146
-1897 -75233
51634 -15884
-90704 -70425
-52715 38556
18699 -45301
-78520 86954
-49253 11159
58631 7076
-68547 17037
-49757 18457
-17487 -75292
13898 68758
-95166 -34691
24647 -42059
2312 -34415
34202 -89974
79245 -97247
-18241 -97974
14620 -29194
-98475 75827
4764 -54867
-87115 10942
-9420 11625
-58926 -71881
-33342 -77047
-49190 76319
-71388 16483
-5403 -826
-39442 -67652
-90349 -69902
-23757 -41530
-15731 53268
-69293 -91268
58859 77673
41690 27390
-24381 -21587
-65120 -10966
42323 98209
-5621 56422
64654 -14542
-63342 6237
61523 -61420
-78363 68655
-64329 42958
-41628 -40520
73267 -29356
-38285 3157
-79911 90895
-32149 -20185
33109 5419
22209 87374
-71257 28001
79136 -70955
18939 24833
-55429 -53031
-18410 -11380
21102 -79912
57139 21414
-34410 21499
59616 72448
46734 75712
55409 -65284
68508 29276
72084 26966
27822 14441
-74526 657
-1659 -71808
88378 -46429
20228 7244
-65043 -49811
-44470 -40934
95284 52609
-38752 64332
27178 -79570
-49182 9249
-20398 4031
-57759 58476
-88079 -55959
622 97721
-12344 -65830
6929 -2619
78083 -85318
90645 4310
-23304 97247
-25657 -78573
-82116 -25344
-90753 -76472
33840 -17089
40294 70824
96915 -58577
90658 -71122
11336 36658
-13756 -87164
56049 -47541
2165 17214
-30235 -97799
-6509 -42261
41264 94470
-84673 98209
-3284 37367
-12453 -71526
98333 58894
36119 3453
57197 -27542
-8801 -2582
-82249 -18496
-77487 -33624
-45960 -95290
-57332 81312
-81092 71924
98659 -20861
-69074 12802
89509 -16803
-40844 80466
75561 90686
-30532 -88636
-99853 -44560
54605 -7546
-47398 -10724
-95195 -67816
-10132 -53547
6457 -48345
17652 -53688
84351 79035
-89539 -15452
-67636 -56739
-876 27529
28630 -50282
-2291 32492
13401 34024
58529 -61709
92349 41069
-75870 -50774
-28119 -66850
48882 -21477
-14471 -15275
70963 -68414
36395 -94190
-60770 8650
-96422 -92795
45909 -51920
22952 -23673
-30013 37217
-31317 45377
69173 -3582
30114 -91330
39707 36919
8639 -34108
33820 59115
-29127 -76314
6937 63793
60616 -90388
62005 -14665
-82306 30839
-55173 74701
20009 -48712
58100 -38080
-53233 -45479
42437 84612
-54317 96525
41770 13530
55924 -8160
67469 49029
62967 44239
-19869 -58290
-93355 22903
41223 -32435
-23834 88718
-66324 2179
72678 -80873
-30196 19345
-37481 -8693
-8424 42416
-77 -52108
71658 9103
40810 -26566
-76512 32689
46494 1952
75199 -54904
29525 33002
25248 -89910
-79700 21512
-40034 68497
53647 71683
61434 -57637
-84746 13829
93145 97642
55185 33335
189 53215
-76867 -7171
17769 65229
51525 -37663
-25138 89694
36149 56717
11553 -18894
88706 -85098
-13918 -6284
-38458 43227
-24747 56927
42175 91888
41136 8509
-55265 79377
80076 -26154
36183 21245
21896 -85720
79452 -35832
74263 85760
55047 3570
25881 33205
-57329 -37854
1544 77020
-62973 25441
79622 81355
33880 73279
57186 77175
-40628 73388
-47043 66503
78488 -98013
58809 -2190
13177 44957
-87144 -53371
-94161 -98133
-83051 -89566
-49583 -66032
-8322 79869
78401 -66376
60044 -75678
74696 -47711
15955 -30238
-4077 -64029
64726 3342
-97928 32743
82941 43049
80107 96432
79219 -22028
-20731 19712
95563 8678
13592 13679
62058 -56113
40941 -27394
-68922 -66956
9768 -21919
-87687 6537
-8305 -38224
-96419 -85336
50153 -87102
73770 -49779
-78966 35247
-47136 -24942
76532 2064
-45442 -70707
82653 53794
-46470 -6359
-75735 91311
81584 50899
-54973 -80371
16128 80304
-37522 -60343
-65926 94901
14607 94399
98801 71449
51996 -48366
29251 22597
-55458 68173
71322 -48435
-63739 -67097
-96230 80756
-53262 -9848
-49688 -10159
-21769 42246
-45186 -21180
-42702 -12858
-60250 -42980
-45585 -72495
-998 15393
-79357 45098
76741 -51507
20867 -68188
-31686 -70731
-1305 87429
-57988 29368
-55594 -65150
34721 79217
-94699 35075
73818 19820
77710 -70555
-73938 57436
57795 68315
-15257 -39203
13439 33321
-74229 28105
69803 -28394
58558 -93996
-79412 8204
32098 -48910
-94360 -28902
-42590 70037
-75857 91342
43723 64585
-54923 -74334
-26640 -13449
-21572 12459
-32295 57019
-46615 66368
58181 -42025
-66442 14370
-93948 6567
-15840 -6248
91733 -38165
33283 -96394
-29078 -72640
29267 -35630
45459 14789
20049 81777
-45071 -17411
-63872 47075
-50875 75782
-91792 31193
85957 48998
-91687 -16128
-3127 39324
-69139 40626
47813 -62301
-43682 -59194
25773 89082
-68838 81105
11931 -58750
28441 -97824
-87367 9118
-3821 -52694
37325 -94539
7688 -81841
1160 -13171
95960 91105
63972 -99201
5922 42189
55005 -36702
20380 -11775
-93147 -23965
61051 77683
87856 -65550
-35429 -24455
-59188 -83815
-60516 4061
50376 -1874
-25936 -97466
-48152 -23377
-87550 54485
-96624 -24149
-11816 83910
-74950 55275
-2600 -5162
14991 -102
56503 15886
-2931 -18841
-58680 -80939
62151 -60301
10533 -79737
24064 -78998
-99944 -3313
31932 56361
-69228 35611
50953 15165
99830 51131
76087 80626
6413 1717
99000 55894
-35126 -79959
56805 -36965
24208 -33323
28073 -93741
82954 -47434
53699 -2094
49162 9519
-18622 -52133
48440 -921
80408 -44535
-25424 -51027
80881 -33216
-79725 -96338
91011 -29961
71144 -22955
-86946 5240
-53873 -27482
-18688 -13117
-30030 -27758
64996 -52078
-3668 -10989
99156 89981
26108 27178
70448 76705
62535 95059
-93032 71410
-38581 -36454
-6964 15504
34077 -61518
-7617 2136
-88412 -34274
86407 -17190
-43479 -5481
-97009 58143
-11386 -69589
97700 -29040
-72654 42310
50583 64438
-35461 -35671
45444 4226
-67550 84504
-12425 96280
-13518 -14261
-83519 21740
-69415 72116
28154 11567
-52885 99837
-75682 -61095
-240 9506
-76232 38483
4242 -66975
69630 -2683
-5233 54341
1351 -61592
-74042 43001
23408 34740
56820 -44423
-85054 96889
4792 33102
-68720 -56723
-51808 67133
6969 45451
7997 34405
89424 -47976
42805 -34302
-27324 85277
-81894 43220
78602 -98219
-8178 73879
14083 52140
-85342 60506
35523 -61770
-80655 37855
-37034 98520
65784 9958
53435 51551
71915 34516
28064 -60318
-42549 17391
-66489 -37009
2025 -35280
-96452 -28457
-52596 -50863
-67649 58109
72178 31358
-61271 -52598
-22604 -4041
41412 -4710
-13752 52245
-50737 66186
-12966 -46360
92192 -96907
96859 -6469
75917 5798
68495 -50740
63064 -35463
-11328 84114
-80562 46244
-26036 -11834
99465 -52914
-28209 15524
9277 74804
73524 -53690
20196 91493
-15660 -63883
52661 -77472
-52158 -30945
-25792 94671
83104 76249
82932 -15884
-2964 47072
-21998 78014
-28430 35751
-90377 -46972
-7235 -81719
306 -25075
4555 85222
-89280 -70479
26416 20181
-38991 34249
-37076 -48299
1260 38112
-60615 -16606
83821 74789
91361 -27379
30316 99168
68278 69422
-22041 -84753
85927 -31604
42973 -44095
39837 -86820
-84354 -73810
30468 -37084
-93807 33290
-66491 -91364
42035 -83604
-34187 -30223
61110 6722
-86014 15741
-16451 -20403
-14128 -35945
-13778 84607
-5934 -77601
-68685 -36352
-67962 77397
75571 -63238
20919 -1170
-56236 -99397
-18101 50433
-78114 53875
12550 20165
46521 92960
20326 -38615
39038 81744
41871 -58141
66523 74516
24200 34993
85201 -4116
-14078 -90590
-21640 12175
73830 12076
-31632 94745
73205 77519
20846 -60006
398 -39453
7496 -34724
-11412 76729
-22817 36918
-51272 -71959
-58925 -48410
14560 65115
-45651 -55027
-74524 -35727
-18294 56223
16548 -35254
-42338 -47346
65759 94796
12255 99890
-33925 33301
-91758 83633
65988 86728
75102 -48131
65913 -20342
74534 -72443
10879 -23530
56929 38413
7041 72309
-64797 -25446
26237 28184
-6138 22776
64488 16668
-73330 -81750
37844 -88886
-94524 -7958
90888 -75545
32867 -43370
81470 4617
81706 44563
85571 -88677
-93314 -11699
38982 -18883
-55942 -83724
-99380 47213
94339 -34392
-32169 25488
-76921 79011
-20741 31578
18840 -25508
-66700 63970
70404 -1199
89498 30097
-12384 16836
91 -93979
-29626 19555
-40054 7865
-86476 -76626
98190 57078
-81318 88209
872 -91851
-68051 -96400
36767 84174
-72641 30370
-39186 -37267
5384 -30865
49908 -58769
28164 -68295
85584 41928
-24156 96228
-63772 81266
11574 -49500
-72631 15504
-12146 -16429
16879 13044
26778 -47579
80155 7950
76466 -89822
53671 64896
75753 86455
67222 1868
-507 -14139
16417 -15306
-54050 -90389
78832 -39829
79126 43806
-98220 -84212
13092 86921
-89428 73855
42527 -36867
96113 7077
56093 -29170
10263 68285
45560 -64580
2965 -32351
-44868 13576
-39313 63276
-85914 -69729
-1
-1
-1
-1
-1
-1
-1
-1
-1
-1
-1
-1
-1
-1
-1
-1
-1
-1
-1
-1
-1
-1
-1
-1
-1
-1
-1
-1
-1
-1
-1
-1
-1
-1
-1
-1
-1
-1
-1
-1
-1
-1
-1
-1
-1
-1
-1
-1
-1
-1
-1
-1
-1
-1
-1
-1
-1
-1
-1
-1
-1
-1
-1
-1
-1
-1
-1
-1
-1
-1
-1
-1
-1
-1
-1
-1
-1
-1
-1
-1
-1
-1
-1
-1
-1
-1
-1
-1
-1
-1
-1
-1
-1
-1
-1
-1
-1
-1
-1
-1
-1
-1
-1
-1
-1
-1
-1
-1
-1
-1
-1
-1
-1
-1
-1
-1
-1
-1
-1
-1
-1
-1
-1
-1
-1
-1
-1
-1
-1
-1
-1
-1
-1
-1
-1
-1
-1
-1
-1
-1
-1
-1
-1
-1
-1
-1
-1
-1
-1
-1
-1
-1
-1
-1
-1
-1
-1
-1
-1
-1
-1
-1
-1
-1
-1
-1
-1
-1
-1
-1
-1
-1
-1
-1
-1
-1
-1
-1
-1
-1
-1
-1
-1
-1
-1
-1
-1
-1
-1
-1
-1
-1
-1
-1
-1
-1
-1
-1
-1
-1
-1
-1
-1
-1
-1
-1
-1
-1
-1
-1
-1
-1
-1
-1
-1
-1
-1
-1
-1
-1
-1
-1
-1
-1
-1
-1
-1
-1
-1
-1
-1
-1
-1
-1
-1
-1
-1
-1
-1
-1
-1
-1
-1
-1
-1
-1
-1
-1
-1
-1
-1
-1
-1
-1
-1
-1
-1
-1
-1
-1
-1
-1
-1
-1
-1
-1
-1
-1
-1
-1
-1
-1
-1
-1
-1
-1
-1
-1
-1
-1
-1
-1
-1
-1
-1
-1
-1
-1
-1
-1
-1
-1
-1
-1
-1
-1
-1
-1
-1
-1
-1
-1
-1
-1
-1
-1
-1
-1
-1
-1
-1
-1
-1
-1
-1
-1
-1
-1
-1
-1
-1
-1
-1
-1
-1
-1
-1
-1
-1
-1
-1
-1
-1
-1
-1
-1
-1
-1
-1
-1
-1
-1
-1
-1
-1
-1
-1
-1
-1
-1
-1
-1
-1
-1
-1
-1
-1
-1
-1
-1
-1
-1
-1
-1
-1
-1
-1
-1
-1
-1
-1
-1
-1
-1
-1
-1
-1
-1
-1
-1
-1
-1
-1
-1
-1
-1
-1
-1
-1
-1
-1
-1
-1
-1
-1
-1
-1
-1
-1
-1
-1
-1
-1
-1
-1
-1
-1
-1
-1
-1
-1
-1
-1
-1
-1
-1
-1
-1
-1
-1
-1
-1
-1
-1
-1
-1
-1
-1
-1
-1
-1
-1
-1
-1
-1
-1
-1
-1
-1
-1
-1
-1
-1
-1
-1
-1
-1
-1
-1
-1
-1
-1
-1
-1
-1
-1
-1
-1
-1
-1
-1
-1
-1
-1
-1
-1
-1
-1
-1
-1
-1
-1
-1
-1
-1
-1
-1
-1
-1
-1
-1
-1
-1
-1
-1
-1
-1
-1
-1
-1
-1
-1
-1
-1
-1
-1
-1
-1
-1
-1
-1
-1
-1
-1
-1
-1
-1
-1
-1
-1
-1
-1
-1
-1
-1
-1
-1
-1
-1
-1
-1
-1
-1
-1
-1
-1
-1
-1
-1
-1
-1
-1
-1
-1
-1
-1
-1
-1
-1
-1
-1
-1
-1
-1
-1
-1
-1
-1
-1
-1
-1
-1
-1
-1
-1
-1
-1
-1
-1
-1
-1
-1
-1
-1
-1
-1
-1
-1
-1
-1
-1
-1
-1
-1
-1
-1
-1
-1
-1
-1
-1
-1
-1
-1
-1
-1
-1
-1
-1
-1
-1
-1
-1
-1
-1
-1
-1
-1
-1
-1
-1
-1
-1
-1
-1
-1
-1
-1
-1
-1
-1
-1
-1
-1
-1
-1
-1
-1
-1
-1
-1
-1
-1
-1
-1
-1
-1
-1
-1
-1
-1
-1
-1
-1
-1
-1
-1
-1
-1
-1
-1
-1
-1
-1
-1
-1
-1
-1
-1
-1
-1
-1
-1
-1
-1
-1
-1
-1
-1
