143 171
74 81 1
129 124 1
115 61 1
122 116 1
58 89 1
85 93 1
46 111 1
18 5 1
92 121 1
107 86 1
34 28 1
76 11 1
94 87 1
64 66 1
114 38 1
102 21 1
76 65 1
94 82 1
2 54 1
139 51 1
110 74 1
108 120 1
5 55 1
104 49 1
102 97 1
86 72 1
70 122 1
131 126 1
6 77 1
143 139 1
112 40 1
133 85 1
35 136 1
69 39 1
115 129 1
50 53 1
37 45 1
5 98 1
26 68 1
98 102 1
81 25 1
139 107 1
119 127 1
52 125 1
76 137 1
6 50 1
129 9 1
5 20 1
120 24 1
122 133 1
61 15 1
54 69 1
94 6 1
47 30 1
76 96 1
135 104 1
20 70 1
70 83 1
69 113 1
38 1 1
35 80 1
77 12 1
137 95 1
58 99 1
35 46 1
64 19 1
89 76 1
67 7 1
93 91 1
98 62 1
77 67 1
65 142 1
26 140 1
81 106 1
131 34 1
24 143 1
41 52 1
35 118 1
58 114 1
3 58 1
74 128 1
62 36 1
100 26 1
87 108 1
129 63 1
115 132 1
120 18 1
31 64 1
137 32 1
61 3 1
38 47 1
74 23 1
5 134 1
100 44 1
94 2 1
82 112 1
46 103 1
109 92 1
70 100 1
43 79 1
12 135 1
101 130 1
143 101 1
55 73 1
46 16 1
10 75 1
85 37 1
37 57 1
120 41 1
67 33 1
135 110 1
103 131 1
25 31 1
5 35 1
111 17 1
122 109 1
124 10 1
55 43 1
82 115 1
101 119 1
36 82 1
5 74 1
31 83 1
12 21 1
138 4 1
88 71 1
14 105 1
71 27 1
27 48 1
14 88 1
105 138 1
14 29 1
4 22 1
22 105 1
71 4 1
4 48 1
71 105 1
4 14 1
22 29 1
48 105 1
14 27 1
138 88 1
29 48 1
48 88 1
117 8 1
84 59 1
78 60 1
141 56 1
90 123 1
117 13 1
42 141 1
117 90 1
60 84 1
78 42 1
84 117 1
141 59 1
59 78 1
123 84 1
42 84 1
13 56 1
90 56 1
84 56 1
117 141 1
8 56 1
90 60 1
8 59 1
13 42 1
90 42 1
59 13 1
141 123 1
8 42 1
