3775 4096
3437 2044 1
2846 77 1
1935 1357 2
2299 2242 1
557 1185 1
3170 3116 2
3228 1107 2
1736 499 1
3469 259 2
358 3003 2
269 991 1
1459 66 2
506 3227 1
433 597 1
1525 872 2
3285 646 1
2009 588 1
2259 1499 2
3392 530 1
3295 1299 2
1452 3546 1
3322 934 2
1343 2607 1
2018 743 2
462 641 2
671 3139 1
2297 1954 1
2072 1783 2
1782 2449 2
485 2428 1
1013 408 1
543 3515 2
356 3061 1
3064 2226 1
368 1721 1
3532 3643 1
2271 2649 1
1823 859 2
320 2594 1
839 2225 2
1674 162 1
2719 3361 2
1333 2342 1
36 3414 1
1108 1386 1
1786 1628 2
2409 1610 1
2300 947 2
1333 3415 1
3370 779 2
1489 1116 2
2209 1949 1
929 175 1
2786 2188 2
2551 1868 1
3254 3170 1
1157 1470 1
69 3031 1
1733 1102 2
1527 3368 2
2051 1938 2
947 1251 2
1910 3497 2
3190 2005 2
477 1143 1
1621 2867 1
1754 3578 2
3423 2104 1
1989 409 2
1879 503 2
878 794 1
1817 825 1
343 783 1
1191 3134 2
2162 905 1
459 3199 2
2239 1560 1
58 2915 1
1657 3173 2
311 1834 1
2385 2280 1
2552 2733 2
3704 1810 1
2487 3186 2
1674 3297 2
26 2054 2
957 116 1
2695 3607 1
1222 1916 2
3182 58 2
1516 976 1
3460 3722 1
2796 376 1
920 3575 2
2843 1928 2
184 1543 2
438 3188 1
2507 2082 2
1579 87 1
3111 863 2
3200 252 1
2297 1572 1
923 2820 1
181 160 2
3585 1615 1
1527 2928 2
826 3720 2
3191 2458 1
3297 152 1
79 1760 2
1715 2828 2
2226 935 2
3727 3675 1
2895 223 2
2208 1362 1
1947 680 2
1752 995 2
1280 1636 2
1497 1981 2
3036 1622 2
838 1738 2
1363 1517 2
5 1634 2
3605 3088 2
1589 2520 1
1445 1054 2
3641 3757 2
2329 2951 1
3302 605 1
1053 3117 2
1520 2101 1
305 1612 2
45 3480 2
541 3594 2
3295 2706 1
2594 1841 2
2292 2493 1
101 349 2
792 1882 2
2397 2146 2
344 2293 2
50 3654 1
734 2340 1
1218 3198 2
1995 2857 2
3186 1223 1
993 2060 1
1126 2561 1
3703 2686 1
2468 1694 1
1116 1494 1
3164 1306 2
811 3774 2
1351 983 1
1113 332 2
2551 2538 2
1263 3494 1
2679 3342 2
1497 3093 2
2289 3595 1
3309 2203 2
1357 3699 2
3624 853 1
110 502 2
2954 2553 1
807 2048 1
1018 543 1
809 3764 1
539 2481 1
3085 1965 2
3339 836 1
360 3703 1
1958 2250 1
1322 793 2
2083 449 2
2142 2965 1
678 279 2
114 3493 1
3154 1869 1
2965 2905 2
477 1376 2
590 1387 2
1711 3282 1
409 2717 2
812 2626 1
1415 1092 1
1904 2380 1
926 34 2
969 3429 2
3458 3408 2
1794 996 1
471 681 1
3497 3127 2
3178 466 2
3212 602 1
3687 3055 2
175 3231 1
431 140 2
2873 3510 1
1634 2606 1
702 592 1
677 2347 2
3031 2552 2
2939 635 1
3118 694 1
3648 131 2
3001 3664 2
2488 749 1
692 2088 2
3257 3608 1
154 1247 1
587 1845 1
550 2386 1
3243 2944 1
2932 1009 1
779 222 2
2562 3685 2
3490 944 1
3271 902 2
3258 473 2
2842 129 1
3616 3312 1
2683 734 2
431 3658 1
3763 2448 1
2747 1670 1
2208 2163 2
2326 1791 2
3314 826 2
3774 384 2
2504 85 2
218 894 1
2950 2964 1
3176 2659 2
2049 1674 1
175 2103 2
1482 650 2
3259 2097 1
1249 1787 2
588 3046 2
2604 695 1
1884 1786 1
936 2382 1
1874 48 2
2833 2055 1
230 1144 2
189 182 2
119 212 2
1009 1690 1
794 1296 2
3002 3634 2
1688 678 2
811 3286 2
136 1794 1
3755 1883 2
975 114 1
1554 1305 1
1847 1894 1
3120 1119 1
3139 1321 1
1959 3216 2
177 3087 2
178 197 2
98 3521 2
1962 1406 2
1072 2133 2
189 882 2
1443 2803 1
567 655 1
1361 50 1
1492 770 2
1812 1697 1
1239 1208 1
2393 2854 1
2870 2323 1
3490 418 1
1636 1884 1
3307 562 2
3609 553 1
2397 1124 1
491 2187 2
1990 498 2
3154 2546 1
1219 1380 2
2481 1953 1
1349 1751 1
1834 3369 2
2666 542 2
1208 2345 1
140 1309 1
908 2177 1
1309 465 1
2043 2530 1
2465 3679 1
2486 3014 2
458 3259 1
2712 3637 1
29 325 1
1955 992 2
1727 1960 1
1485 816 1
1102 3396 1
2999 2933 1
1707 1316 2
1052 30 2
1353 2614 1
101 335 1
3541 2501 2
2149 2788 2
3002 1872 2
1929 1608 2
1670 3533 2
634 642 2
2771 2500 1
2644 2378 2
1706 3645 1
884 3398 2
3560 2840 2
2717 649 1
3243 637 1
2552 3479 1
48 308 2
2513 3268 2
1625 1410 2
3755 1162 1
997 3750 1
1727 1885 1
2681 670 2
2299 2360 1
2776 2978 1
2156 1823 1
947 2364 1
2131 2681 1
722 3289 1
1621 2260 1
2980 1595 1
1696 829 2
640 1104 2
1675 2 2
2211 1987 2
3648 3182 2
1800 1343 2
2543 2611 2
1938 2407 1
2130 3688 2
850 2211 1
3275 3349 1
645 3275 1
462 2052 1
600 3491 1
1030 1346 1
1126 2833 2
2653 189 2
1411 3224 2
3239 2795 1
2605 1206 2
3208 2454 2
3423 2255 2
3062 1768 1
3668 2762 1
3773 3346 1
1763 3458 2
3347 2290 1
707 590 1
2788 2033 2
1164 2535 1
467 1176 1
863 2537 1
3276 1577 2
2666 2016 1
2916 1865 2
289 158 1
2713 3235 2
2215 3696 2
1113 2246 2
2954 1183 2
3088 1057 2
3438 2488 1
2941 3120 2
1663 2256 2
305 331 1
2242 55 1
1638 13 1
562 1028 2
1475 3043 2
393 1931 2
477 2197 2
2518 3307 2
2703 2049 1
1499 3666 2
1359 3566 1
23 2461 1
1881 2337 2
445 603 1
1023 718 2
2213 1381 1
680 3701 1
3123 1505 1
2571 889 2
1026 128 1
2205 1814 1
3415 3274 1
2738 2786 1
2575 2444 1
1363 1659 2
85 2771 1
1549 2778 1
2706 2968 1
815 194 1
182 1905 1
853 2026 2
2895 3308 1
3654 2653 1
461 611 1
1230 2039 2
2745 2512 2
1167 2760 1
3215 1429 2
2533 925 2
1092 2469 2
438 3310 2
1777 1385 2
1912 62 2
2367 3051 1
223 2334 1
1250 306 1
425 3392 1
678 2728 1
2524 1598 2
237 3191 1
2384 1762 1
3148 435 2
1219 729 2
3701 2032 2
3212 3505 2
468 1397 1
578 803 2
25 2880 1
1313 3164 1
3042 3467 2
307 952 1
3349 2496 1
578 2073 2
1936 3463 1
416 932 2
1984 3356 1
2592 1609 2
3566 1153 1
110 2430 1
2654 3034 1
449 164 1
1579 878 2
3686 1555 1
2056 2376 1
2627 2212 1
3070 1929 1
506 3432 1
3620 458 1
1118 1713 1
153 178 2
2785 1589 1
455 2165 2
923 387 2
153 2818 2
1980 254 2
1738 2042 1
3696 1626 2
373 3176 2
733 2174 2
426 3649 2
3003 209 1
3717 2305 1
1607 2954 1
1615 1023 2
1104 99 1
411 2919 1
67 421 1
3060 1004 1
771 741 2
1761 1403 2
1554 3383 1
2502 1108 1
1701 2644 2
1351 2589 2
2269 2160 1
2164 3532 1
3479 3563 2
424 3555 1
1789 2980 1
3347 2702 1
177 2801 1
506 887 2
1453 171 1
745 1536 1
2920 626 2
2776 159 2
501 1337 1
1184 1249 2
1254 1327 2
3046 1683 1
1396 2726 2
2415 3752 1
3321 407 2
2921 1444 1
3698 1540 2
1354 2562 1
3557 2471 1
1003 3506 2
1342 462 2
2843 1932 2
896 3319 1
1341 1226 1
2561 2643 2
3299 3314 2
2627 3707 2
742 2975 2
697 3568 2
3649 1463 2
1995 1061 2
372 790 2
8 684 1
3748 1558 2
1497 1592 2
401 936 2
614 369 1
680 687 1
1373 748 2
516 45 1
3482 1281 1
2708 426 2
2176 464 1
1001 3012 2
401 3208 1
655 771 2
1048 1168 2
1276 1660 1
3238 1996 1
1999 2234 1
1331 1158 1
2223 2051 1
22 2666 2
1540 368 1
3575 2719 1
1084 939 1
3314 982 2
2430 3036 2
1527 1289 2
2949 3284 2
430 586 1
2000 561 2
1731 1468 1
1825 821 2
3323 3742 1
1464 2224 2
2992 1233 2
3566 3047 1
228 1314 2
2721 3185 1
1534 913 2
2099 2747 2
2328 1917 1
25 2799 1
1112 2588 1
2605 1063 2
2870 1522 1
3047 134 1
3204 1491 1
1575 1394 1
2014 898 2
3630 1765 1
136 2847 2
219 3639 1
268 2917 1
1397 2723 1
2562 2615 2
497 1220 1
3275 805 1
2849 3122 1
2274 2164 1
1510 1190 1
1250 3618 1
2872 753 2
3291 3616 2
525 563 1
516 534 2
1573 1945 2
3438 1123 2
3341 1680 1
2157 1812 1
3490 3693 2
2625 1523 1
3460 710 2
2818 1705 1
2657 2687 2
650 146 2
3264 2120 1
590 1874 2
631 2871 1
1280 1606 1
2245 1754 1
77 2487 2
2530 1711 1
1320 32 1
2366 1050 2
3513 3427 2
2582 1545 2
459 337 1
2679 2631 2
2796 1972 2
702 510 2
2665 2040 1
3215 2168 2
2931 468 2
363 2385 2
1715 1920 2
3701 1363 1
3159 3056 2
3070 420 1
3092 1524 2
3093 1320 1
212 2846 2
3580 2348 1
1369 539 1
834 1267 2
1913 3029 1
729 3076 2
894 2095 1
1724 3302 2
1714 1146 1
2293 686 2
2761 3070 2
1932 60 1
326 593 2
1799 3202 1
2449 2849 1
854 1205 2
613 352 1
793 869 1
3321 733 1
2960 1432 1
3238 1025 1
1596 2070 1
3319 404 1
1525 1789 2
2557 3057 2
3292 3426 2
704 1844 2
1471 228 2
1506 1272 1
2056 1293 1
2348 795 2
2604 2804 1
423 3244 2
1778 2124 2
853 3743 2
603 1456 2
2772 2139 2
2915 3180 2
2140 1880 1
3497 1685 2
239 1727 2
3565 731 1
3226 1866 2
3748 1483 2
1320 326 1
1144 1962 1
3042 118 1
541 3107 2
435 1370 1
2036 2143 2
335 144 2
1912 963 2
1797 1474 1
2391 750 2
2830 1910 2
3005 3243 2
2342 2900 2
819 3526 2
613 799 2
2491 3588 1
3079 3754 2
2380 1093 2
3515 1114 1
225 2662 1
917 2916 2
2144 3309 2
3401 3621 1
3720 3049 1
15 3502 2
2955 1847 2
2991 1936 2
646 955 2
1279 997 2
1835 2259 1
1085 2502 2
1845 1081 1
3092 2415 1
15 262 2
810 2344 2
3222 1072 2
1310 8 2
1025 1693 1
2610 1534 1
86 634 1
1054 1398 1
3382 2050 1
3129 1396 2
133 1111 2
3658 3261 1
2511 2194 1
2081 3504 2
50 425 1
3443 2641 1
1483 3323 2
2725 2987 2
3198 3655 1
50 1377 2
2941 3501 1
3195 3725 2
2980 3698 2
2382 541 1
3714 3370 2
1555 3042 2
2485 3483 1
3565 2482 1
3525 2263 1
633 525 1
1995 723 2
2017 1574 2
1865 2743 2
3630 1907 1
1468 1792 1
544 1412 1
2378 2922 1
2876 2390 2
842 1171 2
1031 3360 2
2931 3280 1
1377 2155 2
1337 3340 2
3325 1253 1
3700 22 1
1445 3712 2
2323 3771 1
2371 1459 2
421 1887 2
1560 801 2
2624 2485 2
1539 1940 2
331 3178 1
2594 583 1
3151 3684 1
3404 3285 2
3758 1330 2
2901 2206 1
1845 2411 2
2261 3258 1
1851 739 1
1607 1354 2
2826 112 2
3442 766 2
2193 1076 2
2707 432 1
2384 2682 1
2423 294 1
3188 2934 1
2245 1310 2
3544 1591 1
1333 3402 1
229 3175 2
1420 1045 1
2953 1440 2
3684 1421 2
1410 2708 2
1628 1486 1
593 488 1
3454 411 2
3491 663 1
2665 1663 1
663 1471 1
510 2099 2
1429 693 2
1977 1110 1
1838 1170 1
242 2819 1
2144 3021 1
520 2523 1
1448 537 1
3004 3400 2
3111 1635 1
3658 1454 2
1763 362 2
3349 2521 1
2176 3736 1
2555 2870 1
662 1013 1
1348 1264 1
1112 3229 1
2485 1811 1
859 1988 1
337 2721 2
1740 15 1
2675 2153 1
3714 3316 2
3191 2314 1
2971 758 2
547 3179 2
2017 1218 2
2210 625 1
1540 2208 1
1952 2894 1
2617 2981 2
2893 2009 2
2307 2999 1
2234 1747 1
1139 2787 1
3253 84 1
1963 884 1
3763 1290 2
3753 2240 1
2309 3528 1
714 2627 1
219 1924 2
2495 2074 1
3486 2703 2
2212 314 1
1533 2142 1
3372 1980 1
1468 2772 2
733 2149 1
2334 3627 2
1858 3686 2
553 1520 2
2952 2181 1
1540 154 2
1680 2456 2
212 2066 2
2624 929 1
1026 133 2
649 2328 1
1740 3172 1
1341 1796 1
1240 782 1
1591 2855 2
660 2779 1
1176 1328 1
1146 2691 2
1394 3242 1
807 2669 2
2828 1070 1
2134 3733 1
1960 3478 1
325 858 2
281 367 1
1357 3367 1
1443 96 1
2750 183 2
3622 476 1
976 1179 2
1289 2604 1
3620 278 2
1814 2580 1
1920 2534 2
58 3030 1
3276 501 1
1979 2080 1
2622 1037 2
770 1901 2
3468 2114 2
1296 1568 2
986 665 1
3046 3609 1
1368 2821 2
1667 1966 2
1947 2036 1
3267 3263 1
1903 3630 1
2499 3060 2
1031 483 2
2964 2685 1
2307 3544 2
458 2157 2
234 1210 1
2451 2621 2
372 2605 1
640 3476 1
2047 2609 1
51 3668 1
1764 1897 1
242 3214 2
2210 3682 1
1242 851 1
2707 3271 1
2640 740 2
57 3024 2
1361 1230 1
692 1679 1
595 3635 1
2719 810 2
3561 2367 1
983 2950 2
1833 2648 2
3080 516 1
247 2239 2
2410 1731 2
1872 2495 2
3720 1947 2
3003 1031 2
2133 1492 2
3578 791 2
449 463 2
1733 3529 1
2176 3165 1
1519 1399 1
2810 3248 1
928 3196 2
453 2688 1
2771 100 2
1539 275 2
793 3454 1
58 2758 2
3113 3586 2
183 1 2
460 269 1
758 309 1
1575 2366 2
2596 1744 2
3658 1958 1
3382 3325 2
3350 917 1
425 2841 1
3480 877 2
790 1638 2
2378 508 1
3356 2557 1
2396 2183 2
3312 2911 1
3569 1858 2
717 2358 1
1675 43 2
2778 747 2
1157 2844 2
3202 3092 1
3276 707 1
2195 3080 1
1112 1736 2
334 29 2
172 2938 2
401 1261 1
3309 2623 1
1501 2450 1
697 1750 2
1660 2895 2
1467 395 1
1632 214 2
531 1271 1
245 2326 1
3428 3571 2
1969 1549 1
827 3062 1
384 3015 2
1409 2192 2
2683 433 1
313 1852 1
766 2991 2
3202 2446 2
1731 1725 1
1836 1777 1
3185 1578 1
2371 3615 1
1951 814 1
1955 622 2
1858 446 2
2546 2041 1
291 1198 1
2911 2158 2
2662 1485 1
2244 865 1
1758 2499 2
1347 3450 2
2996 3133 2
1711 3574 1
183 704 2
3032 3204 1
31 1302 1
2575 1986 2
1726 978 1
2450 1912 1
2270 3362 2
1370 1631 1
2384 3221 2
1959 3460 2
3195 1026 2
3396 1257 1
832 920 1
1696 301 1
1881 313 1
2067 3469 1
2426 3239 1
1696 2169 1
1062 2140 2
2743 1850 1
3482 3420 1
2587 3123 2
559 4 2
3686 600 2
830 2893 2
2992 2694 2
992 2467 1
1812 2929 1
159 3747 2
1031 566 2
642 2654 1
1108 2297 2
3553 2775 1
969 1959 1
788 969 2
372 1351 2
1261 3228 1
2393 2201 2
1962 2864 1
1540 3064 2
2464 896 2
3012 1156 1
3123 2119 1
2754 2394 1
363 697 1
3111 1740 2
614 3541 2
2 1318 2
1045 461 2
3036 698 2
1855 3379 1
1006 2107 1
1952 397 2
2671 2148 1
2587 2167 2
1867 2587 1
1835 2412 1
1243 388 2
1386 1507 2
1811 1784 1
699 1873 2
2984 1714 2
317 784 1
3747 3037 2
3634 1164 2
2274 2100 2
3032 1460 2
1003 1280 1
471 35 1
1792 1601 1
2684 1596 1
1310 908 2
3480 1368 1
1135 3600 2
1988 2967 2
1907 576 2
3677 2992 1
3402 2737 1
144 239 1
559 156 2
1237 830 2
110 2698 1
3402 31 2
583 839 2
2134 2910 1
689 3700 2
2732 265 2
125 958 1
3331 3125 1
2360 71 1
2032 383 1
814 424 2
793 1903 2
3442 321 1
2326 1445 2
2272 2559 2
1499 815 2
2855 3573 2
580 2298 2
3249 2884 1
176 506 2
1952 2613 2
3679 1462 1
3560 3691 1
3299 98 1
631 2086 2
3742 2262 1
1179 2498 2
1024 385 1
2642 1969 2
2194 1833 1
3044 2845 2
966 2634 2
2862 2173 2
3198 1427 1
366 268 1
1066 972 1
1875 3662 2
3429 2277 1
3555 1506 1
2627 322 1
2190 208 1
1382 2309 2
1223 765 2
1634 3366 1
3503 3704 2
797 1166 1
2941 796 2
2799 3536 1
2938 1820 1
1453 218 2
2473 2837 2
3752 572 2
2384 75 1
371 841 1
1363 2462 2
1744 3283 2
1184 2935 2
777 519 2
902 3453 1
2337 3710 2
3437 981 1
3656 2509 2
388 911 1
2448 1782 2
530 1746 1
1431 812 2
2065 1225 1
2128 886 2
135 1336 2
1380 3344 1
2391 416 1
2688 1889 1
1736 2974 2
1085 1913 2
314 2642 1
362 196 2
2879 1033 1
516 2053 1
2569 2092 1
463 2213 2
587 2679 1
1963 3293 2
1900 27 1
456 1737 2
1860 547 1
2107 1630 2
384 103 2
756 1676 1
3005 3397 1
2614 3581 1
2933 153 2
2470 1400 2
3494 3437 2
3645 2286 1
2163 1392 1
3771 3077 2
821 2625 1
38 1617 1
878 1228 1
2828 544 2
1612 1139 1
1528 1995 1
829 1453 2
2068 2078 2
2075 429 2
638 3249 2
1230 190 1
992 327 1
2708 870 1
3658 689 1
408 2998 1
2824 3622 1
144 2750 1
717 3485 1
1240 1163 1
418 970 2
1818 2842 2
1730 2658 2
2230 2780 2
2588 1482 2
34 726 1
2871 184 1
498 5 1
3501 671 1
1333 1587 1
886 1080 2
397 1662 1
638 3376 2
1288 2712 2
554 1053 1
1959 2610 2
3658 2408 2
3709 1465 2
1630 188 1
1108 125 1
3288 2684 2
173 1014 2
3076 1239 2
163 3377 2
464 3372 1
1328 988 2
1465 2017 1
744 1900 1
1674 459 2
2304 1944 2
836 1818 1
1644 3677 1
3446 373 2
838 3085 2
3566 2633 1
3307 3210 2
2864 1151 2
27 900 1
1322 2479 1
1575 3557 2
2987 847 1
3712 3067 2
784 2483 1
3401 644 2
791 2112 1
22 594 1
1979 2204 2
2910 2127 2
268 2038 2
941 564 1
1835 2947 1
2999 866 1
1034 842 1
431 1155 2
515 1043 2
2250 3008 2
3120 3157 2
2144 2761 2
1052 69 2
2941 1133 1
3085 2065 2
446 2513 1
349 2176 2
3043 2826 2
1321 1518 1
3292 2135 2
2263 1231 1
722 2272 2
1894 2396 2
2938 1701 2
3607 2414 1
3274 2948 1
368 3711 2
2954 1274 2
3692 668 1
282 56 1
3523 1836 2
1270 1825 1
3408 587 1
1054 1918 2
3606 453 2
1858 3364 2
2537 1426 2
3684 1457 1
3258 3423 2
167 3304 1
1663 1448 2
2866 861 2
1219 2150 1
1415 1052 2
2277 3267 2
1143 242 2
2350 2885 2
2069 1075 1
368 2311 2
415 1533 2
3497 1243 1
2830 3614 2
2223 708 1
722 1127 1
1451 3130 1
1901 344 2
2672 477 2
1617 2518 2
771 1126 1
1813 645 1
2609 3714 1
3361 1752 1
562 811 1
3299 774 2
3122 36 1
2745 2232 2
25 343 1
21 1341 1
3616 1288 2
445 2676 2
3654 1411 1
1977 2570 1
408 1763 2
2901 1994 1
2511 1785 1
1457 3124 2
1711 1730 1
460 1130 2
938 962 1
101 2901 2
2143 3596 1
116 3748 1
561 1378 2
2123 2773 2
2830 1422 2
1452 456 2
1747 632 1
974 1881 1
2341 3648 2
2795 744 2
415 3213 1
2875 2268 1
217 3674 1
1528 1191 1
2467 2308 2
3648 2657 1
3501 2245 2
592 1800 1
1957 2939 1
953 833 1
2833 475 1
2165 3656 2
1502 3032 1
2795 225 2
2903 1851 1
52 126 1
197 3195 2
1690 1999 2
1084 1922 1
2456 2807 1
1371 3341 2
3070 1531 2
271 3709 2
3742 1977 1
1094 1528 1
3675 2794 1
477 2441 1
3626 3295 1
1980 1957 2
1482 1778 2
1108 3551 1
1150 752 1
1486 609 2
637 163 2
1797 111 1
2938 79 2
1555 3411 2
2794 334 1
126 2571 2
3270 3642 1
1343 2447 2
1404 3038 1
2366 1379 1
197 3098 2
531 2075 2
8 277 1
3616 3745 1
2607 722 2
2681 307 1
969 245 1
1060 2695 2
1534 1706 1
1726 807 2
1736 1703 1
2940 310 2
695 885 2
25 356 2
791 2796 1
2104 804 2
2239 2510 2
1626 3763 2
2537 38 1
1462 92 2
842 3303 2
3757 662 1
995 2190 1
3261 1515 2
2071 1044 1
2791 1667 1
1518 249 1
3362 1202 1
2901 1671 2
429 1402 1
383 217 1
3654 3727 2
3714 745 1
2698 2195 2
1935 3490 1
2974 2205 2
1960 910 1
1125 207 1
62 441 1
872 2350 1
1879 2575 2
170 399 2
188 1361 1
3642 1073 2
3709 832 2
1085 3005 1
590 633 1
3090 844 2
611 2862 1
2553 1687 1
2596 106 1
3729 2371 1
153 3156 2
1491 445 2
3239 1125 2
1852 1303 2
1682 2811 2
686 2909 2
2669 176 2
3026 2823 1
2830 363 1
2992 2393 2
1403 1433 2
2139 471 2
1738 3462 1
3216 138 1
3269 2156 2
335 1979 1
2702 1434 2
3191 3443 1
1056 613 1
146 26 2
3312 3641 2
2920 1904 1
1706 479 2
2755 3004 1
2130 398 1
2965 2426 1
1750 246 2
3286 3499 1
2880 2215 1
3275 692 1
1370 2210 2
2621 1229 1
3631 2303 2
704 1509 1
2384 241 2
944 2058 1
2951 248 1
2242 926 1
3024 975 2
2208 827 2
2980 1648 2
850 1443 1
3041 3313 2
2246 1951 2
175 1621 2
3414 3583 1
704 3657 2
2447 3144 2
1367 2622 2
113 3758 1
3648 1256 2
3428 1003 1
363 467 1
1066 3569 2
963 2013 1
844 2324 2
1798 1879 2
2807 1813 1
2382 3001 2
1230 792 2
3596 2936 1
3349 2372 2
3199 2560 1
3639 2931 2
2456 777 2
1676 270 1
592 520 2
3696 1221 1
2406 1300 1
3656 1118 1
1850 1242 1
2165 1984 2
1257 2383 2
891 1935 1
2417 1066 2
3370 1359 1
975 2529 2
398 1651 2
739 2908 1
2967 1669 1
1108 1488 2
3285 3433 2
3587 683 2
1977 1344 1
2378 1575 1
1791 3154 2
1617 2012 2
1690 1548 2
1727 1793 2
2564 2289 1
1104 3238 2
2304 135 2
1242 1707 2
2009 2134 2
953 1502 2
1272 18 1
753 559 2
3280 1600 2
803 1921 2
167 1024 2
415 515 2
3235 1516 2
3226 3007 1
1880 1154 1
1344 1733 1
2318 1664 1
2382 1452 2
1225 1446 2
1023 2249 2
3752 856 2
3510 401 1
1954 1112 1
3300 2873 2
2807 2318 1
2778 1661 1
1862 899 2
99 63 2
477 3322 2
439 2131 1
2446 419 1
2833 2472 2
1951 2593 2
2468 1263 2
363 3053 1
1261 788 1
706 121 1
750 2739 2
2043 3692 2
1403 3509 2
37 181 1
2256 2543 1
1715 1373 1
3754 2089 2
741 1416 2
209 631 1
683 3401 2
1592 2230 2
397 1109 1
2030 3598 1
3156 2123 2
534 2755 1
506 1350 2
1777 3276 1
736 2531 1
1724 567 2
3267 2056 2
1056 855 2
3382 1948 2
3575 2675 1
832 53 2
1386 2269 2
1392 742 2
1872 1864 1
3265 1639 1
3242 480 2
2527 2592 2
2005 2223 1
1953 382 1
415 282 2
312 2384 2
2754 3269 2
1610 3288 1
1730 2555 2
1271 3270 2
671 2791 2
1869 1404 2
2992 557 2
1749 1647 1
3215 2671 2
856 2031 2
568 3547 1
646 568 1
110 2329 1
2230 3354 2
2589 615 2
3285 375 2
3698 2729 1
1253 83 1
3316 3378 1
1621 1414 2
2653 1798 1
1126 914 2
3449 715 1
3042 1688 1
1023 2777 1
181 2018 1
3759 165 2
3214 1348 2
1092 1347 2
1905 1991 1
1130 3299 2
3282 2392 2
2467 574 1
3521 1135 2
317 570 2
442 1797 2
1967 754 1
996 1250 2
363 699 2
764 2186 1
2491 1301 2
2653 281 1
3648 2993 2
589 2102 2
2203 621 2
2659 1970 2
1183 2937 2
2408 149 1
1991 1322 1
2746 1875 2
1873 3334 1
2391 3442 2
2940 219 1
3106 2191 1
622 1590 1
3557 531 1
963 1467 1
138 3339 1
3092 1712 2
2324 2424 2
333 52 2
3284 1804 1
1932 167 2
723 1252 2
1432 1415 2
1402 3159 2
608 3755 1
3467 3428 2
982 565 2
1275 3585 2
938 2524 2
819 1128 1
3159 974 2
415 2254 1
3037 717 1
3581 928 1
1563 550 2
1404 2423 2
2148 2068 2
2952 491 2
1955 3363 2
600 2745 1
1122 854 2
3151 3017 1
689 714 1
1811 675 1
2047 57 2
1223 1860 1
2680 1275 1
1940 946 2
2215 560 1
3555 2418 2
2211 3660 2
1778 2491 1
683 1319 1
1869 2067 2
1419 2504 2
392 2162 1
1073 3028 1
2596 2452 1
2592 1656 2
1578 237 1
1533 3759 2
1945 67 1
2345 746 2
2569 3744 1
3276 2949 2
1703 2875 1
1179 2617 2
891 1167 2
3117 1094 1
1728 311 1
55 764 2
2844 2776 2
2830 2261 1
1965 1616 1
1901 2834 2
785 3565 1
29 2582 2
2212 2563 1
3773 3471 1
1695 2640 1
3159 1254 1
3574 1510 2
938 1477 2
3631 1732 1
3755 2299 2
609 2746 2
1528 3523 1
2359 359 2
1965 487 1
976 2121 2
717 2926 1
408 1016 1
1649 3439 2
1659 3486 2
878 2670 1
2488 3054 1
2682 1011 1
2314 1955 1
1432 2680 1
2605 353 2
2060 3451 1
1724 3240 1
3366 3590 1
465 3553 1
3627 1824 2
1094 2081 1
718 904 2
748 2438 2
3529 1169 1
1004 442 1
1863 2473 1
1202 3082 2
982 3167 1
2058 1056 1
3257 2270 2
1261 3770 1
1319 3765 2
3478 923 2
1590 3226 2
2314 2989 2
3017 2229 1
833 108 1
3618 3421 2
3580 2616 2
239 1620 1
841 3002 1
2095 1147 2
2393 348 1
3004 2327 2
1221 177 1
646 3358 1
3607 1832 2
1611 240 1
239 3446 2
1125 1859 1
69 761 1
722 2417 1
2801 2202 2
3303 2533 2
1123 1546 1
3711 89 1
1656 1799 2
1116 2920 2
1386 1276 2
1867 1563 1
2594 2921 2
15 3026 1
2261 3121 1
154 258 1
3064 3580 2
460 1331 2
1765 1554 1
1358 2207 2
2915 819 2
1751 172 2
2615 1278 1
2168 2352 2
3124 2419 2
153 1161 2
2569 1526 1
3222 3430 1
970 3706 2
1468 372 2
1056 2061 2
2580 2713 1
184 608 2
2948 271 1
197 1409 2
3363 497 1
1589 1795 1
3226 720 2
3116 1049 1
3334 1001 2
1031 3513 1
421 3694 1
476 1761 1
1353 1822 1
3285 289 1
2155 1358 2
196 1423 2
1979 3321 2
2747 1607 1
1611 3203 1
2305 2835 2
2458 2406 2
3480 2072 2
1243 2304 1
43 3350 2
2302 358 1
2791 1201 1
1443 2079 1
1208 3264 2
2223 1079 2
3600 1383 1
3261 1186 2
2327 3419 1
3249 2511 2
488 3582 2
1863 2144 1
163 1839 1
66 2339 1
1109 1442 1
1446 3525 2
988 2395 1
649 1265 1
2169 3413 2
3354 2569 1
1954 640 2
3686 3174 1
1413 2860 2
2870 3254 2
966 3113 2
2596 666 1
2563 953 1
2731 3201 2
1025 1217 2
3452 1886 1
2944 1008 1
2746 1122 1
1644 1401 1
2261 3438 1
3727 1963 1
2135 1062 2
3196 862 2
2280 2564 2
2948 1675 2
2855 2624 1
670 2432 2
1256 1030 1
2916 1495 1
34 2316 2
707 2941 1
1725 3537 2
1475 1989 1
1443 1441 2
600 2879 2
1765 3106 2
815 2130 2
1986 1896 2
1896 573 2
2156 2932 2
2494 333 1
2337 1333 2
1128 2888 2
3544 505 1
3186 3115 1
1443 3761 1
2873 3090 2
1006 951 2
645 2083 2
582 243 2
3115 460 1
938 850 2
2340 3111 1
491 2359 2
2389 2307 2
1814 1069 1
1070 3300 1
3607 1489 1
1947 1686 2
2432 195 1
1994 578 2
1251 2692 2
1596 455 1
1125 1184 1
2600 3045 1
1999 582 1
3021 1237 2
1009 3291 2
936 989 2
1155 2741 2
1486 1268 1
2906 1902 1
3268 173 2
399 1074 1
477 1699 2
3769 941 1
1483 3222 2
2909 439 2
882 1475 2
2796 1466 1
2488 360 1
1216 1041 2
2920 119 1
2010 540 2
1995 1728 2
3092 1068 1
3244 320 1
2208 843 1
2557 3136 1
101 1388 2
3742 3631 1
2559 2898 2
22 2754 1
593 3114 2
1076 636 1
965 1455 2
1754 1419 1
56 2979 2
359 1644 2
2745 966 2
1344 2478 2
1587 430 1
1448 1726 1
1116 2971 1
2537 1817 2
334 3773 1
2397 834 1
416 3452 2
2624 1022 2
79 1279 2
1845 2397 1
2389 1060 1
1563 229 2
2378 1539 1
3154 1371 2
688 809 1
1441 2817 1
692 3332 2
1894 3074 1
271 3110 2
2798 2333 1
1357 1614 1
1272 725 1
2594 2960 1
4 1240 1
655 737 2
1179 957 1
2922 1952 1
1683 2494 2
981 3215 1
2593 585 1
480 2294 1
1176 220 1
1362 2689 2
891 7 2
2552 1749 2
702 180 2
1252 1447 2
3429 2539 2
1822 1779 1
665 3587 2
1237 113 1
683 2368 2
1337 2486 2
83 3404 1
358 660 2
337 965 1
3585 2551 1
778 1113 1
2693 371 1
3026 2043 2
3712 3027 1
2692 2547 2
701 677 1
3520 485 2
593 2014 1
2140 1034 2
1370 312 2
3426 155 2
1444 2019 1
1433 3717 1
1747 1729 2
3148 1342 1
3377 3516 1
2804 2655 1
418 2732 2
1531 971 1
1544 1464 2
576 2810 2
3563 1682 1
1201 1567 2
3024 2872 1
3062 2030 2
3189 23 2
3427 1855 1
2857 3548 1
1880 3519 1
2534 51 1
1477 2738 1
1595 2996 2
2816 3468 2
3055 2209 1
3755 1861 1
1313 2672 1
3007 2527 2
165 2707 1
164 2876 1
803 2000 2
2908 1863 2
2074 392 2
561 2320 2
1758 2489 1
2293 3605 1
3085 2410 2
2531 345 1
929 297 2
3636 452 2
501 937 1
946 688 1
3314 2608 1
2682 3292 1
2928 1338 1
3505 1625 1
2242 3163 1
3660 2274 1
2031 1097 2
1859 2128 2
2394 317 2
1349 3129 2
1251 1597 2
3017 1704 2
2148 1178 2
2074 2940 1
1917 1544 2
1970 967 2
2213 2953 2
3144 3482 2
1938 938 1
3291 1898 1
1396 2022 2
1349 3431 1
1154 2325 2
3707 1519 2
753 142 1
3497 1224 1
2739 1696 2
531 1497 2
3347 1431 1
1783 3636 1
3350 1212 2
2239 968 2
2135 1527 2
3323 3347 2
1789 691 1
3502 2927 1
435 1715 2
230 891 2
2344 1216 1
1338 381 2
452 1745 2
3053 701 2
3594 1091 1
1301 3233 1
3439 1632 1
1144 366 1
84 1364 1
1383 669 2
3770 2002 2
2047 3118 2
2292 3044 1
1460 266 1
1839 2785 2
1225 1150 2
3402 2047 2
1732 993 1
167 3359 2
259 3753 2
2009 1604 2
1667 2283 2
1491 2906 2
2383 1324 1
3645 147 2
1779 2824 1
3122 415 2
466 285 1
1845 512 2
83 706 2
2097 2866 2
2383 2798 2
3265 1895 1
2197 393 1
1373 3151 2
3504 1637 2
2100 778 2
1466 44 2
1463 3520 2
733 1349 1
3747 293 1
2624 2830 2
323 3620 1
359 528 2
2938 1923 2
2698 3561 2
160 1665 1
905 302 2
841 2955 1
855 2619 2
3704 1418 1
1309 2292 2
2149 3194 1
2458 2071 2
196 780 1
742 1262 2
2816 1573 1
1382 86 2
1091 2409 1
3185 2861 2
3364 2171 1
2142 2963 1
1280 305 1
2479 2693 2
2493 3405 1
2627 2175 1
2464 151 2
2861 2193 2
170 110 1
2392 422 2
3582 1353 1
3586 3331 1
889 852 1
479 3687 1
1107 1657 2
2033 838 2
3312 797 2
2555 3189 1
398 986 2
2462 2341 2
3117 3253 2
543 1613 2
1850 2010 1
2943 1767 1
1370 450 1
3770 1764 2
2426 569 2
1229 721 1
3034 3217 1
3029 1413 2
2299 1862 1
2071 3079 2
3104 3166 2
2229 1974 1
2410 3626 1
542 2084 1
3675 2549 1
856 3589 1
2155 2115 1
147 3104 1
1076 2003 1
589 1646 1
2048 1564 1
3685 2379 1
1851 3560 1
2953 3449 2
3446 2300 1
3309 230 2
3486 431 2
1861 2241 2
2396 2683 1
2873 3193 1
477 1915 2
1792 3503 1
1965 2302 2
1257 1006 1
1620 1967 1
609 323 2
1044 994 2
3722 2507 1
3176 2464 2
1320 979 1
920 1180 1
1736 2391 2
3021 101 1
804 3097 2
2654 47 2
344 1838 2
1825 3212 1
3127 3382 1
3243 1157 2
520 2028 1
1634 2244 1
3092 136 2
2829 1192 1
3640 474 1
2308 2600 2
3208 1106 1
1682 580 2
3515 933 1
1154 1098 2
1894 3257 2
1416 1270 1
870 1036 2
2301 234 2
3001 2956 2
367 291 2
3536 1649 2
1289 2295 2
3531 1611 1
2255 3640 2
2192 3148 1
282 2731 2
77 1724 2
996 1501 1
2114 170 1
2194 1990 2
3443 438 1
189 3096 2
595 2301 1
3600 554 2
3614 37 2
23 1197 2
2728 2816 1
285 2952 2
446 2330 2
1079 1219 1
3536 3081 2
337 1716 2
2648 1085 1
2081 1758 2
302 1313 2
2686 2470 2
2876 2887 2
475 676 1
2671 2843 2
381 2069 2
756 2913 1
1306 3769 1
2451 595 1
1441 2725 2
626 756 2
1868 2465 2
1069 1888 1
404 736 2
2139 3265 2
266 1695 1
2921 638 1
2927 1048 1
3503 253 1
2393 25 2
1688 3723 2
1768 2903 1
505 1367 2
1399 1525 1
1218 3200 2
1516 1018 2
2772 2468 1
352 2271 1
665 3729 1
2330 2636 2
582 2984 2
1276 2451 2
934 227 1
1883 1382 2
2916 1000 2
2256 1835 1
7 1222 1
1536 1930 2
3640 1867 1
2014 1846 2
1882 3559 2
3397 1246 1
416 1084 2
1406 1579 1
2992 82 1
970 589 1
3769 2829 1
2521 3606 2
1434 2603 1
3034 1369 1
1350 702 1
3193 423 2
349 785 1
1267 3207 2
3259 1420 2
404 3624 2
1455 2943 2
2501 3670 2
2552 2774 1
2596 2665 1
756 2596 1
2390 286 1
1309 614 1
3361 3086 2
252 3190 1
3506 21 1
1523 3041 2
939 1325 2
3227 3531 1
1846 247 2
322 1831 2
1732 3371 1
841 2474 1
2438 1451 2
2502 2275 1
3338 70 2
977 213 2
1978 287 2
186 3517 2
2883 3177 1
775 3489 2
504 845 2
1790 3527 1
848 2548 1
1643 3255 1
2357 1702 2
3549 405 1
1297 3147 1
2647 3661 2
11 3550 2
3140 1235 1
775 998 2
2196 2586 2
628 1339 2
2590 2152 1
2035 3512 2
607 3760 1
849 1956 2
2781 1390 1
3721 1854 2
405 489 2
2874 436 1
81 728 1
3579 1374 2
3311 3011 1
800 599 2
1077 2122 1
639 3538 1
1983 1982 2
2591 161 1
81 127 2
104 1002 1
2282 1588 1
1064 3390 2
845 3095 2
3650 1803 1
2602 81 1
845 1821 2
762 888 2
157 2699 2
2361 1307 1
1082 800 2
1629 244 2
2663 3697 1
1365 1304 2
2891 3652 1
1438 2519 2
860 2793 2
3549 2361 1
2514 3105 2
469 3119 1
2789 3406 2
1204 1065 2
447 273 2
2969 2958 1
1643 3225 2
1101 374 2
2354 620 1
831 2336 1
907 1193 2
1173 2806 1
470 1266 1
437 2668 2
584 1083 1
1769 948 1
1853 377 2
1925 2321 1
3474 3628 2
61 1365 2
109 139 2
2517 1748 2
145 3250 2
985 2222 2
2556 3518 2
1941 999 1
1255 1753 1
472 2573 2
999 985 1
1007 2591 1
1196 3738 1
1173 1775 2
3389 3 1
1735 3357 1
1145 120 2
2236 2809 2
2541 336 1
2709 168 1
406 1137 2
3540 831 1
2008 2443 2
1315 1650 1
61 2789 1
3078 73 2
2062 1964 2
2354 1019 2
1473 1927 2
3048 2673 1
2508 907 1
1819 849 2
2958 1292 1
1801 3474 1
290 1504 1
3542 3647 1
1329 751 2
2848 3094 2
523 1801 1
272 3617 2
304 1641 1
3 3418 1
2182 2313 1
629 3290 1
3406 1323 1
1734 1039 2
2243 3766 2
2886 1976 1
509 3672 1
1019 3306 1
1942 1214 1
890 3611 2
2997 2106 2
1878 864 1
2673 3650 1
3306 1407 2
482 1973 2
1759 2332 2
336 2137 2
679 628 1
2983 1405 2
1654 2751 1
3737 1645 1
3599 1027 1
751 1103 2
2422 72 2
1311 3465 1
1806 1311 2
1982 1998 1
3746 1449 1
1602 2484 1
1891 682 2
1007 500 2
2443 1077 2
1329 122 2
3000 394 1
2994 2387 2
1438 3539 1
1775 1619 2
3101 3102 1
1748 2315 1
1323 2556 2
773 2848 2
1976 890 2
3647 2542 2
3301 880 2
1292 2882 2
2184 1997 2
1365 283 1
494 1709 1
354 2677 2
1137 1174 1
527 2132 2
3766 577 2
950 3335 1
3161 2282 2
2085 1040 1
495 1710 1
1339 2957 1
70 3739 2
2243 3016 2
867 3338 2
3530 1064 2
2599 2982 2
2797 3673 2
2660 1188 1
2752 200 2
161 2972 2
2273 579 2
1058 3343 2
3277 3473 2
874 2749 2
2709 1500 2
2650 1941 2
2370 3669 1
3466 2196 1
1790 3000 2
2994 657 1
1757 350 2
495 3461 2
880 755 1
1956 2825 1
2126 3653 2
1040 2398 2
716 1593 1
2243 2877 1
1428 447 2
3336 1692 1
2958 1297 1
755 1329 1
1323 2578 1
2132 1576 2
469 1294 1
2484 945 1
414 1203 1
24 1484 1
2612 546 2
1040 2243 1
76 828 1
860 482 2
3461 3126 2
2716 2090 1
2635 1827 1
1101 2252 1
713 1562 1
179 1372 2
1652 513 2
1755 1005 1
3473 1807 2
1020 545 2
3101 647 1
1193 1643 1
315 1771 1
70 3457 2
1827 1849 1
3011 1788 2
1914 1131 1
906 187 1
3552 2734 2
2749 2126 2
394 857 1
3277 874 2
2346 61 1
1775 3351 1
767 284 2
1700 1148 1
3279 1236 2
757 3206 1
3384 391 1
767 3209 2
3290 3245 1
890 3564 2
3389 390 1
1235 361 2
1748 2612 1
104 3140 2
875 629 2
120 3726 2
2983 179 1
3623 290 1
1304 940 1
1538 1204 2
1332 3456 2
1141 2656 2
1187 1360 1
2660 2214 2
482 3256 2
2401 1086 2
1297 396 1
2800 2264 2
3527 2716 2
54 1335 1
921 1950 1
1937 867 2
1285 927 1
895 630 1
607 324 2
2859 607 1
260 1624 1
2137 873 1
3078 757 2
2958 973 2
3713 1295 1
355 2874 2
2567 1937 1
1769 12 1
1941 2647 1
705 1259 1
3540 1946 1
2354 1145 2
3412 354 2
436 1756 1
3205 930 2
1027 3205 2
3016 881 2
2781 716 2
3 1717 1
3141 1547 1
1077 115 1
3141 509 2
2602 3006 1
386 3556 2
2023 1837 1
2567 3708 2
3033 504 2
3183 3542 2
127 2497 2
1020 3713 2
1770 1129 2
1002 3549 1
2085 257 1
2652 1629 2
2720 3141 2
2548 1719 1
315 1136 1
682 469 1
1193 2720 1
538 2878 2
1438 639 2
304 2994 1
2848 1892 1
2282 1815 1
3652 1759 1
584 454 2
579 3146 1
1743 355 1
3702 3416 1
1204 1132 1
527 674 2
3219 2170 2
2789 1332 2
1077 3160 2
1142 406 2
3119 1287 1
3676 1173 2
3241 157 2
1892 654 1
354 1933 2
1997 1919 2
2673 2859 1
1871 3612 2
2313 2883 2
3105 2886 2
3512 2442 1
1593 1141 2
2985 1742 1
2063 3219 2
469 2109 1
2062 2354 2
1266 760 1
3527 1541 1
414 3388 2
3119 848 1
1743 318 1
860 2973 2
1029 3272 1
1978 2907 2
949 3112 2
1131 2722 2
584 2781 1
3676 2945 2
2599 2317 2
2736 233 2
1187 3659 1
336 2577 1
1807 94 2
2132 414 2
3141 238 2
2514 3667 1
2132 329 2
1755 648 2
2945 3734 2
2994 412 1
3713 46 2
1051 1058 1
1853 1829 2
2647 386 2
2362 875 1
2945 2650 1
1086 1340 2
1950 2111 1
115 527 2
1077 203 1
434 1255 1
1854 918 2
1187 434 2
3232 3241 1
1964 960 2
1585 64 2
2660 3152 2
2508 2008 2
2983 1096 1
1311 2897 1
2514 3731 1
985 3078 2
2660 1914 2
1538 315 2
1950 659 1
1654 1209 2
535 773 1
2332 3623 2
319 2505 2
1020 2969 2
109 346 1
3105 2362 1
2768 3294 1
97 538 1
3611 2273 2
2751 2189 1
1717 906 2
97 2576 1
179 3059 2
72 1082 1
584 2422 1
1840 1159 2
1042 3101 1
1137 3161 1
377 2752 2
145 3500 2
2751 97 1
73 1051 1
161 2690 2
2661 2346 2
521 206 1
3351 3562 1
2577 3530 2
775 2635 1
2182 2063 1
2516 763 2
1187 2718 2
403 2977 2
3245 2296 1
2159 3033 2
1771 2182 1
1547 2869 2
1998 1826 1
2969 2401 1
3672 1755 1
2085 1743 2
3161 1195 2
961 2381 1
627 104 2
874 2077 1
3422 1211 1
1203 2035 2
3602 3689 1
2422 2185 1
1956 3540 2
412 1213 2
2490 427 1
1035 2023 1
104 2710 1
1941 472 1
3447 2159 1
2808 2599 1
599 3019 2
2720 2541 2
3023 3466 2
1214 521 2
2752 1498 1
1027 1417 1
104 601 1
2709 1101 1
3301 1890 1
3209 1652 2
3343 713 1
883 2736 1
391 1234 1
1943 2891 1
2321 1806 1
3 76 1
1372 3260 1
1360 1199 1
2006 2062 2
1827 1245 1
2542 2660 2
1213 2724 1
1335 1681 2
3667 3412 2
2126 879 1
619 2227 2
1756 3336 1
3422 1029 2
3653 186 1
1284 2805 1
1997 2757 2
414 591 1
1982 2709 1
1199 2590 1
1755 11 2
763 1770 1
2591 2281 2
659 3311 2
3161 2110 1
3466 2108 2
1927 2985 2
1772 921 1
873 451 2
414 2532 2
2111 775 2
273 507 2
73 2431 2
2189 2768 2
973 1654 2
1311 950 2
1997 3384 1
2252 3775 1
3599 3721 1
1304 787 2
948 1366 2
3540 3625 1
1939 883 2
260 651 1
1950 616 2
1199 2517 1
1283 1757 1
3095 661 1
2576 1241 2
998 624 1
930 3279 1
2370 3277 2
2508 3599 1
482 1436 1
674 2085 1
3672 1042 1
3290 2306 1
1329 2630 2
3760 2997 1
3659 3318 2
755 2184 2
244 2231 2
883 330 2
2196 961 2
2637 3048 2
2808 3065 1
390 3715 1
1360 1925 2
1849 1078 1
260 2602 2
1064 555 1
336 3075 1
2630 1408 1
3653 2814 2
257 1215 2
1562 3464 1
3250 1020 2
3461 767 2
800 1708 2
507 1769 2
115 260 1
2196 1978 1
1769 824 2
1284 1790 1
2528 65 2
3100 3381 1
867 1481 1
857 1585 1
1871 1177 1
3019 2637 2
350 145 2
2718 2219 2
1826 2076 2
1481 1152 1
1973 2763 2
1136 2839 1
579 1088 1
1129 1315 1
1624 2117 2
3564 1668 1
2109 3579 2
3011 3737 2
1933 3352 2
238 1553 1
888 3181 2
76 1971 2
97 3232 1
1332 584 1
760 3305 2
1891 2782 2
1771 3108 2
3697 1772 1
1854 3681 1
436 2399 2
1827 2413 1
767 1939 1
3102 1284 1
2282 2480 1
2782 619 2
2661 1602 2
2782 679 2
3681 2516 1
210 2583 2
2517 3409 2
787 3422 1
2401 3183 2
2422 304 2
238 1035 2
1307 3584 2
874 523 2
157 1840 2
3357 2983 2
1148 2802 1
3374 1285 2
1878 1735 1
527 3301 1
2532 1142 2
523 403 2
3739 2403 1
2152 272 2
1562 1175 1
76 1672 1
161 1642 2
2122 2567 2
2346 3695 1
2720 2006 1
3205 3676 1
3466 2528 1
679 2661 1
1148 437 2
3623 1395 1
1086 2868 2
2874 1538 2
2541 2437 1
1998 3052 2
3418 319 1
295 762 2
244 494 2
2137 295 1
272 109 1
3138 3023 1
3775 949 1
3219 1428 1
1827 470 2
705 495 2
1188 440 2
787 1196 1
1982 3138 2
2757 16 2
3412 3702 1
1078 1007 2
1983 3326 1
682 1943 1
3667 2490 2
2189 2353 2
1775 2374 2
61 3348 1
233 1438 1
3065 2247 2
705 2322 2
315 3724 1
2315 1283 2
2387 3646 1
1772 1774 2
3530 2514 1
2751 2357 1
2035 3732 2
1553 3009 1
1287 1853 2
977 2808 1
355 3435 1
3095 3602 1
1538 300 2
3730 3386 1
2590 3220 1
1997 1983 1
2673 3496 1
831 1561 1
3177 596 2
3219 3109 2
1086 1700 1
2590 690 1
2736 3488 2
1982 210 1
3461 1819 2
1504 3374 2
1946 3168 2
3552 2236 1
1174 1993 2
3205 627 1
3112 1871 2
2442 2800 1
601 2652 1
290 3447 1
3625 3100 2
1828 672 1
977 813 2
3564 24 1
3009 2797 2
2907 2370 2
1203 895 2
1234 2930 1
3473 3730 1
3760 535 1
2370 3552 2
64 3155 1
2110 1878 2
857 1473 2
3305 798 1
1019 1828 1
546 1012 2
1939 2125 2
1770 1187 1
864 1942 2
2062 54 2
3456 1189 1
2576 2976 2
290 1734 2
555 2253 1
2189 860 1
1937 977 1
2357 705 1
584 2228 1
2718 3389 2
213 1891 2
857 3746 2
1307 2663 1
2977 1934 1
713 751 1
3311 1943 1
648 145 1
2907 186 1
192 2425 1
922 658 2
428 2420 1
3234 2235 2
3425 1450 1
3740 522 1
1391 916 1
1658 2584 1
2405 2011 1
1566 380 1
2770 1605 1
2522 3772 2
2764 1805 2
303 102 2
3495 724 1
3425 2568 1
255 2492 1
2147 612 1
150 931 2
3298 3399 2
211 703 1
2218 3328 1
2986 1584 2
1805 2216 2
1010 1582 1
610 1911 2
835 1258 1
3083 2822 2
1393 3593 1
2377 351 1
696 2765 2
3436 1586 1
255 673 1
871 3281 2
2995 1182 1
201 484 1
2714 2045 1
130 3671 2
1391 1047 1
1848 2638 1
1521 1503 2
3131 3768 1
3749 2221 1
909 1090 2
1291 1537 1
484 338 2
1121 604 1
2574 2278 1
823 3262 1
2365 3058 1
3330 3099 1
3495 2147 1
2730 2714 2
444 2892 1
2705 3135 1
1227 2812 2
3436 2697 1
703 759 2
2172 2220 1
3475 174 2
1286 2545 1
909 664 2
1565 2836 1
1182 191 2
3472 2678 1
2476 1356 2
328 1521 1
1352 215 2
1584 2154 1
3010 3477 2
2027 1508 2
2902 3601 1
1521 2427 1
1015 3425 2
1780 3237 2
610 1684 1
915 201 1
263 1017 1
3455 3514 2
2858 1326 1
3158 3320 1
402 700 1
3266 413 2
1182 2024 1
3137 2988 2
1207 3524 1
316 3252 1
2715 1691 2
2015 448 1
1384 141 1
3394 3184 1
1766 1720 2
17 2792 2
3365 3665 2
2966 2025 1
3068 2574 2
428 1985 1
696 3035 1
1496 2463 2
2705 1277 2
3328 2217 1
1566 169 1
2007 2525 1
1424 3391 1
3728 236 2
347 3718 1
256 1512 2
1055 2766 2
478 552 2
370 3472 1
1015 2990 1
3145 199 2
3417 2863 1
1508 1015 1
2377 1569 1
2365 2436 1
235 2705 1
3678 379 1
552 2597 2
2180 942 1
610 143 2
1200 2363 2
1435 2946 1
3320 3644 1
732 444 2
732 2466 1
107 1677 1
1425 2838 2
2995 1480 2
711 364 1
3262 3407 2
3218 2632 2
1015 3728 1
2697 3638 1
2812 548 1
1356 1529 1
2147 2365 1
1673 2288 1
193 2764 1
3320 735 1
2477 3741 1
88 2558 1
598 365 1
868 1535 1
2767 261 2
2276 2369 2
2748 2433 1
1248 1580 1
3613 3487 1
1678 1134 1
1848 17 1
1345 2629 1
2701 3683 1
2216 892 2
2727 1968 2
3375 1430 1
3132 3380 1
738 1908 2
1345 41 1
191 1355 1
558 2029 1
738 1678 2
1848 3197 2
2914 2258 1
3153 1437 2
3145 3273 1
232 2942 1
551 298 1
74 3663 1
3434 2439 1
2221 3353 2
1722 529 1
711 124 1
529 276 2
738 357 2
802 224 2
3197 185 2
1503 2904 1
3593 2064 2
1490 3365 2
137 250 1
2064 2015 1
3601 3022 1
1277 3158 2
39 2421 1
924 2667 2
2526 3651 1
3262 2279 2
1584 3345 1
41 909 2
2147 2853 1
2822 492 2
3246 3591 2
1514 837 2
250 2161 1
2544 1698 2
3022 232 2
3153 903 1
2429 2118 1
893 2237 2
1356 1780 2
2995 3333 1
1032 481 2
956 280 1
124 2889 1
1992 2007 1
916 3470 2
1391 3484 2
2025 1781 1
2221 1899 2
3399 1478 1
3522 3039 2
892 1021 1
2628 2377 2
2425 1046 1
3153 2405 2
517 990 2
3570 2267 1
3395 1248 2
298 3187 2
2161 1269 1
3278 231 1
2701 781 2
617 3247 1
3445 532 1
1870 198 2
2310 2700 2
3495 1559 2
548 1149 2
769 1038 2
2638 964 1
2463 2113 1
532 2310 2
1055 3690 2
2986 1425 1
2629 818 2
39 1739 2
959 2959 2
3328 1496 1
1326 3481 1
712 2986 1
1503 623 2
786 150 1
303 1479 2
1584 3246 2
232 1513 1
3073 3083 1
298 3434 1
3281 3298 1
3604 3385 2
236 2475 2
1809 1461 2
3535 2093 1
2852 1389 2
14 617 2
1087 2618 1
916 3230 1
1985 2744 1
3425 1542 1
3663 1666 2
3273 786 1
2151 443 2
835 1194 1
1493 1384 2
759 1458 1
193 3613 1
3663 3010 1
107 20 1
2433 117 2
1723 3740 2
1437 3567 1
2506 2285 2
1047 2628 1
1678 1633 2
2466 1200 2
3184 1906 2
3287 1514 1
1038 2506 1
1352 987 2
2235 1766 2
2889 3436 2
3050 417 2
2503 901 2
658 1926 1
2832 3558 2
2579 685 2
942 2136 2
1479 3069 2
1605 2141 1
117 2116 2
88 3716 1
2007 2434 1
2199 1718 1
3394 340 1
2764 2566 1
3328 1232 1
709 1493 2
2770 610 1
3395 3576 1
3353 3169 1
2141 2477 1
2434 1439 2
3247 1172 2
1678 2151 1
3058 1352 2
2463 2179 2
1232 2338 1
102 1992 1
522 719 2
3487 1893 2
3103 1469 1
2863 1059 1
3022 2918 1
2172 511 2
1911 3072 1
703 3375 1
1583 3149 1
328 1317 1
1627 2331 1
3169 3084 2
2595 738 2
3099 3278 2
1781 1722 1
2852 3572 1
1165 1010 1
1138 984 1
871 2924 1
130 571 1
3665 3577 1
2912 956 2
1375 328 1
2942 1566 1
102 1282 1
2924 3410 1
2400 897 1
296 2832 2
1584 871 1
2863 493 2
781 2180 1
3035 2601 1
2011 772 2
2902 2027 1
1182 2865 2
1870 1848 2
201 1876 1
1334 19 1
893 3132 2
3099 1551 1
1569 78 2
2475 558 1
909 823 1
235 712 1
2544 490 2
3440 915 2
3013 769 2
1282 2265 2
1059 1160 2
2988 486 1
738 10 2
2506 255 1
1809 2711 2
2584 3330 1
2506 643 1
201 3543 2
1200 3218 1
1021 954 2
303 88 1
1816 2852 1
49 3145 1
3772 2966 1
14 107 2
931 3394 1
2178 347 1
1781 2251 1
3278 1556 1
226 3629 2
2515 226 1
2216 3475 1
211 3459 2
1496 3317 1
2853 1723 1
1439 2925 1
3576 3329 1
802 919 2
2141 2902 1
3287 2257 1
3025 192 1
571 216 1
598 1115 2
769 204 2
280 3020 2
1140 876 1
703 924 1
2475 1557 2
2355 2783 1
3230 3445 2
3137 2046 1
3567 74 1
59 1571 1
1437 802 2
3365 768 2
2147 2098 1
78 1870 1
2425 1140 2
922 1181 2
3022 3142 2
1529 3444 2
1627 303 1
1071 1975 2
1087 3137 2
2351 9 2
3535 14 1
2914 2856 2
2276 551 1
3535 2646 1
2574 2748 1
3084 1375 1
1655 1244 2
2251 1100 1
88 696 1
1968 3287 2
1391 2581 2
2853 59 2
1583 478 1
2141 2759 2
3365 3495 1
365 2440 2
3424 618 1
1503 1490 2
1227 846 2
3171 2284 2
3145 1570 1
1876 1165 2
735 2355 2
903 1623 1
1476 1776 2
3131 575 1
2369 1842 1
2199 2200 1
735 518 2
328 428 1
2116 3266 1
2815 868 1
2235 3073 2
3287 1393 2
623 49 1
59 2995 1
2319 1658 1
3741 959 1
2024 370 1
2838 1032 1
1375 1291 1
2113 517 2
2161 2730 1
2257 536 2
236 2021 2
2046 1121 1
1389 3050 2
1776 130 1
2988 3089 1
3132 789 2
2020 533 1
3353 1809 2
1535 95 1
493 2172 1
2237 2400 1
2522 2715 2
1781 1391 1
2574 3749 1
1375 2476 1
1476 2343 2
612 68 1
2001 3535 1
3237 132 2
1968 2312 1
1493 457 2
3535 3507 1
1227 2815 1
2435 378 2
612 3441 2
3495 2914 1
201 835 1
2116 2199 2
298 1857 2
3013 806 2
1723 2515 1
2027 1627 1
1535 1345 1
3511 3025 2
3511 709 2
1666 1067 1
3394 2790 2
2363 1055 2
3171 3393 2
1165 598 2
1134 524 2
3718 3417 1
2904 1138 1
3184 3610 1
3131 3171 2
658 1583 1
3535 1071 1
2766 1487 2
78 3570 1
1021 1435 2
685 202 1
1776 3071 1
1140 3545 1
1227 1334 2
1781 3604 2
2597 3440 1
712 3131 2
3484 1087 1
2924 402 1
3535 2460 2
2558 2858 1
1722 2827 2
1194 1565 1
2365 211 2
347 2319 2
3767 1424 1
17 2416 1
364 2218 2
1780 296 2
1514 3387 1
2251 2291 2
2995 288 2
1926 2445 1
3772 3103 1
984 263 1
2881 2503 1
2355 1207 1
1723 922 1
2942 2970 2
3035 1286 2
2756 3296 1
915 3236 1
444 39 2
1603 3128 1
2759 893 1
1439 292 1
2312 1227 2
712 2579 1
903 1603 2
2574 2544 2
1911 656 2
772 2912 1
2355 2178 2
954 2769 1
2021 496 1
1848 817 1
2172 2831 1
3145 1476 1
3385 137 2
402 2756 2
2024 235 1
2113 3143 1
3572 2595 1
2004 3522 1
19 341 1
2545 2453 1
2766 3395 2
673 2429 1
3324 2701 2
2011 2770 1
3171 549 1
3128 3511 2
378 2004 1
802 3455 2
2766 2522 1
2924 2881 2
1529 6 2
3013 652 2
1780 3534 2
478 2020 1
2770 3013 2
769 1618 1
2276 732 1
2831 2813 2
2813 316 1
700 2740 1
2093 93 1
216 2001 2
59 1511 1
664 2435 1
2172 1117 1
1015 2727 2
457 3068 2
448 3424 1
719 581 2
2667 1655 1
3535 3234 1
402 2351 2
2007 3767 1
1248 2767 2
255 193 2
1244 1673 1
536 808 1
2331 711 2
2216 3066 1
1718 256 1
1911 2585 2
2459 3324 1
511 2696 2
357 3403 2
328 2459 1
2506 3735 2
3287 1808 1
3524 3678 1
169 1816 1
524 2276 2
2714 2526 1
413 3508 1
1038 2770 2
3638 1121 1
3395 1557 1
3237 3324 2
174 1992 1
2024 2284 2
2598 1552 1
90 3373 2
3337 2105 2
2753 3211 1
2896 2784 1
606 2753 2
3337 730 1
3603 3192 2
1099 2598 2
820 3063 1
1099 3756 1
3603 1238 2
1961 1599 2
3373 1961 1
2784 1298 2
1640 2664 2
2598 1741 2
2896 1099 1
1099 3337 1
1961 776 1
2664 820 2
3603 943 1
3603 2091 1
2105 2356 1
1599 526 2
2091 1308 2
90 667 1
2784 1640 2
2784 148 1
3211 1260 2
2105 606 1
2598 3603 1
1552 90 1
943 3373 2
1099 1640 2
90 1741 2
1741 1961 1
2598 3373 2
3603 820 1
667 1640 1
730 943 2
1298 1552 1
1099 1298 2
1298 776 2
1741 1298 2
1741 526 1
3063 2091 1
606 1599 1
3337 1741 1
3756 776 1
943 667 1
820 2784 2
820 667 1
1741 2091 2
1308 3756 1
2784 943 2
2105 526 2
2598 776 2
2091 1099 2
3063 90 1
1308 1640 2
730 526 1
2105 148 2
2598 667 1
526 3373 1
3192 667 2
943 1741 2
1238 667 2
3756 2784 1
148 2664 1
148 1599 2
3063 3192 2
1640 730 2
730 2091 2
3063 943 1
2356 1599 1
3373 2091 2
90 730 2
3337 1308 1
667 1298 1
148 1741 1
2664 1961 1
1552 1238 2
3756 2664 1
1308 148 1
1099 820 2
3373 3756 1
2598 730 2
1961 2784 1
2896 2105 2
2664 3337 1
3603 90 1
2896 3373 1
1640 1741 2
1298 3063 1
730 148 1
943 776 2
3337 3373 1
943 1552 1
2896 1741 1
1961 1308 1
2598 2664 2
1599 3756 2
730 1961 1
3373 820 2
1298 730 2
3756 730 1
148 3373 1
1308 1298 2
1099 526 1
3192 1552 2
1298 2664 2
1238 3063 2
943 1099 2
526 776 1
2664 90 2
2664 943 2
2105 1961 2
148 776 1
1599 3337 2
1099 1961 1
2896 1308 1
2664 2091 2
1308 943 2
667 2091 1
3373 1640 2
3373 1298 2
2598 1308 2
3223 3751 1
2349 2129 2
2037 1653 1
1843 2850 2
2037 3327 1
2565 1089 1
2742 1120 2
2565 2651 2
3091 2388 1
3040 2087 2
2375 1550 2
2550 33 2
342 1909 1
2554 3040 1
2704 2238 2
3719 2962 2
2457 221 2
33 3091 2
2037 2375 1
3091 3719 2
2851 3597 2
3719 2704 1
2238 123 2
2651 2674 1
3498 2742 2
2457 3498 1
1653 80 2
2565 251 1
2037 2899 2
3498 2645 1
1550 342 1
2565 389 1
556 727 1
3719 2457 2
3355 3448 1
3719 2554 2
1120 410 1
342 556 2
2850 3619 2
2238 2349 2
2037 2550 1
2639 2266 1
1909 2335 1
727 264 1
1089 3554 2
221 3018 1
1530 3223 2
3091 2851 1
3018 2565 2
2335 1530 1
1653 3355 1
2554 3492 1
3597 91 1
2457 2639 1
3448 1843 1
2087 3751 2
221 1653 2
3091 3492 1
2550 1843 1
2349 221 1
2335 556 2
3751 1653 1
3492 2550 1
2554 2674 2
1843 2266 1
80 2335 1
3448 2851 1
2851 2375 1
80 3018 1
3223 2037 1
3091 3619 1
1120 2899 2
2639 1653 1
2087 3492 2
3498 3091 1
3498 3448 1
3091 3355 1
2851 2550 1
1120 2554 1
123 221 1
2645 3619 1
2037 2742 2
3327 3492 1
2457 3040 1
2349 2565 2
80 342 1
3498 410 1
2087 1843 2
1530 1653 2
2335 221 1
2850 3040 2
3719 2651 1
123 33 1
1530 342 1
2962 3040 1
2266 3040 1
2266 1909 2
2704 221 1
3719 3327 2
1530 2645 2
2037 2850 2
1089 556 1
1843 2554 1
410 2851 1
3719 123 1
2850 3498 2
2565 727 1
3223 3492 1
2850 2388 2
251 2238 1
2645 1120 1
123 2129 2
3492 2850 2
3355 2087 2
3091 1843 1
2550 2639 1
3327 33 2
2565 2704 2
2674 3327 2
3040 2375 1
1909 2645 2
2087 1120 2
2639 3327 1
727 2238 1
2742 2851 2
342 221 1
3223 80 2
2087 3619 2
1909 1653 2
3223 33 2
2266 3355 1
91 2742 1
3492 2457 1
2388 3223 1
2388 2266 1
2899 3355 2
1550 410 2
2651 1550 1
1550 2349 1
2457 1530 2
2335 2565 2
3091 2037 1
264 2335 2
3355 2550 1
2639 410 1
2651 2238 2
1120 3091 1
3040 3448 1
80 2349 1
3091 221 2
2674 3091 2
264 123 2
3223 1843 1
2961 2402 2
1773 840 2
3251 339 2
3251 2961 2
1773 2096 2
339 3632 1
2961 1773 1
339 1830 1
28 1472 2
2096 2233 1
339 28 1
2096 3632 2
2961 3632 1
1830 2096 2
28 2961 1
1830 2961 1
28 840 2
1472 1830 2
1472 1773 2
28 2096 2
339 1773 1
840 1830 2
1472 2233 1
840 2233 1
3632 1472 2
2402 339 2
840 3632 2
2404 653 2
1532 3762 2
3315 1856 1
205 3592 2
3680 3315 1
3762 2890 1
400 3633 2
3633 2404 1
2404 166 2
3592 299 2
3762 980 1
166 1689 2
2890 400 1
2057 267 1
2094 40 2
205 1532 2
3680 1312 2
2057 3705 1
2890 1581 1
3680 2166 1
3762 2735 1
3633 2057 1
299 3680 2
3592 2198 2
2166 2536 2
2166 2094 1
40 2540 2
1312 267 2
1689 3633 1
2057 3680 1
2536 3315 2
267 400 2
1581 3705 2
3592 2057 1
2735 400 1
2166 3633 1
267 2404 1
2890 1312 1
2735 1581 1
3680 205 2
2890 2198 1
267 1581 2
3633 205 2
3633 2198 2
40 3680 2
3315 653 2
2094 299 2
2540 2404 1
1689 267 1
166 3315 2
2198 1856 2
1856 299 2
1312 3633 2
2166 1856 1
267 3762 2
2540 2166 1
2057 2536 2
205 267 2
3762 3633 2
166 2057 2
2094 2198 2
2198 1532 2
3633 1581 2
3592 1312 2
3592 1689 1
1532 400 2
3633 40 2
1532 1312 2
3705 2166 1
2094 400 2
1532 2404 1
2540 205 2
1689 3680 1
205 980 1
2536 1689 2
3680 2198 2
400 2540 2
1581 1532 2
1581 2540 2
980 1312 1
3592 1581 2
3315 2540 1
2404 3680 1
2166 166 2
653 2057 2
40 267 2
3705 40 2
3680 400 2
2540 1312 2
980 400 1
2198 980 1
3705 1312 2
980 299 1
3762 3705 2
1689 1856 1
3680 1581 2
3680 3762 2
3762 2094 2
3592 2404 1
1689 653 2
1689 3705 1
1856 3762 2
1312 2735 1
2404 1856 1
2404 2094 1
2404 3705 1
299 3633 2
1689 2540 1
2735 205 1
400 1856 2
2094 1581 2
400 3705 2
1689 2094 1
2540 3762 2
1532 3315 1
299 2735 1
3315 3592 1
40 980 1
2166 1532 1
2166 3592 1
299 1532 2
3592 40 2
299 2540 2
299 3705 2
1856 1312 2
2166 267 1
3315 2094 1
1856 2057 1
1532 2057 1
2198 3705 2
3315 267 1
1581 1856 2
267 2198 2
2540 2057 1
299 2890 1
205 2094 2
1105 2138 1
1105 2059 2
2138 2248 1
2138 105 1
2059 2248 2
2059 2138 2
105 1105 1
2248 1105 1
2248 105 1
2059 105 2
2572 42 2
3150 514 2
1273 3162 2
42 1273 1
3150 2572 1
2923 2145 1
2923 2287 2
1594 274 2
1594 1095 1
1594 822 2
822 1095 1
274 822 2
274 1095 1
1802 2620 2
1802 2034 2
