1814 1926
1363 888 1
1804 381 2
1568 1278 1
331 216 1
134 1199 2
486 1254 1
249 120 2
1199 72 1
628 544 2
329 1039 1
560 747 2
691 1432 2
1063 1340 2
205 1219 2
780 1458 2
512 1161 2
732 698 2
790 1111 2
1538 820 1
512 1638 2
1363 909 2
1113 1309 1
305 1341 1
1707 1587 1
1786 1139 2
1227 1625 1
291 859 1
1097 1593 1
1074 1362 2
1691 1283 2
809 786 2
844 718 1
889 963 1
1479 896 2
1608 255 1
601 1577 2
1254 973 1
1111 653 2
1179 1321 2
815 1418 1
1643 809 1
1143 601 1
139 1307 2
1485 1227 2
573 1617 2
1420 1433 2
750 866 2
775 309 1
503 1776 1
653 97 1
72 143 1
1676 1044 1
476 137 1
226 1302 1
1048 412 2
1676 1164 1
214 1615 1
991 1696 2
1720 1455 1
1266 1265 1
1723 1229 2
780 669 1
107 1449 1
434 1228 2
501 363 2
164 1414 1
1032 919 2
447 825 1
797 220 2
1446 1333 1
1614 1487 2
1756 273 2
139 1502 2
1564 778 1
1161 1786 1
547 765 2
466 628 2
1273 1709 2
711 673 1
1340 1192 1
680 486 1
1610 854 2
1490 177 1
944 940 1
1083 211 2
1615 838 2
1684 1115 2
1162 591 2
1241 1803 2
1664 1274 2
680 599 1
43 849 1
88 394 2
245 129 2
226 882 2
1044 1051 2
1458 48 1
1096 1246 2
182 1811 1
977 230 1
1615 1690 2
1492 267 2
262 1627 1
1702 1415 2
1165 1152 1
311 1160 2
1083 826 1
548 1014 2
946 547 2
212 1090 2
285 1360 1
1512 655 2
1499 447 1
650 623 2
884 917 2
211 783 1
632 693 1
49 891 2
984 44 1
1298 1678 1
244 63 1
1621 278 1
1663 87 1
430 610 1
1617 796 1
1149 1330 2
1042 1531 1
1577 330 2
1730 1073 2
1664 754 2
909 1775 1
810 73 1
1492 1371 2
606 423 2
19 1300 1
790 1116 1
911 359 1
1707 182 1
909 176 2
267 1782 2
1333 791 2
1685 1793 2
381 505 1
1741 387 2
662 1535 2
981 1492 1
977 276 1
451 1549 1
1052 766 2
305 1436 1
212 168 1
891 1764 2
1568 1476 2
1322 1063 2
36 1091 2
882 758 1
1253 417 1
1617 93 2
171 1450 2
973 1032 2
1450 1298 1
271 106 1
1111 1445 1
786 1721 1
1775 495 1
619 555 2
178 386 2
451 1488 2
525 1702 1
446 411 2
461 380 1
410 499 2
1111 1093 2
786 1441 1
1538 1375 2
996 218 1
401 702 1
1032 88 1
1608 1367 2
650 712 1
1067 1670 1
63 821 1
775 562 1
481 152 1
343 1767 2
890 694 2
1278 979 1
166 1313 1
296 1098 2
1377 30 1
1685 1606 1
655 166 2
60 1205 1
944 889 1
962 564 2
63 680 2
981 911 1
1559 475 2
1566 1322 2
777 863 2
1118 1259 2
991 1416 2
1627 1357 2
1164 1464 1
136 113 1
1617 649 1
909 433 1
782 593 1
218 641 2
384 1043 1
610 1518 1
1445 984 2
630 1404 2
1313 200 1
1420 954 1
57 1516 2
261 1118 1
779 853 2
1417 1456 1
304 56 1
1118 440 2
1295 742 1
1676 907 2
1199 777 2
1450 1401 2
1502 1760 2
1364 1344 1
946 485 2
329 1182 1
1539 604 1
530 1269 2
981 879 2
532 794 1
1261 415 1
1333 136 2
1616 1582 1
33 870 1
1577 1380 2
244 691 1
12 409 2
683 222 2
380 1067 2
341 26 1
1115 14 2
1469 706 1
946 844 2
1228 360 1
604 32 2
501 956 1
309 193 1
213 1519 1
574 795 1
1235 213 2
294 155 2
957 833 2
601 548 1
214 708 1
409 38 2
61 1539 1
787 728 2
1148 1328 1
1806 352 2
815 75 1
1716 1485 1
1404 85 2
238 1148 1
1121 1324 2
118 631 2
38 1292 2
1684 572 1
808 941 2
522 1504 2
423 1520 1
1133 1365 1
432 512 1
655 1658 2
192 789 2
68 1477 1
18 1807 1
750 1057 1
212 932 1
1096 947 1
1030 665 2
1709 536 1
560 962 1
1351 254 2
1038 474 1
1599 573 1
1194 191 2
37 228 1
718 60 1
1487 329 1
1072 1121 1
889 194 1
650 108 2
1424 1345 1
1807 226 1
1457 1074 1
1458 1181 1
182 1568 1
309 921 1
1295 4 2
911 1787 1
1415 1012 1
695 1434 1
222 950 1
908 1392 2
1253 1685 2
1236 1275 1
889 76 2
125 1211 2
1433 23 2
206 9 1
274 125 2
220 862 1
517 571 2
19 40 2
888 887 2
977 1336 1
1233 872 2
920 878 2
38 597 1
1518 274 2
748 446 2
1716 107 1
1650 1429 2
1236 1376 1
889 1038 2
1625 1084 2
525 1172 1
783 1682 2
717 682 2
228 86 2
1328 389 1
1637 8 1
1406 1616 1
37 1124 2
1674 1562 1
1194 1087 1
1229 650 2
708 1643 2
789 1097 2
631 780 1
60 1247 2
461 1637 2
1185 1753 1
1365 585 2
30 3 2
822 797 2
1357 1373 1
585 1267 1
602 868 1
397 815 2
1664 124 2
669 1714 2
1113 1424 1
3 1772 2
1362 1756 2
762 1752 1
1079 884 2
76 397 2
833 244 1
501 1249 1
1562 1377 1
1244 196 2
1531 1711 1
1764 1538 1
1205 1190 1
801 1499 1
1337 1261 1
1330 245 1
48 538 2
1694 339 1
250 461 2
305 189 1
234 501 1
1292 1165 1
911 468 2
888 311 2
963 806 1
9 930 2
474 787 1
1462 208 1
750 1176 2
445 1651 2
1564 300 1
1235 991 2
1753 1266 2
1614 509 1
1266 1635 2
451 1010 2
515 972 1
871 1800 2
37 676 1
1448 1703 1
1549 1042 1
1030 1364 2
1215 12 1
1525 662 1
451 970 1
125 1691 1
1313 1536 2
1516 188 1
780 1720 1
639 977 1
451 192 2
836 61 2
1066 118 1
693 550 2
1476 59 2
862 69 2
371 1310 2
1065 957 1
1429 43 1
72 843 2
591 432 2
136 1135 2
1456 130 2
33 1079 2
843 543 1
706 1663 1
1756 1250 2
331 1779 2
1534 871 1
419 751 1
1266 1534 2
1455 289 2
950 1403 1
1140 865 1
1630 391 1
1448 171 2
1410 515 1
1182 62 1
1241 1621 2
854 148 2
717 1583 2
348 1241 1
1670 1233 1
884 625 1
409 1431 2
232 452 1
1124 1412 2
1598 1804 1
745 67 1
1600 1149 1
1307 1179 1
1283 523 2
1084 1215 1
1432 1072 1
451 695 2
607 525 2
996 1196 2
1098 1021 1
1338 801 1
994 430 1
1606 1718 2
1364 172 1
890 920 1
934 382 1
750 1560 2
1373 946 2
1401 822 1
257 502 1
930 657 2
525 1512 1
1479 722 2
397 100 1
631 1529 2
87 574 1
262 1513 1
862 294 2
1294 1457 1
751 1086 2
107 341 2
1638 466 1
1052 635 2
1806 1707 2
37 840 2
1433 762 1
748 212 1
823 554 1
1357 790 1
920 1730 2
1678 1644 2
691 425 2
653 1106 1
1181 481 2
1762 18 1
37 689 2
1129 678 1
1599 232 2
1190 326 1
748 1694 2
1401 522 1
415 1799 2
410 57 2
1401 1065 1
870 803 2
1806 494 1
1615 331 2
891 348 2
1376 65 1
1340 1096 1
23 575 1
360 142 2
130 1564 2
1562 969 2
1663 1157 1
1786 1599 1
810 164 2
36 732 2
1644 36 2
1702 517 1
1339 779 2
220 667 2
336 1559 2
799 1338 1
820 154 2
1231 346 2
1627 445 2
551 532 1
78 296 2
495 1624 1
137 1273 2
228 1117 1
306 1295 2
796 384 2
314 371 1
1403 1676 2
1143 1129 1
261 602 2
732 1323 2
1434 1751 1
1608 1462 1
632 914 1
1711 1200 1
13 285 1
669 33 1
854 1417 2
10 1812 1
1624 321 2
1275 944 1
106 479 2
1116 1359 2
176 1162 1
604 201 2
1529 1448 1
306 516 2
178 434 2
291 607 1
1462 908 1
1767 1194 2
1782 1490 1
532 1231 2
694 1674 1
1741 262 1
73 1337 1
193 782 1
1267 748 1
1362 1469 1
189 1351 2
1718 47 2
1300 1263 1
1479 19 2
1455 1185 1
1406 206 1
1756 467 1
437 1479 2
143 717 1
75 22 2
422 1446 2
451 807 2
806 1314 1
1637 1243 1
49 134 2
1751 497 1
1730 247 2
606 1411 1
1235 1806 2
1504 203 2
981 687 1
1165 1083 2
1111 437 2
1599 11 2
1087 1210 1
1615 1517 1
1779 287 1
1298 1294 2
1065 1331 1
1185 1650 1
1254 1133 2
1011 5 1
1310 476 2
1730 735 1
1097 77 2
1615 1011 1
1063 1236 2
1392 261 1
735 1366 2
1418 1268 2
572 1035 2
57 1066 1
607 618 1
1588 590 1
423 392 1
1490 78 2
571 336 2
908 1741 2
1148 1607 1
783 654 1
1074 1614 2
553 1174 2
73 333 1
306 1339 2
44 1595 2
1477 1592 2
1118 6 1
573 551 1
1219 1600 2
250 1030 1
1243 500 2
641 49 2
176 1546 1
1253 234 1
189 683 2
1278 1716 2
1268 1075 2
1406 836 2
623 419 2
1032 340 1
1673 238 1
1133 1719 1
806 1113 1
1458 1590 2
770 883 2
694 553 1
1073 1628 2
1030 1048 2
1690 541 2
106 1608 2
139 1501 2
1611 981 1
1513 1723 1
606 619 1
269 530 2
572 343 1
947 1489 2
1118 139 2
1164 370 2
118 1777 2
516 503 2
1309 1235 1
391 582 1
590 632 1
1236 1303 2
1418 422 2
1417 45 2
547 450 1
311 810 2
1116 1144 1
884 877 2
689 880 1
1321 775 1
1590 305 2
791 560 1
745 808 2
632 451 2
838 1406 1
450 1497 1
863 856 2
789 13 1
422 1143 1
836 1420 2
1663 1140 1
1694 1664 2
806 250 1
1487 68 1
269 291 2
1269 519 1
1051 464 2
1118 1610 1
1172 1049 2
10 799 2
1373 890 2
107 1630 2
1345 1029 2
745 410 1
213 37 2
1250 304 1
751 1198 2
627 178 2
872 627 2
560 205 1
779 1762 2
371 10 1
341 994 1
1254 269 2
201 928 2
1535 639 1
1608 934 1
1658 306 1
12 249 1
419 537 1
1364 609 1
386 1410 1
1650 1329 1
544 1386 2
782 605 1
201 1180 2
177 493 1
1032 750 1
1448 546 2
136 861 1
972 401 1
538 1363 1
1714 711 1
571 823 1
1302 630 1
946 1052 1
947 851 2
1278 271 2
778 214 2
635 257 1
1502 1525 1
1489 314 1
1364 1598 2
745 1566 1
1803 1244 2
244 770 2
1313 755 2
907 606 2
1513 1611 2
22 996 2
585 1673 2
1416 1575 1
446 1253 2
1233 1141 1
996 89 1
1582 94 1
142 805 1
1429 1684 1
326 1588 1
919 718 2
156 998 1
1459 1387 2
1046 1355 1
1054 17 2
310 671 1
701 1242 2
1601 531 1
407 1156 1
436 471 2
20 1773 1
1296 1136 2
846 1744 2
1142 1031 1
1443 1036 2
953 92 2
64 318 2
463 375 1
1503 342 1
975 1774 1
455 1145 1
1397 1019 1
1258 1147 1
365 1374 2
1761 1439 1
734 150 1
527 140 1
207 511 1
1326 395 1
753 1311 2
1757 1802 2
894 167 1
576 483 1
1743 1633 2
1526 1407 1
7 1437 2
358 2 2
982 1672 2
1220 1208 2
759 1317 1
759 603 1
539 1003 2
885 1252 1
1183 1661 1
1468 1768 2
701 1700 1
1040 187 1
1443 869 2
1381 757 2
583 621 1
491 1285 1
1578 460 1
483 986 1
818 1581 1
1070 642 2
1801 123 2
1064 1526 2
768 586 1
104 1652 1
79 105 2
469 633 1
864 159 2
1326 811 2
1280 288 1
1379 510 1
157 769 1
1522 721 2
436 115 2
542 1024 2
1733 1761 1
958 700 2
1781 1232 1
104 756 2
163 316 2
1352 675 2
699 857 2
730 1425 1
1447 929 2
1402 1472 1
71 459 1
1453 1725 1
626 121 2
1203 692 2
998 828 1
1123 982 2
701 439 2
1686 677 1
332 442 1
325 1511 1
1256 1293 1
679 955 2
1567 966 2
236 441 2
998 400 2
20 421 2
1317 374 1
1459 1660 2
740 1522 1
66 1170 2
1790 1393 2
664 1544 1
1368 736 2
1055 1054 1
483 1092 1
496 1748 2
1125 1801 2
773 1423 2
1784 1370 2
643 1435 1
1305 163 2
1056 1594 2
771 1069 1
465 629 1
64 96 1
1304 1510 1
1791 1626 1
997 1634 1
1572 349 1
1060 611 2
1771 1089 1
1237 385 2
749 95 1
490 1060 1
864 396 2
952 1483 2
491 436 2
1225 52 1
633 284 1
1648 768 2
1354 1287 2
1430 1553 2
989 1188 1
730 1402 1
469 1260 1
313 819 2
1222 1491 2
763 122 2
298 1055 2
353 965 1
1170 420 1
455 379 2
524 355 1
611 800 2
55 988 1
1631 27 2
965 1468 1
1810 1137 2
104 256 1
197 399 1
426 290 2
111 1576 2
552 895 1
431 1571 2
968 1686 1
696 378 1
565 1395 2
773 1426 2
1438 117 2
857 388 1
1652 325 2
413 975 1
34 1020 1
811 1114 1
925 1613 2
1649 39 2
332 592 2
855 358 2
600 328 2
1453 223 2
1784 885 2
355 365 2
726 752 1
1069 737 2
1107 504 1
1105 1258 1
587 1639 2
161 1354 2
953 472 2
372 951 2
335 864 1
1494 280 2
1661 1217 2
939 31 2
741 1428 1
594 458 1
1571 1349 2
587 533 1
736 1463 2
1187 1018 2
1791 1119 1
985 1795 1
592 598 1
1137 207 2
298 1695 1
1085 858 2
190 243 2
594 1567 1
626 490 1
379 576 1
1306 529 2
307 679 1
1533 1623 2
1507 846 2
1186 1459 1
1225 74 1
1368 202 2
945 456 2
924 1186 1
1394 1498 2
1459 286 2
567 974 1
793 16 2
933 792 2
1252 995 1
161 1107 2
1216 1687 1
1783 1471 1
874 1264 2
1733 66 2
1260 1727 1
1387 848 2
881 429 1
1680 345 2
327 767 1
583 302 2
1296 1058 2
1142 1305 2
1332 235 2
471 726 2
1308 1122 1
648 1542 2
1150 1306 1
688 127 2
1159 1222 2
1481 1178 1
513 264 1
1463 935 2
965 260 1
236 344 1
426 1461 1
1316 7 2
1123 705 1
927 831 2
1402 1183 2
161 335 1
1701 1248 2
1619 1085 1
713 174 2
1255 1142 1
1114 714 1
1385 219 2
959 398 1
1387 1381 2
308 354 1
565 704 2
945 1220 2
910 781 2
325 1352 1
648 595 1
656 1343 1
1667 403 2
634 945 2
959 337 1
1548 1009 2
259 438 1
1526 390 2
349 147 1
1654 1480 1
1768 1467 2
1279 1589 2
327 1159 2
895 1280 2
633 367 2
1662 377 1
1166 1315 1
55 1361 1
1579 1128 1
1023 1586 2
207 904 1
1623 1736 1
511 893 2
1147 24 2
1565 1203 1
771 1173 1
974 1482 1
91 1602 2
671 964 2
1226 259 1
1602 730 2
1315 569 1
1692 293 1
71 1548 2
91 180 2
615 1419 1
535 1789 1
811 958 1
1589 237 1
299 651 2
545 51 2
1509 1163 2
1732 1591 2
396 1473 2
1604 1724 2
2 1216 2
675 1389 1
1405 449 1
612 685 1
1428 1110 1
776 1657 2
595 146 1
1653 1177 1
584 1126 1
1085 1805 1
1343 933 1
652 589 1
852 1095 1
1522 1384 2
374 507 2
916 1486 2
1680 1781 2
621 1619 1
720 697 1
429 332 2
1147 369 1
335 927 2
374 1023 1
1408 1631 2
489 1356 1
42 827 2
1605 1715 1
1574 514 2
567 28 1
675 1747 1
456 138 1
369 54 1
818 1017 2
1784 1646 2
841 1669 1
17 723 1
831 772 2
1085 898 2
1237 1026 2
1368 158 1
1099 473 2
337 903 1
584 622 2
768 567 1
55 552 2
487 34 2
122 239 1
231 1632 2
1156 1746 2
869 764 2
507 997 2
439 1521 1
1553 317 1
1368 361 2
1374 1125 1
583 971 2
556 322 2
1159 1495 1
1632 1078 2
407 1790 2
1022 484 2
1385 1270 1
929 1272 1
1452 584 2
1738 298 1
1317 557 2
1639 1454 1
756 1169 1
611 1692 1
355 542 1
484 845 1
403 1743 2
83 559 2
1774 508 1
354 1105 2
924 915 2
1163 1808 1
1780 1155 2
229 1383 1
313 926 2
372 489 2
1114 1726 1
1765 939 1
1361 1481 1
241 952 2
539 518 2
812 1554 1
362 1506 2
792 1609 1
322 539 1
90 91 2
990 1368 2
699 1226 2
666 1103 1
1279 1221 2
1672 524 2
542 251 1
317 1699 2
556 144 1
1605 347 2
704 126 2
1734 688 2
138 813 1
426 656 1
1442 427 1
552 1353 2
1692 405 2
943 1282 1
1390 1150 2
1178 594 1
1507 491 1
159 924 1
403 1675 1
50 1230 2
1576 664 2
733 1750 1
316 1662 1
1498 498 1
375 733 1
1689 487 1
169 563 2
616 1784 2
737 740 2
763 1788 1
462 534 1
426 1601 1
817 376 2
1037 444 1
372 1689 1
968 1671 1
1743 1474 2
1187 1528 2
671 231 1
1763 1002 2
958 900 2
1705 1475 2
1557 587 2
1498 561 2
252 1681 1
1291 626 2
1173 1792 2
1652 246 1
1792 431 1
1545 953 1
229 739 1
1082 976 1
1700 1708 2
365 707 2
264 1409 2
186 1780 2
1077 873 1
846 1168 1
898 1701 1
349 1251 1
993 1732 2
955 241 1
1168 41 1
848 1421 1
126 406 2
1668 70 2
313 1557 1
567 681 1
1260 463 1
149 643 2
34 942 2
922 175 2
1178 1245 2
135 968 2
948 771 2
1798 217 2
260 886 2
1542 793 1
1482 426 2
121 1304 2
713 1225 2
1028 1189 2
258 729 1
658 362 2
299 162 2
1789 727 1
413 1430 1
995 324 1
1695 1319 2
904 1316 1
737 156 1
539 1276 1
1704 1385 2
828 906 2
121 1809 2
458 1493 2
135 913 2
633 1022 1
1632 1563 2
427 1704 1
122 989 2
138 1584 2
700 1503 1
28 521 1
127 613 1
140 1666 1
1594 372 2
1058 1040 2
295 229 2
633 640 2
699 1572 2
1697 699 2
1609 938 2
184 315 2
421 943 2
2 713 1
906 1705 1
959 1578 2
1541 282 1
812 1256 1
362 841 1
781 55 1
1551 1071 2
1570 1558 1
545 1015 1
644 416 2
1619 145 1
1697 307 1
1675 1088 1
772 1255 2
54 1391 2
552 157 1
960 80 1
774 1573 2
54 1348 1
448 1206 2
507 830 2
1589 992 2
967 1187 1
210 1532 1
857 1347 2
1646 1713 1
1556 1237 2
1771 1277 2
1018 1082 2
1553 1209 2
308 165 2
1082 912 1
1795 1551 2
1407 556 2
964 42 1
1024 1603 2
966 1763 1
1054 876 2
263 1201 2
1193 634 2
144 835 1
1653 1766 2
1203 1785 2
1785 64 1
1480 720 2
180 184 1
1480 1279 1
600 265 2
753 812 2
1581 1191 2
558 1791 2
563 308 1
1277 1064 1
80 477 1
1214 1622 2
740 204 1
335 327 1
763 29 2
224 1505 2
1788 1749 1
978 252 1
1301 1028 2
1704 402 1
1744 428 1
1398 135 1
1374 353 2
1692 1478 2
1332 1405 1
1509 465 1
2 1061 2
645 696 1
989 910 1
436 545 2
1558 1596 1
1131 1166 2
900 648 2
458 236 2
1541 133 1
332 169 1
428 1620 1
335 818 2
1602 1102 2
855 577 1
378 173 2
867 600 1
55 784 2
741 233 1
584 1291 1
181 1146 1
552 1757 2
997 785 1
375 179 2
757 1427 2
608 837 1
945 1008 2
1301 1094 2
156 310 1
1015 985 2
1427 1734 2
967 1422 2
793 1656 2
354 209 1
144 881 1
439 773 2
1511 1798 1
1224 967 2
616 1207 2
1102 1810 2
1790 253 2
34 1451 1
1672 1120 1
1189 960 2
489 1369 2
64 1284 1
1726 90 2
1110 1077 2
640 295 2
448 350 1
1078 1070 1
162 101 1
1308 111 1
1188 1649 2
1225 829 2
202 703 1
79 961 1
1657 161 1
1773 320 1
1349 457 1
1028 1025 2
736 526 1
55 1735 1
407 1659 2
1763 549 1
1002 931 1
1022 1033 1
1260 272 2
96 79 1
487 759 1
1439 731 2
1788 1452 1
1264 867 2
1224 1758 1
1293 319 1
998 109 2
679 1081 2
1315 418 2
483 1184 1
1567 1618 2
71 1045 1
1285 453 1
161 1131 1
1554 277 2
841 190 1
1356 817 2
1304 1398 1
1758 1332 2
933 753 2
39 1056 2
721 413 2
561 1814 1
622 1320 2
953 186 1
123 1579 2
1783 1698 2
320 1453 1
1473 558 1
881 1123 2
1007 993 2
1620 50 2
1708 644 2
958 240 2
1025 645 2
841 1524 2
974 749 2
197 666 2
906 84 2
1308 1390 1
873 1653 2
420 1193 1
549 668 1
1603 776 2
846 1668 1
985 1738 2
552 1771 1
1647 1565 1
886 1509 2
1252 568 1
1447 1440 2
127 1745 2
1557 834 1
1288 1612 1
1451 918 2
613 1547 1
1137 488 2
1142 1737 2
1530 1053 2
529 424 1
395 734 1
967 58 2
681 1296 2
958 1154 1
325 496 2
1317 612 2
318 1202 1
375 1688 1
1166 646 1
1037 936 1
342 852 2
846 948 1
402 1710 2
1565 283 1
1727 855 1
1226 1769 2
1223 624 1
1296 455 1
652 506 1
927 263 1
280 1733 2
1551 1297 2
756 102 2
1125 1101 2
448 616 1
666 1000 1
948 1059 1
1317 922 1
615 1680 1
1054 356 1
233 313 1
1092 210 1
913 1413 2
535 719 1
1150 1372 2
1809 894 1
1379 1346 1
1208 620 1
785 916 2
284 925 1
1092 1556 2
1207 81 2
1790 104 1
965 407 1
1316 1007 2
731 275 1
58 990 2
316 83 2
1774 149 2
1394 1130 1
953 874 2
739 1533 2
958 1543 2
319 183 2
1737 199 2
1774 1224 2
1000 462 2
51 98 2
361 1034 1
1454 1677 2
302 701 1
846 1037 2
1248 448 1
1809 1397 1
458 1605 2
383 583 1
1769 1570 1
1397 1507 2
459 480 2
531 535 1
1387 1447 1
272 71 2
1801 1195 2
58 1214 1
1605 580 2
1491 1783 1
892 1100 2
1465 1527 1
707 1550 2
1653 1132 1
1128 1281 1
857 1394 1
692 596 2
1170 741 2
692 1667 2
875 1238 1
1370 1308 2
405 225 1
992 373 2
1320 1112 2
202 299 2
399 513 2
993 1545 1
1430 839 2
1715 615 2
529 1693 1
1255 978 2
424 1438 2
453 1604 1
229 1647 1
1695 1016 1
259 658 1
906 1050 1
848 1047 1
102 1636 1
736 1288 2
1264 404 1
1216 1099 1
1370 1574 1
1738 1697 1
1604 258 1
424 1796 1
901 119 2
616 875 1
1672 469 2
948 1494 2
265 959 1
16 1301 1
1613 1443 1
1478 608 1
895 565 2
17 1046 2
457 774 1
1541 1408 1
1272 1648 1
1813 1541 1
1672 1813 2
1167 1755 2
719 181 1
651 1460 2
1207 53 1
1574 527 2
1459 802 2
295 1027 1
1008 1530 1
1601 20 1
1761 1167 2
233 1654 1
1521 443 1
1524 1326 2
275 1379 1
197 383 1
1596 1062 2
115 197 2
666 892 2
1191 983 2
1576 937 2
1656 1068 1
1604 901 2
1421 224 1
945 724 1
144 1442 2
596 1041 1
1755 1514 1
773 1465 1
1277 1640 1
1170 1108 2
1002 1765 1
1037 1223 1
1054 652 2
1408 850 1
1374 636 1
473 15 2
569 690 1
1370 1740 1
236 1312 1
1225 1493 2
757 1565 1
1692 1166 2
251 1343 1
268 1151 2
366 492 2
198 816 2
1759 1076 1
847 684 2
1080 1001 1
744 268 2
788 1728 2
1151 1005 2
761 338 1
1797 832 2
1444 588 1
1005 1204 1
1712 744 1
1378 1080 1
1076 746 2
1712 860 1
847 897 1
684 715 1
1151 1378 2
268 1399 1
492 1797 1
684 366 1
1496 1645 2
832 1679 2
661 761 2
268 661 2
744 215 2
198 1444 1
1399 281 2
1496 1759 1
897 1138 2
1204 198 1
1728 847 1
684 1335 1
1378 1770 2
1204 1496 2
281 1213 2
715 1197 1
860 788 2
715 1076 2
198 1151 2
1645 281 2
1151 1728 1
268 1645 1
1679 1076 1
588 1645 1
1712 268 2
215 1645 1
788 1444 1
1076 1645 2
1444 215 1
1378 1645 1
1728 661 1
715 215 1
1712 1005 2
1759 832 2
1213 268 1
1770 1138 2
684 746 1
1005 715 1
1213 684 1
338 788 1
1076 1444 2
860 1770 1
281 715 2
847 761 2
897 1001 2
847 1770 1
1770 661 1
1496 338 2
761 715 1
268 1728 2
1770 1001 2
897 661 1
1197 860 2
198 897 2
1204 1197 1
1378 338 1
661 788 2
1770 897 1
1197 1444 1
761 1444 1
1213 1378 1
860 215 2
1234 1299 1
292 1508 2
1289 303 1
1358 160 2
128 1271 1
1327 987 1
1561 351 2
351 270 2
1158 1717 1
99 1794 2
999 1683 2
21 128 2
1218 1722 1
1484 1400 2
614 1396 2
1153 1515 1
570 1552 1
266 1134 1
266 368 1
1382 478 2
1683 414 2
614 435 1
1515 672 1
1006 1706 1
160 1212 1
579 1778 2
1 725 1
1555 323 2
1175 110 2
435 1540 1
999 112 2
1289 1537 2
99 638 2
1271 1004 2
1327 242 1
351 1555 1
1597 393 2
1257 470 2
1290 1523 1
408 1218 2
725 46 1
1722 292 1
1327 1257 2
482 520 2
1523 824 2
1722 1006 2
1257 1175 2
570 35 1
614 578 1
99 1642 2
1153 1325 1
1358 999 1
1642 1597 1
270 1655 1
1597 21 2
470 131 1
1158 1561 1
482 1665 2
1 579 2
1537 1484 2
1158 297 1
1153 227 1
478 1104 2
1218 617 2
999 1382 2
1382 1158 2
617 99 2
1218 1729 2
1597 570 2
581 482 1
1778 1629 2
470 581 2
1327 1 2
1629 614 2
292 1289 2
1515 266 2
435 1234 1
227 1358 1
1515 710 1
725 248 2
131 1290 2
581 408 2
1552 1013 1
303 1350 2
1006 153 1
1778 1153 2
1794 292 2
351 470 2
435 351 1
1289 1515 1
1552 1104 1
297 1257 2
1271 351 2
35 266 1
131 617 1
725 1004 1
1327 351 2
227 1396 1
578 1004 1
1240 743 1
1318 980 1
116 279 2
1739 1109 1
1127 454 2
738 221 1
170 151 1
738 660 2
141 114 1
1388 141 1
743 663 2
1739 670 1
566 1731 1
905 1334 2
185 1318 2
663 1585 1
454 132 1
663 170 2
674 312 1
1388 1739 1
185 1127 1
151 1580 1
454 674 2
743 905 1
151 1262 2
1641 185 1
151 540 2
1240 25 1
221 334 2
25 1641 2
1318 1388 2
1580 1286 1
334 1342 1
334 116 1
1240 1569 1
738 566 1
663 738 1
1127 709 2
454 1286 1
116 540 2
1569 674 2
663 1388 1
674 170 2
1286 709 1
1342 1262 2
1109 1318 2
540 132 2
1641 1580 2
1318 114 2
141 170 2
566 170 2
1262 132 2
1739 334 2
279 132 2
1641 738 1
454 663 2
114 221 1
1569 1286 1
25 1739 2
1580 674 2
663 114 1
279 151 2
141 1569 2
709 905 1
743 566 2
709 132 1
1127 670 1
663 1580 2
221 1388 1
185 566 1
663 334 2
670 660 2
1731 141 1
674 1388 1
170 1286 1
540 1286 2
312 1318 2
686 1500 2
949 82 1
82 1239 1
659 949 2
659 686 2
1500 1239 2
659 1239 2
686 82 1
949 1500 2
804 1742 2
814 528 1
842 902 2
902 301 1
637 1466 2
637 1470 2
528 1171 2
301 814 2
1171 103 1
842 1754 1
637 357 2
1754 637 1
528 804 2
902 364 1
1470 842 2
1470 364 1
1470 301 1
842 1466 2
842 357 2
1742 814 1
301 1466 1
902 637 2
1171 1742 2
814 364 2
364 357 1
301 357 1
103 804 1
923 899 1
923 760 2
923 647 2
195 923 2
195 716 1
716 760 1
716 647 1
