2485 2477
1021 85 2
1346 125 1
1824 24 1
1918 436 2
464 1476 1
873 2446 1
1286 872 1
2407 1297 1
843 2226 2
133 220 2
1970 860 2
2164 1152 1
2376 770 2
265 668 2
1606 1814 1
2424 616 1
1929 1697 1
1179 1193 2
2196 1972 1
267 1937 1
481 302 1
888 1616 1
1283 382 1
1821 1072 1
387 1570 1
1188 130 2
1003 292 2
1095 1180 2
808 422 1
235 773 2
1178 140 1
1690 511 2
1236 1189 2
1086 2407 1
2101 843 1
1609 480 1
418 256 1
1881 2054 2
2241 1438 1
1778 861 1
2271 509 1
1435 2186 1
1351 1502 1
1640 1120 1
2015 2030 1
1473 546 2
356 1762 1
2325 1798 2
1912 1465 1
306 2365 2
677 1531 1
2385 596 2
889 1594 1
2233 934 2
2222 1985 2
2197 1428 2
1084 2104 1
1852 1559 1
1775 593 1
923 2084 2
1851 2259 1
221 561 1
732 2298 2
1965 1301 1
1810 659 1
2016 617 2
1457 1376 2
859 1320 1
2353 254 1
1708 1066 2
678 1185 1
2248 28 2
1505 212 2
2272 914 1
154 1430 2
1878 2121 1
584 1560 1
1758 493 1
821 1006 1
1159 161 2
2151 791 2
303 1003 1
1872 2385 1
2224 1010 1
443 1968 1
1366 1771 2
1476 1834 1
1687 1780 1
802 2388 2
1064 1920 1
1904 514 2
258 410 1
1339 223 1
1682 1648 1
1863 2281 2
2117 742 1
2052 585 1
71 1909 1
2173 1768 2
1335 552 2
484 657 2
612 995 1
2008 645 2
2160 2443 2
1944 86 2
1046 2222 2
31 211 1
1112 1543 2
118 1188 2
283 2219 2
1635 1401 2
250 93 2
1169 1065 2
2456 1812 2
1416 973 1
1952 418 1
1739 902 1
260 897 2
830 1487 2
644 1636 1
811 604 1
2317 1966 2
105 2160 2
1543 603 2
2144 1363 2
2333 1108 1
752 940 2
1859 227 2
1382 661 2
1235 1544 2
629 2162 2
2183 1332 2
618 1146 1
183 112 1
1954 2269 2
189 2461 2
1961 362 1
339 684 1
320 988 1
551 635 2
296 1938 2
1620 1673 1
1123 1515 1
927 1477 1
1194 1020 2
1063 883 1
515 1695 1
871 2076 2
209 394 2
2071 1490 1
2240 2458 1
542 702 1
1330 623 1
2481 1338 2
2148 1975 1
437 2406 2
109 1852 1
129 960 2
1902 815 1
1395 1384 2
911 1775 2
735 1824 1
684 2153 1
1613 1052 1
928 590 1
2078 771 2
1369 1488 2
1981 1345 2
1919 62 2
2304 2455 2
1202 941 2
541 282 2
1399 21 1
1301 1258 1
1521 1475 1
1073 1208 1
53 956 2
941 2330 1
1317 1693 2
1868 1568 2
1725 1088 1
1356 2295 2
39 786 1
2025 281 1
1129 231 1
428 1687 1
2123 1815 1
1760 1257 2
282 2251 1
1069 138 2
169 463 1
2342 375 2
136 1204 1
968 1887 2
952 2400 1
2410 794 2
193 647 2
686 2196 2
263 2412 1
840 2439 1
1287 1042 1
2322 1542 2
739 2435 2
2077 2055 2
641 507 1
647 1739 1
425 469 1
2439 1903 1
468 1228 1
1204 2013 1
2005 2344 1
2193 2090 2
1411 2317 2
1716 2452 2
910 1978 2
1385 1218 2
2485 506 2
1113 550 1
73 423 1
1020 2445 1
2209 1866 2
1807 547 1
509 1269 1
1037 880 1
145 1260 2
269 1582 1
2383 1470 1
1642 1770 1
1696 190 1
2019 670 2
543 1870 2
86 314 2
2232 1329 2
2309 358 1
1537 405 2
1372 1818 1
2441 389 1
2201 1641 1
217 2062 2
2086 1862 2
956 2418 1
575 1884 2
1645 2371 2
1493 700 2
967 1128 1
205 1939 2
2292 59 2
1231 664 1
2259 2120 2
1400 2025 1
2339 774 2
2249 1820 2
1105 2381 1
2363 23 1
942 2110 2
1587 2137 1
26 853 2
2444 900 1
499 2182 2
733 383 1
2219 1842 2
1442 893 1
1706 483 2
638 251 2
1773 1627 2
3 1732 1
1222 1690 2
842 1445 2
1392 1880 2
559 955 2
421 1226 1
776 1847 1
664 517 1
2299 363 2
220 755 2
2277 2467 2
2036 763 2
2323 639 2
689 2125 1
862 764 2
411 1951 1
1125 2273 2
410 1761 1
247 6 2
685 2077 1
1583 1638 2
107 1706 2
441 2183 1
2364 697 1
2202 88 2
413 544 1
2344 565 1
657 878 2
2452 73 1
895 199 2
1564 1103 2
1819 1039 2
623 126 1
2338 1453 1
1168 1640 2
978 2299 1
15 1063 1
2004 1157 2
2278 631 1
1087 380 2
512 1312 1
1103 114 1
673 1230 2
1729 1587 2
100 1549 1
280 1485 1
997 1005 2
1791 499 2
321 366 2
2321 341 2
812 2309 1
772 523 2
1815 979 1
228 283 1
323 1575 1
1267 2289 2
704 1967 2
800 9 2
1933 972 1
168 1902 2
439 502 1
573 1233 2
598 397 1
1570 2007 2
300 1141 1
1406 753 1
700 1962 2
1289 1644 2
2276 1099 1
381 1420 1
208 2338 2
2018 1869 1
287 2422 2
59 725 2
1677 852 2
1077 587 1
774 942 1
2482 1318 2
2478 2197 2
494 424 2
525 4 2
383 1060 1
2170 323 2
670 1057 1
743 817 1
833 2138 2
58 703 1
931 946 2
1445 84 2
1755 1392 2
2308 1306 1
1288 828 2
1738 2252 1
1226 1756 1
2405 2212 2
1173 2479 1
288 317 1
707 267 1
749 450 2
2369 385 1
1946 1050 1
2273 1079 1
731 2086 2
2362 863 2
1156 2440 2
1655 150 1
17 1100 1
1923 1084 2
106 194 1
230 899 1
546 1408 2
1402 1106 2
2 937 1
38 1424 1
2367 2230 2
1082 810 2
1694 513 1
537 15 1
1830 2261 2
1256 2091 1
1307 2127 1
1450 1016 2
1040 2092 2
985 1622 1
503 1347 1
975 470 1
861 1440 2
471 16 2
1433 1788 1
1882 1046 2
1945 1923 2
48 390 2
1555 233 2
299 580 1
2062 1396 1
125 437 1
1926 2059 2
2379 393 2
1666 505 1
726 434 2
925 1912 1
973 2340 1
1634 1008 1
377 2377 2
1769 374 1
2059 378 2
2390 1917 2
2216 2350 1
1471 1631 2
440 2126 1
1909 1431 1
1394 1794 1
2139 172 2
2092 1387 1
1061 2206 2
2374 830 1
1616 574 1
2440 1521 1
1636 1067 2
1131 1290 1
435 117 2
929 672 1
970 2221 2
279 2202 1
256 2434 2
76 1806 1
2247 1368 2
1788 1925 2
2454 1946 2
2129 347 1
937 446 1
1934 487 2
132 1655 1
1752 2140 2
7 602 1
806 1248 1
1494 71 1
1805 993 2
2389 1289 2
346 1240 1
2253 1279 2
672 1662 2
1787 1126 1
1618 1867 2
930 2060 1
814 921 1
2081 2098 2
534 1976 1
1955 17 1
993 494 2
77 1281 2
213 244 1
1 2064 2
1561 1414 1
1633 1134 1
477 808 1
2388 865 2
1987 1727 2
2064 1711 1
837 802 2
723 1825 1
112 1603 2
1101 2113 2
856 2399 2
2102 820 2
826 25 1
1089 1393 2
1889 2079 1
131 2009 2
252 2191 2
2411 1621 1
2037 2358 1
1035 63 1
1393 51 1
75 2423 1
1984 2001 1
1111 922 1
2415 186 1
1544 619 1
1686 2224 2
746 2444 1
392 2 2
1332 894 1
2208 2071 1
864 1198 2
1152 1284 1
728 2352 1
349 978 1
1304 343 2
1206 322 1
2143 1286 2
2206 2124 1
1376 1282 1
240 2068 1
34 137 1
1556 1590 1
1579 129 2
1816 1822 2
1977 1970 1
2230 1139 1
607 2240 2
456 2078 2
2215 891 2
406 1882 1
1092 1004 1
78 48 1
210 682 1
713 1007 1
1518 1481 2
2301 1678 2
2065 727 1
1849 1029 2
1714 1336 2
1985 396 2
1308 439 2
348 573 1
140 432 2
532 1552 1
1950 2258 1
340 1302 1
1478 133 2
908 859 1
1963 2296 1
730 2227 2
2329 2438 2
1390 1514 2
2398 1649 2
172 2236 2
1492 1069 1
783 2342 1
2429 685 2
37 2272 2
681 1162 2
903 1505 2
958 166 2
1522 2364 1
302 2239 1
216 1536 2
1966 260 2
274 999 1
2371 2304 1
1500 1558 2
248 253 2
1584 609 2
1875 1480 1
262 1663 1
1181 931 2
173 1738 1
794 301 2
1225 2326 2
96 367 1
648 1763 1
1051 67 2
1683 2217 1
595 1777 1
46 2102 2
1321 1272 2
1135 752 1
1048 819 2
293 2164 2
1822 857 2
517 1807 1
727 2375 1
2243 1390 2
1871 1863 1
1692 1358 2
1497 1601 2
2448 2411 2
1886 1076 2
227 2037 1
63 2404 2
1477 430 2
1574 1566 1
1662 1607 2
822 75 2
994 2189 2
465 175 1
2133 1694 2
85 1921 1
1627 449 2
1331 1049 2
1198 977 2
1585 2349 2
272 1307 1
1713 249 2
1832 1965 2
2127 1350 2
586 1708 1
36 35 1
579 679 1
1110 1668 2
560 65 1
281 39 1
116 2447 1
1956 1816 2
1190 1954 2
883 1511 2
270 492 2
505 118 1
1197 330 1
2049 381 2
1161 1959 2
1200 1104 1
2347 2175 2
224 1778 1
1717 1681 1
72 806 1
1928 575 1
1774 1023 1
1975 1200 2
102 1704 2
1344 304 1
2311 1374 2
2279 1461 2
1562 630 2
748 518 1
49 193 2
521 445 1
1032 1766 1
1530 2046 2
492 690 1
1566 10 1
1693 886 1
1845 2409 1
1441 2065 1
1279 713 1
190 2081 2
1454 2056 1
2312 1507 2
1751 780 2
1499 1831 1
2426 1267 1
609 243 2
1590 1875 1
1218 398 2
1604 152 1
1298 399 1
1790 799 1
67 1958 1
1325 595 1
1357 392 1
708 2346 2
2221 521 1
879 2454 2
1065 530 2
1299 316 1
1789 911 2
1649 1243 2
548 1891 2
1937 1734 1
2366 1731 2
1770 1024 2
352 205 1
233 2184 1
909 715 1
2026 2473 2
719 2331 2
103 1717 2
1568 2327 2
1147 896 2
963 315 2
1434 508 2
1982 2278 1
760 1114 1
1241 2237 2
1930 428 1
2242 837 2
2176 2057 2
156 2437 2
255 1545 1
2351 296 1
1259 1611 1
2228 948 2
212 416 1
1318 247 2
1314 1658 1
1481 1948 1
1678 969 2
884 984 1
343 2156 2
906 426 2
322 2170 1
1163 735 1
2341 151 2
291 614 2
1581 411 2
1658 1450 2
2142 471 1
1462 158 1
1545 2314 1
453 1469 2
1920 1447 2
111 2058 2
2445 2416 1
1264 1095 2
384 2099 1
1998 1265 2
1721 2238 1
1663 173 1
1957 1295 1
934 202 1
438 1725 1
1967 2303 2
620 2203 2
1223 1537 1
1730 96 2
1094 2050 1
1766 1287 2
1943 667 1
1237 1728 1
354 607 2
214 1151 2
2097 1664 1
1334 536 2
318 2324 2
1867 169 1
2108 278 1
1319 332 1
2100 873 2
2109 1288 2
284 826 2
2022 429 1
175 235 1
146 1168 2
18 983 2
907 1889 2
139 2080 2
1744 844 2
853 669 1
191 1167 1
489 2257 2
451 716 1
2476 1835 1
1695 232 2
790 796 2
1808 49 1
182 722 2
624 1821 1
718 1512 1
1991 1175 1
2400 1259 2
198 704 1
1659 952 1
219 807 2
40 1610 2
1353 168 2
123 1086 1
1007 2101 2
867 1293 2
1029 848 2
614 41 2
1542 776 1
2191 1321 2
1922 252 1
599 533 1
1575 1494 2
1607 1805 2
2307 606 2
834 1434 2
2058 1826 1
1511 1264 1
187 2047 1
996 1773 2
1843 1222 2
769 1653 1
1022 435 1
2455 556 1
1306 2134 1
1728 1118 2
1486 2359 2
2283 47 2
2330 2108 2
51 919 2
717 1997 1
177 538 2
1219 2318 1
1551 1765 1
1763 183 1
1403 2345 2
1030 918 1
458 1746 2
479 403 2
1229 2201 1
570 1929 2
2132 2395 2
2161 1143 2
1234 674 2
360 2002 1
1983 539 1
2096 985 1
1055 1729 1
2080 100 2
669 2328 1
1910 447 1
2297 1791 1
2284 751 2
766 2474 2
1141 2194 2
989 1579 1
365 1238 1
1533 879 2
745 1691 2
474 1357 1
99 2122 1
361 782 1
2114 346 2
1779 1718 1
2053 1699 1
682 1165 1
1897 2393 1
2184 37 1
166 2398 1
1275 1356 2
1672 769 1
1148 2244 2
1182 1675 2
155 1808 1
1425 1328 1
632 1832 1
1648 43 2
920 2020 2
1150 81 1
469 273 1
1449 671 1
483 2193 2
1175 522 1
832 989 2
865 1484 2
617 1199 1
1360 2114 1
1293 2361 2
848 1757 2
159 2053 1
1914 2462 2
1601 208 1
1710 1373 2
1496 69 1
11 319 1
949 1647 2
1031 1205 2
2212 1059 2
1345 1906 1
1524 1979 1
470 2367 1
1154 882 2
1992 2012 2
1608 889 1
353 2279 1
793 1561 1
1484 1977 1
954 1947 2
1707 373 2
1592 510 2
1839 1810 2
95 369 2
1715 1669 1
1191 1645 1
705 1604 1
845 784 1
1324 1036 2
245 1298 2
29 1715 2
964 1148 2
290 862 2
341 1528 2
1495 1299 1
2358 1089 1
2145 2149 2
2264 633 2
788 386 2
1532 1278 2
74 147 1
1958 210 2
2169 1849 2
61 1819 1
2468 1688 2
625 1163 2
186 885 2
1610 225 2
24 584 2
1201 949 1
872 1526 2
218 871 2
998 1685 1
636 1633 2
518 709 2
1869 2032 2
55 2389 2
1814 453 1
1676 2038 2
603 1191 2
799 132 1
1054 1736 2
122 571 1
338 1904 1
2186 936 1
143 294 1
2207 1055 2
232 961 2
608 131 2
1436 417 1
2060 2480 1
921 923 2
916 2039 2
1536 1980 2
1671 2142 1
2158 1435 2
345 1194 1
1174 947 2
1261 2413 1
2118 2301 1
951 1723 2
401 2148 1
2290 1961 1
1861 57 2
1418 198 2
2416 1720 2
1466 1659 1
2179 1992 1
1342 1027 2
1260 2334 1
2288 2006 1
531 1094 1
246 895 2
1502 1564 2
396 1578 1
523 170 1
1370 143 1
1145 1216 2
2244 1415 1
1675 1755 1
200 34 2
330 2368 1
179 1334 1
2275 1221 1
1070 1161 2
388 938 1
1139 1149 1
152 1546 1
399 2235 1
947 2208 1
2483 44 2
2431 968 1
1891 569 2
1329 888 1
631 356 1
50 263 2
687 1159 2
295 413 1
2355 2232 1
93 981 2
304 261 1
896 1876 2
137 2218 2
407 144 1
2236 628 1
972 1684 2
1750 875 1
1458 964 1
223 831 1
819 2005 2
741 1051 1
434 474 1
310 464 1
2149 2402 1
1689 2275 2
1831 1158 1
2427 2271 2
1151 1427 1
1647 2181 2
1205 537 2
2063 1439 2
869 2449 2
460 1244 2
1576 2380 2
1336 1944 1
2203 1186 2
160 106 1
65 1131 2
1273 2171 1
924 1192 1
2346 851 1
1823 976 2
2295 2300 1
1547 1201 1
1162 1352 1
2048 1229 2
1036 759 1
1817 1624 1
165 913 1
1109 1239 1
297 701 1
2073 1083 2
1806 760 1
254 920 2
334 1572 1
2237 779 2
1052 192 2
1468 277 2
6 486 2
2020 180 2
1239 2027 2
877 1883 2
2430 744 1
1550 2351 2
626 1498 2
127 1696 2
1932 371 1
1079 12 2
984 570 2
1277 987 2
419 250 1
1227 53 1
2378 2061 1
695 2003 1
1106 1155 1
2067 159 1
1784 1145 2
886 2417 2
2409 767 2
1451 588 1
1362 1379 1
1657 1227 1
2282 2174 1
1898 660 1
2038 816 1
1804 438 2
211 761 1
981 2166 2
596 1223 1
582 2214 2
54 2265 1
2360 1750 2
459 1797 1
1639 525 2
2174 1943 1
836 1617 1
1935 1378 2
2291 2132 2
2047 1214 1
2227 1809 1
1793 1789 1
491 1776 1
771 1479 2
2163 105 1
2257 1981 2
1033 529 2
2470 2041 1
1444 2215 1
1719 1642 1
1628 2282 1
789 468 2
601 909 2
1651 1868 1
1700 246 1
507 738 1
2043 1292 1
1921 2014 2
714 2284 1
28 2051 2
1718 1916 2
2013 1927 2
1528 1911 2
2046 874 1
561 1932 2
955 1666 1
2300 217 2
827 944 1
558 2332 1
876 248 2
1893 2147 2
22 2243 2
1866 2136 2
1736 2123 2
668 1268 2
1413 1930 2
1347 355 1
47 1176 1
1114 1588 1
1255 359 1
2137 841 1
56 1752 2
1136 2348 2
2147 717 2
2182 971 2
750 1325 1
2146 543 2
1559 1314 1
1563 754 2
2051 206 2
646 1064 2
2177 218 1
804 2410 1
1702 2457 1
1927 1209 1
1797 532 1
520 2165 1
408 1271 1
552 1405 2
33 214 1
161 360 2
52 2117 2
2293 739 2
2032 706 1
900 182 2
98 1881 2
1903 1557 2
2239 1437 1
539 1077 1
1274 1513 2
2090 219 1
1905 477 2
1578 415 1
170 1110 1
854 1493 1
292 812 2
1180 1714 1
1039 1520 2
1155 361 2
126 1637 2
1269 520 2
880 408 1
1667 2431 1
1193 2085 2
94 2158 2
892 123 1
1669 1093 2
604 601 1
1727 1538 1
850 1319 2
178 2276 1
2084 1646 2
940 2000 1
1520 980 2
2306 215 2
1278 1677 2
2006 2286 1
635 1518 2
142 36 2
1712 266 1
2394 2459 1
202 2107 2
2116 134 2
2223 1078 2
913 653 1
577 2097 1
1157 2270 2
1463 2476 1
1911 479 2
121 1615 1
2314 1897 1
2083 1712 1
1455 2021 2
841 618 2
816 56 1
971 409 1
1028 162 2
754 1853 1
2198 646 1
1388 1277 2
2250 959 2
1333 1012 2
2235 287 2
1311 478 2
1777 1908 2
1862 1043 1
1514 2017 2
445 1865 2
1405 1123 1
706 1686 1
844 1793 1
305 265 2
2359 818 2
1723 2403 2
415 1871 1
1857 1661 2
1519 757 2
1291 52 2
878 87 2
2189 1998 1
150 2228 1
1999 1905 1
2460 720 2
422 1667 1
2412 91 1
1224 2428 2
893 2387 2
784 2374 1
1233 2031 1
1228 1873 1
679 675 1
1512 1413 2
2150 687 1
768 612 2
2001 188 1
2229 2302 1
652 1425 1
400 1569 1
2165 954 2
1490 868 1
498 2485 1
622 1113 1
1656 2015 2
243 741 2
2260 712 1
409 310 2
2000 284 1
2030 907 2
917 1855 2
1569 608 2
2039 289 1
764 1446 2
1951 2250 2
1813 345 1
671 1421 1
2031 528 1
382 1922 1
2281 500 1
249 1817 2
2166 1283 1
16 1014 2
2089 1195 1
2265 1371 2
1350 856 2
742 334 1
912 834 1
1749 1235 1
1527 1614 1
1680 299 1
866 54 2
2386 1273 1
899 581 1
2348 1924 1
1078 766 2
935 300 2
1870 2313 1
2042 2408 2
2088 996 2
370 2105 1
1164 290 2
1315 2223 2
1041 842 2
782 1142 2
1271 1423 1
1818 1523 2
2350 121 1
141 688 2
1546 200 1
1176 634 1
763 318 1
1158 1062 2
1916 1455 2
2167 1540 1
2218 154 1
203 31 2
960 40 2
875 135 2
366 804 1
1803 2463 2
514 1366 1
1795 562 2
1071 850 2
576 1030 1
562 654 1
30 589 1
1397 2363 1
1464 238 2
1062 731 2
729 274 1
1848 2362 1
943 1255 1
692 555 2
502 2384 1
2434 2141 2
2425 3 1
1420 2293 1
1892 1416 1
1015 1253 1
1404 2433 2
417 1508 2
2428 1707 2
1140 1133 1
1697 1565 1
2320 611 2
25 1132 1
1253 481 1
701 1308 1
2433 1224 1
2079 1085 1
2225 1261 1
697 694 2
555 1250 1
2113 1403 2
1423 387 2
2162 2233 1
661 2414 1
522 1402 1
1186 990 2
241 2167 2
1312 2268 2
2041 1232 1
1093 222 2
2467 622 2
1230 1679 1
378 726 1
1674 1001 2
574 2322 2
357 1857 1
2205 2151 2
855 719 1
1100 2211 2
2326 620 1
691 1784 2
194 2111 2
446 2247 2
2408 1021 2
2093 1058 2
1517 340 1
2068 1237 2
2332 643 1
1820 783 1
1058 55 1
1931 1672 2
1523 1275 1
1553 1879 2
2372 357 2
1979 2173 2
251 824 1
882 1519 2
2324 1115 2
1427 1955 1
449 2074 1
1199 638 2
511 1654 1
2254 1073 2
857 869 2
1589 745 1
1525 1918 2
1099 1534 2
82 1987 1
90 1071 2
1888 1170 1
2023 1984 2
1711 798 2
725 1054 2
1257 326 2
2126 7 2
1794 2396 1
658 97 2
2234 74 1
1284 1532 1
545 462 1
307 1026 2
81 777 1
1611 2242 2
162 1872 2
2310 1397 2
703 991 2
1128 649 1
66 822 1
379 1619 1
953 401 2
234 854 1
2258 1915 2
2050 1215 2
1990 998 2
818 519 1
786 2425 1
285 1173 2
1189 1252 2
585 1509 1
982 1492 1
863 177 1
1171 658 1
2296 2277 2
480 1969 1
1209 2378 1
2106 1829 2
549 1202 1
1213 339 2
1855 320 2
1776 1935 2
1479 1795 2
317 2382 2
2017 2004 1
204 119 2
1913 2320 2
450 586 2
1132 1522 1
1085 1500 2
44 1061 2
2192 1991 2
1558 1716 2
694 910 2
1619 1296 2
1847 1665 2
1272 1225 2
2187 1504 1
1614 1217 2
1008 2026 1
2377 1827 2
974 1956 2
1836 714 1
2268 1135 2
1232 1048 1
1670 982 1
1679 185 1
163 2209 1
1104 695 1
2070 156 2
1594 2152 1
1630 541 1
688 1399 2
1588 662 2
359 840 1
1386 1326 2
992 951 1
395 2394 1
1203 224 2
983 2100 2
2315 8 2
1396 286 2
1049 2093 2
496 1530 1
455 1850 2
938 2139 2
1149 1463 2
1811 2241 1
1359 1710 2
1825 1117 1
2011 1483 1
238 11 2
2072 935 1
2443 1700 1
914 1745 1
738 136 1
1292 1355 2
181 743 1
1513 833 2
628 1811 1
2406 677 2
815 365 1
1384 1213 2
432 2315 2
1654 116 2
870 2292 2
2447 2339 2
1107 1109 2
722 787 1
1172 2073 1
2054 930 1
2153 1657 2
1240 1613 2
1850 1888 1
2136 652 1
1268 72 2
2380 1304 2
2188 1206 1
1208 2187 2
2449 1787 2
991 1144 1
2211 1136 1
2111 262 2
12 733 1
1541 22 2
244 1931 1
2463 230 2
1375 2177 1
1215 419 1
1631 1990 2
1134 1553 2
231 1630 1
20 748 2
1936 912 2
1880 1833 2
1812 1907 1
1424 2109 2
1323 209 2
420 1458 2
197 1125 1
1247 1164 1
1772 98 1
2375 101 1
1165 279 2
2141 549 1
171 38 2
676 1583 2
2399 1692 2
2251 2337 1
144 179 1
1119 2415 2
463 64 1
1638 1838 2
2238 1896 2
1244 2019 2
1743 1928 1
828 1721 1
1896 1945 1
1465 195 1
1978 2305 1
987 2355 1
423 2135 2
239 1075 1
2461 2430 2
1996 734 2
289 626 1
374 2204 1
364 1370 1
1121 2116 2
1258 762 2
1475 2311 1
1917 2436 1
237 1547 2
1508 775 1
1783 655 1
2185 201 2
1387 1034 1
442 1070 2
1643 2096 2
1503 103 2
683 1743 1
368 1600 2
702 288 2
611 1796 1
1338 749 2
301 1957 2
429 986 1
1341 772 1
1245 992 1
2357 395 1
2003 1111 1
347 1782 1
547 1733 2
1765 1473 1
41 1041 1
1303 1680 2
1412 1971 1
286 1529 1
2091 1840 2
501 795 1
986 145 2
2302 1436 2
1488 1898 2
372 1893 1
62 2360 1
775 1174 2
88 32 1
1873 228 1
2057 2150 1
1801 2383 2
655 1433 1
544 693 2
817 1689 2
1137 1197 1
1703 2049 1
2138 1333 2
1034 578 1
2462 2306 2
1826 1892 2
1487 1454 1
1685 171 1
315 5 2
643 498 2
467 2266 2
1480 750 2
1742 1774 2
452 1576 2
1428 102 2
1009 1212 2
1043 1344 2
363 788 1
10 1758 2
1004 997 2
999 892 1
2328 1398 2
1429 364 1
1431 1121 2
1552 1499 2
1006 2372 1
2313 1385 1
1747 388 1
1907 2308 2
1876 1310 2
151 1389 1
1381 2290 1
809 793 2
2387 708 1
1310 2249 2
1842 110 1
1673 2369 1
550 1411 1
1837 1172 2
2298 204 2
630 641 2
1993 2448 1
569 680 1
500 1830 2
976 309 1
1759 1674 1
1016 1671 2
1973 1107 1
376 558 1
716 1241 1
309 107 2
2120 945 1
108 2205 1
84 963 2
393 1116 2
578 1749 2
1925 441 2
35 884 1
1401 1360 1
1668 1735 1
747 1234 2
314 1409 1
761 1581 2
192 1702 1
424 1365 1
4 1724 1
158 598 1
693 1650 1
2418 1372 1
1615 241 1
2327 344 2
266 2042 1
2289 331 2
5 927 2
1447 1169 1
2458 515 2
1762 1330 2
1761 2188 1
1076 1878 1
2034 2129 1
639 2163 2
23 1400 2
823 1934 1
1653 1503 2
1603 758 2
1506 2179 1
188 264 1
1681 1412 2
2349 77 1
553 501 2
1453 176 1
860 534 1
1116 559 1
1461 1626 1
1915 1342 1
2217 2035 2
645 809 2
1621 2441 2
1419 836 1
922 155 1
2419 729 1
932 1899 1
1699 943 2
398 797 2
720 723 2
222 1988 1
1701 336 2
524 444 2
138 605 2
1057 466 1
2066 2172 1
1143 348 1
1924 1375 2
2107 400 1
405 1178 2
946 1936 2
2252 1323 2
1001 1652 1
715 1837 2
2361 1846 1
1757 568 2
2345 2432 1
785 1219 2
185 1656 1
2432 747 1
385 2130 1
2056 2234 2
995 153 2
316 1593 2
416 1973 2
1243 1087 2
1083 376 1
1459 1983 2
1337 2145 1
1368 1801 2
1024 1539 1
2474 108 1
2331 2472 1
1408 2401 1
195 966 2
1971 1335 1
1529 1316 1
2021 1331 2
1098 1585 2
795 1291 1
1504 124 1
1217 1651 2
858 1952 2
1735 1171 1
513 1620 1
2382 577 2
1316 864 2
1531 728 2
1117 811 1
675 933 1
1440 1456 1
1962 870 1
134 1851 2
124 187 2
57 377 2
1185 1343 1
1027 1999 2
1195 1349 1
1290 440 1
117 1856 1
1060 599 1
1127 94 2
1591 1506 2
1327 1496 2
1144 2307 2
506 109 1
1019 553 2
1248 1394 2
602 1359 2
308 1327 1
839 353 1
831 1767 1
1646 2023 1
1756 197 2
1012 258 1
486 297 2
2055 1404 2
1343 503 2
1437 2253 2
1142 928 1
373 1963 1
1864 1074 2
2479 676 2
462 270 1
1026 663 1
1988 1859 1
336 1933 1
135 1362 2
2256 95 1
1976 1618 1
1383 613 2
640 1044 2
990 958 1
2391 128 2
988 1533 2
1192 491 1
939 1495 1
698 146 1
835 1309 2
637 924 1
944 1497 1
2422 1886 2
2397 1315 2
2115 76 1
1167 1779 2
1212 495 1
1940 994 2
1363 82 1
475 46 2
199 92 2
1796 2421 1
1753 800 2
1281 691 2
390 1019 2
1539 2386 2
2472 370 1
403 681 1
1705 1510 2
807 349 2
2214 637 1
412 636 2
21 1914 1
680 524 1
1883 651 1
1355 1025 1
2112 1524 2
1250 1442 1
528 485 1
621 298 1
319 1154 2
1800 1753 1
2435 305 1
945 1586 1
1326 352 2
2099 1772 2
2194 1769 2
1297 1722 2
1846 1190 1
1238 2390 2
846 1386 2
2464 1203 2
2352 746 2
1365 384 1
1785 1730 2
2035 489 1
1724 813 1
1947 1823 2
762 1082 2
1025 255 2
430 2442 1
201 306 1
298 2011 1
101 1449 2
485 1751 2
1908 582 2
2156 2333 1
556 1900 1
1854 2379 1
1276 1098 2
466 1181 1
593 66 2
533 275 2
1885 308 2
606 1843 2
1252 1032 2
2226 2128 1
1969 1864 1
1415 1457 1
1446 2264 2
386 120 1
1074 1140 1
2130 526 2
447 2475 2
1358 2131 1
1059 1848 1
1906 1982 1
1066 916 1
1249 303 1
1294 1628 1
538 61 1
1748 157 2
1115 1676 1
478 1790 2
2125 594 1
535 666 1
2401 2133 1
1780 974 1
2269 1096 1
1840 1926 2
1302 321 1
966 272 1
2171 226 2
594 730 2
1980 2405 1
897 698 1
60 458 2
2395 2280 1
2181 2052 1
97 2180 2
1439 2366 2
2103 1964 1
426 1452 1
1960 953 2
2446 1346 1
1549 1035 1
787 877 2
659 1913 2
1371 1256 2
2204 1040 1
902 496 2
590 1451 1
1470 269 2
2466 1555 1
1972 768 1
2436 1783 2
294 442 1
665 644 1
759 627 2
2128 1274 1
2384 1478 2
337 259 2
1782 2072 1
1733 692 1
1072 1635 2
1088 1541 2
1282 1294 1
1014 1854 1
1438 903 1
1829 1382 2
1373 765 1
770 1466 2
362 531 1
2442 1759 2
1974 484 2
2423 2312 1
2246 1940 1
890 821 2
2175 2088 2
1221 452 2
1380 1009 1
2076 2456 2
1900 50 1
1349 1276 2
394 412 2
275 234 2
980 327 1
936 1703 1
634 111 1
414 406 1
80 78 2
798 2419 2
358 420 1
2438 1341 1
64 1339 2
2098 1974 1
157 240 1
649 1550 1
2465 460 2
2104 1910 2
1013 160 1
2027 1324 1
2172 845 1
619 2024 2
147 648 2
894 99 2
627 293 2
1691 2288 2
436 2260 1
2122 925 2
226 2291 1
264 1608 2
110 1517 1
1320 2460 1
2368 1742 2
2069 139 2
756 1584 1
2028 2103 2
1010 2083 1
2061 678 2
2393 2248 1
571 1760 2
2404 1337 2
242 237 1
885 236 1
1510 2048 1
2280 805 2
1884 354 1
2261 312 2
2180 2199 2
1964 1741 1
176 789 1
261 615 1
276 2229 1
1665 1804 1
2024 1551 1
488 1388 1
959 835 2
1768 165 1
332 1960 2
588 20 1
1602 2426 2
2337 2254 2
977 2069 2
874 2106 2
1170 2376 1
1582 832 1
757 1740 1
92 548 2
529 473 1
797 827 1
780 307 1
2134 414 2
1118 535 1
1644 2216 1
2421 1701 2
709 1119 1
1348 1468 1
1835 2466 2
1865 1639 2
1216 1471 2
1879 80 1
777 624 1
1469 1462 1
615 127 1
259 245 1
1661 1147 1
1652 2146 1
851 1698 1
2270 967 1
68 2089 2
43 2016 1
979 2112 1
2459 975 1
1398 867 1
1827 2067 1
312 756 1
444 876 1
605 1015 1
2199 790 1
2437 1486 2
1270 1996 1
1948 2144 1
969 1127 2
324 1747 2
1374 221 1
1698 459 1
1722 2341 2
779 737 2
1379 2481 2
1023 163 2
1352 579 2
1938 122 1
589 2070 2
1067 1705 2
1625 1380 2
1263 2283 2
2124 1383 2
565 640 1
919 1101 2
1997 2176 2
1295 142 2
2303 276 2
1684 372 1
1650 2391 2
2014 2321 2
2074 178 2
8 908 1
2473 2115 1
2085 1429 2
820 1993 2
1565 451 1
1856 686 2
737 1231 2
1534 1105 1
380 1836 1
1526 707 1
1798 1643 1
2402 2470 1
1853 1033 1
674 2325 1
2002 1525 2
1834 1444 2
236 2347 1
813 1625 2
253 1785 2
397 929 1
2007 970 2
367 1441 1
2457 2018 2
1472 280 2
508 213 1
1075 1803 1
580 632 2
1214 1395 1
1108 1179 1
473 2483 2
1887 2036 2
404 239 2
1624 33 1
1422 338 1
891 295 2
581 1605 1
2266 1112 2
948 1263 1
278 1556 1
1771 467 2
1605 683 1
2286 465 1
2381 829 1
1483 2310 2
2110 89 2
1050 1311 1
1456 1022 2
1953 2225 1
773 1713 1
45 68 1
1572 2297 2
1664 189 2
536 839 1
355 1129 2
2009 1813 1
744 551 2
852 242 1
690 216 2
2152 1270 2
371 1047 1
2012 2008 2
2469 291 2
1809 1351 2
1732 1885 1
767 2256 1
2417 542 1
961 2022 1
91 1381 1
1409 1182 2
2480 1953 1
753 1994 1
1704 2161 1
510 932 1
495 814 2
2413 1591 1
613 1369 1
1044 939 2
1414 1592 2
1426 1839 2
128 1919 2
1833 404 2
1309 1422 1
1617 1418 2
389 629 2
87 1 2
1767 379 2
660 1317 2
1745 1406 1
331 1156 2
1899 29 1
1146 1563 2
2334 488 1
568 337 1
587 2169 1
758 1031 2
805 512 1
1688 2063 2
1741 673 2
526 2465 1
1126 1744 1
1485 191 2
1005 45 1
1507 1246 2
2318 2468 2
791 710 1
2131 1013 2
1538 1137 1
530 443 1
1265 576 1
2105 60 2
2340 2469 2
130 858 1
2040 324 1
1939 560 1
666 2329 1
1622 1472 1
2414 718 2
712 1092 2
519 732 1
1740 2353 2
1096 425 2
653 1348 1
1515 2207 2
1389 1599 1
651 455 2
120 2143 2
1328 1562 2
119 1419 1
1599 1150 2
796 1459 2
810 2185 1
824 621 1
1626 2118 2
1296 890 1
487 1353 1
868 1589 2
1720 1950 2
1734 1028 2
1600 2429 1
1838 58 1
1407 1748 1
2305 1236 1
114 1670 2
755 545 1
69 368 1
2135 1609 2
344 917 1
1042 421 2
1430 1303 1
2121 1602 2
1133 285 1
1421 181 1
32 705 2
633 1407 2
1280 456 1
369 407 1
215 1527 1
1593 1845 2
1120 785 1
326 90 2
734 1426 1
2475 866 2
918 26 1
327 1247 1
1432 1861 2
1731 2397 1
1968 2323 2
667 689 2
1746 2028 1
1452 141 2
1378 1800 2
2365 846 2
1586 2357 2
1959 1245 2
1047 2464 2
1246 2246 2
1560 1606 1
1540 1280 1
493 1037 1
933 475 1
751 665 1
710 855 1
1637 203 2
9 1634 2
1509 1249 1
663 1683 2
206 906 2
2403 2040 2
1641 18 1
654 1432 1
277 2034 2
616 1682 1
180 823 2
1994 2066 2
662 600 2
829 30 1
765 2482 1
153 2478 1
225 2424 2
273 2192 1
1557 1574 1
89 1464 2
375 2427 2
2396 2043 2
600 625 1
2140 2198 2
1467 849 2
724 1737 1
1313 740 1
1573 1210 1
1242 1754 2
184 1038 1
1443 1491 2
2033 311 1
792 504 1
335 325 2
2316 950 2
325 557 2
2477 2245 2
1491 268 2
557 904 2
740 1045 1
1841 567 2
1580 1056 1
229 2094 1
1942 1489 2
2178 1573 1
950 1242 2
1623 2033 1
1489 1313 2
1210 335 1
1754 2190 2
1038 1467 1
311 711 1
2245 1942 1
1844 1443 1
849 1841 1
504 1580 2
1737 566 1
268 792 2
904 2316 1
2094 2178 1
2190 1623 1
567 1844 2
1056 724 1
566 229 1
1045 184 2
1989 497 1
1011 1828 2
2082 1894 2
1460 1858 2
2154 104 1
1367 402 2
350 2029 1
801 1091 2
1786 2267 2
1211 1300 1
1986 1612 1
1251 2285 2
1053 1941 2
2420 2451 1
1130 1080 2
333 1554 2
1890 1183 1
482 915 2
1726 1081 1
1091 1262 1
1595 1254 2
2335 2370 1
2450 42 2
27 2220 1
351 2045 1
497 1187 2
448 1377 1
1097 350 1
1266 801 1
564 1211 1
2045 2255 1
699 2354 2
1941 1364 2
271 957 2
2220 448 2
847 591 1
1364 257 1
592 1501 2
83 1660 1
490 2159 1
2453 2373 2
19 1877 1
1300 2262 2
402 1417 1
2119 2213 1
1501 699 2
167 333 2
957 1577 1
1220 1890 2
42 1895 2
1090 2471 2
1554 1002 2
1183 1011 2
1577 482 1
2010 83 1
1660 1138 2
2155 778 1
1417 167 1
1081 2335 1
1262 2450 2
1901 1102 2
2370 2231 1
825 1340 2
472 1220 1
516 656 1
2267 1251 2
2255 1097 1
1184 1266 1
427 2119 2
1895 2154 2
1340 1068 1
104 2155 2
1124 79 2
778 2420 1
2213 1130 1
2451 825 2
1080 1989 1
79 1595 2
2210 1367 1
803 1986 1
1860 881 1
1254 1053 2
1877 27 1
2231 1184 1
1166 2200 1
1410 1124 1
591 2210 2
1377 564 2
1187 2010 2
1474 1090 2
2471 2082 1
656 1460 1
1138 1901 2
2354 847 2
1894 1786 1
1858 962 1
257 1860 1
1102 1166 2
1002 803 1
881 490 1
2029 2453 2
1828 642 2
1068 427 2
2200 592 2
1612 472 2
2285 516 1
915 1726 2
962 19 1
2159 351 2
2373 271 2
642 1474 1
14 905 1
1000 342 2
1207 1000 1
1448 149 1
838 1207 1
1874 838 1
342 1285 1
1285 1448 2
905 1781 1
1781 1874 2
721 431 1
1597 148 1
1799 329 2
2168 563 2
965 781 2
2287 901 1
2075 926 2
13 2343 1
2044 2263 1
1305 1354 2
70 207 1
1153 391 1
1361 597 1
2392 1632 1
313 898 1
583 610 2
597 650 1
433 2157 1
1322 1548 2
1354 887 1
650 1018 2
527 174 1
781 1709 2
2356 583 2
1391 1571 1
1017 1949 2
2336 461 1
1516 2294 1
696 457 1
1792 572 2
476 196 2
1764 2287 1
1632 2075 2
1995 70 1
898 164 2
196 965 2
901 1361 1
926 1596 2
610 13 1
563 1792 1
2263 721 1
207 1799 2
1548 476 1
1629 1305 1
174 1567 2
2343 433 1
431 1391 1
391 1017 1
148 113 1
329 2336 1
887 1153 2
1018 2392 1
164 527 1
1567 1516 2
457 1764 1
1596 1995 2
2157 1160 2
1571 1629 1
1949 1597 1
461 313 2
2294 2168 1
113 696 2
572 2356 2
1709 2044 1
2195 540 1
736 115 2
2484 736 2
2095 1177 2
2319 2484 2
1535 2319 2
115 328 2
328 2095 1
540 1802 2
1802 1535 1
1482 2274 2
1196 1122 2
2274 1196 1
1122 1598 1
454 2087 1
2087 554 1
