131 126
75 6 1
43 93 2
73 131 1
52 4 2
79 116 1
39 50 2
85 51 1
125 80 1
112 83 1
78 3 1
33 89 2
76 16 1
108 31 2
54 82 2
49 94 1
117 13 2
5 35 2
82 96 1
47 67 2
29 27 1
89 103 2
96 44 1
11 130 1
116 119 2
38 5 1
77 61 2
83 105 1
41 14 2
97 118 1
46 57 2
84 2 2
30 64 1
124 60 1
68 24 2
86 39 1
94 85 1
36 76 2
13 91 2
24 79 1
50 54 1
51 106 1
35 125 1
129 112 2
4 124 1
3 75 2
16 73 2
120 129 2
27 68 2
90 33 1
130 15 2
80 47 1
61 120 2
6 41 2
31 97 2
93 123 2
131 46 1
103 108 2
44 49 2
91 11 2
15 84 1
64 86 1
106 36 1
67 77 1
14 90 1
118 43 1
57 117 2
2 52 2
123 30 1
60 38 1
119 78 2
66 1 1
111 53 2
101 121 1
9 37 1
10 63 1
48 115 1
20 59 2
72 45 1
95 104 1
62 40 2
32 18 1
40 71 1
42 99 2
59 19 2
71 107 2
121 92 1
56 21 2
8 55 2
69 126 2
28 88 1
81 9 2
18 10 1
26 72 2
88 101 1
37 62 2
63 128 1
115 66 2
45 34 2
99 28 2
7 20 1
1 56 2
104 8 1
53 122 1
19 95 1
107 32 2
126 81 1
128 26 2
21 7 1
55 111 2
122 69 2
92 48 1
114 17 2
65 74 2
17 65 1
74 70 2
12 22 2
109 113 2
22 109 2
113 98 1
23 87 1
100 102 1
25 100 2
127 25 2
110 127 1
87 58 2
58 110 1
