153 157
16 99 2
109 24 2
46 87 1
70 121 1
130 58 1
7 90 1
23 22 1
52 17 1
8 46 2
77 55 1
130 75 2
72 135 1
63 3 1
31 30 2
68 8 2
124 139 1
118 93 1
61 80 2
14 119 2
22 118 1
133 88 1
10 102 2
92 56 1
123 74 1
5 122 2
48 152 2
90 78 1
92 47 2
101 29 1
115 61 1
141 83 1
116 13 2
16 48 2
26 37 1
67 18 2
139 16 2
126 28 1
72 66 1
72 150 2
116 41 1
22 116 2
135 113 1
102 76 1
75 128 1
121 53 1
33 63 1
93 127 1
43 97 1
76 43 1
31 26 1
53 72 1
68 70 1
14 57 2
129 9 2
42 105 1
21 115 1
31 10 2
37 4 1
59 67 2
118 151 1
42 124 1
39 38 1
56 15 1
142 100 2
43 141 2
145 108 2
128 31 1
122 34 2
151 131 1
43 123 2
105 92 2
72 96 2
25 5 2
66 50 2
124 142 1
132 1 1
17 137 1
135 21 1
4 129 1
101 59 2
61 23 1
84 132 1
59 126 1
57 110 1
19 81 2
23 32 2
152 19 1
110 12 2
77 85 1
18 111 1
133 65 2
143 7 1
88 109 2
78 14 1
68 39 2
111 143 1
15 133 1
74 33 2
68 36 1
31 77 2
43 84 2
76 145 1
133 35 1
70 6 1
130 68 1
80 52 1
47 104 2
129 101 2
52 42 1
16 25 2
94 98 1
27 60 2
136 71 2
148 54 2
107 95 2
44 144 2
40 64 2
27 120 1
107 103 2
86 138 1
40 146 1
138 148 1
107 27 1
146 11 1
94 149 2
62 86 1
86 89 2
144 147 1
71 94 1
136 62 2
149 79 2
86 107 2
149 44 1
136 40 1
147 60 1
112 20 1
114 106 2
114 69 2
112 2 2
20 125 2
112 45 1
45 114 1
45 51 1
2 51 2
114 2 2
20 114 1
125 45 2
112 69 2
69 51 2
51 106 2
106 112 2
91 82 2
73 49 2
153 134 1
153 73 2
49 134 1
140 117 2
