1474 1700
764 896 1
548 446 1
1333 247 1
1448 1404 1
245 1284 2
969 696 2
454 127 2
1051 1 2
164 16 1
258 54 1
180 20 2
600 33 1
646 853 2
948 324 2
695 1349 2
1171 506 2
211 474 2
562 1319 1
33 456 2
446 1244 1
1150 964 2
6 1383 1
358 1382 1
1176 1238 2
86 473 1
858 1412 2
194 577 2
303 1279 1
1447 718 2
107 385 2
63 1460 1
1095 1246 2
883 1183 2
1071 1268 2
799 884 2
109 426 2
1044 1080 1
381 1469 2
1215 77 1
916 1225 2
547 1459 1
1076 967 2
675 106 2
883 85 2
587 275 2
1430 1175 2
409 513 2
312 123 1
1066 1219 2
585 430 2
960 7 1
801 1032 2
279 171 2
1317 1108 1
1473 321 2
1382 810 2
173 714 1
1136 1253 2
314 64 2
1267 709 1
921 1039 2
257 444 1
743 684 1
1342 334 1
670 988 2
872 695 1
858 1124 2
392 1324 1
793 381 2
1416 1277 1
390 76 2
798 983 2
677 360 1
1106 1273 2
564 1142 2
776 301 2
999 940 1
668 302 2
1336 1030 2
995 340 1
364 915 1
900 1123 1
102 407 1
702 428 1
111 6 1
668 484 2
494 776 2
190 211 1
1277 808 1
1109 47 2
1285 1365 1
711 1205 1
893 1408 2
257 933 2
810 216 1
271 373 2
575 1438 1
306 642 2
736 241 2
1315 115 1
1134 339 1
107 173 2
109 1086 2
366 613 2
1228 134 1
651 1286 2
39 1403 2
1448 252 2
1168 68 2
1241 1387 2
455 1427 2
1113 1168 1
781 402 2
110 1447 2
1184 238 1
332 745 2
1300 1169 1
1299 1407 2
613 130 1
1469 591 2
710 153 2
769 516 2
820 1190 1
1262 1163 2
921 576 2
831 995 1
662 713 2
1077 1074 1
1383 332 1
1429 1218 1
1360 287 1
358 246 1
86 778 2
702 757 2
828 271 1
153 353 2
900 343 1
711 1414 1
173 727 2
652 541 2
282 161 1
184 1425 2
357 1270 1
1380 1368 1
425 720 1
990 163 1
610 1388 1
728 382 2
36 1201 1
128 10 1
1411 333 2
1211 1005 1
1447 296 1
45 24 2
347 1041 1
1040 1271 1
1456 1192 1
518 888 1
942 1188 2
341 1054 2
246 194 2
1270 1189 1
955 971 2
182 1465 1
1409 1065 2
779 1116 2
1384 862 1
1358 219 2
793 852 2
1290 1091 1
412 756 2
1219 1309 1
948 1456 2
756 284 1
971 1136 2
1276 192 2
1323 833 1
1054 1046 1
1463 323 1
1318 587 2
534 1463 2
209 1448 1
231 913 1
563 900 1
947 653 1
1082 274 1
784 640 2
60 364 2
428 201 2
701 920 2
247 731 1
181 53 1
1192 960 2
514 1035 1
986 1420 2
804 415 2
445 807 2
66 1186 1
515 880 2
282 168 1
1235 784 1
784 935 2
1453 1096 1
1297 919 2
155 1161 1
462 754 1
1323 485 2
908 690 2
913 716 2
1109 823 1
112 1097 2
71 811 2
670 1128 2
1248 209 1
194 1166 1
1375 1331 2
924 1047 1
346 1038 2
1359 27 2
691 660 1
326 537 1
301 150 2
656 191 2
549 1077 1
159 801 1
1148 48 2
304 1174 1
1064 741 1
841 464 1
581 162 1
1082 454 2
75 476 2
59 1203 2
514 617 1
544 855 1
138 493 1
1235 747 2
857 994 1
1359 377 1
1472 918 1
519 125 1
771 113 2
468 357 1
808 909 2
628 1109 1
355 4 1
708 1213 2
1143 97 1
1000 572 2
1461 826 1
453 1078 1
518 1250 2
144 882 1
404 999 2
1045 749 1
1293 1335 2
363 512 1
219 651 1
701 553 1
1126 470 1
165 730 1
990 165 2
1207 1164 2
916 249 1
423 966 1
1401 585 2
528 174 2
638 182 1
129 292 1
74 820 1
264 1416 1
470 225 2
1338 725 2
499 1014 1
872 458 1
201 41 2
1189 874 1
575 96 1
202 1311 2
1212 361 1
80 1363 1
335 673 1
213 791 2
575 299 2
1178 1340 2
1018 346 1
1307 1306 1
567 193 2
1375 1467 1
919 650 1
152 1350 2
169 65 1
1216 273 1
728 91 2
783 1472 2
403 435 2
69 326 1
539 677 1
139 46 2
82 1095 1
577 815 2
389 851 2
1446 1064 1
1415 1052 1
180 1426 1
1229 1248 2
133 1333 1
852 662 1
271 279 1
299 719 2
1462 272 1
1341 389 1
430 954 1
563 1376 1
1144 893 2
687 170 1
1335 517 1
1181 183 2
612 1372 2
490 365 2
1147 968 2
486 363 1
452 23 2
307 530 2
313 519 2
757 185 1
422 941 1
154 752 2
275 788 2
1197 228 2
1363 1278 2
1311 872 1
569 627 1
1144 671 1
84 368 1
393 781 2
764 344 2
136 910 1
496 58 2
374 683 1
577 739 2
479 405 1
877 277 2
385 1380 1
1201 266 1
99 981 2
640 598 2
21 738 2
1360 308 1
708 1261 1
907 694 1
632 1444 1
34 166 2
311 842 1
301 144 2
1308 80 1
1426 439 1
1333 989 2
729 448 1
328 1050 1
1098 52 2
520 817 1
1305 1291 2
1242 504 2
102 1455 1
838 245 2
59 309 2
1165 196 2
252 1360 2
367 312 1
1132 66 1
714 1152 2
776 668 1
1296 1297 1
531 580 2
1228 1197 1
1131 1171 2
555 84 1
339 701 1
1001 98 1
1083 782 1
739 1332 1
58 268 2
207 1422 2
197 74 1
426 934 1
986 1228 1
560 916 2
947 133 1
341 573 1
293 949 2
768 645 2
755 212 2
656 1318 1
1311 253 2
1075 1338 2
1095 898 1
1367 1381 1
513 414 1
488 494 1
1056 175 2
1178 1351 2
1131 1058 1
626 1429 1
774 863 1
169 901 1
1447 1343 1
922 795 2
1156 232 2
1157 1133 2
604 772 2
1341 526 1
399 438 2
85 227 1
340 525 1
506 710 1
200 104 2
1243 490 2
1378 1162 2
159 1003 1
257 1040 2
266 687 1
658 1071 1
311 604 2
1447 89 2
1106 845 1
398 1274 1
1142 1125 1
789 921 1
661 1207 1
570 931 1
508 1290 2
420 1033 2
707 315 1
515 564 2
738 1092 2
358 748 2
400 1359 1
85 1157 2
1251 270 1
1189 894 2
1065 313 2
660 680 1
842 1423 1
937 866 2
743 1202 1
402 616 1
1164 950 2
1364 1184 2
896 1122 1
932 55 2
146 210 1
733 82 2
373 850 2
1252 692 1
521 136 2
729 1191 2
150 744 2
1328 427 2
173 8 2
53 1457 1
1010 93 2
926 973 2
146 129 1
920 78 1
1248 318 1
629 264 1
1233 311 1
594 13 2
1259 1013 1
827 1076 2
616 1417 2
190 1243 2
1333 597 1
345 1462 2
385 1182 1
173 206 1
1215 545 1
56 932 1
1432 1234 1
1387 1295 1
1172 1367 2
379 546 1
155 867 1
755 1143 2
618 914 2
253 489 2
1395 859 2
581 34 1
1270 923 1
266 606 1
414 678 2
407 977 1
951 1010 2
1332 927 2
820 769 2
1382 770 1
164 187 2
655 1212 1
627 351 1
1111 455 1
1205 835 2
139 1114 1
353 846 2
339 437 1
838 1334 1
1030 240 2
830 794 1
533 1025 2
1161 1280 2
526 892 2
860 304 2
1375 891 1
296 498 1
1368 1195 1
247 753 2
680 789 1
1054 1173 2
1207 307 1
1140 257 2
1407 1315 2
696 462 1
1235 659 1
279 1193 2
78 451 1
580 265 2
1390 871 1
213 592 2
1146 955 1
611 1432 1
987 408 1
45 1269 1
415 1287 2
201 254 1
831 316 1
1038 380 2
1064 809 2
1360 1251 2
659 463 1
589 969 2
895 151 1
594 1321 1
919 335 2
704 551 2
977 878 1
1162 732 2
1300 1353 2
730 291 2
1451 1262 1
1081 95 2
200 1019 2
1209 1464 1
1241 786 1
1433 558 2
655 1371 1
509 1252 1
1027 116 2
1034 599 2
1380 1373 1
1409 21 2
535 1067 1
1027 466 1
397 762 1
489 290 1
22 818 2
515 107 1
1011 441 1
1464 624 1
618 387 1
523 1090 2
300 830 1
316 581 1
452 535 1
602 276 1
1269 1007 1
1467 45 1
432 1235 1
670 649 1
206 962 1
1401 527 2
1209 1079 1
1140 1159 2
758 1100 2
829 399 1
299 702 2
825 1059 1
510 897 1
1271 167 2
1413 197 1
143 1375 1
1418 536 2
825 126 1
1003 1015 1
478 1313 1
512 856 1
960 285 1
295 603 2
1248 766 1
544 250 2
947 639 2
1435 812 1
447 195 1
953 1002 1
921 131 2
696 979 1
2 102 2
267 38 2
292 1364 2
1062 1399 1
911 1449 1
801 838 2
41 300 1
97 1370 2
246 1216 2
423 1028 1
677 654 2
257 514 2
232 199 1
1159 746 1
816 1239 1
680 1418 2
732 1249 2
599 1263 2
983 664 1
171 643 2
1433 367 2
1428 1275 2
556 1209 1
225 229 2
486 1301 2
1365 926 2
1275 1398 1
1325 419 2
593 251 2
1082 944 2
1294 1172 2
983 767 1
1350 771 2
1290 1392 2
426 1145 1
1309 239 1
595 294 1
277 72 2
46 575 2
1428 70 1
833 44 1
24 831 2
443 1352 1
191 404 1
699 1029 2
58 218 1
1246 777 2
790 293 2
1272 1110 1
88 40 2
565 631 2
528 972 2
787 529 1
1148 443 1
1078 1082 2
68 1129 1
969 740 2
284 1308 1
218 1226 2
246 1177 2
546 503 2
81 397 2
1424 1045 2
603 1178 1
85 844 1
728 450 1
1295 11 1
1025 951 1
1012 149 2
1216 586 2
441 669 1
1403 478 1
878 410 2
208 656 2
1412 993 2
184 1337 2
610 103 1
379 421 1
1146 422 2
918 1307 1
976 198 1
640 217 2
1005 244 2
601 190 1
1212 633 1
625 674 2
943 1358 2
1093 813 1
1416 156 1
1372 29 1
1153 1113 2
634 394 2
953 401 2
1333 1405 2
313 942 2
651 675 2
694 1310 2
41 1006 2
417 1431 1
349 1302 2
919 37 2
580 806 2
211 895 2
1078 610 2
701 589 2
57 903 2
702 911 2
423 1194 1
892 816 2
34 370 2
1181 952 2
1125 626 1
905 231 1
1310 61 1
1192 522 2
1042 548 1
801 1379 1
596 280 2
967 138 2
851 1451 1
311 1282 2
1323 908 1
476 392 1
999 1299 1
1339 737 1
462 429 1
564 1044 1
211 798 2
460 571 1
1256 1229 2
1444 1446 2
616 563 1
371 452 1
1291 341 2
810 929 1
562 539 2
303 534 2
575 857 1
870 202 2
58 288 2
1363 760 1
856 1153 1
715 180 1
240 957 1
1323 145 1
652 1385 1
365 992 1
276 213 1
577 449 1
1035 561 2
1388 751 1
1152 583 2
102 1137 1
929 779 2
812 1453 2
1019 1111 1
299 432 2
286 1141 1
249 120 1
574 657 2
463 556 1
1147 829 2
1313 793 1
591 676 1
78 110 1
1236 1220 1
757 1085 1
57 821 2
88 1160 2
78 1063 1
186 1264 2
1259 281 2
961 347 2
1018 611 1
976 704 2
1160 1361 1
776 518 2
968 783 1
1204 655 2
698 959 1
681 905 2
1308 220 2
1063 629 1
844 1132 2
1473 600 1
731 899 2
449 1181 1
1190 607 2
277 1127 1
963 885 1
1044 235 2
158 1305 2
156 359 1
1269 383 1
807 200 1
93 176 2
506 803 1
60 1031 2
1315 799 1
1443 802 2
660 1180 1
588 1206 2
1069 663 1
197 155 1
666 708 2
1130 544 1
1074 1442 2
775 515 2
1430 188 1
1003 1042 1
1295 19 1
229 1413 1
1074 1094 1
1090 28 1
713 947 2
117 1089 1
625 593 2
1385 1288 1
1247 858 2
1376 507 2
1052 907 1
155 1312 2
1272 775 1
248 269 1
1052 49 1
935 445 1
888 567 1
1252 532 1
392 1150 2
555 1148 1
1378 1329 2
1163 457 2
200 261 1
523 584 1
1251 582 1
1125 1296 1
179 1026 2
197 827 1
1181 242 2
589 79 1
132 982 2
882 434 2
64 1004 1
166 628 1
342 712 1
916 574 2
836 691 1
343 1098 1
897 761 2
587 647 1
1290 562 2
1333 930 2
835 1461 1
1346 1247 1
115 59 1
268 75 1
379 384 1
265 1011 1
429 579 2
1071 1170 1
469 121 1
1303 635 2
1142 262 1
45 865 2
1424 715 1
594 836 1
732 1384 1
1064 1176 1
653 879 1
57 975 2
173 594 2
8 413 1
1131 1062 1
248 1303 2
1399 1336 2
1078 17 2
1402 1196 2
1421 1272 1
668 1346 1
1360 1048 2
164 108 2
509 902 1
1022 792 2
886 436 2
464 1084 2
835 565 1
24 278 2
1082 132 1
839 403 2
1039 345 1
732 1056 2
1463 1276 2
1029 1208 1
1143 685 2
717 828 2
150 233 1
1224 980 2
681 1390 1
1432 1283 1
942 963 2
424 1394 2
394 388 1
113 142 2
1221 63 1
1066 758 1
409 841 2
478 804 1
590 349 2
830 109 1
443 1053 2
1133 400 1
501 632 2
1450 1317 1
1199 1411 2
1043 411 1
766 883 2
991 1393 2
1042 1377 2
1110 487 1
732 2 1
81 847 2
632 35 1
729 1236 1
1159 814 2
1218 499 2
611 773 2
1144 1341 2
535 488 1
747 1357 2
896 314 1
787 1034 1
988 1257 1
1016 118 2
679 491 2
72 460 2
105 319 1
816 1217 2
460 22 1
38 255 2
591 1051 1
677 510 2
384 237 1
390 177 2
101 128 2
1038 60 2
30 961 1
1196 67 2
1132 69 1
88 1146 1
768 1259 1
166 602 2
528 755 1
379 925 1
517 965 1
245 1395 2
774 1430 1
165 486 1
1378 1155 1
67 306 2
1337 1424 1
738 1466 2
290 1099 1
1033 665 2
637 825 2
174 479 1
1400 937 2
167 531 2
262 990 1
312 1093 1
326 99 1
581 371 2
764 538 1
738 726 1
394 620 1
1007 1102 1
1042 14 1
785 289 1
1456 679 1
788 295 2
889 736 2
547 376 2
1261 621 1
720 1345 1
1364 873 2
500 890 1
1196 743 1
469 1001 2
1003 601 2
957 1347 2
1368 105 2
632 1107 1
1319 717 1
325 1240 1
38 417 1
176 1221 1
1465 369 2
405 1131 1
522 978 2
775 260 2
1312 870 2
1424 1233 2
369 763 1
676 555 1
93 1165 2
1423 88 2
1232 433 1
37 303 2
362 1069 2
180 590 1
497 612 1
1340 172 1
659 502 2
1100 1227 1
901 666 1
1099 1468 2
1158 843 2
1129 140 1
733 644 1
411 1421 2
1382 221 1
963 90 1
489 1214 2
874 984 1
661 728 1
681 1012 1
690 1130 1
549 1354 2
160 750 1
940 1356 2
1091 1473 1
458 230 1
581 57 1
1137 1000 2
1338 468 1
376 1083 2
479 467 1
409 840 2
1081 1402 2
325 706 1
98 1342 2
1212 1185 1
68 338 1
709 1293 2
1030 1081 1
913 1374 2
982 570 1
75 638 1
142 987 1
266 670 2
576 1134 2
321 768 2
1011 733 2
873 543 1
1417 375 1
1306 154 1
1288 637 1
975 588 2
130 939 1
694 117 1
1146 1471 2
113 158 1
1205 1320 1
1096 256 1
1143 723 1
757 1369 2
1131 698 1
746 223 1
862 1158 2
997 889 1
937 658 1
1323 378 2
954 986 1
343 1400 1
153 1118 2
341 1073 1
777 152 1
287 860 1
170 146 2
284 447 1
39 508 2
196 71 1
179 569 1
39 1348 1
303 50 2
1054 1066 1
1442 112 1
912 533 2
267 355 2
589 336 2
1393 374 2
714 1070 2
488 1266 1
1276 596 2
430 469 2
757 431 1
449 86 1
858 94 2
989 819 2
726 547 1
1132 1223 2
1046 1327 1
643 822 1
309 310 1
811 226 1
573 1428 1
72 179 1
599 1323 2
1045 922 2
1290 453 2
470 496 2
1461 101 2
77 1304 1
921 337 2
1287 1139 2
493 1452 2
952 480 1
435 689 1
1261 797 1
1401 837 2
12 350 1
1123 497 2
642 477 1
13 481 1
519 423 2
476 119 2
1223 1104 1
1195 1008 2
725 630 1
1144 18 1
739 42 1
1239 204 2
490 1267 1
1145 1036 1
253 1409 1
777 800 2
1405 924 2
1102 43 1
271 1322 2
1165 877 1
1340 30 2
407 1087 1
1459 424 2
1063 475 1
885 997 2
329 148 2
1127 550 2
1308 976 2
74 258 1
239 759 2
933 854 2
310 1241 2
122 208 2
731 143 2
264 1255 2
501 699 2
514 283 1
1076 325 2
868 1415 1
486 500 2
873 839 2
1002 1199 2
55 796 1
1375 634 1
417 305 1
441 186 1
109 286 1
777 111 2
1052 1018 2
842 1328 1
436 160 2
466 391 1
1019 1112 1
1413 169 1
600 366 2
193 1281 2
165 1135 1
574 328 1
1170 1144 2
709 1300 1
826 178 2
1380 390 1
586 1154 1
926 946 1
677 1386 1
1203 1256 2
89 528 2
676 1061 1
627 1245 2
1300 342 1
1298 1458 1
29 1151 2
1222 1119 2
561 267 2
379 1339 2
873 521 1
424 36 2
1322 354 1
178 425 1
973 1117 1
617 774 2
667 1027 2
1398 396 1
202 1437 2
716 1294 1
1309 1075 2
1348 618 2
750 1237 2
868 953 1
1174 442 2
66 764 2
1302 1401 2
1151 122 2
962 549 2
1098 317 1
480 595 2
318 560 2
227 652 1
1066 398 2
441 362 1
1414 62 1
438 619 2
1316 139 2
350 282 2
152 998 1
1021 331 2
208 214 2
1175 1022 2
1336 1156 1
55 1204 2
1146 648 2
1066 912 2
828 1101 1
1038 646 2
550 1147 2
1206 948 2
402 329 2
49 393 2
830 1043 1
1068 234 1
631 1021 1
1181 524 1
598 471 2
932 501 1
1364 1316 2
1016 207 1
1078 1445 2
750 1068 1
346 1211 2
1340 395 2
1095 320 1
50 875 1
753 1242 1
651 1378 1
842 1265 2
399 625 2
76 614 1
100 164 2
596 785 1
1221 1106 1
93 358 2
273 729 1
167 886 2
1354 974 2
772 991 2
394 248 1
1060 189 2
696 681 1
1034 1389 1
1117 25 2
1336 100 1
895 1232 1
621 412 2
729 832 2
1031 1140 2
1039 263 2
1239 1441 1
1389 1126 1
265 615 1
33 787 2
537 379 2
432 509 1
412 12 1
159 409 2
788 1450 1
991 1344 1
1461 372 2
1184 523 1
909 1215 1
546 1016 2
358 996 1
1050 667 1
612 1435 1
744 159 1
156 1410 2
1106 420 1
458 1433 2
1032 81 1
1401 465 2
563 1222 2
1440 184 1
169 356 2
660 790 2
981 1443 1
1171 661 2
329 1285 2
286 542 2
838 868 1
355 672 2
72 26 1
231 1224 2
556 181 1
129 5 1
1225 348 2
193 520 1
193 1200 1
1380 1298 1
1110 711 2
290 906 2
1464 605 1
1371 707 2
1343 1060 1
1356 943 2
408 1325 1
491 1020 2
1370 298 1
25 1440 1
959 56 1
95 1066 2
917 1314 2
557 1230 2
215 83 1
459 887 2
1419 848 2
1419 1121 1
1258 505 1
505 557 2
1121 721 2
1258 461 1
1258 459 1
1258 958 2
917 734 2
1121 215 1
461 917 2
1419 1258 2
1121 1138 1
734 9 1
887 461 2
557 734 2
9 1230 1
505 887 2
1258 1230 1
848 1314 1
917 1230 2
958 9 2
1258 734 1
215 848 2
1121 958 1
721 83 2
505 9 1
1419 9 2
459 848 1
917 505 2
557 459 2
505 848 1
887 1314 2
9 1138 2
9 215 2
9 1314 1
848 958 2
1138 83 1
1314 1258 1
1258 1138 2
461 557 2
83 1419 1
459 9 1
1138 848 2
917 459 2
83 958 1
1314 557 2
734 848 1
848 461 1
1258 215 2
887 734 2
461 9 1
87 834 1
1024 641 1
1210 1289 2
386 1198 2
876 205 2
1198 881 2
540 876 1
32 3 2
700 386 1
540 1167 2
1210 938 2
722 703 2
1037 32 2
205 722 2
876 1231 2
1366 15 2
834 1470 1
205 418 1
32 1210 1
1289 568 1
1231 31 2
327 87 2
1198 1120 1
722 1366 2
205 327 1
1167 1024 2
1024 1260 2
540 700 1
881 1037 1
540 31 1
32 15 2
418 938 2
1231 700 2
31 386 1
1037 703 2
834 1289 1
3 881 1
327 703 1
881 15 1
1037 386 1
1289 418 2
205 641 2
1024 876 1
703 3 2
1024 1198 2
386 722 1
31 1366 2
15 703 2
1470 327 2
881 700 1
205 1210 1
1366 1210 1
1260 540 2
31 1024 1
32 418 1
1120 1167 1
568 87 1
418 1366 1
1167 386 2
1231 418 1
386 641 1
641 32 2
418 87 2
386 3 1
985 1017 1
1292 861 1
92 1105 2
861 482 1
297 135 2
1057 352 1
236 735 2
742 578 1
608 511 2
135 985 2
511 1330 2
511 936 1
51 1326 1
440 688 1
554 945 1
243 1434 1
203 1072 2
985 243 1
124 1049 1
566 780 1
482 124 2
141 1355 1
622 1396 1
578 1187 2
440 693 2
1254 440 2
203 697 1
780 1397 1
824 636 1
566 141 2
157 956 2
1049 1023 1
861 236 1
124 622 2
135 824 1
73 566 1
735 137 1
622 157 2
1391 869 1
297 608 2
1330 1391 2
440 742 2
869 1254 1
1434 51 1
511 73 1
1187 330 1
1391 92 2
482 1439 2
440 203 2
1326 1292 2
1391 1057 1
1391 554 2
956 124 2
608 1355 1
511 1017 1
297 1292 2
956 1396 1
203 554 2
482 1105 2
51 1105 1
1326 92 2
124 73 1
141 352 2
236 1355 1
1439 780 1
124 141 2
622 297 2
697 1023 1
1326 141 2
636 735 2
297 73 1
735 1072 2
511 1072 2
824 440 1
608 693 2
1397 1292 2
1292 566 2
141 693 2
440 1439 2
742 554 2
566 956 2
1057 1254 1
511 482 2
73 1397 1
1396 440 1
936 352 1
124 137 1
936 1434 1
1396 608 1
1254 236 2
1439 1330 2
622 511 2
297 869 1
936 1391 1
1391 1072 2
697 1254 1
688 1072 1
352 1017 1
51 742 1
1330 203 2
482 985 2
114 970 1
559 1088 1
483 552 2
259 904 2
483 1406 2
416 495 1
114 1009 2
416 483 1
1406 559 2
259 1474 1
492 114 1
1009 724 1
416 322 1
1406 849 1
1088 259 1
849 765 2
322 492 2
492 552 1
1009 1406 2
552 322 2
322 114 2
495 1088 1
416 259 1
904 849 1
559 416 1
322 1406 2
483 492 2
552 849 1
559 114 2
492 849 1
114 849 1
849 259 2
492 970 1
1009 904 2
1474 1009 1
724 495 1
765 552 2
114 1406 1
483 114 2
1474 765 1
904 765 2
904 559 2
1406 552 1
114 495 2
1009 416 1
495 1406 2
849 322 2
724 559 1
552 495 2
970 849 1
765 1088 1
1088 1009 1
322 1474 1
904 970 1
559 552 2
259 1406 2
765 724 1
495 1474 1
970 552 1
970 765 2
552 1009 2
492 559 2
970 559 2
1406 970 1
724 483 1
1009 970 2
483 904 2
416 765 1
904 1406 1
552 904 1
114 765 2
259 114 2
322 904 2
904 495 2
259 552 2
495 970 2
1088 322 1
1474 483 1
259 970 2
114 904 1
322 724 1
1406 765 2
495 849 2
849 483 2
483 1088 1
492 1406 1
259 492 2
724 259 1
970 322 2
492 904 1
849 559 2
970 483 2
1474 559 1
492 765 2
114 552 1
623 928 1
1103 705 1
406 1362 1
1115 864 2
147 224 2
1362 1454 1
682 1103 2
805 1055 1
1149 1179 2
1103 1115 1
682 406 2
609 1149 1
805 682 2
609 805 2
1179 1436 1
864 147 2
1149 472 1
1115 222 2
805 147 1
1362 224 2
1055 406 1
609 406 2
1115 406 1
1454 682 2
1115 1454 1
1362 1103 1
705 224 2
1454 147 1
609 1454 2
705 805 1
222 1055 2
472 406 2
224 1115 2
1454 472 2
472 805 2
147 406 1
705 864 2
864 1055 2
1454 705 1
222 147 2
864 1362 2
472 1103 2
1055 224 2
1055 1103 1
1103 609 2
1362 222 2
705 222 2
805 1362 1
805 1115 1
1149 682 1
147 1103 1
