3373 3770
1935 1989 2
1821 925 1
1172 2797 2
2641 2848 1
187 3081 1
2018 1305 2
3334 2664 1
502 498 1
2499 3245 2
577 2798 1
1589 676 2
1021 873 2
1885 570 1
2795 1036 2
439 109 1
2140 413 1
363 1160 2
2834 419 1
2372 2672 1
682 1601 1
1937 132 1
3177 1953 1
1728 2991 2
279 2543 2
558 858 1
1311 1162 1
687 3163 1
3159 449 1
946 1771 2
2469 3289 2
375 2072 1
2801 2085 1
1821 1465 2
1586 2644 1
998 2006 2
2569 1364 2
409 949 2
2846 2436 2
2371 1311 1
1280 2652 2
358 3110 1
2972 2328 1
405 2744 2
1872 86 2
848 909 1
1280 336 2
1792 1740 1
2807 771 2
1497 3167 2
1261 2582 1
2451 1454 1
229 1383 2
1120 1198 2
886 278 2
2708 2099 2
1975 1512 2
319 3083 2
2643 92 1
1140 890 1
1981 3023 1
2283 1397 2
2311 1908 1
1746 1603 1
644 8 2
94 2533 1
1397 3001 2
3039 750 2
3198 6 2
625 935 2
257 863 2
2818 467 1
2814 485 1
7 2982 1
2080 3364 2
2928 301 1
198 2018 2
3357 2995 1
753 3233 1
960 2888 2
3220 712 2
3359 2807 2
2063 355 1
3073 3193 2
1382 83 2
1975 2305 1
1168 489 2
776 2029 2
521 1743 1
148 2027 2
1770 279 2
2324 797 1
1534 1112 2
1515 2007 2
1285 3156 1
2528 155 1
2719 2864 2
2742 2393 2
2637 1062 2
2111 527 1
3008 36 2
2173 1565 2
2004 2944 1
2178 2989 1
2360 1089 1
3040 850 2
2186 1780 2
825 497 1
1862 1318 2
1202 2748 1
1967 218 1
2107 2187 1
1004 2698 2
1474 2653 2
3323 1050 1
2369 1606 2
3274 2083 2
2040 684 2
1102 2031 1
2354 187 1
35 63 2
3197 670 2
1970 3205 2
2389 1114 1
1911 1830 2
3339 1289 2
697 421 2
1877 3021 2
2292 525 1
3179 1181 2
3224 598 1
1373 2907 1
1059 1218 2
1656 3040 2
913 686 2
489 2654 2
3060 1417 2
2099 1860 2
3173 1060 2
1605 902 2
2683 242 1
1396 367 2
2753 3097 1
2897 238 2
2918 1287 1
1520 1862 1
997 1818 1
2259 946 2
1015 2700 2
2781 1167 1
2213 1106 2
2602 928 1
1277 3208 1
301 2120 1
3173 1312 1
3037 2247 1
734 1290 2
1312 1333 2
1696 528 1
1426 2549 1
92 1649 1
164 643 1
1821 2277 2
641 206 2
3037 2919 1
2768 332 2
1838 2757 2
1477 1880 2
2287 3221 1
1339 877 2
2849 1059 2
16 2386 2
822 2908 2
2401 3268 1
1112 3272 1
61 1156 2
2637 1842 2
3208 539 1
590 502 2
2221 1936 2
1168 1864 1
1758 896 2
2532 1808 1
1476 2688 2
125 2037 2
338 575 2
1592 3236 1
3187 704 2
2659 2321 2
1405 2169 1
1780 1288 1
2766 3178 2
2720 1130 2
993 695 2
4 2926 2
2361 2905 1
1062 632 1
1036 1878 2
1938 1090 1
1916 1411 1
74 362 2
691 2444 2
533 1474 1
2862 2366 2
1945 1589 2
2414 2823 2
768 3247 1
2408 1113 1
871 746 2
2634 1938 2
1771 3351 1
2418 577 2
1952 2863 1
1297 1271 2
2354 2220 2
938 226 1
2386 768 2
1120 3181 2
1520 201 2
410 1150 2
217 2793 1
911 1230 2
1696 2625 1
409 1004 1
839 3271 1
1236 1810 2
2418 1142 1
592 969 1
3140 607 1
1034 3342 2
2126 1399 1
1262 520 2
3014 1405 2
2155 2768 2
247 1754 2
1337 553 1
2454 1939 2
775 516 1
145 2670 1
1072 2379 1
816 2642 1
2908 2103 1
1685 3155 2
3323 2891 2
459 2011 2
232 1438 1
890 372 2
2186 2329 2
2108 3052 2
1009 504 2
372 2409 2
1704 1932 1
1072 914 1
2332 146 2
740 2164 2
282 621 2
2337 196 2
923 1492 1
2430 956 1
164 3128 2
1614 2310 2
2369 1013 2
1262 3072 1
1651 2469 2
636 3312 1
2363 2626 1
1159 817 1
2336 2853 2
769 385 1
489 2901 2
1089 874 1
2818 1594 2
888 2053 1
141 2587 1
306 913 1
2628 674 1
200 1885 2
121 1473 1
2137 1302 2
151 1941 2
1527 1493 1
3015 1894 2
2905 2527 2
3014 1256 2
3236 3015 1
1402 2760 2
283 508 1
2217 1898 1
3334 805 2
1911 2972 2
615 2532 2
726 1664 1
985 162 2
504 645 1
1277 3355 1
2832 1569 2
444 1244 1
1024 1308 2
3168 2881 1
1748 2506 2
2972 1819 1
3273 1658 2
570 1074 1
2862 2833 1
2529 810 2
1184 1554 1
1027 24 1
1877 120 1
2092 1857 2
1126 1542 2
1729 3141 1
2483 1711 1
2319 64 2
1509 1884 2
3350 1797 2
2198 907 2
365 1514 1
2034 1476 1
3269 2360 2
1418 2782 1
732 1373 2
3193 283 2
3256 1527 2
700 2198 1
1750 2392 1
502 2557 2
2183 374 1
3193 2359 2
2316 248 2
1312 1980 2
1270 1398 2
1921 2340 2
751 2918 1
3157 3184 1
321 69 1
1689 658 1
2765 288 1
2218 1479 2
1766 3228 2
3161 373 2
971 3363 1
2628 1985 2
2737 2568 1
2845 998 1
2885 244 1
1228 3306 1
525 2135 1
3276 1186 2
2559 2817 1
375 1653 2
2628 2858 1
340 1826 1
2022 2330 2
1256 1946 1
3140 1961 2
1429 451 2
971 1764 2
2203 2245 2
983 1453 2
1183 2035 1
2083 722 1
137 2607 1
1399 2808 2
1946 2537 1
1229 1140 1
840 2716 1
2619 437 2
2902 3150 1
1524 542 1
1443 1521 1
3372 1582 2
1771 2683 1
2395 1807 2
104 2014 2
621 3324 2
927 2763 2
2910 168 2
2958 789 2
2033 2451 2
2628 2552 2
3072 1602 1
2534 3284 2
2395 344 2
1382 3220 1
2858 1827 2
2848 1937 1
1935 599 1
25 1258 2
2798 556 1
2174 681 1
1989 1671 2
1104 380 1
3310 1337 1
1885 1620 1
1382 3276 1
1021 3170 2
407 2978 1
984 2775 2
2796 1158 2
1408 2860 1
2447 654 2
1821 2550 2
1711 1774 2
1107 2845 1
1009 416 1
3202 2637 1
732 1715 2
1650 1407 2
1544 1942 1
2018 427 2
1235 2140 2
2027 734 1
380 340 1
420 1546 1
2092 71 2
2298 3253 2
1284 2734 2
2483 190 2
1913 1656 2
372 1232 2
2670 2996 1
954 1682 2
1399 3059 1
645 1604 1
2871 3368 1
2982 409 1
1215 1285 1
2732 1111 1
2765 2105 2
284 2567 1
1434 2778 2
109 459 1
2088 2558 2
3363 1430 1
1627 3162 2
883 1970 2
2294 1392 1
1697 2155 1
2642 2503 1
2493 1182 1
1191 3054 1
141 1374 2
3021 2534 2
26 1005 2
1764 2096 2
2589 1909 1
2625 637 1
896 2710 1
2741 1729 1
2558 2674 1
3037 751 1
1628 2962 2
39 967 2
1882 2026 1
2148 3338 2
1819 2805 2
1270 879 1
1860 875 1
776 2730 1
452 368 2
2320 3372 1
2693 3334 2
306 126 1
1963 899 2
1374 2092 2
1513 610 2
853 1504 2
762 148 1
2517 2067 2
1994 3142 1
1204 253 2
3035 1418 2
2105 1349 1
1414 125 1
2555 971 1
2947 1636 1
2986 2609 1
1912 2920 1
367 215 1
1864 2093 1
2812 839 2
320 1952 1
3318 1759 1
3040 1332 2
1277 1888 2
858 1297 2
1844 633 1
2708 1320 1
1290 447 2
2111 2879 1
2640 755 2
1888 2839 2
221 2635 1
2407 1993 1
2607 2870 2
779 2500 1
1591 1655 2
2969 1854 2
1517 2890 1
1324 205 1
985 3350 1
2732 352 2
3190 1874 1
3159 1846 1
1004 1483 1
1830 469 1
2112 532 1
762 2528 2
1728 3224 1
2248 1757 2
1230 1261 2
2125 653 1
2751 1086 1
2418 769 1
3256 1758 1
1477 197 1
3040 1812 2
873 2268 1
4 1201 1
2352 410 2
2683 1696 2
374 3129 2
2693 2061 2
1518 1672 2
3179 2034 1
2347 1274 1
2938 647 1
1383 76 2
1034 1467 2
2330 365 1
992 2889 1
2848 640 1
1920 984 1
1484 3105 1
3114 2191 2
776 631 2
644 3114 2
280 2593 2
769 3014 2
469 2658 1
2135 2046 2
1033 2453 2
2868 3177 1
145 28 2
1046 2010 1
205 2696 1
410 2077 2
2007 3249 2
88 73 1
2905 3016 2
3193 2655 2
1826 3230 1
3241 2893 1
2287 3026 2
1846 382 2
983 1235 1
554 222 1
279 549 1
2503 267 1
1291 546 1
976 2315 1
2407 1217 2
895 3115 2
1144 152 1
445 2585 1
1326 2324 1
504 1714 2
1584 2976 1
1153 2485 2
734 3302 1
1932 2443 1
2660 1548 2
405 1143 2
3342 1171 1
342 2428 2
2720 3080 1
2782 1085 2
2716 2690 1
3273 1651 2
2730 1566 2
1172 1396 2
3372 2229 2
1520 298 2
2334 938 2
1601 408 1
2611 2292 2
1567 609 1
1125 3077 2
2026 521 1
2027 2153 2
2085 2205 1
561 3164 2
2169 2243 1
1684 735 1
770 1276 1
2140 3187 2
853 1487 1
2218 3295 2
619 2917 2
2833 2832 2
3071 1562 2
2672 1024 1
2393 259 2
2587 740 1
3347 371 1
3146 945 1
1186 2719 1
2334 2796 1
1729 477 1
544 393 2
840 1722 2
1024 2397 2
1143 17 1
168 1573 2
2229 2812 1
1938 804 1
2127 439 2
2971 2378 2
1186 3086 2
3268 2361 2
2304 2434 2
3190 2126 1
2737 2741 2
468 3343 2
2500 2173 1
393 1591 2
2026 2371 2
1788 590 2
3168 2899 2
1280 3304 2
2527 310 1
2977 898 2
3038 442 2
1702 453 1
2355 2206 1
2696 2375 2
1862 1450 2
1013 927 2
2653 2202 1
2105 3175 1
209 2553 2
850 57 2
1102 3356 2
1144 682 1
2580 563 2
2879 1280 1
689 475 1
1682 2435 2
3334 2876 1
2258 198 1
2944 615 1
3170 49 2
1308 3152 2
3077 297 2
1745 2928 2
2299 2524 2
3258 361 2
1908 1208 2
353 1532 1
3073 318 1
1656 88 2
375 3060 2
1020 1449 2
1391 868 2
1854 799 2
2278 611 1
2958 1326 2
620 3064 1
2314 1095 2
427 510 2
1270 13 2
1288 784 1
1289 2183 1
1249 59 2
3152 550 1
916 111 1
3083 2319 2
1095 1457 1
1339 986 2
2838 1648 1
590 2699 2
2690 816 2
682 656 1
2245 2493 2
59 235 2
730 1259 1
3068 2997 2
2902 1072 1
2332 2487 2
1382 1034 2
2037 2352 1
1015 432 1
432 1592 2
833 1999 1
318 405 2
784 1534 1
2279 1179 1
2103 184 1
2846 3217 2
969 1126 2
1953 2814 1
1955 2577 1
1771 1586 1
883 870 1
92 2934 1
3323 554 2
1218 266 2
524 2596 1
1825 284 2
2635 1988 1
3281 2871 1
2920 1650 1
945 2835 2
88 290 1
1817 328 2
2159 1477 2
2415 2867 2
893 2630 1
518 565 2
257 4 1
598 2137 2
3179 708 2
658 1943 1
3326 2369 1
2786 2639 2
1490 2634 1
1936 1402 1
2185 1503 2
3295 2240 2
3365 3293 1
186 762 1
238 700 2
1021 515 1
907 921 1
614 2316 1
1884 468 2
2656 1524 1
2630 657 2
76 2170 2
660 1879 2
916 441 2
853 255 2
722 3309 1
3163 1703 2
422 460 1
2761 2192 1
25 2127 1
375 114 1
2306 3269 1
2453 1120 1
2026 3183 1
2399 1817 2
1104 1910 1
2007 2320 1
2543 2529 2
1286 672 1
1289 1091 2
187 2239 1
1168 232 2
2678 886 2
1967 3339 2
121 1327 1
2642 2620 1
2158 2269 1
1819 342 1
324 331 2
76 1727 2
151 3359 2
1671 983 1
2708 3157 1
893 74 2
2018 893 1
157 2389 2
2031 2732 2
2535 3190 1
2446 2501 2
2640 2659 1
2620 2754 1
1218 2218 2
1217 317 1
1173 195 2
1780 1567 1
1259 2589 1
2757 1956 2
888 1339 2
1828 1632 2
1515 7 1
1888 3144 1
2864 1029 1
1150 3242 1
2421 349 1
1155 3274 2
2083 1756 1
2971 2331 1
1065 2597 1
3365 2433 2
2140 1434 1
2117 2050 1
3338 2221 1
2797 1033 2
2670 848 1
2683 2933 2
447 2740 1
2305 2727 1
1327 95 2
3308 1180 2
789 2924 1
477 1020 1
3187 137 1
995 2304 2
783 87 1
2220 2178 1
609 2834 1
2019 2337 2
423 1669 2
8 3106 1
2898 1788 2
886 3349 2
680 2200 2
2206 3326 2
361 25 1
1396 2454 1
807 1515 1
510 1125 1
2674 2401 1
468 2350 2
868 1335 1
1197 840 2
2063 1595 1
1909 3345 2
2290 2348 2
2506 1540 2
3059 1094 2
1921 478 2
353 2795 2
558 287 1
3242 3174 2
1009 2576 1
444 3161 1
1392 2580 2
462 1530 1
2166 2290 2
1005 888 1
1709 3254 2
2871 305 2
2121 1369 1
1305 299 2
2290 2431 2
2899 691 1
1728 1080 2
1450 957 2
120 225 2
130 646 2
1429 939 2
1004 3323 2
621 2958 2
195 1021 2
36 1796 2
882 2939 1
1817 595 1
784 833 2
2501 803 1
1114 638 1
1351 3146 1
1188 2892 2
1655 620 1
749 3198 1
515 2241 1
2291 440 2
932 3041 2
3038 3308 2
2531 2251 2
2235 1920 1
297 2154 1
524 2399 1
1414 1210 1
3061 1666 1
1638 2971 2
949 2108 1
2848 578 1
1324 1110 1
2768 229 2
2737 608 1
1336 452 2
1627 22 2
1827 2158 2
2008 2235 2
2324 2071 2
2187 32 1
825 422 2
532 2273 2
2437 151 2
2569 2846 2
2732 358 2
1750 2442 1
2732 2439 1
3150 144 1
2436 2900 2
1941 1516 2
660 2054 2
3016 2764 2
1636 1014 2
2154 2311 2
83 2803 1
1729 1270 1
510 1972 2
1601 164 2
2040 775 2
164 221 1
1592 1870 1
1942 1638 1
3080 2656 2
2039 1408 2
2763 1133 2
2893 1552 1
2483 1028 1
611 1616 2
2990 2678 1
2164 826 1
2407 916 2
3080 1032 1
1476 1626 1
2164 3 1
193 2611 1
898 1083 2
538 2447 2
967 644 1
2849 2519 1
1232 1264 2
1142 1684 2
966 1137 2
2640 2166 2
1523 2233 2
869 1911 2
594 1881 2
1651 2765 1
1528 2174 1
2864 1824 2
3253 1507 1
1125 2614 2
2378 1728 2
1230 1300 2
2496 2555 1
754 163 1
1215 993 2
1582 3365 1
1551 180 1
1546 823 2
1111 820 1
4 420 2
3258 379 1
647 135 1
736 883 1
236 1992 2
2386 2306 2
467 1748 1
946 1629 2
3143 1805 1
2767 2417 1
2321 2898 1
1606 2902 1
1405 1429 2
2096 1342 1
2205 2766 1
2798 1370 2
1263 1204 1
3146 1614 2
1089 1965 1
2447 3357 2
2628 1887 2
2484 842 1
74 865 2
2658 189 2
2418 2081 2
336 228 1
1879 2955 1
2378 1184 1
2502 641 2
374 249 1
3242 2279 1
3155 614 1
1200 558 2
2221 2708 2
209 1509 1
2247 922 2
2159 2335 2
2431 306 2
1952 776 1
1487 52 2
1201 759 2
542 3186 2
1413 1981 2
3357 882 1
2982 2910 1
2835 172 1
2654 3180 2
607 568 1
3256 2415 2
2634 2107 1
659 660 1
301 5 2
1775 1793 1
3249 129 1
528 1359 1
3183 2742 1
2063 2720 2
2563 2885 1
218 2242 2
1179 1336 2
498 959 1
1965 2209 1
1414 2122 2
700 1490 2
1542 1228 2
1167 1963 2
1110 1979 2
2996 2541 1
41 992 1
3057 407 1
1490 2484 2
2366 1702 1
2330 3275 1
525 2909 2
646 2334 1
984 2911 1
407 15 2
2108 2244 2
3339 926 2
2876 2313 1
817 1659 2
3300 3137 1
2866 2147 1
2760 1508 2
2454 837 2
598 2380 2
2468 1329 1
768 2094 1
2853 2604 2
3276 94 2
152 825 1
1602 1680 2
996 1395 2
467 11 1
1936 2569 1
2213 524 2
266 2648 2
2419 2314 2
170 2185 2
386 3347 1
1487 561 2
2033 2411 1
3310 1386 1
440 2148 1
2863 2753 2
3284 2047 1
2893 147 2
3115 944 1
882 1551 2
1429 1303 2
976 2383 1
2340 2981 2
1182 170 2
2372 2407 1
3217 1695 1
1370 2638 2
704 2121 1
959 474 1
524 2643 2
200 2737 1
2744 1844 1
3037 3061 1
215 2640 1
2537 1691 2
2386 2254 1
2487 1841 1
2524 1200 2
2700 3287 1
447 2385 1
3055 1990 2
22 1528 2
1597 680 1
1153 869 2
1680 338 1
2336 961 2
2989 3096 1
1772 566 2
369 1687 1
1874 2556 1
549 1575 1
2129 912 1
657 1733 1
2797 3038 1
3224 1341 1
2891 2540 2
2751 3168 2
331 3256 2
658 2563 1
1449 2801 2
1990 962 2
2934 1563 1
528 1544 1
2678 625 1
1709 1685 2
203 1766 1
32 2758 1
408 2283 2
1392 2665 1
3041 2410 1
2241 3273 2
1429 202 2
3247 3298 1
1655 2395 2
2996 2080 1
2317 1351 2
1329 2019 2
608 2088 2
2209 353 2
672 3032 2
1262 1746 1
1789 2947 1
1312 1709 2
3190 130 1
1184 470 2
936 536 2
842 822 1
3054 2414 1
542 3025 2
320 1804 2
1990 1286 2
141 591 1
1392 1227 2
121 853 2
1524 2440 2
83 141 2
249 697 2
2451 1789 2
755 564 2
2379 2301 1
280 2408 2
3338 689 2
3054 1705 1
76 1945 2
907 1662 1
1258 1153 1
1302 1903 2
3105 1590 2
1910 1916 2
2732 1967 2
190 2619 2
837 1950 1
288 2073 1
3156 2965 2
2140 2285 2
518 1491 2
1606 2374 1
730 2986 1
7 378 2
2336 2826 2
1528 2288 2
3271 1484 1
1400 1849 2
1759 1104 2
2484 2033 2
1573 2786 1
797 2116 2
497 2336 2
1898 1015 2
1872 2211 1
172 748 2
2243 1517 2
1796 369 2
125 1697 2
510 1868 2
591 1088 2
2529 2317 1
288 496 2
2093 359 1
449 1622 2
2440 544 2
374 2332 2
1285 3127 1
883 1406 2
2835 966 2
2640 183 1
1406 540 2
1523 1431 1
3212 131 1
1359 1262 2
1722 533 1
2795 2355 2
949 1037 1
1160 1584 2
2484 1809 1
2407 1027 1
1466 754 2
3197 1647 2
1938 1777 1
3187 3202 1
2244 2291 1
1992 2117 1
2695 3259 1
2597 35 1
2808 1994 2
1872 1116 2
1080 213 2
453 1273 1
2936 3039 1
2258 2112 1
344 592 2
87 1568 1
3186 320 1
2807 1610 1
1337 970 1
759 26 1
2294 1172 2
1981 2977 2
1595 462 2
462 3143 2
3343 1825 1
2708 101 1
2848 2129 2
1828 193 1
2939 482 1
1748 209 2
2553 923 2
180 2353 2
789 2961 1
276 1704 1
874 3002 2
3156 1132 2
2178 145 2
1975 425 1
971 911 1
2633 2036 1
2417 1921 2
1454 727 1
2358 1627 2
1696 1545 1
485 2022 2
1521 753 2
2254 2372 2
3059 1215 1
2418 1360 1
1812 3203 2
3072 2818 2
3081 1597 2
3247 2767 1
335 997 2
2890 2868 1
3040 2057 2
184 2214 2
92 985 1
22 3120 1
1636 300 1
2251 247 1
2372 895 1
948 3281 2
162 2964 2
477 386 1
998 2087 1
2200 1197 2
1984 186 2
562 688 2
912 1778 1
1821 1328 2
1297 976 1
3023 423 2
217 14 2
3306 2840 1
400 1310 2
2862 3046 1
3060 2502 1
32 1413 2
355 1559 1
1750 3192 1
442 1533 2
2360 948 1
1036 2266 2
447 1564 2
2696 871 2
3268 2990 2
2154 1935 2
2428 1798 2
206 1026 1
2025 687 2
3135 2025 1
2964 744 1
367 2358 1
1288 2249 2
260 1913 1
825 732 2
1638 400 1
2343 203 2
751 560 1
1727 1501 1
2549 2144 1
498 2628 2
769 236 1
3350 2475 1
2301 56 1
1633 1443 2
687 1229 2
1332 1475 1
3175 2968 2
2672 438 2
3295 1897 1
2298 636 2
2802 3035 1
86 3318 2
496 2298 1
3293 2347 2
521 2802 1
3363 1298 2
329 2343 2
2696 2263 2
2147 2387 2
1614 1466 1
2114 315 2
1311 2125 2
409 1202 1
1952 2641 1
3198 2751 2
2451 1065 2
932 464 1
3295 2483 2
1207 1628 1
3271 1660 2
960 3071 1
1523 2248 2
1812 2189 2
378 65 2
2923 3109 1
1021 1984 2
2798 211 2
1501 2432 1
1300 1572 2
2652 3172 1
441 1155 1
2484 1163 1
438 2923 2
2187 309 2
318 919 2
393 220 1
638 1853 1
328 2946 1
2849 2039 1
1171 260 1
2301 2024 1
2283 1710 2
850 263 1
2754 2681 2
1757 2903 2
1411 16 1
2955 720 2
867 1277 2
2315 2377 2
2186 749 2
826 3173 1
2920 1222 1
1524 518 2
305 649 2
4 1426 1
3359 1745 2
188 807 1
2924 1513 2
3023 3320 1
653 2873 2
247 2496 2
2259 1821 2
2900 1792 1
1792 743 1
209 538 2
180 1955 2
625 3197 1
1383 2363 2
2408 856 1
2625 2849 1
2908 78 2
2354 282 1
1271 2274 2
2306 1912 2
1163 1107 2
2399 783 2
83 979 1
1171 2303 1
1769 2294 1
2332 2446 1
24 1772 2
842 276 2
1842 324 1
65 2559 1
478 321 1
2911 2421 2
2304 476 1
1769 2418 2
1014 2787 1
2483 622 1
2350 1633 2
28 2260 1
1936 2186 2
2259 1523 2
708 3310 2
566 936 1
979 75 1
1551 2806 2
1935 2419 2
704 363 2
2363 1803 2
2137 1539 2
3137 3219 1
2517 2615 1
441 375 2
1324 1207 1
2485 2790 1
2120 980 2
657 2781 1
409 2859 1
305 3055 1
2083 3353 1
2955 1977 1
1950 960 2
1088 1549 2
1808 2180 1
1245 104 2
1921 217 1
2658 1245 2
817 1414 2
2660 2219 1
1020 954 2
3014 2761 1
1564 1400 1
1756 726 2
2417 3265 2
3318 444 2
220 1867 1
129 1382 1
3350 1249 1
2214 2382 1
1627 1263 2
2796 2916 1
534 995 1
1262 2747 1
2981 2051 2
2063 493 1
2022 2838 1
2274 3241 1
1474 2275 2
2787 2236 2
2619 2156 1
712 1718 1
1819 3135 1
14 709 2
1342 139 1
1552 2351 1
753 1046 2
3032 1410 1
3280 2938 2
3172 1009 1
3135 2695 1
1711 2370 1
532 1497 2
1756 2693 1
2371 1118 2
1112 2660 2
2742 2866 2
969 1769 2
568 106 1
594 1173 2
1200 39 2
1911 1102 2
3060 3008 2
2358 1159 1
2348 335 2
2741 1872 2
631 2633 1
2936 2448 2
775 3258 1
869 2 2
3203 2157 2
2269 2430 2
197 2531 1
2690 2535 2
899 157 2
1289 2213 1
3046 779 2
1184 1511 1
2626 2216 1
467 119 2
2493 200 2
858 1248 1
1573 2217 2
2300 1284 2
2905 1518 2
1497 2300 2
3096 1599 2
3231 2468 1
2597 1882 1
2290 1775 2
2641 2602 1
2453 2354 1
1341 1975 2
2243 1866 1
137 594 2
654 2862 1
1523 1750 1
2274 2975 2
242 2287 2
925 2437 2
2279 2561 2
625 2004 2
2353 1144 1
633 3019 1
221 1044 2
1382 3280 2
2537 3255 2
2933 2617 1
3198 41 2
1364 534 1
3072 1191 1
2655 3282 1
2593 3263 2
1846 121 2
2812 61 2
203 867 1
2635 1268 2
914 1168 2
76 996 1
914 2258 2
2846 2008 1
3152 329 2
759 624 2
2955 3057 2
2533 2499 2
2107 167 2
1335 3159 1
2317 2588 2
493 1630 2
769 1640 2
684 333 2
147 2623 2
413 1152 1
476 714 1
717 3300 1
810 3073 1
2103 3070 2
609 2599 2
882 1520 1
877 2134 2
1715 2295 1
170 2161 2
3289 2159 1
2909 54 1
1977 2897 1
1715 1391 1
740 2203 1
816 2111 1
3170 1837 2
2335 2204 1
1430 443 2
2786 1236 1
2561 1689 1
1497 2114 2
2239 3140 1
1116 307 2
2329 2616 1
28 257 1
3302 3068 2
3353 280 1
1743 2936 2
1268 1324 1
1085 2063 1
449 1838 2
155 3179 1
452 2299 2
3110 445 1
2812 795 1
407 2278 2
1903 47 1
69 3037 1
1351 730 1
106 693 1
3124 2810 2
3114 1877 1
255 1278 1
400 1057 1
2050 770 2
525 351 2
324 1486 1
1994 562 2
2335 2594 2
3083 736 1
141 1806 2
2374 717 2
1523 1282 2
3343 3212 2
2900 2836 1
317 551 1
789 2717 1
1406 619 2
1013 1736 1
2053 932 1
41 2040 2
3265 1458 2
65 1291 2
61 1183 2
868 1770 1
1564 1053 2
2786 1605 2
3253 612 2
2071 1828 1
2944 3124 1
1140 319 1
76 832 2
2753 153 2
469 2259 2
2321 3231 2
225 2517 2
2790 1135 1
2369 1188 2
2834 2505 2
188 659 2
2383 1199 1
1382 1535 2
2630 2969 1
2897 874 1
24 2556 1
611 658 1
1265 2190 2
1441 2785 1
281 1982 2
436 1460 1
1852 1251 2
50 436 2
1588 579 1
70 3126 2
2416 1100 2
1030 1889 2
2857 3074 1
1147 2539 1
1299 2388 1
1621 2095 1
38 343 2
323 2058 1
2208 3358 1
2194 3366 2
2942 2875 2
639 1951 2
809 2774 1
2629 1317 1
1372 1081 1
2804 2338 2
864 149 1
756 1203 2
2967 2560 2
3358 3316 2
1322 389 1
642 98 2
668 1092 2
2618 2167 1
1802 2133 2
977 1440 1
828 589 1
1829 844 2
2467 1683 2
785 1510 1
1401 219 1
1560 1377 1
2504 982 1
1387 3134 2
1612 1668 1
2256 430 1
1216 2570 2
2581 2208 1
2759 2530 1
166 2115 1
2772 3062 2
1850 2396 1
1165 880 1
214 824 1
20 1010 2
2704 1958 2
790 2490 1
3053 679 2
1084 1652 1
3261 2030 2
105 2591 2
2307 1731 1
2167 3075 1
2101 1063 1
1187 584 2
1049 311 1
20 2701 2
230 626 1
2887 3333 2
1612 851 1
2130 2679 2
2041 2722 1
988 3053 2
1214 3294 2
507 2865 1
2312 701 1
2883 2141 2
2621 403 2
2472 2339 2
245 2391 1
891 1390 1
2064 2422 1
1794 2565 1
2441 1388 2
10 1607 2
2013 383 2
3153 3108 1
395 2232 2
3010 588 2
1693 1433 2
1765 963 1
2190 2841 2
23 703 2
2016 2579 1
761 1895 2
1016 900 2
2388 1863 2
1556 3004 1
2583 99 2
2145 192 2
763 1362 2
1190 773 1
2855 360 2
488 2326 1
2404 108 1
51 767 2
626 313 2
2357 2136 1
3278 3069 1
2237 1325 2
500 1139 2
357 1996 2
733 2055 2
811 3031 2
3277 1170 1
3301 9 1
2333 2265 1
947 2488 1
2591 1598 2
831 3279 2
3130 765 2
1087 2993 1
2150 1962 2
2538 2048 2
3278 2536 1
2932 1547 1
1437 246 1
1415 2228 1
3111 1241 1
2618 2464 2
2466 745 2
2074 2003 1
747 597 2
1958 1266 1
461 2494 1
2784 481 1
3319 2705 1
908 3369 2
514 1164 1
2733 3362 1
827 175 1
115 2138 1
1295 1693 1
1309 2234 1
2578 667 1
3043 2735 1
90 486 1
2452 859 1
2677 2455 1
2356 3252 2
661 929 2
2865 796 1
2723 2941 2
2927 878 1
1025 2970 2
448 3290 1
1117 2966 2
3012 707 2
1836 1525 1
350 3319 2
1763 3195 2
1455 2079 1
2090 1723 1
905 3229 2
1047 256 2
402 503 2
3079 3138 1
1346 2194 2
2686 2196 2
2777 30 1
182 2843 2
343 1679 2
115 2367 1
3009 2113 1
2172 3123 1
1100 1243 2
3337 1387 1
3132 847 1
2515 1185 1
304 1017 2
904 347 2
1639 79 2
1100 81 2
1145 3122 2
2624 1869 2
113 965 2
559 531 2
1678 2575 1
1240 68 2
745 2016 2
1440 2728 1
2669 671 2
1962 2458 2
2381 3065 1
1663 2603 1
2792 947 2
809 2384 2
149 243 1
952 1686 2
1018 1323 2
2828 3321 2
2783 455 1
426 1997 1
2494 639 1
774 1732 1
586 1843 1
3216 2600 1
1663 1315 1
1596 794 2
240 917 1
1042 2044 1
2697 46 2
3267 271 2
2102 2682 2
2852 1002 1
1409 1209 1
70 648 2
535 1561 1
3264 2771 1
10 364 2
3166 2605 2
1951 93 2
2165 572 1
1694 1340 2
1522 2043 2
1056 3148 2
3206 2999 1
2669 933 2
2752 2064 1
2062 627 1
2402 2661 2
2388 2184 2
555 2726 2
2546 1220 2
2950 2887 2
741 2856 2
2979 1480 2
2265 3006 1
710 341 1
537 491 2
1624 2362 1
274 254 2
1713 1784 2
958 1267 2
3214 1496 2
1522 1987 1
1437 2420 2
1237 463 2
2702 1361 2
1644 1193 2
1855 885 2
304 605 1
1541 1346 2
43 2857 2
2405 1762 2
124 846 1
1447 1122 1
828 2289 2
3352 2070 2
3216 1056 2
262 3248 2
2225 1350 2
3069 1447 2
1947 2478 1
1555 2182 1
2687 2830 1
857 678 2
719 573 2
2865 1755 1
2463 1403 2
1607 968 1
513 3211 2
1338 2128 2
269 604 1
2673 1338 1
831 3182 1
3075 1192 2
2647 603 1
3069 2842 1
3020 3028 1
831 1331 2
1724 989 1
1307 1915 1
1463 381 2
118 286 2
2551 2465 2
2504 2880 2
1716 802 2
1436 3191 2
383 2685 2
1187 713 2
1895 55 1
1875 1752 2
785 2413 2
326 2253 2
1141 1577 2
1149 618 2
2479 1066 1
2424 2032 1
2733 3010 2
1996 2566 2
604 1375 1
1469 3044 2
192 1147 1
1001 457 1
1345 2416 2
2021 1855 1
2098 1146 2
1823 1471 2
669 593 1
1971 706 1
2657 742 1
557 2684 1
1437 1926 1
465 711 2
2346 2210 1
1219 2271 2
2078 3098 1
2844 150 1
383 1531 2
924 3261 1
1581 323 2
1547 1800 2
2827 2584 2
739 1260 2
3132 2749 1
1987 1558 1
1323 2250 2
1353 2146 2
859 2739 1
1404 1944 1
1275 3092 1
552 2963 2
639 1954 2
2289 3244 1
892 2364 1
1831 1016 2
757 664 2
3204 1488 2
3264 1177 1
2012 2590 1
585 1639 1
1356 2425 2
724 181 1
1176 399 2
1468 29 1
1800 1348 2
2554 102 1
1571 2545 1
2756 411 2
2707 2151 1
1596 233 2
488 761 1
3279 2956 1
514 2482 2
2341 2000 2
1105 2645 1
663 1435 1
3210 1151 1
2181 2819 2
354 2759 1
2821 2745 1
2069 585 1
1585 841 2
2106 1424 2
2479 302 1
3299 2943 1
812 1816 2
2721 1502 1
3360 975 1
1412 2713 2
1489 2257 1
2115 1634 1
2627 617 1
1253 234 2
1786 665 1
1924 1223 1
428 2163 1
733 800 1
2234 1105 2
613 934 1
2844 275 2
1643 2884 1
2138 2201 2
2179 1344 1
3370 42 2
2618 2783 1
1923 1352 2
2925 2677 2
70 3042 2
357 1571 1
2481 2165 1
2149 2074 1
2257 1560 2
322 1834 1
395 2621 1
2887 1641 2
182 3130 2
3056 1845 2
2811 1694 1
763 3327 1
223 3232 1
2133 924 2
2404 2987 2
706 774 2
3362 27 2
3104 3066 2
102 499 1
785 3063 2
1914 529 1
2948 2076 2
3235 2921 2
809 356 1
1073 1128 2
2365 2132 1
1848 1272 1
2651 1739 1
3034 1621 1
490 1409 2
2124 1138 2
2341 1343 1
1190 2284 2
2651 1585 2
2624 3214 1
2608 1787 2
906 1901 2
312 827 2
1987 586 1
2994 2945 1
2584 1519 1
942 2784 1
2422 901 1
1428 2914 2
2937 1927 1
1708 2346 1
2959 3313 1
778 3139 2
2913 1196 1
1211 763 2
233 2572 1
3188 2631 2
1790 1242 2
1377 696 1
1043 1918 2
2038 3367 1
1681 3131 2
2084 1706 1
312 103 2
2841 136 1
1409 2131 2
1115 3267 1
1933 1978 1
1096 1045 1
1580 903 1
1951 2627 1
2636 2222 1
2044 3283 1
1478 1611 2
3132 2084 1
472 1119 1
1800 2525 1
91 199 1
3358 2286 1
2325 2522 2
2731 3154 1
2402 2548 1
127 1446 1
2138 223 1
3211 2472 1
3262 2733 1
1073 2176 1
1618 2668 2
3243 3058 2
2222 1624 1
2098 3240 1
723 2828 1
1865 1670 1
2212 757 2
701 1121 1
10 345 2
1510 1642 1
294 91 1
3336 18 1
454 2746 2
2162 1380 2
327 1195 2
171 988 2
569 1082 1
767 2462 2
2450 1468 1
414 2930 2
2165 488 1
286 1472 2
2514 1149 2
543 2059 2
3101 2789 2
1783 1073 1
1269 1216 1
2663 3149 2
2457 1301 2
600 140 1
1066 977 1
1637 2069 1
1607 1925 1
1505 1103 2
194 2707 2
1896 1574 2
3151 2872 2
3103 3335 1
2943 312 1
1918 264 1
98 2750 1
2059 2237 1
3107 1166 2
3103 3373 1
2731 1851 2
403 357 1
458 2342 2
1919 651 2
1348 1000 2
2055 2270 1
2539 1355 2
2777 3133 1
2364 509 1
178 739 2
1749 397 2
2691 1041 1
173 1802 2
2869 741 1
2362 1875 1
1354 1661 2
1098 2060 1
3262 2687 2
3176 1930 2
1166 3169 2
586 2307 2
763 3226 1
3348 3332 2
1496 1226 1
844 1187 1
2405 1022 1
2309 2302 1
2970 2714 1
1077 1368 2
2837 1093 2
3232 100 2
3215 3299 2
2749 3034 2
1334 250 1
1 2721 2
2925 1692 2
3139 2491 2
2246 843 2
880 1676 1
1934 3204 1
2420 3264 1
3078 2979 1
265 772 1
1834 3103 1
1820 2017 2
179 661 2
1907 2825 2
1079 1836 2
1954 3311 2
2106 1613 2
1315 1765 2
1924 545 2
2460 2523 2
1269 2725 2
2522 860 2
1292 154 1
2141 668 1
1169 1432 2
2224 1902 2
2210 2322 1
3352 1883 1
3240 1643 1
2190 2045 2
1213 214 1
3360 1832 2
1040 2323 1
323 715 2
357 117 2
2992 728 2
3006 2424 2
1283 66 2
38 1097 2
1701 487 1
1940 2197 1
2950 1306 2
1002 3314 1
1519 1919 1
2438 285 2
780 3005 1
2750 723 2
245 308 2
1724 942 2
112 2381 2
2783 2794 2
1926 1451 2
3176 2878 1
3084 3206 2
2983 3370 1
3013 2776 2
1891 10 2
2289 507 2
2074 1964 1
1213 1124 2
271 2293 1
866 3352 2
2686 3360 2
1358 231 2
2784 3305 2
308 831 1
981 987 2
2230 1357 1
1823 1439 2
1237 559 2
1447 981 1
1147 2994 2
1047 3112 2
1959 159 2
787 2562 1
2489 1675 1
2598 494 2
2854 2756 1
2878 1441 2
811 1275 1
2608 387 1
1712 760 1
758 191 1
716 3166 2
2572 1781 2
1151 2578 2
237 1378 1
2970 2967 2
955 2426 1
2106 2497 2
1047 2706 1
84 2467 1
1762 3341 2
889 3223 1
1006 3118 2
2869 19 1
411 2811 1
1355 1593 2
2145 1924 1
677 690 2
1038 3012 1
1097 1724 1
606 2886 2
82 3331 1
887 1068 2
2935 394 2
2770 3237 2
1933 1206 1
642 118 2
2131 2894 1
3327 1334 1
1964 725 2
2722 567 1
1699 1269 1
951 85 1
2992 809 1
699 3328 1
940 2090 1
2307 2078 1
1455 2091 1
1482 158 1
159 1099 1
3151 1848 2
272 2724 1
2725 990 2
465 2349 1
745 31 1
745 2312 2
85 2049 1
2988 1078 1
2281 1175 2
764 1176 1
2076 1618 1
1446 777 1
3158 1795 1
1553 3251 1
798 3151 2
3223 1753 1
2799 2404 2
2364 2874 2
1978 1914 1
3195 1461 2
650 1 2
1480 1040 2
844 785 1
1243 650 1
1526 2507 1
348 940 2
357 3210 1
2813 2373 2
2450 876 1
757 1890 1
1260 2542 1
1615 3079 2
12 3030 2
602 269 2
256 3067 1
1103 2498 2
1919 1221 1
1190 1075 1
1138 495 1
1387 2252 2
2425 173 1
2799 1859 2
161 872 2
1577 1225 1
1958 2526 2
2825 392 2
1723 1865 1
2142 2985 2
3246 1822 2
2480 1617 2
1621 2109 1
397 2869 1
1306 1365 2
2115 3082 2
2953 2480 2
1679 3121 1
1281 446 1
918 210 2
2356 2925 2
981 1600 2
1570 1900 2
3044 1079 2
3011 1786 2
1022 1412 2
348 3189 2
934 596 1
1316 1983 1
1234 2518 1
699 1820 1
1365 265 2
1641 2922 1
495 2181 1
448 1025 1
2265 818 1
2396 834 1
2512 2554 1
484 1721 2
3092 2325 1
880 113 2
108 3296 2
987 2729 2
1283 500 2
552 3000 2
1075 519 2
136 89 2
2090 142 2
1987 3056 2
2308 3330 2
2228 3088 2
337 1165 2
117 1856 2
1688 1039 2
642 2438 2
665 1783 2
3074 1654 2
3214 110 2
383 2703 1
2671 1735 2
3354 780 2
124 1299 1
1538 501 2
2388 2942 1
1670 273 2
745 2281 1
1081 2520 1
3257 2973 1
2697 3107 1
411 3270 1
1753 303 2
494 38 1
699 366 2
1782 1049 1
233 3196 2
2400 2012 1
778 1240 2
348 3013 1
1301 1367 1
814 2445 2
1422 2152 2
89 3113 1
2739 1893 1
1720 37 1
1618 2847 1
3111 2883 1
2230 2143 1
392 3153 1
1578 2974 2
2282 1456 2
2983 1852 2
264 1933 2
3176 1376 2
2726 3091 1
2691 1421 1
103 316 1
854 718 2
2478 1720 2
254 1768 2
1732 1307 1
1794 2142 1
1419 3337 1
1154 1253 1
2755 3017 2
1444 2150 2
603 758 1
2691 2777 1
964 370 2
2302 1725 2
2706 406 2
517 1760 2
417 782 2
602 1557 1
304 881 1
98 295 2
1084 3277 1
397 2052 1
326 2822 2
2193 1459 1
1869 908 2
3024 955 2
2603 1448 1
1195 2800 1
725 918 2
1313 3007 2
3319 1279 1
177 2752 1
2406 2002 1
692 1322 1
208 123 1
3010 1730 2
1435 2172 1
1234 2123 1
617 458 2
2912 1250 1
1719 1463 1
174 2564 1
1424 1646 1
741 2282 2
2960 2702 2
2815 1896 1
1496 3213 2
414 2504 2
2224 3188 1
626 1498 2
3111 337 2
2302 2177 2
2687 402 2
494 2457 2
2492 480 2
210 2820 2
1734 3085 1
2307 1064 1
830 2001 1
3062 2613 1
1720 2573 1
1556 1084 2
1378 1174 2
3065 1526 1
800 547 1
3056 2824 2
2333 2692 2
1835 1734 1
1122 787 1
40 1813 1
597 1096 1
3138 2861 1
1309 2255 1
2603 793 2
1836 2854 2
1587 3185 1
2246 1012 2
764 346 2
1541 2691 2
1686 2704 2
512 702 1
2988 1001 2
261 2460 2
2536 1423 1
177 1976 2
2318 1847 2
2707 1205 2
3240 1154 2
512 1726 2
2113 2264 1
3004 396 1
174 813 1
522 2357 1
665 828 2
2673 2850 2
994 2021 2
2882 815 1
303 490 1
2342 1238 1
1553 1749 2
1127 791 2
1393 204 1
1634 2510 1
1190 683 1
1958 3132 1
772 894 1
2679 3246 2
1403 2551 1
2662 237 1
1783 274 2
3132 1212 1
1873 1023 1
295 51 2
399 3119 1
2777 1452 2
705 2610 2
2735 1071 1
1415 537 2
3139 1690 1
968 2513 1
2632 272 1
1006 252 1
2601 1295 2
3091 1537 1
2076 2098 1
1061 1019 1
1409 2097 1
2215 1006 1
2498 45 1
1760 3093 1
2215 1596 1
354 855 1
634 555 2
1195 1904 2
2973 1043 2
1676 512 2
1621 1678 1
2841 2110 1
2592 473 1
2959 2895 2
2481 484 2
1661 3027 2
600 2139 1
2003 3278 1
3191 2769 2
1357 456 1
2523 3095 1
765 1233 2
2811 1556 2
1023 1358 2
977 1098 2
2261 892 1
1865 1644 1
2865 710 2
690 1428 2
2780 958 2
262 569 2
2199 1833 1
2963 576 2
2495 429 1
2043 1974 1
2413 3354 1
1700 166 2
1136 3048 2
953 3116 2
2686 2931 2
1220 835 2
3133 2459 1
123 1003 2
1693 887 1
3313 1700 2
3252 2646 1
2286 230 1
3047 1665 1
2590 3117 1
3117 812 2
2478 1782 1
98 2780 2
268 1708 1
569 552 2
1421 634 1
1996 1767 2
2427 2403 1
1377 415 1
1688 454 2
1301 97 1
3252 2521 2
313 953 1
589 1578 2
204 1581 1
268 2224 2
1350 2256 2
2686 1455 2
861 2663 1
430 904 1
1855 606 1
1899 849 2
584 1742 2
1275 1420 2
1799 2779 2
3149 2365 1
2357 3018 2
3329 3238 1
881 3215 1
2650 2376 1
3246 3104 1
2199 376 2
2663 1831 2
2062 435 2
3327 2309 2
2308 2267 1
3169 1255 1
3130 2815 1
3337 2629 1
1427 3200 1
1918 2915 1
2481 737 1
142 90 2
1001 2327 2
178 1321 1
2847 1623 2
2954 2489 1
1833 1873 1
3317 2983 2
2714 1293 1
480 1747 1
523 1211 1
2474 3094 1
2255 1790 1
3286 2837 1
519 581 1
3027 1677 2
45 2855 2
2238 1394 2
1206 2651 2
752 1219 2
1146 1998 2
2110 2844 1
1741 472 2
1452 62 1
963 600 2
1944 2912 1
2715 1035 1
665 2686 2
2929 2937 2
3029 1437 2
1338 160 2
185 2666 1
1154 1773 2
729 523 1
289 1761 1
1165 2804 1
117 3329 2
3107 1580 2
67 1404 1
2825 2952 2
2712 2671 2
245 1495 2
2994 1190 1
2323 2066 1
683 2927 1
2952 325 1
1617 450 2
2015 733 2
149 2829 1
1927 1779 1
2622 1478 1
1362 2333 1
3371 2954 1
2746 1234 1
968 2344 1
2713 258 2
2460 296 1
685 2075 2
876 1384 1
2459 1246 2
1776 2673 1
593 3099 2
3176 2296 2
818 1667 1
406 910 2
699 1347 2
2980 1189 2
2667 673 2
3118 1067 1
2228 2318 1
2929 1469 1
1293 1047 2
601 1522 1
2691 2461 2
412 3239 2
418 2508 2
844 1929 2
322 3292 1
2932 1427 1
3225 2474 2
581 1445 1
1307 3024 1
2228 1372 1
171 2538 1
845 2959 2
2887 778 2
1007 1538 2
1634 105 2
952 3325 1
1146 1931 1
45 862 1
58 3022 1
2985 2731 2
1966 2957 2
2510 339 1
3010 2715 2
1427 3234 1
2516 2492 2
1001 44 2
456 675 1
3099 3303 2
2042 3291 1
1699 2791 1
1481 2068 1
905 3286 1
2583 169 2
1469 3090 1
763 2104 2
1157 1115 1
2477 1415 2
113 426 1
3290 1608 1
1384 2697 1
3063 48 2
3130 2544 2
1084 428 1
3366 1631 1
2020 891 1
80 1850 1
1481 84 2
3006 2809 1
1776 2100 2
573 2951 2
458 2223 2
3017 2479 1
30 2647 1
507 122 1
1570 1947 2
3103 1077 1
2800 1637 1
780 3297 2
2228 1292 1
1974 937 1
2941 1934 1
1436 1265 1
2296 194 1
2702 2712 2
1226 34 1
1195 583 1
246 889 2
1478 1829 2
1299 3235 2
3123 291 1
2686 2009 2
1869 350 1
756 1615 2
133 72 2
2462 2799 1
1447 1835 1
2669 80 1
2591 1541 1
908 1959 2
1781 3216 2
3102 2592 2
3189 1416 2
2104 943 1
169 964 2
1092 3047 1
2342 294 1
545 836 2
2396 1157 2
699 1905 2
2591 251 2
1693 582 1
2250 905 2
2003 1371 2
2847 3285 2
2466 171 2
1502 541 1
2562 2827 1
1541 2512 2
3116 2515 1
207 2882 2
1464 1381 1
3024 2650 2
1734 33 1
3033 1444 1
1811 3227 1
133 483 2
3048 2547 1
2149 3288 1
838 1304 2
1987 1949 1
1773 3176 1
1388 2669 2
765 330 2
1829 433 1
739 1470 1
55 1536 1
1820 2020 2
2686 1294 1
1423 1550 1
1006 3371 2
2666 12 1
2857 2709 1
1432 806 2
219 530 1
415 1543 1
857 128 1
1367 694 1
567 729 1
950 1922 2
1480 522 1
3113 1109 2
3139 322 2
2460 348 1
3319 1296 2
3047 2124 1
395 2171 2
1784 2101 2
2041 2261 1
1690 1966 2
1393 557 2
1472 2481 2
2142 2606 2
934 2405 2
1381 2056 2
3189 3050 2
1212 1995 1
1982 2689 1
194 1811 2
2098 543 2
2101 1070 1
772 178 1
2391 1500 1
802 2062 2
2489 2667 1
1371 143 2
1424 2694 1
1587 2571 1
1355 798 1
1725 2851 2
486 2906 2
947 2230 2
271 2586 1
2489 391 1
1025 2119 2
3344 3100 1
2581 1442 1
2048 2199 1
3079 2953 2
3251 3043 2
2913 2711 1
2906 418 2
2344 2546 2
426 692 1
2143 2940 1
1281 3346 2
2449 1738 1
974 699 2
2246 212 1
2776 3243 2
179 1481 2
1765 1316 1
1802 2624 2
3047 2207 2
51 1741 1
1889 2175 2
1510 2948 2
1639 2509 2
758 920 2
2097 526 1
1787 897 1
1064 1101 2
2824 3250 2
881 1674 2
2785 2423 1
605 3165 1
1375 2297 1
812 2516 1
920 830 1
1187 3340 1
2702 1555 2
143 1213 1
904 1861 1
2238 2476 2
2822 1494 2
2820 1131 2
2850 3029 2
2364 1169 1
3018 398 2
2579 1657 2
1209 602 1
3213 2356 2
2650 1042 1
2478 766 1
277 185 1
1644 1716 2
844 23 2
2712 1353 2
40 1076 1
1850 1923 1
2856 3020 2
2396 1751 2
91 277 1
1389 239 1
1122 788 2
617 1612 1
1613 466 2
815 731 2
2951 721 1
1752 133 2
3288 127 2
814 2980 2
390 3336 2
1834 616 2
2667 2896 1
2459 1379 1
2508 2988 2
613 2118 1
1896 2581 1
2461 1031 2
1225 2452 2
1707 2477 1
1998 571 1
1212 261 1
1645 2215 2
651 2400 2
3087 1345 1
3288 2162 1
2645 1422 1
2861 852 1
2473 395 1
1858 2595 1
2999 951 1
606 2788 2
2629 1354 2
1193 513 2
3367 1713 2
616 2583 2
3373 1393 1
2979 1688 1
2441 2427 1
230 1127 1
2819 950 2
1976 2231 1
2195 177 2
2983 790 2
173 1055 1
2423 1436 1
2346 511 1
3246 1051 2
2160 245 1
2959 165 2
2811 208 2
1495 174 1
2966 1069 1
1676 161 2
3034 1960 2
1478 756 1
1451 1971 1
1401 973 2
455 3101 1
2461 2463 1
908 1464 2
2441 1776 1
1283 1482 1
2427 854 2
1099 3049 2
173 2470 2
3201 514 2
1424 1587 1
223 2042 2
2680 390 1
2983 2130 1
2851 2657 1
50 1254 2
1613 2495 1
1960 182 1
2160 864 2
424 2486 1
1081 3033 2
133 377 2
2592 3361 1
1424 67 2
2966 2612 1
3138 517 1
1924 2402 2
1998 3084 2
1462 112 1
3218 642 1
766 829 1
2150 2041 2
1250 270 2
1250 1891 2
1366 838 1
3166 724 1
2412 3003 2
1323 2238 2
1108 2226 2
483 1928 1
1122 941 1
2749 628 2
1929 241 2
3211 207 1
2449 2755 1
1786 2195 1
2930 3051 1
1596 1330 2
2238 2984 2
757 505 2
2671 1681 1
2731 1529 1
174 2949 2
3218 1701 2
465 801 2
2565 21 1
3297 738 1
3248 1815 1
940 115 1
3200 994 1
666 1719 2
500 1588 2
2560 388 2
1344 1794 1
1007 623 1
406 1791 2
2346 293 2
102 1239 2
603 1161 2
1330 2723 2
3047 2013 1
1416 1763 1
1873 1030 1
1306 1619 2
2702 1108 2
585 2450 2
2162 574 2
2325 326 2
829 1141 1
2476 1892 2
2079 1194 1
3371 2935 2
1424 1401 2
968 240 2
2123 2514 2
1848 2212 1
1192 3348 1
3006 1247 1
2733 1136 2
819 2272 1
2458 262 2
2381 747 1
2718 1907 1
1211 1645 2
149 1117 1
1858 1231 1
675 1145 2
968 1823 2
1574 2913 2
3027 327 1
84 448 2
2610 3344 1
2942 2168 1
3216 915 2
1679 2179 1
2048 3111 1
790 3225 1
3069 2160 1
254 471 2
3329 1635 1
852 2038 2
2872 1356 1
1299 814 1
357 991 1
82 461 1
819 2394 1
2231 1712 1
2364 719 1
2276 1011 2
2307 465 1
1073 2662 1
325 414 2
20 77 2
2457 138 2
2497 3322 2
604 1309 2
2495 1625 2
586 1178 1
1151 3087 1
2629 1018 2
2855 179 1
261 2772 1
256 1061 2
1800 50 2
1823 2649 1
3047 314 2
1275 268 1
488 3201 2
2872 1123 2
1737 70 1
1747 652 1
2649 974 2
2225 3011 2
2276 2473 2
1017 1576 1
79 2412 1
891 1699 2
2729 1363 1
27 2276 1
1081 2225 1
1378 2145 1
486 548 2
429 1281 2
2894 82 2
721 2102 1
1848 1419 2
838 1799 1
154 821 1
745 2390 2
2510 412 2
2612 601 1
2426 1313 1
1221 1986 1
1363 1663 1
1850 2821 2
2455 3317 1
2333 2246 1
20 3262 1
2715 2636 1
1105 2718 2
3196 2086 1
2143 2193 1
1642 3218 2
745 2023 2
3102 1957 2
1761 3125 1
2162 2816 1
3063 3160 1
876 2406 2
2922 2929 1
2143 2770 1
1593 705 1
2276 2398 1
834 2188 2
3232 3009 2
2662 2618 1
2297 2960 2
3296 224 2
3094 1257 1
2132 857 1
2424 2680 2
2822 663 2
178 1858 1
677 2441 2
2685 2992 2
2226 2308 1
2759 3260 1
3101 3199 2
105 2368 2
940 2466 2
1765 40 2
2592 1214 2
110 698 1
2162 354 2
1762 819 2
354 952 2
519 2950 1
2792 1737 1
1755 134 2
1119 752 2
1139 1462 2
1211 1087 2
860 1489 1
2722 3078 1
841 1007 1
782 1224 2
2861 2106 1
1500 685 1
2284 3222 2
2993 3171 2
1783 3158 2
1079 404 2
252 58 2
866 811 2
1593 2149 1
3244 2015 2
2777 1038 1
2068 764 1
1747 281 1
1598 2449 2
3327 304 2
617 384 2
289 666 1
3299 972 1
2338 1389 2
572 786 1
1681 2341 1
586 716 1
2338 3257 2
1579 1698 2
1464 861 2
690 2601 1
2102 289 2
463 1366 1
2884 424 1
1995 3102 2
2179 906 2
569 1940 2
2464 43 2
3090 535 2
2697 2813 2
142 2773 1
1617 1283 1
1299 20 1
855 116 1
1214 1579 2
505 669 2
3169 1314 2
2261 2089 2
812 2429 2
2098 1505 1
1800 1707 1
3007 2608 2
1701 866 1
2680 506 2
85 2227 1
555 613 2
2367 1991 1
706 2904 2
85 417 2
2049 2598 2
388 2792 1
1317 1969 2
1934 1570 2
505 662 1
37 792 2
465 2852 1
2828 2632 1
1600 677 2
2886 2622 1
1933 1553 1
818 3136 1
1225 3301 1
1219 1785 1
1791 124 1
1964 978 2
1526 1237 1
34 845 2
3252 176 1
330 1899 1
830 773 1
1077 2297 2
1177 2956 1
2749 1119 1
2728 1802 2
450 2215 2
3290 2679 2
3278 3056 2
1481 1747 2
814 3260 2
2262 3194 2
3145 2082 2
1048 334 2
3036 3147 1
2676 3145 2
1968 630 2
1385 1968 2
1948 2262 2
1048 655 2
1052 1948 2
1609 1048 2
2345 1485 2
2831 1385 1
2345 1609 2
2345 2831 2
1968 1906 1
156 1134 1
1717 156 2
1609 1876 2
1052 808 1
3145 3036 2
2345 2998 1
1485 2676 1
1485 1052 2
3036 1717 2
2676 655 1
2345 3194 2
3036 1485 1
1485 1385 1
2082 1948 1
156 1968 2
334 630 1
1948 1385 1
2082 1485 1
3147 630 1
1485 2262 2
1052 1609 2
2831 1048 2
1948 2676 1
1876 2831 2
3036 334 1
2082 655 1
1385 3147 1
3147 2262 2
2082 2831 1
1609 1385 1
334 2345 2
156 3194 1
156 1948 1
3194 1385 1
1948 630 1
1948 1048 2
334 1052 2
1485 156 1
1717 630 2
1048 3147 2
655 3036 1
334 1385 1
156 3145 2
1134 1052 2
2082 1968 2
3194 2082 1
1968 3036 2
3147 1876 2
1609 156 1
808 1876 1
1052 2998 1
630 1609 1
655 1052 2
2262 655 2
3194 1052 2
1876 3194 2
3147 1052 2
1134 1048 2
630 3194 1
1485 1876 2
630 1134 1
2082 1717 2
1048 2998 1
3036 2831 1
2831 2676 1
3147 156 1
2262 808 1
156 2831 1
1485 1048 2
1134 2082 1
2262 334 2
1717 1385 2
1134 3036 1
1134 1876 2
2831 2262 2
1948 3036 1
3194 3036 1
1906 1717 1
808 2345 1
156 334 1
2345 655 2
2676 1609 1
655 1385 1
1906 3145 1
1134 2262 2
1052 2831 2
2345 3147 2
1609 2262 2
630 655 1
3147 2676 1
1048 3194 2
2998 1876 1
334 1876 2
156 655 1
3145 630 2
630 1485 1
1876 1948 2
1609 3036 1
2831 630 1
655 1876 2
334 2082 1
2676 1134 1
1609 2082 1
1948 2345 2
1968 2676 2
1717 2676 2
2262 2998 1
808 1048 1
1134 1385 1
2676 334 1
1385 3145 2
1134 2345 2
2082 3147 1
3194 2676 1
2736 3076 2
2511 1054 1
1319 1839 1
781 635 2
53 1840 2
292 931 2
1506 2005 2
1839 2456 2
60 2280 2
1319 781 1
53 401 2
1917 2736 1
292 1583 1
2005 216 2
1506 1148 1
3207 107 1
1917 2743 1
431 96 2
1252 1008 2
53 1917 2
1129 2574 2
227 1425 1
1871 292 2
292 587 2
1839 3045 1
1814 1499 1
401 3307 1
1871 2675 1
3045 3266 2
3207 1506 2
431 60 1
1499 1058 1
1814 1673 1
2065 227 1
3207 2762 1
2065 3207 2
216 1319 2
2574 884 2
1425 1744 2
2280 1814 2
1839 53 2
884 431 1
292 1129 2
2065 1871 1
781 1252 1
1673 2511 2
1673 580 2
3207 1054 1
635 2762 2
2736 431 2
1425 1814 1
1871 431 1
3045 1917 1
1129 3266 1
931 1506 1
2005 401 1
3266 2736 2
2743 216 2
2743 401 1
1252 3266 2
3307 3076 2
2743 781 1
1744 2675 2
3076 1319 2
1252 2675 2
1506 3045 2
1917 2005 1
216 3207 2
2280 1583 1
96 1917 1
3307 1425 2
1871 1425 1
931 1425 1
580 1840 1
2511 2675 2
96 1499 2
1319 2762 1
1008 587 1
1871 1506 1
3207 3076 2
1129 1425 1
1319 401 1
1058 3266 1
580 1506 2
1148 292 2
1673 2743 2
635 1839 2
1744 216 2
3266 1319 2
2736 107 1
1744 781 1
1871 3076 1
2511 431 2
2736 781 1
2065 1148 1
2065 3045 2
96 216 2
1506 60 1
2762 53 2
1744 401 1
2762 2511 1
1054 580 1
431 1744 2
1814 2675 1
1252 107 1
1058 292 2
2005 431 2
60 2574 2
107 580 1
3307 2675 2
216 2511 2
3207 1673 2
216 60 1
2736 2762 1
1058 2065 1
3045 1008 2
1673 1148 1
1058 2280 2
1499 931 1
884 1506 1
1744 1008 2
2065 580 2
1673 3045 2
3076 931 1
3266 2511 2
3076 60 1
1871 1673 1
1008 931 1
1917 1319 1
1148 1008 1
1814 3266 1
1506 3307 2
587 216 1
587 1425 1
3307 1917 1
580 1839 1
587 431 1
1129 1506 1
1499 884 1
1252 1506 2
216 227 1
2065 587 1
1252 1499 2
96 1054 1
1499 1319 2
1425 580 2
3307 1840 1
3076 1252 2
431 1252 2
107 3307 1
2065 1252 2
884 2065 1
60 1673 1
2574 1871 2
96 1840 1
781 2511 1
2743 2675 2
216 931 1
884 1673 1
2065 1744 2
60 2065 1
1744 107 1
3307 431 2
2574 1583 1
216 3045 2
1673 2005 2
2511 401 1
3207 1499 2
2736 2675 2
1058 1673 1
1054 2456 2
2743 1506 2
1058 431 1
2511 1008 2
1499 2743 2
2280 1871 2
2574 1058 2
1252 401 1
1319 1054 1
2511 1499 2
1008 1058 1
1839 1252 1
884 2280 2
2743 3076 2
2743 1008 2
1499 1744 2
1319 1673 2
1499 1148 1
587 1499 1
2280 227 2
60 2675 1
2005 2065 2
2574 1814 2
931 431 1
2065 2511 2
2574 227 2
2456 107 2
1252 1425 2
1008 884 1
3076 1744 2
2511 1917 1
781 2005 1
2280 931 2
580 1008 2
580 1917 1
3266 3207 2
1839 1744 1
2743 2762 1
1840 1744 1
96 401 1
1252 1673 2
3045 3076 2
1425 1058 1
1506 1744 2
3307 1499 2
107 1319 1
3207 1917 1
3207 1008 2
1008 60 1
1871 216 1
96 1425 2
3307 2762 1
781 3207 1
1319 1425 2
96 1506 2
2736 1499 2
227 1673 1
3266 1871 1
96 1673 2
1839 2743 1
3076 227 1
431 227 1
216 3307 2
1054 635 2
1129 1673 1
1008 227 1
2736 216 2
2065 1129 1
3045 431 2
53 1054 2
216 1148 1
3207 401 1
2743 2065 2
1499 2005 2
1319 1506 2
227 2675 1
2736 1840 1
2675 2005 2
292 227 2
431 3207 2
3266 1148 1
3266 580 2
3076 2005 2
2511 1425 2
1425 2736 2
931 3266 1
431 1319 2
96 1839 1
1008 1129 1
2005 1425 2
216 580 2
587 3076 1
53 107 2
2675 3207 2
2005 1839 1
431 2743 2
580 1499 2
781 2456 2
2511 3076 2
1814 2065 1
3076 1148 1
2065 931 1
2743 1840 1
1839 3307 1
580 2675 2
3045 781 1
107 96 1
1673 2736 2
1814 1506 1
1252 1054 1
1744 1673 2
227 1506 1
580 401 1
3266 587 1
96 2762 1
1058 3076 1
107 2743 1
401 2736 1
401 3045 1
1425 1148 1
60 3266 1
1917 1252 1
2762 2456 2
2675 1058 1
431 1148 1
1499 3045 2
2675 1148 1
1917 2456 2
1252 1840 1
107 2511 1
1425 60 1
2065 1319 2
60 292 2
3045 2675 2
2280 1129 2
2511 1839 1
216 884 1
884 2675 1
431 1814 1
3307 1673 2
3266 3307 2
635 1917 2
580 3076 2
884 3266 1
3266 96 2
2511 1840 1
884 3076 1
1129 216 1
3307 1008 2
3076 1129 1
580 781 1
1058 216 1
2005 3266 2
292 1814 2
1840 3045 1
216 1814 1
1129 2675 1
1054 2743 1
3207 1839 1
3076 1814 1
1252 216 2
2877 2028 1
2877 3315 2
629 2738 2
1886 999 1
629 1886 1
629 930 1
2738 999 2
930 999 1
1801 492 2
492 1973 1
479 3209 1
1801 479 2
1973 479 1
3209 492 1
2471 434 1
