184 236
68 79 1
137 115 1
153 93 2
163 169 1
177 96 1
31 60 2
31 106 1
118 75 2
68 89 1
89 111 2
32 123 2
34 144 2
158 34 2
174 120 2
82 90 2
79 140 2
8 101 2
114 30 2
157 67 1
75 42 1
65 7 2
118 66 2
85 127 1
95 147 1
65 13 1
7 88 1
39 105 2
151 71 1
65 170 2
7 159 2
156 39 2
23 177 1
172 16 2
145 156 1
118 78 1
24 91 2
63 124 2
107 87 1
130 146 2
142 12 2
13 24 1
162 173 1
65 37 2
27 86 2
181 145 2
125 174 2
59 180 1
37 128 2
12 59 2
68 176 1
125 21 1
109 41 1
9 181 2
96 35 1
109 175 2
75 100 2
18 162 1
138 52 2
48 125 1
12 112 2
138 14 2
148 157 1
12 9 2
85 118 1
91 130 2
46 167 1
36 82 2
120 136 1
150 182 2
153 22 2
28 183 1
93 131 2
138 113 2
127 143 2
90 138 2
157 51 1
173 36 2
83 43 2
107 74 1
22 107 1
153 4 1
23 109 2
75 163 2
153 25 2
22 85 2
55 148 2
169 27 2
97 50 2
112 11 2
104 155 1
13 62 2
86 55 1
9 46 1
75 49 1
153 40 2
41 126 1
131 29 2
163 98 1
147 65 2
37 56 1
155 114 2
138 48 2
145 151 1
157 38 1
29 64 1
181 137 2
153 80 1
22 44 1
52 31 1
84 141 2
131 84 1
55 95 2
52 97 2
144 70 2
42 142 2
163 32 2
52 47 2
170 68 1
147 20 2
62 99 2
127 81 1
146 53 2
141 102 1
71 8 1
83 69 1
80 63 1
42 116 1
81 104 1
24 23 1
71 158 2
7 122 1
59 83 2
144 150 2
143 28 2
12 172 2
80 18 2
144 77 1
33 76 2
139 168 1
152 103 2
184 33 1
6 164 2
119 178 1
58 10 1
166 133 2
119 3 2
61 6 2
179 61 1
10 139 2
3 152 1
45 184 1
184 166 1
45 179 2
184 119 2
184 58 2
45 103 2
139 61 2
184 168 2
166 61 1
164 133 1
6 103 2
179 184 1
45 58 2
166 164 1
76 164 1
10 184 2
33 119 1
6 76 1
164 152 2
103 133 1
103 3 2
179 133 2
103 76 2
6 184 2
10 103 1
179 164 1
3 33 1
3 133 1
179 3 1
139 166 2
152 133 2
3 76 1
139 178 2
45 76 2
3 6 1
164 103 1
61 33 2
152 33 1
61 76 1
184 133 1
139 45 1
152 119 2
76 179 1
152 58 2
6 133 2
103 179 1
134 15 1
2 54 2
26 129 1
54 165 2
171 135 2
165 117 2
129 134 1
171 132 2
132 149 1
171 121 2
132 154 1
171 57 2
165 5 2
132 2 1
135 26 2
135 108 2
117 1 1
26 17 1
154 54 2
134 132 2
149 135 1
2 5 2
121 108 2
54 1 1
121 2 1
54 149 2
108 17 1
108 57 2
15 26 1
135 165 1
149 5 2
154 121 1
92 73 2
73 94 2
73 161 2
92 160 1
160 94 1
160 161 1
19 72 2
19 110 1
