37
10 5 1 7 12 5 2 5 15 7 16 8 19 5 15 4 7 17 7 8 11 3 6 7 4 6 6 13 11 5 19 3 8 18 19 5 8
1 10 19 13 5 2 7 19 16 4 7 1 19 5 16 9 9 12 5 2 4 6 14 3 11 12 16 9 15 7 7 15 8 14 17 11 8
8 10 10 15 3 11 15 9 14 3 1 14 15 9 3 18 2 18 8 17 16 10 16 7 11 6 16 19 5 8 8 11 5 17 15 2 13
9 5 8 15 9 19 15 12 11 8 10 16 13 14 10 10 10 8 9 12 6 6 7 7 19 16 6 1 8 2 12 18 9 18 4 15 1
19 11 1 8 15 5 5 6 3 19 4 17 11 6 19 3 3 6 4 10 9 3 16 11 7 3 10 18 11 1 16 19 19 3 7 11 19
16 2 8 16 17 3 7 18 19 18 15 12 6 13 10 13 12 2 17 7 10 2 14 11 10 10 4 15 9 17 15 10 4 4 14 10 2
18 13 1 8 2 6 13 9 16 13 18 5 10 19 2 4 10 19 15 14 18 16 4 18 5 14 17 14 15 2 15 4 7 12 8 7 6
7 9 15 14 15 4 12 2 9 2 5 5 13 18 11 2 8 17 14 1 13 15 8 12 2 2 18 9 12 4 11 16 15 16 1 2 2
3 8 13 8 18 10 19 12 16 14 19 17 17 6 4 8 12 7 19 17 19 11 1 4 2 4 18 5 16 10 9 2 8 16 19 4 18
1 12 1 19 6 4 11 14 10 12 9 4 3 12 3 12 17 11 15 4 4 7 6 19 10 7 8 12 5 16 1 2 14 17 5 6 19
9 7 13 18 1 18 2 11 3 12 7 7 18 17 3 15 18 4 12 17 6 18 9 11 17 6 17 2 8 13 4 12 2 16 7 3 7
18 12 3 2 1 8 16 15 1 14 13 15 18 3 6 19 19 19 5 6 9 13 17 6 11 2 16 9 8 18 15 8 2 6 18 19 7
1 17 12 14 15 6 4 14 10 10 12 4 13 15 2 3 2 15 13 19 10 2 4 11 14 10 5 18 19 5 11 6 18 2 17 2 19
10 17 10 1 12 11 12 11 2 9 6 19 4 18 14 13 2 19 9 2 11 17 12 9 3 8 2 16 9 7 8 2 16 8 16 10 16
2 4 3 10 7 13 8 11 16 16 13 11 2 17 13 12 14 9 4 9 18 2 10 18 1 4 1 11 8 9 4 12 16 18 9 11 5
15 5 7 12 16 10 5 19 11 3 4 5 1 14 19 15 11 6 11 19 12 7 8 13 8 5 16 1 10 6 12 7 7 17 8 14 16
10 16 2 12 6 10 12 9 12 3 10 19 17 3 17 3 9 12 19 3 2 7 12 6 18 18 5 18 2 12 16 1 12 18 3 9 4
14 13 17 17 7 2 14 15 15 8 15 17 9 1 19 3 9 9 19 13 3 18 19 18 3 14 5 10 11 4 10 14 8 18 14 1 15
12 16 4 8 7 19 7 5 7 12 12 7 17 14 11 9 6 7 6 18 6 11 6 7 5 18 9 6 17 12 11 3 10 4 14 14 15
10 10 1 3 12 19 11 12 2 19 1 11 15 13 9 4 17 3 6 14 5 19 9 18 10 1 2 19 6 4 2 7 13 10 17 19 12
3 9 4 14 7 17 6 9 4 8 8 14 16 19 14 15 11 2 18 16 3 8 1 6 18 8 13 10 3 14 5 15 4 9 1 14 2
17 16 19 16 12 2 18 13 10 19 2 13 19 10 3 4 3 1 14 12 11 7 2 7 16 3 3 18 1 5 6 3 13 8 10 9 19
2 11 2 3 7 9 3 2 17 13 10 12 12 9 18 8 11 15 14 4 8 11 15 6 15 8 18 2 18 13 10 11 5 12 4 1 8
18 11 4 5 5 4 10 2 19 12 16 11 6 9 7 9 2 12 17 7 15 13 1 5 18 12 19 16 15 17 2 10 15 9 1 17 19
14 18 19 16 7 11 16 10 12 5 7 4 18 11 9 5 16 3 19 7 13 5 2 17 17 19 3 4 13 16 5 17 9 6 11 17 6
17 6 14 4 14 5 3 4 14 6 18 7 13 10 11 3 2 13 1 2 2 10 13 18 17 18 17 14 13 12 2 5 2 7 9 4 2
19 6 11 15 18 16 15 13 3 4 11 16 5 3 6 17 2 15 15 9 10 12 4 13 8 18 2 13 3 5 12 12 9 15 19 2 4
12 14 15 9 1 12 11 14 14 1 6 1 9 18 15 18 17 18 1 1 9 14 9 13 19 11 19 12 17 2 4 18 3 12 8 13 8
13 4 15 1 10 4 7 16 2 18 18 13 10 16 13 8 19 1 6 6 18 4 17 7 19 18 6 1 2 16 16 12 3 10 8 5 7
2 3 17 15 17 18 10 8 13 3 19 7 5 4 9 14 19 16 3 15 16 6 4 6 5 6 8 2 17 19 16 13 13 17 18 15 13
7 7 19 14 18 2 9 13 3 12 2 15 10 2 5 7 17 16 17 9 19 18 3 9 13 14 9 13 16 18 11 8 6 12 13 12 18
10 8 16 8 15 16 13 7 1 16 14 17 15 15 7 11 7 12 4 3 11 18 4 16 17 5 1 18 1 18 2 14 14 11 11 6 9
2 11 12 16 16 6 3 10 13 14 3 2 3 7 14 15 18 11 18 17 3 2 6 3 13 7 2 12 3 19 2 18 2 5 16 4 3
16 10 17 10 6 6 15 14 3 5 1 7 14 6 17 15 1 15 11 19 3 13 2 15 4 2 10 5 5 6 17 2 12 18 19 8 7
11 17 7 3 7 10 1 14 10 18 12 2 10 18 10 13 2 16 14 13 18 8 9 3 19 11 11 18 17 14 4 14 14 2 1 3 8
7 18 9 2 17 16 9 17 2 15 4 8 15 7 9 1 19 18 14 17 11 5 16 19 13 8 9 16 1 3 2 4 16 3 10 11 1
14 2 16 3 5 19 7 10 16 3 13 19 1 19 18 10 15 9 18 16 19 4 8 18 6 12 16 15 9 7 15 16 7 4 3 7 9
