71
23 3 29 22 12 17 15 2 32 29 27 22 27 10 19 10 2 22 32 13 1 27 16 11 19 10 4 18 18 20 6 20 28 11 24 27 8 16 20 14 31 32 32 7 22 33 20 23 33 1 28 23 14 22 4 3 28 27 6 6 26 11 32 28 35 35 6 24 34 31 8
17 3 34 2 33 22 35 19 9 17 6 32 13 2 36 10 22 30 30 6 15 10 11 16 11 10 32 12 25 12 20 31 9 26 30 28 23 32 17 11 27 1 6 28 30 11 11 24 16 18 7 22 29 31 21 8 34 11 26 15 36 29 10 4 15 33 36 27 9 13 22
2 4 31 2 20 1 23 5 31 33 11 2 32 31 32 7 26 7 33 18 35 6 19 28 11 4 8 18 21 36 30 1 23 36 5 4 3 9 26 6 24 9 14 4 30 3 36 25 21 28 14 19 35 13 27 14 4 31 35 19 2 9 32 30 29 29 14 9 26 35 4
20 13 19 22 24 7 19 19 6 24 20 14 10 18 22 9 26 8 18 21 31 33 12 3 1 10 34 9 9 35 19 10 31 21 23 3 1 6 6 12 30 17 23 25 5 31 4 15 2 34 19 35 33 4 31 28 33 15 10 35 15 12 25 22 2 26 14 16 28 13 17
12 3 14 2 4 10 25 5 18 14 18 9 6 34 5 5 33 31 6 18 36 11 19 34 23 4 28 9 14 4 22 27 15 21 12 32 21 1 18 3 22 35 34 22 14 32 7 30 26 30 24 27 7 5 28 25 17 34 29 22 23 30 14 13 12 17 5 29 23 9 3
15 33 6 13 32 19 6 5 12 32 9 28 21 14 32 34 32 19 13 30 12 9 2 11 12 14 17 6 20 35 28 5 9 4 28 15 27 13 31 26 16 35 16 17 29 21 24 28 2 11 35 27 35 28 17 12 13 36 21 31 8 28 11 21 13 30 26 23 34 21 25
28 1 30 13 19 11 24 8 9 17 11 29 14 4 6 16 22 9 14 1 33 29 22 8 14 18 25 8 13 23 23 2 4 18 9 24 1 4 5 10 8 6 14 26 6 1 16 27 4 23 20 36 27 14 35 14 12 36 16 8 10 3 4 28 18 22 22 32 25 7 18
7 18 12 9 33 25 24 32 16 13 3 11 21 5 25 15 27 33 29 19 9 5 35 15 19 10 19 26 14 1 2 28 35 33 33 25 7 36 31 22 2 2 29 17 5 24 25 24 32 10 28 8 8 8 30 17 36 14 6 29 8 31 9 3 30 15 3 22 1 34 32
14 31 28 17 36 26 16 5 9 36 32 14 6 16 4 14 11 21 15 14 6 24 32 20 22 26 15 36 5 35 18 10 21 8 19 36 4 10 27 28 17 4 17 8 1 34 22 26 28 3 3 14 17 8 30 17 31 17 15 19 10 13 25 1 35 11 16 19 22 14 12
21 18 11 16 1 31 36 25 2 22 12 31 35 9 29 33 5 29 25 18 6 35 17 32 14 7 9 18 25 22 23 35 25 27 12 35 13 27 28 21 16 9 29 2 15 9 22 36 25 19 21 26 33 1 10 33 28 25 31 17 25 31 3 28 20 7 7 34 30 4 13
12 14 31 28 30 28 20 4 22 23 27 36 25 11 32 16 15 11 17 27 4 5 6 26 6 17 25 28 25 3 4 13 35 23 8 11 31 17 28 21 31 31 17 5 16 20 36 27 35 29 25 8 35 8 23 15 19 5 34 3 10 5 33 20 10 36 18 14 30 26 3
28 1 14 7 36 23 6 14 25 31 9 3 16 13 6 17 6 35 26 13 24 36 10 6 6 23 15 30 13 31 33 29 11 19 33 19 29 9 5 34 11 21 17 8 32 5 8 24 33 8 17 30 26 33 33 15 30 4 17 29 2 27 25 12 19 18 20 8 20 17 12
6 12 3 4 5 8 35 5 12 36 23 20 34 16 10 22 29 1 10 33 25 7 25 18 15 18 32 18 30 3 18 23 35 28 36 3 35 34 20 14 23 30 6 19 21 30 19 9 32 33 16 11 35 35 23 2 10 8 30 9 34 33 8 6 24 11 32 20 35 34 22
30 9 2 12 25 11 2 21 35 30 28 1 14 13 8 13 23 35 27 25 15 4 17 9 25 36 5 17 32 25 1 7 1 6 10 11 8 33 24 17 26 13 27 25 21 16 24 3 21 7 17 21 4 30 31 20 19 35 4 11 35 30 5 16 12 8 12 28 25 30 9
26 36 7 6 22 9 13 12 31 32 2 18 23 34 15 29 24 20 7 29 16 2 14 20 13 8 16 36 19 28 21 14 10 35 32 16 17 29 5 34 23 33 2 4 20 2 13 16 16 12 34 22 25 22 27 22 36 5 8 20 21 35 9 29 6 24 14 22 14 10 24
36 12 28 24 7 2 22 17 17 31 18 5 23 8 13 12 6 8 31 20 8 16 26 29 26 29 34 10 36 14 1 15 33 5 22 3 23 21 5 34 5 33 23 15 3 20 8 36 3 30 20 1 32 11 26 8 6 17 13 5 10 5 15 1 25 19 7 1 8 29 30
21 13 23 7 13 3 20 21 27 15 16 34 30 22 21 11 14 3 3 24 14 6 6 1 14 30 14 10 3 4 10 30 22 9 35 30 17 3 3 36 16 15 27 11 25 23 1 2 27 19 5 9 26 24 34 17 5 32 21 20 29 22 11 26 9 10 31 4 11 15 33
1 11 19 36 1 29 20 25 21 13 21 13 7 7 33 1 29 36 4 22 27 26 8 14 4 29 14 13 4 1 23 12 4 34 34 31 31 14 31 35 12 36 31 27 26 6 13 25 12 28 15 4 31 23 21 28 11 24 18 17 26 11 16 27 7 22 27 2 10 27 20
2 32 28 28 31 25 24 17 12 12 34 28 13 23 2 22 5 32 31 8 30 9 1 35 4 18 29 36 36 35 1 28 2 21 13 27 33 4 5 11 28 13 7 11 8 18 6 17 13 34 16 32 4 34 5 28 6 16 21 15 29 21 23 23 5 29 9 15 32 9 34
32 21 11 25 31 22 23 36 5 19 13 6 34 31 9 36 36 30 20 2 24 13 28 7 29 16 33 15 15 25 18 22 1 30 30 10 15 25 18 8 11 22 4 7 6 18 24 35 23 5 17 28 32 32 10 34 34 30 13 3 17 4 10 10 15 2 19 11 14 3 19
1 35 12 9 12 1 22 11 2 5 18 4 19 31 19 10 35 22 12 17 17 21 18 35 12 2 16 28 10 14 25 9 20 7 12 8 4 22 30 14 11 11 12 22 18 11 3 14 32 11 19 12 14 29 14 28 30 26 25 14 3 18 3 14 36 23 25 25 29 1 28
4 26 4 16 25 19 20 8 2 7 19 33 16 29 23 28 22 25 34 17 4 21 18 30 12 6 25 7 31 12 23 25 5 36 9 35 20 29 34 16 16 10 11 2 28 32 30 25 35 33 25 19 13 31 31 3 19 24 2 10 27 21 24 16 21 13 9 35 2 18 22
8 16 23 14 18 24 36 11 23 3 22 15 28 29 29 18 13 11 23 23 24 36 7 30 10 19 2 11 9 9 18 3 14 23 8 27 11 35 7 19 34 25 35 36 24 26 30 4 1 7 30 23 5 4 15 4 1 3 24 4 8 21 35 16 25 13 27 4 11 6 15
14 16 24 1 6 20 10 12 19 36 32 7 15 25 14 5 16 11 31 34 31 7 32 28 34 25 21 13 31 2 15 32 5 2 6 25 31 31 18 15 5 30 7 15 7 35 35 36 14 15 35 19 25 34 28 2 15 32 17 23 14 17 22 32 27 25 33 12 26 2 10
9 7 20 8 36 25 23 33 29 29 2 25 35 10 30 9 24 3 36 32 2 22 7 17 3 32 34 29 27 34 8 20 11 21 35 19 17 9 29 8 17 18 7 6 24 28 8 25 30 5 25 32 2 15 26 22 8 31 18 19 7 25 31 13 16 29 23 32 13 28 11
18 9 12 27 8 34 16 22 32 26 23 12 4 34 12 32 1 18 28 23 10 4 22 7 34 12 25 11 23 34 24 3 29 34 18 19 13 9 27 15 34 34 12 30 7 27 23 28 28 23 13 35 3 35 36 1 36 22 17 24 36 9 33 32 28 18 33 25 29 24 5
6 11 16 12 2 35 31 9 17 32 35 18 14 17 1 7 9 10 33 5 13 34 24 1 14 26 35 19 36 13 4 8 21 21 3 22 14 29 19 2 3 31 9 14 19 12 3 4 10 30 8 22 28 22 5 20 1 23 8 33 12 22 9 7 6 5 27 12 13 29 11
11 29 12 7 33 20 32 19 3 25 1 26 19 32 30 24 23 30 22 5 19 33 32 16 29 25 34 6 21 24 1 10 20 7 7 2 30 6 3 14 19 28 9 4 32 3 35 13 10 35 1 1 28 29 20 3 23 32 32 9 10 18 11 15 22 4 11 24 2 25 8
1 20 8 28 5 15 32 26 27 1 28 19 17 29 25 14 11 6 26 24 14 10 1 19 3 2 6 34 18 5 33 21 10 9 15 20 6 9 16 17 27 14 25 27 13 11 19 5 15 2 14 19 33 26 24 8 3 9 3 29 24 28 28 24 13 3 20 21 34 24 9
36 15 19 17 29 20 13 35 20 16 5 31 26 31 26 26 29 21 14 36 20 21 13 15 13 6 6 22 36 13 10 12 25 35 4 30 31 7 28 23 21 36 8 31 7 28 35 27 22 10 1 19 13 15 23 27 28 19 17 17 20 31 2 14 31 14 21 25 15 23 27
35 8 26 11 8 18 36 27 9 33 29 16 10 16 18 27 23 33 18 13 25 2 8 21 17 2 18 34 18 23 5 3 2 17 1 32 22 24 1 3 30 16 6 33 7 31 17 6 9 19 10 8 27 20 4 13 17 14 30 4 19 10 16 36 8 6 24 30 11 25 2
4 15 24 32 9 26 34 21 32 9 18 5 25 19 5 22 25 35 25 32 32 4 8 5 17 19 13 23 13 2 1 30 12 7 32 19 22 21 15 2 34 9 19 19 21 35 18 13 13 33 33 14 6 21 22 24 6 11 16 18 27 7 31 16 32 30 28 3 2 22 9
23 35 2 25 5 19 21 17 5 2 31 4 13 5 11 9 7 32 16 11 33 2 15 10 14 22 13 4 5 17 36 28 24 8 7 6 15 17 7 27 27 28 35 23 6 23 35 14 12 27 2 26 4 2 16 16 24 15 27 16 25 22 32 36 28 30 27 19 7 30 19
19 35 1 33 20 30 26 20 7 6 34 36 15 21 13 20 4 23 29 11 4 30 19 18 18 17 9 9 13 13 11 22 28 15 35 30 13 31 7 35 15 9 15 18 24 17 18 7 12 13 21 35 20 32 27 28 14 26 25 34 18 13 12 7 36 10 23 27 33 21 13
14 22 10 7 26 11 21 20 25 23 31 11 22 25 24 13 22 27 7 10 32 7 5 22 26 23 22 11 6 3 3 4 28 16 31 12 33 8 21 16 19 20 24 22 19 6 12 3 15 36 21 14 18 11 9 12 5 3 28 25 32 8 19 6 33 17 34 36 28 25 19
5 12 9 20 32 21 12 6 14 18 3 25 16 23 32 10 15 32 19 25 7 20 22 21 3 31 29 7 10 34 12 11 20 25 9 5 24 3 5 26 3 2 29 31 27 19 16 11 34 13 21 19 21 13 13 13 15 19 26 10 7 8 22 2 19 36 1 8 28 11 19
27 30 14 20 8 31 2 3 17 23 18 11 24 35 24 20 35 29 33 20 28 20 30 2 9 9 5 21 22 31 23 29 36 33 10 32 5 14 7 15 14 17 11 4 13 14 14 9 26 6 7 33 14 13 23 10 18 36 2 3 27 31 36 30 18 28 6 5 13 15 36
6 18 25 12 11 7 25 10 6 21 9 7 21 3 27 32 16 24 5 34 31 22 8 30 25 21 12 32 27 31 2 23 19 31 31 13 35 32 24 17 21 20 20 19 2 12 26 14 30 24 30 17 6 23 35 7 33 3 32 19 15 9 25 27 20 26 10 7 9 32 34
28 12 9 1 17 21 32 24 3 17 5 25 27 21 14 30 13 15 7 35 34 32 20 26 27 19 28 3 24 21 1 8 14 27 13 35 23 8 3 27 32 18 18 25 28 16 35 24 9 16 6 32 29 31 27 12 16 3 7 29 32 2 4 24 35 23 18 9 7 21 12
23 3 19 15 6 22 34 26 2 4 31 16 6 32 24 31 13 10 29 8 23 23 14 31 29 34 5 3 16 17 29 15 24 17 28 33 6 3 22 35 21 28 31 24 5 27 18 1 31 32 30 33 7 1 21 20 13 18 34 26 14 7 21 14 3 15 15 31 12 24 8
11 10 11 5 8 32 36 27 34 25 31 20 18 20 24 29 31 12 2 17 13 4 6 30 24 23 22 18 23 31 33 31 12 28 26 2 11 7 32 12 24 9 1 1 5 25 30 10 29 11 8 31 18 22 11 15 8 6 24 1 33 9 14 32 22 7 12 34 7 34 8
34 15 30 32 26 14 8 21 31 14 21 28 26 28 25 29 5 9 7 14 32 32 18 30 19 28 15 19 32 16 31 3 3 10 7 28 14 6 28 36 16 33 29 30 26 30 19 5 12 5 15 20 10 1 13 31 15 17 7 24 13 23 16 36 35 14 31 20 10 16 15
21 30 13 35 27 14 36 35 12 34 5 25 22 15 1 34 2 27 19 24 11 14 13 36 28 24 26 19 18 7 26 9 1 13 35 28 29 11 2 30 10 25 32 17 2 25 18 23 8 1 25 16 26 15 23 32 36 34 24 32 31 3 11 16 4 36 4 19 30 9 31
14 28 3 11 23 22 36 21 35 35 12 8 33 30 32 10 28 21 4 4 17 6 29 18 34 8 13 27 2 25 29 15 5 6 28 3 5 7 31 15 32 7 22 12 26 8 26 11 9 25 18 5 32 17 26 23 24 3 18 31 17 32 26 30 7 29 31 35 33 19 34
4 18 34 23 3 26 32 26 18 6 6 25 22 33 9 3 22 23 15 30 6 14 21 6 24 29 8 20 4 3 12 3 6 15 23 21 31 35 3 8 2 11 31 13 26 19 34 33 10 20 23 8 12 22 23 28 21 8 23 4 32 28 30 22 21 23 5 12 33 25 31
34 25 9 19 35 1 2 1 32 24 1 21 9 14 32 13 33 35 23 3 15 32 22 21 17 6 2 20 30 36 21 33 23 25 31 18 27 4 1 21 36 25 15 23 28 3 4 24 20 4 2 3 6 24 30 22 14 12 34 35 14 10 26 31 18 6 3 17 20 7 33
17 3 35 21 25 22 13 34 2 27 20 14 34 5 31 4 20 9 8 12 28 2 12 11 14 20 4 6 15 18 32 25 8 22 29 25 2 27 9 11 31 2 34 10 4 30 29 3 19 5 35 26 9 10 35 27 27 7 27 5 23 12 10 13 6 16 10 9 2 28 33
4 24 27 31 17 12 16 5 19 4 15 12 12 36 19 30 4 25 35 4 32 28 4 25 18 7 30 36 34 32 17 31 20 35 28 28 12 33 1 13 27 12 17 17 24 4 11 22 25 16 7 3 26 18 18 10 30 20 27 28 21 24 12 18 11 23 7 30 12 20 1
22 1 6 1 15 27 30 7 30 17 24 17 7 28 28 19 10 6 3 27 22 5 16 35 19 15 14 14 1 9 24 34 29 2 36 18 23 10 23 29 7 36 13 35 26 5 33 27 6 20 21 24 16 26 24 23 9 8 9 31 8 8 6 10 29 35 7 5 11 19 15
25 12 14 25 19 31 1 32 35 10 9 5 14 4 36 33 2 6 8 18 19 9 23 7 25 5 25 24 11 5 7 20 5 13 36 19 19 6 6 11 21 27 22 18 16 32 17 25 1 19 13 35 9 14 27 25 33 19 27 20 20 15 12 9 10 21 19 35 33 23 25
14 28 23 18 10 5 1 32 9 5 29 34 2 17 10 2 22 15 16 17 18 11 30 4 13 24 32 4 21 5 21 29 17 14 17 10 28 27 16 18 32 30 36 15 35 18 10 32 12 30 11 8 4 28 16 19 25 26 21 23 30 1 28 17 14 13 26 2 36 10 16
9 21 20 13 28 12 30 23 4 16 10 16 18 21 8 5 29 30 33 14 12 30 13 9 4 6 20 22 8 27 34 31 14 27 11 35 25 33 30 4 16 3 2 25 25 2 6 9 15 35 8 7 25 10 16 32 22 4 8 4 32 35 36 11 19 17 14 33 25 25 32
15 14 34 36 22 27 18 23 15 28 13 15 36 20 28 25 25 15 6 30 32 8 19 18 24 33 31 12 13 34 25 8 13 20 28 19 21 31 3 17 2 21 14 21 20 32 31 24 20 10 11 23 9 6 36 20 20 25 18 22 23 16 4 6 14 1 7 21 33 20 12
28 24 30 23 24 3 7 11 24 27 19 36 36 18 9 13 4 18 1 20 18 28 12 29 13 34 14 12 18 14 4 18 2 15 22 10 1 1 1 33 22 1 4 14 3 1 19 6 20 11 32 25 10 8 2 16 16 9 25 24 10 12 1 6 12 23 10 27 9 30 18
17 28 20 28 31 15 22 6 25 2 14 24 3 30 2 11 16 26 19 31 26 27 2 32 34 19 7 31 26 28 31 23 10 1 3 21 35 27 33 4 3 1 1 17 7 16 1 12 8 29 21 9 10 30 24 19 19 20 14 36 5 11 6 19 24 28 6 6 30 30 11
6 14 3 13 6 1 12 2 26 32 3 9 13 7 4 24 23 25 18 32 1 24 10 5 17 31 36 11 16 33 11 16 33 17 22 30 17 28 12 26 30 27 10 12 9 23 33 32 22 2 9 7 17 7 10 21 8 2 7 5 15 6 6 35 17 10 16 4 2 33 19
15 34 9 35 31 19 1 7 11 10 34 8 15 14 4 33 7 6 11 8 8 5 6 19 20 33 30 10 13 34 19 36 6 4 28 1 2 33 23 18 6 3 11 22 15 30 20 18 15 7 22 1 3 23 36 30 11 10 4 19 20 20 27 35 28 24 34 26 20 32 23
23 19 27 1 18 10 4 21 23 9 29 18 27 9 19 25 33 20 12 12 32 26 2 26 35 25 34 5 19 6 7 8 30 34 1 22 16 33 21 22 2 13 18 27 31 16 1 17 27 30 12 2 27 9 36 3 21 34 12 36 17 3 22 17 4 33 36 16 25 27 29
4 19 7 13 32 26 7 19 25 22 17 27 26 19 20 29 2 35 9 31 20 5 4 6 35 17 11 19 7 27 13 10 5 19 3 23 10 19 1 9 34 20 7 34 3 16 5 16 26 29 17 18 22 26 36 13 23 13 9 25 10 19 6 12 28 5 9 17 6 14 23
29 18 2 12 18 20 2 5 7 18 27 31 33 29 19 4 8 30 18 33 4 16 28 24 7 17 21 31 4 14 16 3 13 16 17 17 9 35 4 24 34 29 24 20 3 13 27 14 11 22 1 25 35 24 18 12 8 22 31 33 11 2 32 33 34 20 10 29 16 35 25
17 17 2 21 19 27 17 8 36 36 29 34 15 12 19 12 9 6 34 12 12 16 34 23 13 3 4 35 8 25 30 19 3 5 18 7 18 31 19 27 24 7 23 28 34 31 22 13 20 35 6 15 15 15 9 20 12 29 11 21 25 23 6 20 5 5 7 7 20 3 21
30 25 20 7 36 1 32 33 35 6 27 6 12 17 18 36 4 23 36 18 2 21 36 26 35 24 10 12 1 25 3 16 14 10 32 9 19 24 27 1 27 2 28 9 13 3 26 19 9 32 25 10 28 24 34 31 34 8 29 20 17 21 27 36 15 6 11 29 2 4 3
15 26 21 19 16 1 19 34 35 33 15 5 33 28 12 13 16 27 31 19 17 31 3 11 36 19 17 26 32 35 9 3 26 26 2 3 4 12 32 35 5 16 36 6 11 10 6 5 3 26 2 28 16 28 22 7 6 23 6 29 35 23 7 31 16 2 2 6 17 18 35
17 28 23 24 1 32 16 27 36 26 7 30 12 34 32 33 11 21 31 19 28 16 5 6 10 1 23 36 29 33 27 7 36 7 25 30 2 25 31 19 8 19 13 10 7 14 31 28 10 17 9 8 34 30 29 25 32 35 24 5 31 26 17 35 30 29 11 7 24 9 35
24 21 27 15 7 14 22 7 4 4 18 10 13 25 8 23 19 34 27 21 26 19 6 28 3 5 6 2 30 17 30 19 3 8 34 26 11 34 28 1 6 16 1 8 13 2 29 8 2 35 25 7 3 24 19 20 24 13 10 3 20 23 22 27 30 17 29 29 8 4 35
5 15 21 34 25 4 6 6 24 7 13 29 22 14 36 7 5 30 11 16 21 22 18 10 23 20 29 2 1 11 6 11 19 12 33 2 3 7 19 34 22 23 6 12 29 28 8 27 2 35 6 26 10 31 12 9 4 36 13 2 9 7 5 13 17 8 31 9 27 6 22
27 5 18 20 9 17 11 1 16 3 19 9 26 35 11 11 14 32 31 19 19 24 30 32 21 11 19 3 7 10 1 33 22 35 34 29 32 34 32 21 3 6 32 30 6 14 25 31 26 12 13 4 11 23 12 21 11 15 32 22 21 9 25 1 19 15 5 15 5 8 26
3 8 15 4 12 8 21 35 30 23 16 19 30 30 8 33 3 18 3 26 3 17 32 32 18 26 31 16 15 33 1 13 24 34 34 18 13 32 23 31 3 18 14 21 11 30 34 33 5 17 12 13 7 35 29 13 9 3 15 26 35 17 10 31 14 17 34 31 4 15 35
9 14 35 9 33 24 15 27 31 32 18 19 13 1 16 13 5 21 17 19 8 11 20 25 12 5 9 25 1 7 2 7 1 30 35 6 6 12 19 11 2 1 17 28 5 22 27 23 23 25 28 27 2 1 10 19 23 33 23 31 35 2 30 31 29 4 27 27 32 4 2
25 28 32 36 27 10 15 5 6 7 28 27 32 2 24 14 21 24 20 5 31 7 22 7 28 19 13 23 8 6 7 18 36 1 23 11 17 8 31 30 21 26 1 8 23 1 8 10 32 13 12 24 6 30 24 9 23 27 31 13 30 33 2 8 29 25 17 12 5 6 22
16 25 23 1 17 18 15 29 1 14 35 34 23 16 4 3 11 34 31 22 27 18 32 22 13 26 5 26 15 6 19 21 8 16 22 13 13 21 23 18 16 27 16 23 8 24 31 34 18 30 26 29 34 35 5 13 31 14 4 36 8 13 8 11 24 4 10 4 4 25 32
