48 1128
38 16
1 40
32 36
16 43
20 19
39 42
6 7
14 16
16 8
19 45
47 39
33 34
35 28
3 5
26 45
24 4
37 1
37 46
34 14
0 36
22 36
20 34
18 31
30 11
39 44
14 15
29 22
11 37
31 1
22 46
21 6
0 40
31 13
24 44
25 13
29 14
14 46
45 5
37 15
30 32
41 5
34 7
13 3
39 40
7 4
4 45
19 8
14 41
14 32
8 20
18 3
30 1
3 1
32 27
30 21
41 2
42 46
25 35
8 47
16 36
3 15
23 7
5 28
37 13
44 42
40 10
38 2
41 28
45 47
22 3
19 34
36 28
3 2
20 28
16 5
24 40
38 30
26 21
8 11
11 2
27 20
8 12
23 24
20 43
20 14
30 41
44 14
18 1
2 20
38 40
29 1
40 20
23 17
16 2
9 43
26 31
30 4
40 34
41 29
45 1
4 38
7 41
43 18
13 4
42 5
11 10
9 30
10 27
5 31
5 44
18 30
13 2
39 7
45 41
42 9
17 18
32 37
34 8
2 23
46 18
39 9
12 13
37 10
46 31
24 47
46 36
23 30
12 40
2 5
8 14
23 27
47 17
14 1
35 42
34 4
3 10
19 27
13 27
21 40
22 11
19 36
1 38
44 20
29 8
28 33
25 5
35 36
4 44
9 33
35 8
24 17
18 15
4 20
37 3
10 12
18 34
46 15
46 9
45 31
43 2
27 21
29 24
33 24
36 10
37 24
37 34
34 23
13 20
42 24
12 38
43 13
45 2
31 38
14 37
14 10
16 35
9 12
2 29
6 4
17 4
28 16
16 0
47 35
9 19
11 17
0 32
31 44
16 37
24 46
42 16
42 38
10 5
37 40
9 36
0 3
24 12
29 31
15 41
31 25
46 41
35 11
31 4
8 41
15 32
47 43
27 4
21 5
7 24
0 31
27 30
30 26
43 37
27 22
29 4
10 35
15 19
30 42
5 33
20 0
35 15
39 46
30 3
2 10
39 10
11 43
25 6
24 21
39 34
0 33
0 19
26 19
22 33
27 2
3 19
46 19
42 18
35 18
41 38
35 34
17 31
43 5
36 5
25 3
20 24
7 37
4 10
10 33
3 9
11 12
13 18
30 20
14 33
6 47
47 13
12 27
7 1
23 15
17 28
4 11
8 23
44 18
17 13
28 27
11 21
29 30
42 7
40 29
29 45
0 9
7 40
32 23
26 14
35 30
21 45
30 13
19 42
23 1
23 46
0 39
7 28
16 4
44 13
46 38
30 19
32 11
1 10
40 4
2 46
27 18
33 12
12 31
11 41
46 33
40 41
43 6
0 35
31 3
16 41
11 7
44 41
10 6
3 21
39 19
40 26
45 39
41 17
6 26
28 34
15 30
31 30
21 43
3 45
31 47
18 32
36 26
9 18
2 6
4 39
7 3
34 12
15 33
28 39
27 16
29 37
37 27
29 35
25 41
43 35
36 25
27 36
19 33
13 23
41 43
33 44
7 10
7 47
29 12
6 32
20 22
15 39
9 10
39 31
19 41
30 44
20 33
0 23
45 15
22 17
42 11
5 29
8 32
17 6
4 15
5 12
14 40
32 2
21 13
44 37
35 45
45 22
29 47
39 41
24 41
18 7
1 36
33 36
36 17
16 46
10 29
21 1
15 36
22 42
40 19
37 31
47 25
14 31
21 36
35 46
45 7
17 9
29 17
3 16
26 9
9 44
28 6
46 47
37 26
46 10
38 27
10 23
11 24
44 38
19 14
34 13
29 36
24 35
16 24
25 33
33 26
34 45
5 17
25 32
32 3
11 5
38 23
30 33
36 31
44 47
17 19
25 12
38 9
19 29
12 36
26 4
42 17
20 25
12 1
8 22
27 1
44 16
21 20
32 10
7 25
33 40
43 26
45 24
39 32
7 14
27 8
11 16
22 12
47 40
27 3
7 17
3 8
39 21
8 9
37 6
10 8
23 39
35 26
43 8
28 21
24 39
7 15
19 1
11 46
10 45
3 28
20 39
21 0
3 20
17 37
11 34
5 6
32 38
14 5
8 7
4 32
9 37
29 7
42 33
30 28
24 8
32 21
32 19
39 13
0 25
40 8
43 23
19 28
46 29
13 9
27 11
0 2
18 20
40 23
17 20
7 2
10 42
6 11
12 20
31 34
33 23
39 18
42 29
17 0
14 13
10 26
0 8
5 27
40 2
19 38
27 46
8 4
11 15
18 11
17 39
28 32
35 9
0 7
19 31
46 28
46 44
6 27
6 45
10 34
42 2
38 7
29 16
43 7
34 9
15 29
6 18
4 14
42 14
8 1
18 14
36 14
44 17
13 28
42 34
29 20
23 5
41 34
47 11
47 21
47 18
5 1
46 20
46 25
25 28
40 32
35 19
8 28
47 26
0 4
42 45
43 34
40 27
32 7
27 44
38 24
39 29
19 16
33 13
26 7
27 9
21 17
19 18
6 20
36 24
2 9
47 0
38 26
7 36
43 14
34 46
4 43
28 23
40 43
41 23
15 24
33 27
25 10
18 26
37 30
26 11
1 32
17 14
39 30
37 47
16 10
9 47
4 35
43 29
0 6
5 40
25 15
37 25
19 21
20 5
28 15
11 3
28 4
24 13
0 10
25 17
1 2
33 35
33 45
8 46
39 16
21 12
11 45
38 21
2 30
8 30
2 4
15 6
21 2
20 10
2 22
16 34
14 3
43 30
22 30
38 8
3 36
21 18
19 2
23 37
9 15
5 13
40 16
40 45
16 15
44 36
24 3
27 15
29 9
42 40
17 38
15 21
21 16
33 3
38 25
25 34
38 37
7 13
22 7
44 43
4 21
47 30
11 29
31 8
32 31
43 17
37 41
4 46
34 22
7 27
6 31
13 36
4 22
44 35
11 33
46 40
29 33
30 14
8 18
14 0
9 6
6 1
9 14
34 27
27 41
38 34
23 47
34 17
9 31
21 25
38 6
45 20
31 43
9 4
30 12
46 43
17 8
26 16
24 32
23 4
30 17
43 1
12 23
34 21
18 36
18 5
19 11
46 30
16 45
3 34
37 21
0 12
27 31
44 34
14 35
32 46
32 9
13 45
9 45
45 46
38 45
39 27
11 20
44 26
25 14
24 9
18 4
22 10
35 40
39 8
39 1
5 32
32 13
8 15
45 14
23 3
16 31
5 7
9 1
25 2
12 15
35 1
35 3
0 27
8 13
42 6
1 24
7 20
18 12
14 22
30 10
2 47
23 6
31 24
13 22
2 37
26 5
17 26
8 25
41 31
0 34
25 16
33 8
39 3
41 6
0 5
21 33
34 15
1 33
17 12
5 37
21 42
27 24
40 25
25 22
5 15
28 43
29 3
31 22
5 19
29 23
14 2
31 28
12 26
38 18
14 12
10 13
44 15
3 47
9 20
18 23
12 44
6 35
3 38
42 0
24 43
28 24
22 41
36 43
18 16
47 14
0 24
28 37
12 19
41 36
25 11
32 20
22 35
6 8
20 36
44 10
40 22
15 10
45 37
11 39
12 35
15 40
28 10
26 13
27 26
28 45
30 0
27 47
4 12
19 37
8 21
27 42
43 27
21 7
23 19
42 43
0 26
4 37
15 47
6 22
42 36
26 15
13 0
10 43
33 32
44 7
22 47
12 32
19 43
21 31
31 23
26 22
20 31
15 20
15 43
8 36
37 33
21 14
18 2
0 44
20 16
19 7
17 35
46 13
7 9
23 20
47 38
1 17
20 42
31 35
18 40
23 16
29 44
38 10
38 0
42 13
33 16
29 6
22 0
5 8
29 13
6 34
42 26
28 14
43 3
38 36
26 2
7 35
44 21
41 33
25 29
26 20
19 44
12 43
39 36
42 37
2 39
4 19
21 29
12 7
36 30
45 8
23 11
38 35
41 42
17 45
22 5
26 46
26 8
42 15
39 38
2 34
28 1
37 39
22 1
16 7
35 37
16 32
39 14
14 23
38 11
45 32
15 17
39 6
25 4
25 27
45 30
16 13
26 41
5 4
42 4
2 31
29 34
13 1
6 14
22 28
24 5
3 46
15 13
12 3
3 41
33 7
41 9
38 14
26 1
37 22
17 2
2 28
34 5
18 22
40 9
33 6
1 46
36 45
3 44
15 38
34 47
12 46
38 43
31 10
39 33
17 33
24 25
12 2
35 41
12 45
22 21
3 6
22 23
40 44
5 39
45 27
24 26
30 25
45 43
39 26
34 26
9 21
6 12
40 6
40 3
30 16
15 2
0 37
28 26
13 38
37 18
12 39
24 14
35 20
35 13
6 46
7 31
28 47
2 35
28 29
47 16
29 0
42 1
25 1
39 35
26 29
8 42
24 19
41 32
9 28
28 18
41 1
1 20
44 8
2 33
12 42
22 43
3 17
18 33
17 32
36 23
36 47
28 12
13 6
38 28
44 25
37 36
45 18
47 10
33 4
19 13
22 24
27 17
30 6
47 32
12 37
41 4
10 21
24 18
31 11
11 1
46 7
45 44
18 10
21 46
12 47
0 43
4 1
4 3
41 21
34 30
40 36
25 45
24 30
8 2
0 45
42 23
32 43
31 15
27 29
44 2
21 23
28 11
41 18
44 28
47 5
17 40
23 44
34 24
35 27
33 43
22 39
39 25
32 22
40 28
22 44
42 28
22 38
11 13
18 0
31 42
6 24
41 13
16 17
40 31
41 10
9 22
5 38
25 26
47 1
29 18
9 23
26 32
23 25
0 11
28 0
27 14
20 38
36 4
46 5
1 15
38 29
33 31
23 26
19 25
23 45
30 7
25 42
11 14
11 40
25 43
47 33
5 30
37 20
36 6
44 1
3 42
35 21
15 22
26 3
17 10
10 24
1 16
36 2
22 19
19 47
22 16
11 36
9 11
11 44
20 47
43 39
40 13
36 34
47 41
41 20
18 25
41 0
32 42
32 44
0 1
37 8
5 9
35 32
23 35
16 12
32 29
44 6
30 40
32 34
1 34
16 6
19 6
15 0
10 19
16 9
12 41
35 5
47 4
9 25
33 38
0 46
17 46
47 42
24 2