634
562936978 672356593 96
397806778 916795754 47
253403622 335282387 56
519499331 863121418 29
445449664 668489208 43
558436059 744650860 32
64475615 152006988 40
184665545 726106191 65
531073104 570000058 71
265511015 411361830 65
207622709 350817632 86
545539118 979950370 50
400760599 585233007 25
549217928 670043413 18
756577450 795898000 96
480822156 724525216 93
653201671 919238063 10
184447920 839951164 57
884180759 913530465 84
62487575 990685617 17
183314962 669260660 68
387318076 559407464 76
770219576 885970646 74
857777398 948557383 20
137115826 814472321 70
149258682 528631334 18
853203452 869673955 26
690460526 706107860 39
977111285 985390370 29
94346292 659499393 53
609436258 765874486 39
981446996 984287031 37
104578186 960741887 36
813313278 980982049 57
80825343 425005683 9
876353576 961309037 34
990320086 992507243 70
24521718 153798552 22
809185929 816708467 93
740463869 836497435 92
180004839 911637559 70
223687982 429478160 53
750365009 993906874 67
396130376 985196185 22
576588552 742526438 77
605662575 993789200 9
81661318 520099090 7
546858455 933662320 87
656059361 796371458 44
851106786 866930267 74
627179778 713474546 38
29654469 494834929 67
868271049 926152372 96
19286509 897255981 96
755925978 760386979 87
839900514 978660786 12
608156995 966533649 82
125161438 249071066 11
837060393 838953438 24
245918770 626492066 3
143725038 451880781 38
56572498 865670064 82
135075178 441090090 88
140972717 701805838 64
955890491 989359142 13
859136224 888306744 12
702942524 948121585 22
876689081 954412542 93
742536636 994048985 66
344987189 828567746 5
570363918 602380351 30
566186568 829135815 36
203986179 851972742 42
748882226 839188929 37
253534459 708527798 68
246713057 417951170 11
416181123 680252171 29
378202927 638304695 47
290364032 926067427 53
918188150 968966940 25
182711058 548925678 25
675848737 835509099 6
691009906 700313953 79
189811277 377547137 68
391114760 548143701 54
782340168 896225248 25
674027992 853052575 43
364026659 972880700 51
238223700 892329945 24
89903806 903536387 41
961969283 990961635 28
240182852 374895241 100
770026230 866691853 58
76622398 120087090 65
32667695 89776406 40
93652419 959817630 46
90513241 369666571 60
633215466 777427064 52
408813441 759509024 19
178676945 602742211 93
126833560 411290892 100
72647307 205126850 47
253216766 306432927 76
245922715 487004727 98
146394754 160709283 28
91313394 674230642 90
176530610 438092677 40
603122928 834563221 55
455687906 622925676 88
397546983 579931043 50
132977621 664922051 81
819330532 880628036 76
585049832 619822758 35
310037777 768562098 63
398885726 636871670 27
584068678 985061963 32
809864401 953670337 73
666933702 879510510 30
261942091 610097689 42
738959742 901955973 28
519797847 809459382 73
35758452 463905295 19
45960493 280277175 31
289614458 362073850 11
652455077 726852745 42
518539203 704291384 58
772329235 843151861 47
694453987 937462546 37
885997248 901691625 0
7985274 26010242 5
95689049 389293656 5
892093693 953924549 24
372368253 603933918 90
995693534 998040033 67
536227582 826252468 94
924584121 971620103 45
422688626 609698758 30
140423701 645478070 76
494764296 773108210 2
151180466 245253384 85
187919339 753874942 17
159925503 681973351 26
451088786 552325477 16
809787836 851123677 36
656625655 921743545 23
31093313 498861495 2
94378939 555581713 87
99401428 332925789 95
695598613 871040846 76
297766795 832441881 53
116097013 706409940 57
535169261 936259893 77
373135536 677063675 5
800012624 959253835 25
79512407 253645540 93
538992585 655722367 74
96193514 325942339 40
445289915 935473006 3
634251322 882170377 5
436121106 596003135 62
976463298 984409075 90
777396113 829157922 3
361054457 409221295 100
134627957 549015425 78
337954472 566062346 54
822938851 866237490 23
209673236 303474868 54
618116784 929038451 71
847462404 900805105 32
373007741 635857887 33
830995686 856476037 19
380055574 885554680 45
477397011 854731857 57
778435047 919546352 73
844482038 985285329 38
985734146 996536201 57
739472866 985491632 40
99523351 676817757 38
514008762 629597103 7
123416466 512682393 73
973427439 988039638 25
550097487 813528840 36
926585372 990065829 74
284263995 737794634 40
712624604 839812350 62
973045566 992352348 30
597215842 711135927 58
310243621 789918177 33
424183928 856394916 74
496417733 924474833 94
940004681 975381447 21
30815517 156209050 94
614850906 691710303 60
771616971 932340509 67
694169628 895362849 81
298020890 627016599 25
849616236 870365298 66
494224402 502838497 3
403330063 677892842 63
38386191 662518351 15
118418992 850239158 92
363949241 791607430 81
985417032 991539162 24
795646015 808753082 35
686916900 783779153 12
693929516 865192095 73
479447185 897698262 94
434312274 977228685 41
822177023 947814048 19
601900779 687973039 3
945530551 989298434 39
842359750 903096719 74
29797160 400028447 44
460100516 584787576 63
933055455 934804797 26
210597620 830577749 30
355753092 527367732 78
848848349 963720699 62
916471969 951684945 27
857890447 991208697 32
585135545 611113794 55
840511210 982020620 61
942595387 952789724 54
480358992 481197544 22
592293283 645735819 23
65650762 422186517 30
517948736 844357667 1
975388273 977743341 61
189056878 289410128 80
751300193 877147195 15
175529586 466946860 57
672721764 828329991 35
616486699 655958275 36
706691452 795163663 26
719313158 831095724 6
795341931 980861924 45
821795151 942218539 46
458158415 689349795 94
392311665 977813110 39
572333118 917961561 66
735140188 880581237 98
758165725 940065384 6
124188255 981088121 63
35392425 344542818 97
157540612 329240394 54
74986299 394343341 57
630890887 731005007 38
721095549 884217939 97
454601775 752519572 50
929878685 969846758 9
170135878 296995877 97
343410990 869148267 22
934539017 961440006 85
476044729 859939349 7
545347327 581658625 74
604069980 963660353 72
215652391 751373689 83
163230392 682755489 50
666680911 985751389 79
303606720 420346882 63
524757305 749378247 81
697007242 995525614 64
770304391 856407214 38
894851835 993206278 4
800136297 817769961 65
610348722 941106156 15
824804978 842560068 13
952919435 993453449 2
294682289 430196115 80
256628823 310229011 21
856826322 959688732 41
500708980 808409884 79
579399269 736561376 10
741685599 935662875 57
490165595 505460964 52
276342783 587045230 80
261445826 810666011 97
234091872 384877488 64
943812155 964190288 69
270951312 593243377 20
911233569 978113456 70
656836438 676834815 35
398525371 569871248 96
782250673 940441650 57
519114678 929794216 16
311673232 518637601 91
630629072 753992744 93
934725814 975440662 46
33916261 942858153 4
848691882 867089398 0
839042604 918615671 19
334355429 661799988 97
720477678 884977142 70
228845335 276315703 90
599644773 770767809 40
776737201 965320927 57
654419950 891230161 9
916216819 980072164 2
886000483 977616800 40
929016919 954775596 70
946420775 990137617 52
59329578 891917658 30
794426561 886705866 81
733876381 881141249 21
245471548 975484442 86
617031394 790121931 93
345192841 695184370 54
40427454 888630250 21
190772712 851114432 62
400763310 652577986 78
903418585 980690441 72
189342680 476713888 81
714305094 922722474 75
280085818 721752410 89
313678792 727154013 90
751172310 838113300 95
254278953 327886821 92
143695167 884890306 26
584150995 787560062 11
216121207 622704018 39
193192814 266636187 43
684035095 977175056 31
147288947 773388797 18
259787099 997703632 16
259417010 483659356 20
874802294 988341331 6
652091329 836692612 97
748426159 923600074 18
226099687 799827493 46
277994452 378614251 22
23948928 942999002 13
225824139 572070678 82
145581868 337406844 1
29844197 493591229 65
855710289 879121178 53
779648397 857823567 89
940737867 969911436 98
4563119 188154538 38
290036154 784294114 72
253726790 782432209 32
417877952 850368690 6
362978480 951090482 35
283368713 299681129 69
835757453 876906873 29
217583151 939883865 62
522071753 588463072 20
901762112 929345924 19
511508283 675167708 43
990716670 997723281 94
800520718 980335400 57
449715803 795978118 22
11003478 288107078 9
941535133 950616839 60
175599652 381738164 63
259871317 829609122 54
837700519 841308239 7
891392397 969065813 17
888786590 930937024 52
373498635 946322674 82
120975910 299632986 88
14372086 798426335 25
99373735 973908063 25
67710057 513410219 39
136955835 293724487 63
552260390 614725028 5
582863491 703773942 6
166511229 750639243 66
768511150 768864745 54
283294671 406488476 71
14996011 94418033 15
47347770 245509539 76
610261409 751420007 52
274022293 358138068 81
916835105 950301289 75
971850942 990272043 65
581040399 719653199 87
176486706 343458503 24
905328727 963188540 53
152209336 947819458 64
885349173 934937685 51
268061457 509114079 95
481208083 852250092 82
619178886 712532525 83
370046735 772495922 25
346289679 913372947 94
969889790 972279927 82
813748990 924268336 77
476102771 817918763 29
759797011 884872917 58
757028710 790569993 17
516234953 708208437 26
976795851 983101423 96
593702907 981280727 82
63687997 475519584 79
706349117 873451985 47
521486753 845188870 46
577207922 922121719 52
787019124 972467288 78
940387888 955909335 35
236522141 822875062 93
495271007 740712889 6
129177852 675014752 17
361471922 448184377 40
552829076 874237980 49
914992696 928270719 44
154285571 469718298 9
503904058 674067287 65
371380235 694955137 35
623911187 685138426 10
134916280 324300060 8
991297297 995575395 48
561949337 804554056 62
830639059 960713690 13
525370067 854982923 31
595014712 843485647 81
326477980 893417186 9
512003881 879739824 48
617904591 826045388 39
417103606 667172795 54
429265742 883888268 74
379517329 593380943 95
792732958 829235068 28
628805909 886247551 50
34102691 221137310 42
237686149 821938607 20
712859805 853409109 27
284076047 508024129 73
814315964 986661904 6
55002125 856902208 67
581871655 879796279 33
291370080 592240975 82
150739271 465424828 65
84016581 737770546 67
202757151 943276190 84
150273867 326129986 57
177049367 549376719 83
603724388 830530084 46
589645245 967152314 84
693095995 922917896 34
339245322 883509843 79
223452203 783272816 2
595920892 873875305 83
572328402 803037735 41
507648140 988080441 6
741601855 903261503 58
455281273 548899259 90
645329768 996744385 44
7314889 489022731 31
87949966 195131864 54
950203152 967280830 59
4638983 431944835 15
869424918 902637735 38
924865108 968770647 77
111397474 987180794 53
561216470 719860286 80
792117157 985862883 91
434071114 681093608 58
107876148 398676531 61
194128392 865314713 75
589138285 960325167 57
421768442 477573020 38
988357891 995298259 16
198468070 845771463 82
658244906 985085627 33
206489651 512535668 57
690088634 988137633 44
803835532 952677676 79
243396890 551265610 8
197888251 830909174 44
537160685 985134896 63
526780574 588361531 45
766715921 988524123 85
151232843 657531241 76
60784404 510930361 6
953521866 977679229 15
309051440 797133515 27
772859863 974881579 10
858936240 883265535 69
4878783 838621300 88
750082735 808077322 51
455223578 837221758 39
662434126 940372393 68
508362115 598741678 54
850749449 897700826 9
784606735 853753538 88
543375832 641866025 63
257046596 824753041 45
895907588 995999060 82
237125939 811286617 58
542012917 787192020 19
728228589 770544091 10
433305475 923992132 4
468826044 544364791 14
696578586 896972302 69
569740952 648079321 60
638712970 867217790 58
169977314 756084439 65
265599692 635341538 47
695255458 949325303 12
247891126 982999421 53
448376241 800816962 32
378894136 866302055 20
140738141 658218552 1
902047719 965420937 95
364053018 877437973 43
934600146 944012023 65
157193798 913294338 66
868893610 968294625 39
627964327 875262326 24
270502138 421656019 56
613815630 932484277 86
91680769 110521501 15
418895186 671327455 29
336236451 746885626 26
897655844 993401421 5
569338232 766689315 34
63380669 76504505 20
363164812 694350775 29
214112179 940886510 54
734583058 993216262 57
332683165 538255222 25
438524036 981684472 24
411829616 876450795 55
534034620 838871144 40
446967089 878673822 38
307611960 316214981 70
7963210 54208578 64
324206447 770803050 39
944907368 951434590 13
55297237 951458845 20
491595544 765403985 81
349938083 402978315 29
665710688 780416163 0
574705835 978003562 3
692919320 879027515 25
453070378 972986078 49
33517832 727679960 72
21017205 205576153 87
407261357 447167609 77
787834372 957149683 55
94813942 183463867 14
218170667 696071308 55
705851935 866893817 18
594717845 973660773 14
538209489 619121022 36
42647089 73923864 12
792870679 856597269 99
506362761 653620908 27
252906693 933820237 71
175217946 392818037 39
164492899 681912167 62
992431422 996157287 18
313221037 978350084 33
716280784 736213244 15
205882861 235202634 98
234560381 416954901 60
548921869 604209191 81
518224333 520171101 62
930019729 988189178 27
936880950 990136401 80
55983766 864669982 78
230398250 707230229 34
135869331 730544594 100
677981884 752937236 90
512545579 731229851 74
509702082 670760207 66
953888497 986583174 6
550571844 588674903 65
22168919 421279598 99
139054621 974008640 92
452925929 547585278 57
931874712 958166531 7
737768316 947947200 98
36234845 362535910 68
216851883 904334760 18
54154343 166983973 3
420697479 430808170 17
132967419 169576333 72
563152278 626826973 70
414132660 882347099 26
228401389 847147629 77
711984070 754446711 10
698738897 915891730 87
408780101 815194934 66
439023143 997988309 81
156458355 388637405 2
957414444 983917241 31
440830697 624727894 79
523684468 526744402 94
498262410 910350665 5
8120298 295477259 45
618569899 655260350 97
34309316 77305741 44
212884669 485538933 31
739386624 781108613 96
352373525 393960486 15
818468032 965945530 34
158532525 312607455 61
556512055 807965625 100
79738569 654793925 11
547483243 564094601 45
582344429 594812904 94
838085108 910436148 7
5748083 896145724 98
257855397 435193258 45
185134225 550036250 67
552897100 584006065 11
641151949 909900190 70
692816761 904834582 55
389705911 702629749 85
321120860 508145693 10
44532333 191696202 24
176780124 967950468 37
446952446 754906636 27
12038616 131978030 54
401436637 562340266 78
629438949 853153374 52
457545386 906395043 30
859580433 963385675 61
554146969 591683285 6
545477828 784643412 52
794420581 964861660 64
780245171 976835532 28
874916937 951071259 96
318085590 999400074 96
86392387 910202734 76
118328246 558792694 48
820720616 986904049 31
750103824 939840129 23
28015227 297238710 8
353056319 488960318 7
129822784 793526650 95
57015386 259454242 11
85388548 686752337 71
