80
264204210 874234607 54
125873146 439633752 55
364960720 788813068 64
533196250 554973631 64
970506111 999731115 35
24987414 91846098 91
671019669 925106644 82
119375156 971162650 28
577754875 822382333 10
233147591 484878375 71
8837043 260672495 38
651441477 951575633 50
910332245 943946710 76
571106715 632688609 19
724711595 839165230 43
562433401 696557450 19
299359140 783374168 20
950167302 950754287 61
980555389 994282480 4
549405796 715995477 40
691568332 891028550 85
246269117 757792420 84
377819268 788498515 57
935519089 985677271 99
256420593 779737539 13
176866321 981419206 29
606232347 995256301 89
261519771 803413497 95
750421051 860261709 6
357444776 530133732 92
444029671 453150038 88
505845333 516899629 47
968515487 969426203 67
179863790 853458880 56
364181926 566764728 94
94501552 700658312 95
960017261 986484183 56
532671876 814709107 51
623025378 635369831 38
943914519 945414547 56
632411530 979359531 77
614452102 994093822 18
707632177 998354590 51
401042013 803538963 88
687752310 819000877 68
224762164 929156455 76
210233073 498421928 87
288910913 639819796 13
412560689 472180599 43
613169487 824918897 2
429405218 782788272 25
952824996 962249258 84
115212959 401513346 74
804964903 943897422 14
617306022 981935394 10
598444320 731728053 90
993393544 998698992 34
568785730 837050017 72
733246181 980384052 2
953640457 956559147 29
544476814 581643572 70
311407545 855197360 1
892162023 954826208 4
706419377 952509594 85
523424509 685407736 39
850159146 968378473 32
475442514 479076041 80
97717697 864621784 93
492657883 678903567 17
566432922 605779805 36
426971314 461460801 100
24206833 501553979 89
885411045 973110237 65
810004255 925745446 52
747397497 929246666 57
7206277 635382844 48
373093896 642403347 37
370954856 520526503 7
596154732 836796737 81
592872221 961064411 76
