275
283030900 429385029 67
359599191 735265968 43
387747773 864676401 74
860748315 876129437 68
667130331 849046080 8
229826403 605168569 69
116796288 553145727 37
597449289 849646133 98
304458188 498026187 86
697538122 977316686 85
820109042 911056022 7
172479793 775054497 59
856531676 875815404 31
35522808 934300766 62
434478030 455346838 65
147469994 840799440 11
855478413 926475466 4
354902006 678848057 87
462861030 480337968 38
613020502 619410493 52
690001257 716084367 21
781709966 933713023 95
62340517 134557477 96
946631525 981786365 27
862266599 927926324 72
992571334 994302038 68
274700975 646225889 12
904721313 965373362 19
798457503 828631143 92
775544445 994728693 80
808525941 825653867 69
229993585 538838232 30
576288829 936047446 72
616143199 732939337 73
970508296 999048608 63
200038097 910534770 56
107299808 135968557 19
111135183 182528922 99
687032036 735514561 83
421605602 533024966 94
129383599 648317025 31
374950895 608862473 66
156188847 633998197 49
414065285 566308272 55
647326445 990317830 23
8936126 620817493 64
735923283 736429667 31
145979132 342081426 2
112437232 459491322 64
507324204 749298421 42
306933553 518875606 34
265773708 508995824 2
180301893 317090704 48
964218950 993739915 98
36518751 209330366 21
304169805 513413833 66
32586947 835770012 41
335980286 690824655 19
5389071 31543956 71
437446131 856384967 54
123154751 593896240 92
559751718 823609997 98
111061807 753276445 54
612797086 767384888 90
98111168 620651735 3
792716014 858970077 75
983804644 996833604 55
699965831 849660568 78
569148882 828339192 64
989649320 994909087 0
488525897 819602022 9
46715628 953879883 60
457491763 925906130 24
721855133 820576503 33
346005339 675952701 9
313297802 516410964 93
689207814 896152936 73
466886950 533144446 14
542687632 743010321 84
718710508 747127764 46
679552971 864892878 59
806847749 931648405 55
713515025 848901228 59
953100018 990426433 73
611143851 749694228 81
27733517 247193328 96
449146928 757192294 24
986744718 997159311 8
562197855 941944509 49
892467605 994103856 68
101750232 432948727 4
821672324 830606696 78
306196729 334666910 37
381917569 676625832 44
443907968 951651542 33
9419728 416212576 54
791289130 998125427 57
231200556 342676905 79
252580935 790777506 88
369131847 835209976 35
475298998 712349763 42
277262604 388834381 35
881727145 947417364 87
344779903 513134140 85
587152192 604415702 37
342771861 429169223 72
448173506 672791457 51
84649854 809447343 11
585693341 846746381 100
347492830 596362848 1
818545946 897901698 68
988843434 996568054 78
469604502 826437448 60
920415601 921489446 97
339346071 595057035 27
948775883 967154812 47
81841283 815104233 50
774058852 994610194 75
150974656 348370148 36
857075731 920879351 18
544154672 678659692 70
237607823 578745017 83
884820163 961942227 27
250329286 651693057 13
712933326 862054516 92
259978925 681963429 98
489652959 959439221 17
805849180 923425207 10
735299375 946381462 79
254742231 480834754 3
399314893 946846927 61
715263570 978629219 55
459948126 620515854 28
482040017 686975400 2
190524490 411609333 37
781527490 940731124 86
134581504 897410474 52
527434927 592025722 69
777525134 999519247 20
871003454 997218201 44
634921957 775964597 48
537742379 597345087 66
802086726 990238732 50
763905185 922370400 98
378799395 892904938 37
92155545 579069808 43
395669557 477689622 54
708450654 934062270 4
245269797 818538760 69
743939241 896559683 22
198709841 954025832 19
688860256 802473668 94
202386525 963523204 84
700229454 993231988 47
659686438 690055492 12
978917258 987583322 12
198383513 475453690 34
354390580 416006677 43
965922140 982243743 94
964564094 984898749 44
262370946 281471815 65
969369354 978744748 38
39978146 705101785 21
731863876 826440978 22
771159360 866242669 8
772467398 876604813 33
182209146 568549356 96
660288713 690521955 21
88436339 556200384 3
834609915 847152374 72
513253025 626182722 30
591252953 806857633 6
483128250 888442057 45
617491031 878294773 90
490850826 581656639 67
396390942 989098977 85
352109557 465596579 35
19325558 552083588 36
379590763 561918229 0
784498770 952704080 37
128536559 621828684 25
849483260 995977360 14
841500680 871822565 60
380879707 390970271 22
885106577 991043743 54
882202291 901265240 99
597560077 868981470 99
63684327 276372283 38
236725050 336847447 47
855598762 947429754 29
716021973 952601135 56
843306801 980807208 46
136891478 349570824 29
453490525 521384405 0
27971403 681349973 53
50222632 853285518 71
379951099 952645322 7
349121689 666659136 13
380164559 393667179 48
182713059 553841095 85
28210454 57374914 52
315585287 543218688 8
145471930 496069353 97
406467968 436222958 91
566094737 966281404 33
793608713 815197286 0
282213312 492509520 1
903620814 912203727 29
281065779 304072638 32
427324685 469222562 66
364942239 907005360 67
57049509 357842547 59
151927969 538340957 99
307402462 389141891 9
323429440 776582096 20
390855929 587112099 90
709860193 823797514 24
416112498 794258296 99
500114998 700505438 54
699417231 839873303 26
410222522 855344789 17
22336812 189054028 49
764580795 918260780 95
502228397 678627221 16
363205841 451678815 35
235450648 925833379 69
359546812 790353207 75
4924891 571675463 3
564421491 675087193 13
558767936 652245476 74
86042208 384787970 9
719048457 735049016 43
332506166 434223594 14
665664355 981266997 60
410093528 702313775 19
431116943 865250911 88
155017773 730539580 64
736009722 775686285 70
148867080 917357793 31
586271804 696573332 33
32084796 407268589 88
691563728 694919878 20
368172602 443314227 26
846478115 878275807 13
260618719 715862619 51
966900226 985919963 1
798136805 855931460 8
419228158 934685981 17
865045688 979004291 41
379516668 807790555 85
725451064 965685338 38
286911677 432218567 9
722363220 974169823 5
390049772 848969604 23
207157445 868292752 32
772466318 782046648 64
255367597 400796767 39
309418220 575120122 85
613374644 995472186 33
542795194 648232229 96
537124233 568683744 60
111832123 131743678 10
948460658 986860172 70
385953950 554946057 69
5114060 309993468 37
107034863 204196370 41
31720023 327647987 89
241504318 928743388 94
95840813 130695718 68
54195867 179367220 14
498567153 802774308 36
739871808 848497974 64
19598486 472060222 59
158802811 192137548 10
838523910 970063351 22
