1000
309138276 676261642 42
184647636 508392871 30
209158893 947560718 11
624606406 850758440 18
789426847 947653718 68
682397606 753951813 34
912051402 968843685 60
295537791 945941098 13
414815220 588372702 75
881162558 967635766 85
365807835 519678335 64
386334276 986507564 88
886410365 972422182 4
319188695 792808470 37
363594172 570302419 31
885612543 975081533 7
674409391 692146292 99
739587581 934469822 78
523516861 825491407 2
480530053 660224280 64
499948649 909101044 2
456664588 986418625 48
901129992 909323108 81
125039009 288593768 24
313353580 609058739 85
617015536 823310058 63
16674432 43016919 40
663459132 729487557 18
18969353 802358180 11
189061085 545936848 85
685448013 817605610 92
65672720 701077461 19
198226283 483118798 26
762081186 969425104 5
860569949 874921870 61
400467380 899920396 87
636545519 852178953 40
483645823 556724686 13
792711373 947235742 53
922635178 924096990 8
720202305 956363785 73
432571518 758183714 26
864375964 924278288 73
628553952 648011898 15
673038785 727034227 74
145119674 414107963 10
129712322 882667213 28
835577117 999879109 30
397979534 929874016 24
173036747 674710563 41
129615316 795143808 85
6363737 926574170 56
720129298 975580043 22
454506035 525584476 56
517123737 574096768 86
518146928 807531964 81
170386328 548009290 48
310566719 803885083 49
568026096 683776177 27
650490035 929810476 28
314725477 428559885 52
516858059 931851770 31
862452588 964251173 69
360539383 416345708 18
631612714 638763427 66
188827333 326318757 92
939817693 994250855 88
498982608 625302091 79
977815357 991283682 41
698030008 721582497 31
797365373 982411747 20
415293485 791554777 21
387054969 576876331 70
125542479 377790576 30
146562936 191889189 95
987923590 998239325 59
355536416 829723160 64
169028073 411165431 80
410751802 761805216 90
338779604 449824801 37
191593451 499730605 100
796551721 914304319 59
992412206 995481597 32
63745848 94450558 59
388948765 436538145 34
15228023 794389383 99
351201288 514093687 9
749446488 841650225 48
382231686 593614819 96
393155676 987041163 89
372715 712368898 31
70836052 475971528 84
986872758 994506610 88
898896488 922392288 80
374228655 479371758 23
24756088 166522099 93
581290477 965889310 79
458159707 686665056 47
901585756 978701675 55
328477240 844435040 0
505767868 566104940 21
396501092 907509608 14
393556159 503375716 34
876728577 931126612 65
684468377 807322288 32
956342345 975086614 45
140034073 411221078 77
614332748 638913240 90
748234159 889138584 7
379281472 973963621 41
480087585 595421074 81
55242630 676348215 60
421826090 503872615 20
795112317 831184305 17
733036752 788407005 7
672890973 732749017 93
389091010 543512380 0
668514860 845198588 53
848450238 974440793 68
845449943 860529943 42
850376323 896582145 96
91499465 680233391 34
484743019 959914468 95
79104809 217669973 24
672662008 950358140 8
312189650 722028363 96
90632793 347238618 21
939798108 967888408 63
973802431 992379846 53
318497589 891298017 56
429390918 719000127 62
2014227 216694262 31
377110232 475897611 39
608355318 664552988 6
830343621 895031716 3
305427084 522776433 4
96333192 145620451 59
743394503 929744032 11
800914582 850148222 2
965740577 986937799 92
313827501 806011210 45
288690474 540847613 45
432030943 791322233 36
875630341 930162111 80
972753449 991864973 59
315807161 453383941 5
184059383 462363433 64
271382041 524071078 68
241630668 806311637 94
324670403 590714213 58
644113662 956330366 17
313905096 812910608 69
537895261 712268560 89
983847642 984359023 1
593270197 839749545 84
728285550 799082469 39
623166025 748669932 69
952189466 963530164 84
73254441 762609722 23
658468987 680187824 78
588498116 682351261 65
690415182 821735360 38
607122714 801179842 70
886890481 997910645 43
241573117 469190204 83
12682543 926653751 15
317878283 709769754 25
365688409 574486278 92
522248103 523597202 71
558199165 784806989 22
955746655 983528072 62
380532094 611911502 78
580810788 933675966 52
234836296 342923921 58
883467258 937251809 56
536176574 792923425 67
755656135 817979630 18
501391760 608885166 99
581035577 834229930 12
402092559 986462054 64
631981899 785119828 17
28317959 614953987 11
223802853 573199993 54
521141361 855392211 44
890299840 895042091 65
637807540 658603510 65
107690048 876482112 58
861221401 976828435 80
865266230 957587096 11
92283986 264287572 18
662996686 760077952 59
45436956 376453479 87
926995770 932986297 90
585987229 650020596 53
65689810 369265643 7
297319038 363274524 56
437158885 973701530 27
680056831 750853866 5
819909681 984093680 68
81077512 614444161 91
871895272 943477122 93
448290393 478473775 17
449367633 858439430 73
487021667 654647664 83
260194753 790140345 49
95446928 911663418 34
367699677 892141085 71
977798136 996502538 13
333660141 790008534 57
200426621 314217417 78
233047252 574982998 5
69852097 629200381 70
591289675 978765886 84
733861177 842684002 88
529413823 938922383 100
135916378 796475415 59
521079259 968055780 90
897274924 970446852 44
960382528 964995895 49
881844682 902358117 21
357006690 506007541 44
214022085 686261800 68
116413095 746332415 78
361468021 415096295 48
923778321 952546844 72
186361382 665681251 44
989520360 994625443 12
513582869 649103432 78
235168649 536425651 27
678723309 707191757 16
858678731 860933009 97
625900957 633966795 70
153885419 667382820 74
630646409 662926025 63
541934536 612185275 92
510380649 980927663 32
370197174 800871598 38
332476034 665129988 48
961666658 996256546 81
172418806 600192684 63
161457183 192302584 48
358968107 428745893 13
708025208 838695355 83
495697406 759358801 69
865840969 903176188 48
806059803 993918623 19
339780371 964664319 65
115415566 942920125 55
805075273 810520258 86
78585676 476365603 99
165913702 406057457 82
46100359 984990971 54
630840619 675608501 7
29187133 261922709 64
518551119 694989520 0
200323644 475569198 94
772996370 896993278 8
684857285 999923618 58
87620939 612993529 95
964392448 967400700 22
383999375 767975125 74
122053945 293409317 2
371584452 602816850 45
659961047 846879992 49
707646264 937554103 74
626062589 668860041 27
188640805 871584696 26
96987990 213911031 86
836155539 951434247 48
368605336 407348630 52
699896537 949993204 45
150731404 878322664 55
721121679 724370803 0
292315729 613501129 27
762174633 958219240 61
161699847 903600141 87
992539910 995123310 97
928305828 974355487 70
229203089 336791209 30
531191448 643463010 27
499739453 807182161 81
136819007 374264054 86
648158710 978459847 26
146281367 479081837 77
738502445 777615465 63
134465022 165229958 15
457753169 829070228 88
702398665 816869307 56
922722181 929134204 96
9456705 331337711 44
691548124 771255562 5
961549263 984723837 27
8210912 112656695 38
773301813 896012916 26
640427592 771606043 88
622795169 965075368 77
329814548 360423205 5
591737792 893696004 22
552148969 695853390 19
164137420 846971231 20
961568260 977957868 80
652076826 834756617 74
515504447 816200144 6
528777612 672078821 78
934711164 949517907 64
866777474 881796627 28
677724592 913837281 90
773941723 985750893 97
546596456 795586159 58
380943067 987641318 40
327557747 340187762 61
168047179 564737944 80
924135793 979952194 45
481605857 658941645 79
788702722 938414655 88
542418994 904282097 79
343819755 500379982 95
576708143 646957570 45
981328488 994113501 82
123833444 823545286 48
436563708 557205693 32
109117895 454406145 35
591223575 714410898 82
972119155 977027765 40
357737996 423016824 15
880247346 893349032 97
370134914 712672030 36
939304382 947954652 75
628464269 797219996 32
839615872 869774424 80
960530236 984286710 50
278097429 376332874 59
286710985 435562014 26
788404793 894301132 19
95271741 691504177 31
411326015 667819245 69
90510083 718797932 82
223947201 500961412 31
746626949 989148526 61
463073424 519790068 16
631964666 693994599 40
949066841 967589240 18
393040244 552406992 99
525982869 704540458 56
416393047 526733187 30
495761689 835055129 47
718504799 914374844 17
564410233 921602594 70
442109602 575931842 2
830229157 836807777 11
650732189 696696263 77
425461445 878679858 57
749854978 866074023 91
79799890 918970079 83
106411534 202091090 6
66767106 163683960 70
305293013 873641212 80
158916320 842903900 57
312703636 687644863 42
410152071 576295053 9
387531968 957576700 52
746823316 960938482 55
62254245 268416046 38
748634642 830362127 84
425579837 856412837 81
157306953 822228060 91
398201242 949188406 51
552736600 575348909 46
593299684 618607289 32
927312617 929662897 30
909338148 980806283 70
724487059 772465425 86
118949558 161828138 56
192856004 718161048 5
470023053 924892964 54
792976601 904311683 82
82559649 304904723 44
105782314 197560596 6
900738907 926268640 84
639892913 822949861 48
834734939 839689060 36
985146338 985918022 67
608842079 920711364 54
793141846 889877233 62
329187077 613812504 83
688202766 710586355 69
814055602 905974007 13
727199537 870097140 33
939981911 946644029 40
65046278 493250421 45
990930796 993404880 4
763541893 971107029 44
832130516 853825639 84
6188810 431656103 38
427280550 444139727 27
65668093 944715831 31
890426105 974785268 77
626757155 676376503 43
424616642 741718766 55
201316740 696024467 5
729792667 879559183 65
32192600 573494607 52
799044746 864349962 95
265462328 321511239 33
548505998 560544371 36
786811863 915924329 53
256443163 526591000 66
93102988 693603322 98
619486138 663542367 37
519075548 663586405 62
161570887 565170925 58
906230054 991549477 98
467428070 943970023 44
903180184 983349687 73
706298614 974308274 84
341435948 421806130 43
257363173 493300250 71
570639741 709733651 43
536133900 658533687 79
545029487 728620714 83
545616187 727304516 74
110143825 852041371 78
298290203 513829804 35
886756841 967310633 5
921638592 966630611 91
453471675 495942429 2
618750720 962277610 5
270278632 656629889 43
881123311 912922418 0
759674363 783335450 85
291716691 823883985 63
146089306 276953925 24
314188814 481531056 52
377531402 942659129 66
1342868 423406710 47
651926913 698331715 68
599295052 775252586 49
749244905 992071048 44
573028723 650298757 1
391951819 568244251 82
648364194 696687478 46
220673233 564047866 77
132577446 659276195 42
690850314 926310743 50
73161138 218141664 34
463620256 691955387 39
81843879 352309636 15
968642886 973165846 9
894992629 947861146 31
498870477 712284191 48
322100900 757309385 99
783030879 941033796 99
865888549 887391680 23
290429363 789521789 24
600426033 647597490 26
156383970 243757943 90
407696389 709134910 8
171938277 735857931 75
498292700 773798219 10
427026194 620318580 86
129098421 176048952 76
78253920 167495149 70
293668488 784711208 16
874395600 961010405 66
820583495 908387452 26
355884120 553075282 98
727312722 829918299 71
473322208 604153699 80
35256772 907429037 23
700225133 791344166 20
88942339 744329434 35
273822631 935332734 98
424304031 766633781 61
5608418 482723912 54
470284219 958332432 47
460607331 679125367 23
630422671 766322081 100
401749689 627164494 74
66622390 905070421 75
206523168 458967927 100
20921520 232350499 51
149758303 545214298 98
943569641 993250825 2
77281943 772725506 77
914354764 934348411 49
288178408 984540622 64
236069112 353377659 5
304152308 329788439 84
402646965 550974451 88
598100495 898854798 2
176738754 605980290 65
520833017 985306037 39
986658742 997486712 29
824367470 914186720 34
563663160 690185259 38
816555724 956366265 46
772499288 810661866 87
85544822 498648931 91
996304736 999380046 99
193812105 650404667 72
67937620 90146522 27
112972254 641602427 45
912896131 933047183 73
124377894 597007322 86
160794730 434300389 6
612613639 701176307 99
843088180 973203490 95
231216141 802200387 7
705868247 800121624 51
964807579 988410615 95
672428729 823207502 8
369673462 621325352 6
626504749 926782361 33
833692252 875933895 1
658098602 986468544 30
260929253 487302959 87
133149193 686392817 62
425134931 965317400 84
445428662 509681875 48
910554970 921706712 53
368725574 479316765 95
491946417 785312005 26
486245081 962842919 76
755207302 836741082 35
877498745 945006535 37
819488970 881923936 10
59582799 786988952 2
508362874 990381463 56
472982007 842655677 59
543761471 596368835 3
267614451 799096490 56
474833202 620335912 9
698807513 873365645 1
425425953 560305237 51
599855202 723849912 29
47862540 353338488 74
596934492 682994514 100
879232041 922272654 19
665226572 687402175 65
23244552 309102997 22
576204556 957182661 50
999425715 999836658 56
489330793 729451537 98
40750269 382453650 10
657709613 913939580 45
600454820 813744949 91
9882572 574615383 14
971731231 984051459 72
301054962 319168786 75
114346501 454014169 91
771318405 975790521 21
817977233 874205851 23
20281101 933773061 7
878640958 911550335 76
866166832 881088115 44
20886518 484579274 78
9658170 373782226 47
458497839 601833868 28
678937288 716960651 8
444615560 505994928 23
955371170 986668391 44
292216685 618911332 46
525194041 598622755 34
521638517 568208465 68
756753726 820195883 94
53831402 659486111 76
547054870 743894058 84
428146132 513729893 0
498154897 596748366 56
84857985 682132461 73
750803831 768511702 50
159031561 449019517 41
976615766 994687661 59
707644899 760852364 58
406828658 772401886 55
47237662 459385836 88
17040742 175062228 49
580338191 833559040 76
106542004 833269497 66
923969342 960121007 99
425520521 851452302 82
358143132 947428976 78
93122603 102962963 50
965729603 968731470 72
307136706 952901453 62
542100053 752153544 73
76962781 163196755 36
308959244 819181301 16
724383026 904408304 45
4022284 346492640 100
998577924 999790491 40
212509831 776319304 56
858747458 982351300 100
375859464 508864634 22
764858543 802372493 60
289761942 451252779 57
329809189 955026360 24
327718050 398842182 88
408904380 988285970 38
580845217 734822981 70
309627116 367398324 23
776809938 903543324 78
574002667 604234151 14
974769422 983599465 49
764801840 868335363 95
726820741 902163759 52
793606774 958102892 81
362302875 461398375 65
596976209 933268498 34
822737530 997994712 65
22024609 706777626 82
938623332 962416517 18
887807214 915362173 14
76598398 328447909 61
404770612 688306757 54
85958406 896443571 51
203567571 491377200 43
948761783 964989688 73
909042839 990060174 81
632085588 768472853 81
799186885 891967685 41
378960964 600550691 37
352237611 646940244 79
113288214 572686210 55
254199677 942040066 21
157353665 234243322 59
814582436 873446583 92
82238784 759129424 19
804715780 851994391 17
512721664 579648630 49
938734615 978749249 7
788884414 974534902 15
993896538 995269676 59
773447449 820459816 26
989085868 990192804 35
609487317 677093289 58
364772549 766025079 81
9115748 651990924 1
694269586 725678037 82
895897909 910301185 51
136972317 795349339 41
862103873 924353292 64
130688519 815478375 44
963100814 997343944 55
629550077 762582835 49
552180259 790672307 97
823296838 835727137 30
155045209 590391193 2
830506861 988281522 24
365955342 535928053 84
468161313 678738735 10
386683453 623975831 93
116447617 662782832 44
27727852 727603337 40
175130786 186896958 71
990396479 991898446 64
702967217 882708504 54
559533472 933058469 41
547871928 930491529 52
464772487 663125168 9
807026592 834587326 36
872311007 984907200 30
536041489 928989572 95
770048859 867698015 57
808452161 981231630 18
337309883 425678066 84
883944967 947233918 87
190840061 315798723 91
229138188 275593114 2
570398972 842826983 70
392658559 626164237 39
457687936 838878786 76
69062691 419293823 65
90890072 611469775 0
542092703 842234541 25
640423116 810360049 29
531085527 708137003 83
55872453 415674522 40
816843544 889345454 5
701686370 896669230 78
896330372 937346433 69
181093725 694801638 99
925179468 995846893 37
225920570 995890543 63
47705885 424413165 5
685166339 788763316 1
257693116 906971855 98
693960370 861501649 80
695997695 823323564 52
956853208 964571643 14
332413157 764964209 76
765562128 836781845 13
647353430 963108675 74
95488031 959231527 46
301810126 635988338 78
980165604 983612390 56
789562442 812792128 78
527551965 735206528 38
329877155 712761402 13
725128650 937053363 85
461923279 823427707 31
916230243 936985042 3
33447817 982927666 57
638608043 843337416 87
128524435 547113138 47
728901622 766468177 40
531914476 686093461 90
572440871 851077169 30
428075889 930699698 13
127984272 292736598 41
969888664 999825435 98
628921058 947012444 9
366160989 867649499 80
458318263 852982706 49
155222389 748558752 14
357233671 568731496 31
549403693 661132682 1
788433340 875910484 6
788481513 809508273 64
639541032 769523770 90
3502448 704090171 94
640557797 645440182 41
948186578 948532254 60
390952408 606556127 56
542987632 968042365 85
264477632 517624044 17
950400958 956676498 24
381722298 773582722 35
720448538 817546553 61
370897231 802884700 21
189472754 197584087 49
820241356 874193363 14
689404784 911603070 6
172015425 748505151 6
187367023 892142691 84
97043364 770552470 59
702965752 814714875 91
523181988 684630417 80
971937425 984753117 63
456660782 699308391 1
649956517 834692858 77
940692416 947447835 61
713857720 953016725 29
706252406 909087211 39
440405672 927486797 38
803298740 852613737 40
68498232 93787967 72
250544138 708476723 7
340686454 621155558 28
443535664 691072668 92
66372390 739836023 69
942826123 994406943 45
384194256 854124492 92
921687834 979855263 49
872549054 937629227 53
705999635 893879799 68
422127013 581941411 14
949360144 952105658 23
71213249 388524287 59
530610146 816372486 49
20587260 154734993 59
662918602 909789478 70
758440759 858430598 70
136678940 964702598 90
51979674 631305113 57
405218135 802433963 15
305057350 804282350 67
120548256 487745947 2
629248197 950791146 55
164581828 491529605 78
983308054 997153960 50
258565377 915480108 94
542865996 810086136 63
531761000 571640460 23
625051809 883036054 85
62973180 919870759 16
1565499 40486684 15
101423206 639289834 8
458536326 816673365 22
426240840 845029392 28
419433425 570998088 25
901568769 985407290 45
274746140 721771151 72
977781171 996475653 14
244493340 551535039 60
178791486 386116850 92
836733505 981232831 27
422991688 941629991 79
431899350 640998057 78
247285375 926756405 9
401590323 893421989 56
544733744 897301377 25
448633885 460845235 65
49917251 816365476 54
771518619 812663690 98
33113020 493268948 14
614657877 694233576 68
322133371 405299965 48
822420792 898101419 17
531950057 556931325 26
910402203 973819678 36
193650866 884654352 2
258937007 330932676 78
656063802 869574746 42
698597659 805222276 61
84635128 341424120 52
628714535 677660444 49
464184666 953874771 3
669614147 728186299 84
85959798 625872701 17
803308017 961478034 3
985417958 999110794 90
45415183 63876251 6
307161990 900683557 24
191307268 927449536 27
770499431 899211758 91
280674939 600758127 62
405505452 884615224 82
700457240 930701513 32
561858650 983956512 82
809423274 970087509 31
32528774 814329328 50
334922219 621380814 28
437949181 523648597 61
164180932 763487630 37
878858656 923304692 38
435402053 655089068 84
740820535 883529284 46
828976944 995561423 72
360546322 462187162 30
7350375 164618072 88
957179559 983751093 100
518308032 763530128 27
130107662 976155230 44
979086607 992025184 77
829555174 985793589 87
359169253 816792332 71
417013945 836571931 95
929683597 953433712 16
808094714 912007843 25
965487731 994608590 58
95683467 507467021 51
820661685 959241220 20
301775419 902659557 36
987931048 991018566 74
140012181 793777260 19
870118817 902034945 43
90323242 991538830 19
571060729 573781903 78
493830774 518008807 89
611135415 652348265 5
515304233 619849712 94
244792517 316997559 19
204892286 214050432 82
110255805 732547879 51
269186933 611502395 2
333625639 496327792 19
636770355 848623535 80
885358236 902592770 31
869902913 954933178 57
369135304 501368679 68
319416296 909228380 43
580760230 834123552 1
469201545 605995578 20
885602596 978009905 12
940313803 964654150 69
783869588 858596209 50
95066897 519481620 55
533344528 996196609 76
119706117 628381884 66
931658662 942222224 15
93424351 690091048 18
730023467 737692032 8
985430335 985857225 72
510462298 764272160 30
515711387 955093628 16
349576996 893972245 71
975143219 976482017 60
76161260 666941376 55
692863480 806624579 53
158445251 594162648 8
870036550 980939156 64
979454240 991263340 30
458102444 960108912 49
628158925 776943868 64
60341021 801250449 4
355025999 600245409 66
358527665 895937037 69
930371803 951227959 89
759590027 887754350 26
956304055 966936087 60
660304067 707235355 80
729420415 919051364 72
242728211 949399413 5
461406153 621358348 87
356328803 542625235 36
46115485 477970030 13
633792767 672464835 78
469302393 819409583 70
90978862 138506590 62
288657486 424399610 50
926237205 957859902 60
850709207 971713116 65
382156192 967602465 9
772137428 805353101 40
711697664 743944339 2
333565702 556308647 89
648812327 950603775 42
771183585 903549666 99
684770154 783490044 95
297236388 732189181 73
771343041 985426994 45
286618202 608701687 7
325254696 856642179 30
365597077 454469432 92
860429134 924274192 9
192229160 372789853 62
457350002 718469342 88
890978013 956543997 6
410665060 576060418 24
292930470 469710739 9
603134514 757601363 43
52447053 855560454 20
178291463 587090421 56
32665668 802321993 21
81845509 574217162 49
763683923 971615389 42
601141992 780178840 79
240797179 311060918 78
969851506 977064128 56
147368725 712270723 3
958189600 972912012 8
229106336 815247659 15
637775927 699952656 25
550955735 911369158 92
890896085 907053423 73
859763371 913972191 32
253480738 850343549 28
306285878 311273652 32
574460918 858924632 31
744807696 987153170 48
441400763 610009019 72
969279093 994340653 2
267111585 279970594 77
827893618 904681866 23
444053522 638038540 12
986244122 995163541 45
559030628 891379523 39
595833126 707697815 14
302471505 355017746 37
561253889 917761349 6
412516726 935543673 59
870262139 879686589 16
442613595 699580833 28
437261839 802892174 81
679334405 803808610 68
256480981 912565439 33
688963118 754144860 57
506290000 666738356 57
229201900 299813705 68
989893160 990725909 100
820138120 862604238 37
802610121 808332656 75
97658718 574987496 99
403650085 594793820 71
340225980 562789285 38
427432872 929452945 90
402891698 551795970 25
523650430 900139135 67
610075365 725230994 92
742587254 971319366 0
20110974 502120859 86
406342088 716198155 42
739082929 832865323 53
255229306 973654065 11
157150528 813239919 23
723468958 732739486 0
322224246 847826775 96
681230063 957461350 22
216970038 586327480 30
409044436 542841257 5
508754643 529487416 89
351371688 526413088 87
706030201 805417986 3
870711259 947132490 88
41325743 325873232 40
87297054 626448002 18
173818380 918577245 66
225584041 600870321 32
894971884 970744669 98
664185905 933548397 69
516048302 559980408 29
130713849 303423280 74
459707256 829972628 1
60331193 675028504 29
714870101 794655585 100
306838017 503758820 59
133407384 968286801 89
25920402 887131739 77
133549291 346732483 4
