2914
973480509 987077087 82
965870848 976205615 15
326553592 788080047 10
565331312 763076827 37
991320061 997867722 0
698459514 889045080 89
453053027 716760826 43
679995509 755086841 76
631780558 837389132 61
747549640 954298305 96
752737896 967797269 27
903852333 987385513 85
537981685 846004250 85
659900050 815940157 94
921519805 989390823 49
320715704 945657873 80
743985247 911202663 22
568852475 777681607 42
865105218 937064552 4
539858648 542720425 72
703420711 854637420 69
72796893 149170121 71
749186383 896094469 20
349052269 612008765 24
354086990 826220897 22
563919970 594659539 40
517515315 578203279 32
155425161 558136642 8
703517785 927032942 23
423663009 989129890 31
33338594 524846735 73
516180744 933901434 6
912213113 975463771 40
221608750 408784407 15
914280032 924758087 23
871495127 940332601 79
71810081 993543049 78
370769457 429173679 61
926420274 957184325 19
670790586 872534920 99
671884197 988359287 5
220534844 474047959 15
252543495 281354242 44
804359761 984456133 95
202557162 778332763 11
790831306 824113082 88
742106638 919184539 18
648493422 747743993 96
932037326 982429208 58
455532503 535873370 62
405652649 449048791 87
159396459 508271212 3
919832338 977893769 80
461131628 795648639 77
644148402 808740146 63
41518561 651141607 16
718120308 973642898 65
276626258 299602486 55
682272260 738569296 49
478293021 761570471 74
416469949 807189221 62
292346876 806374906 67
710694910 998234246 45
492988264 961770137 58
363419997 982187581 15
467195855 733825995 75
838981164 993462048 30
742863805 767568334 7
434522001 767980014 26
97103354 485013382 93
841284309 964205559 25
834486287 908107045 21
471251473 625201854 21
532658719 960990980 36
317384840 587182039 25
652878161 874625228 11
59288867 457251635 74
786125839 812478885 51
560519521 725751273 72
511828592 913691699 35
708658896 759695644 16
378802460 901555641 52
406643916 528631379 47
790786845 831573994 24
665745139 743303864 8
792304104 896404721 95
804253823 904443036 91
409789382 710824203 46
761645106 918498806 3
951547286 958088058 80
750868075 824142583 66
496384390 948841316 63
529355316 870741847 49
23724203 46662347 49
631886989 703803831 34
494156352 632534766 66
382538238 587737968 78
857439175 955422614 65
267693112 428646210 60
877202757 914190636 52
283294967 778309213 38
474498678 506425710 97
275962815 523474221 39
528698266 870188722 73
911035455 976437776 53
424539550 853043027 93
772093127 936580751 20
103401750 726342277 64
149389652 937772811 0
340632275 387175875 88
350291458 645513209 57
589806600 952809371 63
258115899 919973118 75
140419569 821016295 94
703309179 813498793 6
313998787 360287827 76
737155726 940776935 64
155037376 627902140 5
560502928 714821907 95
433532410 663534087 36
49501917 483441068 86
771040796 860293620 23
535283971 723845810 88
170480923 665636677 70
737453270 863711766 22
930267301 940065654 83
184514482 459191972 74
878346379 893509533 9
951338506 976469526 69
593876703 730232892 88
449734338 801914162 38
834613655 909885063 6
82160172 912520542 6
76196622 342668051 55
509296770 986820332 3
521731643 736790553 90
999522829 999905559 59
750048994 805366556 53
934031523 983462325 1
640166932 661501359 65
391178508 427550895 60
631088570 889642873 91
958389451 969738500 78
400218118 819839956 22
811887963 825374231 100
486907927 602876196 16
163514596 308406012 47
101194927 175458585 43
786697739 906698447 45
298847025 778644135 99
454165027 755650043 72
199104097 448692052 82
797521121 866599780 27
702787417 912927979 81
327630286 587089509 42
46312736 655709097 39
499897799 745632925 68
462622718 673805525 21
249164 260338150 97
559599429 617834450 70
773024553 781234458 24
987200797 994354662 96
638078399 874064393 98
400319326 565946567 84
651832094 764186653 72
401593491 800605973 17
189782449 818967806 29
634681413 649086648 12
110751441 112828547 96
64593284 611174154 95
196279342 346521383 84
222628638 470545619 83
758879540 994026032 71
275324993 906024278 85
897082732 929639991 46
660369318 799903790 80
953775772 990954775 37
216017851 440845540 14
434597355 577219287 39
432539772 944103345 73
269719063 692294650 42
978159097 992891982 71
925202915 943674483 92
423964858 900475272 44
231620483 486007467 2
753512522 792982394 22
96132727 456573911 5
319109975 414111151 73
139444631 297827614 55
915422478 978022457 58
412842039 893471948 1
447339255 775742128 41
849880178 889382655 67
788668366 914907048 77
207118473 366504900 4
177889281 326463739 67
952569992 975921711 12
60566883 168490428 20
901141668 953842498 98
886947511 945062342 16
542044172 997222343 63
445686624 781857397 83
822764029 852413533 59
109075544 364850225 78
266982122 846851860 46
913606457 999552243 14
949748474 955632721 95
930148913 939107463 98
613552183 921969811 54
596582791 847749168 56
194656436 774490346 86
736205148 845567362 74
944644266 979233028 48
82739273 983632106 92
181955851 491636584 27
535984716 988646168 16
492999346 953083915 38
560735422 931361875 66
288295195 464547004 36
744535265 945223486 54
144438252 403282641 95
750057492 842560808 53
315444736 829733662 5
779600620 825318938 93
796132024 815349190 53
754800249 787595783 22
332662991 561705136 11
471822640 713874534 51
534320916 794605706 62
304510721 789896281 19
314112356 805562466 89
866659738 890200108 10
267182046 381176484 5
732423780 928582702 26
442607398 962537895 2
61957640 965119845 45
389537333 737877326 80
757761636 914028556 66
307925560 784780384 51
584217341 674965821 100
81009843 717679951 65
470127219 888705862 10
714274008 768796601 7
335498577 354967639 77
780841576 940770814 49
84448788 841333026 29
350524050 503695778 18
923318941 959455053 53
101027441 879401454 68
22063337 677170512 92
956837549 976379762 14
971601296 984477759 10
72108269 574799662 36
656543444 911475179 28
559569106 727057306 82
429985119 627500774 85
917453763 980439858 34
875232681 999876589 76
299907731 418688910 74
985961906 991120879 77
728223037 773856034 5
319937216 610217450 83
25867791 939280236 0
173645803 572507792 8
806576676 810407234 77
496605963 814574642 97
680383635 920726300 76
961048546 973342699 51
692083120 784427559 7
987837541 995980878 81
901049530 952632977 28
777751820 868888782 87
316598387 406631039 63
267981016 448214601 11
566068478 759821680 81
404082100 684914922 18
621249618 982678241 96
291816237 847716279 4
978435560 998549933 10
128486286 590534669 44
44120774 113049297 31
429645833 987299784 20
291457565 660778301 37
332679504 621294760 93
559603500 857342474 9
697321271 891012634 66
377766901 813383844 74
506060014 536736792 48
823956534 941574645 97
726867304 784731574 94
657242780 718118250 34
175219658 503424438 52
570710083 853753600 94
929356928 934221246 47
860801529 960671955 7
663394599 914446959 29
754344544 847380374 11
98712588 515196884 73
673646587 894035947 0
569848031 783671732 100
578765023 957862106 19
948368429 957912435 13
799409443 908942328 66
437694418 961349826 96
708896793 979499691 22
551835998 686008175 17
176767668 534379067 7
360113834 892811566 92
89257357 987046601 14
908854982 916717896 66
780059550 833134951 38
285851134 582107685 63
771187977 998506486 39
96846076 416826422 63
979695587 994840627 84
548227271 625100870 32
431691927 536896945 51
15832922 603002577 59
665062303 957780530 70
857471621 992857804 93
536906488 894120787 89
907905468 914249253 49
520554713 815721184 100
908959038 916638788 14
340495395 357074829 26
739556342 960522044 2
532422442 742357909 6
565270378 697166546 6
790814453 893950809 21
238260879 815564756 56
487767194 906784684 94
387604187 439963863 53
642314192 904634594 44
980756437 996016535 77
804060910 810075335 33
608219377 998066470 77
674163053 748736393 36
189282277 810991825 35
971056846 986921540 79
909148047 973055135 92
65757264 973463117 89
380394405 613832871 52
534940911 855819153 56
76617153 123980159 75
495856157 587733428 15
412649267 518781789 27
414323655 521294387 52
929283569 999740347 11
217532680 450234168 81
248958252 292806197 15
215836107 556847528 90
513888513 987520508 42
751516515 934170825 77
779473363 814677482 77
680817244 729898227 90
190486181 820277611 17
27581965 392290461 50
568213478 617285033 8
448964794 499262902 1
226377537 354518482 29
955796580 968444510 81
618418195 855148625 42
112827219 931278456 70
664821081 705362892 32
616536133 809444692 92
284564609 812971152 8
206464629 297156078 38
142765963 609905889 93
712989605 928576939 97
907659048 978626230 74
817554097 866116691 80
319037501 438511485 2
357835207 431143601 20
173847914 775714291 38
532231439 723948429 64
823180794 862121479 65
117150278 148518147 83
474752667 768496531 37
940477012 980172787 29
872839711 980628881 91
309004834 373352100 77
100654394 628260663 71
418602488 744974445 74
635974445 812292792 39
277067750 886499539 78
367344500 536958154 49
226435027 401545277 7
725605292 960004637 71
480367322 676230376 53
249048464 293901928 45
405463422 754977966 57
75306493 766004431 75
456144072 535801612 78
163655034 945841332 42
910326058 973720681 64
970269766 998821522 35
577285470 768559259 66
240636151 624346661 69
779157736 792912431 6
34014353 628757428 83
573740185 859688570 7
818874444 956986614 61
819046767 917988840 9
13449711 202348598 57
793168398 894565810 73
676962664 760217471 94
29010009 333383234 22
509671429 997034307 55
281490860 978715805 60
974780721 991846094 88
978506283 983109145 50
255424 273890589 21
656318014 896700038 15
342163407 678182183 16
421160066 989111567 83
500411353 905890305 48
952747457 958838515 99
533514742 838200537 0
22702581 652666360 59
436513930 780625528 32
718209539 749523250 83
800679337 842252315 15
216450983 860711699 100
455736705 485720255 48
217365221 789808969 40
27074262 444337165 32
993107595 998854754 95
228776665 679937179 93
418098242 720622440 9
345822792 761895043 61
292788013 873483412 88
277339558 871517468 62
456300855 550214325 19
455636515 998362612 9
425995155 638637598 76
765133670 774206604 31
744924233 771745067 81
640783673 967911420 50
326875711 824205456 56
551654505 843528021 65
753716316 958398801 43
76385219 897689888 53
112652591 553605210 83
915012438 995385294 72
328866463 474801694 5
166924166 613886038 47
295182305 359161785 91
692527652 733880288 5
394268822 448456709 48
434890563 545213039 76
616557715 755757959 20
724077552 771653824 59
966347768 978143296 7
631445543 814154274 90
644501090 853081192 49
347506196 930344860 61
109135847 706369507 42
468223652 855645340 8
466984766 767212438 73
82246358 936180917 29
306194014 830480661 97
38571804 185714362 4
921540649 934690556 94
317153108 983120877 17
751291828 795428152 41
907330441 938277129 67
77333828 272800828 17
804871353 899153494 83
312750185 995170607 99
733064399 784428435 37
879239999 938400067 31
693426417 806386920 45
948908278 974130100 95
469214084 760882541 39
438844487 585126491 58
890306121 930425881 45
265334707 700186487 62
100733628 787860789 44
253853981 904026215 65
467135741 644728636 89
306541326 654891578 25
924949858 979919929 2
367187070 572517752 99
228433808 642252408 25
149172924 303498198 53
220928505 805945305 3
290496437 601384711 69
832186246 914563112 32
412213299 503126852 26
600969537 901494676 36
495869274 853873370 48
200257635 877055119 37
414423461 580655703 54
736729333 941016330 31
659687429 802005354 9
790043672 883644785 80
852042561 999289998 95
994271326 994370218 74
922294810 997404088 83
155956926 984816242 2
16546069 642760499 26
311691759 717591338 60
34634934 925598629 34
390538791 938003875 71
268219658 972567965 50
921512563 935072199 15
296197681 508560067 20
826681696 912997134 89
855294763 994365218 65
476840264 528203649 30
371582990 870947429 65
122903764 192257447 62
519485201 989947663 6
948262895 957872497 40
657384174 719511583 19
135696099 244109508 45
546759028 830041706 63
395760409 772657498 71
322697368 525714922 86
452281722 719047372 30
170026465 731167353 44
183675965 830216876 20
11993902 956720712 75
292379691 735101255 23
677674650 774905067 62
125497221 423872543 46
9002545 310723985 47
159856934 990645013 3
301061593 555151680 17
213915634 851298121 68
501700353 605090396 85
596303640 896474041 3
756692446 919825077 19
732907328 928007309 15
932445681 955786406 42
378765868 655786044 13
399817005 850082962 25
449102457 961289960 63
845487773 897547240 30
632604139 744460916 60
942986148 998105791 83
389718237 948630854 4
435666552 966145418 53
540730907 691188679 12
872426119 902565130 19
795410055 886041759 80
160866007 319759691 90
119077580 386323419 89
136679401 540353848 38
243541627 322875272 90
439864203 923361931 53
70401244 317379710 68
167603095 515406027 66
372045533 871899657 63
148006127 718847744 53
936769917 951042827 64
809500048 853564156 99
694569654 757468684 87
692140219 747319501 54
766331399 874754625 46
303422099 922091927 91
736623845 889526149 99
998842437 999907596 52
768314970 841915565 60
867844326 951199454 38
886158064 958893006 41
119546549 762606929 51
967146477 989839322 2
733479983 888984731 86
638266345 673684946 95
883962880 925397562 17
409650893 428739458 18
249547377 337156538 63
4852788 184068861 6
563317441 633201897 35
919172620 942283971 41
22457772 215381792 9
262969311 712898608 77
865898490 913312198 91
370453774 555126974 20
678964664 985217452 19
945671898 987340310 68
201001327 401973046 25
185258869 954391413 43
147040256 465006466 61
158487844 719300838 50
803944632 948737289 79
559633227 804736127 8
667775475 996441569 39
638778298 982459431 5
668367876 793387825 67
85134248 266771471 18
929933732 945423921 84
403750351 572053905 67
447511209 868232166 51
641637527 820855024 72
379440634 797833757 26
98518273 678491359 18
580268530 970784550 82
724480493 912171754 16
687124385 832775801 73
729199113 998911964 99
337676988 508991386 9
293854750 294086797 22
871524812 914117264 29
841394287 877006925 66
723572530 865747661 61
600200919 722226161 22
934500922 963184616 48
790599872 972035409 89
868789457 878794350 61
328746734 522412295 31
234201553 299316792 42
158931406 494174075 84
868548797 970512437 60
853296044 866180463 2
986337084 997065972 92
574741628 749446484 58
910729436 982283949 32
123699927 387951177 60
960058108 971029651 72
980042464 990697975 20
155393620 820408132 5
349799308 566684004 59
904672276 986285617 36
653813476 684157790 32
781858427 906266595 16
634754499 687079991 40
35859442 383734954 73
746899716 877833114 66
282922094 507625042 25
424972574 670852218 10
900552231 982342828 85
68240109 800838849 67
395367002 558054620 94
628221846 916110359 87
781517620 813180860 96
230209917 549032616 72
744379242 787654982 51
887106625 904559366 33
975246331 983286052 75
867622971 969312895 48
494414039 584484434 10
534220350 751986115 97
77442715 432379703 78
411144872 914634877 45
935608814 951796586 4
355712178 847064185 59
379957548 632277038 30
957209663 970364106 7
998527774 999281490 6
397659816 865886732 5
235445073 412171948 99
886259518 952238318 39
757589236 792164995 5
672757047 705893067 59
361363913 730961810 19
750442549 867376895 37
874846887 984572934 52
824629781 957638731 27
850163513 952940200 7
200525492 956485003 10
318134235 399359005 64
943974350 993204162 48
21812947 376366222 13
559598344 625229831 44
371956488 919710406 16
824265297 828166389 75
484860636 665690809 75
165326654 312454506 8
124584583 250281269 1
974272591 999931957 19
140375041 885851882 25
22989707 893348700 67
738396316 804985969 69
530582061 769789951 56
317355693 369897152 73
30919060 381589950 84
274274250 504802689 46
334081826 692673285 90
723442507 788287961 44
45756350 381910068 8
835897166 900339112 65
555056806 673757897 3
531427176 982793875 51
642381660 735339040 68
516764161 788874249 80
555842064 923778295 71
939264798 971370442 7
204590738 580963063 36
815728404 894936415 0
337596404 574315568 94
929481549 943637262 64
567041711 952878959 26
170824506 183095089 18
485496806 921855981 98
778174731 926288023 40
960029005 983195747 68
400827966 906052617 29
833607230 850761190 64
452750790 597716967 91
448442722 513843977 85
890229864 925167403 8
956534260 982936433 40
595143570 773316489 3
460879365 838532364 53
556042254 911202419 21
618811084 936580027 7
356139101 614354977 31
989907952 994103765 59
650812048 726166798 60
15346046 534390131 45
339743125 798614220 42
874098201 974828294 26
76340582 916743708 61
338974167 386227587 83
382681309 821513169 11
738496912 998804312 11
848606518 993842132 100
398729906 655847604 83
691831209 739050465 83
573940958 940862191 78
287697272 438981885 57
232937793 406695257 52
236978139 362823685 38
982703872 993731531 24
832017605 883794943 5
322579733 332346627 58
709798770 792301198 52
421689942 506868877 2
463025613 614743469 52
841510001 968704390 52
644073323 686491444 73
213113681 268293228 37
382592618 945803670 67
878954963 960466404 26
93108285 116151296 97
517984119 637657165 82
52082142 912231598 6
358071381 781999987 88
223243461 294714648 82
996774392 997361470 95
575765139 579299737 56
6361583 35305094 56
425946789 505725607 62
76992209 798092536 52
571004937 626493996 74
123354060 376133971 4
737453626 807106088 37
907571437 924945285 62
177619246 359162345 0
213449888 688885748 94
145910978 160010856 52
263495096 441754194 20
737331290 839730302 38
469328327 671199440 22
743263276 969457064 41
697899734 974023214 71
701855360 784085562 23
913085879 945566957 77
206427379 421229035 37
884505172 955047559 66
727526864 891478835 43
117368038 998766556 68
579873760 778138080 8
356523087 812118423 78
678389372 892304169 60
28298773 996840062 2
135223419 156049019 19
269152321 826018310 99
410543389 771324878 63
240088824 478527041 31
197723648 850141332 23
93236718 527789839 41
833852401 943744314 71
238207885 383013356 100
148435331 476249020 86
286954641 603450476 79
949120504 990771307 83
334133541 974873040 31
115141577 778807610 93
674612249 854386455 39
446371383 767049389 19
267661769 818297678 78
931161294 933080616 59
556942507 997957787 77
494361123 576489424 0
755944291 948341287 63
370290558 692629904 66
868514402 969379759 77
913715229 924813537 21
896874738 927632935 70
625739603 797624875 22
504963701 922436096 46
743312669 761321777 48
418960873 830279557 22
48095987 627635473 13
213574092 621481886 72
792650075 873697053 58
313085152 946282804 34
793668607 841153975 87
821989632 844038873 24
575880334 750113844 42
706161869 892942526 69
245416533 322577652 51
738238362 913423731 11
947127145 983285636 69
533306647 866966546 23
967109178 974176832 19
395257365 775041198 46
643286804 766028516 26
638104502 728278998 21
682857649 990477699 32
80920656 741803449 22
992206391 995419363 35
291901987 751963044 3
174770824 504630130 77
273016805 441801195 25
730157239 877948759 46
223016617 677891400 33
87538074 513401526 84
9535360 939543371 41
718889949 877523223 56
633781997 864117731 94
246860704 668645843 86
515763114 692971498 79
899345757 950411852 69
601827460 927457835 86
295555946 635323552 60
88193119 877771716 82
491575618 712032940 12
242492021 790909860 96
301489890 908353050 19
865224357 904538309 1
541015537 747323044 87
770837025 847892579 7
628196841 807553487 31
463583898 522848407 37
882613124 914033919 88
861172420 931382942 49
342033127 783414171 82
597781797 754770640 65
305504234 639927081 76
52190327 285279662 22
290971028 371284750 94
196815265 499071986 42
939574664 942663093 65
902530066 920394130 2
550739980 925563243 41
330577235 689464545 25
367985764 475636624 54
9296658 246273428 65
624154021 830728811 15
627467206 722516459 19
5116066 345936517 95
753583102 772105885 67
616800935 676082964 71
366796582 656828947 96
604163254 842835771 6
445557420 709847077 100
619963149 982958050 66
284918822 514533392 92
276418668 661084096 71
699243704 840499574 83
737831778 822778025 26
632402505 746541204 6
828843154 917261977 48
338552189 589636596 23
147068674 719978278 52
987361923 997475396 3
573954426 739257829 86
8745040 269593984 20
478780894 728116356 13
686663930 941398372 59
468235617 558977547 11
572022504 866644705 77
477830553 755775688 79
39294762 457164280 71
921220028 990038162 88
887980171 911095863 81
26670381 629839243 95
574591708 918745419 9
721741905 852574100 51
892851449 909411423 70
79166594 796474235 76
223979925 964310370 6
585582141 623723739 87
696228310 748956519 93
206972028 813131129 73
710388591 791211505 58
243087714 809757518 50
940033933 972181770 46
199573396 230851051 15
515062328 569553901 90
930326606 967269956 59
449362820 751514488 26
147885860 585994190 61
640335852 733095145 44
420587168 998903788 72
136708958 713252634 82
196311730 611940427 82
341646515 478939798 39
324563613 391521986 62
488493986 627886060 98
147256948 934645866 21
238469563 844455111 37
346560251 377318801 26
388061212 615596858 33
269379608 483821408 83
731129986 902060378 5
399891331 683410888 87
788948964 898903125 16
458975475 824309527 76
976142792 995296509 71
747399179 894246254 61
765071469 846251339 84
200476683 791710417 45
437552456 844621649 36
633144060 662548829 1
627744495 898784378 44
739616432 986380024 17
874284883 974193503 57
772509401 839632425 31
211928226 538935984 68
805512891 926634934 66
702682117 797925468 27
317436544 544185132 2
120574098 370537219 84
755937714 760708694 77
451207233 655540341 91
347472685 555319420 25
475678795 714516193 28
718281917 721254345 72
607740977 899038461 39
486792759 568014827 23
431715844 987538753 6
59939705 852445261 9
508691460 868344516 100
310019501 626092890 7
255139424 396554217 15
407964206 895799005 80
499351368 553046403 53
453089716 752190498 58
232664531 746528602 54
320319386 796577340 61
761707129 761908060 47
894982809 972354855 43
374322711 431382386 34
442303263 591653879 67
897634914 963504400 13
211944083 407615714 8
316094962 625966384 69
49280070 828420852 81
824074936 838998727 35
416774451 699391787 66
514610939 759006873 42
823248363 935166383 43
6238905 954774733 91
259246347 449326645 24
554936353 811235234 35
874334850 896155254 87
361877412 667134525 37
842164020 920523510 67
610728902 668675525 99
8661482 383924552 79
17632723 823246399 44
311116050 728960320 54
25429725 194163433 66
79091515 411763291 64
820456969 842577743 89
434853833 787645404 73
122595986 157193836 1
313753349 387724761 22
510302885 808821954 48
808075598 828707654 85
590941893 966307265 74
967627084 976046822 100
865187962 949917692 92
27788201 277669313 65
489387535 654453441 28
394707703 723167992 64
321052583 667497282 71
778533150 897635770 76
356996764 698537234 17
774984574 805940014 26
327317047 559548518 14
245152810 919703914 64
2569523 235749489 43
447873076 693054576 22
255055549 588071832 54
57189760 481886220 3
694878984 958817807 97
124924183 224037315 17
744244270 866648530 39
865994703 915371790 48
898670354 919269722 32
904730666 981638941 41
485288051 648951113 53
855177919 949554215 30
809924548 994624694 100
566701818 762438531 39
11208539 75443576 71
399421345 535072967 55
766379004 986445587 91
260961173 583944638 80
249760606 987585090 8
130053630 719003999 29
907206306 968138480 35
952378104 974236975 18
306279369 799515983 14
607743383 946715661 36
228082577 680886120 30
538651276 832717297 6
288619585 846326994 100
854269186 907799312 95
253183730 272314586 80
687772716 936344924 92
811827666 834914092 17
370590284 770972340 74
335491637 390890889 88
334416241 937929044 1
65415356 117075603 0
684010891 889319260 80
547975030 815911635 61
124772404 978460399 56
540604274 770814550 38
3527512 742541851 81
896051360 970498700 11
621656810 849353411 27
29195983 569782415 19
684012279 917865472 12
245311515 913109532 100
345749607 838233318 95
992476868 999307573 37
347147002 536255262 31
489139759 711434596 91
224051708 833691485 52
637783935 680587344 65
126420500 557435735 33
901214217 960436998 8
172662486 326724019 21
637564234 951702506 21
537172094 913954659 60
220428329 890539165 53
869998371 872899623 77
771779527 928199131 97
782043154 881493515 70
915890048 962819663 47
616438232 958183982 95
639511803 892981388 4
822353283 983087115 97
356879009 385051121 92
478288208 481796316 83
245397180 494880878 55
50449306 797594558 32
696483977 991307593 66
183083013 325215440 6
512243427 732500876 35
825559733 980902836 59
536177200 555867634 9
500528395 558352706 53
850977943 997826418 24
851873661 871772763 19
717530702 823814610 72
307028577 924750873 25
844271460 949772774 63
676161354 787314860 16
556953792 585583214 7
599542824 658634855 42
223883144 787595859 24
246275003 776820766 54
456048735 532505389 52
304329496 912086555 6
327129296 754586684 55
634093113 761162633 55
274762000 838954550 28
798779223 893752894 90
867556948 949665733 50
237198386 491172736 31
489971156 931172104 66
640588349 909135166 32
268288298 922965921 57
311496506 420615229 98
612985115 904049388 12
747546674 884503007 47
18850281 485314268 85
200249922 694843604 17
584131233 975069900 38
84263232 814836238 48
105876174 369695655 30
806971402 899405453 31
590541826 723849660 47
251605885 869899627 36
50167136 251358128 50
946632740 987137650 49
834306595 869500057 42
591440999 718653502 48
109164696 305381492 49
789032486 959968466 69
882532191 939542820 74
47364819 166384699 81
772775564 925677771 26
724523726 744652129 7
624345900 629562962 68
871039629 881707338 14
312294422 823009106 1
156367732 783913671 57
151368087 714656360 59
508056580 555817862 45
493715386 561876173 69
573371196 672212380 63
136952330 828382067 71
458874640 484259899 29
620953564 740486428 17
570807010 989254260 88
145798665 452308467 91
620462454 805282081 15
577397600 776495798 1
488800234 756311922 85
726158468 877405985 98
539461580 949090881 18
5206094 895961048 63
877647537 948694286 16
589360065 835450521 55
545213330 833514450 83
783682270 935568938 67
339863601 519198014 14
792050371 982614354 33
130007319 299666872 39
361870432 901282722 14
857915553 877739835 56
423509610 710220473 87
359770888 991276937 82
274375596 384769853 95
69427540 714907773 8
193971311 938689938 79
891357434 964003910 95
938498195 997330755 30
256937226 553198996 15
68986488 980891330 14
45051665 748239614 86
844800761 879937738 12
264808677 940809169 13
268670073 978461747 64
312933532 362401516 27
227051925 313885209 12
153562368 830140278 76
897502053 897852277 20
492551902 632599874 11
347128722 814461924 11
377421642 712653592 54
191748299 945784990 14
754200964 913529537 73
811329672 946078313 74
766237683 823249081 71
79372865 921940585 47
650348967 973356684 53
283708932 641236932 18
817492358 923283475 4
774649390 851235794 9
682443571 687390224 63
777353335 983976780 52
992149411 997649467 98
234022402 322704578 18
486658505 718018272 52
769837915 844107955 30
616977049 971531052 42
179983156 771268479 5
44065068 115333214 2
640952830 932318440 29
543554907 994783831 94
311002880 607660044 26
612841416 758815318 96
924728655 967965121 58
266932910 616729788 35
960362567 976344524 18
293329258 296991553 76
146249301 900340691 28
745413483 834502059 40
232363548 633091644 45
209227422 429512642 9
875275359 982177821 54
476772075 778214907 99
61583817 155915421 86
912271359 962805866 62
587826920 723990834 13
375368364 729145064 31
47525141 666078387 35
43457976 282243133 95
804590054 849599551 60
230827231 776322701 35
999999123 999999255 12
979772240 987342964 40
785160461 867205064 3
362735120 504077094 57
224323519 364675189 0
6857563 875608942 80
482363588 816665629 4
7637864 92003451 67
711600422 936055389 99
794925603 806524685 60
970921151 973293892 14
46363071 729562094 62
726877067 949269461 3
647155754 808383095 96
618192812 679272752 89
155393130 736571360 89
52688157 308463969 28
584135603 707574833 52
105539689 527935762 84
797680510 949772985 74
45201560 937268057 76
217919342 481313982 35
44631156 546353951 24
423373433 619304178 36
400665222 467413692 68
136556484 500315357 79
144962078 218490885 15
894162260 951983264 34
726178812 821146284 37
172018429 753384609 7
790120334 925912538 61
288405827 859272312 14
657477017 791624467 33
590065952 979666639 61
81982889 330948356 21
514494313 889704901 88
76104311 962296044 68
510439477 889519752 47
500752993 655637808 47
534623551 683968835 1
48701644 447819686 17
252724241 461131743 43
594877316 599493502 88
241259917 563258925 94
495007215 636196015 10
309980892 887330949 8
574620464 708122203 18
655167692 902724777 37
116683589 635301406 84
933006822 967806139 38
991096905 992922142 40
624967998 991388622 37
782170075 790960184 13
932110512 940162849 63
422851465 932637793 12
897661520 949502478 97
734239103 874346007 43
857252438 999318893 94
201915871 323347815 91
944777026 983925231 1
304835210 949910060 77
228892716 401242928 0
772966217 885347957 54
356967949 454718582 49
94779881 514689863 96
37503274 376635663 57
87956187 150794125 7
74644099 508864692 82
666441943 874287250 93
319713611 689735839 83
774236001 913981801 56
138254688 464761488 24
955005564 991865987 79
225427141 817620846 73
485865550 590924180 64
193479666 756471435 25
232759305 962951607 7
298611380 422950254 32
265186491 966297092 1
889153656 956015091 83
650659646 926495795 74
221352223 461034380 2
852516272 935328842 95
529302794 780225226 41
540592943 563654202 100
818222585 863915145 63
543119507 563479789 19
80487950 563118759 7
962476736 997682124 47
503670315 834816201 84
842738340 977795453 69
404768861 985076215 94
992679649 997581978 87
679251195 812972837 54
70478141 691203532 56
793910312 951390362 59
349178561 676166359 10
603408847 822114834 67
509753643 658454312 26
23011564 558836530 76
725194366 744835538 49
863131010 950044204 32
112793583 460976233 86
122241793 489818704 53
586057789 818979221 63
387345876 922853889 56
671785691 788405722 55
777381902 813461239 38
792382596 804825191 10
165567621 257788634 84
30905821 829544645 87
116997721 647570549 77
831231848 832565836 73
41525334 988574462 69
946356399 984550928 71
553999575 726135137 31
579313918 706827815 13
111134634 299178684 92
43831154 877625269 71
740728144 967569812 31
963837428 999533763 87
632939020 655199342 39
553241177 862578025 11
236788865 317020981 65
620038459 818817072 2
683244937 888245812 79
595210987 889858860 37
959632408 997641380 23
948123652 966472364 38
384534217 794339607 84
562891199 816559295 56
255424493 319710346 52
680814091 784514629 28
5891818 872065864 3
889751723 935406010 0
234219800 509055127 59
764515086 778647715 27
499510913 600746964 57
528621803 974337622 66
308752846 939858445 23
16923719 739859393 28
186413110 618257444 57
36668562 283053233 33
124769608 748693562 27
462809471 695728857 94
237423066 380316100 71
613651897 792661189 53
504078530 989500304 32
146103418 683794538 53
208002883 344329026 50
489015131 840432038 13
393888019 808457888 48
834420655 949572313 99
103150157 642756221 14
84758247 406020730 57
654746876 662898817 34
18339328 247549585 22
691421950 769826556 32
143160891 955608237 37
267243571 820694401 53
566307317 599050087 28
447297773 875111659 42
310724602 418737433 0
951368715 970861116 78
72766509 547604477 70
526230688 701415190 65
992733155 998292552 49
831680240 925074766 90
838017318 860808077 69
160064878 587852665 99
469174598 881332425 52
755450653 858494447 59
473732365 860711176 15
91886143 114443637 67
99798323 671779243 20
776757023 977864160 34
724171724 912027969 87
421542292 963628600 37
824246900 874356585 45
129009714 417913176 39
634199935 878191308 95
901004879 926307275 46
528930186 784705734 15
712025999 874684259 95
692797316 877013011 64
32261047 503968596 48
574619042 824293591 65
37154130 369472482 87
645636100 767213826 2
739816472 838808241 60
776801886 869166353 87
169548477 925703772 52
598171700 661688574 46
652500272 916944142 3
12931084 261239517 97
361048826 649853433 32
787661959 821150088 25
410590263 448896296 50
267334525 683490837 8
592153202 945210969 90
948898729 976947342 67
180449485 884323650 96
417900711 426127233 53
134740273 784526795 38
519959782 559097973 53
441872577 492036661 52
450590799 696769754 54
439495407 878129728 73
473652141 997449550 14
387253030 777671994 39
326719002 728666398 8
99581951 588453933 74
638109211 927213273 80
601657956 695164256 94
119795624 956429113 44
909390648 942172526 14
733492367 755013785 45
862406875 929955450 61
832193952 846223664 78
565229970 919730776 78
243198325 979376049 71
256385843 620494200 74
702077756 715504957 27
605836020 831469386 38
814508924 986627728 21
843221642 910631370 65
237267534 486201727 4
719600125 959381556 33
236954324 341105156 50
816478198 900419856 61
103579320 159478088 11
897005830 979193361 42
853731891 918519396 2
178957525 714726534 85
616359916 686085652 82
139768269 242900585 67
32359135 207470938 52
805121303 891351797 94
423286333 951042265 4
401245521 681229330 32
890979492 900268779 74
387792472 494463854 42
86583730 284150709 41
189435855 410559606 8
777068048 791604848 53
893291216 907845989 87
458654319 881523073 68
217741006 854807089 47
342556197 352803626 80
727112628 967661287 7
54739890 327759970 11
182456293 739970603 64
574428380 692531902 4
979611322 996704082 80
326775277 593015271 81
703170353 901902373 64
576786119 583119518 16
933190136 998247249 30
878283374 906532418 88
729959873 791274928 69
654780054 972875707 45
904350988 905783484 50
921048816 975277966 64
819333239 933623079 53
551543852 736220353 59
46482042 310343671 1
70858023 902148342 17
406812974 971503664 24
982887375 998165346 5
793515939 844460445 43
75224179 348429182 98
502106609 733981664 77
681358828 927752521 19
652861338 759307208 91
919439638 922343135 16
191216574 962573655 64
92114650 441914870 69
953520047 998785944 81
296145645 939357836 62
335941437 399334430 2
103628868 824061142 41
206195468 539748584 44
269820439 680790556 20
270388321 589816056 48
930096836 958910283 9
958395070 992510670 32
244469706 659934881 62
928878090 937337482 16
503489728 742617425 22
452138684 651176354 48
448820878 750375187 62
126993365 890265337 19
543913479 971329078 17
77521194 673586470 86
498414065 889565667 70
295279135 823439042 77
447263970 509324987 71
404621407 818002269 5
580423935 848477915 97
793998675 836219694 22
19323317 236875912 19
715103744 927597127 89
518546303 606761854 27
563152678 565412886 76
666475873 694993962 96
693512312 939903757 87
495929118 523421347 74
163340245 724490912 85
428114956 999815347 11
605355918 638940106 83
889511911 909557883 96
324657904 395887852 98
634947465 750281401 59
587163898 624207644 64
231626683 598493004 26
785920931 965589576 56
234010686 542139028 5
147004556 429104465 65
249662563 443691816 33
749282902 772673473 72
644656243 651276777 79
132217732 771422249 48
245616012 393999767 0
587804416 719856314 47
906733853 979587066 21
269968358 769912814 9
996566155 999937308 12
886498504 914645880 99
58203756 108693178 40
890128632 910100105 10
246257337 294030522 68
32766747 46615847 62
63697956 227501523 68
460202662 950650967 92
906360725 956166242 68
703731482 959330810 25
861368894 895108416 23
335258168 726528986 68
763862088 878673940 93
579927112 967410881 70
453246292 566775387 89
168521060 729406791 40
27073870 116710211 0
658026362 923695179 84
395559669 575065631 1
23014887 849234406 68
797668683 823231562 79
149573949 473388209 32
638322274 667858389 79
581521154 712551510 70
583393407 701041809 69
953827097 989140126 22
752102991 779770471 60
94073234 885811683 67
101316276 780458227 74
274503534 330834859 84
316625649 633677096 57
272787300 984319690 74
435709621 714267079 66
270547353 974356576 29
117671755 574427786 24
600481686 694811320 7
726296817 820768825 37
581943776 950738972 22
296937039 717532278 5
61482405 612179062 67
279353710 536356044 84
424641962 885710267 71
614899221 705153405 78
166587117 832433988 91
561489746 873067880 94
659765526 763802327 79
313559974 968048826 30
583709451 617751647 21
292038858 440011831 57
444442560 509035605 25
291499974 906879843 9
73950545 595442073 26
670914928 730980142 84
806874482 964515545 49
131796706 326029738 7
177442197 236704103 46
526428377 787290372 2
487218371 990128865 12
322205883 830268561 57
125537513 574920881 97
514810218 781647482 3
127940697 630837653 1
646362753 731736994 62
495578520 688664946 20
973979678 981527279 1
949469357 987329252 10
970867714 988947780 43
287146915 436334358 69
282031056 480243010 79
887399741 929326776 3
438139985 619998168 15
960005174 977764269 57
499060919 711036499 26
539661807 749666525 77
964349695 977040408 21
748405490 866786300 97
656804412 974765610 58
47771872 267577817 66
787096218 964188934 90
139343446 383632390 9
609611216 652706577 0
667456687 947315003 88
447016225 551042152 42
817125159 909552706 10
905126798 967808863 24
651968649 692429633 3
186709214 999190085 67
784795053 869444307 80
812318808 952267818 100
515533962 989203771 80
167651961 192570945 47
240890399 501408501 50
350937267 912117733 50
17928945 721663630 84
908958049 978287656 2
477177366 906355038 21
662247196 966786143 4
881970207 893987202 45
259626068 993587684 13
683623666 795844009 54
314938750 317310694 35
705678713 842946059 6
785821405 974763030 96
524586449 661555478 96
551098637 795644710 4
804358262 856169562 99
758964614 952486555 20
890348084 962965849 41
55573454 853432586 47
192673124 961718366 6
488625348 963440611 23
766821413 866408727 65
911392000 987518955 97
863095173 886522161 16
137151721 973222196 59
836791893 842687981 67
289356150 530613225 36
566822684 642158327 65
553824182 799142119 90
645359096 994204840 80
567576696 692960654 50
901486057 908888521 36
188935675 790963077 25
473770325 768145842 41
503677421 785367259 71
843729169 972300106 95
320084055 999899944 41
900771188 980277743 4
155834308 475617895 61
909980885 939906242 72
702095239 898063256 46
547230640 875499722 73
363379534 394579849 64
482006948 787172636 0
10992947 155827081 11
826382472 934360396 67
325620152 621787894 57
294065154 731579924 38
159018080 479130431 61
963317809 971065452 96
49634466 680061059 50
940705444 975732849 95
616931819 952549873 79
146002751 371493470 43
309458586 914822065 75
216634383 665119040 78
812903208 884571765 13
488211733 845350491 9
463208845 609894537 60
741169641 834340284 46
493767216 690978306 52
513937099 647880129 42
721901470 960190862 97
736906715 878907613 40
976518973 991198448 9
621339042 872091296 91
149774954 322174555 87
699390624 914630275 26
348711157 687707974 65
178369096 995443168 32
322917385 733748257 6
105509447 456937397 74
417903372 698895245 87
406703373 605869099 38
518002958 559701638 46
778618850 995180717 69
783870405 804536441 66
725718472 918930260 94
838372847 967852095 48
814050012 978348083 24
975027184 998061519 51
914459176 960386912 3
836514905 924825906 14
473393396 713241037 50
981787334 990684144 10
795933704 838575736 70
844915256 918287192 34
688251789 922342014 36
973769312 983387224 84
710414304 889294993 70
598498136 659527730 95
934697953 996868121 85
913733201 942401999 14
201202707 853086453 27
321667740 828729651 58
449707208 746154415 31
115844769 888357672 83
591346788 831086952 22
339515069 689054991 1
49756632 619304909 18
235705247 856526054 56
662520461 846687661 15
393351903 784916015 61
144637615 715859605 46
152051322 330315153 61
750654900 864073797 40
440030135 776584797 77
984334396 988207344 22
761777487 991937492 16
638349566 839548041 28
36018404 892847354 71
610881107 812841896 3
549260174 868539410 100
923153887 991925176 45
218358826 291052150 60
365238868 884907256 3
327641328 877844500 24
288551920 832107009 31
577519691 965577705 57
917023574 974710084 72
332792368 557291459 35
215435949 781847339 25
349483131 630385967 65
456238680 935402702 1
347919250 460886240 81
113151656 143743132 24
273033231 576348339 42
79333337 347503780 63
558391481 641102382 11
241697301 452515068 16
411595139 413899051 68
175551039 602353757 0
407321700 468518685 83
902445484 904971578 43
470776583 581996959 39
832524613 984652112 54
416062176 843727651 62
318770729 778852435 51
273887728 743100188 44
330002346 370307094 64
683269198 705939954 45
900981177 909341685 92
884570831 989898227 1
549360259 675352941 12
976427740 983314709 0
778926589 823811412 15
587638642 713229255 38
796907821 802033967 48
859047095 876350613 23
798163921 989986731 0
872838097 919661812 100
737105429 943208916 64
669825118 746563703 22
158369600 525155147 80
983072797 984521279 81
81380387 626605536 78
86212759 860577951 79
71499937 886417407 84
663081915 814955421 20
250310674 841361964 83
652484815 835630112 16
589375541 665475329 52
236265066 424966012 42
508918480 771666659 70
151256137 440051574 38
901099937 937087906 69
50258889 350234181 58
695539675 772371502 60
734537255 992958878 33
227381258 779778869 92
583380130 591870810 63
551825799 853446557 53
747627191 964364748 71
992588131 995069586 78
806736561 893498230 100
743492097 964702274 90
372378151 936354309 29
725881079 753245188 6
640260946 979884475 72
777808773 922291650 94
980133767 990281654 6
687320783 959341121 42
716621313 866432792 44
540068366 787054448 25
26111819 949591789 90
837586224 894150688 15
591353340 811853101 55
349876012 522442333 60
42426847 814293909 19
577122962 794389368 68
640611280 774265794 36
872365457 923156940 22
68256271 752529906 29
90025282 772546067 61
704070021 928209489 50
675233963 999182515 99
643415122 796976819 81
705506799 981477650 59
733689025 879951624 71
63510209 548774286 53
8962517 415305127 94
990402037 996384393 47
611442730 885307740 42
214994546 358314018 63
620472613 786835357 14
993052061 996809684 28
278629009 613921837 57
255310080 319398368 70
99552941 222067589 82
431061162 502897206 12
6595 554041149 3
163762977 606960314 49
651453284 664150655 85
630683580 685351823 40
915181842 928907583 77
457048232 757301929 16
715186854 991672651 85
575789929 785701802 41
954181083 992421237 47
955751413 961049161 34
134403409 165721612 65
184535115 243538320 73
441387912 944572459 53
162364419 770893355 88
99552798 278896867 37
799718044 995319910 81
577109863 761648890 15
137895015 409062374 42
816706447 836876282 91
814331853 931936150 5
930963621 999042990 43
132959048 264797454 21
946107506 954266311 56
878705971 930868022 36
551757292 981599060 51
308516712 363114525 9
540476686 647385165 46
722556478 941816056 61
462207709 706856284 69
368997650 712493084 13
897603947 975389108 85
860190086 910645132 82
961101390 993839154 55
690999712 710329889 86
887521839 898977657 59
812617790 957826229 34
857605380 870014854 34
635849687 757465930 56
205986949 331986226 61
344236635 536254988 81
565803669 823973237 96
220723783 255759292 0
928282748 940482403 63
413011969 662164994 6
79216483 564797952 90
427090768 552925964 40
125154439 750922619 72
733557904 846764282 3
103525857 779652185 97
193879822 450637195 31
95048029 758493277 71
877040486 982894592 76
86539701 866107332 94
176540790 202422021 2
201704532 732722829 55
490359337 636488987 89
470359434 775328392 25
122993292 696035453 82
203795104 860507658 32
566313003 855501587 82
146667689 798720605 64
336188394 504923511 73
246186454 825565748 34
461355877 657296431 65
331608104 995667012 66
945057073 965820577 54
981942168 990051022 61
620713535 899562335 36
959291189 993091264 81
266634700 851274044 72
72823501 574885747 2
862964196 928497640 71
557155574 597511422 59
115259093 234795932 82
288714312 854975778 98
581004290 731104111 93
218890164 268549043 34
324529976 810806024 91
373037377 420302816 73
340683189 735379000 61
646227302 748565917 18
805146809 979412399 26
984779416 991308456 52
7273320 392149827 29
656466721 658408862 43
813828364 868320659 46
31257258 952338120 45
860204720 895891942 68
84671800 225560670 95
548503275 756126138 11
117131498 843753762 35
415300496 917801863 69
65128696 652526870 87
747268486 921171671 76
449299515 742617173 76
899989926 911933736 65
27797648 734828556 52
809326948 911810920 37
948770211 991519369 44
969346394 976471391 44
790814486 849978394 30
954806230 999121956 84
13038645 960460459 37
428059543 820616846 2
815091516 993740872 72
711607044 713199531 23
130745994 911691144 28
951596064 977425438 15
634190626 703178585 9
293431460 669963394 67
844138297 938896271 5
830676715 947366178 18
583018067 605026842 25
222055144 349675637 40
9583025 96923992 51
122558729 911472572 78
935661462 939590052 30
604886897 628762423 83
12842301 441730064 21
412779887 719853472 21
478435326 728368060 40
945758994 984726359 60
153002930 198058765 1
33937941 130115404 44
243464391 405152155 95
845541917 914663341 95
887553221 964547278 58
699517948 926254509 65
873083247 972537317 32
636451438 656828925 76
569236785 989889143 31
849565408 878161429 9
328322422 942427053 82
917169250 977824769 45
114032525 830986399 2
781700144 808972285 88
853101957 875778642 89
872488644 928031787 23
172578099 936570523 30
438307432 667503947 73
172205722 352592141 1
679397812 880595586 43
385132775 468888191 77
633520082 663603564 91
109112488 312257866 83
824401428 844779223 91
346883393 939025338 66
252772849 455711184 1
844462123 845100436 40
844225075 942921604 42
911070758 938567306 44
525248291 700876576 20
216203356 560814162 1
352661169 827187858 59
277513278 361251179 25
64703426 627824354 97
220493863 743945499 32
932347531 964995035 51
467070139 788257893 40
488756319 686300254 67
323923120 621474346 55
861916946 936290142 70
664274868 688490517 50
381745375 530392638 37
56185302 264901671 6
190132696 414757809 65
480289060 867083496 28
700457069 867245911 72
410844410 453161574 49
88868722 917609346 45
565024184 665987409 65
716333049 964248358 39
413153032 496890113 100
539348390 736658409 71
888700630 898415309 59
581468847 980282865 24
706345762 946238380 52
684404652 833257185 2
810084639 968126413 24
621428416 915073801 19
886329628 916849891 10
756487929 877321337 13
912493119 947896623 83
107031818 625888064 16
317006605 753253694 76
820745257 982154894 14
704124481 997830004 34
339772010 516629381 88
629668423 696828579 90
928219420 938414766 93
744953390 837233668 7
524566411 930661492 88
32379345 810176446 72
696296005 949331887 87
527812536 594504431 24
30241751 44180020 31
627029847 797795077 0
802481741 886972330 81
163996678 636113685 53
487124137 845657842 18
903722179 905418801 42
7024236 436006168 7
656321369 908076977 68
39927671 703435738 21
668795115 684767758 39
416449214 576804392 49
799619730 942948628 84
522076143 582742064 20
943470416 947167618 83
208878219 608938296 17
17503723 878021208 59
936293970 982116954 22
888551945 922074363 67
760927138 794058649 59
525047500 788350663 35
985984366 987335298 88
459704737 938492927 77
891846622 896126936 18
295794586 424092955 73
58343808 635222575 85
334984668 655744217 82
195361309 511954532 19
225278819 975496398 95
494305916 929607567 26
116130302 954886320 4
149818689 381665922 27
152859509 804214798 86
631254597 689717968 69
525615411 859498353 75
864967045 915200803 0
508435988 564185910 79
380490855 998884569 16
879575889 991090813 82
496903294 512238808 34
776757732 888243735 8
479537591 647694143 57
730987043 989247415 72
803338199 860838617 23
244466806 890842747 27
740127878 957818775 95
520485581 604577205 85
393209853 836051599 24
619465997 822399026 94
97319631 436011029 71
574707386 660781261 26
877709166 968358935 82
358676625 843808946 97
931951856 950438037 89
350586634 909508574 34
193962579 539031907 63
652585578 897447468 47
706447304 750942544 91
85864523 425166407 50
363679033 804665519 7
814989579 856811997 90
344559646 613171426 31
858326590 872061165 38
764172485 958565604 77
599605817 937392039 81
160669678 780282315 89
513294293 635105813 46
917570939 949497616 3
944120879 951066390 81
121874909 603470184 88
138771762 233211015 17
403318023 848697011 67
119832066 493321949 63
230875266 665793885 2
83361937 975813696 11
284554212 497780613 92
403866498 600045453 24
643760225 921199201 83
545152234 687464310 85
956845063 999629902 65
745088083 871838213 46
557824730 719971881 47
975808386 995469098 13
361100879 961656642 43
16071006 321546806 7
671802308 924828373 71
731539854 809477375 59
930006059 978189482 58
597860467 913354648 54
574001475 591945906 78
966807895 983122505 58
941000490 943524804 76
257189025 985089827 68
990829657 997090965 49
390778240 750276430 99
871189466 936486576 21
389110655 984062363 41
31825738 201247255 96
537479763 773888772 84
621526608 898832609 37
705369503 970325244 88
768111760 792709240 62
931077985 970178451 72
305405531 784445969 59
674907089 687534965 46
317740430 604518662 8
200593968 474833733 81
488664597 897859503 91
1067908 645211938 55
516648683 845790204 78
929880130 964479242 92
329343558 377828352 77
307852372 367821421 75
8527560 793590731 51
528409028 621513916 44
722310859 774900947 35
518679493 628533913 92
563669980 771384262 74
754551597 915409745 34
89128699 506052233 31
82789545 477291164 85
947041148 950996089 12
417714922 678139427 34
478091761 953082170 98
983407326 999726683 20
347462187 802521623 56
25523827 256507239 46
732426179 980889782 96
331296257 665802847 90
147267744 613890457 7
285128476 342956481 46
739395374 864070118 53
530090114 759513164 29
980355571 995218240 31
310118881 852893723 37
855468882 915530748 49
44146317 211502472 83
413300251 805332186 58
984971493 999002002 3
475742578 674043850 28
459863435 847948395 21
108464616 307640897 28
602281550 855821575 45
916506009 918865069 97
256355618 360001577 41
510102000 606703556 35
512441377 888756835 64
531319561 962728919 83
964798335 996256498 88
571182532 753822741 73
785088727 870257788 68
258832028 476079604 2
240203797 426790056 97
196788840 549480449 74
550851478 951241171 60
660999594 756433803 91
150721076 162142828 85
610068054 750906552 92
952707337 972481820 49
217103381 540285774 50
566861026 579123316 91
779788902 993791456 100
814012125 883706687 47
35751179 876781951 9
711379065 933659857 35
346457106 744190618 99
748120392 769536390 25
228155646 870840254 1
539343138 728844439 60
572563471 744659801 58
600584711 900887242 9
515100878 646463999 19
785675749 921483870 2
303764015 982066113 23
490684443 838368119 11
93471332 417186113 7
444065933 679911131 72
862736309 954518683 51
876245611 977289229 51
420066979 833034080 82
301646779 800116112 76
664657663 949915751 25
355803288 479590454 54
541208851 672311083 69
88584205 127693306 40
2377149 696561934 67
819389303 841567673 84
848125937 849070174 45
101811691 341908153 75
744183871 864175417 12
617767040 697712607 36
79734567 150094431 77
212155292 543289095 26
511129965 632327409 93
659452647 916606319 51
114169331 222051104 84
20593303 963981338 27
523418655 856032799 36
55066602 237281781 52
808785232 870219253 8
690493482 747715847 57
44949866 540292656 99
608835515 670477073 62
347182310 830403945 100
847311926 878370087 100
128859702 976718748 67
963156502 987975536 74
18914411 553293500 53
932433803 942074902 35
443788857 849733210 92
669546324 728721559 9
949432809 988654582 38
628142111 964138920 57
259183731 869927969 10
387396029 685634993 96
703041983 824374468 45
983067046 992916821 51
783643260 952417385 92
408051963 798668985 1
44620366 434674428 4
936098604 990309204 97
453661539 473119794 95
614395376 673996361 68
743330646 863140314 71
81856590 516883799 82
21414336 451099811 17
411716541 684557113 94
155087889 375405274 81
139695762 904579052 20
176709261 295910231 35
687542185 972792430 64
609446425 926817452 24
858591294 980627667 60
710437482 976900572 59
690010169 807570647 8
331962073 660032539 33
810438923 827798188 53
528311507 731455673 79
269651739 846691039 97
998841048 998845065 59
735681407 857962186 93
213847288 865116295 94
339570724 625035653 34
26688916 174598192 12
842269943 957642240 57
688774702 725201124 18
825581538 927695224 87
300022730 684519944 18
822808553 962845203 0
901915158 971520537 23
718286965 891776496 0
393903804 459303807 4
150166171 863169295 87
730366894 771597399 70
920467383 953198776 5
301237144 321878794 47
922955412 984659119 88
758931777 785907574 63
54976943 117359781 60
535726656 970825230 83
401199686 884717847 21
508614911 819783830 57
52090346 352354947 49
35992476 53058947 42
881992339 933627826 69
28247043 139933547 65
636278547 938626563 60
43337839 824237057 39
908450338 911790666 68
856824397 863896208 33
410254707 688740612 7
985934583 989639561 69
747833577 989433581 76
679644545 823283896 52
289536321 750238323 42
42004612 519425141 21
368883372 423199955 9
63829391 518110077 88
399527371 418949676 65
809218603 837636485 35
786391264 842770401 20
420158946 459379847 17
559440153 755741241 35
31777774 708100466 86
143935544 234828120 80
826758865 827657808 88
659198055 914509916 5
534662958 734929373 59
574856646 873593021 69
208397645 947743825 92
274826757 646523049 71
14810043 295280028 0
86873710 306849933 91
799592395 989938439 96
773043609 914775319 95
415714814 674038779 87
989558698 989610394 27
455001664 902478625 20
632120719 782491532 16
863601075 905615774 7
551417054 682578147 70
245218090 793252890 31
809245769 829119937 85
872244971 939104293 3
204544405 841913809 58
718300793 752408171 13
110327745 940383735 55
388637481 653465749 90
741474596 886999978 5
513863940 528703143 60
927734516 987656025 37
670439566 681873536 76
458439020 660551026 70
338500268 515358756 29
738102162 968051250 97
563338729 565900447 95
511930968 545666891 6
523425758 720224256 65
818905608 877195136 100
682161187 814055167 34
10780999 531565750 36
920891809 998270233 0
653391833 838132625 81
261482545 470655818 41
884592871 926678236 66
875880941 935541724 24
327165526 362244133 39
597726774 717022957 25
525313224 907815657 84
775190897 981618431 66
676932938 952053614 13
378738658 676868097 9
226729728 572414706 25
235133719 344003398 95
911044378 930354753 81
948607510 986971189 62
920918631 987128343 86
342880261 347592902 23
532771114 914618465 2
503660091 935396553 60
780522258 911704376 45
49388602 919846060 98
309588353 389885566 96
894830809 913096668 53
63530232 826335738 4
781640535 947599376 40
890537793 991128676 61
626556787 675553201 40
633099461 893728946 14
975835004 986253510 89
476243485 499565280 19
113425815 161852374 79
475134451 996112378 18
132507744 937858202 5
505197186 570167621 4
264780881 442088598 39
110778065 341014498 13
87698746 891700044 4
824059257 869202578 100
782588472 876109757 75
466926748 548615387 85
514057901 730606763 13
472313747 667703882 90
9648544 158845348 78
340950620 385255034 55
958523964 965072852 66
492648024 589395156 14
711639407 879115739 6
764082289 799921674 62
547322692 568211921 70
330478152 611823813 81
29813929 462431456 60
483851956 581095668 71
280369046 565806811 84
164831183 294280688 32
240964509 645598064 4
300273263 982210121 74
266880242 810188060 33
140097291 845449818 77
297900261 730368025 89
944151030 948756802 94
909864981 941760355 91
32329486 991763252 65
966394138 978479097 22
439940831 517375158 54
469078436 579836585 65
273758320 915628994 68
641320175 862581191 37
169509274 182071474 60
783640029 938014931 19
515107126 575092188 47
195680292 399584642 46
273369905 908256928 40
961651365 963021268 19
47473122 53534035 34
689163775 934467303 65
586477390 999038054 76
586066442 599065893 21
967540025 972091892 33
496864518 507783468 62
842692739 934352704 69
456273682 767568951 71
26710702 369858376 43
822384978 934034907 53
643915126 931339874 86
373489650 465624739 40
339317290 879935470 47
784530163 834004926 26
14831216 843608205 1
101177937 458735180 26
23006879 932781770 83
532803419 835410175 64
170643280 588341522 76
394746551 640852313 27
881279846 930430294 52
314656550 398282912 22
250181453 299258029 32
511499836 595808312 53
544844961 901572192 3
58083613 618396395 4
167271048 578793673 30
898978199 987212784 25
963293476 997670346 94
578874855 896544042 58
83740788 575856189 73
464220440 505152278 94
621654530 634417519 10
610159629 663930826 74
710492665 997203865 12
538173886 746162388 82
94244449 703240972 43
71915999 896865455 51
923674345 936959418 94
305889479 376339037 68
396293871 810055305 50
22633232 199125389 71
751634441 822548541 6
695935519 850790981 73
6125973 550097865 23
991674581 992955194 96
131784931 359552659 51
169006937 340537708 9
469953086 602139639 19
544169215 597069838 80
809577782 905196248 66
153627837 432050564 14
63403157 238589240 94
9565809 545577716 33
936135053 994548706 38
314869127 749588955 98
14270670 579331041 42
199662753 681257745 56
28299445 842063986 5
178940816 477072783 79
851659289 956269800 47
848853506 994279602 16
238717055 423590509 46
459805272 509808395 81
26258301 297460219 76
855833492 975671117 48
111886523 186551350 93
706680325 919206721 8
148472059 929490760 55
965092121 985803302 62
441294180 921925902 27
779560500 945179376 72
654916133 674291310 41
5264 44336128 61
676752020 837160703 80
757494953 963508167 47
906628960 963832516 75
790621111 807718789 64
627044676 947572214 54
556613934 738528531 0
419243643 548833017 85
712143130 937504405 25
617398536 774949418 48
724523348 843932269 37
796520840 991130247 96
293179047 845094354 31
143343422 972502717 96
586876314 732260800 26
873789838 921180811 25
290179122 345440874 23
924777789 949921894 32
889433844 914870646 61
535398020 776827187 26
259908957 644708817 5
131315322 349566076 46
741152420 754256587 6
289762704 916252467 20
348042888 812639222 73
704764356 991919129 71
614704721 628197603 74
307965528 456953986 16
580379324 728908942 12
364152331 509547927 31
882362936 902342384 62
458901263 485764764 86
635987458 972406987 32
234004383 715330721 87
719002066 744023568 50
220336277 684067846 24
821413007 909163569 18
137507714 828530525 93
198781288 795195507 54
672891487 804706396 85
408012508 769458987 57
958036013 962038290 92
336407205 426584467 33
521716551 856534982 36
687026242 958385279 87
742763919 743876471 74
845685396 918157065 42
566772030 698122719 91
726953419 947388716 5
712127392 839290492 15
618689796 765022512 15
224066402 794111270 76
280303838 684055528 14
994115347 997766675 13
960768348 980941127 41
100059045 610434418 64
53853837 567665026 81
16088017 156687988 4
941368575 944072996 21
581752928 875825174 25
83559035 588651714 77
696005530 806302439 38
803675208 916815351 44
525363801 802776170 16
108452754 349236253 6
556352292 898551041 89
548515972 759896631 93
70495635 451637717 13
778948803 876889107 10
227176423 476818869 50
717563264 841501613 12
486983411 729550799 15
505500013 774954475 15
184010027 925958433 8
937974022 964423255 75
660196219 757758058 23
419805879 590516036 69
854698527 955296250 7
953953319 978345468 67
392510731 931537522 23
758041190 919751093 37
674511507 740995478 22
22370193 519573919 54
82256353 149203702 15
48237996 115682916 48
772461442 999873847 60
846052910 981079717 14
354592916 404098322 40
335376041 643265665 100
380666269 539118730 99
62288803 827118678 76
434115241 591708251 25
228346590 885165903 90
145626320 694286859 42
465765397 800588046 58
995178660 996970555 92
468121691 882856673 9
710378602 901666218 27
125285080 675208177 52
327944601 426593033 93
402121753 723817965 41
3449802 836094644 72
836454274 918003284 81
196362452 604577685 24
813894067 817299919 10
540329036 914300832 20
301023728 422667744 95
854305322 901069941 0
595159679 759047659 28
627246267 766138923 1
959620156 984912723 85
533392492 605442042 27
257862328 621008480 57
195801529 708933581 56
369242627 633309091 72
845724208 928914666 96
584619881 707251917 89
756092641 841688279 0
750678293 904422856 9
962713456 976380552 93
103209158 294228612 53
480131729 718834229 82
531140870 907638373 0
463609371 470339444 82
915474900 926530401 55
121433272 768508701 44
773631383 841363932 81
301844303 968599140 25
630118810 805291496 56
839902991 950405119 52
916410088 965986003 24
489495562 614695428 45
617812916 799985442 5
100618856 355726065 20
104757031 699932566 54
441203548 707919334 96
100568609 868148313 33
848333060 923986600 39
545755296 574577044 64
518840494 924837920 19
618661076 746239423 62
39967663 444381559 40
842435891 884554158 5
25590120 45413048 60
574900640 924989004 6
59794833 442385294 44
726190585 924060102 50
504137692 664173191 77
238362646 486593978 40
779686521 890552781 47
933795754 954123138 83
499837975 711358857 37
703670136 809845151 45
27154636 694076100 10
599774665 870733178 39
536054428 628995116 44
290151021 752927576 68
36389816 625899698 58
520075940 594172097 61
769100602 984525407 6
157427044 564384260 65
92506699 701998205 44
524843607 573089758 88
555645191 822408528 21
621642459 628808407 15
295880910 440317777 75
891900134 923961367 20
594987482 897472890 69
618967466 828165785 30
507119342 899440500 86
458293318 710772834 78
481338603 497686686 3
362078734 873402326 46
831842240 931607820 10
465720268 576275872 32
446325321 618351731 66
652887257 696414008 43
560664850 695603558 98
577650402 730821490 68
773229237 849145586 51
61071702 755838035 47
489194222 645934437 12
633494406 908790229 10
618452455 961156292 27
677735125 715426853 76
185316420 885963551 89
152385630 859060335 46
569657653 624764361 45
594570884 998446656 50
355044182 608402417 83
593108008 594702207 18
615138377 935761980 9
180408154 651825474 12
554419254 875225723 65
76374713 941979650 69
25541541 839661521 18
554217736 574225425 80
698396467 835083075 87
578161493 935083583 70
73403523 222452746 62
812968274 941452369 34
651321468 976833357 100
251578168 805500276 17
129138022 707973146 40
449182750 611346981 20
786252884 852626530 97
377147198 698410618 9
658048540 772735387 38
451822879 451832160 14
305773415 925076060 32
97895482 441782293 9
88650785 776679055 24
502875734 604698413 29
531172253 959307611 79
551555964 682681021 89
373111771 591891371 51
77496788 897366443 10
458143063 715696091 75
937479009 971852555 57
87667915 991494283 18
794675848 842979164 32
544204757 626835081 26
853035380 898035342 62
818315815 832637053 6
736082015 798433356 51
155708811 407694877 62
814081355 963919462 18
358614299 848131164 42
660437631 998228193 91
301410551 859190827 66
394247969 711385307 47
335345791 627765805 26
51251036 675690868 37
723132930 942367304 74
417258885 875556612 64
307744989 743347512 85
895976335 929880016 58
284883376 463624499 82
723754131 821130908 72
544562040 995749016 49
408535157 840282847 9
540242314 710501355 8
229250229 457445911 48
518887911 554841729 57
212491434 903013846 91
20787333 155696495 25
767071893 951982068 70
39984551 867841405 37
965862265 990267735 82
58047707 456532179 73
284205439 954147578 0
628025871 888170738 40
924010681 943458017 75
893330837 991058938 17
412036847 646172329 54
722961999 863126453 46
83744396 483115630 18
274924747 655313128 41
130244983 770891023 8
123510248 779895033 74
153647107 841843322 4
732428917 770098800 94
501923083 914228604 56
186939288 455670637 57
397018805 763261797 64
984937601 988781233 37
832056814 936886507 76
70998411 373254274 87
292740411 587353737 72
700066511 767689582 44
676010316 776855283 56
703130405 915874533 51
272479259 770251724 3
956226714 990012783 6
701454238 892499164 50
991402963 998632033 51
301965796 591165339 13
812008269 876805224 85
333383474 965076636 50
478115399 563587220 27
106436097 809696564 13
851269688 959762885 22
567426656 800094559 100
59717080 282976085 29
595919498 623491968 28
21313825 528788041 55
915760781 969435042 41
370586638 670791184 21
148138505 658195681 66
88654841 544051611 17
766128388 794406128 77
409263360 638227867 30
510690396 956337351 58
690178784 731988034 71
347355843 879115105 63
639077806 709666442 27
291812924 483760600 97
988714226 994949989 90
644133577 765514286 39
221121427 812362976 66
995013957 996659124 76
158836384 577699085 80
273658642 882934546 0
407001401 440830350 15
408803590 842451629 20
366483397 369455745 58
239273280 317609823 54
233502598 801465118 42
321209430 569212335 26
36227639 528704276 50
781415008 944811563 97
508189501 610379179 63
407727420 992366285 65
329301716 733840659 8
823542458 834782998 48
213783478 969913213 51
807839149 933499249 28
680364124 706211326 81
307072978 594248993 18
816383371 880527620 74
905237278 925981133 88
294451705 799361447 55
707620956 720556106 77
904532795 992653107 71
510858296 881966663 81
716424953 954320677 88
765786785 820077852 82
494735623 799014446 99
404575107 821833898 69
343924845 749498051 31
596613301 895799673 47
121845672 972579871 29
777210312 987528354 64
937140922 999013701 54
229832313 614489420 80
612332321 743453950 19
355128424 718289623 78
12063029 749579840 66
919275141 941325404 99
353199951 606775522 57
485311567 841148038 97
978857945 990716033 62
546873969 939931086 73
242726922 871024240 52
127999097 815216203 58
726204407 909646791 25
527423656 907464251 35
523815366 751641388 32
381007341 684011641 69
383427893 699358802 80
951862454 968392852 24
379151318 392488236 10
438578868 783650342 58
130907164 345063552 97
401182680 787518819 37
786183917 842428794 42
815289788 901764552 55
794007278 798188958 35
249182228 571201104 65
333848253 773473960 44
322253911 425996151 13
104997266 275865103 3
681573434 896056043 22
792121124 805534928 79
10767970 936788584 68
347986955 402558542 24
218402688 516562717 7
79601385 264779691 97
843723618 984112029 27
920392675 969619455 42
887245490 913549462 78
786981633 969264435 99
706235238 772558263 74
709943698 732774966 36
416487147 717956384 20
137139632 625508669 84
788924625 861311790 42
574551282 689675950 3
483860669 647598970 66
987830433 994195637 51
31116515 478425176 49
933845464 980070517 79
400508067 842934269 28
99848317 684432893 31
582615038 756480895 77
563840078 693108719 25
519363672 852822999 49
541041526 889842251 85
921923231 982014895 98
77969394 428150829 71
739171296 805407790 57
419841405 600161879 33
605100718 784565404 69
655380607 750433333 76
149156888 792642853 17
186432026 428957805 13
803611588 808605323 49
58155270 761097002 65
228221387 657319851 79
253381524 347902413 76
500584493 876666874 13
661866901 721572441 12
779697913 968602807 16
314321957 652282825 35
591399020 937094095 100
616048062 674800887 25
827306113 965928231 45
553160875 674274735 90
782355984 801294790 40
89423000 864417714 5
701497663 987444653 23
219606352 791585609 23
411095975 925458003 4
775147086 954189548 46
740059780 867658944 42
289915245 482696581 43
54019132 113987227 71
95854316 788114412 96
847219278 886584907 40
483120840 550992754 89
867257444 911684525 60
121437436 216816526 98
620838785 698682756 49
566609856 708246445 31
656802191 698977601 81
12566768 977312384 3
110313577 184243169 64
641420819 748210257 45
488864675 769049933 66
761752072 920080624 59
393122481 962528506 35
873163555 940548054 61
417427617 565263413 6
805942941 888153431 66
299185754 714298950 77
93536963 822798329 48
