2822
33 103
219089 194879
191890 8159
16422 196204
186283 124595
208531 117806
59575 46029
213278 91888
49027 159058
175824 125262
202466 62958
138315 95775
120141 266126
8163 234664
117582 183541
114938 14560
107235 131897
124481 241123
93497 26693
26195 113231
186095 149736
244119 114104
256478 95917
179464 126707
209166 241568
233897 154711
11204 167968
6361 143082
129051 147314
154196 166887
104819 124103
86803 187517
28568 86685
37967 226783
141338 597
77724 49960
264416 267855
228974 109739
99352 107021
13673 250819
279126 275797
124668 270532
107759 60403
173358 87587
113880 85961
99489 284716
268119 58184
104694 120579
97124 88861
277101 45363
128309 149342
80175 201083
159759 5560
27190 101244
108458 83500
85144 160524
64618 110387
175267 99447
233335 271445
35556 102474
193218 32147
263392 114964
7370 146576
130564 200416
149925 19964
126514 249893
117734 254374
169238 82553
44753 39253
284160 6074
168563 16341
223492 186818
130962 11509
272915 272227
232282 189976
140771 110034
79904 263153
217705 54316
4433 75746
31545 106351
165199 99211
256352 5134
61145 71376
276047 82414
4835 89013
258802 134209
91540 178649
242952 102459
1632 191974
114411 221059
154216 234456
261406 231411
256580 288763
163354 71353
68574 285346
142366 211830
245194 263450
220966 136109
155762 86168
30824 242097
93647 91136
273285 19924
133784 57196
47887 219050
136151 34316
172741 72153
225356 233253
212056 153715
72801 288205
57649 245227
128227 9917
260 101556
244229 75929
14952 42046
270252 42629
231790 50852
53158 228051
176871 162108
269728 107268
81561 149870
14152 237070
187647 136314
179307 126230
101159 61969
272235 233056
37861 101611
212319 191130
160749 177583
98345 34508
187551 56541
196620 56744
9083 54981
154271 213159
33219 273051
280423 190140
192718 69943
223022 288097
29127 238316
135749 129616
84914 265614
99374 75135
74858 281807
16209 94548
281830 285056
139415 160597
188918 184892
213308 89166
47998 69324
274812 128095
151316 158934
233401 89640
76007 218355
218744 279921
133559 262328
71502 217847
143887 233608
100550 232703
53806 162227
241733 95988
140642 228702
23046 32136
15198 235807
249210 2548
227264 66462
284106 83854
147967 2424
126328 210490
203261 161388
128108 34650
50908 113437
200380 146940
62561 254359
138335 192880
13327 87352
25609 73978
192788 169210
251098 184054
180064 166309
170979 160075
246644 201098
252374 65012
38363 206458
142935 44531
77700 280952
205115 199404
170594 73586
195197 235176
10336 283775
91183 232568
219799 8003
48904 240014
116201 53309
52228 136595
253631 268006
161182 214520
46682 116947
104784 50227
98308 98162
111435 106355
230893 164725
147972 215645
183062 174369
276206 85250
211931 16152
271420 85182
157926 155652
177291 162601
200790 50087
76654 76840
278802 13977
168459 239573
251927 46352
44475 45760
76959 19403
275814 279145
192862 172843
250765 26289
85908 96530
63382 223267
187358 195696
264656 207142
259066 243506
25475 172834
217849 21198
60505 192180
67412 83596
284634 148690
146653 199170
110120 105305
154998 46456
107469 12877
249613 158185
128220 262505
46967 270645
234080 191395
92830 273764
156455 94831
205279 159642
275450 232294
47946 181426
56637 95688
38036 49408
187376 100769
29335 230479
80763 55787
69971 105370
172812 27484
17298 126127
60822 23506
60125 110335
241696 129536
185473 277991
10576 91097
211108 29098
92757 182764
279969 207421
249499 244950
214550 69575
156582 255620
135858 148097
150622 201293
20036 194073
6179 34791
114931 47075
264493 110054
85339 15579
229182 250240
253526 139527
155933 99420
65467 247869
176495 99791
63168 138364
11925 55440
278402 73390
136045 288774
102528 80794
179443 220409
37518 125662
212253 210173
65222 44868
212301 66932
33280 20177
287575 212497
237590 233532
234933 233762
252054 24827
265298 174624
191421 5781
240263 170834
224607 98361
189067 223644
65811 218170
149746 210542
109812 165273
110204 69350
156527 217508
131505 213990
120065 273440
226831 223511
139278 24417
82373 285732
209744 24997
208190 51678
139645 241599
40007 73325
287750 100604
162479 131125
212383 222227
120165 120597
188562 260151
278433 115797
80144 242532
210207 96236
207342 118077
48617 15205
98557 204891
191405 268090
110963 107067
44628 114273
186370 108137
241180 212784
90455 7331
137376 126600
34503 233251
5398 88508
4168 100745
235664 47516
98599 245195
63921 260185
142674 75995
209745 171594
159611 270242
141975 29127
131643 74807
102091 275906
168505 226637
164417 28478
182925 228459
56963 93696
72173 109633
278002 80774
95253 232844
154242 12421
65822 238741
143690 180318
35060 94938
22878 141207
255008 177046
87768 280202
126254 201219
68043 176549
258172 262358
48023 223698
250799 265602
276345 212356
212271 244644
117415 162151
27102 134056
185132 258551
156627 176218
238151 38882
82807 149204
24484 171396
253397 214617
39685 234665
70789 212904
102403 63324
93367 48683
262676 29606
19144 63752
199419 23129
112209 146005
188873 192981
257712 166219
104886 218114
135851 163264
136405 186936
220503 12152
170712 145888
108206 46798
80850 240980
156656 232898
206648 198364
138111 202175
156954 211217
95446 187369
141790 1969
280351 73510
6312 213769
118303 18518
32008 48787
77650 148644
78751 151220
980 111166
182356 135770
79603 152955
253481 156066
142855 281112
42660 129916
281257 58700
248689 251047
183180 52202
197816 172786
186208 162183
219268 215115
103036 56247
278308 111568
35036 141977
249866 214425
10456 212991
266387 34634
13583 16881
286707 203350
150999 90614
78569 10738
238143 207161
1407 108870
273031 37569
8462 2385
80732 20766
286354 273830
104265 171849
58438 172376
90679 56207
235217 288823
90095 285344
34868 237888
231820 87560
192622 183302
161905 65878
256945 99646
87858 258204
15311 221609
258564 260771
78861 84126
216661 64198
86908 49287
60108 98094
10883 187009
182050 194020
197119 91545
36314 98469
145187 7061
216432 196555
6582 254601
286924 128222
245071 153040
209635 154064
148222 98377
99343 156556
65075 249667
250057 52845
243905 253254
130572 151394
246604 249548
54401 246474
39422 92120
5389 272162
273131 254803
171408 109776
182957 114015
156314 168989
145779 170032
7168 56763
267040 127642
272575 12436
136527 2280
222388 234444
52674 223246
21599 158364
3326 281885
84110 256420
216217 221787
44074 284989
175845 139284
42310 285205
51049 9642
225793 286643
280659 251547
51565 110344
288822 69993
55956 104564
880 58161
30715 150699
116871 56516
168853 39049
131401 132206
29345 226282
64736 61595
264477 40622
239467 94546
197304 268596
128736 141687
252526 257143
144545 287717
51835 41140
202070 215385
96286 282709
279534 242674
200436 136188
179570 67005
79468 119941
14638 233919
96035 251568
104734 179545
215768 13613
233919 24773
200699 193604
210082 39392
127933 235359
165675 153088
186302 238319
18318 25359
148706 189592
284153 17443
4297 267712
72365 1821
208358 236895
248056 100405
131736 45936
117058 275809
175954 126666
88198 205991
193441 86191
205103 227977
149472 93428
86863 245191
151468 181329
156098 280356
6087 214353
263786 200356
185504 114984
273286 165287
214197 192486
263480 149623
189257 204073
15005 288111
208125 249342
244765 4631
215059 120868
133879 274158
35501 235573
177681 215562
21869 25397
80562 186308
271889 34629
77337 80459
125864 103234
129461 34836
236548 224309
264923 161956
12162 88020
80336 47004
149656 212587
51828 123978
203628 134409
215238 34834
147530 120385
192130 288407
11098 67091
199478 267113
185576 89300
266017 114594
177852 238242
274628 56408
15295 162413
227675 179106
53844 275084
53669 153129
140569 201088
71675 163973
121185 147633
128205 207485
177361 236219
278371 283222
205024 249746
129293 156613
282566 102553
168490 125506
283803 196031
240665 232995
73691 130664
229665 207933
89160 172502
13005 184823
161732 34746
52681 126061
86231 178584
53988 101942
279206 181884
116678 94275
42274 23114
102009 116360
185639 247883
166102 42202
209406 266241
276448 223694
235480 167338
275593 103427
269681 132049
288646 270279
265359 214373
89727 121360
185050 127816
189215 29752
75891 26202
36340 17817
10901 222259
190506 221599
146841 61036
100400 280644
1993 230647
34743 258983
60866 95332
136736 147223
55404 24809
257427 182193
234012 45833
101777 178836
175182 99016
216909 64668
113741 100633
271615 86127
210119 195489
79195 34341
182767 272408
47606 204988
49429 218793
194317 120565
50925 251148
170105 62053
257184 289192
227786 271437
41714 216857
124718 264080
288053 60717
219972 22008
68066 165212
274214 192878
58375 179307
152461 86130
129663 127071
53079 100439
62540 51653
206520 181291
213884 186068
233141 51868
20700 278558
38496 211550
80785 132579
225238 96791
176410 269708
113974 251296
267286 42644
171187 75072
102987 90492
65747 166603
180410 76860
25220 180770
262809 7940
135684 80216
242150 72945
93149 222368
167376 36974
224843 42024
87984 228815
244509 10367
209280 25016
236119 26411
122460 190718
256375 76429
63701 59888
237276 9123
180318 3394
272844 206521
132483 142593
221101 87654
207703 26235
77662 4244
95227 137333
197825 267473
42381 136464
163729 122288
69388 193784
32296 96280
58637 7518
150152 149099
231902 251776
97488 78308
227985 260178
138807 36382
161262 282170
253363 283134
152463 282200
30676 177473
272732 204963
46684 34330
273489 139560
630 1063
108297 204452
79120 68334
116870 195469
93482 225599
281410 212917
164841 84611
229510 183235
95856 57376
265661 270787
110931 155034
132464 129841
102859 266627
117879 214630
190655 44973
48580 280272
285807 24052
148707 260922
204092 122567
35346 223298
138110 187
77883 86622
22854 245659
193945 75956
99283 120798
133701 106682
213980 83757
246260 176262
179514 111582
260045 216873
151602 5474
34308 83610
191916 253189
120365 256393
76530 121730
80510 44773
222334 187178
132422 13117
152181 62963
273190 13556
44 246946
157419 285240
177315 203984
208420 180353
116429 238198
261386 46885
287797 48231
144157 10720
198113 196388
76411 45683
96450 67175
89907 68223
76731 158387
67192 98578
237069 116777
283570 148337
50158 167462
138484 208272
73687 127470
261499 179796
101098 119220
99001 276690
41428 209831
119674 89082
86933 15206
9267 257544
86648 17481
135976 97315
157606 33172
218454 85573
8987 265167
99685 256936
51654 229264
124270 98154
3418 32813
168467 192634
77619 100175
14446 141462
148569 238143
30747 147455
105939 63055
280588 269050
42045 9973
25459 203133
251308 118716
215545 48970
201184 111652
83883 150543
116270 277443
137347 138990
129907 139920
225689 230710
286691 261382
175141 77171
128030 279396
71108 82889
94653 2394
277021 273826
462 38966
231866 16897
249253 287882
33744 124036
155181 176060
27467 117724
191586 110957
247075 210661
64232 126179
24410 65913
132870 236989
31432 64128
90752 9850
149978 233573
84174 62028
177772 15218
277625 47272
89062 130603
48019 23763
158389 244272
170661 71672
280094 232002
119148 13438
281443 188464
233615 241330
266845 164407
250315 113606
6643 45203
26795 288733
218015 121049
285626 268754
172854 107948
263153 273279
231227 85726
34230 12236
68654 204181
151434 47083
192334 23409
120901 210541
251996 270541
119212 51709
42864 253426
196447 78755
131125 245104
162859 58531
154923 17976
10635 249987
109408 2609
67806 42055
226487 251577
104518 62247
200739 124470
110189 151607
226355 5740
191608 159242
232051 46240
137290 37885
46960 73706
58111 143553
91293 64289
143718 154815
50340 242852
245757 287626
93374 169081
94530 114796
284927 136393
142525 125806
265100 180751
1574 11244
248001 176164
226849 197847
201763 99982
10438 112596
57062 45371
15035 245861
63464 218426
138745 281842
205033 72566
25610 281941
283559 149663
127974 187457
148183 164458
19196 209298
161719 4687
49068 277355
169204 112132
75380 115518
77909 252468
81523 190983
156298 285315
274538 113633
198968 172992
173691 21692
107121 54711
67214 138825
108250 264642
40570 45628
65061 23242
165502 195797
187354 87424
99761 253139
14111 239338
108385 2140
15732 184091
229689 211378
70066 192670
45911 160099
194206 41971
174416 222363
274944 68402
273921 285124
137684 168321
196933 268904
205588 269680
243964 114984
40177 129059
271030 146211
40464 3311
168364 188057
11168 204299
256160 169763
37157 250644
255216 24165
46914 123848
214566 261421
115133 1176
85683 7059
136530 39577
124811 186179
130989 114836
104489 154533
41021 157843
238599 239137
99800 249410
179510 99872
226753 158792
10900 59105
7521 171254
268788 31563
132659 137533
171306 52594
256543 160088
162745 119719
74296 247920
167111 174261
244787 265761
225145 242033
68135 89599
136948 11282
288539 58233
35762 197535
188593 579
240875 69855
3959 135499
161487 258795
185795 89376
235363 198697
273110 154015
11400 150912
238896 110276
67342 278292
166016 266066
137956 283253
70925 10678
114382 150167
96784 69221
60744 102582
10910 213656
189267 263609
243219 265907
120687 80496
59796 268888
150812 141720
160775 230583
129096 67545
165357 3899
130010 10975
139098 174564
139993 143406
251378 236459
10470 98102
192348 217093
260203 128205
242042 286211
180339 251049
95769 165843
268310 800
39035 110831
133032 181057
272004 204002
87087 252900
184729 64373
75724 212672
45509 61375
50264 198045
78494 234819
80782 123081
288915 120012
31936 244076
249222 139900
212686 215298
121920 75827
47420 53073
35061 197910
33923 68575
162645 98432
36206 138832
121989 26414
81385 98843
120180 35269
246057 95936
238010 120566
261586 171832
248043 185302
52307 8953
69817 265011
130792 201511
65729 50741
14367 155527
177748 222299
106403 228210
279309 287370
254175 46854
58404 273529
254689 117142
35877 67877
23793 112283
239295 200277
127844 54773
60216 95478
2047 102772
243814 60490
214189 61732
209906 145868
248733 216048
223742 25660
140226 47636
185176 191093
223120 74476
23552 89408
129333 77123
148764 243960
204808 19960
278170 104072
97034 152987
48390 34527
43809 217747
96888 248910
230482 26045
39138 240972
94409 5584
270124 146597
261043 183366
200636 195153
173675 148711
282851 162849
246157 10608
1369 240451
174183 116172
194256 220474
102865 198206
237945 28059
41293 223060
96193 101077
25691 277436
92413 189362
39272 159539
17506 273587
90219 165432
105575 46234
38760 12604
232201 106751
142652 17195
153091 219137
36990 105391
86763 7063
101576 154972
67024 180526
31588 10722
272941 137031
243462 53055
206726 28447
12256 187815
154179 21214
110357 191345
979 245359
180308 167520
233445 189461
266173 14433
241746 177274
77441 35629
156013 220806
265977 238667
207791 61668
174474 61454
149827 168293
83888 67763
86555 33070
220290 19418
257545 52637
157290 263908
262283 287285
127586 210711
256717 97891
88294 243230
20940 89104
124232 283204
149527 179492
114740 283533
26574 549
59770 276493
47841 113004
67544 111220
134017 29837
89261 25965
25092 83544
111812 275998
128165 84088
171487 24408
242847 191283
97863 99166
287049 263388
174178 92322
277162 67047
278337 259768
101871 269574
28749 191349
119324 108105
79884 88348
1137 128309
174434 263107
202342 203063
114483 187033
42385 38478
218491 216989
140842 12667
166021 266057
107985 110821
117140 102188
185706 182541
146462 92260
156990 181543
170895 209210
152771 196425
38803 214610
71767 210779
37482 237870
113509 219210
236972 160555
21372 187715
121699 170967
136923 81194
204178 155410
247778 262640
65031 44524
27752 273653
27164 61967
69496 231056
240763 87954
251282 36942
63581 161108
66453 88097
270728 195216
154745 9536
95345 134392
226179 144398
246862 67007
285800 222550
150317 162631
272427 205169
1649 261113
194697 213315
39962 60703
168022 185739
224506 8630
16040 159160
26753 39233
87752 89901
163127 258081
288462 122025
33197 69661
78178 256389
196135 37887
13557 15995
121879 228575
203715 56236
279150 200468
220313 137692
129570 23245
187289 41823
123690 75410
24354 119697
171367 196223
83519 200777
268090 63034
17998 56298
108166 125698
121361 96644
137610 189605
4451 16584
65078 266653
137036 214517
274429 26750
67613 68200
58036 122663
243708 195316
92379 32329
154022 61441
68209 109030
69829 154497
246589 8695
146917 264263
131292 40742
89478 288286
271828 18093
54144 283005
62716 118990
229700 217616
40881 171555
157907 119593
179243 209497
194868 111243
71358 177692
100982 262067
3757 205858
144914 72198
210147 159946
137238 63612
247219 221707
261523 192239
137500 121812
196736 4384
3801 82978
265788 146895
162936 108003
222187 287296
126886 131128
216093 46928
101283 5084
28490 213985
68834 13379
51982 136563
128780 176281
44136 52893
150522 260347
106955 223839
67803 96208
107301 159366
141222 105604
265471 206825
233486 230511
22947 278358
121112 175050
109781 287576
56485 193665
71293 279540
185680 164454
235063 88695
41010 65418
69809 204864
177499 66041
151761 69935
57898 144534
257960 79576
135352 73922
143546 148701
88713 186366
144523 49242
103144 88212
60115 280095
215846 18946
245257 176625
63990 130198
240072 237700
232853 36092
156233 105215
34696 175406
169669 62157
91910 190643
133991 50795
201313 178335
247421 2989
172890 258286
110884 60088
30613 101250
266014 147438
169125 120975
275404 183988
197814 271055
221674 32738
171590 185601
136757 56180
234607 132426
241110 32230
15326 122588
268678 10374
276362 279979
118189 170456
79374 9003
13607 35213
164242 1254
136794 283940
172771 275104
191150 167846
110020 225918
200617 85269
208562 266741
19154 32606
188111 94693
27652 43837
115748 177325
183281 27243
245124 70547
287894 188600
212332 231568
106889 120950
42848 221906
157122 250697
281741 6968
31272 237093
53110 148240
96724 79035
136844 233546
79549 241933
79747 223557
46787 131029
16273 158900
193165 205690
7154 264045
21993 124792
219447 161339
238141 222619
2873 81666
230748 38682
4223 254842
227193 111275
268067 11268
46409 234170
161608 42678
257670 240985
6699 21411
257849 201380
132929 235918
20847 288244
194284 189023
57544 128265
157016 6567
230740 25029
172973 254719
154461 53157
128259 196447
184102 61294
79623 169282
201620 172803
129071 125629
228756 58941
157701 205757
163470 127669
276051 56228
78871 70128
180852 263226
230468 149745
34925 94041
275362 454
123419 39969
33563 137990
275742 277650
133268 233628
197741 91959
239626 145132
238874 18547
83138 230753
281399 143193
64523 148145
12290 45883
190399 276965
105449 257478
194365 125265
223415 249434
18677 181395
200059 179496
143877 120229
37555 81704
21555 225752
138051 169147
229852 174032
62204 114191
149192 233579
6521 139449
246282 26806
106579 54206
165956 127585
94207 192157
224852 40204
275699 269401
236977 255135
16298 63957
218987 115241
39207 36762
231541 58576
103657 77601
31182 89750
116875 189084
48250 193290
117319 204145
71103 166492
272398 273094
241705 89906
144769 109298
123915 90366
268969 51490
119839 192973
49769 102370
17358 100380
97990 24839
201707 122685
42127 21778
107294 64065
142395 85168
15705 8864
154911 264944
140917 86972
242273 254429
160028 88415
30905 264893
255669 213614
150621 110031
289099 32911
237838 285735
67352 17945
263724 147518
73959 150786
115578 288399
16082 194675
156217 176974
120471 7054
20149 160497
73576 81160
5892 32301
143602 229459
80130 196940
33652 152605
283977 159342
128810 92088
230597 210068
263512 156983
4175 171915
23400 272234
17395 204726
131325 86712
147768 197029
238144 38469
250499 160656
138404 107726
93304 671
153794 60511
46034 70415
80260 133376
269062 254228
10949 20836
169065 126713
279888 116595
15462 81076
51700 33000
83914 144121
165996 9053
259733 179540
249902 167832
186412 230156
214840 105181
162527 103692
205946 179282
65306 124272
158846 234583
159236 131944
170931 105194
175084 55067
40283 279597
278352 233780
55176 91025
149494 246801
135073 257214
282219 216466
39208 142600
186086 263501
243117 251623
7617 47413
13220 1138
170378 181096
112976 221226
234503 282822
146636 187620
30662 204010
74526 234227
101635 203227
91561 72637
258344 69395
185625 205391
146287 267444
251607 86941
282839 65519
192757 136597
205914 275009
96788 215044
23188 57455
78290 219862
11398 164670
233749 34447
238517 79724
242568 185295
192033 116979
71607 110103
132450 153605
4524 198485
163201 43818
228866 155080
25194 282651
42866 182990
273747 71864
110932 217628
146032 29804
211170 139640
120975 281486
175299 228599
41764 86349
79842 271880
105151 76125
225734 181328
26141 132309
168092 182708
220135 183436
181831 198386
73021 243456
8969 24471
62468 272366
284406 225036
191206 264944
118887 178280
49839 61067
58856 245264
11501 12449
185518 267971
184842 142054
125348 125955
163259 251438
145530 288516
112929 234655
135290 233075
196061 280602
121981 113615
35988 56163
141759 185362
237070 259512
248185 224492
843 164685
276726 277679
35431 260297
99962 220060
255382 99350
61891 171415
283063 1328
213428 164914
108392 50096
226727 12727
109990 196276
176251 227076
275070 234274
81889 159139
157983 264363
11124 194890
128800 262895
59713 54586
271024 276542
165830 44281
41004 272053
138032 272582
204048 143739
195185 266905
221658 98188
42024 286491
3954 159499
158550 186519
5839 152064
160149 280869
46015 114174
135001 218681
241186 16845
201525 239080
33845 275528
147030 172472
2868 125833
163069 153377
228805 237391
116763 216963
74196 251112
195516 222605
204241 136874
89016 79927
265658 283913
214515 6585
160761 217265
195081 70862
245017 109071
178598 32559
255120 159120
44653 118515
29711 191645
255218 14416
12189 193399
94088 218958
25723 168232
24968 262615
89210 144565
120363 69308
60794 13921
80171 238774
275454 100581
127488 122220
170606 76492
256777 34645
257629 242142
184212 201668
78954 134834
175710 162133
26306 48557
246442 22918
278603 11690
202957 39396
245292 222277
253476 130552
212817 245214
48427 85940
100475 116558
126339 8729
16253 227648
250444 94514
278647 118162
7909 125732
226545 250279
168108 178780
278260 55880
148599 258382
89121 124442
262271 248102
219800 178958
24695 25570
142348 285123
238999 56055
92480 223686
212627 121554
187595 23728
276244 169648
245593 57919
218595 192979
175600 260792
250739 163734
18668 88108
232009 105695
26472 154867
123731 227225
284041 93379
283716 18224
63842 278311
61533 194860
152644 173587
12247 186344
280123 233897
94011 114534
67539 174369
191814 81406
262309 208742
157655 122787
81550 269197
199109 224829
93941 116622
218000 181071
177853 217238
155149 275577
40582 203644
241967 192313
191043 130969
192390 122441
28399 286969
274076 59424
244327 173984
168558 33576
250154 230553
251914 82798
107850 233315
270093 255947
149 54980
211772 65218
237250 32173
41985 204649
127528 237497
43375 25497
217643 62601
61623 25943
285999 210820
32389 72857
96760 112298
194172 135180
84177 177568
209913 137027
191426 178881
276260 82643
123864 153061
27352 86180
148931 282711
147656 39755
96996 72953
51998 140274
131172 137033
33886 130843
213420 204294
93927 73011
178532 193740
286796 86898
88751 127260
5537 7950
31327 214756
267695 62909
70353 112035
110218 264085
147549 78375
200318 162037
226053 154586
225131 18934
176579 85239
199160 13219
98939 129880
8408 165093
33363 63655
215203 230445
71486 274738
195977 5725
287578 11680
16085 67075
18234 130761
113934 260317
179306 68661
85183 204158
44930 131028
39696 68642
220800 67362
87730 212984
68442 167829
11564 74858
22013 132970
38331 190638
1296 259179
66721 108095
117640 268783
243773 286009
110787 284707
150048 185585
258635 76923
253344 98483
137483 74398
276620 169930
130766 172791
14313 177562
250049 181849
23051 243712
144313 68369
285123 77035
92077 143669
150537 34261
279178 276719
246865 192232
145079 2341
268850 89868
172274 230100
119955 18246
68104 9836
169006 280354
110222 266770
221610 62084
216394 4824
231808 31012
283508 104728
200927 125979
207795 226228
233809 54525
92624 6239
218573 43031
36228 259441
180110 92345
116377 227837
57704 32330
189183 3601
74234 86635
284442 159917
215815 134545
40571 26649
81966 153909
182329 80995
100351 272246
185977 50174
143834 130881
49198 121440
158891 8174
55367 229071
57028 34687
46904 101087
4560 51552
79839 11034
30985 254455
240796 222495
13749 42845
140732 84660
236201 281143
56499 123421
283245 233248
95222 248976
277275 79606
156204 280083
29797 66603
32557 227923
45418 144618
21845 5013
162839 156136
120215 39597
150472 46824
105405 276375
91927 63696
166116 46331
76301 117210
194101 11051
87814 119573
39088 258177
199042 104467
118208 92518
81534 52974
243991 34702
82133 128270
226067 161271
284509 252251
65903 238745
243032 164074
181514 102858
185608 159428
62478 95400
288820 75705
95726 147548
266368 174132
208473 284612
269570 42790
278998 240925
44177 144730
90932 40875
166559 74292
162394 41175
221040 242684
279466 72708
129588 240727
88242 121303
286005 111965
115256 24387
179098 69122
173274 47479
93664 54301
224910 242672
205041 263871
257611 5833
146783 157246
69757 23603
187929 39363
112884 258454
32107 82481
283295 75224
230695 228282
165430 195350
21549 63569
285108 67513
34175 225843
209419 149560
131285 278277
100664 128674
236502 179309
118659 46534
78173 56930
18755 247414
68060 80047
55494 150308
53211 89714
172385 207590
119425 40724
177378 80006
155336 194145
65900 86043
127637 176427
219783 50597
24084 138214
200312 13980
277880 270423
13299 128040
8080 255231
157562 91410
23325 256605
96911 3544
237898 246092
93909 140085
186463 157173
668 174386
98342 101330
104254 234656
243921 278655
95534 236002
261447 31496
9591 219425
144516 148300
256112 66459
197213 146611
122667 271699
44229 72679
258974 147297
212379 212244
131395 88624
8943 240018
146057 21322
109243 44632
227052 272799
207114 87838
238054 104177
115911 227596
261863 172788
237052 72555
144114 79785
252105 146266
117475 43968
287864 245945
112108 213851
147492 45032
4788 74421
23509 272405
99116 88982
75446 210464
54315 261325
78279 164607
124730 43789
205336 187140
99605 4494
196424 143882
188743 232527
19833 185847
146847 152370
260684 78188
254539 102888
210494 60846
151853 150211
186656 277486
185761 114661
91162 94345
45145 20224
247835 169531
282781 88193
224073 281719
127197 14303
44117 196958
3099 118849
207346 276119
241602 101852
199230 26379
11382 60072
82080 198475
114819 10385
72928 170119
238763 178171
1910 121490
125800 98330
121290 63192
136406 120121
257123 36398
268897 101055
179369 126350
75120 8886
116612 287426
269633 126930
213473 163929
129465 154447
27875 204057
243223 179828
15441 145396
230795 188
2444 127372
146223 53803
263409 249155
125906 164011
69325 91490
157449 262371
186133 103148
287770 95335
23853 111975
7606 288726
143330 27259
276328 232691
198782 120571
276474 113555
232118 39902
57929 108042
71853 168276
36466 262418
197432 151395
21194 79970
208025 96214
114549 262156
14255 144148
270467 209112
57941 47920
26771 53047
173494 176547
201422 108227
32422 226590
181985 192113
19656 56878
91644 227023
220091 242855
146497 250102
5414 180548
231191 237729
172068 266345
142241 132850
282208 208855
57562 19158
171048 268951
197089 196665
229081 253300
267550 185158
2207 152234
118289 119485
77895 97404
86566 53316
60763 224741
196583 15949
237294 130333
232960 193834
106888 129743
74460 146192
50497 66958
12587 224752
219859 128407
134844 129967
212923 28415
148284 138196
104303 115071
86106 167697
18674 45859
97479 263029
157860 258340
65140 35208
86394 233849
83970 104831
230602 216881
197240 97380
12414 189742
255134 89593
143668 286666
146247 18934
20236 188699
235306 149776
59569 208222
149012 61720
17134 250698
39198 78878
38570 86339
39277 75250
128019 214698
140851 76928
19510 170312
154169 211916
45824 89807
170464 170277
77095 247882
285694 232865
203060 201855
126884 117433
52162 277800
184107 172208
141956 230598
146242 264386
35096 131073
110533 185448
191970 56202
19037 59712
100504 222035
171269 140348
52380 53419
244384 44171
16940 235371
136425 12750
248603 275887
225150 212296
84720 184644
95429 167475
219937 278854
178871 37648
221384 12225
1710 205907
204083 216228
151413 101244
119028 129438
88060 247904
112303 149891
86262 258437
102538 67697
224094 82823
48429 116496
256557 142804
28802 105339
103377 2301
238105 36660
219284 287699
55177 109090
28356 281252
206999 116172
275577 221056
187169 109545
165576 75193
139123 5128
6810 78094
198277 100133
134441 236123
233317 148699
261384 158797
269351 255465
277684 251079
236479 55491
205962 146717
47130 146312
15999 101399
138407 95413
238094 186715
106209 93751
285340 281715
186611 161910
124777 200205
168929 281401
247420 100347
59298 43230
18139 86300
193850 130014
111601 79591
274102 152051
191680 209990
7058 85891
178843 181350
100233 35577
122234 114963
271793 244004
39100 57727
113549 35018
192509 196987
256391 112161
25440 186980
222526 232084
242300 195665
229230 1272
269218 20973
259667 195093
1200 110742
263791 9442
257236 152249
229393 216013
233491 202903
138596 14204
208324 170593
183125 157864
27199 5298
227515 7546
111678 75494
216939 246468
27490 67411
29034 68131
237691 55867
10713 272366
58387 27325
37653 270185
130138 30581
191681 272860
95374 136651
474 118441
75762 185686
125179 110773
64456 203973
86111 87357
259636 174934
103322 211043
219512 190687
286402 174882
172838 56149
57572 28623
265476 172582
224693 26598
55947 258273
76265 149976
214879 88738
81333 288571
202491 8254
277102 151990
133951 15739
287922 162213
224725 223062
58275 257247
250916 53654
254151 29177
95950 239301
194540 157208
6508 19552
44421 130332
213333 69292
51711 58586
122456 97050
202905 263431
33340 212607
38164 111226
271653 15368
209355 95207
252779 121187
71254 107155
96239 212692
170442 249915
247294 61991
63231 117444
155789 186660
219192 199767
219140 109483
196543 204650
286844 107987
229226 45690
12537 29860
53389 71248
113613 252811
254618 52219
55492 83981
108698 265372
16828 138906
205625 273128
247796 175785
15296 188378
228608 222798
224959 31462
102165 232359
128990 112249
87349 110759
98246 78617
104174 86935
80619 100494
50274 275908
163017 168096
195836 107992
151471 208573
177173 141729
135988 167379
215540 77627
264587 74793
43334 73584
147092 280790
269619 4553
152311 253465
120497 198441
50582 34894
164835 203552
13832 71460
193356 186904
31144 233838
221949 172332
120089 45935
143267 195641
222297 109834
195356 223076
242635 209066
259266 279620
156581 110513
204454 56909
239315 160888
187213 63015
128751 189421
10323 232672
8935 211078
51880 148420
188808 34364
66912 55486
4480 263852
55489 216917
78665 264456
240697 159709
18541 261064
26709 73130
18322 78300
31822 181187
55271 281542
95685 35851
59743 33078
172794 242854
232219 166898
82732 15943
27802 64891
79653 171558
279021 258184
124248 240395
6368 173358
208202 177680
216698 114090
169459 165024
69923 116617
239662 241710
140023 240539
202553 119191
149484 194649
49358 80903
173067 111949
26822 82370
118810 286433
247732 85901
171608 259120
129267 154190
212402 138894
60640 77436
70153 19522
235248 211411
119689 197685
82188 72710
127938 39603
229731 141183
31657 91381
194030 116836
39574 63576
203604 146957
251999 247206
175292 34919
58110 76399
51221 57724
242636 130203
73397 282817
232622 235844
102232 58587
112172 7185
105081 181256
106017 188025
173804 101558
190173 266849
123790 191632
119347 85056
132364 171687
252034 118081
167996 43950
80873 196464
248026 180473
276352 141319
84668 263589
205209 123160
102010 189530
185070 92326
277692 244503
217402 155944
73115 127937
104222 61498
180541 190155
194374 213460
161894 57904
193000 248217
202607 147277
79562 20823
149677 92054
241072 37347
24736 123954
260222 44654
44699 20161
75700 208958
187408 101373
33662 46213
104456 175720
151697 212707
261836 154076
151235 82010
135666 161731
33347 248060
287207 96161
181500 47901
4382 169234
247313 89909
176586 164678
207677 238384
206491 54038
250720 129031
273126 93798
171324 69086
280023 157587
175751 274237
66105 170743
282232 185218
174567 283828
239679 133687
50883 109580
101887 171367
125185 125326
5133 31419
139731 38856
209268 963
2981 247294
16163 87339
219695 111617
103291 100287
6253 241884
153824 180859
177907 162562
204711 32392
137778 102971
18432 249671
40238 139370
38491 80429
131902 150764
238438 269281
118925 96625
182441 190653
152819 103571
236959 24135
157637 113650
80358 121312
77014 24307
214347 251359
139914 263302
3285 7286
288334 117274
103519 132718
72908 21388
69506 245276
107891 228419
217430 81255
159802 14809
279133 234704
221970 176106
271495 15323
247737 7355
152514 222492
106363 29932
34092 90866
13303 179223
190213 80573
234636 97355
192545 36415
264771 186015
5419 66248
92986 142518
81867 25596
196534 206755
64590 50351
167056 35203
36427 100092
80816 259746
253384 194610
227795 186996
3110 120048
194765 225342
16049 129996
263887 166135
84627 85409
217353 111432
4813 15258
58503 2778
222310 271559
130075 101682
3713 66853
228108 194643
77292 38405
131552 232410
217920 39171
2823 155468
194148 113766
45918 207010
263322 224121
30370 183081
75634 236656
236711 262012
161938 43798
115235 47511
172536 73178
122393 32278
255949 77685
194881 285302
82930 162076
253396 54562
120514 11193
56657 128079
104835 180114
59336 212354
77064 244388
242970 259153
76719 133429
44561 117205
65979 133621
54833 177017
61556 74138
256341 83983
148224 253143
173517 274416
358 23582
179825 154685
129467 203503
166355 223759
272640 101550
287263 134582
135232 137704
285300 203319
109889 138996
190856 119908
156900 28616
229873 163752
27280 2126
28055 247445
23618 48955
73233 66699
216795 243243
96625 268315
133213 80489
21656 190613
58551 179744
95331 209022
198719 42822
252 40907
167601 127132
252098 91942
30409 29787
224386 146031
207254 236614
31760 72912
147094 250284
171198 93857
285664 232301
65304 205018
222711 187267
228230 7944
275745 50803
121166 186825
126210 230055
91733 205914
165648 260619
13921 236009
169378 76634
107747 6178
31112 242902
277350 163645
142575 154095
87450 200236
225357 24834
19942 111607
46931 220486
80707 136927
154992 27934
225017 108155
232606 227046
256710 174435
59544 77713
288463 231212
144655 8814
115867 166593
234675 116897
276066 129931
284964 113627
187646 123599
190338 193758
141373 78630
18760 98926
169198 140346
284410 43926
266727 142263
114458 171206
10732 192950
248063 124560
204813 262543
141056 99027
188463 105787
203174 147943
269438 215768
105619 223137
242091 180560
229680 48151
190905 131872
32291 21469
241847 105126
247304 113531
257980 222522
9577 56182
85137 287462
209143 92942
271783 90943
195634 159042
41642 161007
143654 115629
27534 46145
284743 213439
100098 9506
150263 270858
59899 87183
288952 121641
239376 178755
4464 241070
134584 163534
197189 136752
189008 80761
142354 50747
285131 237512
289175 504
221927 4089
120634 48671
133550 52502
54049 259468
1564 208235
16207 271193
225985 20173
213633 243840
262288 128961
73094 9781
214731 3409
52882 229516
170447 41782
280655 283974
5991 96851
111446 1745
248791 282506
74508 263047
211943 228072
37641 284688
167163 249083
262275 288894
80446 143110
50104 237671
31081 195612
239036 277041
11345 98778
167769 120344
282407 255254
65234 189923
236214 114304
1665 28251
146396 9057
221769 173275
103223 128611
83029 59120
239075 48454
191217 238511
38502 22609
110752 1671
274094 251590
102690 89841
200720 172989
135379 78799
42789 85479
102825 12802
18983 93834
130013 205303
50928 3240
165857 153242
263398 236797
66521 153042
151614 164084
225897 114206
142841 87398
281368 92773
97671 204025
250718 285878
164215 13686
33834 248714
252734 226903
18467 32925
257478 121043
211578 263012
258983 13358
92974 271159
12240 71598
279368 250442
110792 51480
59447 166604
181646 194539
90203 84799
94068 36026
172877 137901
150726 103264
128132 152934
125697 233258
60747 262889
164145 131849
254190 172933
150828 215245
143754 117301
209857 203180
12809 284529
16135 235574
274248 272313
197555 223085
43796 232486
42624 277163
134340 139028
111276 55529
260532 280652
86023 102352
112943 197703
149179 136413
255202 69425
217519 146835
130156 240560
22054 88971
143441 2088
257335 2536
109166 101352
31025 230310
213389 121944
113618 7863
199261 273311
191271 108314
67543 202948
157790 13857
11668 270365
225248 80815
175873 191564
79000 106435
160269 205509
140243 76443
5212 80147
52151 141947
256269 240967
145008 3642
162351 12547
237071 194725
18741 195315
134112 240601
244406 147081
18509 214348
33277 249342
276179 1818
4240 284009
160922 81169
118452 111830
288128 162538
146823 122485
219790 188610
34712 44229
283394 103027
34627 166847
93143 74266
119731 284769
257963 179178
22522 218078
84885 95084
77791 33082
21915 20513
100748 67990
161226 144438
163430 139161
56517 259190
268268 155913
235055 50303
41389 236569
233600 68540
107111 194633
254883 206444
62588 93749
275946 186455
33782 41573
113579 175842
107601 280306
118819 197788
243045 103031
283497 112680
228933 210853
69549 223204
148057 250015
142446 200009
249652 10590
258126 14012
283318 72523
200305 197821
244376 273940
21732 111480
69076 198835
200582 171669
173281 78929
79999 113167
274829 47887
271837 57156
231428 180119
74213 188559
265294 45892
70225 191765
155694 147690
276265 288514
163822 152728
215332 210105
55463 160364
29829 200882
69865 176125
78495 114190
88482 119536
227830 25493
134693 239885
230450 215170
76100 100656
109726 238998
163195 137603
76338 71654
104827 143027
282599 242007
164325 213121
193066 81820
74070 258624
111386 65415
169066 254502
41048 209492
25756 48944
160391 7223
109352 285460
279986 173663
139942 126714
134397 201718
70127 75815
184938 130558
52543 212146
60149 251563
64758 105678
7034 198578
87699 276663
50844 146075
29986 203779
124859 142890
222203 128071
221268 211246
