458
4 2
1235 1207
1576 1276
1562 1026
989 926
827 1173
157 463
738 348
968 232
335 986
1309 610
1397 586
1359 1158
1441 485
225 1121
579 1110
809 789
1156 1276
1136 1038
238 1026
1498 1066
951 580
1044 442
1264 688
986 11
917 341
263 199
1572 797
622 98
611 1439
135 1212
1147 622
313 922
556 1467
967 702
522 255
57 724
1544 1298
342 1535
1558 948
26 694
91 102
1051 1312
998 189
136 475
20 1330
965 622
1539 1420
789 884
627 243
641 1379
1155 812
531 386
1232 712
1584 363
1437 1081
1343 1044
1142 1139
1312 1242
1030 294
1060 1197
475 970
841 1473
1487 1036
788 145
1518 551
764 775
516 824
1225 504
1285 564
693 771
933 684
620 583
1054 1003
1253 948
1178 543
1355 457
1433 106
83 14
1582 558
1555 1387
490 338
1014 778
563 1364
591 1067
1189 97
642 1277
1565 337
766 359
117 590
787 1441
272 1414
983 1430
562 427
745 415
341 823
718 1415
1521 904
956 1027
875 1291
197 186
954 1278
1549 1109
331 566
152 718
73 1035
872 1292
224 709
604 839
379 970
853 476
889 1231
727 1454
1546 1344
460 1600
486 1090
937 1298
1177 600
336 262
512 1410
1393 1115
274 295
575 156
1273 1516
910 51
1019 383
941 348
55 1153
671 1102
509 483
1403 1520
343 146
120 1065
345 1096
236 740
587 895
1395 734
252 1295
1386 768
420 1252
145 359
244 146
1144 68
685 1213
1162 59
215 564
462 1160
1221 394
129 661
991 163
1311 356
593 53
1353 231
1308 917
584 976
1360 399
458 1368
1402 1201
866 1162
926 696
1339 1179
871 1132
974 1206
283 84
1151 29
826 1026
459 468
85 780
1439 1548
268 1354
1159 44
806 1523
1594 71
1337 909
473 86
625 939
1578 1520
655 19
1561 1400
148 3
71 190
382 1164
1517 1289
444 385
166 565
1340 547
499 545
35 255
503 423
1140 918
59 487
72 695
1275 720
370 956
383 1353
1106 336
513 597
221 313
535 1313
1029 1232
1472 454
639 1273
1383 1444
1224 1000
780 197
364 954
776 1096
1315 779
623 985
860 606
904 1476
1540 270
1241 543
594 449
894 1185
811 637
1105 1109
851 846
638 946
1279 873
571 83
874 124
1283 1388
540 792
999 368
1356 174
1035 802
980 579
294 977
1070 33
1211 27
167 886
214 1569
697 266
837 817
597 758
1010 1528
1183 398
337 1472
876 1241
107 1157
624 1466
929 648
220 1330
50 159
1073 1189
1239 880
421 219
37 606
153 1379
1046 1491
1288 1560
1327 73
241 1564
1344 1586
1176 1004
231 1191
1145 75
1295 1001
530 870
1581 1454
592 41
1406 676
1036 1260
1071 743
890 9
919 1293
1459 1490
223 1109
534 584
1525 1015
804 882
463 675
845 268
640 1578
815 434
165 1512
829 45
1061 1448
1067 1255
134 219
626 617
347 1573
1282 239
230 828
944 841
1520 140
319 908
392 1595
1313 780
1038 1453
1552 622
560 1201
1365 702
665 735
10 224
849 1326
43 936
297 896
918 427
790 915
1186 1152
1597 172
1366 915
1556 1322
1570 533
318 598
208 1338
496 493
1481 595
1471 128
1469 1504
212 220
913 789
140 1088
98 104
1373 1342
1510 1076
1522 1193
1389 73
288 239
1574 719
754 1544
1251 288
210 938
445 344
907 149
1463 920
1121 638
1342 481
1361 383
1401 564
276 942
844 1180
1271 869
1077 331
506 640
1203 382
1468 449
348 946
126 1362
176 1453
923 1497
1012 1322
606 1546
70 1264
921 973
566 208
1331 803
1431 278
1153 567
1161 342
1559 1244
31 761
1215 38
1346 967
1188 526
1284 786
264 1501
990 489
514 1078
1478 371
160 737
901 745
660 730
628 810
716 473
527 1202
796 244
539 259
1280 126
567 1234
577 573
1434 1353
942 428
1041 1226
605 614
672 680
981 1044
722 828
480 1213
481 200
1499 1181
1286 193
734 620
49 1584
825 1377
733 908
924 824
1143 752
1169 1576
650 986
121 1338
1115 1110
1535 1235
5 1405
799 1011
1448 1402
454 1281
1485 1235
1501 747
320 675
38 267
1511 1149
781 211
1412 567
884 786
908 1583
955 1012
915 76
1013 459
131 1323
691 1594
1332 1223
1083 426
1090 1373
1173 503
644 472
412 524
1588 893
932 400
422 278
52 460
1133 950
524 703
698 552
1055 795
696 949
1026 16
816 186
1474 897
242 624
1021 799
133 910
125 253
966 1073
581 661
1059 626
1496 481
446 1532
1139 1397
1056 1301
339 1553
1400 1543
1219 147
130 560
760 56
762 122
198 583
1068 896
878 1074
1349 264
578 1256
979 393
1303 141
1227 669
322 1376
155 736
707 1162
