461
715 1953
51787 310546
11318 73101
133944 230852
311236 119474
305914 206019
279542 31585
346145 97743
78464 191860
13518 174127
363320 211883
189604 296444
390036 296809
45458 337621
156602 140526
8714 323088
35024 63328
145017 397637
256904 402806
407134 161864
128026 229029
6832 185515
258984 250283
316684 171765
17365 370706
394600 252557
314583 82989
61545 147376
205384 375032
145829 353200
47525 78202
176177 172737
294818 56977
65548 398012
223950 228708
8845 182345
277241 94847
168578 88650
94690 309729
26827 221461
11975 312312
31810 159742
256701 304635
14411 397741
276836 48597
91560 211213
66556 2612
127363 197021
406914 258296
129352 88434
65402 332444
231798 20412
3591 320563
316907 116422
257538 91316
347159 201491
175279 222119
244551 233132
310421 232098
288975 393814
86110 53533
191167 357335
176419 273047
366415 120635
384688 168208
64147 278286
215086 279155
25486 120460
228359 308989
181138 67872
203888 37139
241337 160023
139088 224406
343717 355069
164372 341390
288888 66185
16518 369718
312692 366059
263026 263828
35511 68135
276274 269769
343377 101937
358005 326417
130014 58560
72999 283705
163912 23824
66643 96584
334636 186382
329259 162946
254663 137697
270953 364170
32165 117055
190895 188501
89933 146297
58865 156615
112163 142697
290778 253048
177959 148120
155553 58776
256180 256612
404400 215562
345284 338295
396278 393883
309114 289652
195130 150050
205499 363359
246143 286176
48512 156995
275822 389345
390010 206020
31213 402658
63417 252235
52962 378845
129673 5803
29712 334900
229346 398034
395067 85536
342557 139079
20107 302847
387494 152898
77319 234918
299639 398604
222596 62194
204288 22687
261040 407521
257046 42695
235372 279330
290367 233029
374873 71831
24339 240574
76319 33200
378950 112032
74487 190014
227043 7521
253666 199334
311626 295343
226259 125359
356791 120409
13015 37655
308533 264030
92949 370556
388280 307543
168471 24532
286450 322773
318864 210562
199254 184750
125957 195360
400600 123498
327750 42417
344128 86290
113830 296817
82102 69656
283970 351843
252537 332675
315623 365892
277487 113536
178957 148292
384545 379323
21932 55149
389706 95726
29022 176825
361125 65166
154784 114894
255277 251004
76531 117131
283587 87951
399438 205049
35910 383049
156980 284362
348059 378913
239473 213901
156759 190347
402198 377592
400200 300347
327844 262523
66394 252052
331902 329752
29367 180149
63299 329172
99161 253811
354912 295256
12143 280606
136923 259180
176340 360211
142471 149468
88837 311107
181150 198457
159943 52173
17748 348093
365851 119190
300061 392828
54012 122381
97018 109921
155915 98093
199671 178600
306260 291529
286284 261390
392786 259051
15452 248323
340826 331391
115277 247420
351384 35888
113645 247099
395728 2399
383855 86126
334317 239830
330279 262919
233400 354095
357568 304117
200161 294662
165746 87241
19103 143990
400353 349031
279381 353243
156015 181124
270539 311761
298582 263881
403654 161390
204074 113452
230514 127237
365116 364578
81265 281818
87384 98405
281117 209129
59965 109526
126095 248343
78761 54019
388734 395285
390915 218124
42242 362397
311354 100244
12674 120738
296486 113512
57130 49339
282659 154239
260907 85885
366509 277549
240207 247612
1068 278327
138128 382355
95065 302103
312748 259988
369323 50647
224768 115460
315745 169692
196760 131565
169706 118508
401545 403174
112653 247501
287994 390424
364132 142764
175415 391694
217387 328375
385141 209021
66039 263180
316448 52558
298821 185314
394809 136443
390782 221544
327199 319409
13270 195966
300910 285584
400754 301099
189166 126549
327642 163700
254810 209338
256300 276277
355708 209376
262445 142325
59649 310952
15005 8791
238750 150396
260468 58346
177979 353200
269998 244952
269197 190692
109676 312373
84146 219175
2808 298668
267554 106017
386517 23268
320846 324551
221407 393555
156668 115034
134361 92385
41556 296289
269082 141830
198747 112058
193391 218255
322877 30865
334530 48337
213003 19494
323819 386006
184130 313981
256243 267564
70638 20985
355358 180373
304071 230125
61993 247456
325788 134355
301002 161357
24973 381728
327729 35181
325738 121718
127592 62769
231651 41425
92674 190996
381753 23745
204715 371274
52551 295405
389080 32089
113544 297643
182333 13949
248864 5450
308561 268313
265505 190784
367327 134599
44526 135810
409256 55552
30751 118436
311104 174226
127246 192042
245934 153675
380388 115884
319162 166410
84119 322082
238017 359311
283611 26890
196270 236047
385765 209232
100044 386733
301409 100310
292499 209859
79346 62492
9496 256186
280566 189642
277813 179622
264845 376504
71915 12790
286392 397938
1482 375679
348651 244482
307942 62641
274077 332914
181720 381994
115860 284260
250584 57879
110475 328467
382890 257562
5767 143723
218835 138174
145421 39366
133651 74400
72963 178569
223175 55915
28556 25052
264882 407225
299262 177740
170755 132812
94920 64756
198356 142190
322275 371013
265985 49450
200058 99282
398669 54087
399383 397151
151460 102441
317417 101451
262512 258335
294512 390891
210546 120934
90143 295626
39889 185140
268788 104298
384639 241641
24347 404565
250438 348933
269757 106738
55025 169364
173699 388543
373772 225718
240812 388492
306986 50838
408923 244908
264296 276818
379186 161073
296906 112551
177087 130660
335883 119431
55868 336289
5430 90356
350357 2585
155095 292006
169824 275219
287670 82933
289508 201464
124703 310109
169251 44851
40924 12130
277998 391034
37464 6670
71414 207955
296948 332327
220514 292184
361423 100349
246720 70973
82461 49030
208445 182554
221496 307631
346191 123935
192148 177177
285229 265877
76951 127353
298158 218489
237805 360424
397871 30951
225842 10269
210891 326742
152681 129942
210129 339827
82849 143299
52228 271284
107160 71466
236930 95999
91851 376309
284094 207095
216132 318189
25981 388719
186605 17925
283973 337836
67282 331346
131726 238821
353182 400697
359647 183759
139716 246837
21722 187205
359738 214207
259882 332139
18343 302181
126340 338115
122560 380051
226633 181398
3112 295793
173144 31731
181436 26217
375567 329991
383074 81997
365685 152108
77374 373599
229309 247867
244210 288025
405152 65646
132703 114903
314190 2625
179299 18956
62812 332853
205701 312160
204466 301951
260471 402509
335121 151554
241544 187814
174925 96310
