4563
38 13
623113 275742
378321 416008
510030 627597
524099 714979
137722 134406
552239 253191
32006 455350
546960 660704
345448 620253
184499 161479
332737 15456
345711 312562
371747 650664
429572 190392
231001 751843
566587 16397
310828 192570
291508 307920
493289 595142
84846 388315
697376 533441
603133 678108
27474 749355
336005 260956
394343 173925
151966 15574
32940 258685
572951 370516
458844 159944
285053 195488
386281 277926
729118 480511
456450 223529
145836 415466
507642 329057
411889 12325
2810 265805
332212 655853
308289 325090
477686 347389
534230 90116
228855 543892
628483 471343
450759 457145
757353 180999
482966 68393
369475 39636
315973 137970
585869 533113
626910 507666
386325 16636
298195 261930
591739 418471
38794 363630
201162 198596
722880 727971
313123 720706
397359 712004
182630 17428
573762 268281
751197 296149
256033 106061
577860 175520
601609 108220
714128 386816
263094 321458
510425 349271
53740 131772
265185 446790
571181 301768
484733 47375
427968 7034
568204 263951
238850 559134
422962 180401
246851 740272
388125 350306
587557 385880
400046 533553
709217 596981
338093 486583
391322 723190
604271 743535
629989 443182
165861 456160
111438 35759
368882 628827
550279 140319
575347 65971
561975 239558
336356 223990
206149 68895
546599 545704
405761 575397
203125 359014
497378 569508
149109 437418
286187 101829
366625 581085
296032 654664
412807 726928
507045 566541
608790 477559
726231 8122
494962 304767
689323 113292
575726 238447
546838 571390
250374 204966
259385 499426
638348 75587
534077 601211
637489 59612
634694 609482
421486 529756
119295 368853
731314 431343
571854 255778
186154 244326
525223 259972
718189 4276
108285 386018
378111 563542
459419 116437
259346 613809
203578 426899
32620 738828
286667 693516
497794 633577
144718 487153
716288 538380
51422 603058
62093 587362
99022 291291
250150 329951
72287 669812
509239 422744
592059 148754
299371 159692
436355 495857
255121 35046
434156 31501
530912 609180
492262 438583
38912 73191
729873 470838
516138 683043
612592 480274
54157 148275
56721 313258
91888 267283
720665 270623
569571 700896
702448 115766
656556 520603
143633 481472
754553 724931
548056 446177
537973 168482
410026 535531
413088 72809
325662 80134
53517 52172
50404 569285
326587 202314
640542 479766
146323 435492
104141 90433
372799 634687
694178 315730
297995 34425
321486 739011
580174 433680
653603 679896
271872 431793
590719 640684
486989 229498
254393 202087
525014 172743
56863 410892
268832 51570
1402 579473
508728 244724
4270 308799
127531 516105
90817 82955
388271 519531
601361 680434
60678 34840
733995 164055
452475 102479
608625 396325
18348 728786
277736 254448
343910 420977
626490 150194
622101 135958
342306 610513
735949 208857
186172 691219
594634 511157
455100 183942
127097 192866
373444 501814
514142 295854
231200 704480
26077 707932
278603 80304
714102 687914
154425 216563
413197 721944
755907 146461
661391 391080
513896 703786
302531 515316
49766 489325
103276 538643
506827 621553
525754 58353
349675 324618
149372 550471
99673 220104
294644 332653
631548 167547
232474 468100
28452 685070
274344 70514
13746 656701
142938 481184
226559 582278
429403 224062
656434 137170
578294 293470
415464 572803
169484 474840
484239 455995
323885 142308
636947 732642
104084 334004
108920 133152
508335 698657
161139 79205
136241 121999
230901 754689
41213 120657
115191 620158
460491 166673
256443 78394
205638 51197
740336 147594
445382 395251
582120 350972
43786 149977
414952 714365
95890 109870
733295 69625
560662 502289
738744 646583
755795 17890
144607 446885
63983 370512
271763 488489
107375 392224
392128 38734
393549 610825
444264 148823
495362 408873
314732 563907
509440 467993
306315 612071
595103 321242
238577 291826
628008 581386
519420 469952
72742 428216
392360 398758
98691 750925
250476 445218
658884 126321
285200 298591
483454 467978
503651 583243
322755 452958
743204 699894
64373 47713
125272 512524
733287 355217
120854 704082
6416 187772
181343 227386
111199 54847
300779 381170
119489 255633
631500 607389
313926 238498
223030 637461
328269 538618
97119 621317
646347 606647
535348 349479
50919 723708
91364 162093
719901 40850
149681 136335
729936 114275
188892 217020
102767 525815
357010 364695
499521 481539
726657 100951
45942 581219
310881 590355
134774 305891
217764 717889
756092 747753
592192 712602
73101 240052
377722 147796
84904 753085
323446 232189
473003 729429
146849 254083
42612 411798
242003 30098
494878 485
214271 527089
88299 140772
327750 504723
62001 533055
662432 243247
148933 627363
457237 514321
307903 22180
440425 363751
137191 86123
134470 633824
154187 744037
608848 325924
298822 574528
144045 533696
365432 348917
548212 116956
513200 404627
595473 106508
53911 629655
722356 226359
678591 121384
343813 201848
30522 736859
650258 250749
546867 743028
539194 736441
541202 438856
544726 287507
573803 214015
109302 609233
458851 496512
365007 417051
712987 560090
519703 167753
738767 573041
70216 132102
236457 647177
641127 724865
292080 48767
213856 579447
566849 459530
273813 366834
399926 472786
217466 406860
283614 240933
281400 645655
328302 730454
131433 308083
671311 641870
101894 603520
585419 145251
413235 331113
206308 714855
438097 512723
664891 367988
540127 157109
511226 636578
188543 423466
537116 160634
362809 288484
650545 638475
175938 345283
377866 180551
517419 755631
351928 276740
302561 251646
67461 92378
315877 698551
501087 238785
437374 318302
660575 400108
526610 195346
692278 231782
565541 727010
619183 703668
220675 202870
634264 548305
121074 380071
11687 47623
55321 635546
223152 421970
254064 311216
609915 176921
287540 524907
543442 395863
47243 154233
90905 286249
710818 1914
391253 28602
193547 23529
304323 274362
693680 65168
475277 86045
617821 115207
358502 290894
289461 302345
481610 247434
88302 659912
138108 103050
597172 572059
262831 108587
60346 389487
436464 337025
497064 181136
122267 533308
677411 252429
484694 160052
524035 130097
370490 528922
558858 596278
105362 407247
738216 683869
138985 670610
654437 19235
106787 68232
267252 608662
448461 188741
122615 69252
254350 22000
466700 592031
359768 241706
639575 654780
433213 162767
578677 548366
386267 289457
636754 406822
491515 597099
98071 695969
673 652206
50109 90950
612028 82633
504945 519005
341131 362143
712278 327530
372097 739387
158501 304791
370970 256095
59201 281066
510231 90364
25968 736264
554893 109461
586027 460237
113573 361663
394391 72386
325608 220421
434987 94124
687435 294174
86208 440000
446376 630615
612837 241119
22822 187259
19010 164645
233529 642696
201063 232193
51929 245050
335617 555561
466695 375962
224018 743066
98295 381760
581755 697137
653447 234416
396327 420152
321200 285420
481079 615095
375470 303314
82980 37112
710561 456567
67843 445331
101904 145865
98513 563253
589770 555976
618609 198365
425404 733774
668023 11313
707408 291888
224288 436438
742002 465450
707482 614157
32488 328910
17716 216482
27333 753258
545530 172112
629316 589183
396096 254783
50234 242511
397381 733843
672984 97213
571322 98541
379210 421970
402932 632242
196274 714407
136796 163636
738854 449755
228239 427511
593453 212080
196199 247345
443873 287819
170620 755500
413671 497470
26903 490911
526316 566632
356841 643701
148084 698579
245373 193477
678295 225896
87501 528284
33986 490249
72608 431288
292996 684956
320587 296843
100743 591504
441533 694570
412430 483057
566584 540635
427766 585615
393894 292233
521682 644400
661392 113801
546459 729374
325672 170235
16122 136527
682036 524234
392084 86330
574798 3742
597174 103884
259790 49265
74229 616519
732956 289203
48355 477546
127920 29759
32966 98383
544861 89980
29460 336321
119682 565842
2526 54740
678428 669623
631024 163531
239074 265355
261578 96134
205952 695785
402835 272505
418856 655273
333366 294936
83667 240374
638913 544736
689925 236817
723997 292215
134738 49959
165137 242477
614637 253006
594177 103834
437486 647211
520682 449051
342577 71505
640636 607116
158398 361858
460554 390057
33723 595081
252795 356093
497584 200945
474590 139943
732886 22911
709545 149454
729128 254299
530599 626203
110740 103850
451826 449109
106382 581731
587616 646643
6506 539825
69662 464572
511851 95591
234631 62674
402257 694013
260412 52872
115672 397184
257533 203492
146280 720561
644741 32561
42167 432521
168921 629706
406696 95763
420111 531713
709485 233523
78582 235403
28717 461432
518824 345596
220129 474347
630516 722266
609592 601999
112000 99770
33848 272157
304748 656377
392982 165991
369662 264770
753677 633463
601700 463620
681543 457663
97431 430604
410143 593576
325124 660880
397574 722232
101595 489425
408994 721394
419395 668887
199686 167733
584893 669319
334904 159698
219025 552735
678642 382816
235015 231934
142106 564511
743612 706521
567703 580189
561408 273824
672688 588898
631455 580110
239072 237619
298846 144413
229804 742402
82775 312260
132666 29647
367623 701807
225152 322291
95398 61447
138097 661501
735475 153202
620779 587608
487723 7258
244805 390978
492150 518453
691729 166793
237061 411137
6277 76685
517679 271217
697622 224534
101038 349379
190771 658581
363132 356541
40113 35648
727921 30703
158390 359115
519899 609218
295615 639848
494364 47378
213344 530679
486459 462509
76348 94361
620063 359518
497158 753752
744971 295825
347466 696980
248762 576991
452080 38297
234950 524179
529127 271854
43585 390606
259723 180735
89394 755419
380081 49125
410054 121660
221038 240374
675010 502465
322906 172701
378751 173193
199804 64766
497742 470898
195042 491221
458236 589642
661766 643680
168987 477989
627659 295410
482630 634551
164972 343337
705172 101527
156359 233886
111655 503049
602385 303010
519413 726155
382528 631726
75641 716054
673842 98675
613567 506069
355669 225417
281451 471455
171971 98709
300285 640680
133123 568648
423411 167605
588081 709538
110530 741691
697343 158417
729050 751885
417813 602565
22862 365499
288601 755543
294155 128811
658336 696540
490102 610554
257221 616401
16542 471155
585294 727084
31746 329397
359152 106078
292558 321498
120935 641111
611406 617043
728804 434552
584353 146581
187745 109747
411417 520875
318208 301730
145371 611145
332194 29413
453477 136322
467833 756395
707008 705748
645930 116521
188756 481004
116813 609290
298811 667375
646677 177863
705923 424741
683220 404505
430792 122885
381369 230282
162310 289244
221104 511693
623762 285731
316582 736788
610807 344744
598081 658459
481388 593344
247138 81433
357084 437839
691639 531030
118005 530761
26886 99816
140400 146502
425047 715781
373599 654686
387502 667548
741415 585529
337772 171149
627365 294517
291193 319692
630445 415718
711200 751944
380269 49483
472841 356546
336312 346823
336947 197074
632094 511916
146554 554675
404749 270759
506319 723810
734549 124827
216484 88032
74090 463635
489144 334739
117345 390542
587463 44420
451739 76881
103341 20212
250767 67408
541127 62152
447774 321706
285464 458755
307619 477019
189000 422990
335217 657964
479390 703232
469311 166959
450685 615259
378291 655030
184425 59323
674173 204202
546266 35502
232153 420405
120807 508900
676963 171835
53863 235212
23262 236144
126817 425502
361528 615557
274509 387478
87433 198541
367422 531104
701372 582424
655835 338700
695145 404581
211479 302339
265542 656621
417058 566687
638314 427486
213594 638612
486635 122626
11603 520227
681853 87792
64741 698085
168209 581773
475506 289198
402240 552892
293321 398943
99249 153714
228 559157
717669 53534
499131 553457
602836 273502
294322 669832
648372 617854
38194 692578
711092 553051
130662 9647
431709 362462
204078 582160
554770 172818
108216 212544
202979 39643
468881 473064
442436 465122
396768 538249
61402 446343
659019 614657
56102 726226
673532 172726
593962 23506
670436 570995
300763 418901
579239 423929
756479 502259
296109 593803
117844 289573
527469 234236
106072 227847
511681 621967
604081 423368
548907 627078
67599 529474
730629 169368
715113 650696
314769 96815
202538 256855
561874 182755
91233 335717
159432 195880
141918 593624
6019 38256
84069 438317
186404 86352
651862 27552
700486 635458
48848 38967
266724 481391
460753 506505
53739 520572
550475 282529
418292 356944
513482 251897
645457 61975
502112 437367
313680 294528
1572 552578
119291 712803
682915 742284
140625 499518
351335 242751
388901 266960
473542 571959
696331 619080
165984 12815
322689 346377
422956 217712
61320 610874
657404 461909
507510 203691
229384 164612
599491 178268
119017 683346
750366 564853
714768 559921
285577 721906
140855 528285
507470 145344
362434 658629
371428 303914
466716 672774
223043 341826
135885 72219
704275 303758
395597 379316
336421 300360
115738 101792
62969 642809
682239 124238
14038 506273
7785 94418
504054 586247
44518 556722
102599 523535
447849 301083
747907 388492
233267 562518
685176 115326
83975 634922
248940 596503
574612 350344
453987 84469
574134 450097
268711 386721
440939 14533
622885 329835
567718 481722
454150 522401
558551 412512
662288 108580
206796 715777
416516 325578
249580 366016
71660 293177
283250 68333
87904 575064
699879 30767
733113 314893
340440 698486
100399 136954
214809 393686
141590 617794
606028 726918
398025 621054
582131 548386
482261 174230
352026 171894
207854 438472
143392 714959
655401 256390
13006 623618
372468 101888
16172 269984
231150 428186
669951 520331
627636 513809
292101 166707
165286 163971
343727 704481
1459 727385
42305 298664
612798 208508
37790 440922
473526 689538
351827 127426
94472 309352
275816 272466
80093 740707
509581 540906
483756 652566
311914 603168
228169 629917
31669 627178
746059 430917
682963 316618
361329 709481
549495 159442
645378 724708
208916 155741
372641 89005
59941 717715
180495 758778
174518 410367
78624 50938
110585 405693
388159 153145
732801 648527
700726 535976
423939 534652
321549 154926
87865 130847
408038 89005
89665 482615
159943 728291
716556 396720
267121 185124
6077 620630
446457 395554
150672 538436
312803 229978
402052 247305
157077 110987
509906 681734
632191 48442
361489 452800
345920 327907
151930 450684
392282 229971
109063 6976
525655 65820
317852 654470
688807 58889
364557 429679
697714 117222
374298 557777
513928 331230
639335 172731
425752 214757
317435 413107
572741 514005
644185 385550
694510 462753
138221 32535
599253 389643
416959 622720
479420 656567
123285 277573
384375 192828
63306 258267
458875 16729
608468 412939
441617 396859
187316 294092
601137 109061
527238 507223
141222 340307
539609 328492
751422 528969
662838 380445
79124 123809
112418 283861
658401 426154
285847 593469
549391 7292
96005 520809
218741 697655
526230 182194
503679 597390
226318 401121
103996 510246
654832 319502
573412 55533
437754 414552
618421 199323
544943 7928
578842 491649
540417 54796
6039 306686
311146 146289
749840 583353
228907 555144
552270 259262
284515 255608
266053 60955
38700 602206
111838 450503
755613 535407
67079 550941
438244 692344
733060 455220
460064 164042
73452 374475
281232 493986
628400 221025
33512 719486
520094 718955
273755 737419
585273 415880
92356 628053
149556 638433
517798 419216
304782 502998
749067 122636
258968 389205
134206 168080
424263 385802
404176 333721
479660 275898
152247 20947
750860 157613
326065 79049
337917 394783
431038 49619
182051 461259
436519 175312
539898 322562
566901 218823
232056 415350
286299 69600
550319 644630
638681 424667
98733 100757
179878 487951
493353 312762
468927 732402
321821 181433
283940 523130
303689 256017
379582 306610
204578 332373
646772 596230
655587 39921
45715 747776
276658 382831
618952 174011
704834 195172
504283 542827
493458 408258
492928 396928
593300 560446
664401 213545
120965 602036
518320 289290
650228 718921
711358 499136
552495 483734
419615 252915
416024 303938
711032 386579
473651 13342
355932 32889
51539 472764
644472 653816
136642 229595
124719 442235
578665 357049
320524 743657
166373 492549
163359 524217
121070 13091
58913 210822
33520 46320
717328 237826
397075 752119
700857 86626
187448 500349
110019 338786
365234 611965
268417 478287
349644 63657
372 76360
556989 672194
70846 440410
25132 376011
708994 438067
590783 496466
102652 116510
580560 297735
529342 504291
68859 36256
595660 394998
105160 636742
168166 730067
558796 563185
401497 179221
292592 483516
598580 551541
150782 225566
704692 323043
161182 138993
661656 144117
373006 210012
127422 235323
144475 190129
692217 97622
547355 225996
733553 102557
245487 573356
437530 599271
613893 551858
314384 92244
210228 564057
44164 391068
694887 673172
495364 601222
277606 703002
617700 152859
448392 265096
471271 34156
399165 729981
34932 263373
142774 689515
469937 64023
258847 700911
125671 449016
138420 251647
418030 268109
347736 364603
547530 471180
74102 19921
286817 585888
414612 5736
34529 94984
296925 55033
498975 571527
686798 249432
652022 322110
131708 489842
740726 153513
741679 189236
641283 526745
62877 273181
39377 541670
339818 80909
10391 714199
735733 599337
609240 728508
164857 10699
553686 42803
287999 482902
44913 696637
566713 127110
71548 543178
355298 62954
416288 118311
634334 76901
49808 34759
83492 581625
471070 248409
162419 468886
331185 22369
29952 385955
332178 399766
173300 205721
729359 421990
624021 312419
699995 319695
19706 570315
6586 277388
609753 574751
366511 407493
271781 253192
603717 281060
423285 111275
534847 243450
356934 499095
2121 707682
342665 192240
162747 313694
540904 289868
16256 581357
636181 255035
566681 267185
591850 149085
308022 362966
610970 140824
440007 438621
94944 652758
594017 5957
447558 358085
680288 403132
590049 8395
66715 269545
602698 357093
682937 245690
186297 592445
573349 166467
25286 619703
516017 29845
228851 476329
540211 192611
342377 295273
618397 30489
155317 96418
203605 571876
169961 446062
67088 684556
623627 40594
421253 728875
240804 468217
395258 740722
339352 51661
353085 228292
3342 222075
457804 555608
158770 247232
157923 537189
154997 367889
68882 669192
660936 383120
448838 525242
675549 109430
685165 202963
378082 591101
330345 347555
480563 533567
540292 670014
141502 375760
339004 471567
131458 293314
88075 392588
281858 592728
49062 55211
211970 453020
126615 91167
324494 80872
727742 607054
566516 15866
241357 356068
235662 287439
347499 651144
222654 399941
460827 692327
546762 328348
181366 188668
361733 195752
126484 681833
569842 588282
706035 128473
421330 216844
447468 157945
576587 78146
5742 471404
163129 76681
375926 55068
666870 698029
99756 505635
8500 62777
556818 604416
332487 670175
739970 215306
121871 173058
248575 695620
73593 458963
546208 635749
142659 469725
630087 323460
601271 215108
79061 197409
294050 45153
329720 656963
432429 689278
532227 295814
331222 575712
588024 479021
707170 496406
441569 300073
614051 727281
301495 477085
19978 512773
277324 495312
397039 522405
481840 334573
368343 514085
194432 166367
428868 491008
672387 225504
200288 610238
480394 18747
211205 261801
742489 415786
395673 560400
600292 440206
644694 566120
149087 288066
313128 448039
205372 243174
458820 729253
676987 414341
403798 4335
35889 611360
135469 558011
488907 114807
91626 502618
659439 721076
46170 447203
500492 306662
542165 743493
40187 305667
659568 750474
625701 419709
2110 526764
561984 112222
614025 231899
84098 376796
680599 9412
242680 60701
687912 575312
36478 695100
52952 218102
450782 444862
51132 146317
512183 78361
86225 690364
708562 627698
589005 493454
354107 320986
422532 688055
581354 612018
550284 253013
155111 523420
614370 338490
233196 170657
422864 429883
731183 180745
494302 84490
477040 744845
475133 500164
237698 185942
639501 746083
527776 162461
698549 6907
23272 683908
531791 555545
185675 239993
93600 454431
345766 45475
269646 270406
19703 472673
685178 214682
376335 89468
585225 88886
81954 500391
640292 273962
256973 688037
350158 307963
582000 429088
308186 599892
39605 753819
624260 173563
74188 287598
85277 440990
149303 420940
606115 568959
66799 175074
247595 115524
451962 560771
68804 212392
645599 324565
494130 388984
364561 85077
123079 112029
344261 112670
356342 427483
8878 625549
144236 463337
80423 41783
104865 52162
725688 576117
475039 692160
500023 44780
487522 679411
61247 402446
108485 718432
517326 486096
176124 22064
400111 347013
178508 746766
636581 457940
392577 77396
100002 467074
151108 562549
176538 680404
242773 369486
230193 516140
20438 630392
537807 351658
87521 694272
359429 414219
44048 712532
256534 158450
620987 642823
234889 436979
304459 743970
215569 251246
28405 323235
358278 137010
179099 487676
300907 504043
621839 151881
710803 96679
494516 438254
26063 245881
310246 754003
394087 731746
578306 123566
664892 293717
675630 282171
693004 452627
273932 82733
496518 226477
24664 411738
373344 561551
495808 751495
311298 24530
640580 545317
538908 150279
463953 121590
529510 66893
659554 689211
345732 72676
735315 500762
545453 98905
703163 173418
489215 694302
94838 234748
492503 327748
538300 606552
180670 486290
444286 562377
41328 745757
81701 306094
406557 155639
94966 596814
657559 540618
238546 383611
465553 530719
736615 710315
714344 671768
660863 517363
721087 298325
69034 291096
435209 78432
323937 4729
732669 560264
410854 561294
202639 705015
464147 561646
696343 754732
27527 657787
35868 698796
2558 93911
422913 157383
516502 498142
285683 274605
86580 318645
64412 677292
160812 1154
406634 344311
725150 163634
426573 470134
423392 555396
81104 440095
63057 285814
678627 244656
704820 750230
285042 689835
369348 452046
478715 191886
374616 284094
1419 627271
377608 526247
427827 382966
106673 256202
752443 441617
134349 159573
172617 483620
264129 198999
544852 202154
160919 604877
146509 263533
87187 161775
109746 558470
470984 423627
642263 518321
405916 408515
437735 563167
580615 503628
349290 460230
555227 351279
221212 388299
229461 715203
46003 185946
248179 37643
636124 309418
266249 686583
636278 357240
652295 569320
354208 612377
309514 435632
680397 636158
644927 95826
188512 675509
610768 417594
176856 501154
57337 656047
521034 405893
136405 720835
385431 741789
726095 133555
106302 715528
249455 617342
594531 92077
396898 66500
115141 744976
329865 572035
512184 220460
687716 46545
601835 479965
28859 39508
715524 390561
35911 39489
90189 652056
494332 133933
119321 610413
722255 206673
702730 350992
116945 274602
190029 134176
2149 386967
693367 640805
9032 301812
715829 293950
215983 649459
402823 449845
275676 83869
114450 716245
302760 172129
518454 734716
394229 29629
735441 206606
266595 618437
216380 477131
288507 657249
131808 370133
231309 256511
103631 597721
736115 32217
592630 548238
440719 381103
230625 50584
694529 647347
190406 192609
664215 740763
362207 604230
10406 689702
288542 672110
464659 325123
132404 689242
394839 259607
663467 541727
48507 351830
322869 622660
191910 609348
434073 651372
293746 94130
595559 586551
336754 109343
754256 251154
474305 539426
672322 553511
568885 372608
601250 630728
129789 345338
392831 81438
442826 27304
657587 158264
331495 423768
77432 750614
240117 189460
469397 638140
350545 720307
408847 577576
327239 606251
582898 138681
525953 673908
234904 61254
104324 343048
472597 49524
188420 694120
220014 133520
385338 620492
205640 741248
95163 39455
328986 119438
593969 457920
178497 700987
681296 294290
514286 243141
211743 574057
155806 206549
36826 439482
460611 239129
185679 22053
485364 451231
361073 211142
689228 223737
499314 244070
664266 217942
42983 307226
13680 40460
255913 213152
685272 522890
622151 418554
475164 358639
647126 488634
1671 365888
162487 551235
156598 476785
496490 43513
9845 726414
129881 18654
353037 466970
281483 262005
280678 576924
345903 663211
608099 486761
8812 626293
34173 14108
621190 310677
192494 551199
369613 400466
20699 429321
209074 185383
416688 375820
464612 641356
544191 146437
571925 146644
538656 408152
283437 539211
319590 683141
473467 315751
356115 555729
502892 106730
682945 251741
105275 302662
699617 578901
749111 107163
170589 640863
210037 642894
69032 217615
76502 381955
94653 168146
348587 212119
612435 9447
336816 174080
262826 317336
302897 238829
384414 76909
603793 377310
316482 442053
458380 610555
96585 624654
145739 746223
538704 730858
335420 453872
271023 740662
214925 242412
473016 326142
566183 253695
654946 119891
494539 290839
330381 684005
429557 240078
328220 286378
616594 390945
700739 235647
228795 730613
172555 138836
161637 110966
204055 695377
17585 119809
85536 582962
115748 563885
728112 388886
209603 481491
714243 727434
418780 19595
158102 69960
710356 389178
693063 487158
532623 547438
124353 221354
262502 52949
656703 544729
322020 725673
423353 86489
154168 231021
757601 693066
178047 490442
329087 217069
85376 197279
151348 490137
255442 318243
143957 508743
756527 238415
483294 208144
463571 324822
233638 680132
45978 192296
733047 508361
164087 609894
384736 474177
306244 514843
739817 732966
741828 183419
326380 167017
40133 293323
508379 581489
142271 517988
364730 616321
538725 5416
616771 94275
30777 7080
244113 316903
519417 258980
74146 683329
581294 463296
609262 656136
593818 338985
244525 750993
56735 446711
506339 72583
67896 651132
569656 644267
713273 553603
500803 346746
267153 591652
396266 261949
301276 255243
731928 423839
256069 654022
218242 271543
311939 31101
641007 261610
563651 462301
750469 485742
59926 208418
357729 757234
286205 133073
249983 14784
90826 681328
583146 276120
323303 408808
95429 356389
183669 551068
740452 402041
547466 629241
113310 12385
247 676510
610057 334077
547221 352531
451572 244830
556971 594494
688010 46799
585440 497709
163898 205267
511762 153857
367662 352820
44862 175472
53845 539697
626098 249361
540513 67914
602358 749224
371618 616493
325186 29696
91671 299788
291325 302767
95765 465130
50608 432570
616892 108711
662092 33941
729775 2642
112533 75193
402342 224230
286948 534506
280982 230039
248908 422510
443628 626764
298668 191984
625551 25120
511598 45178
526975 722910
168426 395244
283323 619387
120192 439809
102170 586102
262715 707121
133401 15485
194763 697714
726769 213007
35049 82614
290804 272065
448363 26992
613983 120896
67454 353265
732005 122328
435541 162781
716419 261398
309725 524607
75539 631774
143002 245828
705210 250383
528666 632533
704641 598533
226783 505895
107488 159751
54364 302527
586074 197228
616402 467902
272775 502305
737681 118501
562210 309447
9973 287881
757242 297972
113248 751982
347051 432285
346339 222565
323565 113383
81138 166727
340738 686969
674711 489335
715742 87610
473275 196846
393805 277419
271978 106149
746965 703029
297211 422736
25016 552220
380490 194390
8133 586633
174163 343204
596731 719580
605347 153583
447012 452721
438447 379499
483351 178638
578851 507140
536769 723986
256361 675234
441594 632271
5909 522805
714431 637407
1359 716663
688940 64084
522731 140340
438372 567936
442628 151087
522683 192165
498691 464684
694877 752438
294340 536847
319233 95770
187909 97620
517241 601936
720916 707833
508327 442624
171649 411034
414717 541407
587219 194058
101189 638196
254171 150135
543767 621799
714556 417702
17215 692143
608066 405404
571523 137661
563130 678538
273574 316456
506007 132497
21317 594499
713231 402416
28404 286788
224721 62809
672203 258228
469079 301982
36935 48395
96432 551535
367932 286716
62126 308992
596698 70915
611419 713579
147366 579880
99733 360572
692841 639489
258011 507802
337832 678319
463483 454732
331693 448248
388957 352410
706581 612534
59296 43949
332587 295669
386700 596376
260919 608393
290064 482713
246191 609878
278112 146518
291638 334128
225986 291351
321001 482066
544413 99297
619236 698127
341597 504824
424779 275327
713996 287363
31693 4318
732941 281417
284904 212639
561344 545138
79182 344761
249068 143570
220433 319743
61114 38613
572939 193644
590173 163551
628302 446493
423186 436172
629332 77466
481046 57885
272779 106696
504542 627134
303285 31093
620524 308745
299130 402170
42793 69646
562732 578451
56993 663646
379306 288105
727597 680725
486400 82209
571616 147409
666062 168333
317966 249103
640931 710608
635576 574192
395003 311833
445038 716677
141117 539989
385723 169759
36528 317523
582882 83917
446902 186493
375832 707869
247877 651678
96529 427736
247583 506858
249869 605786
316844 629913
671371 250876
728363 148000
434476 192724
204665 412965
221877 425309
404207 751032
595947 661346
34421 293687
694227 570411
285744 577802
257197 99398
171392 247873
469810 625459
83341 388196
344084 635460
560775 44186
2530 696632
518981 546558
99915 212767
1296 37674
602151 244032
560939 143735
323443 31674
476651 10907
465535 205820
758647 296889
72238 631688
346297 736844
430024 317352
5167 422248
577413 149225
513249 407540
26535 536754
305911 393593
250778 242940
623278 737501
465264 50872
747083 198861
52460 451419
297629 674258
159366 612111
8939 414539
130067 623578
22599 139187
293200 444838
556023 136183
731097 747950
126937 289557
574334 600904
375746 67487
98476 236174
657467 177150
690748 507843
733809 271475
395155 706693
406058 372306
36714 573799
625103 280407
146818 742969
542657 474960
91886 468159
126351 401665
308464 382087
346950 528197
337167 248624
529887 395253
538985 368216
171354 267076
399071 385858
625424 693053
347304 601951
153694 701336
637487 729533
244726 628909
196708 367261
96575 75091
103738 47809
244487 168548
49836 245234
392906 439094
347322 673064
419688 448664
42452 735120
577192 280990
526817 317953
400424 58288
175106 83778
457887 172241
557005 361732
436978 479615
71709 184407
694706 374599
624793 275391
731705 616460
492825 468628
689254 709290
620356 334374
218908 167299
674313 745728
125073 251331
513196 292189
564044 375321
432225 197740
22716 448440
313836 626800
672377 671073
315583 229903
204237 640838
394591 389094
147744 604264
637821 274647
357309 467989
418079 635251
668411 554596
660533 216006
255262 504150
308272 427602
347019 409208
690197 126994
530888 285307
78611 155349
112962 427929
245797 606543
520439 474373
319317 192007
20417 178846
256695 183732
225367 514668
351589 310371
654961 678954
479533 625329
43130 662612
530518 304240
605622 58219
344815 364404
689805 108829
178559 707354
144367 352318
394612 32712
699241 553750
556168 281901
133104 516584
716194 687961
116632 281321
288636 542716
756735 361448
265330 349256
222068 74458
455599 606022
91625 545830
680716 743559
667541 598271
708118 672688
226234 366262
274946 352291
249759 324322
270547 51577
522389 39103
731255 337438
606142 730176
78617 175389
420598 166082
148344 494209
633225 356523
737426 150812
425865 542356
99920 420744
395974 454012
333707 180274
53766 635354
90767 741051
431816 102753
50448 194155
356734 275716
227743 10523
727687 529086
304794 344919
355272 574008
102715 67720
659804 154628
481834 312782
489988 552061
72422 23386
283889 226033
582081 169139
99578 622331
58822 333063
61444 387366
357616 672328
402518 344302
287028 373655
709566 475119
371014 509591
639962 750516
441237 509235
446908 544027
510751 432541
477217 713025
78556 212604
339672 644618
116274 27855
386847 311146
86266 757738
173274 522474
161424 382542
666178 437767
350257 296219
498643 728284
666391 209367
209334 257971
28428 672899
175279 418849
606497 531366
729236 726393
415262 407860
52113 268284
264828 653596
198400 86384
60186 474012
269410 579666
652953 673844
36631 470930
537401 692389
282536 537399
381519 596919
449342 555044
434493 368009
372569 238505
758347 451572
118423 396078
344101 455894
85908 18475
559217 581821
657544 570809
593264 197485
58398 332427
489004 127065
755772 334182
28987 51022
342940 208118
685202 428172
314057 191594
143628 400592
398825 47741
420553 55147
150200 141805
697586 659920
17385 478866
742549 392539
510535 356371
242225 84842
367612 163123
134827 576695
74139 178723
47610 544125
578929 693347
537570 696065
52667 438
24866 232010
96197 494684
265718 534196
619707 284352
31265 301076
457714 425544
186099 372491
198790 51610
548854 667085
453935 245014
640534 242777
306550 594158
473693 397641
66525 709043
510427 76938
370075 405211
280559 231346
626006 557854
554973 3786
408197 188060
687013 628635
398002 529140
141873 654980
218407 532430
9339 65596
362714 648758
178723 51903
329030 495363
76441 580517
360371 155927
734892 451479
757705 657596
14812 15497
676265 191772
755909 208667
167801 447783
110200 555668
8087 112645
15094 676421
59071 195195
584791 212597
126075 406974
506680 398308
279041 556659
215209 565305
6369 705012
330945 752248
270145 697992
354281 107180
747521 161406
249397 448274
633698 528679
239638 38756
44891 529674
580733 421986
654183 673909
366490 587597
525788 541427
678141 225510
533248 630876
391320 492036
693270 203803
623302 458341
512901 382816
666742 128223
125193 594850
610228 248754
336919 187551
447376 383420
465271 641024
641639 535484
340669 471826
481170 166342
352761 522797
328218 25100
146635 376652
509205 132198
53063 670443
165515 436442
339564 535524
70250 467556
591893 570926
376112 40647
311491 324770
84467 643010
88696 114646
511097 160528
506363 157784
4313 674821
6042 304425
292776 482985
443139 757460
447853 79869
512188 482477
610006 306462
172919 328961
172081 412401
703662 400762
20563 26821
109085 301904
514438 201232
172244 546483
309466 724930
339670 281810
277818 481498
448506 131023
542099 530597
175545 425667
146341 599330
123231 267519
513850 345024
547496 384562
640885 581980
543916 752254
366322 161868
481392 756607
226235 208897
23231 256896
63158 282655
36251 454947
684648 74680
586844 351876
665367 741370
537821 516289
365814 166816
622317 704174
1625 532626
240616 490165
307589 401461
225903 234718
114472 487730
518526 589222
342632 179358
133890 707643
455058 228613
359548 588533
161037 295645
267115 756230
573738 398191
56129 562903
357258 211094
470507 451912
496923 238022
736079 208761
376671 319393
511569 624300
123788 373235
393860 572034
670227 72365
82482 610183
757380 174596
437147 189559
648344 260966
4094 741531
306209 336930
522284 652281
75490 269397
395519 91366
230045 597618
70245 213666
388293 539872
226855 165752
432906 751804
232600 725846
55477 44957
90506 446224
161861 376278
237138 685950
178764 111159
338742 511287
730753 676672
95600 614147
168752 353543
192225 551158
756296 751862
251290 28059
13465 341311
82491 273698
755049 743218
698655 87446
53217 561605
371396 411685
23791 480144
758171 690785
671919 692375
630695 444958
150623 666988
484475 229734
634128 679674
501870 452711
671085 121718
283673 178905
577173 302896
747940 458318
448204 583524
78976 103312
172797 170146
670348 14161
485996 695664
706081 355304
361347 445149
703341 40481
256661 368389
132867 548905
53376 98058
584789 140559
726226 30498
556538 17617
697279 22171
721919 661208
605744 14443
744689 212565
194705 601856
510561 557341
567050 185937
280632 54767
107673 323524
299512 689949
117840 585120
546848 685898
197668 697694
29430 379171
586460 312455
550643 26483
738462 14652
266063 170390
10644 58201
10818 337948
12552 696833
649555 488833
237354 110539
603366 589353
441330 506644
505078 975
44955 483639
537897 66161
163424 101976
170495 155721
426194 224405
298980 197183
173361 212313
735464 453709
56947 290296
362905 24638
12460 14462
154114 123986
212190 551160
355198 648559
71506 518422
718863 470437
432261 472170
235272 238968
176134 528840
140236 499080
317303 193970
388761 218620
133975 178283
47141 653434
266076 308432
254495 584054
207265 562195
7259 627807
413290 292850
526441 246721
367684 182647
187029 713772
693779 16839
247069 692034
483018 167384
346999 115075
726910 706274
596114 14
517614 485365
204596 370208
562993 360915
329652 579431
45410 193724
672301 691995
361368 107271
444403 74761
39638 500371
668769 596297
222090 205535
334539 343095
65944 469389
389500 106504
734787 28078
136664 321842
537264 490409
136546 687258
576593 338557
157051 612837
539688 320638
154357 387940
518474 540122
529477 67117
352441 415208
30924 627550
48759 245302
185438 54541
523976 23572
423986 483293
71172 369217
360688 657998
175261 397575
158833 215276
270883 345454
157509 297627
486317 338604
553109 171348
179777 741975
349913 317819
86388 540586
91891 323673
667760 257844
363886 128703
646737 456626
489157 694134
224191 301383
316297 61686
356411 128273
69319 5855
320556 292852
712404 86202
35456 116221
445094 153432
35528 17253
468062 430949
69033 368258
247730 540780
362146 198970
305079 377128
197471 696702
264460 93859
631453 499655
89826 311028
427624 41066
490310 667414
333328 750140
464397 728531
461129 130867
317978 538409
618563 687360
621337 331102
163670 54734
172531 79196
218976 567737
408632 227912
24764 639584
67978 544726
688274 247750
168407 126365
754079 277306
741716 313158
213337 509437
557402 68454
404540 738175
324805 460895
5091 184672
493112 240243
327957 206611
146403 375267
613083 42859
440048 287265
281048 226786
180564 420038
223278 188606
481084 483201
353830 539881
186578 23441
551908 510669
199638 63115
580360 262626
555276 290765
563617 569492
270791 209647
146578 549748
488997 250469
217854 11498
221561 294665
454057 509574
533545 313492
163848 734402
633435 344544
13225 125002
131733 274381
610511 216127
133763 57967
249514 646272
433414 351549
473119 322779
311007 16246
320906 675503
399494 135907
322701 353922
630393 435783
1917 29515
303551 2562
233848 421905
453112 468450
579011 528562
505355 533714
563163 635805
237419 671122
382093 405143
599559 589999
567054 691369
340634 262204
533956 307035
437140 437003
309981 125709
93955 562552
647658 93208
29330 589533
476411 172448
419920 350401
411401 372938
533072 178236
307125 366960
427197 52310
577120 463751
379574 638956
115611 445778
67230 408815
526102 525302
736033 473938
92758 696925
313521 258720
604986 44815
710188 342883
661226 149468
358864 197736
643756 70013
113394 630370
469686 640758
616680 726196
28645 49912
176285 635887
36902 608908
70908 269150
612438 497131
161021 530101
434864 219487
427414 86975
98440 403841
552323 359891
616801 420622
702960 103547
210422 684485
605089 693694
21084 367725
265150 472516
503756 161207
287842 365107
53201 693
211220 265686
115868 453824
424165 678220
10630 341016
192405 98700
347827 68152
395018 662754
36438 169581
154590 685871
244131 394449
493406 708482
354482 498829
463942 410390
391685 518135
301057 714632
6813 12960
507197 194426
478306 371132
659302 708626
144773 248711
144669 653623
58341 554930
134400 219567
667388 421079
157581 596028
374623 70902
617421 542421
572540 579573
26592 400205
253464 743762
189650 455123
442458 20818
399260 593752
338958 486349
716224 234013
442745 302395
504433 212495
135370 752810
483942 285135
732963 328092
101040 337844
80632 574393
371100 264604
41345 353316
328784 695187
644064 372796
701050 473627
626105 445323
373860 291445
167371 191180
79554 77770
342633 231609
220016 458703
661842 157637
465778 303142
610460 540963
736034 3405
596407 501849
192347 657387
631914 320139
119935 571767
519758 275270
697489 298682
386656 497207
523761 605000
716088 5037
723783 26819
458451 352143
543748 141339
212571 111333
427741 430242
121241 467692
579951 125807
483559 439398
484990 569811
270173 190482
203933 642903
431572 452879
412129 632974
54565 339291
747676 740947
430716 22667
320185 379532
172426 408708
476998 379509
381255 158121
594666 501736
530003 425627
276073 598430
547106 264703
455482 482864
20949 739190
679412 230430
205636 635975
529299 107965
550268 374086
265872 103340
748251 67967
272339 182770
551166 241593
172863 322399
478437 280534
731226 192096
274053 274296
86134 519204
599675 192405
20250 403835
338078 30332
59224 443468
545401 297181
283419 701565
165018 364263
659743 710576
578839 180731
392459 687869
356739 666748
387453 573765
139001 232358
269157 395420
457478 59663
528249 394988
498693 121908
320117 440453
81134 295676
750542 22053
288586 299079
127587 398217
110272 547542
357816 355741
319355 280954
341028 479472
536706 500699
195497 53282
222358 752443
656537 226161
347608 565443
356088 550461
537999 520140
162770 124833
497890 314099
49956 127481
247516 408250
378226 382253
83444 438142
701406 312216
594825 33110
583730 522861
197203 117341
489648 517935
150584 118852
200270 290797
600344 466502
724100 239220
74815 453866
17404 33906
197463 605522
288465 371167
691205 758453
354544 219042
294689 508608
10480 383011
435112 208247
32115 313849
56617 171003
262157 298997
474480 476913
276981 379353
266881 196710
454185 224287
663525 454221
450085 459746
65773 585106
368683 406826
417937 681738
267748 283530
434904 178156
173742 27799
631538 205082
642675 295523
455680 558220
416299 243687
733385 10609
57168 43904
300090 225754
672288 354069
534104 122563
624959 108195
97926 26322
253097 588224
600925 517036
566379 57644
158707 354001
267127 285984
231960 755178
449884 524108
665862 186340
232428 73567
471757 564732
323604 210025
754562 85263
90206 239624
265761 426158
401265 619347
398515 134002
560130 546611
384098 427599
363014 14323
41856 276149
183216 723363
648008 559941
52202 457048
654564 423820
560923 582605
367402 92251
613123 706836
79280 160082
95799 742510
411226 721809
224503 662352
201608 286492
230060 544031
467569 249966
585218 322207
222037 209427
181530 69481
452942 48004
214613 118491
181121 106150
402993 411317
703021 575037
430357 143255
520826 273477
89234 203375
732032 424816
518692 61111
583205 493349
475741 285182
521029 26147
754269 119014
413759 523247
741680 648682
395012 428979
665178 222326
82174 372223
131372 599548
668678 411134
420097 458069
470941 133395
598529 96266
211806 52200
216625 169575
149934 741811
508102 263625
469799 23152
198487 484027
342691 519910
460990 637018
293365 153245
587282 98732
588911 483594
132357 474396
642953 47638
299261 500329
149424 667765
730463 311063
27696 622426
251009 224193
737842 202125
401309 483153
515470 12506
427556 422881
617647 97698
584545 559920
708289 255008
313549 19673
73565 502748
411772 329326
303036 626513
335479 77685
630510 734739
15019 87381
379501 378492
229684 699360
611339 406237
680441 687601
664186 643576
403700 551699
295006 370672
280978 644996
433840 509231
393168 565129
213622 678315
32646 339053
97253 625097
689235 753929
659085 462848
232995 370233
402917 714269
736779 750643
385506 58320
181224 366424
445402 315133
245602 101011
592972 524485
22816 738008
742312 497894
279824 1249
615734 116290
415834 37960
45278 335692
68974 553966
279076 473393
19384 589259
158166 308227
534559 480454
501250 151039
672282 556250
692448 306943
73804 436280
635439 272427
535603 98845
219678 618485
134228 246599
219468 506966
249523 561987
118359 55516
672713 370502
352292 146612
201098 565658
484117 464350
483908 421383
569109 358710
745462 130154
387190 80759
107620 723186
688357 757000
42747 696650
629789 556850
147310 109260
308996 388773
142266 388518
50931 236155
758451 743477
583636 703082
248758 532637
579490 683664
257666 444294
6149 717189
20278 234448
193076 153527
503345 474491
61517 300427
207691 97759
279063 463865
138800 654736
221083 742607
530964 103074
598633 463025
181127 56902
362447 611109
101327 585247
467351 19957
602709 495257
396921 168426
443816 393899
280372 419931
250366 14555
292695 574231
469035 147616
398192 181466
635355 667450
341133 666882
400899 218190
478870 689294
308751 380774
476330 220765
189702 516400
99122 453399
158842 383657
519260 552607
616725 506827
229917 553311
214621 462838
216590 450482
663243 621374
452139 208813
724791 481330
540295 97780
398297 140000
520833 328043
721924 56220
48522 515802
333773 11718
510563 576706
452804 169616
454549 298408
106329 615141
371330 201462
667941 491810
413174 112028
58164 525429
95609 674442
247283 324256
676572 115788
641904 526946
230312 288333
414308 47250
495037 201337
450471 576884
176153 736521
273539 232504
34334 437862
554440 24280
754847 285887
180101 511856
430004 403263
259273 533304
282936 164811
76671 524311
373376 396684
681693 723077
51808 573058
618782 152198
300475 733814
325175 682396
526680 210828
132085 481535
708632 708979
32632 97746
598932 701606
538295 475731
70239 165525
261228 534830
691873 188339
502534 629001
75269 611789
528688 449746
737521 353421
531951 300046
21832 647179
615515 346920
558754 55243
535917 741689
48326 107816
463987 430349
462474 24036
143130 105970
98933 515642
195517 438998
302918 304881
490287 123405
189636 361520
287839 720513
513274 524233
221697 554800
141494 366364
636440 41119
715067 464316
457335 469715
580798 282704
338054 615297
210642 469176
597345 419451
367528 146871
622075 211319
678952 232858
698348 129932
217811 571125
636406 196920
338544 33424
687007 225794
41873 710538
675272 577678
7582 349523
751453 311621
250387 581349
608187 524085
61364 330674
716633 388252
492295 263700
304372 516251
466998 51822
52529 540288
689945 50518
251242 97842
616240 453112
482652 362415
320695 159353
651839 349867
430749 52519
270865 62816
593115 136189
429239 320966
631048 398998
260282 724936
400939 477404
114427 90404
211176 674432
731852 443156
52632 618583
602379 522963
617310 272669
733445 491988
56827 652137
127133 163171
70727 395161
337027 273405
587508 244535
69154 478015
609981 375612
190977 346445
468562 235748
331739 687866
636444 331058
713829 745757
506720 641873
4051 43542
444722 127501
3258 742143
613524 205574
691369 485348
71248 651002
51989 662351
401018 60812
514606 14971
638643 712514
104398 274967
486545 498085
615426 550833
188097 585378
691348 243187
592947 406468
405903 484921
698589 438607
270 92696
594055 189750
473694 14532
192150 643324
14069 517670
456955 620058
571767 70036
205692 355976
474629 632657
178276 151846
31699 111039
149672 334667
24309 416684
37064 406461
683938 525062
257716 228348
566848 22877
257242 509030
679047 524353
20585 219147
418020 385680
557879 683559
68939 463693
342185 97978
570083 100565
684850 51586
742538 238074
678839 582967
227291 342139
558124 410447
62089 279029
601106 747023
542867 514448
232025 583055
210632 47025
327709 593018
391681 414985
185616 642481
236660 571924
358356 617027
528060 592898
345106 283090
726952 5922
626247 735204
223832 693312
192030 660875
530276 111500
476574 595292
483443 170192
444918 223297
699858 596483
252017 651339
486931 635314
520414 757714
747565 348894
728058 535616
566226 39038
647189 270569
137566 368065
386970 8646
743172 98799
706699 657683
89437 627194
492662 715643
54398 507209
123622 511166
431062 101568
457315 28596
725902 616067
661171 470385
71608 414365
459504 614901
2318 562326
169303 221921
323827 218421
298103 399313
320523 549619
156616 603538
269579 149518
696912 235760
756492 670191
286273 629444
492824 580334
64603 3072
417429 349295
561023 733205
82722 562235
394433 233640
516061 545823
120727 71426
176554 462450
710236 496701
574176 470823
181678 696942
740186 416405
692656 6655
264219 700053
675133 570845
215416 95578
732782 70492
581973 121615
744761 285153
188044 325270
731732 483302
344519 49328
360891 178231
90980 287463
6672 195598
661859 663726
651419 549759
334751 572950
530429 516074
643409 661313
228359 860
177229 346026
20379 77323
629181 117367
115244 380092
404369 372827
240119 738323
717008 16368
479190 465160
238047 205749
197462 669054
642469 120575
170368 244046
86777 204677
510869 137186
291589 257594
95969 87244
301127 693997
3015 573424
353084 432804
295500 307663
485603 60588
212327 264739
484029 646149
753531 681547
647049 366573
440391 575076
30055 18576
722421 277562
414231 118189
402377 68085
135130 597054
93366 145275
111950 664046
675321 213277
640232 744692
217096 146767
659184 308970
504741 368229
144860 191672
497295 557373
174444 735740
418736 117737
178435 105215
222361 59132
749112 427320
145427 446895
529004 630507
466263 658014
362330 188996
108266 550730
248969 294161
403912 320190
25905 282395
232456 434369
565293 667508
49447 96165
486831 445613
502397 398445
679056 242857
54449 548517
386916 164013
34561 483877
752201 304183
615115 357189
599332 213973
102006 639815
443368 573799
111258 271407
97653 448350
177510 42497
450486 660950
533220 589268
190347 506716
228521 492993
627218 80723
201408 710462
471239 616855
297718 402712
747616 255934
379125 658403
419119 135339
279784 391437
195316 648977
679312 689323
414463 102492
91613 540302
238097 720011
284370 525402
626773 562039
213745 159827
128684 647319
691595 474889
203960 178228
257156 250060
423246 618231
595856 555819
610695 378823
506151 39087
209461 423506
386345 161080
748577 65755
126965 246419
64310 276902
174655 85540
25503 236294
58467 478211
205182 145828
114164 14610
549119 49487
498507 739915
476816 320449
682847 397532
35675 219201
428328 249575
472744 290274
176073 112175
270786 397073
580605 619008
78434 361441
480388 270408
284601 387579
392370 358881
270277 286631
509924 603054
404799 37487
328014 280079
36694 256858
317570 429499
659675 662682
427820 415239
217651 636792
573836 218464
1320 45903
135636 78311
264038 724523
64131 682993
193491 230386
280762 130499
190413 123148
111481 503327
176922 53660
279723 440139
628363 606885
694173 270753
375810 87482
18561 65408
184255 162369
502240 390912
292512 496350
408327 35959
87604 641449
591201 13191
261309 324405
162948 523802
576263 324148
487066 732725
707846 481805
39740 493263
353440 279491
612477 154935
577896 594107
612414 184594
476117 105289
191516 716326
264096 623031
120702 374902
430197 18058
368033 153537
254810 595742
321207 415894
507775 207979
675047 148657
154782 716444
155340 157155
428213 211173
106805 217323
71792 58525
64436 712426
725263 454209
728811 582605
731100 661573
649765 292760
8730 379337
253175 81631
538832 525049
458544 697418
344467 671646
233469 695279
495614 748105
377344 296950
489488 17478
305520 331767
309098 730744
539795 483947
12262 668274
503497 296489
683136 710091
321176 271447
518611 84738
182359 410669
381280 706773
271183 389112
308954 490494
585274 589092
363843 229431
263839 87645
595847 30825
98371 433904
507721 198288
395292 86867
15348 321301
457889 457324
518929 152757
564704 156689
451427 675951
393614 618228
686991 705275
580453 693406
60737 291370
541382 238520
164432 17530
500687 622037
703018 294483
76576 417946
512057 422563
246131 140733
121877 339302
280724 403218
222859 62381
26244 403387
91831 44229
656835 388044
616627 15531
642411 334084
308417 229773
553441 697292
536197 312149
711788 360649
79466 44065
49510 669954
468816 403558
19049 539537
381366 753151
108141 411522
11052 446064
728367 499491
136042 610962
281420 358768
173575 306231
348884 24052
549094 322167
233187 706804
623764 602796
736662 324580
389286 729134
372815 363474
399743 673947
176208 268006
547782 119457
656617 347746
354898 48638
356083 578838
396801 377923
371175 592297
223770 405790
508534 114775
434238 628405
199395 230726
385725 533187
4075 667790
199369 65224
378250 341307
7289 309360
225661 216060
32368 482193
523475 213285
134371 567200
604266 242059
725690 35345
704849 552956
519764 174355
691270 562431
182493 155261
616102 115258
318994 456077
502666 130391
522080 726394
106333 403956
585376 615404
132682 748141
68306 51258
78448 486445
540837 231720
24499 652209
84257 618230
647232 189576
141493 61373
413410 585803
159435 191203
181682 515885
723177 95800
281596 489219
158074 648526
274231 228275
632683 238522
84114 649643
113447 637769
421655 353799
426306 415029
734274 404575
98264 396305
691803 752667
232327 49919
317573 29322
344855 685219
4374 739991
345230 680752
616804 704429
244262 285063
11483 171968
97642 202860
56151 350774
142083 219265
467522 507675
546022 368498
69776 689780
6059 145264
242113 163691
574483 460792
424824 132728
312559 366522
600252 300331
718460 452512
353562 746255
69044 413141
431653 601305
51997 577861
716667 513823
188436 278857
380138 561003
601782 167438
457063 702721
73120 636042
666562 389673
583373 314970
226382 266331
334394 329418
45085 641339
244843 19989
693668 31124
103310 709959
660145 416065
181860 730685
426069 301671
669331 215445
294214 323995
664862 249006
391057 643894
643941 585446
556880 397455
317425 166597
575134 265508
471926 268542
497339 712863
146475 507871
328498 369960
404255 150011
308184 145722
531677 510571
44232 183643
465536 578923
155033 683844
118907 448412
318745 579098
643344 654393
334026 692119
447281 469681
400240 165415
705924 398244
391289 374552
206373 207281
110686 162116
33577 557717
558711 339027
671652 397635
710608 252242
15882 491249
194619 495002
332607 478913
427608 232684
134354 30567
406118 214345
240874 671004
634596 249140
488143 261672
222567 554273
683730 316539
589745 651045
45924 662519
431501 29883
263641 381043
561772 386394
194082 619001
19828 307841
730382 441208
144143 402277
206403 657116
297462 50248
183868 359017
71003 68634
71880 248060
142783 163864
370426 752379
503731 370284
683101 196533
277298 39462
198992 539684
78913 535506
378213 136485
229174 139214
609435 176043
402654 31158
358348 581788
409422 26879
733949 66295
99206 398298
314959 714642
254309 308952
423441 181780
588659 247142
720544 648814
185642 187080
208644 231471
3073 253090
726163 484279
644659 81631
163008 292806
92403 670865
679515 201631
723585 320757
657002 69190
325709 618563
98214 85967
679548 590838
684525 659211
429590 284837
113549 577145
599949 724313
428663 391948
532084 695824
685805 194030
367847 368765
228215 54601
725995 27011
112498 282874
501269 696390
524316 680958
440683 270240
327764 17765
236228 455015
144245 603178
508851 309751
48971 106812
188655 569301
34953 711995
11087 703933
133233 672557
502597 105268
242599 355126
189309 8875
426447 459228
449276 334246
608289 411539
325027 401108
334433 709201
171616 398963
85479 312805
251534 675099
681976 315036
366225 394194
557483 537766
329028 658637
613962 577542
253231 125896
736541 426237
149097 647853
224433 576470
464570 368920
180124 425741
144038 387884
235137 28919
510694 642879
691700 619675
340670 199738
688 251481
257082 202481
450144 695790
209690 151392
133931 507216
289036 302968
376325 168221
423555 244659
171695 650882
677750 675554
204194 690890
53381 570275
67816 167388
428598 369659
520976 559512
728071 15006
705023 454312
705431 714457
592106 612128
353097 361549
447996 22737
589093 19721
184496 551561
135026 707510
231785 635230
21682 431798
282687 446041
289554 281324
290154 59746
474760 564361
365821 149016
57929 343675
314232 74819
12693 293525
437472 91687
566730 145039
687632 511296
602154 52440
223688 18377
371978 287529
683080 143663
493507 519320
490825 493581
641198 561260
351520 428893
620612 358219
100239 147558
703871 106246
38066 742897
619919 328693
239717 214217
297565 691662
186507 525453
305180 473478
565982 229765
143991 62282
136890 600452
317938 635188
318964 41097
25713 701421
594900 146658
24166 457403
638469 160943
450706 377730
580868 146910
168822 738515
380431 495800
262000 396882
326507 477390
663318 5081
41603 14998
320025 203719
46058 370766
725718 391087
168333 152461
458518 582651
396763 128807
502405 381844
647310 206267
744910 544825
115539 383568
655323 458357
315920 173890
284057 490789
410554 320071
693201 369362
543645 523398
238051 115854
316688 369486
707444 420800
708236 340755
404168 596507
562510 522222
573852 400473
525517 162895
252590 589715
474264 288236
480186 627010
523470 25992
750044 353919
348115 716275
102960 746281
600425 522991
313223 157081
466466 164048
360535 175280
260700 185673
611811 567004
720999 363310
427641 660589
390070 219429
697200 333233
371335 709984
519110 720428
499200 534901
18221 711150
506553 493011
135507 487166
451188 541290
603842 221211
622549 227861
635495 100058
293428 570642
68899 741793
232291 559201
187268 75093
184573 39334
337985 225706
334822 474757
520385 265835
698151 263420
2732 389809
217082 35075
160406 559979
141734 458935
541409 247019
111954 268780
633402 362509
549439 152722
366647 311860
182638 272781
80624 749969
270826 159291
471235 373077
630653 713888
699980 436716
75615 405171
183274 409640
630002 705826
227986 540248
486397 654234
631816 558243
416333 712610
697226 36609
292620 212133
720610 412720
25252 218846
127169 140492
623402 480717
716383 722615
384352 628577
432076 90426
324845 462504
119907 28969
321281 98901
606367 704612
225386 670062
659590 350734
678955 303001
189800 34669
136561 620092
45282 279544
510484 141823
369390 230012
715311 345672
541714 324700
178781 520726
180410 19525
486752 333503
243501 727511
690650 145452
88661 620200
57599 102099
754733 303070
634617 361896
380710 323535
578135 433941
668831 393106
80650 21197
528130 309380
622210 656803
539356 746569
699201 747093
48421 18924
161721 234935
91775 621878
191881 564201
401089 724248
560328 330236
352832 522282
445894 306184
77248 713317
521006 752793
613067 629309
421675 256519
289563 60241
172541 4777
88257 687496
488067 228500
99609 289286
145907 66733
459997 539205
14429 250478
251746 744941
410240 257447
683649 93190
386201 3211
454065 431022
426909 343566
524680 657268
748569 292338
278383 113966
725101 332117
668603 49783
93115 316854
459184 151015
724357 734161
385140 709156
749940 296217
393055 333672
27641 486109
355354 264311
704371 288373
682481 610024
521316 643316
534751 631075
646976 29534
489078 738767
209048 612421
430120 232489
174510 499929
448139 241413
478152 31872
209789 372828
537994 5913
17952 448118
273616 691298
326594 306717
204348 672365
661117 261041
265968 408402
320415 314643
395421 488024
242142 633222
641058 195851
43845 178861
59108 110702
219094 11483
521267 602819
617844 44847
688879 226916
442558 488709
53712 294897
405325 64477
243644 36984
289537 70212
309311 279801
180665 198820
262310 57973
83247 715769
516270 314230
187143 78271
740793 337356
228889 281988
425658 472390
578688 413236
371126 401044
660925 424459
258774 477425
334585 12954
651677 5947
440347 58110
537862 215784
380876 73703
177426 264935
478883 517424
202702 132608
620209 217936
515798 554240
290137 254021
507486 418734
475529 587718
160052 255581
517815 562569
520240 103816
438917 290825
31622 666017
320510 741785
308204 415306
734205 288439
641981 683813
721580 111371
204444 553033
409674 497994
367153 872
439100 58943
246732 630354
540625 417765
333735 243977
336383 133677
650033 535279
522292 694239
230868 79430
177826 214359
478192 64675
229814 90194
370736 59620
290421 65349
172994 418342
375390 662821
216183 379745
610630 161301
229064 47984
295094 649177
84574 91583
584082 261398
681270 269960
114961 369860
451675 146519
685172 537730
203264 143192
666073 263393
479704 326435
357016 694742
493411 686475
440856 721658
332471 17457
192544 382721
673294 436206
701528 137613
405654 142574
130681 490668
355637 451347
265587 218207
709131 359639
659719 200537
608714 540234
635631 722578
585427 680999
148094 125309
537848 626871
739570 457557
512156 567230
409317 146019
388934 570122
708210 50372
343155 320214
230330 364001
664842 285473
584764 649611
744564 52304
71704 224003
7184 197180
696836 458074
39955 70049
340802 127131
690529 658361
574378 288789
569761 216679
573362 553881
256131 244539
615602 352863
101364 607205
721027 104361
424542 146824
164604 660036
754413 109391
442724 358913
649816 491020
446057 461726
378439 67926
131810 344752
83456 646785
591114 122715
358446 328374
629189 429375
168767 268395
314423 20499
101642 166328
123707 343204
738905 65317
512688 716602
235537 503530
564387 497403
633060 391817
543622 45492
273602 650436
479065 396719
261099 353519
204368 644422
650352 99299
348202 155741
328618 343099
330599 197673
111035 741126
475237 661844
385434 317391
452158 463553
317487 417174
483384 508314
602010 285378
352274 316485
210587 142157
463924 757227
6275 727060
161669 690141
557445 389061
579250 397410
358650 422474
272333 327235
652096 348418
260843 538145
97507 112077
159180 628990
620065 750319
208519 225979
560335 434707
475494 316939
596774 501804
455558 678208
510265 607233
719477 474126
247225 136851
609786 613022
726642 484499
493469 643975
202729 54908
216126 696416
35124 404180
626897 142444
272278 612791
185733 655143
303433 532493
643348 463633
574570 580289
643752 93562
182172 483381
258675 561079
107956 107096
54571 698708
120220 568816
208827 254441
754146 402456
223785 568304
301275 191893
592066 746355
375124 225068
479689 237348
612604 462259
709275 746167
77858 276693
623876 64415
133549 111411
470763 424383
719802 586968
578708 586367
68990 556187
352978 572696
723775 203
518934 650284
684964 204742
512976 644967
399792 709750
717491 86637
478893 93788
600635 642145
610144 334499
746112 303351
638267 713071
681450 583656
213865 477812
625527 327013
515097 578659
365989 630707
80343 123998
168914 97970
689009 342319
477657 86481
144752 297602
383985 491245
224435 616464
631703 511571
69672 250779
461866 342904
507278 31896
254029 658583
512284 468475
471027 273487
49934 721519
699800 546440
138241 210107
448216 18271
521645 440055
395693 125707
428055 582371
39418 198480
624204 82489
561058 102283
409439 218891
134305 272948
99625 610819
545111 435800
367883 499721
715034 9173
428827 439105
465224 37922
512796 120364
38983 141370
600133 271418
467144 572755
22339 170279
487149 89714
670663 39502
4409 480204
193702 85022
24163 473309
37690 375263
539320 116549
283131 624684
262167 413597
659200 734562
377273 428553
337357 58765
641669 493837
445351 730849
244462 59754
173842 169471
99670 400354
92874 22764
162054 507444
483632 45964
115472 433693
373684 615773
93747 433875
524209 152661
188592 61062
442095 725816
491825 413742
454633 295360
352800 439773
48120 517975
173115 211517
325285 346477
376750 389057
697145 600197
561582 71703
620935 325173
45356 712781
628222 114838
536594 167477
286703 583283
740326 147285
598321 757652
210236 215381
113572 67078
403395 303404
735620 517688
490801 36570
140229 200755
258426 726811
268330 706228
71046 734473
105782 383267
50464 17496
560396 394065
4052 350698
411934 256464
209682 738617
82310 172251
636977 173631
56748 336533
385753 204062
689743 716527
325480 305702
449481 674738
166927 581131
538573 343245
490939 480121
685678 560245
81286 693108
752628 426299
672579 385213
190790 724387
462151 307013
324106 542813
374815 126347
470148 261088
172072 503352
78357 26307
696470 113044
672030 118211
706614 657663
488993 493516
696986 232555
675519 310400
90352 157811
452972 723762
419030 756255
462953 536465
494472 907
750943 656592
444019 153032
381034 592740
710369 485361
389519 95630
20907 658875
279915 487558
596802 220335
412168 284007
415837 487638
205414 272305
551104 501436
269505 686028
413017 621891
521999 120960
343973 200791
467436 408249
292662 217990
322624 461284
524351 8267
443274 211944
435669 198173
414318 124602
684506 14527
95749 401968
108479 435358
597750 568200
194736 695245
708754 742940
470325 310404
424750 430305
127225 57880
325523 520716
306718 438513
290366 19648
212291 97288
286628 752281
546009 650122
681835 453348
350657 584813
576803 274273
423462 329103
270845 79030
39802 644112
55535 212573
516557 594162
411277 71621
