608
157 10
31704 37196
31542 2920
47189 45688
28221 20915
43159 33026
34829 42840
26847 34064
16948 39381
37348 16219
9946 34590
3896 24552
41439 12278
6349 2789
20434 11417
37899 27921
24225 45698
41422 19063
38360 18607
31392 10089
3559 579
27888 14302
8813 5218
20919 11356
18407 35982
14123 42193
34687 5159
1509 22190
27146 47311
15855 13162
44776 16540
26065 24427
16041 14354
29393 30457
43363 34347
39945 42659
13273 6927
19794 26470
18784 16411
40214 34338
25242 33204
2331 12513
17639 44286
2523 39335
13244 24831
45291 27555
19625 38190
35681 25606
2671 146
1529 7060
33986 34377
27453 6591
158 19849
39744 22261
28327 17435
9238 36884
41735 38443
35176 40231
5736 13858
20954 22669
9287 17454
37079 15378
10971 33128
19052 31136
37753 4268
11223 26510
11867 16695
19298 33955
41809 42475
10596 38086
31398 26083
31080 31666
26576 21502
39220 19489
46072 26290
5626 3506
25260 9997
41736 23723
38347 3164
22053 14423
15766 12106
31505 40630
43962 22986
9148 18025
18498 20711
3162 23358
34051 3465
26385 16501
12178 42669
6977 43629
26865 26866
17499 27795
13632 10539
35004 41232
8038 7667
5763 8294
2517 45170
26388 37222
39987 20906
13533 31626
24606 32139
14772 29520
13185 41747
25086 41290
1891 20570
13502 26174
29446 30436
43903 32736
20505 1643
25763 189
16012 11259
40786 28266
852 25175
8710 18333
18502 33456
20526 35455
18731 38373
5263 30886
40270 41959
26903 32847
44122 18052
23549 9788
24023 26921
6820 21114
37999 1078
1001 34900
6900 30143
30822 38990
24778 8745
30363 34747
29403 11395
10225 33591
10845 34706
32156 34248
39622 33942
3771 40925
37257 46898
20360 31778
38637 31900
40128 10594
34406 3837
23050 13734
30467 31551
6562 17118
28909 520
39766 43571
8455 39820
2934 7410
25748 37845
41948 23920
1002 42246
26986 25218
21651 3826
7621 1926
46353 8431
46321 36913
4710 3224
24338 22779
15934 20752
41665 41103
23363 30737
651 10497
25461 4723
1702 35785
45616 45410
3489 25095
27466 45284
23796 31316
42268 17132
32391 5698
1146 6702
8210 37920
38658 25683
18818 42423
8830 46171
28935 13622
699 17279
19483 23995
31702 2615
45828 32437
37912 39157
17258 40201
28326 40488
4316 11235
9944 17006
9128 36971
35327 44180
2481 22053
33824 16441
19432 5605
37038 43085
32032 14747
18388 35175
28821 15200
25743 8844
14022 10254
43051 29448
34957 24124
40111 38382
43015 33317
30385 18921
4937 34988
19110 43541
19547 2692
27651 41823
16126 15265
40033 12590
27162 29136
30911 32928
27318 17088
35027 33686
4854 44159
15596 15691
30224 28069
31868 18044
46910 40212
10084 25432
31468 35158
11289 27552
21304 16033
45667 7738
41671 9314
27851 27373
44568 27221
10508 26231
27040 24930
11158 30940
18898 45050
16176 6178
30841 46586
26605 32291
10009 34737
35235 24826
46250 14722
13612 13068
43666 42341
45151 44267
29628 13244
38824 16846
23034 37919
14948 16425
42094 4898
7042 5102
35960 45573
2546 41335
1069 34945
46911 30096
22305 5023
1090 8570
32053 76
10196 27906
25616 29795
17684 4833
13809 4419
7996 10074
24444 35214
728 11120
45505 30257
15128 22482
2725 38723
32760 17194
43994 7544
2787 25054
40263 28653
32783 30630
26461 4167
12654 10518
37466 40783
9020 24376
26024 3138
38713 13867
17951 13856
39641 33708
14961 6664
11467 43516
9193 42999
16276 83
7778 22291
16305 31387
24272 15488
35920 38946
10396 5125
32763 5281
36171 19991
418 36851
27814 32960
31003 11319
40988 33692
19960 15558
37576 11950
47392 35760
36700 22715
13447 39404
43453 14508
22092 7411
22303 19669
23808 43580
9986 32896
41217 7392
33528 10097
12144 40057
40990 40245
21807 3546
37181 6400
17237 19647
46538 43720
3272 17069
10583 43431
40051 10109
17054 707
3122 25565
42757 12028
5497 30018
16888 17447
20282 43701
4341 27103
12775 13087
5366 28242
36348 16473
38856 16073
10767 33100
1980 39831
33234 34341
27419 24657
20371 4130
40894 8477
9680 36425
36369 40647
26778 5845
33303 38235
14274 17169
26835 10536
20681 37057
19977 41049
32693 20627
13917 18107
13077 4271
41069 30527
45155 37122
26802 34634
7682 1759
9967 46349
14840 7702
30152 12726
44114 14479
29989 21551
41780 15993
44099 25498
2873 8053
3744 5633
9953 42950
41664 9907
11349 1562
15037 22344
20909 34925
31147 38633
15382 16918
2793 485
38167 17160
12944 13272
3126 43150
24451 7191
21704 35478
27521 1828
8187 43011
28942 46088
1207 19658
26028 3001
44681 28803
12705 30920
45683 8109
15547 522
24200 38795
645 15173
25189 15513
29774 30646
4310 29784
35019 27107
32900 42422
44662 46846
21925 40285
40550 10598
26197 5948
39291 45033
47159 18368
21953 35096
23768 31562
22241 40175
10865 40504
28589 5122
2597 31039
23489 36481
6574 3427
15460 41595
30046 37797
5886 29660
46800 14428
47282 26509
1340 25913
42887 33920
10628 40719
12306 13131
36749 46642
14905 35161
32354 5789
13827 18836
34983 39474
34924 16456
4814 4173
4327 4456
25506 30114
2676 3696
10593 46698
44915 24215
34707 40452
3519 17915
45063 40292
29135 18615
31743 34765
4303 27345
19411 29246
27256 21647
4572 28907
19957 1228
15392 24079
13186 38713
16362 42566
15221 37018
38910 32274
11907 10788
34880 30075
15757 35127
1279 11820
11372 542
20174 7037
20364 11
25184 33997
838 7167
5069 25766
12585 23653
1547 18153
40451 10999
25317 9590
7087 3204
34246 31462
6365 42491
24704 2447
42697 32057
30275 23142
31549 5383
3939 37724
40518 24328
26216 43895
2661 31129
33895 35155
29193 12393
11326 44384
24222 42207
34114 9270
26040 13257
24226 20290
18091 23776
9458 18899
6839 16714
37860 4649
22903 34350
31287 21956
2931 18211
6367 31677
3279 5766
12207 38445
39981 1281
28922 9514
2479 22873
3140 31326
13225 40602
2646 34676
16213 40871
5242 7356
18615 29648
40664 19729
4451 17519
19905 6024
47072 40238
20415 43000
7888 30449
2041 24473
20224 29186
19592 12956
36542 45178
27754 47267
23420 28810
3848 15389
5390 9692
3331 2323
22349 12462
39402 21867
24098 24826
8734 42601
41657 26087
23450 7304
36550 4920
29597 7392
41967 37943
23178 21358
43443 36025
17081 43069
16451 42173
8898 19260
6297 29805
42672 23736
26483 11716
4578 17085
5426 34044
4295 31769
25151 30706
20538 36824
45884 1147
34192 6955
39234 15669
46921 1907
45497 21896
34311 9227
7457 17943
33004 16146
21417 39480
37332 23433
17370 232
6037 28634
8401 13189
45404 24782
24026 10067
45460 46310
34543 36807
6598 9811
19907 25684
15527 15024
45348 5708
46725 45225
26876 44921
17269 43529
6902 18227
40895 45284
45637 1945
41808 14930
36284 45478
9732 31896
38828 3744
9217 36464
29272 16479
30722 7548
18711 43617
29771 9226
22514 41704
12370 19612
19144 23847
28103 12152
17378 46132
24853 31941
41634 28664
2084 47386
46973 26866
28721 19304
40611 33024
16591 42018
41443 11758
19108 6424
25835 14366
34036 47397
3384 22121
5646 7087
13302 44891
39521 12001
45626 23488
41270 3420
5683 29324
30700 43013
12465 38344
18063 46192
26857 11972
21470 15428
25044 31527
27593 40085
12510 6873
36986 12590
15173 22073
35293 33998
2660 33008
43241 36973
19953 38439
44078 1384
22156 13035
22815 2679
9378 44721
20405 26438
3822 41465
34326 26400
19248 458
11438 34605
27530 28846
34160 13967
21843 10967
29734 23439
1191 9675
2509 22329
14656 44891
14512 42811
33104 31881
18225 4133
