188
1 6
238 240
148 258
147 24
167 90
30 26
44 170
261 211
268 208
219 106
57 255
176 20
287 114
88 82
145 225
236 170
244 137
108 143
141 134
151 135
295 35
86 53
122 74
125 66
191 60
99 122
233 204
235 241
3 233
276 8
8 9
277 75
32 307
2 139
96 290
198 225
111 36
135 104
199 300
250 207
72 126
24 264
112 101
67 78
165 278
249 196
9 137
177 151
15 305
54 86
267 113
226 280
118 185
184 113
232 26
4 163
104 237
162 165
251 163
40 197
187 302
302 9
159 51
133 93
90 101
284 185
59 89
207 123
43 267
97 221
129 224
28 93
210 146
174 311
218 195
66 42
208 63
280 92
132 272
266 119
272 132
164 124
139 264
308 27
109 94
227 202
160 309
101 198
45 216
170 310
46 45
229 155
282 284
68 236
92 225
22 290
55 76
53 299
171 69
259 44
196 123
49 108
228 199
56 16
124 217
73 289
5 215
286 238
113 193
237 292
313 147
212 39
77 68
243 283
27 128
270 183
310 78
181 200
6 287
64 98
283 288
18 200
25 219
206 178
19 230
197 167
189 195
298 47
166 149
36 195
274 78
7 104
168 24
253 27
195 25
14 130
204 82
75 27
48 33
260 202
305 95
69 199
10 266
239 41
95 279
84 78
152 7
102 216
103 139
50 257
179 211
303 57
304 199
311 63
220 77
17 241
248 175
110 189
79 116
98 278
163 42
83 295
37 119
193 231
39 211
105 16
256 173
154 259
242 276
150 275
82 214
172 146
156 204
214 29
315 275
31 157
131 87
38 22
300 248
246 207
175 121
240 186
16 248
281 29
93 69
258 116
89 93
117 192
203 24
