302
7 258
54454 58642
433 32532
32616 118475
62496 126437
27656 48195
111938 111975
99245 55676
100845 6229
110378 88013
96355 6610
12831 28771
61181 95871
43158 46669
61018 21666
119271 110327
79839 259
30441 3677
96239 110205
75690 15686
166 108810
52680 61507
83975 60205
121442 120932
86136 83156
107916 30214
71794 32593
75154 108488
36877 111625
64202 100517
91414 13461
64057 109258
19056 14470
83113 63319
17455 123753
99756 30579
118910 105051
40610 90176
69468 118600
99548 59917
69294 28253
67780 53757
58448 5664
109784 26550
109085 76272
100004 25932
77070 14303
121431 85235
5806 126057
85570 92187
5347 77911
107117 39759
80150 47653
10158 55839
101815 67712
101636 73944
14574 16038
55774 106245
1848 76632
42314 56539
57001 62354
106549 16612
62053 22687
13671 25186
9075 103211
78574 85559
11394 51226
45596 55326
103805 54330
42667 27717
62775 76563
129303 27514
54077 49940
104693 50255
38792 31171
86436 84340
38267 126413
3293 286
17817 75704
108812 24829
53599 127618
91912 17593
37555 112808
53014 23535
105604 95075
33849 21893
98522 41017
79480 46036
68182 129402
275 84069
13267 84075
109071 47940
101952 49261
10431 56813
115318 81137
56331 123155
21572 57169
44737 86761
46124 25355
47487 10757
12566 22835
105106 73896
8579 22280
18208 92815
82148 51445
77151 63923
121363 32587
52772 24900
112177 65485
111411 73326
101996 101708
48291 72770
91438 10902
119414 110876
96880 106216
81314 112485
85826 14067
95932 63113
73147 1792
106176 36384
22581 8194
42219 12124
100451 40994
42648 49125
65349 43791
59313 57211
126201 7476
94097 82460
96257 37517
54141 73820
112936 108042
123053 108157
87083 93026
109108 93671
39466 16845
36362 62910
119914 22021
40483 42654
64977 29391
27509 28582
84014 104124
92884 108960
76570 91091
57659 12631
76415 45617
106814 80654
126849 31469
40746 100211
104252 58053
76186 69689
29947 62019
97062 64807
92124 25261
105109 34630
46015 19296
13864 44114
126408 40985
41607 82669
109046 88733
19948 68706
84508 60706
10421 18740
120383 67864
126519 40785
122660 80571
32697 53084
98942 8810
100893 22486
729 37564
102042 36630
11043 99572
87960 27218
106701 86841
82607 42404
75494 75184
93520 73095
96749 125558
82819 97740
78025 126576
87681 2304
52906 5492
112600 86132
109268 50567
77723 33273
90204 125667
111191 46208
25032 73189
42823 122644
64783 111757
76703 87282
27029 58167
105528 61645
29682 110648
19072 125225
116486 47974
33980 118527
116112 35537
55897 33810
18081 91269
71688 47273
15996 118386
48771 117124
111697 48388
38575 60667
101209 61123
85384 35445
125901 8869
5822 57915
92218 4484
96201 40303
112022 52604
46417 102123
123751 35026
78017 68846
78754 24412
38104 27843
6906 17425
70744 7453
103771 48087
37445 112008
547 128903
30963 65351
125037 48045
55884 114479
70658 71242
3139 115181
60692 28464
96767 41675
53498 14664
38382 50799
67813 71509
68548 61333
60845 90053
98490 88687
93165 120451
121707 49183
106535 78581
68790 96784
26695 17667
26189 77805
47306 37359
98065 29479
83902 45056
15005 84628
111150 94192
49025 47067
55655 47137
97280 40242
107511 56222
123788 6480
74766 112495
97549 121924
110647 2806
121153 28181
617 45241
8939 100865
83608 50813
94565 37409
108133 74143
45134 94550
116177 34889
79218 69111
14666 112869
66509 32700
35677 100870
32950 98477
58025 47678
46438 97196
115442 125316
32019 97140
79421 3955
114307 65277
96434 4472
112723 10023
5700 77811
128281 20388
18745 12182
104580 100976
117511 100875
126734 117296
72680 82785
61973 124526
59079 44919
58168 53009
8138 121410
115507 75679
124226 10519
24248 67556
58644 3817
26311 88885
85303 102297
112889 61402
102626 99209
125039 102361
89361 65374
55551 89792
14030 101275
53656 91737
16028 57859
72914 72520
119964 115513
99199 75034
96553 40188
