2909
127 95
39894 101334
172013 175726
75137 107743
16959 118657
138017 45440
69252 133751
185515 196225
73568 193815
156795 33159
70682 149271
165539 125588
29304 1584
101181 28163
102565 45931
28551 16396
9619 181729
143572 112984
60749 63923
53003 69625
147979 110829
20365 147233
193719 137472
195096 154078
73495 95045
32632 23745
148309 133488
109364 50303
21486 129583
48115 22869
19454 68331
186373 124297
56687 159213
53975 19378
129806 174805
66352 64095
63520 67438
180418 194533
53538 196841
63351 160286
9070 115594
24194 190379
163571 79757
116387 64610
57335 18796
157252 157189
178128 160641
161375 190050
178093 126287
107090 14323
50261 766
167412 192294
2096 56438
110874 102746
103288 124896
130509 8722
8038 107459
51950 119219
49909 62555
191152 70131
29944 164259
47754 179955
137007 82974
85453 160638
5833 87694
38832 182865
153177 79816
42158 81699
13288 74569
166576 46625
11816 140162
173181 111369
70449 173367
127178 165382
154756 12981
44348 136648
55428 110113
39305 183123
190165 92882
180163 140162
144884 158377
152248 29158
159363 69871
102965 26408
25982 57741
123204 50038
61949 147895
80395 170823
142761 178912
105644 37466
10099 160925
135612 173336
175653 196
191575 130978
160071 34945
171908 189751
80940 79607
2169 136381
30689 97982
119815 149324
134495 123350
55494 39388
180783 45233
172898 93435
2621 53910
58848 12432
90532 39181
50207 146656
46177 1377
66632 165599
146126 72364
48442 119565
155623 90552
40902 151378
57719 184175
75716 85394
50734 66719
114275 118846
116479 88271
62287 8369
44515 12811
51606 119746
37379 46795
190181 87971
115286 106067
41870 144475
98627 41706
121157 59718
28003 71881
172626 93285
54699 138601
32863 66833
133711 67188
77398 111345
168926 1515
56244 96069
192864 69470
164791 135207
3357 139989
34033 79228
169878 169166
188091 92092
56711 81439
130828 165080
47122 105284
98583 109981
15054 175120
114613 157537
157946 148492
192582 117447
94928 126383
155026 67380
55378 40970
158482 174477
104888 51150
67037 122220
83034 135369
182932 366
95918 56512
5408 2602
15858 70355
66160 113044
191698 48324
162519 52451
147960 7633
130576 195926
139939 178243
196521 79588
154166 132504
57825 100785
185588 185744
90626 20941
160885 143230
188931 171425
181679 5245
113972 43861
193278 156977
95957 71537
36169 16231
44758 171403
144387 52953
54100 95450
63370 171879
70306 145475
109080 146916
1732 101785
95022 185354
38377 104695
85663 124747
94330 4072
189140 194049
21351 125239
165649 76717
168591 169909
35700 75088
82598 38736
186625 81213
97364 43716
11184 35590
175767 75509
1027 130356
153272 188936
150372 66470
182332 60170
107457 129997
114604 107717
125822 25227
99577 104215
155168 56767
158301 19865
5079 10741
136206 140097
65409 73136
76039 109809
94608 20789
98597 155709
65561 137035
83379 27035
77049 15834
54613 158331
168643 179054
10587 69972
25213 121738
111295 157125
136868 169910
119142 78625
89926 127919
4237 193953
10923 47833
89549 110564
185663 69063
102843 98216
79028 134730
172753 16168
189616 129260
147936 187596
178601 115108
145805 154785
142532 139200
187409 182337
49897 99580
119457 196587
84208 32087
118146 89401
56372 91476
133032 69690
105268 37770
122815 56705
119681 68652
13838 26372
72008 175394
35372 90680
166163 59444
180513 6566
79564 118200
97977 148375
46633 59825
144260 27233
142733 147825
48681 64809
89517 117659
90743 141083
72753 149197
165423 35254
195211 195249
151268 177621
28361 35669
146361 3816
70409 117551
65763 69576
42312 68124
165490 27233
166643 196156
160636 92533
181591 121957
98523 15948
21367 86124
58149 96300
192988 154596
186284 163230
10326 132040
162576 113445
108520 35188
8663 67133
28429 31213
188935 85587
48089 135476
81417 191409
104590 86314
76428 37605
26440 183916
175440 84696
38249 136592
148992 70886
44406 142609
115777 196543
60979 194552
10684 119882
57378 79763
176154 111278
18107 123876
81532 67676
112038 129967
62189 110232
168461 122053
67427 16129
22271 70122
64525 105213
161333 34974
51639 146482
143888 59679
79912 137161
141750 186072
35489 185448
19487 158742
103184 27162
122191 145450
154579 12685
32370 129130
80946 32724
195278 130993
128730 185797
156077 33372
23681 84834
137625 16660
96269 140123
149311 75162
138813 191995
45937 64734
90831 23109
52151 95739
35916 158181
36771 134181
43085 145633
101931 135369
82592 90628
37859 112528
141231 177948
48450 141170
86965 92470
94580 163915
157675 174430
32287 91946
897 17314
46228 38243
498 113547
104591 100563
51863 146132
102632 30800
88806 183128
182826 127424
133268 43044
147740 157251
182854 111301
57403 6876
125951 4739
36052 158438
176841 5171
169524 16360
114874 119443
129305 75821
69485 76421
194348 124864
74790 63914
35517 84765
161040 134745
194605 148658
145153 107834
187211 27047
162187 55675
70910 112952
775 118133
11783 95085
89520 193764
58355 189784
145331 30059
111232 100982
114339 23234
7826 71747
133464 30054
19176 64365
15392 159047
131993 179930
165561 23185
18856 74397
124204 153042
89204 170993
70740 49910
41038 181284
152074 42197
76494 174359
59572 18111
67846 22200
25462 117249
41122 182637
107286 99163
170101 126522
153746 131779
88576 180117
156434 190379
149948 117516
189462 41276
1377 169896
101083 180783
174732 146441
121537 54402
55005 186875
109467 112856
191213 168095
80432 124115
126220 71739
182214 143232
148648 165896
130024 92173
156698 150564
164676 16875
77841 129508
183294 4308
178422 147775
142485 41415
149543 8320
88306 153267
148765 95787
61004 18606
161469 136253
119910 123479
147526 76173
55206 10228
21505 190075
58759 134552
192733 43602
185612 154913
8570 125378
77532 28816
353 62557
112489 57162
47359 186443
35931 165256
76217 163531
166846 64445
14052 107002
142091 185836
91907 23466
20991 124758
79674 173826
44162 153111
129830 50533
79354 46405
136569 121806
3975 145691
116652 173865
193216 19949
155494 92136
8964 171838
30640 127093
6868 98181
150943 105644
111768 190660
6930 31149
181547 158597
179744 185612
123055 62018
58993 211
76662 74113
163054 72176
145846 90849
151709 89234
158006 91807
11791 81240
83466 150064
98026 75888
1042 65019
194254 49820
120041 159100
43039 41104
22969 100835
188222 69156
185094 102058
133738 158308
61173 128682
12878 126383
64319 12043
172472 161747
192206 157904
15276 40115
104925 177744
8763 14688
155017 146951
146716 141938
68641 197514
121294 96811
98983 64727
191468 185936
34493 132969
144436 133405
104526 67297
114273 87933
191613 145821
114247 153655
31701 178954
72887 78832
65581 20177
41732 25766
182712 133625
78523 13115
24552 302
122131 55348
10940 121838
68712 179916
61783 163880
50806 52648
41743 79837
183901 111826
10294 192780
26627 107648
142578 65782
82188 99746
180809 28926
154008 43944
11077 34080
98067 37539
13216 159431
20954 177825
160740 50183
68160 146910
128495 153748
179904 81171
25289 58720
35172 95467
15181 64351
194390 8286
61044 73895
113836 56877
78490 132346
126114 195600
36643 145314
142449 140300
40520 77739
167750 27793
182939 117818
11407 151500
273 93587
178227 187269
85825 21118
67435 183870
91143 37951
16443 23168
38277 77921
152019 148848
11123 171003
31331 37144
21553 61708
16136 90758
191332 158960
149619 11789
182955 127241
85444 76836
93077 99357
61584 165516
150962 10174
186352 162343
20020 177114
35999 5951
118762 111675
59268 180951
65810 121709
2686 89607
18022 180058
39773 196913
34828 12566
151659 49132
49435 162949
38428 90027
189478 181508
7551 49516
144692 140484
177614 103869
154992 113601
65187 82627
187806 9025
72593 49114
7043 4237
149451 42534
175254 165647
90164 182176
189001 18111
24985 94520
12326 92529
22162 16489
194063 35327
24704 63256
179472 52946
18550 115746
169347 16777
95304 2100
141323 57724
74606 72669
143240 97345
36101 167500
70857 172743
9754 39158
23795 34434
185075 140467
136376 73449
177871 79457
8273 179069
159411 142184
112738 144116
112764 9925
30545 128796
138982 28357
114257 181015
130615 38869
173653 36805
173286 13253
99197 194751
51949 42108
33058 17383
59058 144440
99133 186950
91944 149672
95478 171296
61077 183838
37662 5600
96403 1972
161541 63091
157730 139526
121036 146486
50313 194920
28417 85916
65197 176060
157386 44506
135249 177843
107802 41189
110337 65810
28581 8739
133727 119859
84100 1394
62938 117552
26542 132106
82687 343
194047 108919
195838 38357
8080 125939
117103 142115
5385 155209
36969 185337
100581 41579
180474 117499
179637 116539
81717 111264
73252 107040
64065 142179
64247 99606
65479 48310
28823 167272
64834 171168
118415 149176
98317 176965
98498 135579
171065 49514
47956 90481
127429 35225
87018 113783
164266 168220
55628 187727
174853 106768
66256 27967
34549 88381
38172 184383
173651 118245
141070 105627
76927 172506
146728 175875
166816 122129
73137 22678
70985 71718
100859 141988
20406 110634
122013 191807
120452 61933
62798 10115
129978 151653
140658 168125
126318 81173
157085 84351
123878 105416
12123 87845
86668 89407
142205 35364
19881 164303
134320 69463
22382 40826
156839 154689
90510 48843
128735 195108
160440 8934
131647 70702
8799 53404
111008 56968
54298 151256
57753 21242
87225 168415
78375 9600
124572 46383
92372 145433
179136 73136
40550 123216
51436 178061
173007 194672
24394 155644
93386 100037
80688 152321
25336 85768
50946 159405
45131 183351
61876 21180
151319 53390
132571 93694
15383 87646
29193 43568
5486 120971
13333 14538
166688 197085
177495 64267
10049 24805
90708 74146
80233 94566
35903 125667
33560 82424
47698 104341
95224 4861
135156 129326
136627 108845
108199 153388
88039 68167
77217 2479
137125 40757
70327 193133
9953 106888
191220 43964
90591 110647
136736 129754
140627 50776
163900 89242
41514 31607
26688 75653
188192 89690
73161 34701
188267 54626
150565 132096
106784 135517
95361 57193
99120 189209
61700 194809
108927 191823
36124 130197
80789 98489
24193 117770
182690 72913
191936 98100
94116 77269
109794 179825
136886 47608
152909 64871
108426 169222
66941 151920
63568 142416
195126 57961
181509 35755
84906 11552
40488 167326
26995 156883
70799 83602
52608 44486
52300 171099
73804 109297
24652 78118
148397 97186
170336 51293
184769 27906
140226 176061
174259 33544
137214 38432
174602 79794
35518 116003
134009 126657
131905 27437
7888 52706
25750 73468
83574 57632
96860 327
124315 89567
92134 196608
80118 15921
27217 176416
127211 51446
19428 88423
183003 151809
159901 172072
6883 125234
87125 44668
195328 196033
5600 128143
137284 53473
161616 97869
157097 113769
147667 101719
40197 139644
123084 18063
99291 83893
23210 70686
67599 45894
119553 154693
98055 130112
94602 59731
185434 20218
23147 68146
111636 66148
5645 112121
10302 78479
100240 92505
66389 106189
6906 133882
125954 166419
54212 134625
172462 129584
89339 113873
30621 105543
126068 107497
10196 158216
67321 170471
182552 48201
137652 196816
29273 42148
10832 140104
18725 5089
10571 26793
161583 172994
165733 4515
125205 193363
25265 180832
192029 32503
129846 108170
110725 48618
67051 55852
102042 187080
59002 195727
68341 168801
95634 36161
189096 564
91655 18114
43716 151629
72823 3513
4682 48459
144376 15360
179475 61762
50406 52245
36077 100155
181889 9871
146160 158762
150159 92646
130327 133722
149397 140337
75611 186670
22728 165312
90637 22275
139990 9955
124685 89752
137657 70444
84172 39171
92983 113504
119158 160638
76460 40862
54342 20700
114236 74193
48459 126219
176638 113192
27651 125936
43342 111867
11064 111491
94005 10317
192990 21060
186328 162984
128619 84085
142859 177474
138024 97031
110772 1228
52329 53647
39791 17742
170067 5841
181670 42442
133257 79201
62948 147785
66644 28569
11006 149208
3840 181758
118669 92757
159967 124458
88827 175423
163441 62811
42750 102952
57363 176079
178430 25830
13594 25632
88748 93115
8162 154993
193030 46294
45816 128043
1875 132973
11033 56906
56940 169955
184940 133882
26458 152252
187052 63371
156837 130734
19224 85033
62888 149306
154372 25062
13886 101893
18516 183464
153184 23247
156923 118951
110200 20856
103166 92076
92565 185982
83415 127069
58804 150581
57844 68037
169943 74388
93771 177630
109622 156938
180856 173211
190956 29474
120771 10499
154084 185321
79830 187706
60575 116012
109684 17651
91976 116013
103881 82297
110798 181632
74365 163388
147678 63889
136175 29791
59704 57157
131835 111112
104464 36356
142634 64823
115910 76890
192705 175302
15906 73469
175014 187644
137021 115836
11053 107817
25548 186898
45155 175625
91712 34777
79167 51382
101355 67278
809 26980
4675 107317
197385 140525
21651 27676
117098 5627
116066 27131
28980 115596
128186 85660
161325 166939
117778 71108
189707 127141
8538 25573
145556 138021
44385 66254
52559 108625
111029 79519
18452 194706
91597 132144
162568 2064
104098 89119
17833 58033
45717 118910
53228 68995
36642 140760
111370 94731
185158 190661
197276 154862
187598 168968
2105 168484
169096 17104
68722 181921
156108 193461
60822 96221
161700 59185
50877 7596
3158 87506
192893 111299
48932 31727
136189 67106
109299 66709
71272 156879
25763 64404
128351 39929
41088 46414
7812 68177
2937 117374
65596 29953
147793 72609
89836 6707
140272 150709
50562 15573
160938 154392
114906 82690
70211 196180
164529 69181
191322 169133
159914 130036
132750 172227
57110 33296
178670 176769
94947 113398
110677 148152
3844 16013
15135 13865
124892 156309
185257 21570
70647 167256
25174 41611
101848 62872
10719 41071
67056 174166
80329 61715
87548 194822
10883 34968
103148 177700
106247 196583
9294 107408
8496 105411
142461 82599
11244 127304
179268 134406
175340 169032
118178 166980
29163 165757
80574 93858
112816 8121
2535 90787
174268 166202
105181 110717
170789 134302
137814 162591
49002 15850
94063 73842
30943 143136
103817 32223
54709 119461
150799 168574
52735 33725
181389 36424
166280 15256
195552 9418
51396 181743
28919 87696
115351 137578
178920 120275
88442 163713
78747 58723
36177 30468
61295 102477
170978 182907
92010 15929
81675 43364
39053 117234
77304 44098
39498 132330
31407 56203
123236 69885
75163 54525
26979 44291
87481 127590
127162 117599
166361 60772
16567 129142
197085 31937
4275 82463
85994 66698
75979 123137
13976 92018
184807 136123
166945 31930
192947 182066
11756 145413
39910 92520
176079 12055
38552 57061
112043 37000
60304 6896
45653 106363
76351 94080
162352 34767
151721 126440
5549 195824
116416 69648
49763 181868
113275 26012
10025 74518
169111 156243
21891 13411
34062 51364
150895 121246
97108 18107
195548 91169
177368 11974
120212 161410
132187 121094
12724 159292
72590 156617
62560 195377
50298 190481
39110 105701
187126 173917
34825 31141
104343 2636
109710 55873
74895 154099
100192 65920
96282 160650
73008 4990
85538 68361
53616 164291
22999 143473
77975 57682
94689 7692
53043 105510
126281 197258
123715 120873
80196 184662
120761 72242
149586 83702
142305 69762
81977 146570
61975 163823
78288 108302
8330 103826
66800 174251
192858 21417
84453 70620
150125 92432
12985 44441
45033 194341
57411 184831
81104 100388
74978 75226
184750 94488
21863 166944
169115 60808
137936 62484
69401 89256
8885 137531
194557 35589
126137 145378
76950 30068
175441 13909
52804 145146
51001 75743
125843 117647
99385 183994
90916 159772
155285 187692
189389 105574
59056 82153
82573 190373
19842 80864
97824 40021
8317 156412
154176 131297
165415 77451
115046 60504
56670 40618
92852 106518
93204 96661
46986 5102
92862 46324
80975 189856
133678 84769
61835 63914
174369 118122
74031 15173
118551 18158
176511 15184
49058 164076
29920 147079
151461 24228
115480 108214
19548 71408
55658 148507
79552 83910
25116 174335
15554 55883
29702 53119
69274 193881
33337 64089
193107 79274
52313 39746
78189 59394
194283 172425
25365 195067
130389 8002
123601 13526
64134 170400
93957 189051
25047 46999
91024 152616
68615 56417
159849 54996
14983 186007
19496 179553
10933 14041
11842 113271
3179 45211
179616 81707
80721 113193
3741 152572
114288 2251
128896 140524
65184 98176
77657 56856
176296 195260
67226 172289
93613 56311
112797 54277
37095 188719
196053 144442
196996 30304
110045 143826
71748 12894
109290 124758
141062 141941
168626 23644
111484 877
139757 153574
110578 135854
22292 97524
151970 40025
183794 193174
118913 148762
6557 7563
163539 76607
8288 189016
19025 3284
103089 158721
183418 34583
138790 16949
34399 115566
69464 175931
109908 92981
87135 17409
182704 157430
110662 68026
39291 195811
13263 127239
76194 47787
122850 103926
150038 154507
185312 20798
174533 134457
79340 15377
4495 39894
55766 10420
115272 6017
96974 18182
7143 82332
131163 38505
64276 64714
73316 122857
62399 95879
131864 162323
15033 19338
22411 124169
74096 172878
134438 66253
7830 149849
138592 156820
99604 19728
14549 31220
113423 52593
86336 149691
188826 87392
60906 151935
105538 125284
172110 13650
18571 187238
42997 190184
118038 20670
99867 162646
111190 18671
71739 195960
75334 115355
88418 80542
129169 110937
132853 168971
197273 102398
159440 161222
102842 178571
194376 39095
46178 114881
132255 120937
30721 173217
165087 61584
194321 148888
121815 154127
125757 28348
40343 19521
143285 194976
193588 136857
140698 92397
66900 96174
107509 174368
85931 99874
35974 36823
64279 171125
146215 24934
185851 178811
32268 141596
67699 179915
68663 19227
78483 68694
125342 51527
147130 88718
135209 178274
74704 173436
109142 40546
69626 118986
141432 150613
72123 176782
43340 44645
24366 92147
164409 174478
10182 107259
177958 73316
131266 95841
162212 15021
13480 136312
56619 117065
70990 157469
116071 115119
187998 189925
114473 107901
124970 173066
81843 42400
7669 87578
42790 134012
62394 18848
149033 182477
123376 153659
196036 13241
112763 78970
1656 67264
197032 89378
153235 148019
111013 55339
176276 4466
84018 176175
74983 156783
193555 180758
144453 170743
121870 181473
24976 145693
87861 157923
82063 2614
134638 186945
137148 178312
15864 115174
138457 171372
116591 127876
168446 66390
149717 47307
134741 189048
63120 19324
179682 91142
59295 170597
82691 71485
132191 64081
122431 122174
187785 67735
48411 86358
47361 146914
153667 44988
146726 11548
44586 65658
107418 56398
58683 43756
195895 38902
73207 60698
186127 2777
142133 137642
45740 152005
119202 67677
139169 39411
69356 98912
34531 69424
128487 12715
111387 171509
92362 76880
135581 6659
148046 79443
60325 59004
12409 53122
82864 69014
159630 117329
65880 140658
45456 87654
87726 101178
88388 98334
5356 78052
149528 46526
142313 11779
111797 181399
53832 3375
144895 139436
107767 137786
111971 61401
183858 110446
91170 22689
49583 139629
116792 195694
45846 2380
133068 71546
169126 48975
140074 66548
146129 2261
70141 77885
113291 175725
107153 165962
90920 131024
128100 120159
75881 62787
56444 119960
72351 22453
138731 82578
164945 114634
7147 177556
127233 161230
94708 72705
26859 83996
100780 70661
188485 151320
97825 136295
12956 127266
112208 86493
46882 849
80722 82531
54776 8812
128050 161654
54900 16848
77043 28083
128163 48538
6249 111220
24276 99047
81026 85504
171774 117550
22280 131776
189743 161649
19793 119946
109727 162378
57272 9722
63644 82834
15000 47976
46016 116090
121940 99769
17048 99656
114443 11322
116319 3739
122643 116545
104275 145760
119755 120096
61931 98378
196989 11757
41100 133940
65412 156597
58346 51536
37027 139278
41195 188878
52257 24767
162837 181928
86883 87823
108831 142419
135024 122368
21822 190647
63814 99451
159641 30087
45009 24163
49446 153451
182830 90611
34104 70925
153814 177452
165535 49715
85412 163761
27287 56466
58942 4213
123396 69504
111749 175760
28063 808
173153 118742
183854 131632
29887 117150
133985 32206
170378 133134
142361 57270
160675 158982
40204 69198
162156 181858
20428 128841
102405 88680
99335 51999
189580 66950
44913 120064
110770 88865
192662 55483
153003 188595
176309 133338
115483 41423
68821 174937
132961 163842
17367 18982
135840 163210
173461 116437
72037 87977
28078 58910
54844 34904
45793 30205
188207 39356
37576 105543
186367 188412
125153 79648
176794 146716
97036 148101
71253 134111
121612 30960
116282 138755
120357 161065
169385 155189
149215 19517
98847 57605
175952 5514
180207 58493
16925 4280
167917 108683
4651 24180
70085 96815
1967 193330
85654 80332
134831 8489
80657 78419
61518 7808
151207 23197
118017 40012
56177 197463
184857 160331
185114 109875
111235 26519
58789 62518
90559 165509
193712 148271
93480 28372
128499 63444
109843 49220
12109 196885
39198 138585
71013 133151
38393 157795
125116 150001
147629 188118
43564 115453
174756 196463
94398 189317
164064 108557
184364 191903
26100 14107
152315 189528
44500 53978
63784 156891
51466 165906
15904 81453
152894 135026
12649 141166
195305 186408
38542 110669
70462 47265
33652 192871
64593 113502
111891 79140
5447 159394
77169 82096
80541 128630
68423 58186
28979 184060
31462 82288
89809 78003
290 41304
121709 190875
196191 142099
77897 163640
125721 62352
33796 31437
2440 152538
53322 94556
81404 58394
83438 108526
161763 130795
111239 43132
62251 83517
38165 111818
170069 122367
153590 135948
159033 166549
5193 186236
174849 81505
9390 121642
55772 28942
36384 185427
127901 39839
195095 74280
37412 14044
101163 31893
157456 95983
92935 123351
131444 170266
44289 50915
76745 77807
109094 6193
176880 19955
29386 121259
150812 138375
154863 84889
73320 34906
144653 196476
140307 128071
159047 189158
133472 162320
194753 47075
131438 2052
88850 53091
129489 191403
19291 49589
161335 155795
4525 33212
128284 54848
27518 29553
98296 144365
177169 122851
155682 104958
683 50082
60693 39262
155386 80800
169496 143458
115165 74923
85397 105244
77539 185100
43066 150601
63757 93118
153403 186614
152715 184367
58506 149127
127803 123682
58103 179309
63235 188073
81864 131372
111668 77858
44126 166785
97348 81275
7212 160586
179736 175180
124511 85703
74000 73907
48298 82716
25929 169329
41508 16181
670 111341
130296 17954
15298 68262
100968 125186
107544 101867
86810 145855
105988 155450
182478 17592
62243 160350
121807 190934
178266 13572
34984 1699
104502 164239
67996 23498
35445 158909
75200 65842
60155 155893
183726 113941
92141 151841
132719 181238
98294 70850
136724 56699
169092 1109
96987 144685
13403 108702
86769 184735
104278 44120
140843 171846
162303 34099
19384 101695
180281 37531
172182 52042
77919 130113
105208 30789
140077 192085
179701 104090
140945 32489
66554 106429
133755 9405
158031 142218
119593 105705
55944 13337
110616 11314
194010 74689
99246 10225
1971 171961
176405 196017
155129 94786
89289 57202
168424 133294
74207 16248
127884 103020
173915 178146
165168 155483
86613 66945
93651 115697
101017 59915
23668 11782
63731 51270
176044 178554
11399 14769
56559 53061
4133 92859
189456 7141
158818 76415
56475 164563
85710 79131
55234 133354
104004 39144
116852 124648
144302 174586
18887 134555
43445 141436
187992 49061
89171 144471
130353 103268
55848 140428
89677 106970
169919 149522
59399 150873
128058 128554
193564 21730
152844 66180
32331 101796
144239 69747
155095 92659
36161 13810
82135 64643
87542 21935
34441 179544
120917 165905
101587 155910
13250 170391
139009 22328
5382 54909
113663 136469
129938 181413
16416 119154
43224 138149
59929 93988
72763 109233
8373 141007
136389 172660
14796 108980
136633 121254
100035 3083
178414 1376
120530 99483
453 130937
177156 2266
180504 81378
76243 12415
145451 178224
240 27535
146566 84220
42324 36233
165266 189976
99363 42559
194832 108749
84098 90681
167343 180593
119576 99618
90499 111242
47137 167061
114308 169052
49728 61251
86220 183618
105919 42193
127059 44798
115557 140220
178599 162276
99423 171568
154962 130269
96513 77066
81204 134594
88659 3069
154920 133860
16161 112935
182274 40630
45362 188726
86930 32801
74382 147884
92822 79226
169519 47847
7137 158813
190446 149029
72197 122252
51036 82564
17759 39245
2356 21260
100910 68897
101187 111412
159861 110240
159771 146176
114189 43024
184508 78002
2612 111969
36767 87153
80764 21434
27174 46193
113815 162807
5557 38957
145777 170092
77745 80918
72761 132319
187328 146097
164331 106970
115115 140230
164289 113837
55125 131677
186120 133631
24977 92786
180366 93685
33916 196953
158804 187678
35617 95899
10034 123398
110877 9148
24666 121331
63535 190237
21145 99117
43931 164269
147582 43965
168659 43612
18775 165038
172682 107312
124590 71146
177299 106022
54473 58589
123952 190375
110707 52175
106279 82965
24422 23849
112310 18533
78456 3556
25668 171555
33231 104949
12253 105170
125075 66884
53521 108895
166676 76153
140093 43897
184157 74568
160055 12639
193839 110420
100294 144512
84042 117928
119911 6696
129499 190960
162945 100109
194746 28025
192422 21181
18672 137684
7891 123098
84459 54156
145383 77285
82445 77940
8676 177442
89041 84811
190028 170066
102474 55083
60172 40655
19809 115150
195663 12818
111686 182077
77711 27047
167319 183707
143752 129381
128664 101550
134760 71205
170002 39448
115854 62317
16487 33739
115633 4585
97133 10023
166741 186790
157727 81451
102872 183557
159025 65663
1059 185412
151072 24416
175511 55230
193535 23548
79777 37594
4831 28366
24493 15187
151270 73577
99048 109598
161984 117993
101427 111063
15920 36236
124710 13732
90472 49082
121782 56881
45628 46879
1063 30562
56197 115957
135389 115298
161826 139548
145926 138905
137541 4721
100525 92341
62288 88608
113828 176756
124550 111044
7331 19945
137379 134789
87285 71728
53710 21429
133502 121841
188615 152975
168084 7532
64592 27903
64261 69050
124219 83708
169745 118301
189136 132701
82802 101575
121092 168689
125760 133810
31466 147053
37021 112539
119518 171915
179248 174136
36270 137904
184109 115271
33848 110310
42676 142404
70811 68508
157563 14024
156981 110604
82815 38440
119591 77295
90155 97082
58079 163984
54583 15020
7614 178468
81073 185734
66036 57445
49297 96195
176900 127900
50239 55618
92848 135571
168682 176535
59989 104875
185316 74556
6599 88304
58714 25345
95330 23187
171261 195099
72023 25012
196340 197257
139632 24868
1588 106322
127589 175193
57672 194425
178655 58544
145492 138262
146647 28710
25043 11970
68040 3391
25111 194652
190458 108714
145040 87736
80948 2766
194426 6944
102760 95968
138159 141841
56337 111189
179276 31477
141484 66754
22096 149182
189662 186733
158662 58255
128283 128256
157331 13879
46309 106887
98850 119562
118240 21604
65278 156697
192076 21709
19272 107501
178977 59333
134583 1637
78383 86851
115986 155302
141573 21742
143899 6646
183095 57040
5810 56371
117400 173319
114931 162559
54423 192588
171421 88932
193205 157483
25113 81931
12584 156909
139608 37937
147115 154060
144224 128256
128011 72189
182935 2657
63939 129758
102782 54683
69725 119841
106096 97467
72396 27106
63415 2079
79174 136752
69660 35746
173237 78286
21412 101506
12511 157877
80148 189571
100918 193222
9749 43109
56607 72652
98482 86889
159757 159785
186375 154416
85561 134544
115913 132661
32034 144405
140160 52114
51553 22732
180941 59350
24174 186106
116767 90949
44615 173623
126479 13306
161225 10374
116287 169014
201 146144
87605 125507
156493 115482
15145 3236
92055 145193
26312 162497
133863 149321
130777 94044
47835 76362
86584 88941
171669 41316
31975 49518
171768 105955
38498 140030
132843 127008
32533 157101
24168 123367
74246 11987
41465 58753
117963 16103
133702 21671
149971 172283
115551 147364
185269 154298
12292 133237
14664 60133
1635 114000
36164 162794
27983 179960
162710 44182
85929 21245
17525 142346
67183 13092
194401 195931
180933 117614
190543 7760
169776 16106
90002 116048
75469 82413
136559 143987
132106 178455
3123 153129
154260 51009
77122 101138
80982 117332
145064 33360
125100 171412
27844 178201
172704 45451
58625 36643
60831 115317
31884 88206
167480 57775
137168 126126
179323 35231
176959 105718
25539 178466
168802 171353
1913 189024
84182 174494
183237 92985
75338 141846
163273 78045
55029 8594
93190 41833
157548 41384
92584 151002
113430 176084
160599 12172
178295 70643
188326 184700
148968 180094
61305 175880
77592 53186
53307 166310
177647 184368
30941 172879
5954 42959
127887 41513
148754 114984
159342 29856
109693 77514
118840 13218
32169 181433
130225 32053
173029 13150
99132 47964
183144 40792
75026 32323
176932 169449
82317 84555
165079 77455
68460 92369
56921 119019
105295 165092
87011 43074
29766 39455
118552 122320
129315 92824
63212 89912
74397 118823
113451 72970
140221 169690
53655 191658
117548 16197
23940 80848
104441 187701
98772 86117
16234 183829
46615 162058
90601 15915
162105 168127
134877 19765
156424 124314
110651 105841
30256 8990
67171 141418
152782 30476
82125 169651
41886 77428
159721 3871
74981 194261
123533 29233
140154 117980
159030 157103
18322 125187
54544 188187
108249 16986
21276 58053
66134 144706
63029 197507
69736 57856
48354 108832
50566 115956
3291 50231
94682 27564
25798 67232
73911 129165
28953 172674
6550 32277
52924 115481
192861 58939
80061 133169
139674 156201
131434 197296
182409 71550
82859 144445
87096 89999
134538 13538
118850 133080
173566 5335
187359 98278
186154 142527
185713 87733
3480 37913
188278 122922
174443 181216
2413 181141
94340 37697
141399 61544
3286 113218
117904 113548
62191 194682
155921 152346
48938 83546
84252 136869
52483 55024
88320 169179
174880 89647
183955 105268
8096 109320
36351 137013
187353 4205
95774 180166
177547 39736
128660 164162
156677 165348
6506 160830
141284 61115
65390 7608
75640 101172
177095 82453
17202 67267
148408 13077
160752 125312
117348 184541
164373 18144
165875 140800
95009 32129
73555 101179
184260 177383
34432 144392
119328 72405
13111 133615
144058 123251
95974 148802
147202 150527
16799 106303
91100 6345
140743 182889
118157 26509
26796 182637
72409 167356
16751 51245
83003 29075
154396 11906
178704 197479
77808 164679
69407 176941
172113 65232
167161 616
20808 19066
176212 11411
164827 16045
156657 117422
20101 22426
126995 156050
175914 176013
99467 20344
160155 177172
103948 75210
58674 195441
59362 114655
94499 93471
185944 119724
97805 46152
158538 185882
892 41320
81554 165382
193288 192557
40961 82636
63503 89201
90744 158250
133314 32211
167665 28364
106858 35868
24970 51976
51776 24458
28966 101216
146291 51983
133485 166391
151004 79034
19802 116095
164820 94732
57452 127240
196491 8326
237 179719
101300 197
101973 74914
10673 136721
107083 189959
76580 26174
47889 157401
81018 122123
123700 68091
57978 158654
144506 169863
84660 67044
19717 101042
141543 160341
112222 113305
19542 89803
7531 162315
18909 51327
38122 96898
142465 137000
7317 91115
157355 153823
173418 71979
72917 185512
11533 48604
184295 82639
92283 106943
50039 88073
118960 53622
187013 18762
172955 185859
154297 100236
160786 127705
194265 153307
163807 186985
64054 97411
23757 82503
42546 126598
92623 39682
28843 67952
12412 58139
89322 22805
35471 96039
10520 21434
115861 164963
52605 167626
94029 50660
124466 190253
13890 110235
34319 1672
43543 126385
105558 36838
149512 85295
11584 62186
186562 119666
191101 80983
97186 30602
146229 4384
22063 64121
50612 27319
118274 176025
21730 161404
121281 9572
115532 63467
26836 7494
104949 41768
176374 149769
53480 104639
68242 142391
81939 26288
26394 117257
72662 57477
85719 10183
29493 96243
96140 66662
70343 178005
81858 177757
12721 62598
130983 9232
46587 163258
139264 155453
129776 1108
171118 51883
108024 177375
129877 42807
175086 53164
156289 127735
168238 124185
196404 19936
186323 84749
81770 9875
49768 151827
25555 38737
23005 71195
78100 167753
69389 128095
72852 53819
134463 194035
171337 101651
98991 37190
85152 152789
178680 142461
144676 36466
114021 196018
112431 104116
195029 102205
179601 110493
122188 33786
150146 17414
2922 81619
150390 11347
60920 158420
92974 165165
147356 149733
155136 7422
56409 66422
35881 91392
93117 33867
119531 188246
12803 160906
57793 18164
194789 47596
110617 25554
101020 43632
55155 91136
33500 82768
99587 193496
76540 166469
34154 72139
149296 104221
139350 138815
42372 27788
120275 176932
39600 188836
10211 33026
65959 129988
46724 45385
78695 58653
53479 65434
142355 63081
27121 122994
51234 27382
80905 95735
118915 9687
91367 67420
190808 164298
148820 173960
109992 163232
12288 46371
175312 180973
73120 7237
37110 62507
183212 47325
12740 58142
81511 38228
101316 100492
14860 138401
69103 40690
11555 184705
87701 38793
73119 192922
118714 83969
169538 73216
142127 17194
29204 33779
65465 23616
155 134032
162958 12756
48093 90424
42868 180377
166569 158567
169829 177516
2085 87207
46096 169766
105416 45198
96500 6440
143938 96154
108412 46530
17539 67383
60887 77179
117799 71236
72550 70046
93695 161269
154542 132838
124603 133164
126935 145798
61196 90282
116546 141821
163946 130610
80689 167053
81700 89893
47932 192449
173108 40790
26307 144436
80768 129179
144890 21413
79648 64041
107535 84277
119026 112629
112561 110947
25478 15850
114879 156609
133534 156614
176084 73288
80592 161821
115312 110318
88007 28693
131803 132270
166710 47873
38136 62937
177675 104868
168188 141780
101507 52234
40957 190741
16862 130533
39028 69280
118771 195171
13996 183777
99092 191813
4996 30656
7930 48591
117578 166188
153493 185889
140455 186856
29116 119335
159885 178781
106536 153886
177154 34258
12052 55230
7460 32071
5591 164619
177276 139425
108821 194682
111769 160346
106989 46426
51331 28893
149989 195048
68387 38731
157900 63742
66310 40968
19193 14213
170295 110444
37804 170115
188506 152284
163776 155207
29411 55018
197145 53307
27175 159917
4537 152965
46959 4516
55497 149375
50440 81015
141164 42689
190931 192589
111736 34624
156866 31787
52627 151053
175531 130791
76223 25484
137861 91271
193579 105752
166010 105929
121911 104856
155455 9593
29786 81342
176200 134223
161766 121674
59991 5341
85204 134940
55936 112008
176639 35862
35990 9537
77041 13576
176661 146380
197351 43483
48396 77489
156383 14238
52858 43398
40909 42339
148524 32710
121309 192136
3652 120209
161619 54481
89467 45629
153658 124743
119256 45339
187012 177952
63862 13952
14050 45820
25266 196504
41721 130678
156142 128302
162440 65281
83911 118242
66294 114175
48127 133578
126138 195254
35577 186048
65888 5926
153677 24089
50469 101924
60844 118450
37916 18360
153801 126840
34413 127872
59551 144235
113208 180835
163578 169352
115146 49924
122703 44688
58504 195288
104203 140641
153266 179762
129501 157754
57927 32109
14045 89686
76966 125931
136102 26264
173291 142892
161044 140925
5966 176207
195338 77978
84464 128234
86299 168006
88981 40110
48839 3918
37508 150592
151600 43979
161812 1665
11489 11411
77191 174241
27564 186694
57376 84497
179831 64861
194025 86706
114123 165794
11658 168111
21078 30346
150152 133475
2653 24546
96847 73358
111527 53405
91445 8068
188118 136603
62500 157277
12227 136055
36906 40815
22075 7697
73345 183207
102722 37905
112899 97725
49288 72145
25720 92014
105379 166758
151687 19444
172198 124671
43535 110615
30680 183011
50896 142184
88760 26217
127124 42527
83908 136061
161133 111301
137169 75420
114711 14582
100779 152909
110245 138865
55232 19856
142553 170364
164080 178116
127537 130883
60458 51395
127111 108496
197479 33582
102203 14314
186257 66562
70102 164734
68146 101108
15857 101285
39759 83301
6424 54968
24859 183098
106390 84067
145765 30371
33883 57580
172612 143017
175570 181186
44959 123561
193398 139142
92532 164320
42139 189668
12928 134438
188713 22114
161675 37809
690 92440
13981 67907
36817 177461
16304 132129
20237 181953
174027 66129
70692 16127
70476 131157
14225 186662
85426 36236
65003 14600
46112 11344
20023 179483
11752 135566
175364 186931
8754 139576
176656 159463
159860 82236
160632 99466
145324 128324
120884 135760
106240 189321
128961 42173
25602 157000
146173 88573
69179 34529
39982 89866
186797 193442
67803 125343
116942 46794
188901 103031
95467 42640
178545 51158
157580 121931
183903 97008
109291 120156
68169 188801
142359 184027
85660 86291
162823 172822
106495 80019
43350 167796
136692 59251
157894 4334
149333 148121
124035 179402
137839 191147
40298 75849
168830 4858
31106 98724
35118 47170
56365 112125
89345 57893
193447 124382
44540 32235
40567 186321
6126 149982
27533 66214
161710 142336
65556 21335
178004 146048
159237 138646
98769 55214
65066 118995
34182 126599
13293 57697
190969 60770
9476 88507
177016 8439
145101 179136
2511 150563
106156 7074
27218 130894
133914 165883
189382 56151
1549 88057
45892 16354
120890 152793
5291 89161
11730 148390
57195 79242
42818 186211
77498 50304
166817 58354
193475 103253
88784 91165
14547 104774
89786 121339
109912 172922
55779 137639
28793 82313
28739 183886
64253 144000
1956 96346
170476 190738
91116 166670
48924 170201
20684 59432
142335 66528
61603 39916
137371 97741
121015 197238
80035 63415
145259 64024
42880 24248
5436 30524
18417 45892
173561 188780
47674 42893
166051 55332
170366 149506
134377 118106
87942 21928
49334 75990
8482 158237
22157 186073
85481 55685
78417 107194
56760 116513
18030 1343
171640 191794
45638 59097
115445 66738
37294 57210
112734 148987
77880 147510
94856 56766
181654 33192
196910 157401
173836 187019
75938 107961
156397 75666
82933 111197
176341 17146
28775 25265
171417 86633
53139 15999
24462 106070
73036 166785
42352 86355
172542 119982
171880 188326
130930 102102
190404 157432
160727 101105
60854 152510
143170 150196
69659 12887
187974 197090
84710 110799
76556 128082
73022 104090
99239 132395
169485 120181
159041 82681
74834 44858
20888 16510
96954 115220
97462 97079
88060 147062
118425 120669
142669 56345
62172 64179
99187 88838
87715 80252
91038 60670
137487 60392
52330 13114
112235 78057
80914 54788
119519 61594
116335 112199
127661 50641
144023 83418
116281 33814
160844 71105
41316 75668
17093 183994
83030 105256
164488 2549
112336 61069
135529 95662
117893 12469
113414 62854
157114 96544
108892 163353
154998 126287
178283 162272
33536 87714
63597 86084
11001 88970
194466 142784
145190 35888
191023 136998
72974 96553
72772 138827
15833 84820
67949 126322
129303 100406
69286 171066
