708
236 192
66799 64126
54737 44217
11880 35951
74292 15813
50883 14722
42669 27467
3141 70271
77152 74149
9005 41618
77916 54262
66858 483
74432 70230
14393 39559
19814 31153
48003 50698
20666 22332
19904 5118
6916 75486
63100 40290
30447 57143
50402 23347
17817 40264
69800 64893
79562 4592
32314 6133
17982 21465
80446 15943
60243 19531
74895 1468
33654 235
64261 16814
62704 42915
54745 33486
24078 21596
36713 68065
79856 54618
56193 17038
79802 49043
34347 24831
56855 78294
69633 35446
69357 34928
62354 24636
36378 29746
16234 50417
74430 62693
45964 75868
63221 25408
8745 12108
46932 16408
27405 16905
21627 66567
73973 74418
53141 19018
55120 69163
72503 47759
26240 63726
78155 21240
14091 73378
19617 64312
65171 12881
6046 13556
15432 28614
47932 69854
50967 18677
53263 31340
24612 69014
13990 65568
48997 30267
65979 25335
46310 32405
75058 37498
19070 7279
5442 51679
61123 61011
27022 61111
39414 27327
32739 52800
24557 53767
51042 77418
49726 27053
76718 62779
39199 36898
4375 35027
71880 16629
73455 40268
19728 76262
735 2098
40132 12364
40056 73879
62346 68854
18331 26930
24844 29821
71913 56963
28738 37511
18855 41442
38380 79740
23657 47277
68487 78414
13414 9038
55475 70387
64504 43182
67188 58057
59661 29970
36728 60421
16104 52882
27773 53889
45041 52771
40583 64988
73059 60926
80192 9280
64906 41951
16077 53363
63514 18839
49687 17238
1830 31002
28490 4855
33855 33344
19200 13301
14892 20627
22919 20723
49026 48799
49257 29885
76637 38001
16173 28573
64710 77085
61644 27506
31640 42054
16853 51962
9535 44519
61215 20095
58530 42009
56426 51590
19406 59296
55655 13041
70586 17339
37651 5211
17155 18521
35913 28997
41136 34402
12743 25269
9104 29654
20947 47191
75160 62068
385 7207
68275 59364
56361 75082
23535 41925
14556 68737
55640 9917
68639 1129
36111 11689
22329 9329
31632 46091
33685 5944
66313 5280
62184 68152
73877 71278
71154 12435
45827 60074
52290 60063
74128 12741
6606 52049
37960 16561
67462 77833
71111 80121
72155 17559
447 67979
17384 24128
32917 17117
466 42002
11275 78699
54335 29097
24358 65982
7452 66455
38600 21050
43292 58841
37868 54216
14418 6411
70592 7856
27165 55421
74084 11914
78366 8377
13639 7686
54768 7857
54850 22899
41545 73306
79255 12983
79970 43322
60172 51039
74166 44371
40032 46460
32513 62374
36914 43671
9110 9600
54813 79159
53395 2959
16128 38078
1219 50414
78668 49459
17472 31862
62559 5101
1763 21605
6626 49515
3826 28934
72924 11692
67841 24435
31784 52626
2231 9757
73402 34379
72560 33564
27693 27542
46015 20288
62604 13882
64578 79699
50513 55696
69463 19888
63451 60991
70244 74284
51664 11594
1679 41697
30928 34482
12653 59192
7413 45369
17706 61340
38774 9921
15418 12198
75741 12015
51462 66836
41571 68874
19770 78263
28179 35141
58351 16221
44932 53988
64354 72390
23260 33521
67806 27394
69589 45664
46600 35469
57404 27567
72239 23650
74889 19364
7614 45789
57348 1255
67940 7452
72777 47533
67804 9930
30422 36176
76628 74967
3241 58357
61933 26121
61114 30318
5759 65907
69529 47336
60664 40684
34365 27659
48694 41987
4847 17004
75473 48440
50246 50109
45484 35142
67083 11817
24837 63892
53828 60559
73035 17021
23086 1718
51411 80373
39732 5215
41772 13360
30259 28770
39543 43306
18439 48133
49051 12126
67935 42076
70128 24591
14588 58642
2256 6680
60389 5087
36000 62077
18389 32329
51045 74181
52980 4625
20605 41345
75280 13618
25046 16806
77758 57183
72743 29203
22409 70313
43780 73325
67117 15211
64718 10268
67051 76641
55472 17793
69298 67686
8319 20691
15842 39280
68828 60140
31843 49793
51789 72471
60468 51184
75902 31030
70769 73438
1420 14059
78198 48999
27457 37478
25665 51166
29531 20527
79237 24465
10886 47807
61112 33244
64148 26445
22000 67204
46406 66694
14477 26308
8920 65068
35938 24279
40169 20197
63632 66136
63687 16773
5940 25461
73722 77313
20298 10352
30996 35224
35953 72180
69788 32891
24665 35074
74737 24786
64338 27233
70548 26862
45198 12471
41287 69949
27637 72990
13136 74571
23821 15734
8714 56879
66987 20435
5571 37367
42984 42021
57980 13291
60089 3821
2101 19084
53165 25884
36195 73681
3438 56524
77358 75313
54967 13119
8937 19163
73609 68084
57044 17513
7991 40011
32396 59688
79503 37457
3905 26999
48407 17225
77870 18495
47259 70793
77679 9913
17229 37555
37134 58915
55473 33696
1914 61694
6001 2277
38549 14431
68024 2391
39117 33376
9550 17547
77352 8105
58105 33066
12026 71139
69790 66483
42199 35873
51620 72331
79521 22919
34972 37226
37365 16605
818 55232
1833 49663
60781 41299
35922 33239
33248 2389
36123 16295
43375 17539
10259 63897
9266 10948
69438 51645
68864 72617
17326 8256
25781 53487
8044 54693
43320 48431
31446 30759
66349 51189
18932 20524
64113 4256
23134 73582
19607 17722
13350 51312
50570 786
42578 24755
3366 9985
9018 15872
66063 28389
51773 40099
67463 12691
44721 30963
50743 41552
31105 72475
39790 29121
67281 8282
16919 57053
24103 25657
74886 32194
21275 75301
71581 5098
30659 75351
76806 78465
75012 76437
6509 63311
5272 2820
19540 45921
53803 39056
23316 74614
32540 71683
29702 6331
49147 63699
75399 47159
11872 48374
56087 40385
529 57634
67056 48981
72905 30066
29698 36399
36208 2506
53163 9245
71495 10199
41766 69142
24955 10537
61428 5856
27537 65254
63347 72456
54018 50553
38741 36703
11778 57512
55237 66392
46021 19796
57794 21315
38833 7198
49563 2166
27038 23228
12047 62527
27544 79731
58585 66731
77886 59554
49569 28384
44081 80347
80609 80763
74160 75398
69905 40323
3977 51038
50970 2358
71780 46333
78626 32744
43424 39634
38174 8313
26032 59869
71340 51462
32445 27209
41350 44231
7987 53392
75104 51060
52232 20186
1677 18168
15887 33197
65806 76419
13545 14562
25913 45998
72373 17420
71382 32163
49578 23077
43004 45724
31851 56206
9631 33141
34833 29761
7752 70559
52867 50707
71435 70319
35686 33691
59517 8827
38071 75261
33149 14548
42526 29360
36144 23821
24588 39983
55106 28672
74923 66721
5706 49064
72732 44500
71468 38722
22362 60321
1539 10608
13421 11331
62545 29197
57239 53248
67004 29182
17881 18684
29760 52341
34015 44142
43746 45984
35994 76593
71215 44489
55930 35540
13411 53978
56174 10103
7556 29369
49870 77980
14594 55698
76802 69132
56727 39456
54769 75468
60113 29039
56292 43617
9804 12350
38462 13154
42182 12808
19152 64320
21927 35849
65403 18891
12030 31137
51342 57054
11869 61561
12172 76894
45543 29009
24498 20462
63214 3490
78306 26037
31275 15356
61502 68208
47836 31118
48358 57722
15479 59317
20378 22165
67470 52036
27258 10971
25862 42516
6655 65700
38670 20272
22625 79519
65373 20924
70221 65489
10001 13238
2470 1237
34998 71143
51289 8855
73568 50453
38109 44051
55734 25487
80495 21146
7145 5863
21634 80668
7628 53745
5683 74536
53173 47257
48952 54814
28243 33261
37462 67367
29776 30077
25104 68474
15093 3409
44021 35166
17490 44976
28482 28736
33319 19747
5790 54784
28083 11142
11422 49172
16294 60110
12132 43048
50946 44933
26706 29603
55932 76030
52655 6147
56378 49940
4671 33389
70574 39203
66071 74663
70267 56882
20930 39743
27589 80448
50739 8738
54003 25343
67394 48261
9269 57315
63731 51920
22153 16478
59744 14146
73295 40417
50160 68414
1371 61554
34286 1173
43006 60602
30303 16709
74516 44528
43706 40946
21339 13576
12666 27654
10201 63889
47005 41166
65585 13801
28432 32231
4569 36281
15237 74555
63984 29888
44374 4721
15404 78139
69761 39300
60412 66369
65821 29358
22063 61919
22444 9920
58216 29380
53555 76523
75672 50591
57241 55703
79694 74269
44054 44693
36770 5059
39461 16944
75245 7680
53625 70674
74707 80434
59178 14250
63929 21444
57462 75321
44880 51455
24060 6424
50428 74982
77327 48229
60191 80048
43747 46348
45750 71280
921 41412
66818 30683
35744 73745
7528 68964
45278 76723
40901 1262
65460 6788
56187 16404
58786 58271
13813 7849
32269 46145
60037 14628
20698 39030
16038 34034
703 25559
5565 41004
12304 27082
60696 40796
54657 25052
5110 9871
72543 52569
57873 45181
25681 63740
50894 74243
22872 49070
53830 79570
74481 28636
22201 14070
23993 59406
12193 44415
57340 6869
18754 5825
2637 32327
52268 33702
67668 1426
63746 12200
49030 35733
36089 14661
55601 14857
44240 7118
3959 51913
38633 36302
6453 28298
58071 42332
37438 78215
78865 71453
74100 62599
80525 58780
63404 41676
39021 29453
41191 40506
65674 40757
45924 76628
11308 77463
50881 5653
37962 58736
1775 67120
10678 74952
52907 47505
46839 75294
26268 21302
8935 27328
34040 75829
928 67432
63580 17379
47169 23095
58754 51100
57453 27276
