889
140 2532
392668 526342
735449 347796
168714 615993
657538 34313
674135 471623
360492 374914
607298 317408
895615 282847
648367 944770
427206 66159
990140 104753
237116 256947
929241 511789
88922 685605
273170 206136
816465 657948
26865 253402
628939 336892
459125 253397
537724 751596
432941 10301
48010 294764
639206 104462
218112 512078
645847 912575
819072 766062
115241 311531
403574 87696
782466 982446
106053 213039
796963 238356
182467 372373
464765 618635
536792 532376
451131 775871
205519 914028
809708 919779
806881 926866
307487 667539
683034 601857
862272 180828
406837 310738
169019 621439
460164 893736
32340 720199
900564 426817
671084 277771
113367 766774
234606 720153
44157 122122
669218 843455
25735 824366
683992 200446
197301 592012
10483 845431
590620 337934
24810 192355
308346 20853
409097 76305
428753 679417
751623 517676
395251 381781
704787 361165
653546 110372
157750 544275
211359 179826
910232 879107
467325 754778
975438 930640
409868 550440
892392 159483
522354 695127
791060 341309
262417 915065
428426 321672
518224 876406
318477 112796
465768 937165
904143 134228
317358 505778
209163 468789
432611 616802
223559 820791
430725 219835
15720 417644
496186 936285
976120 895454
951267 450825
78548 594186
513909 531446
946338 442899
153057 86522
764451 610500
981277 504933
38796 129344
943914 435651
488909 236249
81774 395738
724710 537537
874759 269275
976654 665685
648490 755434
469645 92244
917415 117599
534527 458489
658701 851827
724784 159345
48869 457606
89127 274159
668995 64853
562179 176588
860090 463085
70209 257492
467732 296619
784664 581463
745209 928896
587112 101572
7426 723959
591363 957876
195072 491537
861027 198261
223434 153361
588698 994493
889558 913023
68802 398226
391228 899831
704579 313325
167628 236843
962468 708592
352889 382803
894714 983178
420150 542490
341846 919405
230686 64292
272389 28492
823923 14172
445175 402308
950611 745305
931101 89776
104998 897645
318130 576489
759278 964322
940603 556283
539319 72233
640736 162212
238085 484417
200789 848335
544398 897651
574630 856997
694570 308817
293395 41520
114622 843070
711557 368079
915427 161275
922075 327532
221866 206171
20856 20798
268800 977119
772169 200865
461858 994814
960360 201798
790666 478133
573444 247003
601334 303725
111347 122818
774728 904572
652215 670760
429669 814446
376109 425571
161787 611599
416098 119976
309394 991842
445298 482962
421328 101511
38415 15973
657065 73890
870795 443950
828365 447218
129551 674447
637410 196074
906089 513854
825750 523096
135145 319529
737709 569066
269124 172891
700388 747387
831291 915802
734094 920974
401821 337566
430832 982173
248322 158570
989458 942371
542879 880765
784275 522506
271783 810403
669089 81155
196026 600368
374583 238517
519666 697282
625602 604749
562127 880559
256801 828746
955741 13655
818990 749882
43501 990320
53171 865638
482965 62141
46632 817581
989144 79472
655719 186553
505220 86489
764145 800716
491891 545996
522317 416267
740136 380569
728244 408635
333505 815162
271274 659755
916845 989156
878248 537205
4438 139829
557778 899163
482907 531828
421226 183428
228120 616447
206507 232851
488128 67346
951053 600198
510129 554287
264723 491538
604409 371454
312141 881245
91297 81632
579844 843330
136055 502008
326926 142881
256736 755641
462425 390760
937082 745602
262357 328142
181537 198468
234698 772679
294025 834860
607156 636606
303903 83434
143474 355555
887552 752231
82550 47691
956224 961271
370268 456096
177974 864090
4408 61037
478716 334799
661291 369982
149142 318755
500254 147303
38602 443461
70381 402565
739349 602959
887052 513703
374371 830633
402433 619808
425266 442555
100007 463788
967039 517277
716254 705584
614078 279247
991382 359225
324285 477906
681112 660381
713502 125329
270851 996185
329335 379904
842790 233140
700256 459623
882843 9303
463579 644395
48755 798095
545761 996653
591075 305365
485508 674841
337220 540237
602557 165203
397886 192131
675117 581474
212983 769003
479723 499718
703584 55076
992527 214955
494903 615582
375444 605308
583364 867211
724257 255099
18097 548415
512433 112458
470336 433830
490713 687029
83320 244967
65200 246484
943891 481641
233576 26901
97948 161391
535323 969207
956234 539068
174857 647149
543796 240191
344360 450836
447003 762054
669804 834156
563927 361839
716634 704468
364717 887957
152338 886397
174982 554719
929404 975390
656978 35312
883174 888545
359334 835455
984628 355547
965600 513076
198894 383377
324255 55185
347526 339063
958602 798168
290667 395528
305221 241328
835566 811699
584265 846309
339099 66483
730133 219957
979868 773719
530215 24777
130252 72726
500161 449027
562528 434983
978440 357345
786753 527496
769192 863542
708797 211466
430368 434897
376138 976717
739403 893577
288301 682057
206571 466502
820453 96359
116372 421894
48996 301769
770250 724850
933607 555664
607292 878428
813979 670084
492754 575013
72957 234761
20965 535642
829063 931791
563911 536661
222242 805221
739910 297428
978736 249883
228813 694165
45761 852350
674362 137800
955972 308478
555130 297579
142971 199328
386687 596933
592692 41906
759640 126969
693174 942875
377447 572573
340996 865468
68285 832426
149466 813931
549548 870889
47785 593224
68444 132739
121047 569809
785457 604787
224404 749581
52462 432373
917174 796038
368902 884195
629188 840011
806052 80486
830177 979921
239248 532870
488958 402686
567690 887412
289410 728931
372 138333
829264 861990
530689 949642
261227 952914
949913 442654
821200 263018
361400 838795
947486 484500
5377 840076
235629 529148
175144 391483
800012 194608
179662 749564
117424 850237
443965 605350
29069 757944
299303 370017
773663 297919
767810 377356
52737 466477
68989 203786
108159 409510
257405 592884
791546 848943
239436 25611
837352 450821
446697 739233
130921 334669
644636 109665
647362 625172
676229 796476
982745 751220
698713 28621
647273 130941
300513 105269
832336 948370
301366 640592
808386 192220
749479 171124
276179 569511
517189 133647
704342 822572
77249 652386
795357 886130
536710 591601
118549 701954
623339 422800
601899 709248
306563 355553
249784 6780
55907 53742
710372 153139
296400 124394
101066 546248
823463 517110
521661 469645
62641 373351
832435 939679
966464 355681
347710 443246
701963 734263
233721 738030
464528 111830
939814 642145
121490 41047
625850 3864
555616 103834
253338 89689
45851 804367
38330 526619
198965 623654
936318 710057
14489 147117
924660 409457
926204 166001
193451 993728
784 662761
822309 876667
410162 536811
80314 890174
545895 109860
551434 11953
411851 461525
512173 946167
515887 509088
979329 273123
198357 617569
96306 198316
443820 544448
646348 287006
552620 639696
931528 99883
913901 380131
627979 604045
819296 62312
747502 947742
675658 193973
871780 847360
529950 863814
779557 466894
923719 787684
475355 73604
498419 837486
230563 686445
930578 679524
364745 836611
556947 725812
307935 415598
545730 768069
679576 786347
195950 799125
179970 780365
447732 380827
439022 281067
636920 980301
408963 975774
803962 770615
817356 598900
631153 524339
115446 865064
35782 155190
163325 973003
156358 882503
539031 834546
728780 929182
583949 356454
15457 42659
55858 415186
612972 582364
504040 816784
285449 651387
889746 351663
831767 16413
208431 907096
735912 486886
723283 130542
79491 849989
582035 992547
856605 410604
778833 264966
517249 353927
44121 540094
544734 878459
598369 929165
451803 872061
138378 500314
153692 687984
275583 482034
371002 379046
34554 272969
520100 946298
539013 561032
694110 665089
116773 641602
573632 589223
217203 81576
110790 73413
83175 936847
834298 761133
533272 575524
313097 284016
872473 987775
449344 487071
680497 979942
923045 90226
774009 799817
409094 102128
981742 727528
470259 112112
687747 564457
996682 708773
62469 754281
991672 713838
305557 502376
359164 93790
99250 429987
597216 978897
386248 442920
337688 924285
719990 864920
967784 607919
373101 509418
356070 42290
752174 474824
528021 788272
367948 604297
879372 417178
231048 368193
996628 99253
812603 859267
277728 156657
589197 765208
233367 234644
738532 609188
150748 212458
239635 899388
925659 203551
224179 608967
765901 407676
924984 4090
133311 773578
898451 20706
275043 614029
125653 381875
817134 949042
982430 141311
268109 518023
624416 933139
351989 493004
832496 108573
445290 257692
465681 461144
905495 239939
991260 461980
496759 20591
837710 312730
445024 770975
855487 982888
985154 967801
342574 672399
133191 64458
938000 817169
255749 765076
814349 542551
655195 192362
763765 722433
505336 775308
510983 715695
932786 371756
669305 817452
383209 990589
172042 641509
825969 147700
610843 417786
137885 155510
42005 28016
594387 413332
388036 182559
788284 211382
430020 976522
920075 7582
406731 719032
203207 495579
665159 964165
324169 76151
386596 172678
704857 371292
908654 445481
932005 811513
180582 139109
473491 461119
5097 865590
195535 751402
700502 805539
747854 590823
456174 464758
243240 891548
156438 295766
401466 338696
942611 873207
479864 530056
272004 128158
984677 365985
258009 294553
625197 158701
583436 684928
963305 868114
17923 325703
977330 573946
227869 884059
769595 845672
931485 446408
948863 151425
250037 694364
13634 891618
497817 978211
465129 244751
75089 126453
621593 473875
638988 438587
333794 601707
252751 789114
400617 426070
486229 596202
399128 21136
990498 632846
720697 378081
814825 728613
304668 555777
951308 19713
379159 960398
992686 98576
265616 389726
651022 965310
617110 430219
615889 374559
90398 809379
627412 263984
373593 778477
444749 226133
324742 93437
809639 871723
24312 487966
648026 380902
907264 437408
573766 727616
931102 107462
345776 767296
334477 623749
730991 611125
944875 138792
571435 336982
679913 345616
325747 547581
972511 596948
917884 401615
885007 658099
221300 989138
63135 711565
865469 789024
831311 242421
669073 167128
705709 737070
802377 728029
843501 909065
558842 401633
452825 121285
664076 367904
467527 862961
232230 486446
560107 872164
651617 372026
842651 770060
360710 157368
681123 478018
915580 951262
150945 711979
939149 784192
195424 750046
996070 562146
233791 753964
683348 29424
557240 343853
232355 348043
296266 898483
572424 48811
929201 208223
109182 962799
627472 883447
438633 354616
251780 814798
357661 696843
941913 610728
72676 700508
839431 729928
731302 789694
227483 680218
735028 777406
978326 84032
835252 799452
858282 962939
693437 203373
416509 310558
628434 16652
742286 705116
976837 406494
819288 852294
540530 372406
9999 66094
320574 210259
715482 306088
871066 558546
727767 803247
373750 945132
807143 939352
55726 843739
7518 476010
34962 156241
196766 465760
266746 64258
393759 856257
727549 531220
34675 756389
141561 201751
977629 105715
193871 914617
830432 358256
702210 976958
918019 387510
7961 524468
186416 728247
879697 38905
550772 491060
564645 409244
686506 194614
553357 839387
624995 995314
407184 91115
350243 502376
797046 357629
427026 175914
943353 227233
231905 144308
235720 659166
805516 528487
595626 746440
352552 812659
121173 302361
329303 591833
318046 585343
943763 431301
833632 803655
217252 591840
487449 446791
952300 899218
461372 163812
701546 90247
913164 310122
698961 189544
420427 367852
172362 91895
385661 204198
758416 255983
75146 765600
170586 995073
7790 951886
961923 226005
693581 107311
643299 809681
397357 549678
225765 882361
151516 156929
916292 846908
127063 267041
8707 772163
507925 436866
36597 587373
373279 502830
936609 137853
600223 976885
524188 893455
24924 346682
131214 179371
719758 346594
682307 911561
64256 521136
792550 120391
666174 68759
429672 173840
418421 775503
976116 451780
740368 334170
958138 586158
394859 399656
188403 659486
292315 917077
601585 565443
776691 646622
488731 575859
166077 287328
833220 670040
751932 587757
446577 875030
490383 916843
696538 709686
518937 363710
885044 781782
916376 970488
913468 578015
905778 885927
261000 672637
575275 321027
192 735473
208096 283849
400331 405734
776610 483506
150701 500038
67497 48254
185285 344075
613739 944213
960437 591552
576406 476139
382009 993763
582653 154582
401055 246018
703543 660428
718411 665338
233130 913118
518512 869457
429894 658481
685720 938237
106086 134424
369531 604659
301088 684137
867203 721221
678824 113516
451718 843210
277006 583212
233482 858789
538967 743882
