3974
41 1527
325396 245538
897701 990870
868945 134106
611249 376148
607780 203363
667438 676652
532070 89323
93124 892841
29301 81487
830450 511435
737683 851699
734998 782587
803098 504050
235613 584454
763815 118697
37420 499207
627374 590714
246221 741207
640322 714641
853956 623947
369303 187920
546569 734253
866188 152422
137441 542249
358561 183070
964214 596583
680810 881499
268034 501223
666844 11393
2340 235888
519923 974165
25482 846806
199146 71611
565706 361025
183700 460380
531600 749433
215109 59071
13343 685655
723572 496743
735044 438015
822611 881531
513069 141799
706217 398042
453333 168167
521449 422328
944351 195834
430580 226029
484801 376310
214200 170050
113417 4933
605861 857048
573241 801118
972795 872535
375122 934176
934792 164775
355118 727074
45250 733269
604516 883131
42828 212852
142219 801818
576360 840618
128801 657152
715492 669405
877535 665979
403988 331419
781523 641298
568892 172583
270732 973255
283991 560947
822489 695515
87375 855221
399522 35165
74234 532361
131766 780272
139456 919037
644536 258882
927414 340768
593372 533356
669110 497927
181504 826592
226173 436426
342256 293171
782276 951973
513118 11034
44487 746201
393663 667637
33096 807722
43260 131463
976799 791215
144139 924
44514 266279
389209 1678
315800 627269
154707 243420
631357 428296
175224 781580
503082 655494
695467 533579
988755 163896
434397 130747
69428 261916
830115 625505
377814 812869
401700 399412
710346 886275
858576 112057
229828 401533
400984 357864
613393 723257
397635 944044
248244 569211
532064 338396
428706 742560
375190 6292
198202 702696
132839 537671
275744 473998
135630 24570
460561 238586
649602 451838
796919 649656
911843 992155
452212 883751
24759 417628
926150 611854
422369 311538
581245 880996
706870 47642
381775 610916
177271 418183
687823 22467
158510 494317
509311 389312
544164 55503
875678 530757
192294 403211
250258 868062
962891 199657
357425 901606
331851 399591
761916 305054
912480 514535
455928 784908
643304 536829
919942 209679
395464 711378
6774 310466
184202 91353
993267 21231
978643 445597
632227 167964
319217 213738
417393 87672
323259 488640
410605 795257
208176 400358
124833 844012
824641 395272
872017 215869
86353 563102
198518 590630
694093 989708
539722 819084
65412 75136
628591 352448
371465 675223
320930 664879
112843 504579
306589 941197
297126 489357
998055 279830
110188 269159
803670 139960
932607 45720
139249 520302
447737 642368
429443 928854
839242 411824
58736 919034
31475 122743
504910 17684
720974 558681
586030 35158
712621 346317
18141 606765
117561 821657
632024 437727
235221 924624
588423 866092
66229 558843
55445 145895
57837 551989
810252 321417
387157 676472
678652 847626
847024 349570
833518 494749
933886 823478
627017 227809
162773 353936
402454 341741
18671 459412
938048 192659
718481 788837
592566 617968
157381 192795
217744 529675
139273 790309
62735 752846
286040 759881
994235 765692
637239 395899
634178 97422
852948 861975
665560 168136
136925 563699
442766 93628
512523 259828
56566 645620
373334 326737
274400 603703
614767 784311
805887 909843
820183 832801
510154 483007
258491 688616
44624 120712
81615 390888
399930 162634
802440 23762
125013 5687
1707 67735
270674 505668
59273 346030
882236 78465
109011 902720
998431 320000
872270 448755
650338 817493
39130 672861
848641 443433
564303 83232
659124 665678
883813 449625
836181 430507
961072 696319
496300 87586
845088 160335
641926 274135
760377 336669
622462 471949
771994 835567
314834 120867
360482 672393
578967 927176
941812 994960
557858 497995
799511 690613
61646 127507
521094 927733
21805 460435
403745 307902
194357 181675
900212 930680
814865 395174
822386 725423
236134 350981
513708 230129
162575 670689
302681 820718
332227 835323
230039 978263
689047 162289
461936 336476
735071 154312
199039 531643
144642 75802
702027 730772
576527 781917
904024 234947
816101 152814
409672 738557
608616 816938
32810 351533
591216 185781
388315 815627
514242 551125
446721 299234
859060 354849
740997 806236
37404 116260
162466 483279
77295 904307
54732 726883
380128 944874
698664 663573
832078 878235
143592 768012
493902 409730
643884 985500
277680 547290
189570 899840
43752 30830
302616 803097
535363 320160
249951 128708
593410 813753
400940 944682
920112 441475
925379 812422
792874 640997
6784 790088
253484 419157
125369 296296
881938 826661
594826 929313
924969 162287
516401 626590
782792 182810
431738 670577
936931 864176
666065 514460
729885 525478
620589 493626
24533 642348
215539 382206
324568 100174
283342 153365
375558 976920
667272 845630
687728 15208
698955 969290
450389 513037
772153 331802
101850 270513
252383 65208
122982 708247
811993 288196
217892 966943
837060 295223
947722 625566
63025 117881
723371 549350
266840 563385
222295 195801
474745 354967
243275 41371
469241 45946
86925 500521
527585 231785
945292 766323
428077 889636
208546 767750
740044 333866
161 915585
937014 884423
465454 370433
909479 632064
246248 125214
306315 932011
184037 394683
950973 937264
979216 661384
141462 309930
136075 295929
759061 934394
953596 319320
911608 264419
498108 437801
761255 959393
326444 841727
598079 957090
890113 697022
92717 784106
821479 874563
389999 12473
341023 61892
982009 8821
531792 331849
790351 175571
518287 710528
655868 122310
72487 48440
653886 777090
247661 714970
519254 304481
13783 763447
422658 492732
42749 179318
944959 66342
141707 680634
684388 148869
153828 362654
821897 121011
255622 877649
968990 240980
705379 40533
715420 524042
792313 9448
866995 567620
205642 195829
596349 920731
520921 847093
83935 162142
166424 489488
499683 835042
812953 432861
809696 12211
706974 624336
105591 164824
178983 959597
263668 495023
775134 51931
148271 741514
619812 523656
42017 759931
205837 750673
548132 168277
327882 432688
262405 824313
462425 659205
86861 11869
192769 99467
243921 60844
655288 957879
918447 720245
984261 617204
542038 973563
252189 210998
153453 859758
468801 877983
716509 515275
308028 483797
872503 966328
258433 259220
607444 171631
345 2567
463518 723055
949345 853757
760832 778714
318750 814133
713544 497705
765856 541532
604973 307310
709703 501884
219089 535399
858861 665533
488875 559379
566009 79157
335682 814691
549649 241181
305714 70595
653887 869947
284932 168579
772335 858063
705434 718596
194165 783133
362898 73458
761023 343862
738521 729156
341266 523390
651201 521719
407479 114999
39887 939442
603278 873275
533408 921348
415284 920906
810127 89520
776539 603381
222834 604014
801360 135217
321215 963851
662747 925028
353497 878821
30522 540882
600362 121510
589697 572375
532430 953053
103915 623894
653728 736673
977734 767614
335798 576145
231970 802390
510702 210116
594867 457900
5262 227200
363369 638628
35674 61508
540419 537919
853928 368027
561649 275500
321864 366475
763641 615487
85116 461553
979751 634580
931935 981232
673211 344441
289950 88102
786617 463885
276572 590682
503302 293172
792362 866117
476711 624017
509676 337940
482483 545922
11026 574931
272742 87476
190089 795136
604918 925934
207056 483826
996345 350713
812472 570009
719323 698041
259336 263603
90573 91778
677540 912733
172986 992286
586872 8758
913287 261226
508144 405890
469361 474142
396926 943796
586692 400139
81167 988389
213026 729314
843600 199605
901235 238874
802181 260171
346100 349845
301484 935673
173855 289458
224764 779033
911627 363387
573978 552296
121473 926164
291282 41954
676019 210953
112871 141376
386418 411168
198869 197503
188544 927998
440605 243195
216771 769494
332203 75965
784046 39586
442030 868330
370800 175669
516770 908877
921587 204481
134037 208244
674796 705810
144164 730249
397783 426351
723971 937507
914264 769029
841729 461879
113078 251991
494407 574415
711672 283684
8895 388649
519819 193993
582075 273597
643399 719690
100353 230941
608410 617722
415760 120729
137243 531474
259436 950096
258103 419204
817874 57582
215821 875366
723395 544751
77768 199329
59095 813147
871404 266487
510524 983866
966041 230118
385396 105563
885803 833337
563099 38528
881735 74599
430276 379668
142040 875024
548878 893047
386423 25292
789412 38119
445251 142958
801577 444157
281326 699743
614427 985440
932966 602768
21701 932774
264356 382089
585687 193200
657946 83995
690369 132850
602556 267192
653412 919824
529933 252506
489376 80823
509441 445987
952555 448919
688636 5234
653983 950802
369701 184220
780971 659200
660866 357520
69528 997928
527180 283517
164022 395906
362348 141000
263263 392976
579137 843768
615457 730449
553049 21792
105320 393808
259424 219662
440958 965682
654722 475880
854354 378927
711064 311990
732382 433466
344833 309250
621243 941069
915070 345091
824958 737170
824790 537463
84508 272216
662251 388369
377962 958221
192605 411033
455845 585713
366038 531637
15314 501881
365089 191594
740508 796781
600558 475313
107316 43174
297767 707262
11808 436346
352323 718093
339545 299118
304626 654626
170751 532301
668381 457668
355899 71560
135128 604009
628074 732714
702670 715661
229167 309661
694255 456452
113300 504273
453217 758660
90535 314378
134612 837163
144196 654148
399666 121865
961488 962694
420698 383296
625624 497326
127053 862202
185082 106885
267583 350036
904614 77750
506692 865395
760704 161496
734091 364555
46041 183411
37164 551705
341603 283191
660880 791562
786867 642893
419741 642027
99206 635296
850417 839297
947753 247366
611596 631528
293326 503232
705721 360899
654488 218370
807829 232178
702142 700929
354282 505025
622882 426164
410717 212559
82641 926170
456249 768368
194945 791408
83362 358739
865970 802240
785411 144752
820764 993067
968756 721669
818349 273564
974807 162985
203711 742936
463913 97370
20523 491631
232545 255947
89146 380294
81535 59708
928395 389462
820440 76560
155419 290757
676291 652565
716531 543854
214329 396033
83541 988146
278564 389817
140735 109828
791097 422887
337772 193005
600269 815389
976900 231089
373234 33501
157791 454358
984796 835086
238207 344126
80790 740771
712235 569816
202449 448757
880763 142995
808420 532507
6283 833286
527803 81294
28266 47088
615542 639270
354312 965325
601004 558665
663605 446378
400320 746829
329334 964045
112215 820388
928447 848010
638282 498987
56869 866969
259342 286106
833925 448880
753125 694633
860087 986989
481114 39855
541728 379528
86142 616167
468 710267
784447 168659
440010 234641
595134 351917
211723 533818
415583 863401
572245 729000
821123 954143
343002 189248
749805 284508
712954 988378
967004 16967
261418 768991
284167 357044
109728 254315
19637 676048
54491 511724
251393 615259
361152 852642
709176 635836
676157 100688
921586 93551
543151 963634
708401 340876
735893 253848
908124 630725
357170 386526
393721 736988
292430 980538
874325 593435
503449 572514
569826 163312
587686 929932
28019 178243
590296 440171
399909 700386
127709 288383
255841 582732
633285 167711
789425 166362
96825 109779
882333 672579
838452 581397
73082 82283
505968 440347
912551 497615
326347 800710
845515 539769
345057 519130
874726 998667
697149 492367
123046 664188
187609 502245
342858 795522
182106 298757
483251 254053
739332 720391
354900 837913
634869 176117
470773 706454
824732 421317
358435 659744
402348 388563
628763 552803
986788 860222
891597 657593
897491 140439
955963 914945
373197 892386
376869 746451
559972 928589
67466 548142
963297 864403
739368 955331
72701 772621
665916 808099
598988 564499
160232 198548
763269 49241
691387 271513
239726 866443
684064 984968
715287 649670
64878 647399
59928 213602
272975 55108
345639 100813
61179 531651
648350 291178
370790 502001
433307 195923
219622 110450
852681 249414
550759 363596
138122 809502
52896 946203
490629 338482
349234 342944
981632 736377
946667 335308
568740 502567
600950 204911
765408 90221
562350 258502
387875 593763
568773 632277
564236 714300
670483 213482
858820 411349
700461 700644
133082 692471
282973 402629
912387 59749
42735 917533
182243 747944
17997 343097
382796 458628
989614 297213
805490 193434
581632 106891
318258 571520
351810 989108
291340 124908
525792 719586
296876 975597
549037 68466
294369 736395
658934 135413
488129 869832
614603 312092
306450 737666
95311 178620
326925 636525
522594 628098
97377 988670
311916 557899
275384 422129
581366 544222
948662 260193
851528 531774
396209 549537
860267 706095
749411 560822
896303 453031
901443 882014
412239 928506
326452 454050
302497 860221
36969 811221
140617 878039
533030 19200
326821 949767
249255 967592
396156 336683
234716 181752
864582 242868
637467 124028
352706 684879
656324 498346
98388 770266
720163 964443
800552 530988
820253 769929
881268 821427
613200 66710
419868 684846
169387 604756
576091 645387
182760 977309
194035 647608
237866 258773
362816 573525
117436 509830
428364 862953
706081 639129
619256 260485
789826 992064
99816 527524
380915 296648
627071 362507
694845 900504
877450 192246
955672 499705
890825 555951
872315 2388
179108 945689
850416 288950
155611 805326
727444 855911
506553 801233
490899 283880
975738 891768
845494 185803
312519 707028
113522 614799
252364 966032
350009 618746
274445 241568
658692 393354
221130 891830
968970 852724
960541 895606
524966 291064
692766 786031
497204 585144
444163 330112
749457 122125
311419 502025
126277 700217
224040 344163
194774 675052
499954 955173
404921 391671
352722 511723
607304 852229
625808 114742
706595 337670
800528 109961
799723 772183
134667 746774
302638 37397
412696 550310
237172 575117
834706 234729
282072 454553
842864 838216
45502 156439
212638 29057
190746 451284
589167 944461
665834 946770
994583 345830
571715 365194
528181 233374
785204 721595
807276 626339
503468 378262
317595 266015
555549 579321
864477 391668
27974 786428
339532 504254
838342 630039
677448 55605
200004 281987
15857 227906
499116 560167
81394 474453
723881 819285
766268 33457
391763 917167
548982 814213
840474 754398
873433 253954
21757 878174
9727 581405
437964 610136
310538 62922
683966 673994
56489 47377
907532 85320
236854 197028
897255 701861
790858 249759
762405 575166
701633 406234
184058 247359
252834 277434
870075 789448
575223 377910
669207 218059
40648 748850
286971 234465
424835 831890
527832 772466
118735 337469
11914 401516
696466 815960
208014 961073
216660 894736
865276 282037
907203 529146
759276 855091
159386 838033
924617 322471
985185 680602
101626 13412
605803 348049
324928 24295
117164 314408
163551 764263
246942 877714
282487 53567
220441 108390
961017 262941
715702 485411
520691 738009
894081 109753
674019 724266
58858 26552
660331 256258
81332 308069
123588 690305
126964 542300
583953 12077
191783 623871
328784 429378
533572 134171
296551 616499
866765 477101
567392 938339
865085 196959
35928 938948
392251 882922
777683 742989
216668 830225
98645 476534
993518 887896
188777 195317
753059 959994
234864 410547
673514 571386
166111 393203
655392 505007
899908 863890
738101 473124
622618 476034
724366 393961
292947 601762
139565 972497
64753 479703
472215 921148
361606 695818
153947 811218
374731 925789
153119 483142
375614 2871
901941 945370
592393 614570
287343 403489
293244 103432
222104 199594
548139 732509
567735 978587
216584 101823
995472 89271
184788 892440
64483 446692
757797 147455
937955 693377
720602 670501
959704 812073
627238 51629
598615 489464
630438 677278
19800 452339
584950 897858
643663 46391
80513 617463
790780 173190
531526 478711
171476 30047
748898 831706
394056 306064
286205 456596
151168 708479
423245 800965
765010 355401
295074 658890
213589 243277
742185 331421
859311 353406
65906 506806
564741 179457
503631 604777
852493 505836
99520 405122
633827 162187
335492 78232
832643 893359
867115 606124
720075 728300
908077 673005
59835 825286
74892 181952
918244 52465
248039 697996
965846 661903
852578 679666
426192 349361
249649 867217
726343 26974
705663 833699
167318 677843
554215 984651
918656 245539
634116 227948
71638 607256
71976 145441
552056 134994
954121 475607
519204 715157
983744 888560
912205 764407
521036 750072
355576 484019
552774 789231
342613 60429
217332 863303
824756 958776
638818 605767
279790 620232
803945 926958
974839 939673
810632 437851
117907 981306
189284 29580
670893 866692
186789 255262
806187 586158
950525 789026
153770 572596
757911 266559
847160 437448
332133 838520
446696 702689
412272 151693
356460 367160
342685 897559
427241 95823
133369 548442
909812 180046
268264 597845
514316 637447
246465 146499
214711 605158
38234 178383
491036 447153
506150 749639
332973 33589
554477 204594
630405 215256
298683 340050
398312 374668
465231 248502
45616 885550
387487 220363
833673 131756
720345 734830
280153 381831
932046 931993
251622 214763
267859 625586
874141 253200
375115 822714
922367 43997
62669 834445
81510 66525
64088 214568
754150 272272
346670 579719
11750 714575
96660 212846
211731 653284
444722 189757
513011 782116
718076 686110
628575 47653
125368 194677
852721 279290
367204 943175
758239 250357
924504 211735
988788 101789
174509 660373
407746 504438
633977 720418
63860 155502
246595 802081
195323 565040
375934 549920
154579 133580
591251 336621
769002 68490
238632 674226
909566 922984
875123 552097
51989 573558
640564 730591
333157 867990
375278 82050
200180 427673
772078 832622
551315 653061
917640 622320
429585 134230
190813 326896
732850 503296
167202 276862
160891 20548
83534 498092
987010 359299
930603 459587
180280 486660
138403 869138
294731 360131
930487 552692
291878 282295
35477 883362
972363 820566
681099 890755
478343 82180
901024 227307
132212 578152
699621 876129
286121 124599
615696 344572
770707 206448
762557 362496
143051 453191
173152 696323
885932 184905
132497 129559
317398 686913
833007 849055
174714 874459
889347 166766
133743 340778
668670 160265
749287 244869
616687 885690
140873 494967
513500 693504
552409 805565
54146 300295
973596 472317
672702 470831
730018 928178
593876 422541
809475 585305
782024 380748
832833 531729
871090 357337
184660 380601
989392 801188
759551 94275
131203 638629
413860 975653
888796 720102
486669 669482
213072 536381
341570 825455
652098 904801
294332 976449
337161 368171
842087 221281
939025 347276
146226 627564
435629 680839
5482 730849
650440 628977
880028 879641
102058 577161
462668 67908
188462 469914
281591 246079
994182 321779
670985 265602
149471 591780
315849 96950
686715 910491
57121 480185
994786 323696
164830 637550
270858 822034
155737 945199
189304 220047
659070 644684
659759 767711
652235 766687
577013 50648
490894 59432
434539 868956
887112 105593
863462 210002
523482 899440
122394 653676
719818 652409
322147 593332
694374 102927
603204 949796
191877 539783
768464 475647
692268 786324
399946 453380
339735 96382
579654 832135
411358 361599
249564 970609
294563 742431
94791 815489
993424 953251
168296 402401
227381 547154
14797 252866
95790 242615
701605 217943
754321 426051
459740 682071
870582 366569
421453 643530
674274 466762
373133 196847
274627 33401
248309 58459
531889 30746
532334 699639
387869 397588
188279 315010
319643 911112
770776 569547
868682 353381
239182 555556
470308 602092
150390 962958
147907 888393
797126 287651
646704 309057
769545 174422
658716 481115
865695 458215
308398 523099
928813 592957
469177 85172
575001 65851
861838 679572
433454 59634
732331 895953
363615 6565
760515 729103
700308 347487
842217 471512
210943 542422
579657 526642
407299 229162
44 416779
134570 949089
741935 586851
684070 654612
76689 983029
721080 858959
765262 613678
361211 565801
781322 256308
130403 756245
725718 190421
796546 953384
388179 549721
149169 902740
26147 464626
723747 81424
838640 862494
474704 365486
95962 894558
381807 633192
471738 421286
552372 107379
945941 492398
768730 350421
363649 704467
779193 715311
105511 868315
142624 464860
600680 815694
436638 690109
367708 231792
478356 481381
674330 321876
452111 519940
734764 687271
241014 483490
28454 900879
294855 468701
645246 999632
217352 392315
795106 681786
673092 125166
915404 958123
508692 562147
859138 813998
460007 289711
850895 115430
204810 900477
420779 336565
768493 71021
551817 558959
555917 507008
666806 742200
963839 42770
333598 46355
389470 159504
438779 555245
575534 246216
549049 662276
37681 34771
86434 938184
688308 711460
960960 273671
712789 155519
510604 317610
634629 581669
349399 418023
813831 733834
548893 134641
974477 647482
277167 318306
217867 315653
806518 420674
718731 797496
807791 910006
692010 486104
943990 655978
697799 692592
890630 179454
342935 286040
141794 540557
67472 804616
58815 67771
919248 635955
783955 248482
224953 807821
692918 701083
152626 529214
722977 215328
494027 856747
115421 890336
169081 438308
388551 105474
502412 858144
969825 740005
241692 520654
999355 812887
674818 302421
342521 706905
288231 942323
253934 368501
806649 946909
821609 46352
507586 124110
676362 428783
31811 201244
29759 23550
27794 210634
270194 433151
391514 510760
21071 794387
134094 75242
687470 374455
822984 824283
442443 438540
8990 995759
4931 568454
987437 197162
201487 155122
370398 533293
712197 38702
250029 475478
314980 261900
158476 975221
626902 173413
703273 143101
509825 258177
493373 581780
72096 901160
414638 727235
665011 868654
502400 173733
393696 40390
784484 366894
934502 176043
43419 479496
564902 916294
475209 214939
111539 338119
303765 271397
736514 561338
909633 706757
916437 700942
444822 357363
812855 191044
731671 892697
672377 506863
671435 184565
748412 186445
305694 453998
314940 249433
42614 385731
920859 313520
681094 687284
802195 166028
275740 712689
463466 636916
468531 626930
214507 772912
652632 423216
140376 227491
36080 402704
153067 82743
343256 492752
601657 82648
279431 287151
919905 850838
768263 887616
779066 529821
668308 290778
970175 175837
102047 666574
407651 277042
31580 568088
960151 774209
455420 929723
247062 871676
759764 558131
700869 156855
38441 206495
849387 429162
308550 446881
249490 760392
932226 454278
610155 70226
352977 840202
380040 568347
504077 307396
347091 7493
860444 822949
135597 238760
890345 58908
166251 747356
711495 251271
25360 772162
943390 675080
55460 89258
374937 219508
443979 907560
902438 781546
81056 279533
322233 828025
165851 32353
958376 252475
152463 780061
904567 341917
22793 565222
679186 283778
148370 52590
148152 585287
201394 618526
259869 720736
709467 672377
249730 905679
465557 330280
953699 953202
135738 410914
633565 885989
46344 845543
552997 750080
95357 346429
200124 30759
865909 56204
583596 910287
292834 685442
683788 349407
787502 222653
648926 918766
85328 571461
401886 909335
452862 737858
434773 162320
326884 976365
331342 572196
27808 409093
29715 136801
991253 792467
694912 232079
419768 672757
211703 628225
179038 744969
504170 41685
570750 825955
664005 974780
444663 570761
5989 613890
55700 496631
939558 716900
932423 140968
843271 666328
81501 484122
989669 234967
765595 424526
775626 130884
786106 637314
134679 533626
612337 602069
379065 546733
295926 436869
445905 231254
932053 34921
844465 99109
84126 92904
511503 919624
714231 784737
836336 634553
763574 219683
851084 545762
250157 19379
121022 556142
552797 173785
905094 433802
947055 990031
84224 51786
155015 743514
284128 914438
398172 374582
948007 632406
592581 377788
868533 835061
640622 299433
64677 469048
200419 48635
820806 643704
824508 769697
192227 952678
137952 721396
697015 891634
210211 266669
834913 679269
959086 406826
554087 8900
744395 186279
673376 330680
744305 486078
181913 912402
947179 551323
638272 790576
182751 145659
941494 303062
814503 836216
109400 669977
974673 799821
368012 779875
255927 186427
273930 10022
160929 228825
352694 707955
134846 534133
898919 56252
869313 397663
64599 525528
3221 459555
455164 413602
647667 873949
165941 812609
431078 469749
305021 539395
805350 128646
874081 593916
948348 851228
77954 19942
861322 334569
565389 933146
701440 182701
769548 288697
423962 188016
999538 490652
348871 693993
570556 181277
204061 626857
491758 491511
641580 36331
428830 65715
474305 997282
436660 303955
503361 175780
701434 158805
98977 836410
597426 429571
696314 745720
857999 38696
682070 709535
114113 150728
504450 786015
292469 9128
208476 186434
795811 535558
39865 237434
389869 77427
617402 772648
387401 497865
392054 42351
938150 329731
188656 749392
1328 589216
252505 319010
731979 157408
232148 224427
414748 553546
105898 511887
215940 510359
169939 932517
434269 605931
269274 497631
284854 452995
652445 875490
615199 586621
578329 368652
743845 744158
776688 736964
70439 226743
973752 997645
93050 788898
89292 230228
81857 456890
268229 75388
688151 794640
583232 299491
874539 622789
241152 556701
415073 991599
776110 930444
381443 48433
262593 780306
703798 492447
7879 236609
751415 778150
925017 168113
766941 211064
436211 688905
579478 685991
359008 729810
867263 634294
244753 520605
545898 673845
907660 912497
680761 521871
37141 460998
515775 493519
809289 963809
802324 300416
72843 750934
278959 718872
736588 88440
552421 664217
170967 77806
403860 550828
57270 978702
126869 848355
554643 522402
112005 790751
611828 156767
152950 414623
840042 614386
381926 524876
691285 991045
430677 683300
758794 85134
30329 494647
965483 133132
763996 790742
911642 107805
987950 9177
734215 392643
554974 997660
366825 344907
393273 317857
414938 764027
311665 525844
819596 271934
209720 118207
512001 492558
648585 707263
463419 292714
87673 746218
501159 716163
46175 530085
5827 701519
706370 613044
859711 477358
164056 92651
450858 678552
31602 806452
703270 952733
585609 772472
373355 367827
298360 456421
729648 265342
665180 21128
51627 215141
211149 196297
701726 917155
690801 60773
717869 290226
121827 856972
103709 372266
624296 696717
876740 830613
439731 188802
572757 175968
875762 274108
783934 169867
342894 706777
161033 665058
407529 594842
417490 402776
205071 331918
647456 398636
670916 259700
450452 672891
416453 242476
291348 288411
278538 502237
652392 418096
841200 668108
793762 350850
304580 191629
538128 465230
118491 723773
646893 24504
466353 343805
99421 800181
987240 48594
777339 380026
528367 174116
324250 704041
995595 353807
596138 569412
192262 441053
190137 524206
33270 799496
582647 219624
955678 545902
439901 285479
586505 304351
317614 921074
493797 65797
453901 608894
935140 830962
961930 997950
186951 694254
974094 238899
346161 508279
348155 573739
246889 6333
990789 80732
130843 234941
560832 921694
577665 543267
538699 772290
902462 793548
973656 2095
750686 236703
281405 390162
788976 223547
379819 441381
86161 264961
794877 243692
272880 268656
887312 845257
649606 224503
914494 99774
862399 978923
726896 808332
358108 890186
341995 855558
765617 263337
116346 843389
693420 9642
481979 545346
811086 5839
191773 964431
630186 90709
821958 300188
307998 85302
735065 484695
709439 761188
948013 283084
708376 914884
158940 148174
495476 425730
495487 337831
565097 262711
168588 196257
675 364970
907124 447261
316012 294173
203136 433800
574800 837057
362398 232826
28047 648729
498696 379231
998565 312251
895922 533129
626236 361915
619465 953363
125402 297165
235014 103820
960979 463248
391707 964488
671078 686201
779326 604340
551781 307216
136186 693819
588949 876038
810331 991864
731593 651520
454870 657706
920632 954603
238442 47886
436663 853105
738756 548649
588111 213751
571600 162760
601228 349198
747645 215996
942686 925393
267569 86801
90567 154480
43534 783539
735442 15366
842986 675873
281934 52964
130147 542180
510382 402471
71537 63306
233456 363988
262469 97518
958950 637119
258051 675522
386288 208288
921019 352084
659693 165223
100575 207746
344023 78852
969209 715116
104407 817068
7914 603732
205901 815592
144313 612181
104293 312056
9710 215728
913462 577141
140468 347414
228363 405794
207965 956437
708868 607208
257247 495751
929342 261542
164038 215093
95545 911884
497528 25849
838966 35285
419023 700430
650652 739743
416542 632385
540131 333433
236276 562870
851050 82761
650626 506428
28125 383107
959320 729705
560971 633111
436882 114564
784075 920221
845694 348986
826903 643840
600346 178868
192701 904106
126337 417363
512728 603833
573410 772264
30890 348244
7427 274543
834345 223261
242557 633402
963473 508375
857585 651442
281069 26201
356573 774504
503138 813840
204298 256884
802792 922598
245612 336721
40903 852667
53274 859866
235953 156030
442219 8251
595913 914576
242465 796572
677231 876411
338691 831012
391955 730966
832340 46315
141984 290547
53521 501433
881598 929371
423713 547097
577985 888106
4753 854344
795296 530708
21546 281590
448436 570850
708369 710450
772665 912482
987420 372312
164821 646274
115901 516475
635146 661824
119289 255015
712801 596155
259377 641516
170939 448007
141676 880126
705398 444369
39674 425396
913540 346837
373367 245075
348197 476957
397673 251184
371641 883155
958055 459117
819814 638015
514984 64602
684636 445463
521296 612217
191748 800097
821880 504621
316598 500397
778919 652691
406801 562784
144073 361468
508399 955045
374650 178132
484045 499439
173821 721930
206646 764778
564014 195777
124554 558362
183955 972802
101592 318758
582210 98942
403006 12606
700369 935234
146209 156652
727928 236348
439205 112499
199533 645161
895538 276520
870122 555780
194825 349163
93573 189948
67244 402059
333001 907070
944743 798757
130672 486793
387143 424486
150237 902995
408405 329488
396204 761860
807915 708283
49726 648197
250747 607988
615412 853316
217483 645163
305591 786443
140736 456706
848793 778944
747695 349600
209264 642498
322377 456070
998994 692437
150447 322143
945024 697249
318738 631008
387858 360888
86240 302216
445820 889763
105739 461869
3359 965866
118489 537802
312643 820987
21999 188831
8502 596074
490826 812224
467616 662561
910780 669489
960574 790442
160718 585724
604493 185221
473264 456962
217962 746220
664749 984326
809630 877467
961244 102794
962787 208931
130634 595868
944849 926397
517681 773951
106965 624760
33338 528798
249634 147337
757093 577814
261688 43158
867395 520433
704163 601230
548868 817725
731986 282751
45888 759412
123674 685305
658771 130700
944925 818566
577150 99047
211830 639430
581270 141481
984772 43348
705601 494017
723305 664216
61847 172452
515883 162342
967132 878547
657470 255677
204925 851718
554084 540458
815372 491193
626364 200247
913406 115622
968049 951172
924649 773630
841698 363727
791222 658647
36596 627674
492442 478044
727382 756630
421046 871789
127527 725678
476995 839129
144716 123062
536739 197014
162495 599593
566418 704616
321344 51570
643970 604307
652260 502593
133451 544704
833859 685831
901454 698173
844199 535084
760805 451598
672531 751074
979711 198809
153147 945575
751874 131170
312463 15948
382737 973700
112119 487703
215802 146762
345972 37642
548921 894734
229163 359895
745299 846320
907806 90741
903402 15146
461772 284074
293737 827054
585021 615489
82780 196514
501925 946236
553746 550241
392343 941016
209819 652915
503511 812642
410873 22762
909704 404963
220124 945502
797615 797090
903210 73495
781636 973357
55427 852282
809846 879032
179674 667887
556371 636412
693824 52695
367111 873998
873589 548999
738230 401295
144674 316794
838417 815893
513691 968107
491484 799508
817057 130690
894753 846213
640713 384362
198739 663763
9473 54534
152865 729475
171701 6446
81141 348913
611458 156371
260708 874810
230700 452833
150334 667572
716387 446542
590958 74161
504874 39675
907731 946418
491247 715014
374818 884179
270172 161412
427641 858470
294224 212916
924634 155954
459371 897235
11358 416259
837580 731038
797154 938511
781928 174901
662941 34327
269587 305249
67787 677810
522017 53848
590670 414283
716488 370786
332302 948189
282568 192191
2946 203034
866196 949551
305271 765228
733245 431624
131205 355506
380085 229479
440885 919002
466825 974197
86945 529139
759686 380882
219768 882210
905125 972566
216678 465233
807280 432106
499506 411864
741409 488240
963673 145442
837605 481593
180949 505349
497423 161204
820344 429504
104838 15609
226414 898459
553893 313300
282707 912175
61626 166678
558177 70535
127550 628553
360943 239558
247695 31488
686191 480542
988197 489114
296295 910841
325339 549444
656192 509231
433758 855299
532918 358091
494463 432972
894787 961050
656308 852066
536498 457454
891884 890867
135939 862868
988842 898419
116003 278286
772322 983824
561363 95473
226768 356235
649622 41614
208871 548020
293323 892195
958972 447395
234592 349348
307317 551549
928492 644893
920065 484987
545309 896791
945604 629611
466484 972207
471997 694058
685060 703036
879924 334850
893988 821513
208199 943588
658015 793535
202565 588813
405081 556004
235845 199652
768412 566599
585004 868393
49840 844140
262972 691133
318999 527656
897362 969927
504726 439754
351968 867058
462086 944861
976162 505862
554138 359282
375671 778833
526945 174600
274847 502399
335954 306908
295452 712947
584621 406552
744907 886866
553071 598095
262007 525350
709233 336332
754204 776532
432852 986965
636651 531918
170384 60644
706329 115688
901074 549633
119631 161335
865 835776
425578 498256
744014 489785
363598 981492
701607 953866
254997 877463
591745 646898
303368 504007
810004 309479
110432 75818
594643 882468
221067 633243
824603 16736
353705 374544
194829 587839
586180 881556
865830 20855
221582 190489
954483 781503
903670 900531
735461 706800
11291 988323
57986 326814
453140 88473
228063 508460
400526 146585
929027 102827
178155 156696
955268 20722
782083 711426
264802 116701
167100 973613
961597 878807
266411 374637
755999 858526
824518 883605
860029 582144
560997 170141
568024 693798
944727 335009
596748 465215
688435 891574
422085 735780
631533 219772
926848 245833
450230 798917
825784 360137
516696 325382
35232 571821
950750 492441
63920 214292
697603 525775
600179 836427
234605 389407
123337 347117
211697 112409
397225 589990
833104 48978
148958 993259
476880 704785
758940 122919
998187 604883
323660 898535
714864 941802
51422 940459
187605 403705
512117 816234
730105 748558
513555 24738
371119 451874
807700 278035
126624 613809
813711 939281
278449 459395
138911 190373
740337 639570
249811 491006
55593 955576
676265 426602
23082 103107
511124 545089
228645 199385
507418 553253
321540 535887
439631 890725
681698 771090
105127 285569
241271 157455
732370 987353
93352 13833
601447 608361
166364 49260
189713 801738
436178 75682
515617 265099
621425 358049
217891 278882
230160 472655
479048 81272
306769 519200
580735 424054
827726 151243
232411 101918
804592 12140
175445 560937
293613 226257
177515 959580
706003 456359
832559 290408
183911 804587
826525 894603
720373 647812
791002 736250
657941 779932
155311 243007
21663 439781
256743 918848
218875 97248
227764 724546
968266 935052
801538 949762
377148 640531
338042 548316
52453 280867
573586 992243
829312 652244
396303 298792
455253 597862
568644 673724
577518 902318
840202 347661
118416 832201
489870 560795
230657 196596
440490 151406
18193 611167
77237 221240
960771 575563
799656 378894
265989 800179
469410 811017
359148 896779
70450 52951
552532 365884
237479 781378
804305 418704
24300 503623
562597 250854
652710 40097
772496 453808
587541 533278
38208 265074
27846 521230
807069 866223
733012 492880
326038 296890
757386 905100
130527 962609
479724 523302
197117 707234
580782 234116
66700 877054
743223 415335
166465 103001
377961 847792
70985 676834
900625 279377
221651 704319
463657 167041
388287 42375
28917 939414
217257 523182
660985 972201
541938 985379
404550 551537
601911 343605
919382 237478
856534 785281
273727 935471
961370 711961
116635 451852
530160 191176
241137 255430
878310 43143
13646 284210
689937 978655
525010 398649
86581 866168
437169 544603
667620 130445
195614 54700
82712 210930
114268 844016
387108 895062
880022 363717
97266 823407
421341 818020
994068 507701
576453 911936
38414 813340
715932 284805
446583 389583
561565 440493
157093 156949
609174 652819
909644 464696
474757 120934
196395 755804
344901 351779
20882 254110
966370 634859
942558 353596
845684 377917
469545 450114
597267 612487
155561 505484
797027 961838
148374 187501
107428 488685
661765 569782
840540 523325
390381 681339
88516 627467
7664 694145
693758 945447
984372 183965
648632 918124
290655 385525
441485 963733
38662 266460
264365 950284
299833 942537
609211 25936
912055 129701
51879 290929
597086 596351
645593 865795
83278 916325
641027 247823
499460 865743
71091 17869
599182 170346
624409 91326
894118 813381
404072 968981
218322 813533
41176 644892
570273 195474
809288 808844
663993 253530
780224 707328
189771 560912
318396 852770
492007 667568
305039 803477
320216 46252
799696 133294
330013 824524
490605 221100
487344 997124
371187 806500
950205 709714
815621 210961
847843 23406
553957 229071
158278 738599
295163 178235
832989 475407
896564 587159
589324 950587
744113 728391
699877 40922
529825 219709
246835 417186
415192 962588
496180 561475
323638 195981
939026 222043
89307 146264
96204 154418
214794 225515
209055 560120
656033 301868
204587 945065
358701 462669
613615 328459
437876 813060
297375 655247
492733 409449
449777 915903
92014 990604
111528 359322
994052 913523
402426 145433
385392 849620
785331 328115
874985 66033
82240 879309
558797 685440
274408 349869
847800 351992
948124 753000
534253 81857
863593 852877
291511 975084
624995 542469
640463 618246
617058 129044
653647 964071
132616 616298
951050 15849
969598 488113
332143 952875
985672 398508
665742 426994
633970 144189
879389 982840
969502 257813
321543 878899
852864 537839
307977 632620
639148 627418
305701 903514
779684 180752
200446 55451
264573 188113
3822 521081
762290 745093
733800 451199
333301 818582
567239 789680
179084 863440
219763 844249
85096 982648
319185 678745
551630 65989
381944 514089
613753 644724
585533 170169
651961 564512
899418 955314
74140 731143
9734 83642
471554 892251
958442 425441
183952 980136
383385 8586
973252 791266
399830 189597
886071 549132
64492 892945
237079 485581
928900 284129
490401 771941
104267 674584
38651 752486
954787 856033
192875 282806
616828 376201
901837 42727
75318 236836
51855 704243
533579 994875
779388 162895
991981 185271
313241 110586
440847 779648
977479 748075
629004 167897
937038 17760
481460 376503
46236 78835
385268 691344
707669 771487
943745 27822
804984 432745
364606 233259
411213 15397
442818 540224
989004 291670
853752 456454
228108 969789
469661 562623
539905 773928
520906 55993
122566 743983
601503 615362
848618 473649
381657 917990
148689 168500
608389 753407
914616 825332
301185 272114
697913 641361
359365 700012
536571 486525
409754 4779
696424 537290
137445 43715
575206 697589
254027 52048
168694 922599
860026 88656
204720 181639
493363 961600
346745 332851
259010 369865
130936 641541
428144 243883
713625 226851
15557 958765
220334 120089
753368 27917
134827 997867
633698 450922
995861 593383
972508 555078
963443 715325
692881 359379
153853 246135
765440 921544
161021 295102
652834 374557
121666 809575
522642 283995
482462 285437
905387 64643
846379 891004
34672 350625
156765 152275
923118 657093
490720 829391
771343 294288
34780 110547
827892 542486
406315 721094
906224 928458
549851 868452
815331 904594
143868 469324
239579 101340
973814 710860
191411 667043
982428 186497
392731 364024
420395 11318
783587 757648
333096 426822
156612 222133
794284 106946
580175 899041
549270 577291
363337 458894
541391 486503
882505 584919
994769 202908
449351 641732
185696 721016
725569 512030
506348 678345
565862 716836
492113 491297
282065 883190
72159 975111
996172 103474
587052 41519
345835 424300
286475 685234
667069 900128
32026 788282
817923 329894
21504 105391
47646 444569
568691 392309
741513 211533
508635 201803
5236 859801
588653 517882
68015 538102
142884 955119
362263 192946
580373 261125
315055 312653
242594 863249
183930 250506
284432 218948
339005 337765
50993 709044
582491 113128
389621 303928
493200 812547
920916 873414
373889 358252
180069 320479
83790 721766
401827 713800
454360 606442
286857 28853
843364 376683
353829 829085
390958 51861
309814 619817
721072 677612
555016 941116
484266 423530
721693 379749
141351 410042
374877 563499
165612 921989
501458 148428
809218 30414
411924 607129
378914 742101
820835 649950
314270 328099
560853 648643
611590 596504
677321 14789
455235 127774
453273 155075
445469 277175
333890 912089
130116 692654
378168 399116
589320 812234
600409 753010
509854 126625
4795 995750
306922 255151
232470 970394
576930 297582
73193 912975
433382 863452
980237 494188
605130 721701
279194 741678
851989 212179
640254 686916
722692 77865
630722 215890
388726 159576
115411 443399
307700 724451
961981 451255
508302 625798
503126 16410
390626 516950
47866 214343
448630 758709
949259 23031
702331 343316
191247 72806
397920 928443
526798 263779
576909 142500
104743 198495
6163 887547
353392 635460
714973 915170
219250 40961
533303 946750
135897 809910
532638 107406
600248 402920
708723 299760
630680 761235
741235 632970
497757 628258
420999 365137
814179 446693
506072 43494
829190 48997
877066 882128
894349 167985
634638 177817
249387 798434
245456 75038
158103 661318
813229 27476
644632 631663
688747 51801
230701 600721
449120 53320
976646 182683
766566 198309
398177 283145
688793 359688
119260 995960
621071 422812
20075 386031
627844 283597
259601 861271
363372 213605
87742 111895
302225 862265
236061 846209
343122 323462
557343 982775
191917 377195
484578 201245
405197 946386
872537 474593
892820 740954
71525 923931
5392 891655
936409 56448
633966 770923
135102 650801
470454 323450
988564 157140
882423 626611
859712 650101
714659 495813
599841 168136
524585 308514
524122 734452
242527 269369
584913 983248
101322 87713
26234 722843
325106 493913
236767 681064
546122 881504
798512 662073
170548 215754
427931 214366
385473 227927
575318 213894
295969 70540
986482 861034
295861 588085
355055 379835
136829 13096
440187 843179
773835 114501
635249 704549
363699 842938
922638 456883
831458 391917
233600 6819
424883 500943
79769 928575
426481 844059
783138 871618
176282 231872
338998 769530
849664 645375
66807 77896
718218 398818
561310 623959
43764 597108
183996 410246
168598 48944
376172 978124
860060 127853
871943 661633
170682 940297
769613 23723
242039 667206
453625 27151
178662 180607
587697 642461
950966 688344
653467 184690
739040 11566
918455 933732
663502 784518
909118 126661
842005 99869
901660 770231
182278 987141
581171 417573
615225 54823
290798 298913
113844 755267
127130 274350
501437 560228
172479 96376
545225 398496
366250 748380
772069 500251
906238 809291
102069 309630
734373 453440
804635 750083
349726 825527
20239 534214
845403 286952
747344 110038
669257 338012
581255 482942
807860 680255
30452 256540
867497 708392
382693 750550
873431 652991
777078 615054
85459 991901
279998 752443
622658 529805
366709 741777
762635 928686
208174 38582
474713 831923
627161 609590
361859 155836
218052 359360
282171 384059
429844 326706
210962 953104
628466 54141
58035 771574
452819 864195
418339 187364
490099 639982
164383 81568
889337 44723
912025 508683
692612 666345
695532 803285
952892 172324
448641 431542
29728 588350
896985 15239
409799 237244
686777 725605
816006 335605
166663 546081
195287 390719
167834 626974
264318 718309
259750 454067
975779 21938
462937 273655
202457 161788
321754 31546
781912 855236
503374 782591
772959 963777
306557 604498
660434 41582
851193 813290
215003 166446
299885 622005
883816 388120
617091 304878
269879 301080
117928 412977
775831 96265
954589 172623
907417 12736
994356 929037
20570 844672
488647 745287
746055 376698
593755 994902
871650 600259
169665 595640
406601 755508
572956 149116
578658 567087
646627 26690
619731 22372
550734 732578
620545 84214
757240 650080
982974 841017
536794 525491
592692 171809
517298 492884
470659 498146
785258 287265
854400 913349
112952 200566
227439 155053
184592 573397
410447 768440
695578 819752
676841 489187
873859 425575
596347 391224
213099 906561
790143 907815
76019 906378
950808 660736
850582 204843
825999 141955
495399 493021
211499 416856
74914 147570
978708 752530
288929 684625
547237 561958
819804 806039
954923 467745
169534 141157
227466 746169
720938 985554
848850 168389
814432 838141
149688 472326
362413 7657
328189 625457
544866 554364
467475 615213
224449 546115
955737 582446
447336 692214
723899 487194
312541 312336
17533 472015
233107 231539
6344 358629
892585 433364
627802 790862
905380 846265
586823 507924
95580 766154
738328 150527
430965 372853
1170 25208
189643 658325
849249 559410
360570 288054
550030 365595
548172 305908
91354 316104
547983 605480
290917 320478
590839 258711
284834 325378
495739 166425
985996 333645
444284 525665
113445 783771
30144 185834
189848 612965
754813 399804
9071 540139
793527 193839
630996 490869
415556 222895
408062 651623
788562 515498
228525 546904
664015 361584
847698 556564
953890 722347
540253 867899
604335 520119
309717 496727
544258 850181
538302 374887
68282 447047
266897 561551
779682 206875
800996 907501
108065 189158
732659 296914
345702 148349
423702 149656
120249 509592
647840 911259
421645 922630
191339 198752
23176 624148
787815 198963
819102 337938
157880 675358
934364 689361
495496 947859
368793 525988
880019 50518
852337 525105
384787 128915
692315 912051
147011 611164
979522 199073
412344 188818
480177 573976
258349 313243
971995 438915
547489 846627
304183 971018
172762 600696
522827 845372
19036 496726
330875 28245
172523 519352
966138 649469
423428 514198
360259 64441
418865 520737
702438 486869
212130 539971
926033 521355
799023 440372
334877 781201
858491 216657
103590 939939
263057 186645
996769 248530
467190 960839
295870 971593
190523 73679
116866 89276
628851 915242
45624 881784
238562 968323
102460 220671
486499 813415
405721 952050
967850 235462
133714 122165
945714 701677
395163 897026
587352 850316
746687 576347
634719 467040
567103 984894
554791 838479
315973 14611
767218 700634
231496 596366
321335 281892
764395 545595
79124 693654
437483 871002
231732 624261
395318 566745
940875 450515
70705 117906
572056 448472
397853 967865
419171 437599
891812 240964
41240 41336
800647 430688
692558 819460
220569 733038
220746 18346
917770 671427
587492 617313
426255 934254
191195 627540
852624 408706
698461 513989
28673 772343
756840 995671
185710 601333
13540 906684
806606 441931
327847 349994
510229 318358
398351 290385
801509 546928
187830 400483
763386 139153
289714 476730
841447 669927
737151 553893
258126 301505
978059 780976
926189 896147
553726 347818
236086 302512
2028 95680
469348 553911
822958 511614
297922 326180
348167 957344
142443 550626
680592 311911
591073 76721
2930 63457
475006 636951
167492 491184
399581 697659
622548 158669
381615 748092
529639 858133
33411 500211
305971 539638
720524 344779
350363 500613
462794 26110
589002 428995
506894 750864
326086 946868
814057 748381
668923 341809
868667 985301
908552 952645
244234 605064
98894 573538
452585 597285
549441 517532
991351 218899
927649 791535
890158 547174
782851 193665
726596 593637
817267 609717
538506 215716
932921 188268
979823 463992
522510 147650
49987 735312
758043 586477
259705 908926
402820 733953
952940 673617
93714 620571
476828 290408
347264 248211
832383 939535
116263 280657
659803 173822
952470 82878
570077 988591
391923 419906
318099 644809
610089 83339
441207 67863
451302 875169
659315 604233
561254 902453
491080 398443
835137 875681
618642 927377
984851 93869
553407 384598
389526 787282
354800 900044
624626 355070
643593 536408
96844 944371
939206 394600
40569 791625
246122 458093
970238 863011
441479 755171
311480 786627
396910 589353
696504 404612
887639 193744
871411 105511
649930 80675
238943 679330
299621 673538
926214 398163
975850 210481
712057 816802
858681 67950
546644 781797
76883 482937
580742 34369
362718 9149
499405 286306
243882 88868
535497 550006
684126 380592
266415 314929
924068 805380
698336 300213
493078 203692
341542 399844
731308 361860
587839 164600
516067 605496
600767 954879
820207 876705
409482 457939
123362 6887
446856 983952
122857 641826
895894 307713
91522 664745
28891 216725
106100 641531
19810 998451
501910 127520
525620 340746
741846 323966
709137 912569
825311 538354
872356 477911
632441 702031
50104 407280
867478 449846
852101 739306
999410 124181
41230 856932
403541 891810
233274 534288
292420 874403
700157 335381
156073 679127
888582 554204
234018 217028
628808 912452
627004 885407
886675 34586
439056 557014
559538 622195
260991 651231
531103 794583
498959 706454
586234 318715
977998 726917
600873 718337
662281 652077
888584 46205
700422 181180
482796 661015
627015 622330
753386 453595
114203 115994
74817 918893
999474 16320
884965 795136
959022 980339
977946 193068
643655 357953
693358 507464
301682 24433
469980 300493
493793 812281
510004 561782
578057 343206
735886 714954
693296 390565
230892 30356
510324 198813
269145 928257
647533 10036
303986 701051
856383 760503
496619 831820
994730 115688
412303 223229
684167 456671
839302 464987
846787 561995
844471 927853
896834 17673
969153 917369
572508 650303
974063 816536
353740 145020
246813 987687
407283 511430
91923 721353
114918 177009
150121 64280
837197 850050
72245 91685
513130 839130
315053 346631
906341 900872
983942 91373
167965 409917
115724 990060
699947 737444
722183 947059
794456 853858
308974 46412
672400 479459
374773 413350
134781 560074
632538 942147
722724 105763
519392 481813
498405 299949
974475 263093
605038 37501
563385 47816
357208 814686
684397 407615
359728 510050
243335 882521
282763 790560
109984 589961
938490 255606
752450 74560
825443 320379
124626 79757
641045 411420
920126 775797
14068 5159
811092 389856
925474 834799
649558 897159
337875 978529
27695 864756
429655 779419
313637 385312
636465 502561
888011 787481
918664 223896
969100 98243
110844 839709
403419 201177
46867 341544
461061 316822
413842 661307
618023 902609
535250 940619
946610 890909
797218 962605
29588 14053
614279 883792
954577 405386
863013 145563
595530 999217
11770 246411
723872 793970
692897 802298
391213 711145
830267 339893
504649 513659
271120 845234
58758 214069
817904 498231
605197 190024
97307 440517
779424 305393
766328 333383
882130 633864
190004 261205
29342 815431
623222 586470
67650 251888
887377 202518
237990 451713
813435 653319
438146 562392
548765 570518
562745 151836
970535 234637
269220 891496
952331 106220
748404 284903
657763 200038
206588 322931
561511 329860
75241 20920
54380 644130
202718 892550
643566 322344
426642 199911
671379 615439
237885 305398
765442 747340
350427 960113
748918 563796
347305 531868
621617 203710
215309 221688
528249 938764
446606 115379
428644 693042
917728 609753
687 694388
763828 626395
641927 311958
807970 18523
774359 913087
257360 428463
76818 336404
163620 956079
598006 124120
704751 859707
204368 333444
308467 266806
49590 209046
51438 107616
968893 901619
497017 585848
643965 136325
575542 782290
981056 130512
394218 691949
404332 175128
637938 877380
938118 981712
44123 932252
168152 752636
535988 510521
818343 146179
758970 767275
765716 193030
719257 455041
661163 299304
501612 678769
49511 349408
529727 970657
381525 942986
832775 359027
220141 823752
495041 903092
817523 296638
716192 344754
582970 715672
205705 765984
234158 416448
767566 626762
498685 454846
114031 61101
584463 251840
600564 431229
131743 994734
168303 798944
77661 135668
576659 226313
767016 902702
43032 350437
144900 64408
507519 35759
652389 432315
998718 589221
972840 164004
337637 765247
158102 866391
521994 602862
690604 745637
843134 893259
509306 298504
785056 920967
811748 645904
812067 691015
7811 236916
471320 41858
901993 531645
227734 139755
799907 141721
543802 964212
995886 213185
880951 316352
279879 125653
188995 344316
750468 160610
925295 397395
512972 618928
549677 323362
252219 677293
357758 661124
891078 563766
234233 347962
832992 733117
120376 523504
264940 606674
439834 361707
130399 536802
780558 224232
300691 504144
764713 905838
459432 748386
263916 987274
82346 21252
623235 897403
380761 549230
457886 473294
861345 606917
183355 475792
697342 75701
868691 449129
851203 754634
562235 214976
373765 804999
614854 338513
124991 757812
327934 713389
984794 184174
868414 867343
455056 572206
261502 278232
919222 554574
414852 986650
704598 662483
274147 590845
339440 869282
391248 559114
74025 936754
459558 310
104764 100447
355091 262099
546279 745212
193628 362801
170718 951442
951267 752893
376062 327180
443433 538301
837262 115191
103055 631935
370921 269551
758356 49846
283405 554314
633375 443997
607768 621357
45984 454680
257767 129624
727722 384545
793496 287182
117649 147622
685312 353617
420718 489866
491105 209340
117913 856776
634782 813079
167600 114486
274044 540626
250799 109639
759104 531363
966558 776137
56717 867162
986537 910238
321607 584267
766362 163706
346049 243120
543068 589014
848822 233093
226671 471992
539234 599691
529979 917234
277229 183722
143356 294661
386609 488903
581887 180539
675737 668752
833871 575329
326986 160208
681081 125899
259830 326522
533209 172808
259810 855655
945052 303389
439909 48452
806325 11674
184103 450037
343460 161435
16598 867508
127058 52928
611124 280199
839890 448959
295628 889258
223163 176717
130774 582208
349941 349989
951003 916300
385452 811412
483186 439295
559549 158427
399461 236238
114534 839478
608756 554573
171628 835779
77845 750872
574641 563510
556802 749290
248975 600904
414381 514188
729402 806069
479996 801137
128084 910548
204475 140269
129133 481744
311075 767370
821748 326830
152980 351746
346701 190177
816285 333389
587944 52474
535573 764976
333027 645038
530842 173095
101689 547390
937508 696275
508291 646753
632392 650600
292663 436649
626072 72625
969545 467485
283744 239384
770954 441768
121844 756763
373560 62100
499793 679836
544131 100814
98289 749547
406020 60352
236557 851694
630403 156826
112077 190482
436623 748938
346606 906592
791818 843069
755311 762145
325649 884068
512234 246878
175520 950168
884208 146034
888291 853562
749626 19935
252335 122089
813532 689384
354985 137995
553117 566911
977444 815418
832889 329802
452356 66782
483541 441213
660284 937974
388341 215624
149877 128938
533638 661347
338439 910422
578834 549516
689320 798191
411008 907967
394318 492109
497786 606487
459755 90663
231507 60771
191145 912500
280384 881247
955564 973657
323360 497345
658073 738540
108092 241589
879353 948264
150362 973141
511209 297117
170458 738714
647529 293471
657615 229693
491816 295679
807257 535082
301021 220047
78333 254825
916267 108575
46662 543841
617666 398332
670215 604851
761550 652535
172055 880226
910702 432207
374703 404610
648223 209306
994513 594231
233877 216144
952510 18981
56891 270612
54738 54176
894600 655826
812611 247166
16166 151822
284776 535190
355346 387434
186211 796350
620024 716343
736392 988534
552375 190191
537886 655698
57979 309112
529905 996959
836068 565960
823043 150395
317821 303146
262372 478523
853381 95789
519664 609485
34413 489297
495117 378830
703155 830554
728039 400701
81468 188002
566021 564871
669772 770508
767841 694015
886791 147704
777359 439302
384224 847087
843042 96626
561410 191925
858410 921442
940172 915127
761178 382122
227786 662842
169869 976822
94629 260479
72754 129668
168122 738742
873280 548249
492961 115390
417191 633135
87547 168148
563886 322253
74777 657463
739725 897804
805432 441064
585774 445396
254330 82538
144247 72126
