449
2 2
377 288
528 17
564 235
303 294
546 655
512 263
380 655
247 538
479 341
108 242
54 524
320 356
580 106
547 402
284 580
118 168
642 141
274 347
643 252
530 588
52 156
326 412
47 305
155 45
423 644
465 547
336 160
596 408
89 41
533 512
321 487
294 389
430 536
350 177
227 655
219 626
50 216
206 218
113 449
262 237
263 638
393 129
207 311
175 216
27 220
483 10
16 261
259 218
603 180
539 197
66 21
507 74
557 584
477 248
229 87
178 500
293 133
506 133
361 409
306 123
299 425
373 566
611 233
431 272
313 558
418 255
575 220
538 462
495 465
295 482
602 602
106 146
641 614
212 500
13 630
582 300
592 421
614 31
271 360
639 74
343 579
586 502
189 401
53 242
146 77
588 610
486 380
87 372
257 534
464 82
235 230
224 155
190 647
542 163
568 261
28 25
39 66
317 425
511 625
216 187
425 32
75 6
585 169
594 233
125 334
494 277
61 4
363 639
255 254
176 165
404 603
523 165
382 492
183 442
276 287
296 90
22 466
286 234
169 480
129 253
331 237
135 157
232 356
95 524
192 262
36 354
357 225
541 28
473 331
208 376
122 545
91 590
484 166
141 413
329 132
496 480
400 259
283 181
626 396
290 438
413 98
459 197
378 46
439 202
620 568
447 327
23 599
386 284
41 192
103 32
345 462
237 375
342 548
516 286
211 284
307 201
457 73
522 281
367 71
482 174
73 400
9 351
339 49
132 279
166 629
573 644
622 274
535 171
236 386
112 226
553 351
518 357
362 521
277 413
437 304
599 330
360 22
31 192
653 481
615 614
540 73
184 445
574 104
648 550
390 413
554 358
504 47
416 452
629 425
167 457
156 576
241 59
253 426
37 396
30 395
432 531
179 191
455 603
525 539
637 525
225 273
616 532
162 422
94 332
161 180
405 547
587 203
529 363
34 613
577 37
647 278
560 528
97 648
261 52
126 464
654 505
123 637
78 172
366 91
315 623
109 72
48 269
238 592
110 514
250 632
98 654
444 229
264 219
356 71
488 432
324 4
563 561
302 381
228 445
646 85
351 461
246 521
406 544
38 413
323 355
186 319
319 297
445 618
623 633
365 625
485 289
448 205
265 513
531 260
358 116
372 210
267 614
278 476
461 487
270 392
199 463
60 553
521 383
260 120
164 418
337 447
527 112
460 517
137 353
269 349
391 148
352 320
347 17
655 27
204 83
231 531
96 166
58 271
46 87
128 35
314 588
85 622
330 629
571 538
71 525
305 317
210 595
188 338
24 335
442 537
520 555
297 68
256 448
151 17
562 551
202 203
40 427
157 581
408 1
20 200
82 541
51 501
258 611
65 243
10 630
514 369
630 65
499 347
526 278
651 130
534 463
581 256
90 95
493 412
149 37
268 522
469 18
312 427
191 213
632 442
389 37
593 367
515 167
476 141
84 74
81 551
226 437
221 331
197 247
472 116
86 376
152 635
374 108
498 395
381 88
454 609
590 363
4 113
254 574
171 512
174 388
409 349
635 335
245 465
608 527
223 233
201 266
127 493
613 134
233 290
172 101
209 373
131 251
411 476
322 348
453 513
7 514
354 21
14 222
501 60
561 219
627 437
49 245
194 504
451 156
301 506
492 514
244 250
410 558
44 237
292 213
68 44
280 286
601 436
435 279
19 541
414 542
288 402
11 653
427 636
421 10
134 225
140 488
536 555
440 232
555 65
371 2
272 463
252 615
364 309
466 30
83 417
619 98
63 122
379 495
438 52
153 81
384 592
200 457
21 387
612 59
517 100
239 5
285 627
397 284
198 589
424 164
634 297
552 215
605 254
218 92
355 334
474 623
395 452
203 190
300 123
101 202
193 309
609 10
79 112
185 562
17 308
80 562
631 617
159 261
549 35
543 530
388 11
77 251
524 516
177 614
532 64
111 224
291 605
450 575
566 300
340 210
57 262
500 602
649 180
551 596
565 443
509 434
76 533
150 83
69 527
481 399
537 172
105 655
181 220
42 421
3 134
138 449
168 570
