1853
3 67
52641 12258
18676 19142
46126 27224
23095 45695
49483 23996
45490 1080
37548 45643
10707 19735
38090 26549
38599 21672
6419 14906
50740 43946
52357 32872
21146 34756
22535 51015
17655 24345
31810 26424
48890 41126
23719 16545
42316 5414
2739 14071
15410 21533
30282 43115
17650 45933
16106 36686
22208 5571
34756 42784
8683 22671
11187 28206
9291 34773
31244 14226
14163 21925
29946 47987
7324 15956
14347 11364
32401 39227
47163 37380
37040 26565
47780 7542
39794 18819
12167 5102
4501 38729
7344 23214
28921 36551
13981 48709
2050 38984
18680 34019
48478 6436
16331 1189
23390 4973
45201 40480
20107 37152
30878 6755
8143 43178
18017 37624
46112 20182
2340 8475
13670 50505
13296 30566
20348 3099
39865 35637
3239 52579
29948 3305
24889 28954
39082 37913
11567 18589
31209 29821
27666 32016
35516 35276
4588 8589
35894 38000
20255 16203
28472 25666
7307 19992
19386 40382
36938 5350
15753 37525
52009 29843
477 2373
26324 629
23331 36742
48341 11343
39143 22421
15329 41521
49510 30251
6251 30160
14414 36675
33921 33204
30058 39629
27152 5468
43934 35545
40500 36056
23670 19069
38160 50109
8648 38300
6935 13167
29209 49020
7914 19105
11439 34165
40481 30269
32991 48176
25900 17985
34037 14509
3924 14419
5596 18482
2075 25371
30148 15721
16406 13218
20050 2568
6808 2309
19350 8097
18086 14434
34443 32074
29115 45194
2062 27795
34363 44714
45187 50317
26311 1559
36328 52419
26916 21192
19852 32509
16923 18771
37784 11525
15498 28612
48536 36374
22547 1791
48231 40132
23550 3782
10687 6530
21283 22941
16644 47543
44754 18561
40594 30605
3881 12410
3608 46935
51004 19364
13175 4852
8499 47020
50159 50836
16169 20775
48652 7573
40835 48402
25339 24896
37368 42198
28205 37041
34178 50440
37685 46283
46528 31477
13306 41088
31622 28951
36252 35820
15849 30848
24336 32664
35596 43368
49065 11635
9085 45614
41306 47669
19546 37190
715 16042
30754 26439
2922 40825
13236 20623
23593 45792
11193 37087
11657 46710
5105 9603
30227 40513
13163 20221
23 42872
12029 3223
5415 3844
7946 45838
35971 15063
38856 32797
25114 25469
31033 45551
5432 27167
30539 41436
52686 52052
6915 38044
22990 3785
49109 26481
29818 9493
24187 18214
34372 42713
13150 11831
21613 9492
37555 17477
22025 42536
5671 47256
23500 10210
7472 219
9297 8529
49864 20063
30734 51745
41270 24670
42004 10825
45831 43854
14653 6579
5334 48845
17860 12159
3901 41704
8008 19652
27745 8488
1340 13796
26157 14406
20607 1497
15608 49265
50842 518
45449 46390
22387 34561
23357 44947
53060 40211
43355 33100
45674 38287
18243 17400
2760 43170
29694 31185
10623 9617
30174 33381
31182 44131
17138 5044
30069 71
40688 14807
51368 35624
1147 9709
35878 2223
12413 35914
15098 12447
35808 14147
24003 33521
30495 21261
13447 18840
32933 22272
3463 48840
27013 36425
6306 43499
30699 24288
50206 22374
48940 2170
11577 38242
922 39488
4621 50081
387 36991
20103 50557
34149 30602
46251 24112
2073 8935
26693 46044
52555 5981
37187 33059
23394 50561
17661 43921
23578 31107
26986 8499
32995 28571
2583 41344
34257 33268
48244 22492
39459 2636
24745 44027
36336 40140
21818 10746
31214 33743
18545 4416
13285 41810
39750 23647
18551 19775
15812 36417
6741 43766
48654 1777
14618 51384
27527 15257
34289 4156
43803 19637
25093 29013
3812 48544
27945 34755
46363 12370
459 18579
38441 1234
38074 44913
46154 10000
31555 22779
33107 38320
39936 45511
20310 12826
51171 32416
15208 21127
44417 20908
48657 44409
7874 50443
34216 10337
9701 6694
43801 8318
20188 12233
46303 49636
973 6549
47449 19942
48919 14510
51095 42271
26660 27355
28377 14109
756 25885
25488 27064
7285 14664
43503 30958
37133 11464
33775 6675
43453 20823
40213 51026
4650 42679
25096 39943
5505 3189
24311 12007
43875 48434
38796 6059
43941 9473
52848 47636
52184 50483
37930 39255
12173 34517
51329 41834
20126 6055
38791 33399
39692 41113
34077 23453
34892 1901
35141 47246
32899 17137
52812 8485
29152 4734
51944 48722
13480 47579
29752 34988
6924 32517
20450 1539
15275 38779
3040 15091
44234 17056
42302 13332
40371 14520
11030 19717
14249 33693
9457 7409
52886 43862
28186 17585
25559 48175
45604 19493
47906 30607
15857 46999
4954 3710
21001 9050
43195 34463
39401 37959
12083 36223
40834 597
13945 6137
39398 22490
9299 34612
47381 9110
34866 50396
7181 22795
16487 26700
45221 22182
43367 10062
5714 34629
24191 46617
31157 17441
20804 38786
29592 10244
31434 25118
38036 37729
14301 23141
25681 10474
1109 47013
36229 33132
26799 46716
36711 20289
52262 49341
24991 30477
25964 49269
32129 28454
25465 23074
52464 1201
35410 8148
34124 7727
40266 43278
48944 51745
5435 50749
22685 21211
2378 26590
45421 2539
39343 11697
11126 28797
25960 36156
2714 43762
9256 35350
34968 37888
38345 39358
20385 30253
17296 41304
1436 52946
45111 33436
21472 7477
45147 1974
16931 34173
27105 49843
15097 29800
12201 42834
41708 18596
16043 35691
29006 35646
13992 45028
5795 25328
36068 20842
52983 22293
13270 7925
34076 47022
1809 22481
52959 937
19068 45409
18853 38208
14576 18985
43106 9313
14466 52888
6280 2502
52017 26987
32398 23525
51553 12629
44029 32958
18728 25411
35919 32219
51978 19637
48140 4123
14349 21015
18235 2773
48588 19238
25491 52992
35761 44484
11621 47050
24334 34001
26872 27577
13460 46119
24924 7272
51648 49691
30745 39308
35148 7468
41296 9428
46789 28076
10239 33193
40425 495
28816 34130
10694 30854
23977 28830
28879 20292
39820 25216
15444 42991
9372 16819
31344 16132
27253 19274
42451 24371
13637 17734
30039 18971
42110 39289
42023 39238
52302 3195
43989 9488
17728 3852
36131 35460
30366 46067
48402 4963
49144 18504
34580 6516
24808 21753
42398 27956
29157 20541
13152 33039
13911 30299
20839 24217
43630 47815
8445 44997
3154 18313
36956 16066
21539 6418
49609 12446
27422 45622
16833 39530
43464 33307
49468 28559
37599 47454
1734 49240
24100 38114
45776 2393
12246 42398
22939 41684
3983 9193
43266 38119
13616 34493
47457 33992
34860 1928
52963 13643
34483 24659
19595 30642
39634 16577
26525 31043
22293 33472
22098 25434
33888 29031
44934 8437
44287 2882
21493 29566
39359 34466
9500 36542
8523 43931
53019 44017
6966 37294
31916 49730
39 37426
23415 45847
20466 9099
52917 24095
11869 28053
20282 39636
8975 32556
33464 378
6159 30983
20252 27612
36588 15744
29324 45346
50352 38327
52072 40457
46555 6603
42136 26573
3664 38891
34944 5507
42733 528
52040 13431
12000 45199
28602 51409
15397 40285
50841 118
6791 9490
2192 2094
1576 14178
39597 3694
21416 35745
482 49403
5103 1463
7251 42085
6311 26672
4974 21098
31639 40037
46682 17271
2274 36113
48991 9231
19898 41662
7422 13456
36620 23701
23496 30016
24346 1561
42307 32164
33877 41189
48701 34136
50256 52939
36633 33257
17582 6047
32217 10432
14335 47508
23373 12961
5176 48342
19371 28760
6873 16658
24960 38229
10829 24313
17892 9264
44803 7156
39131 34336
32729 21655
37791 30288
46562 49419
6214 48347
42841 49562
6052 18373
2140 10401
35504 26785
52628 24873
38399 48544
14468 13599
35384 35833
29477 47224
49368 27989
36525 48343
7699 26644
26634 41432
24497 1038
27726 28752
31804 441
46508 11838
32460 15790
50041 40611
47117 34257
45585 37161
30619 22142
1545 31344
37068 41729
25118 841
34717 52768
45917 38625
1764 36267
22649 48534
32886 13718
1726 36848
38600 7669
48093 22429
15843 36854
14772 28086
13134 2507
42775 33043
37159 3492
35289 11307
32104 21754
40958 8652
30452 18182
48581 10654
10926 5762
37822 15054
39751 52791
9043 32894
14363 43937
34101 28898
51316 42899
25812 29278
52186 18610
6783 30777
13224 12351
37061 17429
23679 36346
18666 46351
51486 30171
41527 32288
52600 45530
33615 8559
8980 37903
44238 15776
11919 45861
10295 14641
19471 26385
48530 40944
39646 43433
15291 3002
31422 5038
31837 8068
7674 30161
44275 7438
6641 51295
4679 31983
1903 10556
11089 24683
41010 25186
27351 24167
49071 27505
3401 8835
2920 36030
10180 38940
37274 39616
47851 2893
39529 44904
47640 49386
86 16096
2612 5455
36125 30547
27293 21052
15011 8447
11312 35843
15442 31977
13669 46160
11391 1168
39729 6272
24098 33647
28202 13444
15744 18755
28584 20480
52836 36566
6131 30191
48531 9576
30981 1503
48644 21204
37984 25470
3133 44186
42211 40990
12065 37048
22592 15404
25784 30184
17676 8427
19439 50056
43100 36906
17891 12726
35490 5277
42364 26915
44669 7413
50345 39867
16848 36036
51724 45691
5592 8221
32051 29151
6549 44743
20451 9943
15049 1009
28634 5767
16869 35972
1396 4844
8808 46055
47957 7075
8873 49278
49748 8846
3702 48190
40639 42602
32377 38919
30654 46849
46448 36239
32333 5923
5555 43158
6758 21809
9115 6459
4891 52497
39918 42486
51146 11795
23068 52268
42582 13673
18123 29231
39889 22523
30207 8740
51840 37872
14973 13765
6148 51613
36952 40007
21051 39282
16307 40874
44948 11785
28317 34889
16871 50010
22820 49772
8559 16770
32383 51825
32475 481
19916 15056
9211 49712
20088 28557
41749 11980
6939 32156
9655 18236
28425 43174
43436 10791
49365 2322
52140 19705
50510 42106
48570 1827
19080 7108
37682 15889
37615 17638
18613 28403
18914 51286
9652 16850
49017 52870
49819 29246
28821 6615
35179 34209
25793 20987
16435 35533
10014 43823
2187 14272
35777 24364
32352 46458
51964 35304
52592 51119
16268 33910
36860 52515
30164 6175
27928 33240
37907 27954
12742 20009
35376 40673
19285 28080
22402 15223
9704 19423
10661 41012
45517 24690
24372 8144
31237 50755
19534 38612
33324 8818
38779 18862
42245 47239
52168 22796
17659 11908
7910 49325
44257 23855
51093 27393
47505 35859
51699 1443
43206 11287
50627 41872
39496 1717
20706 37906
34183 22022
15523 1609
42395 41231
6548 21544
8112 48107
48288 45767
46148 4482
12042 10521
33701 34754
35719 2560
1423 14275
8848 49216
36274 27323
6945 45585
26380 18202
36929 15397
51264 28856
25288 17050
23204 42062
49938 44441
3559 45151
20802 11985
52755 9049
35854 28598
31410 17790
5367 50915
26439 35535
37028 22570
37934 6065
39293 25806
27929 27800
52941 51385
40168 34785
38034 16390
35930 24034
43170 28043
40442 27746
36483 9506
23864 34682
24507 13806
8142 26653
28845 40652
2784 3544
23370 41371
1006 44654
10817 32209
36921 36864
37222 49761
24694 45417
14162 5080
25847 34323
33394 12757
1071 18635
7288 38244
27097 33469
41888 26631
3198 4011
3419 9823
32297 45325
30588 17575
19853 29187
12828 14330
23925 46963
913 52155
27843 3283
50461 8909
17694 45482
26400 40842
31880 48723
49611 39384
9640 21668
36880 26561
31749 52034
49763 17305
48965 17713
32186 34789
48427 32715
9552 9758
9320 27239
39581 23240
20770 39069
35080 1420
48643 2588
26392 2534
32106 50059
6053 16564
6933 48876
19320 48868
45136 45294
45459 18061
37429 38489
41320 4596
49421 18679
49436 49388
46695 22090
29335 41410
39300 24175
46197 13322
50455 13757
11692 49494
3581 2521
4545 12754
51664 44795
48300 29952
47659 37730
3009 33950
28260 24762
49735 52344
37867 16938
24374 36027
32314 35641
51818 14636
39271 48446
26898 35522
21176 29241
33859 6917
5669 10413
1166 33069
9144 14212
10123 20959
11204 15320
2469 18055
7417 34843
47576 27507
18973 4848
185 41057
52672 4292
24600 48055
42490 33067
47768 39471
1371 15842
7196 31355
32943 18002
9692 19528
34522 21922
38666 36041
38376 17269
52273 13160
7303 47494
27243 10278
26499 3173
23377 51628
23835 37365
31376 46997
25672 43324
7918 51033
1045 19166
41991 26254
1264 25474
33487 41652
5380 6065
3070 36740
17619 44945
15581 48479
28849 22906
8676 45173
8713 47031
7822 2382
18297 44312
23310 38213
5516 23557
50542 19375
36433 10569
45863 51398
31459 32743
50821 42850
7151 34627
15934 12264
4304 46843
48683 41307
39113 34703
45465 49782
41765 43276
5287 52389
36764 49179
4986 12300
12486 49075
23424 5399
39330 36546
31567 19651
23973 25577
23218 6341
25447 2726
47390 10126
18360 48981
52151 40733
47712 17987
6212 15673
12023 43098
4754 19120
45224 30602
11946 44534
16441 36655
49734 13787
46807 7251
19363 36828
23658 38178
29795 4393
882 22927
47360 42830
48325 10324
3526 33073
36087 9073
48896 26517
11405 20607
32416 24902
18570 39021
29162 37181
39546 8664
50864 39976
51618 50145
17900 30358
25 14706
8715 38524
27165 4762
12662 11113
7721 26971
6830 29100
2108 3554
42690 25659
52738 31310
50711 37441
11847 32463
35212 21293
3547 33153
44376 19460
49896 800
20621 44838
33623 1496
35349 47419
23575 39433
26413 14707
23057 39209
24682 24341
20439 25179
36831 44258
17414 32286
1013 1999
34156 28658
37751 32735
46958 24600
34985 34883
38617 20483
12798 5793
33366 41597
51988 5078
11598 17167
38977 18469
52652 6472
41007 22634
8478 21334
48887 5529
7182 52724
8917 27641
49788 19527
28184 36165
23707 22381
34040 11707
11409 24230
3340 22444
50201 9485
1828 47183
2505 43234
13387 42935
15243 9210
14006 41288
50799 12550
25314 45038
4263 31701
32879 37631
11434 22545
1265 36114
34885 45058
4662 30103
50211 31992
8364 52599
39158 8779
43419 42946
48124 7763
24868 14020
31709 32617
6281 52032
24479 42795
32086 52917
34682 26297
14353 15458
13162 22182
33596 46915
23121 49010
32568 36207
14947 28523
1041 474
10138 7173
11328 35872
28935 47920
24194 41221
51857 18570
6431 17448
39564 24512
11288 39487
9525 23963
51043 41339
4996 33044
35911 11404
8906 36670
50808 25713
30087 52676
3640 4158
38057 27345
43841 47480
793 43457
18817 37057
31575 5477
36879 45319
14327 10109
45644 11336
36104 20377
29096 32507
26894 2106
21917 12692
15884 33969
8294 6423
12882 35806
37878 41344
16096 6834
8979 44812
44206 23044
50310 8635
50562 39750
46581 19696
2096 16166
16361 16284
48362 36989
6908 12110
2260 49254
28617 9497
27759 42396
6775 47856
5602 12957
27926 39898
28359 599
17965 40274
35903 50856
23779 8393
27668 52953
31100 49831
5818 16588
46134 35092
14151 12045
14229 18512
4928 20534
19455 46801
13112 17673
5590 31296
23549 34876
16203 7581
13714 22410
19442 16911
50600 34138
42216 48233
26468 45068
39665 15255
11687 10649
29131 19289
12105 27848
13373 44815
22839 49140
32251 23167
6118 25682
5321 49372
40963 47159
1149 34725
19594 36188
51383 43358
43460 15497
26595 45409
2120 664
17870 15147
28944 40296
4145 18239
8982 42168
49622 4904
21697 31981
5008 866
40535 40850
15217 20087
39059 32824
32937 26512
7325 28039
49836 14542
37132 37338
44245 37573
28892 25634
1561 51822
46542 27365
2041 19033
38503 42567
11539 33723
49566 36303
13727 18717
26137 34459
1153 33739
14314 29838
50844 8879
32979 14283
50340 29299
20321 20973
49756 17937
25602 25322
42538 18277
38248 29900
36735 28584
45280 7484
31572 46629
30892 33968
51063 34073
27421 19197
20473 31468
24863 19233
22431 12006
25236 7089
45618 14881
39089 22985
7214 32254
52180 9914
7778 3118
27670 32573
9926 5709
6615 25707
31710 51202
14216 12009
36963 37754
28040 16106
9010 41068
22719 30583
38327 20181
28730 7606
30464 4468
6170 25721
35162 48157
30116 31410
42281 20685
33058 26293
1585 30528
47153 15268
13356 31876
24300 23932
43725 3717
49500 47154
40092 6820
6025 20868
6864 38948
28924 14992
37897 49661
44116 42131
43643 43428
29130 51961
31697 31380
44865 6778
36661 51320
39977 14426
7366 31436
44762 9286
32037 39845
20800 7237
10731 52354
4866 36900
24828 25217
10487 48851
27153 47884
27215 35454
719 14935
52665 49361
30355 9955
6572 47618
37980 1370
32828 5321
28775 42276
16894 18153
41121 6095
29417 9008
5531 33079
927 29333
28489 31089
34583 29321
22609 16493
32810 2610
30080 43125
27321 12626
28373 37233
4972 4675
44374 46371
50820 22136
9082 11900
3129 24928
11723 16488
17837 38648
44527 17517
26497 12167
19406 45316
46887 23896
30350 9500
50941 2160
34597 30724
23850 52599
13149 8441
51300 35920
77 46955
11986 30534
49395 31032
44757 440
41419 3894
32858 24433
9142 29998
30460 3706
30313 13928
47416 8269
9425 4433
49305 20947
27787 42504
13471 8108
13907 35050
50134 39000
17049 37086
30275 31274
47821 8551
40405 5069
39248 36639
18994 11421
51522 34419
32972 4779
52936 9869
24704 818
48466 37246
23052 48580
45542 18505
44365 17511
3416 8920
22224 40212
26340 46777
50379 44785
29814 49606
13808 568
18404 27755
10265 36543
25273 25763
16148 35765
46801 19250
51881 19815
15777 45661
38291 10895
32864 29073
24418 30403
2997 29729
19540 19495
44351 13387
39789 7627
37598 8217
35557 22927
2432 35690
5078 20598
1757 31023
41361 22302
35367 43766
48856 44314
51595 13259
52153 35455
37979 13578
9201 45697
19921 20317
29967 26880
49477 18231
43588 17600
49190 41719
37098 12420
35440 20030
23028 6884
39901 25758
22557 30068
6685 22435
8952 48487
42175 3315
28810 30635
50700 46982
12611 10793
37509 5639
912 41086
45377 16767
46671 40394
42035 36683
42118 22411
14542 27782
8125 8250
51473 36896
24954 47380
26658 44480
49948 21643
39678 30639
4104 27740
26200 1984
3429 32248
47395 46347
33444 13246
43384 11833
41015 12708
40146 15165
38945 1602
35324 34819
22211 14526
46977 48186
4645 50531
5136 26404
18101 19010
6363 14613
39280 39850
26508 3865
11798 26444
15386 38819
36277 44434
44591 51476
37346 22136
39489 30045
27949 3350
23633 17279
13396 19288
23230 50494
4847 15731
34813 40588
35893 28469
51757 41317
25218 11179
47093 36482
30332 7516
24441 13778
2902 46730
14240 24386
7919 4828
25937 1229
4006 1349
19571 17846
42328 20988
15 4460
24716 26333
27506 45256
16366 38400
46009 28698
47868 1414
43026 23128
11574 29094
2366 6640
4611 2324
11892 5909
636 37588
37403 13337
34984 12971
13931 4688
50624 43665
26581 24600
44413 8028
50738 27288
8999 45522
31673 44388
9686 26165
9125 19366
27325 47983
50682 33345
1984 46748
25972 16856
6690 28882
28166 19787
25105 33939
32020 52838
42239 44618
34575 26108
29293 47264
46436 10544
30176 19374
36343 43009
23729 43158
24818 28868
22226 17604
34939 37418
16572 50838
45180 555
22261 35143
42184 27376
16749 43650
33277 24198
2167 48523
35818 36624
38544 2695
30572 48365
17515 19379
43392 28823
50488 48350
29107 15073
10627 9969
45809 26052
27319 36300
8974 36111
51512 23224
24584 42060
26721 25640
13999 19072
52538 3920
11440 36118
16793 30835
17538 46935
3321 12571
27766 50192
22188 12003
6702 9315
44497 27518
17717 10382
5502 10624
26066 27335
46723 28396
52698 16342
44061 2263
34705 5207
395 51031
20267 13093
11046 6456
28305 32981
41188 4786
50712 23104
7094 11440
52083 52042
33527 31802
51451 19746
48923 38404
18595 26017
13821 50620
37855 24916
14597 49467
37211 50920
18992 21207
36992 10255
19626 23846
26216 47691
2399 22948
14600 39330
20125 13216
39557 28262
28025 18542
14464 47862
41743 3234
36606 39604
6995 33933
23247 14066
16209 23009
32805 19803
49950 3076
2608 36717
8788 41369
15666 36681
50433 27584
7921 49682
34799 41689
20113 14010
20657 24501
37627 50654
23065 19786
23654 17837
45702 45055
13323 15913
14149 3046
2442 19563
38456 19817
12683 15863
36678 34214
13400 52026
7449 10949
4728 19429
2227 21169
17432 37358
42200 26805
33885 27785
33353 31443
23829 10721
35173 42596
30532 30850
10756 26411
24713 46952
13532 39176
1695 47243
24632 2420
8223 48270
50367 12621
36799 29271
38447 27230
50147 32265
23962 23200
11768 31264
20693 7635
17996 3231
21491 43523
48742 17910
44875 12439
42500 36550
20345 52481
25250 30626
9798 47275
13668 8847
51240 42323
7320 6166
30550 20939
33074 27785
33176 16724
10051 36437
35791 24226
51381 53079
39347 3455
6787 13271
48370 31957
24385 42873
7150 1756
7879 38002
29451 12736
46245 37989
41901 13064
48955 33180
32544 24177
30595 4824
12055 49552
19555 33320
45389 24322
44216 36742
31117 16417
14572 13863
21023 38478
11790 36253
17178 10830
11123 51008
28022 52721
3851 24391
36044 34032
30011 14269
27007 7993
22808 1668
33014 15529
26805 11419
36881 36748
48195 6084
51034 35625
44894 48320
5920 45928
28934 31692
34763 13185
39782 13322
22488 7973
16580 26796
41760 5887
6699 26413
29717 18217
26466 51076
38880 49912
33245 25960
35877 21052
11388 49275
12185 43405
2882 28579
24490 26653
39312 24134
38512 9810
5582 22441
48945 1834
31899 14411
41581 27889
49876 22305
28803 51204
52308 17745
50792 21891
50135 32600
7684 16117
50775 3814
35461 2408
6234 24711
49606 12227
317 37910
20966 26052
34570 42500
21663 37334
17603 38664
7310 44794
29674 10315
18092 2278
829 46647
37387 20531
10955 45470
32679 43907
9582 45123
46722 23399
6636 8748
27624 51618
19983 12195
23983 8559
36782 17931
19622 329
13595 19477
51605 15631
16429 19695
29395 24447
16984 45170
41013 35183
683 4600
14050 47609
12082 4093
45430 11439
16569 5939
48591 22688
4673 51644
15745 16846
23680 8403
22187 30611
2006 4821
22610 6490
1893 49117
49927 1164
47766 48657
45306 9264
50126 24048
24556 19969
38068 47818
31597 41059
32834 39138
51599 15580
46367 23659
16739 35240
7119 21237
41003 23101
26459 49860
44113 14109
43949 3991
44441 34771
33537 25466
16132 32176
45091 22232
18479 48291
50522 42891
50105 22125
14056 47094
40814 27011
29346 20247
48595 50982
1516 52819
32938 33684
37415 46157
44319 13436
47233 3452
49188 19747
27754 28287
280 50037
7103 22601
25103 32079
51420 8968
11550 9419
44203 38689
26843 33947
36475 23565
12449 48587
2764 22169
22905 26661
22358 21749
52277 34809
52382 34707
33404 27640
44576 23784
15631 1933
16983 3617
33542 45417
27796 4567
9179 40015
51909 25607
35908 46234
38509 33865
5259 35638
4246 45502
46434 6865
25695 28899
20124 50371
11092 13823
4016 20423
15028 31945
33531 15733
17537 15334
5938 44571
26557 42440
5760 10318
18019 50294
45002 39519
30397 9754
32885 30582
34375 22109
6048 41140
35635 30773
6679 1518
49493 38174
17465 18369
16859 40420
19975 26834
12671 52871
1959 4100
35811 34941
6013 18579
26222 24453
1597 27566
6889 39357
30157 46557
30147 33966
18552 45990
38994 5343
13900 39338
16829 7108
32652 15015
28335 12716
15708 36428
37177 50854
26958 25916
6263 17526
29402 35793
12913 20669
24738 8677
16591 36362
6880 26048
6856 44648
41872 45151
32192 946
30316 18567
27617 42447
3418 26923
39802 16323
39512 34614
40764 4260
44462 23277
36303 19655
38789 49655
27391 36603
37084 52234
12995 24573
12100 37389
16961 21726
36095 30229
22236 52142
13 16542
29642 43872
29679 36702
16630 138
