2945
6 28
74468 93244
126306 61962
61728 123202
22131 16049
103745 98197
84236 9365
98043 40138
115157 75544
66520 47681
7838 93899
19605 67772
108263 64175
42433 67446
26515 32707
69498 128716
79680 85677
106159 60602
44446 111524
29040 66685
97468 82340
28436 95648
61346 24735
75803 97954
64378 82033
72354 122996
122850 35482
54674 24874
108086 59942
103920 11212
93462 114903
92984 3889
802 29212
111195 64022
82240 54594
43614 96032
75876 125352
20748 102210
78126 21283
106439 109914
74264 86806
106811 118614
122256 74363
2915 125751
82124 60156
113756 101584
47752 45002
53300 78335
94160 128771
47656 17102
41842 18693
87743 91017
80937 36146
5376 59916
65706 16355
12319 56586
77059 68990
25924 118739
18882 68997
107510 107463
58643 68445
20398 40356
43581 16927
123813 65291
66566 114618
110380 100497
72220 68403
65111 4738
23500 3312
47621 59638
112716 13256
43111 101513
6097 86654
113781 63057
118268 75055
79571 128561
54599 28802
23270 59404
59809 6679
24609 114140
125398 9378
8004 16189
121638 71969
110210 68855
72023 18067
96170 19505
24637 51945
11152 67186
53668 7054
111743 39485
124911 104179
4876 87574
15474 38440
41619 25501
108944 79565
5515 109843
65748 40297
14375 73623
46865 58521
47344 57935
102390 34035
111870 104558
123992 46033
31320 14500
117270 26715
35203 12872
26620 40298
105458 66509
24106 30125
127539 14560
69355 2773
128396 2649
61396 116472
55830 59373
6228 98612
9775 104832
76778 44113
101759 88977
24208 77501
81527 127696
68261 5426
65539 88530
83437 5995
98996 80902
34291 52211
87638 84067
52192 40169
87429 99037
11239 2362
71794 66448
115512 37098
118335 34822
47108 21407
8471 42312
25454 53157
2184 4482
25499 117218
121764 127044
57053 15380
91263 51465
112319 116495
27155 72304
98843 14035
63694 83142
111822 35221
66347 58867
123599 84535
105585 118394
88882 10486
90819 33184
115404 106345
78263 119319
117344 108706
73941 15271
122797 3208
102609 4517
127947 42872
60745 82999
23682 99559
37247 2740
34271 126931
40229 40326
59148 111125
43637 35774
23924 51493
100462 4642
45637 89994
53799 70171
95849 36853
55651 79995
120865 24737
70220 25335
126646 115226
102474 85050
85628 46092
117814 18713
22053 115846
99452 88854
92049 104295
110967 116627
35034 26597
99282 68501
21303 25435
38822 8571
77787 107723
86690 106401
4126 44716
85984 14110
103735 66151
54535 64617
107846 56791
22332 86324
2173 40013
28432 62268
91592 93574
35680 10000
83822 28608
101023 27876
92660 49517
31091 105481
77964 17601
34889 49899
118474 5155
96565 11347
101440 105961
103116 5504
12109 116183
21792 12482
126322 54207
123721 95542
54801 77213
70901 67616
87862 81188
34254 100555
77198 19990
104310 19144
93986 124410
42757 79226
73235 117703
86450 8780
125542 47793
76092 98357
115081 18634
117148 128942
107549 81615
52983 82424
17154 70913
16746 59157
4681 9795
61192 91348
99536 24809
37805 7226
59696 26224
26678 122004
15351 81159
111267 120731
4442 10965
9105 62656
76596 122253
114514 71216
16249 103099
59043 120106
68794 67908
4685 82852
34534 108313
34860 64166
52922 5906
128053 119626
47798 49423
14515 46450
75868 96197
101107 94807
11115 44709
81910 15660
17893 57147
109132 47273
107679 2604
37597 21662
19936 38910
49927 75221
24964 125882
67259 40057
11633 59083
228 76287
100765 38708
76269 126985
73469 47509
39157 48412
128349 99023
8712 75783
51286 34030
113759 41080
82206 123575
43640 114507
121078 7577
46189 61564
69206 16840
124668 76986
75962 42127
78811 61981
20558 66508
113141 35314
112516 106197
95453 72375
21110 21670
89026 94080
49901 119222
96414 114159
44729 31349
11168 92080
100753 107390
93772 68082
98370 107381
74042 45210
122480 38059
11419 100942
49929 61604
44166 83447
27107 55592
14404 69044
2779 82728
88512 48775
115515 121548
53960 64701
73976 26045
103730 1550
43465 125716
93799 51482
114427 77707
87276 46422
90248 69761
45641 74732
80082 109594
17873 104757
43747 8179
118340 108802
19894 17656
116057 73038
104577 34717
34167 23224
128345 77128
70843 48509
76220 77788
46018 92769
3333 75398
57538 114036
39392 60714
36108 22873
88938 69998
126375 115665
27763 18985
31323 121357
99607 44727
98827 104480
53911 92597
68806 95179
61451 41623
67186 39699
107317 90305
10233 93673
35816 70412
85135 22646
22084 19078
10649 33561
26487 83941
42455 109677
67627 41452
10508 79639
39080 64627
55388 13308
89799 114168
103959 125886
86724 49721
4666 116230
113227 106340
20523 61209
65239 54018
75365 105023
64284 89686
24070 54261
23710 81047
17846 92160
21772 35261
33827 71819
71087 31003
1039 73005
25480 115657
96103 80456
98120 71974
54948 37708
97138 54475
46447 127059
54205 48713
16081 75130
10192 59304
99673 103204
77824 45946
39650 20291
114059 64420
51224 72596
123821 66332
27059 6494
19295 119257
125164 45311
64798 48825
21507 34424
64703 97907
47169 31682
34289 33219
4006 93276
87214 14121
42300 120196
72999 33236
25793 45060
116761 103758
110734 3082
120544 39642
91627 115046
80844 11624
109977 59922
83781 73305
101176 33300
69463 35229
129359 38199
46965 40592
89287 92278
66255 77796
113524 36840
115839 45668
23514 35893
19924 14478
128274 37456
71889 99535
14592 40814
99434 2527
46759 41030
87608 94300
26510 105322
110298 36372
56065 34682
43706 65377
63044 67415
76622 87637
35985 86862
26882 68995
12534 92945
51868 89152
77564 10573
40065 10101
13893 104302
61362 52615
1970 89704
50579 63432
74292 67463
50323 68834
77072 80784
125622 57677
101960 103877
13319 22296
100386 22806
25201 64141
22810 54734
74442 99452
103224 58074
74938 77431
91576 4418
101341 99370
73005 52168
28925 73740
114799 15673
122189 7046
68987 19282
97604 63257
50631 42902
124202 82619
116777 36328
83152 119287
74310 36382
126470 40245
12958 8487
71933 119173
15071 98558
35099 9521
1707 45081
123059 93890
82189 12413
85641 56874
63253 60267
19622 68851
99109 124764
95361 49898
70393 73255
35196 115053
68820 48517
116794 126911
80130 11119
59999 9215
69561 34765
30945 44049
9230 27553
29470 13887
67604 83593
2833 96818
55500 55374
852 102539
113905 27938
72246 104250
18135 157
94985 45370
96669 12919
104446 54531
36786 129472
124594 100708
77360 25359
50710 125919
1258 25198
82451 84486
101310 104534
35130 1011
109060 55494
47333 119822
123789 76514
89738 71335
63332 39918
104962 94038
52315 43340
87853 86999
28454 70417
110446 633
4871 92863
57564 82647
49470 69696
51415 50637
38019 87691
24762 83741
76532 13602
53336 102328
125178 110330
102629 95491
22198 66083
124477 81944
57068 18038
19846 22532
115912 122804
21905 46919
2308 81938
61031 90792
51555 109941
109482 90201
34298 79174
168 63938
10545 34394
82323 122869
54467 45699
22045 45886
23145 35107
82772 109781
63790 113366
124186 76886
50426 42864
120109 115862
92467 39039
88403 44367
59649 3249
85454 85522
111244 64594
20033 69389
88705 1350
80010 77009
23628 88226
9104 126085
43554 71920
75660 31186
75024 61882
23757 20615
4862 57917
16622 109443
30636 35581
24857 32986
74675 105703
26903 45260
15218 119687
54218 86551
60465 97737
51568 69246
25966 38936
89349 105919
83546 57084
15440 22528
112965 85245
27923 73495
5105 30810
116133 78866
101524 31476
98544 13693
116095 100238
124802 100714
118021 87744
120049 18512
7970 120448
19553 70877
5516 65531
7196 50660
42751 3753
102695 49341
7031 74437
43279 46286
44017 102106
94195 28364
42286 19507
25950 61501
27868 35433
32911 58525
37327 110771
81281 18131
68152 102607
12085 106565
5918 67373
56120 73653
101030 108092
122574 40151
73953 69543
7039 104296
101129 127493
54392 75435
82857 30907
27732 4528
41722 44729
21145 56524
105362 79458
107476 87940
58886 21459
105037 44462
89406 107024
122569 46856
43355 44955
39067 85103
108714 47827
27673 76209
831 80066
50225 104085
94675 119029
100920 87192
1712 30412
81119 50966
7777 112289
43291 40948
6130 82408
21177 99466
43630 66337
87327 103718
81557 15261
22658 66445
128867 57884
92906 98535
7356 93481
32790 37529
29489 100444
122387 119654
129459 94855
126460 12498
39586 37716
115678 43371
22384 15301
7116 91038
64538 109088
63754 14477
121875 82811
83966 12774
39727 91135
29483 10530
51098 51426
114176 90813
128134 49774
122502 19506
52640 7479
80597 20940
51943 89404
7822 25500
75132 18516
66259 9056
110786 72743
113329 125175
110565 113273
119402 23871
120009 22895
77323 48903
108489 89939
58345 91767
127931 16923
28353 96542
80501 41015
81279 57648
25437 26855
11531 94100
52766 69335
19841 70361
17007 63214
6022 27262
110799 126013
48460 5762
124592 14697
116830 71589
29111 10620
75081 71437
2900 54185
79442 26925
52913 23894
37644 24776
126603 89049
30075 85584
129346 69803
59597 52999
93844 102285
91835 118615
25331 52799
56830 101421
54854 55801
33337 56101
19095 105772
121228 46136
14364 61029
43044 63715
89875 56371
8138 20754
34937 80733
121422 14621
23870 19461
63858 100335
77850 78413
98226 98312
50564 116941
17715 76343
341 116027
67553 69404
20740 87738
49848 80795
118964 68648
19948 3306
67028 35169
103316 71873
69608 70441
108176 7606
125348 71465
125791 81973
30891 33710
112317 80529
81277 24474
16624 33190
50751 119031
5372 22612
37680 54565
94501 63162
59434 42243
24108 21349
99037 98680
36982 108695
5545 126324
52011 121017
125393 53173
3675 769
11420 58699
11864 63193
107551 59514
82068 65190
42365 66896
97038 116446
70342 79299
55225 45729
113568 108449
23081 65229
108427 99249
68009 78730
76086 86364
93876 20086
62381 77076
94288 128934
95925 52428
109144 91688
91371 42757
10692 1554
79039 7378
26268 91964
34642 18726
36759 1593
55348 80738
72814 59873
107826 16254
77698 107928
26558 20734
85842 71385
125229 36502
39170 28945
19310 37208
25734 92681
116334 6933
24153 3566
115143 37332
2401 89535
9509 73426
58548 108753
98658 35929
18941 59712
16649 54638
50663 123820
80305 66360
106253 35125
125420 126628
52304 129105
108696 16420
47382 32700
49289 75095
93481 111326
127866 16467
66535 80647
121571 127794
26655 37148
50975 103479
121423 80569
42683 56130
69958 36305
42837 108852
45536 106779
45160 67548
72969 2280
82982 3160
4902 57370
77917 109549
27871 89810
65665 3457
112971 108083
79720 115292
28320 56393
58535 103143
60682 60102
85716 98474
8357 14347
59489 43112
121198 8331
43770 30188
121766 51973
87339 84025
112811 113282
51729 48775
122207 89197
42512 94456
520 117627
80376 70597
93801 117265
77172 124988
75884 70068
117051 16896
123420 29562
108163 87880
86803 122296
11534 122472
62330 95204
30885 79500
44993 127966
54506 91425
108519 109830
54613 30539
15800 62247
14791 42746
23411 96522
38427 29841
33231 24678
75705 99339
9552 118090
28909 7431
86572 44091
115421 25847
85520 69815
35804 35078
121191 12251
118080 122791
63240 35474
113790 13895
124047 24446
66000 69174
58940 76320
24163 96494
15834 8249
44542 61927
106958 33218
124531 18427
74620 49329
122345 120819
123187 22681
44677 111368
50846 114515
36585 101807
66287 90054
26853 82638
96884 20967
49406 69880
66529 88571
126800 129304
73684 49007
87161 124119
74480 87225
94407 92540
35803 128637
8432 93164
51177 77805
64539 59596
28744 1947
29920 116843
4083 105732
114877 33966
56265 92034
111360 29187
17934 106869
11339 29560
62031 41224
65012 38175
18166 100822
78884 11676
58745 16298
11741 13468
2339 65618
72819 37480
34274 61543
107076 65888
51012 48023
28676 24717
100638 54674
93689 110007
62673 69304
74802 41240
39886 55228
95238 59943
14243 34493
81602 60210
19889 48753
70992 30863
53926 35926
68380 67047
122329 34531
51161 40553
29237 122768
22491 126595
101478 40253
58738 101904
17437 111074
73162 66471
26862 27429
106198 104361
69024 34438
64659 35734
13084 37359
110082 89769
94642 2045
30589 70556
108904 61417
56377 18671
31679 92429
78065 75208
16420 31766
59846 99159
101789 106193
105003 9222
38052 96394
6302 16095
31524 86553
35867 85152
98374 50950
123748 79691
16300 37436
25033 28148
39697 70924
36067 96796
70372 45162
68285 115070
123387 26889
41604 98513
113064 22228
126042 47893
95434 82807
13903 97791
26982 10045
78439 54889
105145 38484
165 110209
62761 110916
126624 21178
116444 96102
90953 107746
12662 35598
12786 31731
10608 116185
72013 75976
92115 129362
36674 101773
111452 37824
16302 44711
112825 118335
86712 23254
118245 115155
36417 81346
117784 122901
15447 13443
21194 1773
49114 3466
45109 98265
55822 31850
62077 69326
94849 44419
38981 44141
74932 87300
116142 85306
101843 50310
30745 89270
93875 119148
26461 71296
86022 8156
38125 44382
48683 113086
72029 117362
123401 14875
84655 24478
47776 29698
48193 453
63777 72277
97371 56086
605 2117
33506 107122
21895 908
74974 120257
18851 90954
77634 103073
38725 79152
96458 43911
53018 125319
109257 46745
129303 108226
61681 20541
63606 71396
76605 110067
117794 10123
24145 123047
115097 51740
37398 4129
46280 82682
6676 118379
44226 58029
91294 27620
59665 18504
24582 56209
85541 14823
110586 13803
51366 91417
97269 86137
81398 92938
20590 51772
80360 49296
83790 102898
37020 34094
85298 39371
77531 258
103968 66880
123493 115088
12734 7628
50847 55835
91676 402
16305 73763
96818 86513
123682 82225
10856 104524
61983 81937
19695 104947
48284 55873
42922 72693
39093 36388
26005 124566
116868 34506
5682 114953
54418 62766
85421 25209
16895 9342
80837 4041
96227 112250
81571 77034
124116 35307
43438 31179
68293 99425
105799 44107
97579 69303
125871 47809
94473 120114
9742 2563
519 24648
26069 34936
3883 75190
86357 105297
60153 112127
21836 18273
8364 55745
108143 121935
38080 78186
112202 43779
41386 89154
22226 75901
6909 43828
1373 29231
97916 103347
9886 22205
6073 14119
63077 93331
17342 41905
7323 24636
48793 65834
121146 18242
32852 82989
89104 30058
25045 69073
86394 86767
111125 111029
25527 121281
79841 77093
1451 85700
70695 118300
18149 60481
59227 48586
36520 32948
74420 66784
34194 108759
11789 19215
1445 21635
88071 61310
40136 54885
58138 105489
30006 36474
49822 50973
104317 121073
10960 75490
55167 33530
50227 82374
112094 44169
76311 93332
49826 59654
105501 92803
47584 111455
36370 22266
46180 88324
67838 58406
99072 47911
101206 93257
66912 92805
90369 44512
73428 99506
46927 4161
98916 41718
30356 65399
100403 128631
123592 75599
4296 128009
70910 127406
102547 6976
57544 116104
81394 49689
22308 11814
67669 125433
11731 125694
79328 49318
45723 109980
111106 102407
59485 27566
69812 115855
22354 26138
29526 15000
91183 29937
21681 70977
126619 65291
89504 18969
123904 24711
502 32254
67443 68745
5437 75618
112903 60868
86768 41058
43485 64843
8904 60354
34407 108247
118020 68231
108997 8865
13362 114293
109433 70060
28737 4162
93263 125759
20685 52213
79470 54137
40693 47061
42394 31052
45065 30764
71937 96474
123636 39840
78242 53350
119298 41388
60118 72728
123659 81449
111216 94912
95960 59445
36926 30984
19692 121764
51089 38326
90758 23130
2380 123647
23980 63560
8531 7454
24553 110603
55486 41145
1196 50331
57884 398
15731 84955
9463 125830
127934 95714
102896 29011
45284 31765
107649 77937
27236 97569
237 6138
66045 17260
9658 103426
47031 42026
120361 107398
98578 107946
117384 50719
67732 16049
16353 15793
38511 63093
35788 127821
69543 88194
29601 104088
11108 47609
31639 32426
39194 82202
97013 15118
10407 58560
50995 120889
6588 74070
56968 45413
124065 30562
101314 85482
48293 45906
86956 68728
58336 4587
19278 114142
46412 9478
51936 22041
16804 109219
81458 56398
118329 33685
59870 102990
54768 127695
61571 18248
56678 124239
98011 128090
121211 72380
52047 30175
67937 48235
53661 53950
114074 26318
29225 116783
112241 77877
126676 71706
124254 60282
53669 53093
87262 9804
80231 79582
74159 97271
29170 12208
50088 108368
89842 22195
112609 33057
73380 73203
126097 115362
117460 88582
80292 98566
14432 12448
20425 50043
34741 60193
13213 57769
29660 87814
46033 59567
81205 42957
32157 124784
89029 59343
102850 63862
48319 28397
14333 55286
102102 107152
116281 108927
64411 6774
34276 73232
55620 59044
12740 5395
87956 37161
38243 74803
459 110980
37368 31148
54034 98485
94547 98228
112990 87777
86001 125700
73789 68068
49463 97643
37136 38758
102618 44630
126666 100175
25893 26492
59284 124893
94561 65939
69145 36652
35163 108535
1905 81549
101535 40650
120223 31135
63121 37191
103571 111229
4409 91466
68156 74987
73603 79059
110097 25980
128732 7972
107954 56563
20453 23470
49264 14372
57421 47964
21890 73303
124371 38581
60469 116184
16912 81654
26167 94755
14241 120117
77685 85555
15345 53562
22102 102902
121921 31792
92439 123537
40802 67179
16919 119781
109557 63174
75935 46797
628 98440
66007 43802
68345 67036
24855 11312
57377 73782
107763 96391
106973 125436
62117 19598
57736 116685
42846 101056
29587 81534
36608 31883
113458 107361
24015 36243
56902 60409
96126 36816
71897 88461
119761 41144
87344 70846
90507 82302
94803 27578
15937 71784
52579 123419
59691 110415
16559 79553
51266 44909
78225 94147
44025 55303
45341 85473
101640 96697
25035 17616
21861 72829
78772 122925
9117 101292
106144 94299
34037 95020
36912 128697
109532 96059
58622 66363
53349 92480
7107 79273
31996 85590
7776 48300
50813 3455
6862 48356
89599 106594
66064 115862
110542 52141
2430 75387
102366 99229
48447 57997
31717 118632
106175 20339
1376 60902
66231 71570
108345 55130
27186 10383
57038 18931
123478 34632
45078 72077
58664 105056
56641 59151
30916 339
126201 50122
107749 4984
112666 94897
102313 72915
112286 125514
105674 85749
91405 36042
26382 86923
34027 55021
100252 122790
125666 35577
11851 63099
79034 88902
18952 24174
120614 101881
47485 60278
52725 123604
21709 68842
6222 106433
66316 52855
36079 24751
98181 100044
105220 22867
124840 35819
10761 29572
111130 34214
89961 129420
1398 44030
121613 92523
97891 76632
42904 15414
104706 9133
93508 126721
84899 100932
21035 27571
35078 48499
52968 99563
102537 57888
65738 89366
47642 27399
82331 1198
68060 110334
44335 10850
85186 66467
120016 123744
118640 49727
87588 73474
111548 116019
6637 103182
14921 128400
76791 97051
83092 37059
103625 14011
92796 44274
86458 68273
69440 40187
3533 38714
111686 122738
106975 8857
43263 40450
123095 79892
19480 55199
58132 18419
53783 112831
103803 21028
64439 102023
105135 105911
97929 71877
29009 57520
8355 103585
12501 63519
62479 124303
123084 99839
110897 408
69504 26937
29076 2005
118392 99702
13130 109065
40793 117573
85775 62534
43346 27157
110340 73475
108288 59238
86742 81634
111677 128024
18206 70456
124820 30324
76671 84526
18223 26416
125634 37226
28955 108011
100219 116350
49961 16820
74612 22976
51658 64513
11049 62421
12822 81313
55855 41227
52550 37135
724 23732
29511 64540
73853 9092
110302 32488
89132 18236
52950 119164
116572 75912
77697 57319
66919 102600
16464 95817
126144 91217
23970 20182
46091 5263
60991 79502
68359 121542
26629 85294
110993 124765
18457 15402
72965 82754
112784 109419
125243 116034
117333 80349
16284 12552
83650 96979
48164 91384
66753 28400
38599 88569
41870 112162
68951 51071
88152 69783
116798 78690
21040 14771
15042 124907
65790 75724
108352 41746
90887 95771
100408 50031
105556 10451
35140 119486
99485 106258
6751 124026
72486 14872
72391 127673
15290 52623
25704 26065
56407 38664
112984 20929
79388 6382
116028 77298
35716 3355
75251 60971
60714 65705
89510 32857
22140 55270
56389 65396
55595 65099
16793 20215
13309 54326
79487 48548
24162 23809
74234 54978
68515 91635
33032 2457
111957 59291
64118 80136
57633 126075
50272 31761
65816 72551
79635 37304
111151 43292
36522 100969
15291 48784
122539 9908
28397 71368
44556 3036
120173 44302
118551 13511
91862 119644
50557 33811
12107 109450
84913 96499
101199 12268
85122 9566
36110 115579
44114 44872
113608 128309
26120 118283
19402 116816
5649 41235
10354 109390
40595 69954
128407 126465
28924 96952
76587 112846
67265 68771
17562 116187
51866 4589
22072 57352
11056 86093
80209 23870
92554 59989
91334 47322
33794 16940
44537 121057
53139 98285
26614 79665
21100 45374
17912 127343
101167 48038
108366 88774
7623 42639
103834 30926
50077 121347
57888 89851
19323 96831
124813 77263
27455 52358
49878 49270
72295 19236
35588 61140
105704 60326
115643 13305
24918 111867
17835 96731
8532 29303
71524 33603
91670 115026
96023 37418
48843 7919
37231 39151
56839 66918
52305 126053
34294 113938
59947 47265
42141 73377
50759 57458
85483 120909
42649 40327
98203 22065
111338 106039
49923 28162
37720 86230
50492 12193
111828 3630
9213 2369
51176 7517
104437 39451
61182 79246
22603 54764
81052 58568
66670 113224
95938 33924
85830 7149
44633 85147
48827 107303
72882 115031
39006 94675
102957 101142
116693 11072
47098 13427
49099 108306
85104 12352
97423 116194
27462 26315
99160 53971
124039 14381
114900 33772
21961 123278
65649 129000
109992 125617
33417 36664
491 71187
104556 38776
96248 75744
51374 10570
90554 21660
47452 9682
104464 41382
28783 6694
77912 107520
41629 90400
51522 13834
115178 106878
30108 37448
104477 88170
68697 54785
76846 28124
15045 127282
46437 18183
44103 116342
105083 16398
55321 87134
76038 83967
11560 115518
22268 66994
53833 60947
36896 79976
111678 104576
74925 83932
25692 15798
46900 8394
13569 120737
14885 41385
24786 71574
57594 60270
129504 58133
73585 98344
121924 120923
28013 39350
116698 81059
46126 51390
50377 91893
31584 19084
51362 95618
69641 5609
15305 117369
29453 52217
98199 66445
117722 86598
30052 125936
40522 114300
75719 42125
10657 75059
64860 65796
46413 105531
9404 51685
56719 11219
111013 128718
18521 61170
36393 32522
115413 13739
91100 68298
82051 66053
70593 115801
59261 34223
112822 12510
102009 11565
1703 42348
18641 27155
19023 3144
1397 97268
40574 125114
32318 117427
17488 44039
56281 21076
84537 29143
81399 44908
28342 121678
108871 111853
659 15097
71657 43691
42426 61340
43551 95519
117554 88500
58575 37689
101744 43953
74971 40341
129112 59881
46910 56380
104866 26390
78596 15006
99139 59729
39062 7204
41444 102975
68639 1820
7171 8979
70204 25575
33629 6088
100684 79022
99942 22751
9402 100744
24876 120140
107056 62476
40527 111936
61074 124593
43582 55242
57048 116502
35796 66188
48038 12595
69861 65677
116930 48159
79071 128522
99763 4664
72822 62768
65371 79188
70769 31879
74873 111843
21690 102897
14034 35634
10237 106482
35372 37305
35668 103302
50560 38300
18099 125898
98999 90461
81263 15496
85167 1655
46417 20636
121164 24987
75787 2572
55185 92121
15940 45841
37737 28057
35794 22782
20788 27890
45507 63293
49269 17771
27439 1027
16915 119869
46251 13560
129501 103408
34838 37795
62848 35044
52540 75044
103575 127145
15979 78326
117618 72224
63459 17154
40323 27718
70972 105512
108744 11252
25158 38996
95417 77148
61600 28196
12264 109182
121147 74061
53742 104378
19198 62205
16918 103806
7024 29734
60838 38726
48898 118830
98912 5688
73374 120267
50949 86679
42040 71083
28683 59038
89810 85352
74590 31718
87389 68392
35442 15288
4092 104623
118973 21711
27901 3933
86233 7245
17287 80096
82987 78091
31326 86922
73934 111229
86095 119687
91898 103271
75374 125641
115568 72539
92227 98207
83760 77915
21616 91743
39536 18710
100304 111903
45553 52987
121264 128812
55053 29375
38782 20751
61976 30731
106003 42534
21583 35718
61459 127973
52201 76458
86957 11833
54343 88923
76793 37875
96130 29918
115885 67920
119454 40299
71498 74
115856 76782
124349 14029
22666 107243
77033 5842
119571 108204
6346 79677
75687 116846
82622 1492
15720 24193
62168 93217
127996 31790
92186 84760
33430 126668
128152 77565
101136 47564
92473 86101
62984 27928
104859 97706
33100 75255
97807 66336
33622 78958
56022 112663
22011 101457
24662 10273
81321 31296
34 7555
118003 94791
114466 127371
108740 108774
57001 27046
122431 8931
117464 128704
89533 23726
10944 126553
39239 36157
5910 31257
128279 22908
61572 10550
16789 122071
74343 109071
59564 109360
46562 115319
48708 60967
113634 71494
12706 87274
34180 65867
35331 98117
99368 71845
106392 45982
96268 90839
81923 113982
77757 89140
26977 47163
19758 832
53175 62174
124809 2320
129394 44987
104954 77602
54165 24636
126124 36229
109618 114353
114718 89085
82752 9491
71007 48012
15192 58405
57291 124514
91299 34463
74497 95858
128030 107615
17517 37774
56090 81895
70549 87927
30254 45963
68640 104212
45584 33046
56115 109457
110321 31348
93657 112148
83390 9611
11760 77251
86860 129164
124536 116490
13179 35829
12888 69734
76203 36557
121701 22127
89735 101860
35687 64813
125175 79851
121555 11764
68618 70734
78185 20945
5072 30447
63706 92449
33995 107919
30643 95124
103235 89570
85499 118219
81273 40289
91150 11525
53348 126622
66960 52104
23009 866
13034 75907
109847 120636
67100 13490
8889 99543
121438 64664
19817 84336
68174 2849
92811 95966
127971 66362
83252 85786
118136 117705
50645 83841
81118 49648
8607 10395
54432 125817
10485 65652
127667 124368
26218 125703
40708 38125
42671 95920
45310 88762
11150 57728
48528 80659
37595 123311
67366 121169
62002 4889
65800 97502
25926 34844
102853 35787
102393 119588
91954 121908
93283 16349
37424 44174
126485 26201
23289 124564
51736 91336
64828 50015
12003 3195
30895 73312
118818 15590
66588 103730
97984 26735
28329 31013
9999 100431
103740 35618
7762 42525
120192 71155
73733 60561
58379 100151
9587 64081
106875 110253
98622 48783
20076 5635
14057 20730
94115 112898
18911 128902
76771 121350
21538 58723
49973 20181
76834 54426
65491 29938
98287 93446
51955 101268
123874 124465
64116 85194
37513 24122
7916 110600
61438 115894
107017 45284
78482 48945
37642 66710
23564 87787
38023 35856
24013 19199
112533 40158
19236 41827
106310 23741
13042 12057
129563 96694
4857 49909
119210 122121
119156 69557
118940 81562
122417 118462
48227 115353
5705 31633
60829 21555
102645 34109
121621 35033
3280 119545
79079 25485
71492 88537
60798 108761
23487 92506
119476 120824
41279 117812
50359 107056
118901 1869
19167 82189
103604 120067
94325 67682
94026 33679
79410 54957
84665 47783
73616 59591
75901 39918
87337 2487
24418 64820
15285 25696
67888 78244
42478 108222
129043 5208
2584 108048
88266 108379
20585 63843
111694 82778
76360 52476
106629 129572
54213 60058
126380 103102
83622 122964
21501 71494
96699 80408
45917 7809
78704 12669
97563 109630
7431 109346
58903 30835
110195 92224
96210 10354
73883 15871
48582 83870
12892 70404
102612 61413
69547 80748
85738 126748
126570 26634
44471 85268
34609 108604
18799 83111
124408 108778
110846 39407
44670 86072
79222 76404
91049 61290
5162 62678
47632 41442
79818 59010
86156 73597
55161 43662
121356 80596
126157 22138
119609 91839
103113 29853
92999 96996
100671 48178
48250 74316
76179 129172
98070 104447
40424 57756
127856 95667
887 40768
103092 43287
121039 53842
97245 6948
112092 102789
1170 8467
124547 5598
98579 7841
118333 107044
25869 51495
48082 25137
99755 2421
125423 42495
128861 26549
114825 56423
9294 117978
68099 34542
64206 86987
90076 78317
5967 74621
115574 90349
29313 48754
32321 128021
20719 14307
49637 44343
20722 11221
45934 15405
49290 74116
112001 29155
66865 119903
7542 124754
48721 107986
66304 74140
42955 61709
99158 66973
30022 39445
18042 42499
67528 52202
92826 2690
92447 37650
24400 76560
40643 61196
121076 4960
99625 23726
108837 93126
28357 88427
127961 102052
70582 88949
77526 22487
112635 85905
34406 45331
81365 60963
93623 70779
10493 126156
22773 124584
123436 33108
37444 116822
56758 84485
99073 103470
79607 29718
49573 75484
81830 48743
84773 13417
22408 43612
73738 69518
44807 127960
12480 3965
100057 72416
11912 63535
124981 43647
7423 102502
89435 49793
58416 61741
52161 9413
35287 3008
57221 103683
5370 46018
110927 117785
74893 99853
38163 75918
22095 30089
76131 18067
15721 46982
12627 45209
6739 100902
13559 92395
39507 82991
88197 81606
81491 28850
69884 128615
114419 58845
93188 37703
74416 80884
47277 20261
102173 60892
56312 16708
126588 102984
105372 105040
10833 96007
30952 59802
86969 99448
121793 71882
17465 56622
46196 44239
15478 113761
121903 55213
14146 9300
18740 80567
16699 10501
129074 44604
104612 6898
107599 53475
27873 25129
9759 32536
48016 18191
64202 3153
30575 112609
121839 38869
97224 66755
38112 124029
11101 16014
59902 117333
70673 119576
15643 82594
13866 83718
81658 115730
93764 20669
112107 3996
73345 127087
90553 58398
124746 111421
124329 75808
45237 105416
106771 120890
122624 53853
99314 79146
58265 61798
106722 60154
13998 64430
32189 1434
33687 94828
54497 63420
63041 27591
71397 104192
41836 3461
129578 107533
73698 50410
90942 88791
18786 127752
91073 11965
128008 121106
41553 77486
8476 89421
38777 64012
3937 6359
92868 15464
34814 13186
46657 1310
111207 40741
100849 125662
8983 103507
50711 105085
83987 43661
83657 65495
6759 4581
94132 17179
68076 26905
45873 44281
63284 21684
10411 14678
26483 6555
119155 118141
45204 63858
59761 117497
93342 36147
21910 52260
23180 121987
78550 35053
3021 101397
7189 115878
71726 21307
67782 23769
123826 11447
79029 68357
18573 53200
69294 11049
34149 64022
104604 6449
37449 33366
5129 28859
72596 69729
33630 63469
13470 85551
116747 105468
121727 102024
16372 103985
50161 111672
105018 84488
20085 55248
21067 41190
94524 39361
95646 9875
43775 14363
65683 108747
71630 110135
91775 30071
57367 54869
91058 91644
106948 113414
1095 92773
73209 48860
65319 14179
106799 63395
67752 45366
70306 18071
82121 102658
93440 119234
3522 61246
66190 111560
96350 4571
46080 96699
66351 125774
112833 48875
116391 26968
6907 45874
123649 56672
84105 66389
96345 110307
90108 89679
41486 94770
14378 20299
74273 111851
79777 17251
19455 30107
55103 91112
56376 86602
44795 42119
51315 119629
81636 42662
2337 76467
90691 41195
81067 47503
99293 41219
118927 93594
56086 52457
65950 94067
128226 29317
111950 16670
76243 56999
30875 95479
44884 84362
107672 73308
114293 113996
76421 22717
67631 27060
79146 21942
68125 44948
56551 112638
13233 20964
45491 18558
92599 13204
21102 121200
107731 75209
66610 98305
64608 99777
51004 86824
88927 36696
9574 116717
91373 87597
1489 34253
13429 22112
98625 20617
59883 24263
56877 3839
112653 18608
70126 93118
122332 81233
16969 106589
7493 69799
117756 42309
115645 29615
18117 74174
26741 61606
64805 35755
50904 18105
80307 50914
118218 119927
106814 97140
70522 105987
33046 47300
53752 91117
79163 49209
105005 48171
3659 23297
90532 82240
92503 119547
55654 118
52351 121153
78034 17778
35485 122891
19034 22396
69193 83215
119084 70272
22899 21805
121709 128295
116323 101926
40077 29524
36333 51838
48259 15181
125205 74471
68309 45539
13330 20200
81846 83266
85023 120922
116473 94427
127320 114996
88090 36815
7646 37672
108273 44565
44995 10368
37994 98307
72105 8139
27595 79689
120111 74038
50041 20308
80416 53137
53324 94896
2375 76965
72093 40805
105198 65575
85129 43037
25821 81504
46123 118355
100629 65542
20490 71812
68499 79863
107899 102599
120290 31686
107460 104582
52673 81836
52262 18951
115297 100824
56071 110722
71011 74544
42978 49838
124443 59039
66072 123791
51158 113517
110125 68998
23338 52474
24247 103363
119357 93887
100569 32237
48845 93418
120310 22808
5731 98494
244 60950
113641 83980
93279 14077
104167 22409
99348 48579
128782 113750
83905 31065
39358 56752
8679 60706
83499 83045
2506 56283
18917 23939
115092 27830
36418 52348
125675 49773
102190 20133
63471 74619
88719 111465
37583 117115
73155 57656
37312 84083
35184 77280
95846 4692
113786 99297
65772 63880
118952 50543
96810 39097
54131 553
108256 66083
45946 112299
6155 117524
72512 117155
38488 91782
57043 114439
4292 52775
39171 85866
2334 109031
55752 75678
104333 129009
122924 75979
91284 52973
104322 35585
123328 41841
29424 63677
38210 18499
79439 46411
76706 27340
51529 33517
78109 103404
98222 114396
4967 78559
5009 81701
39235 67125
1877 62808
27720 101616
105870 95860
1934 63323
126055 79293
75592 121157
79456 49412
36814 122517
126503 116698
104128 53338
28760 70028
38952 54949
39468 66944
8296 72502
56332 119878
82109 86722
20628 20285
81836 20277
96815 58347
76945 20357
6457 84823
62333 116730
109360 79658
115596 54163
96704 44893
74207 89609
89068 108844
112686 87819
33371 6050
49636 44073
94813 52555
102792 79614
122259 60782
42733 35730
1572 115970
60825 127324
68258 125089
98928 2489
3279 50944
117644 13382
7082 31391
93740 67630
25845 2086
20847 92998
20851 82550
13991 50318
3204 7331
106988 123137
49615 90378
115985 9359
96935 75734
33765 21741
40003 59797
88339 110889
59093 121533
55219 22920
78948 19956
49880 104218
21360 124244
19986 87638
45317 43590
84001 7978
123720 89298
119141 101699
10974 65866
87178 12897
15187 27088
4495 121640
120815 62560
23092 85005
87323 17097
107797 57350
127704 92925
129490 107731
92492 110799
95266 68908
37336 75509
123531 53952
39013 4546
50315 107719
94406 88483
109663 9345
117854 100984
126835 95710
109040 57174
52208 61934
92627 102564
107555 86361
108836 90509
151 90390
3558 58260
53006 68764
105892 126105
86260 38856
88779 29495
49150 61401
21300 76137
1137 59695
23027 53215
39750 58459
104390 128044
103952 29301
50330 57343
60476 121111
102959 10983
11879 128879
111271 121896
77300 12042
125440 129072
56911 58067
81111 118747
103516 39678
119420 124844
26675 41816
90030 113015
90816 42911
32391 83533
39522 44424
73215 13620
18049 35789
93692 72602
112175 113123
47199 29227
6567 120174
87691 57064
36526 78341
98878 8322
86679 128985
105285 31749
54003 100377
72483 42568
116571 114609
64736 94974
118742 100316
103313 25075
93182 73370
111766 116444
15444 21479
58340 78156
103944 96034
47732 47755
128647 100634
122083 107818
101880 6861
62147 211
84988 95619
59409 112911
62298 32263
92856 85560
75747 82924
96412 117904
68163 95436
30856 80602
116077 127528
108673 72253
79749 128040
74457 101536
50836 21387
56775 97802
65410 68356
106607 53001
49228 112480
121657 65181
109347 31513
94584 107013
115045 76451
88291 40943
17899 34960
111403 98370
98814 65728
13254 7475
7391 48903
65165 51470
90985 95038
122343 9398
72907 95330
24048 127515
29586 97681
56723 53134
78640 39475
129348 20734
7011 29593
64857 33322
106887 32944
93968 73438
70491 70524
112640 124973
64473 82010
51097 12247
36100 42191
48463 105822
69353 43839
123210 24607
40064 48546
48138 13485
7019 56417
69243 32773
58600 33889
39885 53571
53972 123806
104392 16826
6234 22403
105734 93901
20636 64375
28466 127128
69619 33604
107397 92643
108599 15403
69998 14355
114929 47793
76851 74402
39466 50966
97586 109652
45490 12908
35676 34412
96489 118308
26305 123863
49358 75110
35441 103843
28284 70630
75726 56100
45394 36897
105484 67405
94645 115173
42556 89322
117738 80902
10827 95650
4921 1884
59336 47567
9997 107872
122785 47629
40449 103944
40338 80780
76962 20379
37541 35570
7402 41090
49346 124045
2933 113379
78063 79952
53991 25150
126968 122337
125115 19036
64238 10059
74091 77695
66132 43987
57062 11336
52230 26874
58094 42403
117996 83262
93332 69587
6997 15649
118052 27433
91347 115354
109500 7656
91390 64579
106216 5887
111037 66220
94088 121974
21063 95097
53505 20406
6020 93627
14213 118524
44574 31784
38593 98501
17587 120148
38905 49803
3270 48971
72830 67689
72641 111990
118939 3191
103763 41790
12933 65610
20529 74205
78383 47390
34569 91937
91030 27117
112751 31719
20372 52927
14942 59506
60596 27785
63266 88400
112983 125845
55443 74069
75608 44672
27908 20532
36036 119823
57479 5164
90270 127616
93106 10295
56121 124699
100360 69565
54196 16661
49215 129405
46462 59919
112582 51638
120133 37055
17748 108792
25272 27200
29138 59593
64713 121682
83013 33851
101949 84276
54447 74449
44199 68916
12498 35643
87223 29621
16433 105691
35559 68722
85030 38378
129587 27643
97805 129114
103433 70560
95638 90817
68237 84801
61709 13716
41901 127671
46889 4193
64448 23027
58968 107643
36529 32905
128251 19580
106999 113164
25930 35889
62015 111854
37585 85350
119013 12892
34817 2378
106529 120120
114946 103943
78746 66946
95448 29675
15319 122574
79272 53601
103515 117159
106285 128905
102714 12221
32156 58847
118724 122440
42016 51715
56749 48751
76274 90757
48469 51473
9738 106020
15600 90887
109403 54046
82876 127143
8842 70789
38884 28405
109142 59885
98010 70005
44242 57600
54345 35795
124197 4696
43267 23089
55833 58428
20833 70144
45212 41541
100738 79531
100916 28254
105031 112432
47190 63857
9354 69717
75033 78081
101649 23364
25071 37464
96648 22826
113856 99419
61123 15052
97895 36849
77123 40583
4171 124439
74780 10289
17310 58470
25408 10064
17119 46239
9859 106047
79714 71293
13124 17850
72401 77469
50957 12406
8601 18620
52862 96078
1736 39659
113539 94071
24661 5581
4223 50147
443 96091
1193 124925
113859 23901
127984 101997
93190 37450
59852 93254
33044 103436
117434 60884
88187 100078
114233 78584
32761 74752
97752 73344
106511 112752
7322 21524
5211 100811
81368 32723
26967 7798
14111 75608
68019 25034
13307 74040
33157 95902
35159 96384
92832 110303
47900 9834
120732 67293
100983 17898
9538 73753
