1015
7 53
67963 163166
15656 58268
109058 107499
147736 24867
42194 14131
83588 701
35085 107886
113632 95450
166004 18777
159779 129053
76036 4865
68087 131282
136916 60169
21563 154964
77274 95335
55726 111278
94532 167668
6651 164548
31965 132744
163574 11391
28965 152709
120718 67170
132506 104277
149651 98043
4376 79379
142758 143926
13207 147610
44901 39886
117138 100110
56023 118752
122627 110233
160880 70645
155985 29838
4114 129767
95046 131611
14495 156135
51787 94182
12727 12668
11762 110025
162100 114819
142110 61050
90688 91137
120310 62541
1522 28207
158934 75352
119605 135696
17385 134650
75329 90411
123359 160240
35032 141809
158930 89236
151374 38611
158286 18694
11025 16299
149395 22271
87269 41258
37638 127133
38349 69510
49324 85683
155631 108386
27903 22457
95671 81747
25519 142664
101259 140306
69722 71853
108155 31533
21444 8566
132522 10465
136981 131651
139175 152907
149371 21144
54790 144514
139700 27712
60311 85066
64527 51674
156641 76510
10978 93257
135665 120832
154465 139078
109796 47618
59738 48066
94403 12246
68688 138376
111315 49905
33052 88185
16857 64125
140120 34594
60801 20289
465 162488
119468 48494
136736 73603
95198 88041
49624 142828
123318 130657
139424 93610
167545 140024
1473 118148
79151 138920
138673 112662
43404 27686
29566 10982
78559 109025
112763 1361
155513 52958
88444 63852
144878 73299
115459 84869
100756 93511
89850 124252
123610 152725
136356 160537
75350 58105
75378 57375
105018 79615
111820 74162
70383 62176
118208 40919
129971 2258
42966 65904
23919 120574
142642 28871
22091 24076
46922 33081
88075 20326
34656 159129
141896 40279
22071 112126
58385 61089
138774 10000
92491 103469
152020 88033
95415 91934
11881 71662
140665 127416
114589 24474
144389 164061
81638 72861
91660 64071
155325 80353
13691 86653
18496 124746
41745 52100
74545 120065
9758 93240
163237 48216
24393 117609
8472 25988
29688 33855
108104 110808
62264 136036
130048 110879
96532 93971
56708 141618
68249 132550
47268 47448
117670 99302
114820 110956
48308 72717
96739 52279
147647 95801
30126 16740
18070 165051
61004 83834
36339 114043
110963 102683
3180 89638
43055 59066
131073 121938
73813 2889
73270 113313
28982 123236
97672 150356
97460 160606
54893 86235
79457 143325
5909 102721
94036 121940
146218 52035
90757 119703
65447 57531
147884 158416
127044 132552
124001 54333
72455 73565
81623 26189
19934 96945
18929 153965
147 134116
12032 40210
66308 128142
2817 44959
159684 93590
164263 27056
156892 134130
104938 12596
125877 91458
39357 46388
24245 18319
33219 131387
47542 41610
76920 2332
88327 33137
103746 75466
51618 20622
124029 14518
20271 92498
139317 103760
59346 91881
3174 13006
111798 118632
24707 147957
128312 129000
53073 156323
150587 78117
156668 166002
3732 135385
41726 16382
121059 119361
6536 11589
136110 63471
114093 38636
158084 35840
124077 148783
111170 90920
8489 42510
13040 95185
99594 41115
42121 102761
101587 106983
138437 27609
30459 120483
99662 157268
105935 137780
116607 38485
161054 99435
157260 38991
45206 59451
120619 125178
166988 135077
80302 82855
34589 119297
146892 80649
130593 80519
154305 102732
93824 126151
162822 49235
56707 92703
82180 86030
47485 126508
109509 125433
113359 128557
10349 160658
32878 125666
97788 56472
28366 79420
90795 138874
93538 76430
51041 13671
167412 65065
9129 116049
80217 157333
128515 136513
30657 82767
111892 25932
142854 18808
88855 133912
130498 54746
123760 32863
45006 80346
35416 146295
115523 43705
107756 71470
156102 139668
126351 105785
98726 78755
9624 91405
22270 160145
8499 29056
100306 11561
44173 35388
58547 37479
95087 6567
128489 145942
163495 101496
64719 57624
59911 38001
44369 17995
158980 110495
91953 58730
85867 45091
57584 105813
14637 47830
12512 21738
32223 42478
132125 82677
110063 134452
12560 48900
33230 84475
39188 122814
91263 56630
8430 58976
147043 164747
148034 157971
159362 54088
35646 157374
116840 146673
4537 52951
161474 16186
143616 28711
17772 160384
22279 22945
161453 154595
23860 99272
67580 155073
68587 57431
75913 56363
57994 152767
116230 162200
729 116723
138287 155050
31619 119706
102207 123152
47479 157573
91236 112593
97616 62362
10066 124719
64687 82036
74659 114775
161291 52139
45987 166486
141021 157602
112970 135867
108407 153478
77854 30487
59497 13179
85824 57260
155522 127800
148168 14004
87293 1783
63491 77801
67665 67845
81567 154968
55399 27992
21568 73556
117297 157984
6598 111440
78401 88456
15640 61049
4436 35613
161522 83882
160121 144955
159701 45262
450 160387
151069 102736
97886 74615
54839 29083
54337 50654
135059 92677
160890 39816
5905 152326
167555 154509
57607 94018
165088 97940
78920 12864
82690 29755
38089 144926
154994 15817
72481 46928
65435 83147
14367 121191
46971 104145
15740 46830
140801 39542
124981 32776
134301 157617
97687 56622
103417 21279
48689 49843
86657 38167
51113 47509
147604 103360
33187 69049
71547 153657
65200 67672
159613 34683
55167 123342
78082 138152
135962 60237
119455 59842
58947 32302
36014 33905
93134 41841
28830 101960
100165 5541
52989 115443
5761 23295
37562 158315
111632 41918
116748 145529
5263 140576
79309 167730
155546 20350
152292 43730
35407 94288
137258 109932
81768 139667
123286 111958
85003 96327
51813 113388
113232 81008
102246 63386
112813 127012
41775 157267
77709 118152
52467 110097
123823 17591
116635 62440
141498 71499
68266 12406
4718 32692
133485 152082
105699 125476
19828 73783
96666 166427
111816 124979
112756 74213
138636 44267
29206 98063
144293 75399
62193 29117
123720 141422
44896 118156
69214 20777
158213 101863
77991 67262
22871 113451
103664 149549
82099 3625
8324 163639
94567 156211
122676 67696
37548 153186
80862 7483
102036 110317
153136 39390
26139 48621
82189 85161
164219 35486
9938 66672
50311 124760
108532 101214
61100 94744
81042 149242
25445 5086
49866 52579
22322 83586
110214 72621
18300 110551
10343 133666
63627 122237
148798 7377
159112 35677
140074 65518
46563 114895
22816 114525
17523 92346
49701 12410
21815 58047
82869 147001
127795 155563
64802 24044
5559 48390
120726 127381
55012 37565
1104 80897
55161 128833
34366 24004
35732 15058
156415 162355
30086 157856
163268 2384
127363 157064
4280 1370
89063 25465
15630 91829
114625 141488
105388 54629
103351 586
64344 73933
88490 133344
10449 112265
142966 163956
98996 101376
79983 118382
55739 10731
106249 37447
86277 162246
127695 51670
43891 61013
16795 82723
96339 147702
28987 115625
39066 99254
94125 105287
127978 98026
75951 72668
39893 133649
43581 35050
46757 48750
165099 76204
119520 161716
135285 83614
131356 47771
158701 143725
104583 49278
15098 62778
141633 153328
107199 78037
16327 51248
89264 96572
105874 100613
5900 19723
144528 10469
12855 12016
88302 59123
46809 70351
22727 77710
6338 148377
41259 96353
40266 152999
120340 70655
95921 155687
138232 59979
139169 26095
95618 54470
166055 8356
90967 35963
87614 165134
44026 19576
140493 134124
60253 164978
81600 14534
15559 123377
117817 57333
99675 7509
73464 103602
128902 62770
57295 75026
19653 84331
149262 83949
66928 44267
91594 73300
5253 134727
88963 131766
165925 78778
98212 150335
28388 80212
47952 86036
91823 54793
76842 89771
111183 157872
157859 137306
110640 6033
96342 9122
35940 86821
94479 22480
16039 61388
150703 24927
159448 53158
60318 133437
131683 121096
65691 46788
87780 78139
150527 125469
47249 163457
141225 2355
3189 165443
11142 48799
132857 109194
82193 64564
105936 13756
163073 106985
148439 108358
115268 9214
118981 156935
163245 104020
103170 167726
65427 40878
31823 99584
27908 155213
36093 18066
163057 64378
136550 20523
17111 120254
128481 163687
129823 126242
90156 50018
22939 113302
61279 153578
52296 44099
5951 3984
2583 166319
78995 20720
24039 6242
54772 11976
54190 118884
116922 9313
69032 152475
37212 113118
74007 101560
34617 80411
144416 14809
157762 105491
163995 32558
99617 106915
159105 5816
141125 89920
112649 98092
146888 14174
9128 147474
73800 132084
85436 106416
66723 145810
148335 17308
15503 44021
131379 147267
72421 11969
22441 16609
129727 82412
104315 113694
23562 36931
127672 156694
92689 151437
154773 118951
160842 12779
39262 70560
149863 133110
136866 47237
152181 85021
130496 158089
64799 31127
162302 74281
5349 103957
6362 80395
107039 139705
61336 150967
13862 139088
70324 53976
155276 112468
132113 161514
2094 90616
16150 5405
56942 106148
70027 27448
109676 105118
106635 109370
129355 53469
160915 62032
151470 56932
150738 160202
21247 147345
53955 127626
19293 28655
111048 160449
152410 50679
89926 71185
19376 78696
64793 163688
92619 153501
46815 115716
79870 131388
92139 131561
132105 32915
125123 54647
159078 72359
112545 109805
26540 129949
94816 94551
21383 64479
123538 92219
67369 112633
134924 49830
70570 134140
5550 126093
63066 139216
61676 1185
1582 40707
74934 10741
112158 52913
81183 20263
90346 79320
70433 59416
79894 90596
100288 91262
89706 69813
164111 31542
10655 26845
98572 126071
134707 50391
8774 154054
105593 25952
143470 140682
108159 137252
59155 938
37431 29033
77590 95910
44560 144267
21036 93679
98160 90729
110424 147149
136903 56745
61757 106227
100786 6267
105054 95561
66195 10033
159293 18207
27808 11132
148270 25588
35028 147149
23664 163858
146331 124352
85350 150561
68133 131035
165495 83706
111061 95047
157798 131884
116619 18646
38156 92767
90507 112353
154340 47369
145562 143442
155426 30892
9167 4512
121930 136311
87719 70112
140155 39288
36441 129479
32050 135016
42319 50096
35827 132350
13478 128514
12011 88445
155073 11624
126958 40322
37697 161830
102560 84616
77293 50287
159845 72940
141952 28450
26110 2621
162966 63559
48982 119825
100604 83772
149997 23476
1808 147768
18994 155004
52305 102010
80740 82547
71104 100661
18947 21103
4859 145316
41184 137190
14782 57167
76847 99945
13318 87730
22097 159044
133742 130635
92478 100724
28503 163835
195 59554
136 26108
27290 72261
101580 65931
153947 77271
47631 59802
126349 2579
1381 139476
73355 65147
143676 30518
104856 13599
154918 167361
100149 111508
120298 117579
69938 10419
81459 98043
111476 90517
165392 99997
6255 144502
164178 146821
132250 133707
20527 78916
119450 22403
121227 60921
4358 17653
48497 135649
16960 114859
86431 163238
60102 105059
157450 7749
32348 86950
142430 35760
41072 166950
154858 4894
123755 108281
1810 6784
30165 9185
54358 15428
87549 11924
68495 62443
16935 45577
156088 111629
50865 132593
7134 148258
4087 141786
124300 142995
133024 94317
81477 154046
159335 104283
3395 108244
79954 149284
60275 77482
138803 105305
87067 31451
89260 75948
126216 118483
85548 30790
86890 60683
32016 131002
36095 130123
120795 113724
117292 141899
118408 24137
145398 123767
139552 127813
46009 143540
154513 89657
121313 31754
54038 172
157697 85313
46949 107558
41383 47646
3584 134739
109153 138660
43380 89897
95139 79631
40141 23406
130871 155549
121945 37374
21292 83136
33217 4877
116456 24609
137540 8782
85428 64500
128464 69498
86603 35071
157039 90779
105580 138736
56753 122644
99979 36068
12213 26457
160439 68144
135437 123330
123207 53212
159176 75855
107494 25566
77613 127989
104323 99202
132475 123998
77505 160059
123099 164981
113306 47646
158713 121851
118722 97205
123431 49452
166619 130828
150456 71191
120775 61620
111025 161994
91911 159190
145295 15162
23838 21472
21426 150851
88579 16504
21656 125555
139122 118009
114018 98079
104878 125682
95870 41448
155284 132388
15033 100129
44541 41186
150463 138302
74895 95497
93972 7762
9020 116603
164189 22192
73082 49585
136803 85658
19351 75794
19425 33346
39794 23926
10242 25995
110850 21627
115615 140990
45135 91303
97366 98577
79875 75856
127009 84117
41005 64980
135923 132033
79318 108467
99342 85834
157791 57732
22102 49070
95967 39576
148513 43806
134666 47597
40279 135579
105931 141156
155156 139857
158215 45287
134200 161215
54118 46092
7355 103711
78751 84594
11754 112120
91082 134816
83545 9376
109853 102326
98933 137551
54891 38680
41517 57149
38022 118165
2215 32647
156162 144583
141715 134977
165265 130034
143038 137707
164045 44038
117269 28402
80949 1857
48324 136911
46253 28918
97686 4409
140225 89632
43049 152306
48730 30334
166568 19720
5188 92896
110784 133861
39640 30757
68297 139017
128923 113036
82357 165378
49450 73540
152766 36831
108548 125490
167737 10559
86364 29434
41552 90107
147635 80345
158940 148202
27161 88218
74551 79303
35588 11894
87128 104735
4194 126218
75873 37612
12866 119412
153407 86023
152784 73331
36208 15561
140338 69204
111870 91268
35613 10997
64845 134740
5137 11720
70959 157192
57624 33561
121697 79139
142021 165921
44952 33449
106437 128681
7234 142382
132095 157111
92102 117976
60527 71002
39126 53364
8706 25578
41281 96288
72709 138598
101574 917
39335 16045
43120 75726
115727 6298
159001 167767
131931 129312
136860 57878
15829 18128
41754 121814
23736 22981
126803 165257
1647 44525
95541 25220
148363 6192
146730 112729
119488 160203
89007 110074
5446 62150
7515 161229
43515 67016
49476 77932
158440 41984
99627 112928
157147 159022
