1285
53 363
23314 1568
22775 6096
25571 9232
9115 5245
10066 17721
4690 24053
9637 25462
22534 3055
23045 1994
17924 14669
16995 5367
587 19299
5488 10888
9727 19948
585 18910
18618 18819
4502 13333
14444 13532
21237 25516
19307 11575
18875 1026
3804 25405
24080 25280
23536 16848
16103 10971
15249 14068
13366 12317
5996 10091
1055 14127
21253 1323
9023 3242
2084 17793
23974 251
15204 18965
17818 15163
65 8499
123 13100
4425 17080
18699 2012
20188 15531
8740 18648
17878 5989
17574 16061
8015 14038
14043 21707
8042 20354
12520 2165
6761 10851
20083 11780
11176 14883
8669 3880
843 3237
10858 25189
19402 18975
23714 10106
16163 17196
277 21060
22730 1499
9806 356
6873 6324
15479 3810
13405 4725
1486 7698
6416 5300
14341 9709
1833 23022
7137 3270
1985 2278
21761 13719
15766 13394
1514 9183
10379 11390
17991 19309
21506 22882
24684 5322
21060 2791
9969 13327
7509 9736
5181 25582
13566 20867
9580 23510
20598 16690
21884 4692
13288 8426
14345 17399
19692 84
18111 19386
15606 14799
21203 17264
10751 12221
21247 21871
8736 22716
10260 6924
1372 20145
8908 21757
24973 2398
7987 22242
9709 14426
1705 23959
22663 14185
6666 3572
12921 19129
11312 9851
19565 8036
4341 20040
2798 22251
11229 14524
3354 5223
20881 17995
20637 25328
6781 1198
5891 11805
24133 21588
5892 15489
1115 19870
17164 1589
21002 13317
25263 17509
4593 23814
14908 16209
1742 17390
4661 22435
20221 11771
22282 6217
3829 10289
2726 3577
3155 23297
6788 16240
11057 17364
9454 21015
13590 16550
10652 15369
6753 4266
11972 6944
15302 21765
17169 6645
2383 1214
6483 13701
12234 23285
11226 23525
21083 23096
7230 22440
11482 850
8187 24116
6022 1683
18914 21465
2081 13890
17566 4434
21279 12014
24867 5655
12364 11528
1370 14380
10306 14289
14492 7919
1822 5527
4078 18026
13007 2079
798 20303
9402 13952
1919 2509
2425 4693
15152 21587
21939 5028
15397 7529
2289 19207
22499 23671
24206 17959
22536 21832
18670 1418
17953 4863
23306 11056
25342 21270
540 2673
14099 17764
14271 16946
25306 2921
8594 16210
9360 12776
12975 16178
24870 320
23260 22399
18624 3749
16388 6316
10669 4371
15126 20893
6160 13095
20063 20488
2340 11763
11770 16947
271 13984
1749 2335
1226 19974
12869 13240
9160 24244
5305 6426
23654 19819
6988 20321
19117 17362
17690 17270
16542 13667
3244 16485
12529 6965
11481 14402
22213 22364
10694 4254
8940 19480
24077 16633
18572 2090
14164 12692
20047 9804
16710 9953
14204 863
15384 17965
20358 24961
4057 954
13637 7977
7583 5937
15273 1882
7017 19040
13789 21520
22381 23237
18460 6650
6982 8400
9028 13427
21837 15766
14709 2660
15900 7683
134 18852
471 10414
9169 282
18200 10611
14885 24220
24184 13661
22480 17320
6102 23817
8553 15658
6805 4733
901 14988
24583 10331
7365 24108
2763 17498
5466 18019
1116 10183
10191 4033
15848 12205
13931 3507
22460 21401
14974 2234
6027 21571
11949 8113
23301 22505
23904 24505
11692 24633
5288 5819
22197 266
18116 15041
24971 20441
1327 4563
12723 24353
15085 21323
8683 9695
2017 13212
13753 21665
18797 23790
17056 4229
12881 25144
898 23793
19100 24091
17538 10915
19684 6831
6490 10886
2597 8596
23915 18086
3630 11732
10735 23089
7653 21379
23355 1279
7582 14523
18048 15400
6921 5154
20720 3498
20725 6225
14802 14995
18937 14336
23601 9119
3402 2838
9062 8725
12344 13056
5196 6088
19530 467
9572 13812
24313 3268
17321 16479
11567 1462
23043 23879
3276 20081
13744 12731
4627 17721
18607 18154
2226 13603
3281 16889
9423 13806
22586 11713
1099 15526
3565 2754
22144 14303
14157 18035
851 913
6124 19125
11926 3037
4028 7629
12926 7853
12597 3796
20415 6077
13486 6974
6176 25299
3462 1486
19817 10779
15499 15309
17601 3255
7803 16200
19872 6728
3965 14130
24391 24873
17543 24006
10802 11391
25156 2431
23951 3273
14726 7256
16601 7037
16125 18058
18726 21455
6339 5017
24716 15398
6503 2630
19218 25244
1417 12899
20933 5444
8880 13088
24281 8831
7625 17578
2831 6677
20570 13233
6757 14334
1304 11773
21412 18257
16697 23296
19776 5821
9631 16019
3344 539
10294 15837
11671 23030
21583 21685
17856 12976
8840 1141
16393 14973
25552 5213
17132 4079
25346 5729
23164 23142
4778 18015
15194 13420
1222 10362
22187 7925
17534 3588
18221 8391
3353 15404
24246 16180
23076 20900
18311 18587
6670 21802
10590 6698
14719 8867
20393 3212
17857 18082
22314 18291
6976 7105
9106 15682
23291 22658
14383 25341
8172 9862
6229 10659
12010 24730
19573 11471
12362 17939
2347 21642
1670 3216
25164 7382
940 12455
20257 5976
19068 14664
14658 15728
21615 12134
16305 2464
1237 3061
17447 16251
9184 14333
17510 5756
18827 4447
13307 14205
12084 21552
22875 18111
7840 1345
23907 13332
307 15467
7618 12942
1050 14851
4677 17995
7043 6299
12239 16100
20921 24903
6415 4476
19803 8524
7983 4243
3520 21608
8084 4627
5947 1170
12047 23345
2508 19995
13243 9581
20424 11693
7261 7324
24220 10052
9128 5884
13978 16889
6986 6228
10069 20758
19788 11811
1934 13151
753 17093
23687 20692
23513 4780
19190 24378
23072 2706
22001 17870
6825 25206
8222 5528
14653 2345
10840 6233
15096 8795
21154 3330
6789 14748
7626 19864
2086 11456
25463 15307
3058 9315
599 1138
22198 13652
5514 9115
3638 22572
12380 17088
11093 6410
597 1308
17556 24219
1471 13044
21038 18358
14699 10641
3425 13454
9260 4570
4244 3338
10566 16331
8164 24414
11502 13701
3745 10901
24849 9892
7995 9846
4371 1271
19841 19892
18940 5947
9262 11172
9918 19502
2772 18421
5452 19651
1321 23142
17547 14294
19845 21446
21391 15600
8800 19353
5993 6126
12530 6617
22374 8650
6003 24458
16775 16942
7999 15785
8779 19079
22074 9247
8576 2290
6316 20544
6108 7851
19848 15724
6037 4876
8138 6648
14142 14388
11477 2445
17650 6647
11339 5714
19751 18190
23700 19152
14920 12437
8943 18008
6700 17376
23881 16938
20565 10652
19496 21289
14392 21692
831 23252
874 17675
14199 21515
5809 11608
18945 13247
14019 6487
5960 11046
25492 1920
3269 12740
16482 9272
21715 1396
23797 6857
22935 474
10637 492
21886 16594
23584 336
7265 11531
24305 1622
3908 18956
20962 210
10005 7461
25377 15188
22154 22279
24694 6343
1125 7600
2058 20910
6059 7419
21564 17495
1245 16089
3876 3688
22913 17606
12369 11997
2791 17952
17559 10507
4603 1859
6718 1160
13819 8930
15517 10378
9120 13578
15702 2333
10230 22794
6475 17348
14763 23001
383 17466
4130 5081
18343 1799
3496 15608
11881 24148
24362 10244
8439 22755
12964 14155
3158 14955
24907 6939
9913 5478
22053 4590
7180 24945
19398 13588
18759 349
13568 19603
14855 1010
10731 10991
8898 22979
3654 19727
2143 25351
4000 12878
25208 3353
4667 21832
6723 17028
18795 19376
11499 25584
22096 12036
18535 13097
8710 6418
918 1666
20494 1759
8418 18853
23510 23678
3650 10737
15201 18534
14626 6680
4548 2759
20160 20197
20504 12708
3727 15950
9614 17118
13392 14781
19979 21328
22005 3681
16283 3140
16278 2500
23229 10250
17623 13077
21343 10850
16280 19178
2936 16108
17060 10237
14768 7112
6679 18549
25151 7986
7441 205
23779 4308
11081 18840
13799 17858
12545 19549
23983 14864
17828 21769
24028 11399
10287 4567
23265 15465
931 25003
10054 10896
24058 9173
15709 20972
21039 6363
12899 23039
5296 9771
1728 15229
1808 4900
25109 12745
22772 938
14327 12657
229 24702
15482 2049
20190 10845
22479 22004
24637 22935
4585 2598
12932 10807
6526 16627
17788 1921
24169 17531
21265 6564
7437 11694
4915 11949
13122 238
10910 15045
17252 16672
2190 15984
18805 19492
23342 10789
17571 2289
3413 14072
11432 17617
13286 18128
14742 15346
17104 25084
4141 18236
15183 20799
10931 20938
8492 8416
6829 2192
25115 12219
23672 13094
6335 1955
24985 12245
6359 24132
10394 4154
9982 17164
12266 16007
10954 22418
21201 9109
19377 20399
9425 13540
16582 10455
9358 22592
11713 17264
1383 2853
16828 11139
6218 15517
12468 15187
23609 2842
18432 1087
2279 25585
18284 7528
23592 235
13086 17605
22456 23143
3870 17211
10806 7858
14013 9483
25550 4873
1480 21083
22434 16015
9876 21317
22414 4211
19830 6742
9595 10533
23483 12806
4659 9172
1044 19492
2811 18869
10909 18114
15390 15833
16369 20186
20051 3542
14090 16040
13718 24968
7229 14647
5722 11770
7080 5907
3617 17433
2524 24653
17023 23066
21304 16045
6287 14684
14377 8335
19184 25037
2915 1200
13192 4600
3170 23419
4766 11601
5364 6465
11920 24715
1283 15674
23466 13391
23703 11364
3649 635
1765 7839
9298 2521
10513 9461
7084 24742
4910 15110
7688 10092
21878 11997
11475 25143
21579 13332
303 21673
8627 22148
21334 4372
22004 19280
6517 10546
23918 23089
23481 19014
2378 23960
24163 22564
22902 8825
3156 23109
470 10369
5885 23063
13761 6560
21251 8715
5921 1299
1498 24449
20665 3354
14698 12990
6608 16119
13428 3851
19322 22951
15260 1133
4143 7838
2746 8797
17030 25299
7092 7554
25465 5063
12590 8082
3692 11782
19991 15253
19500 23900
1019 51
946 1187
12398 23322
13983 14034
22055 14361
14955 23092
14589 17649
20868 23772
25035 22546
23307 976
906 19390
21576 25381
20746 14393
2116 25356
18295 21010
6860 9091
24512 14924
9881 1888
21844 18434
2680 3821
20414 5044
9392 24451
11816 9097
20854 18276
3934 5598
10435 23232
1894 18688
15327 19384
1059 3861
8290 5616
5871 8912
12608 4530
16742 6766
15064 1371
1420 6519
6465 17236
22028 11808
22056 4953
4911 8585
8395 9761
25310 21745
9096 11856
3958 18856
17934 15657
17872 10218
22221 25255
3791 6258
4999 2764
17055 14367
12633 7526
11350 23388
25118 985
7557 1052
318 20167
17516 17956
3289 10755
2578 6954
19619 25470
11434 987
8096 4682
17890 17860
15300 16034
18455 17886
22276 10580
14835 14724
22785 6562
16870 2667
21496 1829
800 24831
22354 2878
18043 21007
25286 16721
1335 19954
4615 25476
23462 24113
15402 17709
11179 8987
5971 7603
13277 10037
21427 12935
19056 9461
80 16751
485 7154
10815 1257
24166 6932
22145 12599
17173 15245
12463 2368
9635 16206
1741 13380
1052 25235
23844 1748
19893 23557
22999 1853
21445 12850
7813 21186
1425 16704
18771 3670
21329 7066
2102 22693
13849 24771
19379 2525
12742 24812
17666 20918
10123 25010
11642 15548
9901 21772
21019 11849
2115 7817
3942 20593
11628 6826
999 11433
5801 17181
8522 16797
25048 3924
1708 735
5380 5557
19918 17905
22299 7980
11612 24474
10009 14992
20484 16737
2456 24711
3133 15657
4278 8138
18811 24050
19367 12817
15092 16794
11392 21716
14688 4890
1352 11652
11419 19763
8624 5128
23391 94
17299 18628
81 4389
17672 3997
5330 263
11707 20506
14322 13258
1126 16338
10911 7899
10266 23263
657 12467
12885 2607
8625 12679
24558 4680
10153 6872
1613 19354
2813 15997
5941 388
10485 14813
3555 18303
23277 25299
19534 13773
21628 22565
5881 2601
14361 12283
19143 23801
3748 6475
15999 2666
21497 23394
17064 16542
1301 2691
24905 3182
20274 5030
14751 3581
19320 5101
17676 20421
9798 18742
7673 10831
14609 10187
935 6782
669 24785
17182 22594
24878 16514
22556 7992
15485 16913
219 1145
3441 22826
8080 8942
16816 6748
11101 12649
19835 18924
1553 20622
5902 2118
7100 1157
12472 9521
1001 19917
12033 7428
11293 10232
4148 16390
21461 14334
14442 23395
9744 5068
12525 18105
15189 16945
13120 8193
7460 377
24549 11558
24347 6419
24516 15758
21633 24775
10434 5816
2826 3710
9533 6919
12241 6366
9700 23564
8045 25382
17402 5719
10576 14508
23756 703
1239 13318
8532 5539
18090 15961
21616 579
1631 12669
16314 16740
14117 5723
24200 10445
23482 21128
22211 21664
25308 11756
2874 16734
10024 6350
21681 15084
24005 25091
12421 4356
8680 14495
22209 10146
18755 17784
18075 5469
18776 21189
6630 14586
10237 16157
19900 13824
12693 5119
6871 23562
23848 13393
13524 5702
11739 4623
9495 22227
13148 11584
20574 15228
23228 22442
15850 23813
1340 22022
8628 6858
5775 17402
1258 9974
1104 11410
13671 9861
7157 5227
619 13011
8647 25208
21378 10030
13267 7629
11680 19465
24386 1940
9386 13120
19938 20127
3285 9670
24297 25154
17668 25194
10478 20509
9919 486
11735 11915
1785 14863
10283 440
21040 18988
14830 1368
6896 15725
22190 19707
20460 13003
25138 21607
4673 12728
17079 20423
13533 13502
12466 4973
5523 19624
24158 13201
6314 241
20082 15274
2355 1854
2233 25420
1057 14296
23155 2743
14382 2345
20064 11336
5021 24082
3716 20771
12325 20906
25425 2598
4855 8489
12906 2868
23789 14151
2158 12047
18975 4410
16943 622
22855 22982
8976 5085
23557 16627
17021 23456
11126 17649
24644 13389
24131 24468
25344 17001
23893 4806
18230 1814
14080 11090
24320 6659
23511 3475
22016 6051
3030 387
3146 15226
2223 19557
3028 4262
19408 19432
14003 4206
3917 15712
3380 8970
17800 14732
3177 23271
1510 20749
211 3257
19966 21043
8186 20024
765 17715
8761 17435
11132 11984
17276 3405
1807 8782
18040 20647
10789 1159
1257 13601
23292 18206
14624 6556
15374 366
15905 22128
20558 6878
7656 4965
630 14904
25398 17222
17176 8078
17820 3621
6944 10683
24974 9572
23589 17613
24566 2637
23288 9463
22252 9779
4927 18036
22829 13879
10190 5184
4177 2315
4549 15168
3525 7365
8397 20238
22626 13614
14127 23458
2219 13641
2014 15875
16983 25200
25491 8964
20399 10380
1149 8962
16017 7109
14353 15968
4490 19626
15668 15610
11489 9788
18528 21598
4913 15580
24319 11248
23679 2064
2869 11314
16973 19805
5338 24954
13315 18125
4469 15738
23643 200
24949 1914
10241 22421
5527 8972
10738 22189
7705 1833
6762 2142
21634 20488
6296 3845
18159 22336
161 14967
8155 12692
15652 25143
15266 1999
7946 18149
16160 21701
22265 25220
15630 18725
20295 13030
11595 15559
3935 21153
11924 19799
13892 12360
9009 2635
10932 14051
17274 20199
3345 9332
2722 16708
12186 9528
20915 12949
11574 2241
3182 23500
12329 4550
13455 13356
4813 10142
17611 11830
23447 25432
13274 12652
16334 14893
11970 2228
14652 13241
12443 18942
12072 9947
7757 17860
6963 15645
23144 17974
14995 24899
10516 5876
10973 7347
12750 21248
14587 2529
20996 11574
22844 17168
4551 3941
18304 8918
10343 2231
8343 8958
10796 5210
13691 1599
21972 14377
20245 19684
19998 24806
19015 850
8294 3547
23055 12334
17868 4465
8747 14660
22260 18143
7926 12505
8817 8000
7717 10398
16260 22236
11852 14749
10837 5421
24449 20930
7620 24447
15957 1557
18581 8696
422 11364
18943 23958
1033 24585
6541 2847
23905 16283
4221 19253
11733 10268
24239 14747
15010 9982
12721 18977
22098 6188
11819 18709
16761 8683
17567 14339
1667 324
221 2180
18829 1096
10070 7243
22174 821
6008 2335
22659 7015
16080 21627
22977 8519
2755 9081
20789 2576
16396 3683
10518 18691
8266 5856
7948 14755
15508 20398
12031 10309
2444 21118
10295 23455
2571 4627
24791 17964
7865 318
9769 3981
24976 799
2475 3116
17785 19417
18573 19140
24252 11022
14244 25006
13018 13242
8831 8171
4749 8779
18658 17409
5615 16456
15918 18552
8069 20927
17485 14371
6439 5440
4423 25100
2322 11548
9496 18425
24657 7571
22304 13660
11446 18372
21774 8054
18459 13128
24786 22361
22204 4526
24856 10196
24828 14979
