3989
219 540
540296 445808
107816 319840
507927 19216
206745 627421
166330 214607
510437 13772
143055 565840
442520 310839
376383 398627
491004 413368
120143 208017
90523 702308
475251 560918
154136 171411
291020 248692
568891 594338
482820 666237
544817 444386
600687 384842
603256 595052
698397 526865
16140 358855
319024 267842
618093 515832
155365 151757
581158 668007
628170 283936
440084 288461
517388 581667
8595 481677
652772 94960
200759 611422
93555 542335
697561 368272
282311 579017
392241 259409
55424 662942
279260 485644
138925 415398
518695 233253
630368 625205
287802 6077
602675 557000
296073 672885
62803 296678
70334 334027
624902 348707
360724 160274
136016 470896
478512 541466
679116 715609
408721 512598
697927 317614
516260 517518
486409 368191
171466 616633
318208 68758
366636 67962
180727 611985
715454 564269
710752 207835
308037 254759
278760 612249
26323 290898
522033 378615
279824 501620
574279 714572
536298 125354
634380 645482
151771 705449
605031 63408
258484 298728
193902 240488
224343 531305
391545 692765
655574 1575
464035 636243
640840 316105
509012 222150
605535 671544
183736 600649
171020 208714
442836 608651
691918 189323
486428 299621
255406 461770
77090 429603
565681 624756
176376 264321
183985 299113
46319 187245
95270 565097
412617 616334
124954 656246
280945 44950
409502 654797
378631 418280
713893 344204
214725 409413
67808 698924
661245 513857
178718 236750
244161 460008
121569 452081
631198 395177
686937 583771
106513 460548
18446 153379
507885 229367
92946 442006
567060 645670
347560 55821
303980 246983
178166 180269
97632 7892
580307 284073
645604 609607
257154 625025
217124 614766
104462 108420
179251 709787
172780 101452
675027 250680
334611 644976
503502 196156
79680 492104
239972 93246
600797 118041
370921 105286
386485 505287
610866 242976
150205 347668
680720 242094
615920 337793
142105 618999
568190 546262
177018 463901
363240 390914
540257 250278
475911 477173
509343 4929
291945 624389
11393 226690
433759 354756
657688 284107
682977 664580
290452 7288
159563 456157
458645 179901
422143 279353
65346 449998
215696 239980
596224 209325
640168 288621
636158 714859
258193 53631
108536 160533
566179 316039
229350 71640
19359 203020
20323 327235
214538 521510
66414 491874
20359 103452
604356 664788
561864 390237
589435 31845
197552 302346
370278 589660
688022 686503
281740 80312
163015 693057
21378 416343
366689 450030
465083 417459
151388 616744
165418 84336
122973 65749
566766 394876
348488 588762
464191 692256
402488 286944
397340 645726
278322 608235
548109 262327
682169 158361
27550 480552
306956 512085
239996 671806
503236 528787
142588 405444
514692 117210
309017 55102
647920 471578
202552 355792
377322 447730
229541 325829
228824 264494
329630 406985
460665 264821
404738 245576
621484 108701
368169 591577
328317 116668
593484 511577
18262 14213
612097 9552
618116 355377
395096 65488
210665 702275
561618 17676
598882 424785
110800 715242
173510 309165
126202 388432
460990 146912
241809 422192
184519 498882
337831 29520
192857 584034
506990 343719
169240 252294
448279 83376
30600 526664
423735 671724
279980 125845
543299 280655
299820 506375
229791 677763
361439 386765
283607 570239
200750 62009
712165 680208
508686 254202
246196 626921
558350 412971
31560 136006
163505 8090
363551 99854
245222 431685
334617 101899
160964 134946
320019 523281
395604 51603
565160 590074
476853 585667
38457 171467
653183 363697
213801 587070
638767 425869
47305 291080
592855 503240
228491 601513
9788 572932
470748 166725
506980 694994
371935 364163
97408 488787
386143 689190
45824 90822
686879 296412
675979 50262
318821 319064
226513 479427
562797 50242
414346 587923
544240 602032
22595 4043
652950 544695
525718 244590
322020 368923
13909 510977
401322 606231
622794 271742
246976 285480
577368 449128
258974 50758
515895 588982
73078 61706
17755 274045
621367 362709
649607 337022
612679 605954
65553 327640
55693 411635
183215 647656
579279 425227
144093 261594
37482 474210
622624 638464
592135 541775
373167 51360
432737 249467
450396 287068
696315 631221
157648 217638
263522 387643
715007 679923
632707 29006
417661 497393
335421 474531
153111 620558
396859 291537
269469 646759
532397 536263
21661 163548
603921 268190
14502 546217
572654 548671
174241 23397
329757 350501
710043 361259
321207 479979
94389 382296
407533 479178
28266 239008
680405 183739
353669 219480
488871 371123
68565 180408
442733 695808
268806 23690
439746 127621
167627 273632
165712 414966
10024 456177
451573 428644
149251 328454
4846 192279
17776 415313
472677 79551
410378 37997
88300 216542
534179 329674
564039 150854
409684 6492
643505 533165
9966 696104
614255 711076
524886 152304
119883 208432
582343 116950
194685 13321
56118 170661
104975 557651
14519 163312
544972 14514
672077 457268
206431 445444
180457 218290
682431 698887
481836 303244
68082 479455
47379 213600
336999 282925
185752 311215
47877 697074
112444 235957
661238 198036
414105 674786
520458 602305
198975 163407
705919 298613
627617 567915
689738 223805
564987 531753
166254 477546
669484 674418
357440 425820
431631 491426
394040 126381
471898 565592
653831 53173
212351 302773
456566 123183
575485 141236
27764 588134
636933 49378
319472 57458
356232 7789
360498 179558
219737 60411
505653 478138
518293 345671
333186 151973
485581 551961
484833 380240
204631 308870
367123 471686
81533 219122
107610 507263
116204 628277
462740 388050
173498 171424
627931 305413
138939 644890
591505 404803
525087 38583
122663 699187
129417 307
686213 345210
390217 63211
366499 255889
105620 374488
60984 15963
6862 413427
699358 143098
270589 260618
423233 317117
448476 528008
578062 269880
19794 100305
590722 99849
346137 22812
367583 69573
422211 629825
160214 710360
76902 548408
427521 552005
305020 711394
104578 512386
711449 640613
190517 170243
102109 530324
289892 235760
212152 332831
569719 127595
444714 153845
563581 176993
596511 55823
158747 112350
516630 46454
20520 669036
255327 405536
426275 591574
83731 667759
227977 573877
492477 483952
86917 699715
295160 144184
282134 356238
463721 581897
633585 684545
130445 170480
247652 362860
73287 548704
358206 230391
8969 584822
541100 210179
412446 211683
316830 318676
549551 241459
674259 688664
63961 49687
202791 193548
91258 190308
214646 111790
283120 299801
515283 3516
165075 183918
432794 481514
259462 228430
112153 507050
640704 19133
584735 95468
108733 340016
14166 346471
454712 323953
552612 624191
673504 398195
683579 72341
365624 460762
120180 486287
8240 489995
77011 271173
290669 608384
41570 272364
133119 222335
295442 70132
433714 289394
355859 355368
326750 544236
220942 29051
38816 28491
528902 299183
453315 133083
416597 306466
317820 369844
464567 384406
71636 692989
135791 439053
307208 234162
541355 615743
651553 677811
7330 546394
82475 561131
335003 705984
609489 347529
454831 105436
526007 344094
467270 509605
98082 260595
420158 109512
286213 61595
188604 163897
618436 391653
714527 255545
121445 5443
164701 300016
203231 323896
593873 179762
432920 191272
321217 687396
504335 519713
488876 442154
206779 382775
67800 568720
546535 371895
208768 712907
16231 261268
137739 98390
220390 15769
620866 368013
603957 251354
608524 385788
134213 427043
175331 459388
226003 643317
489451 48257
248561 482613
120147 617599
574473 643876
331206 205929
660420 202940
447124 238127
274622 545765
62455 424320
125479 481506
91685 114106
294982 155981
126670 490999
381800 26073
523855 564804
550963 462427
300974 242521
73300 361548
2781 583292
667474 297933
365843 323621
60565 77932
698401 131424
380187 405465
304799 517503
573258 199998
410437 112142
223792 239000
529704 332856
84084 173226
641014 636264
336944 692609
336620 510312
459383 555968
509823 682291
387904 587753
426502 265583
307087 668765
690246 121293
464088 233634
495172 122858
132248 27049
687585 324498
679037 113887
714973 438933
203578 328225
297681 196556
572952 246219
335399 218880
583615 387666
420307 513469
425076 160886
41088 495195
417153 275612
557438 104782
449985 619797
237003 511620
35143 396910
106109 229431
428518 536491
216113 206630
143564 694251
319499 429687
50985 154933
518332 323547
425858 130501
192335 174736
81613 39562
530275 495035
173730 577643
546573 176551
409095 664174
578660 596149
654450 317737
114542 86500
482987 642181
135469 272033
576989 593260
96166 563533
146750 688176
515466 676781
12208 608531
654254 380514
630554 469690
115537 84491
561338 274088
635624 100658
651717 492650
617418 612544
346802 65810
672052 585462
117890 201203
554143 168649
273960 280913
76607 26872
485444 656968
543235 504636
62876 570425
534297 679452
537704 232132
325539 260004
276036 405430
673012 362120
379253 73779
322086 82689
698548 345222
203584 617082
464938 390874
581376 117190
443845 345900
96029 511410
137277 440013
88851 112863
120259 235005
138857 433366
701754 609153
472430 336768
290954 428774
350254 233349
286358 435466
477950 370441
620154 354031
95006 636406
169422 192209
504867 325005
130910 462991
645729 117065
86700 273976
599008 304260
121107 669006
180436 196189
149222 319248
501858 83899
369625 323415
454859 63080
94796 632627
551589 680892
298202 306289
546629 290385
193143 205064
493193 11668
161381 714422
612775 342002
274501 288647
439865 13475
89171 656225
75113 212454
708208 605838
159492 476836
174831 392838
345486 140821
496480 67375
708203 336610
702630 389843
529025 388080
442696 134427
127029 474069
110049 343293
1647 461628
62183 25235
691319 292699
67096 640789
613005 870
605329 565353
658172 413802
237910 481813
538379 296351
405066 250217
532434 389237
16005 303265
131466 69772
636094 636244
72546 150170
33685 41601
304354 332650
515428 298153
613741 94743
192161 354839
198359 655115
36799 364825
589637 659373
151612 233257
364899 238478
442448 99863
171815 483941
352913 11333
664692 651616
359906 325261
373586 510554
398938 544516
235378 231164
305638 76468
600617 673940
151647 125540
35931 442893
95211 391431
472727 113521
226780 559287
82049 314191
365780 2824
421823 67276
643239 686835
243181 403008
69949 433610
171027 1817
637642 693726
406445 479107
462128 43532
392604 391359
368369 336912
685568 120155
589319 656366
428634 638216
503974 71612
555919 331814
623633 336390
373065 196957
122184 541683
444063 115496
200589 447640
330690 611660
96556 54196
359488 163129
356744 69414
511313 534285
547915 678493
237890 56231
453524 681820
373280 525160
566180 594807
553532 7677
275739 508763
380527 73616
23029 711120
134317 82843
612001 667032
225413 57750
135542 710343
460889 111039
211414 445612
351635 259773
531521 587767
95016 454525
460662 477534
551514 583828
627105 568597
45277 162211
592086 485372
322338 457397
221260 337593
539807 468994
321121 287703
673094 394099
622829 252105
579489 443162
517842 571629
308093 253200
380466 257171
653790 262030
644998 390505
181585 449734
307758 332457
151373 238553
520849 434339
647328 451452
147974 172428
522866 666193
75936 26419
528258 616667
316686 343737
179925 232366
692026 180028
286089 365698
393379 254496
460972 492416
412784 252811
365519 76200
365131 12697
218613 241184
97151 329338
514162 165247
255017 715334
5212 525009
224414 75581
227928 312687
625626 50281
74841 680528
683479 471447
81495 163078
246077 230140
675791 365267
484177 345217
412319 209795
337678 392041
463033 615300
586791 388418
333471 308038
661969 455479
519745 203174
381270 502263
346596 636624
232735 340808
669504 40984
339888 271880
709194 285582
227954 304267
538641 410564
307076 688183
612235 309669
272620 579213
128429 605421
107789 76608
70094 395462
570360 684419
648879 292061
494894 240099
503229 198995
539707 647618
326438 387693
272851 524360
609184 214011
243357 712208
542491 548255
502435 355106
525517 258555
537298 517809
624795 124132
179493 525547
564706 229016
352331 551978
293158 26034
45282 420687
607363 674129
706177 450178
425167 278072
529507 142418
269074 194870
354380 518584
373433 677941
521084 2010
114991 129097
105376 274438
159674 617595
182806 144649
534274 605169
30925 541333
338657 443234
610880 197423
88804 34521
287391 477581
364333 438452
22833 432933
288159 48608
625672 341369
268448 439563
572947 444571
305796 405437
692308 669692
277921 6524
20373 122138
686241 229469
658448 470859
97128 122834
124707 29416
81075 513495
59970 295731
486003 409330
348081 619196
453786 384634
203841 340881
22637 576737
280585 434016
81206 335586
595387 57709
412094 690517
451020 62079
253349 361286
217558 75495
437510 140110
241093 523972
284598 127765
666592 284321
272994 14667
128600 550608
150616 332357
251965 603745
73186 235672
545815 288758
564106 522908
539054 641039
468577 528074
598229 22745
22632 116347
322489 9942
627825 190034
291683 264158
323621 508188
477063 546672
644526 571011
604543 391641
153195 318565
323890 575835
335672 215755
43571 703499
353992 567366
218425 531160
176277 368397
428748 372806
642452 600780
79318 424692
43911 398549
560451 630327
419173 16380
681922 26738
174787 71381
435912 492721
456128 314045
315643 651889
626723 81892
572014 150752
332333 368508
251438 583555
474497 674440
243134 548772
660908 339133
635797 518712
177580 102381
359193 30859
158944 25889
534410 393882
6457 286115
448597 341864
205531 299767
598550 595646
388706 121274
158096 668825
10323 97224
108149 280741
128648 273114
564996 347061
585657 626346
80380 298040
520023 34658
323833 55294
128790 640165
635794 255644
695812 357540
202766 209737
503118 421285
178232 640825
282236 254837
345969 198389
61733 303480
467222 466371
594864 237773
178715 490924
645911 600776
411366 247918
328186 513038
710750 567642
130595 686064
197360 19343
663461 494211
321516 276771
243129 316835
256140 81609
20264 136045
335718 238488
275448 256821
461549 311153
316687 334874
198314 669569
396608 621412
617616 409388
36220 651984
64813 439504
467033 186537
163068 641579
404864 239595
378259 20249
715829 526114
280682 93188
430023 172062
8796 213225
355541 430456
92892 59612
36307 142688
545341 24315
358315 566690
517645 116754
645010 602645
506249 285710
39849 84700
149234 84853
475926 74849
88157 363929
480837 703826
315953 198613
82138 2063
553653 112218
452400 347424
573363 171483
187081 77413
601300 626877
208166 331285
20450 31523
46041 523117
40473 489982
41396 228823
454521 449881
227052 41780
22987 462205
217658 441033
316085 94066
380655 157909
520587 274937
240775 559493
714007 288137
343565 361546
51389 133079
328416 458623
214769 708967
436772 190893
198856 545373
656639 315947
109708 294355
36942 631974
91396 425089
291148 134207
135963 556046
52118 581964
91804 656555
173050 48212
459499 608440
679704 622888
316839 168012
616595 385604
285862 613124
672164 330377
651376 511286
48330 301990
533051 112087
407212 248248
134965 609019
278669 144804
424132 493675
432903 603112
683736 222804
447041 447741
212890 170117
413022 531740
620871 341237
30485 447652
116937 393201
289344 399609
604363 507154
444808 365454
128394 386835
376387 371025
162286 532272
1880 170881
188247 593299
480846 638447
268574 246303
110335 37184
355936 117707
358709 386379
687268 10817
27468 528634
258119 136939
669261 502306
194330 196734
235396 108595
668260 711646
92870 631205
299797 431952
630122 391443
220270 127274
417145 676076
392383 441671
376828 432060
625422 318272
301338 253575
112013 395887
315173 166679
4327 249129
201804 35716
643021 109061
230458 591149
128297 339674
683926 370084
102186 291077
396403 504232
535312 43600
332231 514191
15083 228378
339189 67110
77648 393665
130391 242742
388587 551493
382410 416426
227599 308127
134297 377347
470292 359638
451291 362671
199609 17620
233086 37142
296663 339713
547698 656486
229813 303223
549055 84711
1592 672016
477368 430200
200764 425802
673734 137773
121036 434888
632676 33067
626920 430274
580167 255127
44582 286454
231583 159339
684710 404398
317219 387674
206874 422448
373135 306725
557238 2429
475681 638372
486394 375031
21102 85025
369929 169049
291849 568946
517903 576098
592327 535391
234222 384003
645914 608563
667073 533978
177486 315468
665854 434034
225349 65986
653649 177912
36358 704202
67858 286725
134385 245472
133470 342678
621813 133731
183522 29265
131088 547578
295711 682878
19945 618667
23724 593340
361107 415838
296868 42201
168315 497333
30420 69888
284954 417785
428143 184136
514095 270683
274716 127804
366792 710033
317383 568827
243809 631013
81365 318673
59192 638642
464144 227325
292215 420602
421972 605221
57884 99436
355893 295149
523875 29676
139514 555015
593168 199450
660645 220963
680598 154309
694743 383785
65619 503149
575735 96003
592690 686795
110286 691846
581548 163374
389639 458049
382911 61824
438240 298015
213562 686005
54211 91911
387316 334774
27476 382636
369713 356862
532607 502138
337597 517321
693184 547528
102188 329412
244448 173197
380249 489871
328583 70878
188066 409852
545673 7437
176985 352616
54796 309107
15815 444852
485712 64971
681165 580566
412981 695355
287939 149983
502698 468250
201912 483884
8021 378863
450656 215269
582569 48080
457519 475824
304927 233115
84326 676242
444583 364569
235267 264913
68752 37529
536569 20611
261920 658524
19238 663512
630905 601644
55028 501814
140829 558547
35528 371235
471728 651307
451025 680710
14349 108932
574945 245117
223162 552770
194676 163651
111235 245650
93318 625127
615193 615430
312558 279184
573439 612906
338729 376832
578686 635389
634595 547677
389251 507347
218360 423335
91459 217779
433513 418010
163554 218654
189836 352887
1593 405377
145884 472387
6273 335323
174398 679279
144717 413528
618976 94783
615273 420126
40499 106045
292145 244848
491869 37121
230811 57747
58317 507189
399316 678593
21591 529739
256321 178180
124454 696737
345168 269479
458274 564047
542776 68075
391910 636305
527679 471712
308542 159175
413144 467494
372118 293959
516266 207467
614155 193658
535824 175011
135683 258287
181048 619878
657496 331198
408209 121973
168212 574682
225196 703517
202599 186198
153248 567143
469471 189153
175756 403759
539369 226495
715958 411371
574759 143428
574387 163902
658103 142000
88132 569284
600246 99421
81214 13434
413451 71243
412516 32027
683947 432868
264436 296733
709974 382052
364389 379184
89977 29514
439362 606736
595501 510278
499383 546184
387290 176592
422155 175816
178454 682891
678274 686953
27082 362620
594213 447422
270673 26245
80487 378456
82980 715707
59465 386710
144019 43779
607337 295323
586132 101656
243414 683518
642419 216973
673404 251632
347682 328694
643972 106393
518739 227558
58871 192200
580698 72766
92628 480571
593117 617228
98702 352331
20734 68999
483738 122904
712014 217513
265973 470959
715017 471745
138304 126027
323501 55752
162037 376319
518718 121406
602705 390075
217754 588426
90478 560033
577325 384269
600257 205152
446110 384501
601032 541623
573036 498653
708930 439725
4382 479455
458634 608112
47924 633216
544484 453857
351084 140532
269033 140120
604982 107732
562268 133566
188105 604371
690269 434707
515688 347846
225311 596464
205835 530138
450208 397943
28994 88450
267474 255995
537825 621794
612644 427030
421176 98454
204984 547302
361723 196629
61777 12698
251666 156297
205465 416050
180882 144375
47902 75787
583114 624269
110675 482968
373959 184632
282468 288624
416905 445571
698262 468357
421304 584598
515761 455397
663394 585272
563523 125454
477538 246553
53345 4960
46394 367345
510218 530207
185035 255877
136754 38114
112681 594405
65590 176960
550269 552606
295759 115820
65053 485325
593438 544323
137510 473478
391554 510669
610502 451498
41313 522749
118302 95665
168753 171786
148901 678193
354544 312177
343215 664902
555620 139177
184338 546053
324428 682555
201809 172268
298702 334175
639048 85163
117667 477046
251527 32845
577949 556106
223574 567923
612556 291585
316899 7458
278422 367901
317968 188067
42938 349156
648876 601049
284766 368139
25190 501451
712957 200326
128275 282220
335046 143880
311236 232712
597880 376617
86504 5578
601777 524602
221868 519155
55540 73688
581136 386517
409845 451558
228209 184953
273755 21214
129739 187567
233884 36288
590978 520907
622294 280711
327756 181230
344952 560844
293199 551480
161138 30672
311928 24914
141838 263469
285065 412766
537013 704210
523620 67603
162442 75498
227280 349386
218539 284519
109521 213407
712847 19096
263223 422190
365262 1811
647314 284562
250757 261524
410655 201089
414146 111192
323504 726
560830 74990
600386 83509
310485 277659
84887 404984
352115 205101
7055 396281
327758 154193
384333 663870
685101 492614
259767 691999
137331 346431
455311 108794
287727 106244
283841 483758
315544 672754
369077 634664
423236 663429
218328 273745
432571 300738
116359 687961
155314 521014
712982 565091
344408 172806
327682 103021
583200 451236
110925 323277
27798 26268
402084 703708
569047 658675
6540 495462
299440 406235
223476 287096
375459 475072
45500 169648
375843 273149
696625 136368
13084 242507
642289 303018
529232 594202
472843 274904
304734 351908
383153 646884
57300 362198
452981 224349
696281 668938
454179 379553
342815 333291
458073 536761
214896 362829
659526 19389
185262 118585
244995 645841
419213 271861
113667 558681
443215 212099
79155 238139
394591 443512
233686 367684
588456 77258
300929 151588
76033 633995
25765 181077
256437 287501
189007 682959
446817 155759
520272 621862
316404 341839
285296 563879
538430 600149
106998 662876
212239 302429
207189 43164
633783 455211
53620 45531
422890 593650
30202 2887
8866 232285
375489 209616
316636 1516
263385 176872
252184 562438
548754 639886
358814 565574
715533 121192
232371 583782
464313 397126
217250 468864
355716 88859
224873 506689
257166 287854
450059 39405
205016 114566
408189 40228
423713 174737
412232 665601
136827 241393
525065 65088
170182 419578
322044 264775
656685 43251
562545 453913
415897 21159
258248 245751
434500 283334
673429 118389
315790 307867
154305 694000
696992 93074
268299 415413
52057 174235
78778 39743
106463 34141
603726 114540
49662 184949
375809 516090
231433 701364
676577 315670
172424 59418
87060 361393
671123 495261
19617 687483
567368 339983
669840 25298
54304 311489
170939 37032
426599 553920
297799 19441
404836 4237
504747 627401
624752 391534
119389 491235
614492 281744
308397 511946
228212 377505
36217 449165
117298 27183
321296 83267
230911 5310
368591 604275
556833 472547
43032 679628
487421 644268
450072 262057
478652 431213
589830 423355
541500 115923
219352 231901
249364 408300
291660 687052
263966 11185
526315 106079
72414 461861
18654 208087
240504 93564
714519 196311
146464 671711
477787 29005
465127 68324
242514 7895
349438 230385
441183 572242
409645 249107
333566 20402
567550 68604
112261 110390
671088 711748
126413 442553
544915 650740
165403 302530
465685 271443
580708 500188
312959 709089
73150 675078
257128 143641
488012 511263
90383 472000
474861 677734
381806 202559
169089 617640
13146 498729
385334 371247
295725 275648
105904 431595
617911 400447
669594 462408
651453 323870
24025 198448
456440 287793
713107 403700
393676 112594
90344 46918
69904 42884
456017 396727
421423 108338
300053 333505
448833 192385
532562 155222
530516 430947
283058 424796
228315 569540
242904 266980
338857 501441
528011 115700
373627 22649
284599 398605
108638 451203
38406 485148
685953 615383
706241 533554
297783 164427
67258 402219
616469 314402
541269 159780
1850 400608
508914 494838
178855 263225
273073 288240
246618 495772
255218 523318
580592 668826
268337 268775
444622 600359
239789 142325
619521 441797
647118 108540
583586 451395
490530 473206
243674 473337
607640 548842
407571 502516
498596 422328
464644 184916
456349 437519
450175 675427
418196 703092
125826 4100
703883 452064
648945 658702
185588 449831
194776 52799
207681 277246
101290 41327
332271 430831
248772 668166
7653 572081
135227 580666
44123 240180
170897 463879
324036 634679
443147 264423
389265 510965
9880 436321
188823 447119
35749 651281
34995 376882
165250 339024
638333 485903
700533 670813
54555 48277
24427 415359
212936 253143
477646 60131
689215 708175
594207 432561
530697 85455
711147 663139
636140 424191
21110 537727
90587 354706
586007 246337
87871 308194
377618 370840
383848 66272
539544 296869
80917 175544
335133 449690
210636 26187
205987 168855
405307 598014
231025 345396
260105 127677
290450 544033
365793 305116
454211 532273
314044 26817
8148 312610
131150 279179
103814 144954
304407 2127
513673 369526
358982 659367
328015 703923
412442 706773
176507 153680
501000 442997
642645 497813
455486 528243
98763 309660
341591 260165
338377 193067
307617 80956
665325 402127
89252 295522
565567 253310
545400 543250
384331 22708
243614 109707
305452 185134
713712 86551
346294 641905
56402 215628
643219 289302
203835 591174
57102 139756
306316 292411
375184 256218
371900 94192
282841 599418
498076 392434
234522 193906
307819 17114
647982 646497
493827 59222
707097 451932
11041 711482
316445 306956
391103 656320
161733 418855
290060 501578
536472 527088
611132 421947
678018 302656
235220 199997
508354 493780
115574 537821
518232 491248
24669 595083
368275 242509
138824 282297
265065 52758
638125 14512
107145 487948
639779 656118
61575 335965
226018 582070
615717 291269
252528 611463
616639 436536
49381 199500
156816 597105
212486 521888
647287 260417
502323 999
34582 445471
106886 433346
395937 704114
463578 599260
622496 247422
409347 556013
150288 76088
201526 501076
456570 400697
194201 262731
584083 700663
277258 104437
714887 650841
472104 350699
146553 566112
36181 254286
119489 702865
162513 224004
658207 240905
166908 4222
175115 181930
419716 439288
369552 230048
688671 54680
6507 257144
593698 508561
529092 640539
678083 623258
100489 616953
13691 107737
713250 597275
209010 610683
22590 713085
75592 122846
567230 4238
24832 507325
293764 70177
292011 339501
38991 329609
228198 248019
689175 546437
707280 100932
70782 361474
611689 14110
304201 256674
134522 695860
616553 668753
94596 188982
602709 146069
684663 687319
237362 647301
531572 439854
398410 401306
30120 1549
689581 535388
294362 575328
551555 85456
630650 107484
57778 232422
119584 455064
470893 692257
632222 365811
502680 642177
630177 31853
200476 27949
637140 420061
77632 16204
82752 414125
69267 67581
35153 381644
532197 219769
621055 357631
536759 691538
382362 27729
698372 359397
84595 379499
284681 207001
469794 3617
434282 306389
226774 700460
700023 248696
378940 709496
21005 354685
668855 521032
155605 13193
293409 363024
688648 103104
544169 623000
223168 495613
16676 290890
254776 13486
465160 304447
122321 585065
241051 580904
336890 87300
219472 268605
14843 600828
295080 29562
653614 134390
629717 388810
278236 265005
121468 660301
685251 75952
318982 85518
177417 155912
600708 359647
534522 627778
65387 628424
556428 106371
196853 461522
157278 679844
188153 182076
440933 315479
442286 100122
250639 518952
323046 616284
553957 121215
660556 529519
323140 204928
272520 466608
339523 445519
321812 679788
369949 510705
383648 198317
44676 697191
673618 358799
643511 708674
491926 325709
551533 431488
262188 636624
314190 701063
113737 388116
199394 572323
632883 456138
404884 11740
485062 347203
354783 491197
643120 340446
150970 327867
307381 499761
266471 400569
701620 216744
429029 281284
671606 16701
415300 97787
507815 324981
274531 383348
353116 8412
364937 58903
597577 389560
290317 624829
325757 372525
205944 243162
409256 566189
140281 2202
356441 142011
382782 531323
487963 69105
260968 544585
102997 369104
576299 119062
231529 240630
1021 382275
458410 216248
350439 264024
156273 588718
54163 318117
315164 410268
219267 409017
245382 513590
710624 427107
461341 617041
317999 412782
412185 397978
394322 74686
539739 487019
273992 656494
590781 141682
689938 631381
624574 120486
503032 184454
289724 476014
619004 40859
327757 501867
400663 237039
77533 655414
563983 156795
425251 188038
32257 287656
18202 138451
633738 334376
554570 714056
72421 290155
448760 36983
424749 52792
613404 342814
350169 490164
182163 31458
568443 669854
471168 656277
250758 10647
184833 140324
468102 412812
1195 269179
499922 624797
22493 177857
99726 243595
549028 547954
88660 598633
100977 590436
508373 374770
84848 561521
573603 502285
304391 166843
543919 678311
274111 67474
350668 574307
59918 344070
518777 607486
589941 586562
2199 346316
401582 291046
126211 161655
475499 437197
512569 649405
432191 544054
143450 360047
639698 628784
278223 258140
244110 505890
472073 493990
319778 368126
235053 713544
353843 473733
3967 279624
698281 59777
470732 98081
650885 15909
487466 263493
318684 60675
392724 113108
323657 81507
76054 120598
59106 621451
638759 138069
92333 418661
237253 416730
172415 218387
136852 236668
222441 511787
51866 266242
110581 262935
530567 162231
598012 81095
579461 670301
94494 284517
149066 28060
33690 637639
585326 458399
600556 500126
153255 621276
633449 164073
414106 131171
501636 261886
634821 451691
448556 285636
581557 236457
338365 461826
582324 78300
598761 286042
245413 241978
153026 227350
601458 527407
695496 492827
299039 95383
559792 275098
548009 67567
272947 596763
502108 130193
521956 627133
289372 354661
201580 452495
191425 368388
74721 83822
467474 176212
692261 109885
137149 267620
75106 405700
181931 100440
636319 641964
117642 639931
267181 278196
50870 570190
283967 367969
469290 263671
19574 393306
559508 244357
261749 188348
70240 611101
421421 455790
342810 368450
149907 101690
176292 39942
214385 135715
28066 587323
370638 324576
609620 612311
550160 172265
359039 147030
192512 290085
513919 367362
439493 18955
73526 190470
638561 475526
425689 499956
481119 517971
458957 199485
33683 619657
163400 669773
210814 98154
413421 152453
185599 272346
409677 175103
475247 312736
7364 618702
14647 456775
326727 632325
251399 569655
170075 5163
605787 585677
405018 380689
293130 88744
711955 478099
670227 111199
579903 43694
15737 486001
465841 29828
385484 690819
149270 544328
462824 582907
150373 585744
70821 65971
508265 390118
6350 88855
695097 617644
696590 134064
142187 101320
711206 47728
656006 363159
308429 440865
555947 493520
172250 553947
178959 660476
700461 541326
100209 30273
290422 522309
87633 532787
708816 463010
557894 361794
39447 31083
395689 555502
684597 346990
646572 642626
655026 526925
86389 408409
124855 448715
225405 246986
695852 158232
614732 630965
656108 106009
363911 153526
73009 550363
411936 207301
706695 200394
41058 193563
115638 142263
90009 508396
466719 595242
318881 637099
433101 542280
113313 217392
426195 13493
86506 661673
27078 435986
408273 384247
390216 307754
461046 69243
500234 489640
363879 59064
502691 129756
54130 588851
615047 227247
598607 215302
387057 382980
72871 613213
55396 449759
28372 458807
553426 263086
561535 377952
94181 376876
523765 365903
604253 347717
102577 235883
12773 233751
382104 12232
134017 117347
647980 602502
136441 94609
383013 60303
224566 3559
667386 509203
472370 508085
474421 413952
692370 266712
335029 77252
482958 445759
416421 359012
547422 627795
155506 381695
373530 473485
570421 109751
90198 632555
446710 243300
20839 127623
310609 503919
508892 505786
613286 77777
647553 62282
19458 515840
75211 658853
691395 386422
252227 280835
462719 310890
371473 204698
591616 659945
223836 312170
360137 307360
612051 110765
549986 541105
343463 543349
587138 302877
561157 658114
26187 428943
675162 321906
395234 369079
541525 13648
315720 677637
264437 66246
457301 420674
251534 516075
158268 584218
568235 17778
138738 121893
609418 345211
604010 320136
150957 465276
570048 593214
261660 715563
670941 138611
685493 589267
550266 659316
708866 710924
302305 362909
630851 493866
199277 62120
269586 45960
475785 530233
93478 404747
425707 114576
479989 503650
5121 224122
492377 552899
542530 532291
507439 78183
231774 109434
269461 188232
414671 591885
555877 7394
257210 92410
419949 227332
529620 71836
240834 119744
270871 607617
421646 423685
131484 223230
6265 430250
120811 418354
365200 337985
476583 233416
159970 343665
611788 291712
694520 499981
412991 328825
124889 407429
672786 306383
76654 465518
609425 255370
566763 622842
580529 374108
26823 574075
203491 701170
61597 457375
386098 126812
494005 327019
546307 198333
13318 485711
655054 326546
596339 410320
708875 436009
417321 441760
508855 24336
356808 206878
73577 550274
281866 179438
568323 461261
604422 238275
275649 140932
221648 692276
43107 571953
411552 212417
226754 616490
579969 156537
269802 204269
63682 200269
422150 78819
152909 178027
456452 558619
143064 131905
227401 311688
263444 182562
588878 503554
332577 507399
359257 249376
515635 436658
130083 663098
60792 648077
234803 118729
117303 145073
14850 494194
197968 244984
79818 518681
544672 561310
103923 537611
690981 684157
94858 77400
148303 668813
522182 598409
428410 418240
637347 369886
322195 352911
329169 362245
598668 6361
293219 574818
76582 287034
154413 302598
458538 75912
60447 223571
60821 214571
441704 314218
448860 114764
505429 329282
349670 284775
152675 525405
15451 683916
643740 134854
239362 305419
680829 227343
190006 160260
209389 264003
285690 643239
557006 260046
329939 91160
62793 537482
236703 519861
174081 404810
520093 348657
621406 131690
233642 704695
256251 27661
309173 150681
418843 293074
702178 693301
104434 253935
691932 312472
250200 121848
605268 29163
589495 281034
356477 669491
547438 657127
584349 620160
114859 232257
73394 578019
178689 612294
578268 29563
4985 401768
5424 688797
403260 72660
113694 297967
229771 50250
614738 521998
209911 494164
130748 206928
7553 392205
368582 693204
389459 388062
244959 715091
258673 217988
43188 534604
359191 607888
414248 633139
60078 119728
92980 660636
240315 252829
211097 482795
293290 156680
33496 274416
421034 671692
326638 227567
349388 226080
542949 356851
712007 137176
484355 685921
25568 673231
318452 141993
680801 105825
421595 287197
43086 70326
605728 169528
354772 115325
40601 215649
554495 346585
537020 41990
78567 351772
464528 361954
666506 109227
433949 334674
371013 331856
625788 590783
263708 115444
206282 513403
400637 452127
542235 652378
514494 88920
204858 324076
315535 170799
83402 540272
390893 346574
359434 390440
284411 559559
155615 254531
14802 111988
230950 292750
79320 591162
597276 340580
681033 360104
243661 615615
5200 461706
535495 32893
607920 484465
601272 686343
537015 599966
628355 562907
62210 533472
441500 311723
6515 448622
437327 377951
517274 145885
273428 258016
311748 221814
365166 581003
335430 590696
482031 104533
439332 409674
633875 647090
552597 254602
489791 329018
516542 680716
617805 430094
633028 203929
665954 244540
547134 151383
309600 188741
660517 640260
686995 577199
657576 361487
534007 329003
191369 46495
92693 451611
481228 494747
353823 125113
590029 86518
514279 10186
521066 667061
114668 206076
671374 380773
38467 500065
535213 122231
506834 340999
278181 318158
633773 481604
96285 302110
255849 384920
590967 217855
130311 163172
391262 708588
182685 63819
311145 319144
289600 154614
654044 628170
462541 272954
706 109969
701691 41026
266720 496595
15590 154108
199026 547916
399252 243970
689173 356271
169700 125419
496119 694772
580047 297194
599224 264226
369564 95920
126122 300195
444111 503639
603254 448132
386009 86614
657497 169127
45623 680798
406359 170907
618225 407258
626302 699071
352759 134837
479018 493961
306803 488632
480633 178960
683392 5101
615614 240452
329699 382315
284254 323757
495337 136076
51484 142961
552041 571162
128267 453429
72671 306232
442002 514611
411486 556372
411044 562370
250939 660324
341609 121314
38094 214864
338247 592661
434389 90481
239484 528583
10748 342130
512397 298446
685996 277077
207722 541082
59875 138123
363174 524989
449411 610526
127576 563477
669695 635606
459113 569751
213466 372861
327278 408728
651657 119331
77488 69936
332283 479113
78480 568300
469707 368481
121460 54182
278266 465819
253065 40026
46696 446575
640724 157648
630255 76258
367872 175553
295244 535395
664225 447511
89675 11143
370009 185045
640863 469975
76230 470010
119424 605931
571987 478543
41737 118021
51850 461396
655657 255340
559441 98958
706239 254131
581556 303907
207091 150795
219716 23471
302575 581344
469503 383415
479761 393963
138311 217512
324771 488705
167068 218395
712194 500798
539197 658593
574119 5160
520702 66264
19723 374220
447344 106190
69071 398104
656437 274906
218035 9434
103835 512128
119101 115839
600538 207244
210225 484104
548242 529137
571091 583828
55405 192827
635244 476195
98467 581809
512247 711576
125019 608719
636225 519709
178565 161562
60658 174159
152476 402339
304849 321224
252695 51576
370440 67036
508245 11683
211090 60633
226937 438532
22606 423851
537144 278552
586232 701241
606999 600002
587540 394658
159903 555645
418912 54165
272177 128148
698408 84777
614883 357805
625190 15876
359391 623469
639482 265655
649308 478788
27194 151444
155698 408794
561056 74831
555842 505925
565033 399662
514938 481349
98512 183481
134217 417508
465039 698788
645870 188443
247304 287505
567569 417075
607651 130546
143058 70166
28336 611760
109331 586524
532770 564114
472996 555074
283493 567478
438713 424172
124237 530878
650541 167601
222106 129663
419152 56360
322358 587960
464023 169143
630631 261084
26800 295850
79616 630892
288504 660856
166457 222171
58562 359643
222645 577986
292890 615951
699846 59835
639996 608994
169323 104538
107364 359103
83461 323846
160001 245932
559959 490065
599517 122578
47235 540192
662497 710423
291880 654179
329573 471198
209431 42584
624380 450798
96789 335663
321091 320941
295818 335501
61366 697009
582778 285380
450405 466800
392142 710712
666462 630033
635762 291207
188062 360026
129917 664418
514058 425132
212911 129356
383230 671831
670523 397867
234610 224668
560022 416842
615877 434976
562742 676198
480284 478552
389001 534364
392174 201582
77037 542457
282961 110864
711111 283654
140834 643216
197328 21698
502194 650258
696926 39282
288526 580142
418135 280859
629098 447551
68978 260326
611144 448356
664137 295616
252204 398270
64441 23737
295186 691172
548910 652512
493112 305949
38553 656019
507837 277621
446521 607657
66680 372025
491335 581236
604261 604360
375621 126884
280230 206292
412463 297767
478783 135465
24065 413780
483067 174659
635972 449454
211887 677240
165494 704340
224250 156441
369177 564389
4843 300221
690628 142576
269193 269003
67987 216525
470669 576317
680276 293210
131263 455930
311136 524595
12003 281549
64967 248851
179005 364244
445813 39254
260006 297353
626209 696958
521543 546737
593156 561133
257323 544716
324670 233087
101804 295715
414898 59974
336924 210787
545141 631061
419538 312797
464672 340538
112586 227029
633046 8623
147249 41555
539448 26712
39193 524315
402103 53353
559265 350423
94617 10909
552646 478875
239687 523398
629636 332944
423059 17143
159535 461030
220175 672908
359291 221113
480590 230738
675352 42111
381369 603856
330366 495590
699142 310118
376565 17805
403200 653247
346146 429098
153037 473235
623717 500637
695224 214900
440679 551498
270825 173509
229747 633569
328777 543947
255825 7543
140968 227263
556194 528840
181241 538889
653131 691745
621740 291753
423162 559982
300756 331690
190034 382171
390150 398814
632527 78747
388330 614486
244467 171138
547851 314948
154460 159003
654328 24598
164950 100125
686092 168825
497012 407267
582743 493940
458438 123999
307744 88968
418551 230617
578803 209677
103960 471880
509863 477230
662061 325170
686743 86970
193540 695206
559807 635457
414741 104334
571643 86541
244247 298130
702637 438970
423158 312225
37335 702869
279686 581135
423714 124995
607809 342194
328943 76449
36725 404287
582346 237976
657731 403067
245652 363622
116420 427290
542404 647346
319230 451944
28294 308960
315937 624573
316690 428502
556753 612094
653820 399447
265333 678986
317946 92047
515406 281123
27340 299010
269353 444991
259227 300635
393775 619309
214432 441949
188346 398065
209647 211203
90778 587760
488521 686557
252765 17330
522046 508738
685986 8525
145348 524741
213423 532266
655758 105693
695773 176013
664186 473395
361565 572277
504546 73837
438226 638446
390454 299669
345903 693097
239079 662264
653748 523286
405309 385345
139627 255008
694102 246368
476292 543539
601319 265022
263880 624688
350995 575650
290681 140968
589089 643600
468108 176050
686669 38552
264181 342477
184716 69724
594525 185801
315353 66713
554991 35309
416006 42451
619839 680983
44333 65521
604911 19295
9277 654804
640461 672469
349126 353211
455957 614571
152339 246748
603698 446704
56829 565032
257797 59080
462036 306079
159277 390601
542796 324470
124629 291408
337305 466415
697801 575540
486060 378834
623459 570174
663442 118901
130783 449324
594197 239377
307244 242391
52744 532358
660688 321507
501039 312364
537108 609870
308378 10269
129875 353908
576672 191888
311425 621884
331647 54382
69212 253456
434200 270120
136315 398405
663175 107964
649120 444965
229920 241155
716028 23071
485563 426325
144869 362190
399578 575884
172255 291672
580765 487626
574230 128559
625441 590757
260285 593955
330484 347394
421161 291527
90979 26269
387790 591259
589725 644753
647321 585770
634008 179080
502668 205425
349507 651207
436393 222878
5110 336071
93104 73470
149461 649788
352106 90012
442170 526940
350748 280053
684623 330127
167734 253112
416952 553637
261514 308393
208331 237860
675809 678018
642110 506910
411083 172899
260057 319062
210270 552289
711640 545625
708642 520310
602031 78343
95604 644215
285581 271570
572576 564824
492088 432329
343339 438787
70939 153892
217081 372605
530797 332533
556137 7010
563386 501621
667237 697641
386655 201305
83159 30948
207097 347049
393495 314600
695348 705932
262420 213827
371544 636719
105324 468242
426884 703176
409972 426473
10504 509725
72021 449948
405445 56405
371345 511966
56666 281991
689530 159349
250491 478357
300603 247635
312589 434575
464399 64697
491137 421018
648920 602667
147649 328257
183738 178030
498175 549587
93710 68302
139509 384638
138845 68533
69729 653614
131558 450144
318225 123797
361281 295666
213947 291912
99996 568972
628323 661991
297319 126706
454789 476202
184010 28280
665587 459355
278001 97135
552610 487491
37355 128568
529887 371248
306209 416552
308539 184870
408350 312980
391941 124499
302089 3207
59949 472432
275626 346004
11918 274029
457579 242902
223998 89336
6339 389193
463561 232218
412177 118781
28775 140513
128253 508245
131905 566135
409509 559235
360493 382311
350664 616116
226449 135064
400689 540924
247965 608846
366964 433671
524099 31629
252788 647852
623057 204726
288114 575100
511704 577089
579521 175213
243843 561817
672572 140144
571715 341406
260622 590226
635419 389611
212827 301196
270168 361268
394050 677381
77892 110869
39303 707002
243291 168407
302523 525464
551857 450855
31848 162555
309384 382718
708092 3112
301671 114087
593687 263418
255823 224766
446841 104671
705525 19372
362237 117167
74891 356366
321517 500056
452470 173991
18725 432332
107388 301517
402542 619270
711483 163384
524189 343832
692406 244291
542633 563024
405767 381115
137022 357772
234048 365024
140736 131132
238643 571731
44719 326157
259556 538558
306179 157865
300885 410540
611821 703983
355076 281043
435460 592820
226287 575884
388541 699014
622448 664526
327901 172796
414927 63871
165453 89752
696592 437463
389284 387048
401562 133553
366564 395232
386614 280590
111152 315159
600070 679353
273866 494013
530837 176235
45252 33384
190987 309393
495314 380337
669735 181910
184987 686510
66588 109649
342521 288148
124982 370993
567832 253077
308652 91948
603542 323393
665861 201343
191132 677898
238680 664655
151025 541347
686521 636611
151173 16827
384695 421639
647640 670192
586552 576892
212944 702443
581067 503302
259842 135438
512530 702884
91858 169643
491758 637979
94968 81211
460524 461362
347038 260094
289040 41040
255704 618815
332840 427862
690865 30940
439138 600613
471482 598433
349579 120917
716286 684276
376961 351788
695415 625572
602710 410489
512207 484925
194115 320937
235389 521632
661641 631132
539811 156562
315424 95520
146396 309525
111123 401436
653758 4803
445921 561948
327806 160685
697704 643320
308814 464686
102556 445022
238347 212329
481097 548978
406430 244189
494134 460850
431087 487457
679084 406908
47088 337825
248678 496593
426170 233378
632461 104058
328944 112675
386620 549946
496217 272035
111029 282626
226252 243273
150313 538127
489013 81213
655050 252217
146654 211977
226679 709038
452719 445420
386092 140768
149276 584973
136782 23783
354190 501944
645134 608358
120346 200541
682615 136553
62328 363830
27885 200365
555381 64426
39077 398531
701756 638327
291163 629419
558141 449688
285116 537568
419372 325851
419385 364471
426179 135292
494699 288848
223418 592176
121594 399228
79623 397226
350171 207444
379041 33969
648904 238340
207096 17297
40203 22539
571669 352221
606274 422738
566151 104275
132837 132821
657050 690606
205166 687900
216126 357496
117103 279813
145850 504674
172952 365848
645229 580054
282043 500312
665738 686341
72894 527723
245153 347621
29848 712307
365933 695159
671704 683414
344841 227608
566653 592375
561142 401657
187582 667133
475430 466491
101742 114544
69650 353847
382190 95182
713747 272875
64889 414382
407697 297895
253814 170632
461842 180483
354418 504701
424953 638365
136515 481823
432408 188573
201297 655988
276868 140171
645220 133715
230661 437534
649147 27968
231721 344869
618692 500931
74369 588625
424863 528443
701552 293332
673403 240586
463741 460638
353125 405950
90067 89304
446417 522472
392993 620748
524122 714139
173153 447670
316862 217986
71840 615794
461552 657859
527990 703887
267856 142192
467348 42291
142753 144425
668699 393401
21579 327830
703423 9345
677368 69604
182503 196490
473452 158269
75296 626557
603521 488992
609326 249982
138257 313782
162156 10157
170230 261901
69924 467417
456826 82481
59713 659917
652419 69671
510490 712324
181641 198224
305480 78096
59168 486047
372904 127374
151995 614661
690493 105528
640535 491769
557443 174246
572342 59197
410781 166102
637100 463960
516299 427918
516716 244651
687671 329008
419683 681011
505917 383225
36139 184683
622438 177281
240557 549315
73910 400302
455079 25064
483384 72753
570985 474794
626711 194138
338870 125431
396285 100615
595312 246254
403700 77213
666494 62503
219175 590637
569334 223035
594518 416558
254245 606546
686987 558440
696497 95881
463307 508305
583123 58327
106398 263640
66313 355922
715808 314208
598347 514323
679957 340089
362008 301764
572871 677197
318547 716051
251052 677325
362196 249476
55466 493395
219987 545877
614940 592036
187726 236967
202634 375599
306491 457050
374243 630819
449493 359661
517014 429766
28140 107424
634752 241729
703572 704232
96699 263135
638344 86862
296487 246285
325451 33520
18757 529723
618949 447801
336759 157912
112729 342840
709780 540754
479110 453240
65500 161901
463860 700873
521238 8262
386944 385036
458585 98238
300402 378708
78064 610198
375169 452809
367076 478764
562004 251834
175392 16332
188184 569331
150785 172361
656767 133035
490981 501148
467561 348700
147306 75973
688583 354175
144026 483846
199271 715390
32034 22370
687236 501160
42252 668585
680413 95510
17927 15706
622316 365424
186467 570207
523549 386778
583813 26838
391278 51423
574911 318988
71375 346006
359527 284143
10849 324929
320833 253212
354803 259044
334357 200336
453764 187962
245935 677045
587783 108317
501867 189766
236145 592719
206213 561528
657218 460819
555359 320112
407087 265983
554213 185138
699754 203676
630335 15660
454224 172420
57047 512
106888 369346
285493 479215
525771 299202
459241 401359
499442 489030
320296 151747
490352 359895
191862 689858
308933 196702
117128 42563
60344 347394
426344 643186
253717 708600
688151 556310
671683 495002
433184 490379
257288 502573
149129 365657
58162 172509
392557 187571
342129 671758
93389 533143
423985 207035
538976 714584
615515 374878
698186 262579
142052 55888
206623 95487
427046 9072
629914 345807
78926 143293
603732 683677
480532 121041
449015 684547
653552 642565
321543 574387
668556 677579
244771 572907
26305 181177
280121 570673
398238 153695
697223 98870
155666 315498
521045 253439
278494 622082
365525 305193
268962 686559
303685 401758
366359 187286
620504 681833
164399 342067
522983 636865
377267 42505
385938 356075
672828 183157
640747 188072
504197 57619
71642 63034
43426 46891
128361 256035
289797 397267
214203 363787
38297 152081
698835 310553
334384 237350
597742 649671
146891 620283
476934 413559
548810 324214
29836 113535
708172 390706
184483 139883
361141 248189
523956 310975
618405 271994
157011 692654
422878 603938
596419 678263
554955 198355
632877 143853
319689 679032
625326 569546
284307 676207
629696 482595
614564 206635
564038 248728
676242 217412
650672 646499
336608 482039
257324 179026
110232 596682
609179 399234
26705 534343
553038 423388
112148 543538
384631 201003
89800 196901
541278 315234
422034 655927
652202 366657
116377 230512
457537 594317
508728 458068
611739 82668
70222 234640
8442 288659
486321 590545
325577 201208
43458 441066
59609 175268
600028 318771
321362 15163
201277 382523
610125 215717
370319 169897
159286 649063
297392 118898
181827 332602
214594 644879
643679 552701
494015 601631
213204 697107
115795 357468
255064 539526
529684 625356
598522 344425
663298 396046
645198 361733
44817 167033
401966 182818
61920 572949
713913 301170
537253 532916
45612 360857
704572 439569
161076 683854
394806 177468
439872 568047
488844 151691
308562 251075
92634 614275
14587 128168
414137 385538
95102 17249
197303 456485
322209 404852
14535 110628
414494 613837
46761 345342
231471 22028
349094 455338
40147 473125
57809 661773
299028 546722
387832 504959
598815 532254
705901 630411
519610 536803
349145 495390
174189 439804
318373 27064
653338 366560
582292 81634
136633 715648
331171 607667
654773 300361
161134 220077
146249 573829
88421 450459
176687 242949
231763 679455
203508 204280
256124 596015
348676 70491
217933 710622
684844 413954
26124 85741
691283 54535
95318 585140
597380 403612
79296 712020
435210 547603
580153 492452
320763 465645
220447 411868
572697 463474
21173 169926
188280 514584
653247 134255
548044 630833
31208 417054
85791 361189
99750 220596
662660 102847
714582 89932
561728 60315
127991 475306
577196 702837
701336 69001
365504 400682
378249 323135
25588 669134
638789 500508
387204 167490
631233 613597
384153 165667
646731 227812
295371 368271
151837 385058
397401 283233
382085 309375
113295 132321
211318 110131
503332 370798
44007 576019
25458 211233
374489 332269
101433 537541
198143 366283
231884 354483
441600 693194
253536 297229
622347 183699
305767 291205
122489 462714
84428 131480
435057 28666
105966 386697
340738 399505
438401 158626
254217 212341
410079 488467
513492 270486
592044 179696
396314 144912
712419 8270
269342 18725
497742 631903
138171 275045
248823 315339
92343 441395
353663 436242
305079 70675
712069 31441
662785 334175
179542 601778
472004 271894
245011 589865
387624 297524
706382 652192
593284 474305
472001 58517
716255 294627
292755 521998
599575 228791
187676 68332
241099 324582
458058 8723
456974 545345
104546 148787
419035 539361
376471 652742
612255 685536
686850 227335
29581 461143
354721 43773
367543 352982
8041 13698
569992 712798
643273 680851
372700 142830
581141 16110
523046 60878
355037 493046
132778 136046
437908 449711
186487 180841
209685 256690
394400 265091
172326 527597
520371 113538
610302 456334
369730 77366
417142 528616
17323 425828
428144 287890
354508 119171
403160 362338
23283 332993
621044 155649
305464 45800
133794 691568
208078 523901
423199 373608
586586 469197
711083 95036
338254 365096
472431 668148
191890 416943
393105 155334
443780 335181
428860 200693
502935 547016
710054 464505
417442 686174
623460 133784
424204 435170
50761 333698
13089 566218
617148 705978
179363 20475
51083 559651
173882 574584
611979 348706
138510 159174
706154 284057
709916 245972
139064 178153
428232 107038
514523 192337
590582 336306
163464 715275
50188 692583
373696 427890
508837 129933
18249 374179
699761 403108
281700 468424
609959 33817
163518 553578
292576 432837
683375 280603
37913 380550
26359 675614
280837 650653
636992 602537
611520 507330
609096 172930
65880 196846
649513 359710
47195 646066
512145 696253
216307 640011
463345 535271
492403 219259
464448 583553
58264 8791
40116 491977
450489 534735
164893 45975
540110 591757
438207 82612
246060 570052
579813 312928
565858 711907
605486 447312
314963 422146
298743 473030
49894 221990
710202 451832
501457 126452
525148 154459
289582 576275
160767 523632
3905 704729
5659 652460
495398 485506
383636 111800
144762 357697
554573 209115
434778 687327
533949 16848
367620 145540
438859 421124
147316 49327
671692 171146
347928 119149
650284 352096
285006 92894
554002 464136
711158 129368
606629 279816
126394 3582
182736 242449
94741 561545
61528 437500
489564 255891
487621 648837
3637 512411
500214 205407
294534 300826
672082 229199
112745 384654
84470 129284
476902 665855
88479 268065
636257 559785
380941 151428
606434 331421
116191 608334
443409 509823
27057 169965
590016 164660
354727 231883
49595 134301
419658 433326
357220 396628
7936 8520
546549 451407
71221 135106
697759 154680
191941 191056
691146 377935
407395 415872
671681 202036
675703 111640
191332 292401
302109 250799
636579 165899
495140 658155
658012 121079
355059 195352
27420 288959
630869 568996
613614 656683
164970 144606
458877 488720
231911 444552
665845 254882
680273 347256
106862 328358
347037 251516
290744 87897
445199 273515
402928 547401
174513 185252
91128 484792
143073 348721
715841 709525
28791 100004
652532 267463
605259 420104
673994 473730
91285 286620
698353 102723
522580 693940
349630 508296
4760 299613
700731 183763
682688 139702
357384 565876
320990 563614
310279 520370
449104 200926
422812 195107
5153 14982
11594 292360
670245 302009
349672 211733
314967 292566
197571 440562
340611 260486
42516 281830
236728 621822
527632 677076
684702 60504
231029 486625
710802 203945
256350 254785
298092 327610
701218 127726
193906 160472
449016 651638
166963 344633
153942 252324
399829 558690
213637 214612
93267 451575
376502 263790
145570 380030
713764 83179
302828 514058
392796 173056
178253 491912
159544 555815
418403 61540
681001 158901
314191 282772
557233 67117
419738 175878
25457 148525
667618 614141
664989 480941
261282 692699
229701 617349
3188 585265
432825 431434
167974 419508
5976 430327
659674 344703
470737 139886
196489 237427
627095 317559
642654 332929
339977 563917
150355 22510
296359 699982
376520 144090
110443 92196
513325 410572
421024 276714
707630 587512
695959 658561
269818 619131
423395 669183
481173 264539
154737 296630
437655 216088
583228 602589
400246 403098
506504 45385
262272 276557
339810 190019
330637 526580
581760 708347
26484 308906
264753 268589
134991 46302
296495 307078
296504 316567
423971 373372
679902 204870
75449 625342
692175 318513
706680 633681
273534 363202
554840 414201
258286 31020
66345 557681
404076 320060
566104 632400
24488 118849
