71
2 10
48 29
131 67
103 28
98 130
40 66
206 23
74 92
160 126
79 128
156 116
127 163
181 78
179 15
42 51
177 157
15 12
162 20
114 113
196 198
19 40
171 69
173 68
21 140
148 114
122 156
58 61
187 143
28 69
7 153
69 34
159 203
73 186
64 34
72 74
112 178
137 149
38 89
31 32
167 120
30 79
136 116
39 24
202 118
94 180
35 114
59 105
102 157
9 148
71 105
34 99
161 48
189 199
76 109
120 22
65 150
142 64
16 193
176 139
90 54
11 17
33 127
88 154
205 150
147 87
14 198
166 94
152 76
18 16
105 28
97 17
133 69
