910
14 293
340108 358706
30505 455881
243303 485197
96744 196837
344175 166071
362642 162151
6181 375893
176725 236109
140471 212824
491969 263071
362286 320091
140287 479804
252875 46713
388917 101261
90230 453092
79583 69721
305550 464156
242129 365772
246234 390515
442995 213741
401617 23855
182010 214164
238300 317177
24889 353892
207283 413631
397362 105564
479724 133400
326085 416890
335830 368671
178840 17793
94089 316814
270409 115167
240400 113491
267025 208120
70217 237847
357912 60240
287555 454935
404664 314257
213213 208882
362814 488790
294726 112713
315482 186788
279480 112743
224757 341898
404046 172661
59240 430938
89042 73235
183075 223406
18855 406619
201601 14962
403839 373087
24066 226726
197204 269284
465145 470901
228808 177385
261451 348252
207300 145629
305315 3612
167349 298962
244291 113342
117897 305414
349925 215032
172391 300745
191737 275000
382519 449958
347867 136312
342511 36071
475853 135861
484029 297056
233215 402054
110591 848
158233 387709
132759 488740
151277 376705
7362 133233
24532 318551
13306 176975
380301 186502
383454 77224
196700 443913
318253 12914
434282 251626
160886 116933
221075 381827
350254 322541
489604 190982
316544 227865
340601 165179
466118 244846
98509 217324
46201 95018
16481 95482
247371 487795
277893 415361
161828 278408
439122 452140
161782 462861
30911 489800
329205 155898
126288 399423
194783 467460
133650 185181
88203 299215
89304 232432
273357 185139
237838 174779
385160 226159
18200 463002
390630 312501
308981 414138
452113 460481
121146 389317
253781 28199
444484 344491
129673 408273
150376 315492
98109 38996
5898 259830
472851 13666
191236 319481
98448 440449
303643 465185
138321 236535
210883 330768
404611 226883
270486 93698
103728 397568
466006 2327
148506 389083
433269 311862
446638 363754
94451 242903
429835 363107
134130 437508
324241 483560
228733 199156
352556 342438
126971 107167
41786 438852
366752 292393
283957 21532
199503 364660
293333 130463
300629 229097
165273 266269
186531 367465
439086 413055
50152 416853
450041 254739
95957 492625
484509 327373
245309 415493
211838 195341
481185 478936
54312 81126
370911 36638
359544 230813
63075 229425
429963 466402
28565 21251
85543 27684
115739 162872
292636 123416
299245 230080
49395 136856
306276 403914
352213 394767
183847 380342
85596 217041
252052 396548
478277 416911
320192 380200
435166 231546
55992 87077
31599 139992
153374 35735
61746 77351
454415 350626
382771 319109
403640 133729
97668 492011
275334 4867
332275 480020
94572 272399
147780 268402
157025 303711
68207 338295
200136 91351
61808 54033
230077 163444
45495 130148
38007 34211
197834 464700
392971 47379
73953 382540
253016 414031
239439 38872
148732 73561
238203 423948
345830 220423
94486 249654
384482 473510
256207 487503
272541 328297
182023 497485
89200 411300
366711 448481
285151 140031
125156 352712
471726 283779
440059 7841
194552 341334
409206 107909
495194 4916
66588 8389
99119 374089
129597 59076
379766 323605
260259 377134
255237 209635
384717 64403
158269 344658
80486 357688
65276 239714
347538 136019
8512 273820
43483 288563
216728 80928
86367 137171
478329 328236
220339 344204
333705 189599
205537 205665
211484 399748
342640 446223
454124 295463
161348 395062
272938 347560
192291 28118
490428 157963
303343 227423
214902 60285
392185 279581
440877 69878
491027 303073
417712 11844
256151 222196
338954 439428
129910 155222
107989 237367
41274 295173
220119 341893
160561 245636
104349 63365
355544 52156
370081 141124
378040 49656
301911 34593
427164 423434
360347 22869
368632 275005
371960 222447
369387 327570
286749 194746
471982 11737
42459 472414
261516 318164
26272 415203
121035 251211
52648 378817
296997 276142
181222 430755
206814 48661
215475 305112
441495 371772
331260 173847
128932 417727
275119 106697
195567 386579
368052 149535
16791 300335
306413 358678
206529 114631
180714 258527
203884 424242
456131 149696
12029 303576
369347 476344
53686 108255
480145 152237
16054 344383
404400 490159
92039 350051
448545 167473
115169 16209
142999 195742
432724 469283
110504 99001
351213 411334
209808 360215
281810 175293
211414 76965
242930 375361
430066 115097
366294 192736
484709 214840
23076 101654
196787 449566
429901 103437
204563 282613
173330 66808
287916 158591
336573 453407
485610 290806
80261 369806
188585 122244
394160 203313
251495 174346
487818 266735
147399 24714
14217 358803
426010 304703
57871 478139
6933 134083
454307 214832
443680 497562
94264 170364
297428 140863
51726 228095
393302 199976
447702 97407
155495 466475
368804 352749
180316 321457
238216 468484
70466 102050
162729 322622
258172 7115
99637 239172
122458 275805
49216 495525
66217 95472
41070 7404
275584 444051
347543 310993
290743 316352
463619 450608
112969 419491
56511 459773
360550 246564
461526 388169
326840 146454
28740 323140
401743 43093
420857 330490
192414 217842
284964 112160
426846 326275
163283 144783
15089 343522
219726 236045
134976 487641
494137 497226
446716 203060
337352 424098
67252 399311
435375 390152
127331 323495
443509 2629
158737 159109
299005 378321
26412 299915
244735 387318
250795 445434
144837 384234
456550 316854
319432 230006
2413 319463
145372 21984
395303 238584
278861 197791
92803 110389
264315 175440
484297 309918
145638 96226
337347 247221
247392 291147
35983 360243
216918 232728
23031 492541
192701 67972
449530 336290
169538 204752
300720 412189
415742 153406
198258 17049
30436 106801
149140 463442
309669 96819
390814 213509
374457 494397
372390 86685
87977 235588
483782 489312
400727 243527
209962 408280
83558 224270
141952 187690
30770 289948
281314 325108
214284 372431
315433 331500
277197 87747
383444 468466
42475 65929
315691 276881
25880 9703
490023 36978
332152 93361
311554 159613
439240 247436
308991 433792
385782 295505
17106 148436
76831 458153
275512 361746
51093 271488
391098 163243
345836 243550
278765 308254
404554 357125
486661 442195
435242 235133
428233 19310
75817 70040
93429 452112
79333 132607
462530 92090
305822 358288
396524 455014
462055 310345
423262 254275
146537 479584
356587 123034
148261 81901
456349 355762
440975 208691
366983 377129
18019 118540
209007 384324
256920 372871
47983 419067
453134 249484
428455 322381
164312 104931
366922 265424
293170 287102
210033 236986
230551 271619
187068 420202
156408 462908
38576 36906
223998 390460
22214 202643
264007 402758
439639 268141
206991 93844
258331 237362
18256 376520
402283 218189
20973 460070
61979 30353
457967 220726
51875 156363
482844 116342
462125 456646
67879 106220
126507 494502
40299 204961
242771 157817
331137 189561
75029 173678
330528 59661
375360 386935
377331 153003
432074 170907
343026 486280
457553 18373
86652 417362
98635 445285
383237 223451
294765 82429
282610 234714
327219 432712
378643 324249
469750 124637
375178 462538
246501 362646
54436 189670
28980 105741
42713 277353
80947 166705
234278 238076
391952 279615
104203 239788
156370 180625
393140 140314
323907 208109
96979 338394
261999 274491
26714 319032
379540 256203
391262 89191
376779 80293
96540 393372
339794 89847
151764 165972
168120 454723
262734 449547
404407 27231
304698 260797
237835 190969
454916 490416
184451 279882
496793 396310
468216 183547
118502 485197
429885 361329
253102 160217
384110 370066
240773 36210
20321 391660
341465 165901
148354 23924
152013 173889
191587 330422
413538 131161
282718 416119
405588 140585
17405 165828
424184 426908
356603 195691
114869 109894
184699 402089
45291 52328
453936 429329
68735 215481
53179 399809
466641 468957
371770 76923
418687 55194
491035 124138
189752 233549
481945 262723
131813 33362
264464 58492
435850 274508
96706 247205
307286 9213
58304 326078
491889 383716
185393 148574
392233 399238
356326 482544
323517 369452
180493 414112
51092 395744
352121 138853
481295 317308
459292 393081
176975 110445
5871 90917
7778 364705
42640 103971
310005 329445
76025 94754
77201 212414
454016 249305
273132 124589
488720 74925
434394 95059
210002 118764
138476 274776
302385 321321
343771 191247
198540 46756
475813 448454
12851 415696
368170 45724
219931 239212
376162 346109
217462 258505
215291 246137
206610 164632
459764 426014
64895 359616
153570 82058
308714 252325
248788 348087
233356 56788
143972 88008
414533 329179
343455 174794
420978 450072
295649 209004
189893 427634
360713 41800
172704 113343
397430 12491
447666 285695
21404 315831
416647 16080
446151 219892
255225 211963
176180 92054
416205 374440
155570 415736
19980 274541
294232 30976
81509 18179
56436 225255
232796 440714
53314 112006
429585 318357
432846 121743
200718 217239
251246 230946
305415 470626
446755 402639
91395 313280
268026 17172
262270 245551
19766 358214
194592 196553
333272 53307
98064 458997
235496 150504
104913 184693
307690 116433
232348 147668
493792 109106
393975 339442
210440 15684
48678 182588
199007 232354
384613 225068
246844 146821
4255 1778
300508 176917
354848 108556
307739 63605
154225 288463
246110 393489
189129 149634
381572 262256
216025 38667
353112 410494
436605 128418
288264 477458
7365 413533
238781 491080
487841 52851
292722 368299
346118 354488
268271 304857
447899 425973
373296 175294
386033 84610
228294 6806
22716 23511
446367 410829
259789 418324
484725 104791
405022 77389
55190 366923
256884 367567
104562 165170
27202 158968
14782 163632
319411 267979
274559 59361
301001 233231
470198 146916
86620 245076
841 334758
361865 101546
114886 56231
239362 243146
217887 98703
195878 424857
446480 243794
53443 422269
271464 268004
322601 461703
80215 155527
28880 137307
152946 375973
213394 148397
455184 174971
241429 64323
231377 419022
475350 179172
300368 335968
134713 110415
48094 64466
74432 370826
345565 6473
236006 343198
155254 250926
284868 202497
370640 135665
132614 133950
79307 87756
126635 58642
120279 440565
248138 262683
253723 241601
176132 46504
267183 110183
214421 148618
455300 116923
85609 395301
361041 420101
466984 28628
250348 20591
8770 10957
340055 204259
248008 419964
449782 35797
240091 383526
254016 309664
347150 26249
56323 260574
211587 176264
311831 296035
389273 164517
196578 453261
26940 256132
254996 313929
420033 371430
183447 133520
250245 279044
98974 477921
46814 249323
329824 138699
442311 478112
487877 110056
243343 459066
125583 258218
246460 443013
133705 474124
345739 47047
119277 18985
68826 496578
25191 486421
137288 289375
209580 28951
421658 462305
293414 321273
489747 417111
67536 371523
406797 465594
68961 107707
188767 230343
430399 287662
97957 326313
47885 291572
115737 7474
33636 303837
170040 258777
369409 324290
247155 233581
62360 53491
222585 107512
447974 274321
205074 442666
218756 299129
331933 182529
1286 421071
159299 207977
104056 406882
210447 174168
487521 5472
37136 184711
76036 22887
60768 165015
481997 217160
417746 270390
49742 366436
416188 338100
260425 3429
10662 14984
175380 209393
199555 301621
321820 382127
400041 409425
404529 195894
53902 195882
20656 121905
323081 120917
102760 151895
50940 230817
426904 295293
222492 165523
312116 386084
206379 161343
399908 252650
401615 443634
457992 160264
356875 335241
231602 174874
151786 243516
86593 13965
386455 495503
45824 290652
188803 484771
309049 307887
400296 267536
491905 434570
477933 380544
142231 44229
458989 390743
473671 285663
201642 460859
21729 45783
199583 122665
274715 147018
105614 75359
62049 299007
11761 287976
66624 28755
348424 417642
463982 271241
488474 438955
24115 360010
142541 79594
425320 18646
13253 4492
462256 377151
372021 201186
320084 170001
478201 493380
329902 465804
391445 447379
315657 98143
497853 124365
494159 67001
411787 60818
445080 205825
250601 45162
11727 458152
367671 299604
155689 36703
432797 50353
298479 199509
440823 431201
418388 204478
59215 183694
266224 243764
52456 329093
330333 113806
38885 349268
64525 148018
303461 485652
91082 406176
63682 418671
389559 361643
279648 408888
212148 257967
56349 390304
200695 225167
135668 259148
429265 13776
475922 29074
16347 47334
38566 167855
4796 180026
225108 260471
228434 63175
114266 234377
329567 362378
187616 402626
191620 468551
46427 307868
393151 259172
462151 341090
318275 326281
97321 18028
189877 372456
335401 230015
160966 419883
219797 357776
269354 304533
208798 251371
415613 362641
139008 112570
64220 63383
92045 494108
434118 393776
479774 248895
422976 177864
484665 405265
419561 446488
164014 347405
161600 74327
186310 421474
317774 55704
299401 54891
354261 111316
289308 414098
