1477
13 10
78088 22931
59730 76380
48669 39684
95784 53654
7911 34657
89599 48455
134 47422
88953 4676
18483 79773
86718 21888
50329 58964
35986 47865
5796 25934
23087 2398
3636 41447
28777 44438
78823 59786
4192 87805
12315 60225
5393 42875
97025 20644
54862 59644
1603 854
20033 53792
96002 31666
21811 49376
82526 10372
70630 64248
56330 60750
38491 75023
45796 65472
58250 43599
83474 19209
93921 54562
2656 43693
70611 73780
42909 61226
38831 14032
81174 93203
34941 89426
64154 34010
34496 62343
93958 20285
56075 94580
8010 20454
40379 50847
8747 65592
91430 14640
26766 60086
85416 60969
35322 80277
89146 60349
3939 39812
82167 52454
33663 33443
67520 33412
54026 63736
82429 16184
61640 22727
19767 16618
73605 70631
65793 33673
14124 58825
88962 79406
17433 13099
77331 13105
45134 91975
17685 50106
33290 77088
57976 12282
11142 30500
54044 75267
49818 3159
10622 89661
14421 41321
15660 19452
64736 30606
7655 14929
88908 19822
20440 16402
86825 69547
59240 37390
25847 29923
71013 61502
55568 44844
57255 1780
83347 82098
68162 34987
71009 63798
91295 50128
69601 17467
90829 55991
98076 64029
58203 9426
49963 811
20484 69173
85830 74180
31119 74043
96402 53234
36523 60589
53028 64910
39273 38079
62095 74547
27853 24327
82737 5692
28221 11932
72266 23717
14948 32597
28675 86763
87296 51998
94403 4150
3741 58563
96558 2506
48074 39964
89291 33166
89150 88313
12713 70747
58957 9619
65735 83530
23407 66630
85462 16126
11227 81026
29906 8285
68023 27970
82690 57634
68245 2633
85842 9821
53221 20084
63840 5593
35626 37275
16546 43623
84065 38080
7188 63160
55387 55019
27102 77211
26533 9383
40380 73604
41873 9893
12415 68462
3361 13728
97961 53136
66593 9862
91142 26516
21406 39096
65211 75415
70000 12091
15561 1419
72877 92531
33089 55643
95433 33798
10042 84296
47435 76766
43241 55338
77682 71271
59156 58721
89881 60665
38956 12306
95191 10460
77786 20229
34577 36212
90328 87086
9835 86642
71942 4320
313 30084
41466 58993
53087 82307
79598 4913
6084 20840
33466 25419
88000 64638
76746 44060
96890 75166
9739 73982
22932 55883
67519 72219
3206 40548
56731 79688
75935 96817
34043 48655
63690 26067
6476 53681
15712 64937
60385 21231
63908 82198
63888 76194
28727 80737
24072 8374
22528 22366
50165 17673
64025 93032
93286 65945
19420 70671
40937 11145
91108 97698
58669 16505
38775 47740
69024 15003
83990 44858
45657 54302
7561 94998
50415 24408
69930 83482
46103 76453
71610 21843
57032 3880
39584 9168
55752 56861
3811 22944
92879 57009
91594 64612
4067 59520
49509 11371
64469 87357
20125 84631
39380 77684
78260 31997
47718 71679
29434 68508
26728 22289
96602 31245
69973 91570
14309 46105
85666 68201
71000 47032
60462 85052
22225 42697
56221 34791
90612 78413
43828 62040
93168 84211
54618 90055
40403 91437
73250 33151
87629 58036
65854 73131
577 38807
54165 2102
84208 56934
65039 87481
18334 35123
44974 92166
74795 86023
86869 289
97846 21989
21407 89071
36512 37660
60383 47150
86321 94526
16248 83015
35677 31890
28070 12678
88327 30222
39284 25880
7588 4176
13298 43007
35283 25524
38983 79780
23526 55617
35687 38458
63077 81469
42773 1861
10973 93198
30290 14305
79074 20643
47992 18888
43085 34639
68882 89579
51280 74360
26323 76056
72724 74255
93945 4732
45677 54938
52546 8645
53114 61208
77986 8895
94479 8954
79189 88937
57951 94202
27007 83584
34883 39152
19276 1631
77024 76263
50078 26040
3617 27802
47413 2245
64945 28617
824 54482
31165 91103
9499 18770
68968 96355
8334 66985
34754 88437
51905 54268
82505 7742
48093 36508
61202 39293
20905 20804
9178 57425
39099 23189
33659 94545
56289 39592
85487 7605
89187 10127
9902 78002
78525 67618
1594 47262
57885 34201
76007 90457
95168 25813
8936 9278
66000 61522
35772 10362
46854 43959
27582 52234
46347 61551
90062 81565
86666 7385
36172 28611
79113 10997
46776 72758
55043 95943
23636 63695
78839 31793
28613 27109
14230 98091
25610 8128
85866 63134
57812 47578
33000 66006
17469 68321
92424 6480
83349 1951
36123 9558
44131 48734
67306 21035
69305 66827
76056 2418
80391 86856
81454 59869
38857 26766
28295 4410
29330 41089
32792 46351
70163 16054
12986 17599
40299 6831
31929 13610
23991 79298
41678 82426
33861 60608
41375 1389
32370 12399
47269 19209
15205 23101
49862 30725
74128 90065
60457 77246
16135 25200
69872 36837
53304 20601
28912 71460
54671 78109
21460 63800
3539 73046
46715 61432
16185 49520
31725 91463
16520 14921
25993 60469
17539 53306
59849 53034
24031 82540
96056 84765
23535 90297
2333 38860
9159 17027
48713 59414
19794 22783
85796 21795
51209 42703
40756 36904
70337 28310
24728 20302
96772 67749
41284 96127
82895 4300
64352 63336
92018 61689
33155 93371
92975 97165
36311 94470
74460 69831
33481 77523
60858 18216
95845 66952
57341 8793
61986 22317
50838 72838
91036 24463
74233 2358
45759 98227
36970 72190
63411 82358
77127 30540
25512 56460
43551 41422
8105 22059
36054 9359
2699 56908
74480 17092
51040 13227
70413 42894
24760 21447
28792 28566
96904 24624
43831 39608
7713 32605
38536 36256
30971 25725
7919 26679
13530 11322
13027 32187
41225 2222
90694 7096
25471 15602
59918 74442
75256 18029
89103 4788
90480 56684
88741 18116
73578 54999
7656 64966
98204 96189
12233 63747
54985 18737
21187 26371
84364 77363
57411 88295
85959 65680
22943 81933
11437 29786
35309 56160
54263 69261
26110 65362
73182 81578
35204 95717
73596 31117
90959 34549
35600 73595
28021 67411
57494 90630
25019 15605
75993 50014
58100 55424
32016 88578
42410 79397
57351 67616
63227 59492
85730 64670
58830 33909
73103 46366
72966 12365
14295 61957
6006 34475
44380 67541
833 56907
10363 72973
11317 47231
77357 54980
16294 17374
11506 17381
84484 84173
52895 92424
70558 72382
66875 4565
92597 21148
58439 29640
78359 88633
6763 44896
89422 66651
82279 20754
68940 5805
8679 78021
59194 210
19599 65475
83277 36055
91851 81079
52783 6267
59455 59834
8088 5557
40535 53789
20481 46149
90118 88910
89410 70773
95565 94757
60801 75265
26283 68615
17094 73500
11072 18833
74588 60228
10801 5447
36392 85662
65214 63429
11469 70103
94579 8976
66276 92551
48204 84344
40100 41003
29497 65933
64467 31816
88790 28196
3829 6106
92545 40862
86164 32380
86298 67819
4985 78044
89121 31775
26627 95407
29614 17036
28050 94733
64990 42161
69575 7129
75345 88182
80667 10580
18746 18268
19658 5230
36575 23657
17130 92261
67182 48023
70097 23729
75973 80624
1704 12234
44976 78798
80843 44519
20052 54481
30357 70691
49191 84736
65672 12891
20635 17187
81095 25316
81619 21183
67748 39780
54243 65925
16500 78651
68508 43324
27812 21288
32372 38321
64219 57452
85706 19960
91233 81151
41865 72952
39626 85070
54942 31182
2039 97059
39353 66060
73980 48880
57230 83687
66474 12230
95991 91985
80274 23428
86316 8821
59686 721
74872 34489
79585 14903
76880 47223
66625 54052
12537 25584
68065 12250
86707 20455
38655 33887
79422 46522
1614 53956
87288 88019
14412 10673
65010 82025
29888 47598
57121 56618
73555 39412
94151 39270
85295 41859
51977 70273
32337 43391
51897 3433
43647 39573
16014 2149
94396 49548
21724 60755
77385 58619
85631 9509
37064 84838
17625 27889
68559 74975
17704 82489
32102 39732
49518 6751
51664 8705
84204 96585
67604 74285
28809 96202
1427 15521
5476 69441
5510 94865
53628 64111
5355 67150
74648 71335
70311 11419
73534 23767
29024 90166
96148 30955
52342 49219
79637 75131
81694 28257
54352 60234
30234 83761
91434 53186
5383 65228
80993 90388
37658 45491
70055 58378
96303 27350
68919 24691
69465 71960
61467 65714
12028 28360
59204 21185
42004 20860
95401 7527
63172 19851
89006 85801
18447 91413
19662 67469
39804 655
98149 40289
61776 52071
11816 47438
62591 7934
28676 57577
54148 93568
33544 7890
55525 36560
54771 95779
50982 30371
28 30825
55838 51978
77569 5394
36597 66036
3448 34920
79154 66685
50768 58761
72887 50428
82079 72072
90222 24209
61794 97927
54769 59940
42857 18438
16305 1569
94466 73203
72490 52963
36984 75940
40806 13515
96751 92551
7202 55147
43649 61134
56791 47623
68391 29304
67764 25062
15220 37831
66283 95506
60357 85588
21765 15524
14952 83651
10764 59411
30063 57813
92934 57002
24106 49642
19183 37395
92594 67058
52358 83578
80680 64748
12021 7026
25850 26874
38777 8322
29471 26725
94374 84325
57813 16633
8876 1917
91567 16342
27577 18123
7755 41362
77767 87148
12865 62823
37035 75453
25127 89862
95946 31668
21262 55537
3331 80383
73572 11918
11627 85669
61803 89567
11385 31394
29105 75335
70075 22656
2208 97454
38936 42354
19410 53125
29785 61849
20548 20365
51632 24277
21515 25900
43922 11496
94783 20029
79593 79978
54304 70385
31293 10328
45690 42931
89890 54161
74862 83565
56635 42381
56117 72177
63865 9490
3227 28348
36475 22764
22710 84878
1419 63119
95478 76154
77011 68626
53736 65143
8607 96962
86828 3629
50628 60791
82627 91072
72652 84178
77270 86803
92905 63833
46704 52855
17814 19719
17526 31185
69976 27098
49868 41011
3600 42030
7421 38041
39790 14055
93327 82714
20113 79653
93084 63842
21746 56770
59767 66557
46810 97864
26600 60142
41327 4574
7388 59717
76414 41924
83498 66192
89191 37896
6132 16036
23254 90859
97682 75015
78566 60269
21079 7676
19624 26603
43826 56185
51441 30538
19473 42514
41977 35874
53794 78736
79993 64022
39259 94411
48422 35298
80799 80152
40332 83585
73872 22587
69287 38948
51150 4516
49822 1070
14077 80754
38155 1909
85779 44622
62128 74774
79095 92988
29976 56947
93661 51775
27066 4033
25817 71096
18461 72254
86716 85780
60748 13214
54928 73873
57179 90422
2677 13130
13679 52150
22846 20709
8543 56664
58742 49234
16783 92917
92390 51889
56230 72539
55626 84129
27880 41667
7617 92770
86261 52740
17799 74870
92465 34052
42083 55786
18372 36219
95194 9676
50894 30056
52649 645
97511 11485
69595 793
21329 11814
16941 79748
35053 79797
86273 90386
42405 77176
38142 63724
84628 72217
23017 79882
22505 86923
72951 12098
26959 93369
25509 22623
36983 35292
59243 24970
56792 10052
22585 40506
56725 76692
97764 11471
46568 51595
55575 54425
64884 55479
214 97657
12543 18953
74944 36293
40781 9199
18360 68008
21117 62504
44179 10229
70011 27521
5646 14094
44921 52512
68613 85780
92138 10743
41192 61871
84901 58123
17447 97574
47954 72446
70298 46331
68685 33697
18225 24522
96370 26422
19795 18437
29668 31819
84683 29045
4011 88206
46434 63010
59491 12497
85667 73682
63920 49078
1096 83669
71052 87824
39832 20230
19634 3957
18107 15970
2045 59596
84071 75395
65292 26392
56490 62054
43881 27285
16659 34978
39947 26587
24973 61033
37194 23914
95253 68733
97082 26652
86410 38488
31398 58441
48729 54818
39361 47606
35741 48740
59595 80344
84996 28613
73768 41111
41663 18404
89988 77876
37885 77128
16821 87093
28362 37346
87716 53848
32967 66978
57345 25500
36491 23583
92535 81757
10790 18430
27434 4815
89134 49811
35548 28505
41303 92907
42858 9519
85745 12990
1517 96709
13266 78240
92425 67495
81780 96955
75946 93848
69708 39738
91422 77489
23767 14750
23582 89106
49400 67791
77574 59422
78696 72458
23228 54115
28586 77831
70733 81230
50322 75144
66563 76716
14968 48170
32002 27657
43343 27505
84032 2139
58004 64649
36560 63600
70969 98147
96421 38533
33473 2625
82105 53672
795 65890
71280 18937
43184 92536
41102 94764
73971 94085
54950 17200
50662 43072
10998 98167
66740 61084
55076 63545
33323 74096
68114 50743
42766 72835
53846 20551
90763 47014
75048 63838
32749 25615
14946 93947
48407 79927
15302 68483
14002 22383
52161 94139
6234 14195
21778 49427
8254 27493
80681 49500
38576 24737
74077 92443
17148 76887
6990 34207
47142 56788
11244 66993
32972 30975
76355 76751
32837 73582
77714 8636
45864 97554
75295 2370
32088 49828
81708 8949
3573 21483
80387 21670
89342 43818
51387 90907
61460 33847
37845 78306
25760 42017
45647 76542
11151 11966
27015 10271
90459 50524
67405 90056
76243 23886
33088 77208
46871 64168
76764 75785
81870 43521
89823 41007
58337 46438
6416 43686
6296 59073
4724 43579
18220 47265
10907 94855
75976 94756
85733 90281
92185 58117
11640 26784
64798 10824
27380 61541
57959 23474
4013 96734
19561 16821
44022 76828
6328 93998
87763 79972
46710 18175
32909 7847
74213 30040
88270 522
4244 61992
72289 39855
80332 18226
31808 52158
42491 84825
1660 23596
19503 40546
94708 8445
43418 5745
87197 87416
24927 68271
18545 72289
52362 62190
97112 37967
80116 47627
10411 82694
69460 41105
38241 81546
32192 72261
85297 37763
18297 7271
69724 10680
50148 53395
18385 74528
70121 34543
23729 5105
64453 53155
68322 40586
34788 69445
50241 73926
33116 62451
19317 23378
93560 47726
70750 62574
98164 26541
70229 82939
46404 35669
30395 78455
35817 44385
67868 5759
65590 44574
21378 6504
76383 38357
41630 93649
96096 79297
72001 4277
72696 20897
83145 65055
58570 56401
63095 47669
86772 68762
10166 33410
45056 95948
26216 46546
34995 52369
14342 43069
76223 85682
51760 81966
5773 2304
807 12310
47401 76389
43096 83018
31527 20993
35078 43901
29109 7166
26826 2183
1199 78421
45473 87973
9570 39750
1659 76350
90976 72668
4680 35251
54882 98308
3957 44628
80176 36202
87749 41968
20298 5595
65899 94010
56323 68902
31053 17587
48088 13263
6494 74921
33511 62453
5521 3719
69761 26380
34357 34609
47962 22171
83214 3264
10927 69303
98312 93203
37812 11652
68912 82730
93026 93496
91145 20050
66616 50982
39859 54638
24695 77780
39661 78738
66578 84720
31749 85182
563 84588
55172 69086
40484 95725
49736 36605
48914 54117
9169 91628
34035 51106
75997 21051
60589 57457
91210 8877
53993 34599
72278 89309
22605 47772
49223 27686
50494 98304
2087 7614
33367 20389
8118 73298
37669 45615
92098 6521
63309 1967
12743 83124
14742 49212
2002 14166
34573 29417
82882 69948
23897 5541
38783 83436
42679 36966
93413 94271
3664 86525
28025 7140
87367 88455
64392 42437
13836 88184
53438 88130
51081 93015
14837 4037
61941 47012
23323 10560
2146 9798
83097 49146
74554 88633
85886 15617
6155 27363
92117 78017
69577 76424
68461 11947
32535 3464
93320 17237
77016 78969
2204 28283
47274 72574
49574 34428
67214 59202
74880 7243
3287 22944
5188 23639
87743 66563
85660 30222
19306 49620
14741 78230
95262 59944
81494 92487
80780 68697
91683 37870
2707 18603
76942 13201
65397 28979
22081 6843
48621 58001
14029 2873
2448 410
85865 29214
36662 96878
19353 32017
61161 87485
71590 63288
51411 17828
43179 41639
83818 74575
5638 26898
6098 83541
55796 53390
55503 75401
41221 42558
4909 20728
16405 56718
32572 91535
84661 29025
12775 91008
67262 66001
74347 34102
10252 64607
9714 10842
15827 29265
89102 55430
52784 13614
14409 15077
41490 68294
36290 34321
52354 29758
60478 85925
86275 89722
91535 3314
49903 29577
64505 96419
58437 9424
79685 27911
23151 70309
98065 94838
85603 28646
41602 92831
78353 60739
72573 21751
91705 45378
56173 59547
20690 10715
13806 9600
76936 37338
42567 34654
19197 8829
42421 57688
18390 20995
62827 59937
39933 71238
96386 10205
89097 87194
8882 42188
11852 88026
91527 85647
4968 64045
93672 52109
43370 27253
33795 51218
47908 36067
13764 7867
85293 844
48864 83117
72503 35874
48758 96548
13610 70450
48455 80470
562 47770
26077 68312
87335 10815
45842 86282
86521 84464
44442 16376
41944 53008
23410 27252
71487 51736
18749 47723
76050 90073
17105 51925
44526 55840
6289 35745
71715 66188
39687 40481
93525 64436
49552 52675
34845 12535
92256 80223
55895 89554
71266 5350
63733 69358
23263 22443
32270 65053
47940 72513
5327 22503
50281 11655
92759 37103
71626 51480
48061 55995
90211 27505
84590 96992
93043 84582
8119 22247
571 84504
34316 34794
58213 35510
8791 20810
41929 73091
53048 24502
29380 2914
45520 34661
61985 40963
26119 35438
69744 92897
13446 90175
74928 45800
83641 19698
6846 15864
90497 80762
37396 83528
5270 57328
6788 30580
11940 87511
76689 32587
93670 18493
22550 65915
42456 85547
475 7907
33792 91480
91924 96294
23593 56185
14345 92031
59379 32937
41601 6594
39215 21062
74881 89545
16497 16520
71376 86670
96687 59097
31404 46570
64037 7006
37370 65918
29494 78305
73330 64281
74279 17264
50531 1789
77202 45064
19081 82934
42469 5784
51535 42414
10696 86071
14358 3243
19472 4874
2342 14679
73419 79563
23256 76613
33865 16630
63871 43375
86309 20713
42136 94527
61953 29489
11354 89038
15957 38525
36967 95909
52082 59227
41386 10663
65273 64594
66918 31290
36793 92851
38021 83042
19055 28291
21901 27454
76195 27296
41878 94008
25243 20731
66613 12417
39497 19392
35518 2630
88867 92750
67996 43318
32221 97710
92914 51524
44288 51819
36660 43257
85627 53091
80546 6385
49300 17971
96036 59519
35633 6664
67906 1101
61423 61307
31147 66227
90378 61921
76473 36546
7003 48003
89933 4196
64239 91888
91804 94957
51866 88313
10916 28868
28910 10840
86483 97687
50640 12281
80021 91013
19990 46837
50712 42046
19916 84188
55576 40872
58634 42493
54776 50985
37200 54847
15482 90561
73797 3426
34535 65473
63331 88285
96891 26340
90206 291
3499 77446
92817 49217
34720 36372
28186 92548
18935 95197
85133 91995
40020 11076
56831 49978
15807 58857
17457 41391
52167 74659
77758 4148
44612 88581
26935 71293
76446 89650
91788 21753
47540 4687
66118 20699
20759 38230
71305 28551
94683 32134
17233 49175
42150 4367
23855 64065
40084 91128
67 50560
2614 51908
84981 41046
75170 27318
36017 82073
62557 85498
52633 7067
77012 53407
88002 42645
29818 46150
17954 63535
6912 53616
23974 57226
57930 8774
32668 47615
28302 93794
84169 89217
4158 37340
59195 28544
37854 50286
37058 20748
71959 71157
87423 54883
94734 80258
87534 31488
41740 45654
8995 74662
52953 78851
62571 82308
54796 71412
36455 12570
44680 76738
93875 12144
67781 3469
1003 48261
74991 57237
9756 59707
45314 31581
33452 27681
31362 51308
40852 18724
53200 2659
79943 42450
91911 71176
77514 13577
62601 88912
36584 11992
72895 29157
14912 67604
76196 72172
74553 93428
39146 39110
79980 27412
34899 89676
