649
1 26
520 301
20 549
887 570
1518 1435
1270 662
650 952
799 1108
1365 1317
374 1110
723 1385
93 32
1598 1393
97 461
1379 1033
1037 1046
177 1329
1274 792
1333 887
1056 1041
1427 869
980 281
10 280
46 1456
1408 41
517 754
1244 1215
753 1067
1334 362
592 229
106 192
1258 492
783 1270
850 817
1125 375
571 1017
346 1120
349 634
76 957
1097 765
1247 579
584 247
141 976
963 1558
624 764
1317 518
1167 584
384 1227
501 942
1430 989
756 559
164 991
1318 815
1391 671
1512 281
596 1472
1300 1157
803 1172
403 326
801 1531
395 1132
1222 918
762 538
74 1544
697 449
1443 910
1538 1192
883 1403
1313 1100
1058 802
765 187
319 705
83 1128
555 755
72 1189
323 474
979 1089
185 409
351 1453
757 680
273 419
788 1482
379 550
1074 293
506 188
1416 805
1218 531
1060 1496
415 249
327 1204
1368 56
764 96
997 971
1279 1304
586 1420
439 1540
1483 582
1182 423
1041 468
857 428
1471 1133
1055 209
113 655
405 981
208 779
715 1471
420 1172
541 52
77 626
152 652
223 1350
1461 127
1021 1298
428 335
917 179
1195 83
19 384
391 1470
739 834
1089 665
1580 594
341 1312
581 804
397 1447
530 912
608 1336
441 1486
416 601
1387 1015
1390 695
1028 384
945 650
589 643
1563 792
1465 439
364 1571
163 313
1197 1532
1220 1317
1567 1141
771 1496
1254 1008
738 932
464 329
195 624
659 120
537 330
82 447
243 1461
6 887
812 849
502 381
806 573
859 922
1338 1264
29 995
1530 1248
1325 1357
558 1569
1482 177
780 494
908 17
1019 1414
363 1511
1237 1016
235 1521
1110 1080
103 1296
1212 1508
1460 245
130 1531
1043 31
1008 1036
184 1397
39 261
1479 270
993 1192
158 1447
1361 639
1375 3
366 28
1170 118
1065 37
111 785
911 715
1544 723
1136 630
926 592
734 107
1398 1533
96 491
1595 653
683 1077
198 318
1277 1549
1502 820
1429 34
197 88
925 170
400 1386
1571 676
1537 138
159 1515
277 293
1127 1185
309 750
705 1084
378 1097
1475 848
1297 1465
868 1530
851 709
1539 1598
255 381
207 866
1062 720
1130 420
293 487
1414 808
27 1257
7 629
554 252
1303 1478
894 177
310 644
553 1304
1433 1010
1206 612
153 1493
1572 848
831 1527
21 1174
406 641
1082 1414
536 163
648 904
617 1479
114 1451
425 1569
837 859
527 407
914 417
661 1509
784 124
678 346
1148 82
532 1413
915 127
324 558
225 777
699 1450
49 1184
1431 1482
598 43
1227 192
56 838
1162 962
772 1151
219 437
214 1299
1216 1107
472 1400
456 540
154 1418
66 1184
881 387
322 955
394 580
524 311
32 1217
582 197
1266 1390
1248 964
944 339
924 904
731 990
893 890
1311 444
1407 108
1209 1111
1264 549
292 409
30 197
919 908
499 1597
866 408
1356 55
1549 973
1114 594
1253 649
396 1160
356 328
280 497
1268 316
897 983
761 1019
168 918
724 1128
1385 1411
81 26
458 1345
773 794
1151 118
1085 103
1327 256
60 1568
720 235
418 486
1459 1183
191 665
1026 132
1358 467
1585 845
1507 283
183 1039
639 668
1199 283
1135 1155
150 797
1448 510
1346 280
245 1237
484 593
220 1410
1463 890
3 936
504 1354
1245 167
179 1042
23 91
620 178
155 469
224 1486
1251 801
376 831
973 767
1128 621
315 51
1376 406
1246 1459
1509 1217
1090 1082
51 1435
1315 1026
1511 1147
808 61
1381 345
157 850
741 1212
1179 713
1063 1095
250 679
955 1576
574 1054
664 670
798 1195
1119 1381
1405 590
1102 1549
1030 1363
576 1513
238 581
80 1290
325 522
879 1487
614 1343
840 1430
251 339
968 974
369 309
479 1083
1293 469
1257 99
206 712
409 250
1067 157
203 1571
730 1390
899 705
1445 944
1188 636
1488 1553
1395 1583
498 1452
1051 1587
471 43
318 46
1382 937
1133 196
354 666
447 971
1575 204
1071 181
1498 93
1018 1353
387 455
451 1403
1121 320
117 395
1568 727
1261 1565
1002 420
900 744
1561 517
1163 658
392 414
844 843
909 14
269 464
1531 1341
610 1468
1455 623
480 969
1447 1011
988 1467
63 189
1522 319
1259 95
577 559
964 83
515 1196
600 1544
1496 223
1084 410
853 496
1439 827
513 354
962 784
466 107
1564 1434
1543 712
691 1564
1038 1422
876 20
684 395
1404 319
913 931
628 1298
1424 1237
1049 466
11 1423
1140 827
390 428
1425 874
70 712
834 1456
930 29
398 220
838 1044
1523 1019
1331 631
546 391
1578 351
1072 1122
149 315
486 30
1434 1481
1180 586
254 275
1588 1512
1095 977
1474 884
970 1392
408 1270
202 82
635 308
199 5
641 1407
1497 559
357 1316
122 791
995 1360
1562 338
1107 36
1213 467
695 202
276 154
1087 9
1164 855
1310 188
1326 1069
1211 991
1233 1265
999 354
419 1170
669 1252
1054 445
1527 97
552 282
2 106
454 1168
1362 947
339 343
253 1524
828 1573
421 1541
877 487
316 1294
707 1299
13 1199
1521 989
660 1182
1516 1334
1553 981
1582 460
455 568
1081 1572
1520 1341
431 474
782 26
593 699
326 1224
1354 25
929 1100
575 934
950 962
1100 1417
890 663
1134 1087
283 1573
916 92
1450 1310
1272 1153
133 1195
1208 1533
307 1175
212 1489
1583 1319
921 1018
1464 111
1533 1485
625 849
1281 746
1276 1502
615 1345
967 1040
845 892
640 240
994 918
647 1031
992 172
779 1004
236 1247
94 162
1169 473
1178 429
975 1268
433 638
1320 357
135 1503
978 494
563 593
538 532
953 437
1035 435
1374 413
330 1537
561 243
210 247
244 302
719 12
800 1075
814 748
450 1248
1473 981
1396 1237
852 300
1551 1419
1001 892
239 1135
358 196
1412 442
118 1403
86 799
31 675
301 60
873 386
1203 662
566 269
1201 278
193 297
958 1180
332 845
1423 236
802 833
459 1184
770 819
137 1569
1528 403
112 826
931 728
974 847
1348 321
1454 357
794 344
920 875
295 451
1560 1428
446 1483
774 725
1025 741
750 1490
1308 1227
196 1329
990 659
442 575
1477 349
91 122
1149 278
874 259
560 530
1108 1357
427 1478
821 1533
778 591
936 1467
399 894
698 1562
65 1337
233 377
188 522
16 56
712 995
110 1170
935 103
903 1564
847 549
1260 900
1032 1004
1506 858
754 884
1462 1086
435 511
495 1177
583 1407
983 1415
681 1168
205 701
1435 262
792 962
609 752
941 120
237 100
178 558
134 986
907 571
1137 1434
905 412
702 1468
128 80
