2849
76 95
38911 188418
172618 105610
81264 96472
205761 237887
37091 177869
180306 226137
144959 55598
236046 90499
144269 252818
211217 67785
7468 263633
220627 138467
18835 218598
259506 143137
131654 243704
161367 137155
249013 214769
249413 200390
186677 28473
226461 197080
222924 161746
3772 129043
4761 180269
54567 18000
81327 41433
104921 217178
91073 145813
262772 246069
147268 161290
154966 100465
266261 28687
164010 265343
134409 44516
151544 135694
35825 167484
44446 31396
182530 251677
17192 68088
201188 130697
246709 97828
86331 207746
17959 245952
21210 255107
75154 209132
240181 92380
59007 177544
123802 170162
79248 163493
80951 195850
6968 224421
266391 24032
69592 80698
207903 17282
257199 236472
33365 129929
90161 251187
250662 119706
63705 154215
137988 143527
62639 105090
141636 155377
66794 52817
112152 8565
133636 169335
258377 211634
9795 122949
114864 163389
237989 42542
59316 103172
232650 134752
5904 83429
92123 187278
196373 46495
101055 52820
183286 162915
111597 219184
134826 171933
208906 246118
202553 185561
223401 62805
255331 28933
60423 16473
142389 117737
153113 206771
267850 211408
168001 45600
70838 86919
167194 147273
147718 233662
23148 12611
56804 16920
241709 204034
110894 16370
26955 8092
32340 248126
80801 148936
5068 91693
33246 237482
150128 18140
248017 37768
190824 26775
160523 53596
156137 65524
17413 229580
218592 162283
64365 38928
259105 21616
139408 220217
217759 185832
142709 32880
66725 160935
166239 217295
138258 104069
215681 32224
89829 113416
81617 49446
95203 182183
136683 97581
7515 39628
9476 199154
75124 194765
144047 184317
266387 161020
10149 251088
221640 255596
244499 81491
54757 8593
43952 189037
39288 235044
62507 228350
262459 115442
109185 113252
42907 67144
174680 22707
117664 166250
115528 150348
232727 159697
224368 136900
75893 112281
96990 151090
58756 108355
222523 18794
185397 21652
41648 138659
33018 11078
21768 152023
256610 222014
67257 158967
64513 252434
223153 206736
55761 164120
263641 237728
59015 161956
250766 14062
182925 37485
226525 21286
165873 231551
63117 194445
3074 106380
59072 13796
9533 120167
162955 133155
231042 197809
251800 113592
68290 13547
72045 228889
36513 212955
130410 108723
158008 232874
184108 102478
47011 203244
120763 247087
115569 163684
186553 171249
206889 11539
240215 231129
182188 150421
48648 214342
203693 167521
152769 173120
114332 87554
214786 20980
53135 106993
227057 203994
214529 259818
263424 36857
256756 31546
205764 181986
64623 98094
99649 178011
109765 111892
186114 241884
237710 120792
115194 91778
223915 249213
192250 27263
80637 61399
260325 236245
47349 250295
161549 124769
134928 18425
126629 232167
99732 259038
149700 217102
209568 201902
157915 149564
260509 65402
215428 229285
101813 91753
47098 195564
181799 107146
91681 29638
114369 212220
95198 79924
90653 168463
35013 122032
13935 249044
19819 144875
99376 208165
259007 235148
130331 97202
61404 142528
250427 55334
221626 263684
258192 33297
40230 90103
247734 112647
12198 202498
102018 132282
220870 137350
180823 2664
88716 154385
147272 178758
160030 257241
263900 140609
145984 2473
157957 50500
47774 126227
131262 93684
210045 10093
68927 58077
28203 115693
247015 176538
162263 98584
22545 18616
116068 85099
49124 234459
60147 110701
161863 129159
85100 229642
37864 124317
258157 35947
50985 123146
145692 39944
43118 13359
194566 94122
70513 232020
227954 163908
182550 17075
154947 34804
70465 104047
139669 227146
120901 36381
260420 170597
235703 123070
185173 78160
23340 46884
164508 71740
88034 197388
70036 120132
41741 246262
178960 19176
174949 218853
245377 2194
195320 17093
194452 164248
171914 236045
105632 48336
158782 49281
223864 166503
36683 111343
114454 150752
143557 176049
39508 204409
130747 268211
189133 246287
168134 112468
157498 7513
139694 34321
137634 81378
172879 203168
98579 23127
186634 18256
194780 36599
16494 102572
258320 75712
222830 201427
93209 129691
14378 135515
70756 95669
162597 14060
84541 61891
148681 233092
99062 97991
215968 8459
267275 236619
89255 219415
49238 262957
189855 260723
165008 92588
71358 10617
112944 80649
139986 123944
184962 162626
109329 217439
156847 126113
253452 54103
29096 111223
149128 40272
42069 144696
261581 127449
43415 96682
255703 106539
98970 147657
46148 40071
250482 93888
240428 220623
200308 63341
261775 134759
128160 168515
256400 115403
28332 218276
171276 52537
59990 196621
246110 124007
189234 20108
155480 173564
128141 45140
97927 8612
220728 237921
140586 159648
163841 55961
195044 123315
111177 148227
63711 107432
61751 173137
176651 9537
70606 194682
24069 234027
21463 150747
191656 142890
58416 200460
14488 171062
104545 45473
152288 79567
261972 95530
12433 23683
239939 27948
185763 58420
170123 159252
99603 136543
27219 201670
54529 267313
235106 9442
9851 201110
240448 146331
76714 41491
119622 77566
68438 161082
106838 160490
102335 124364
119878 108940
3509 130532
168143 41200
254920 74321
173931 200650
178848 186536
262502 107110
102726 131463
173871 202016
63086 147577
95398 253258
27947 104618
114066 80193
91711 259834
110422 22821
215844 45498
100979 53727
71865 41582
210070 21392
160252 124120
157385 56862
159802 259199
145139 162624
253289 80267
76558 252039
123353 246295
32692 144256
66716 17054
238091 65890
220371 123738
131724 198651
216677 125112
23246 34123
128534 49030
96330 210720
209658 236927
36897 15057
176702 65754
250793 131680
29799 217130
174687 101258
141145 3471
220776 165511
21086 155381
225254 117684
180073 22787
202867 260095
239038 11371
8254 209538
261133 85441
147619 15644
250095 207436
224174 163327
134680 145787
223322 129927
16634 218372
252957 46433
245336 260505
84976 4802
128550 222312
103213 111702
24515 40391
257955 239374
267438 9514
5540 165994
148976 46325
50797 147954
180792 50880
118482 14979
130884 39192
142791 25476
140562 227504
252320 39535
112960 249560
58368 249493
171194 221896
186794 1211
138110 14693
136032 29000
224510 209740
45247 126234
256717 178130
109559 88958
84079 147718
145865 243634
171491 22754
11374 55263
46726 63704
152751 24043
212531 3854
256243 118995
105965 79376
193239 31478
209406 22909
54507 80089
5920 206897
206981 210818
100348 29296
76086 122337
110371 46610
33503 188167
121840 134343
32163 56686
244173 8930
129629 83453
210027 219776
266954 151055
249930 5015
15499 222460
147251 207733
259395 103664
52465 228803
129829 196078
234767 156488
102613 46004
67236 23644
64807 47599
150348 111016
254136 56890
266757 107145
183325 14383
177589 180336
35339 78156
264686 49062
27018 62904
6595 163118
137500 149696
72518 100073
57258 203213
2649 13331
250783 105026
161554 129783
30862 51042
137900 28283
94651 32030
105270 150315
40760 132918
150216 62179
62718 122552
11898 75908
85577 255563
169116 19994
115577 124800
21362 65245
51948 27166
170582 124530
22623 171093
24173 72768
152179 21982
75234 29355
245009 251729
221183 72311
94600 170549
36778 138899
22207 49734
217658 12440
46458 53471
202782 154607
191824 143235
21367 160388
229160 81832
142 50723
61466 46070
100659 175014
168666 225072
126447 181284
218080 266975
139099 26577
103798 229354
195215 232339
243413 52466
211225 168197
62246 253172
30840 222617
113055 17648
84355 154235
200416 106140
133221 104746
56656 144015
205388 104335
266759 49724
117937 107609
119078 238683
230524 162826
39172 124215
34451 134934
226369 230301
75750 237817
81291 225504
3932 35560
202313 60358
106576 72652
66526 162165
98528 11356
54083 258806
215690 117437
177829 83339
22210 94301
88359 5373
137062 184230
76041 57830
130043 43936
190293 111929
13979 144483
82680 165421
227692 108745
129717 121179
226247 238064
97289 16401
140359 60293
82174 51127
14070 42127
135074 221140
222654 105858
264821 42739
190139 209615
143317 170278
189830 206419
73674 60312
111612 263926
65965 15298
74197 33021
260550 188050
21924 250543
225366 89484
246664 263655
190272 117762
32521 119858
233002 107255
156727 33674
256541 214562
170000 221599
102197 5809
110118 257237
233497 217847
173048 237784
210495 24010
157206 208253
94401 36043
135880 77991
101174 256793
197382 262506
42206 73730
220722 192333
118504 56384
240677 76341
255348 6473
208096 231101
202426 237802
149550 180691
246076 29305
85852 111701
112267 37201
117424 3343
30229 17927
136131 222044
228206 176491
58695 30973
253435 119612
70019 20388
257655 15193
104679 229799
141820 176318
251849 143070
4393 155996
131842 236203
236386 49902
220868 186296
256822 241648
160945 56037
9434 218540
248448 221400
237918 13259
264524 217769
106727 39134
13791 111402
196481 18669
107164 177509
23482 120176
99901 58923
103440 97700
38955 268510
128192 207256
141073 145389
201079 210545
138941 73252
252231 141664
54246 209629
63081 90785
260760 14252
180664 216291
81421 140816
83274 115343
215636 105631
126310 152288
33481 194662
80301 185224
987 181349
42352 200418
213365 181826
98140 155326
75687 244668
180514 113763
174118 264898
205323 49015
185029 212016
249344 193585
189630 80027
267377 231245
3881 117974
25888 41171
161515 93640
22550 108617
92244 140856
267969 265273
78351 109886
162995 100743
118394 257334
86744 71530
118565 147413
34873 184355
76133 28612
129750 249967
75375 122687
53253 183498
56432 266570
40680 161934
99037 259150
94810 201941
2702 4655
91616 163702
232588 235416
16318 1763
20196 40926
76551 243542
111925 186350
196989 157442
114182 257615
253612 119413
206822 211688
114821 43353
76064 62395
16395 62803
173774 48786
156621 32066
111326 126428
12577 64512
210286 200423
40189 157108
257954 156578
29293 255409
129547 52530
11938 254205
199179 37964
60095 32920
202899 94675
80676 196434
82460 6133
62214 38594
81466 62774
202640 124396
98496 80170
16047 43506
225827 205382
136409 11545
227590 155221
75387 176999
86679 205973
85601 237316
53521 36101
206228 179868
149819 42617
209428 261278
237655 52111
101483 236638
102685 200343
55258 114576
158199 201569
47350 2320
77850 240576
55452 167575
66367 268237
72263 149192
216760 216391
105862 212639
32351 74234
126207 140988
251305 2616
235090 181451
58819 134643
1385 267219
143925 107161
260393 9527
179272 169936
27486 111967
11048 69146
107373 96239
54754 181372
178878 232213
166203 166754
214747 100603
196271 70512
69283 141254
253851 220447
86122 267789
245607 235461
174672 207736
72258 141272
46053 236510
68346 141992
183812 88747
208163 138414
218863 64712
106732 53161
30414 4785
218723 171994
81224 157954
38392 74049
124750 132152
50093 176930
127835 170931
24521 11906
61836 6718
148244 150389
203759 56111
173427 76374
203837 211408
61588 59651
107778 234677
48686 217372
173114 18680
121372 172821
124083 256550
33385 98184
159685 238141
18279 63944
245560 51165
192131 6420
234704 176792
219379 264525
167345 209259
240302 117275
188682 164934
15634 153118
76608 198090
13061 211050
22496 231764
140290 164698
267010 222404
136241 103500
164555 238644
83313 101390
120967 105437
169869 35415
153918 24087
21136 29911
41168 251102
57017 17357
148496 35918
192209 165277
237821 38344
41939 52947
116969 250127
172298 16536
96902 170257
28640 230437
73041 259310
205006 17993
247875 159609
258915 50790
177336 71369
35677 244837
258067 240506
194959 181865
223160 141456
104311 183316
195357 236848
182494 146173
234132 240442
89668 133540
165777 136298
35129 67176
9438 181220
160424 263943
5306 106457
217399 206623
199356 151106
150957 124941
180421 268128
149668 228188
27030 195153
123305 37875
203592 252521
239505 225054
166425 34877
252821 32144
106853 110261
204983 212391
174364 70543
89419 184223
158771 68756
142088 36113
141095 152514
28355 119305
219141 91709
59178 252249
192114 74191
50014 175975
116015 167746
50623 116394
67857 74853
19318 617
167102 76985
196946 235008
51910 80576
203479 148269
4593 62594
120017 62731
35988 20887
90060 183600
159612 132550
16193 56163
14792 30773
246684 233103
88007 44812
255966 170900
252857 238369
88819 130519
248923 150082
61022 81873
97000 140574
17713 268055
48246 266067
31995 123351
147858 151192
178151 59247
67094 225101
172165 143742
256382 252818
249570 260625
264091 123774
146581 50581
70165 189988
133622 235266
193375 189880
136382 200594
19750 202370
240510 172617
143938 150402
70281 234005
243464 253217
130405 32682
26121 242718
152562 113215
67381 258532
121538 257558
173614 110621
114359 60920
31088 240356
196146 224299
88155 77533
233465 215322
60349 145493
244344 190417
71470 223538
155720 99731
149904 96011
123378 92757
231152 256314
6004 235322
167593 233660
235469 78912
137215 128255
26952 229230
108867 221289
106826 45571
9701 107019
225973 89199
31575 110301
11250 235846
137417 172413
104073 81389
191318 113080
233430 116112
29644 138165
79757 70306
204605 249742
157955 64063
189915 256983
9313 156374
200916 42936
99074 81392
202305 91400
175949 55922
183870 7525
135005 15731
69980 10846
53740 187056
242699 68684
144316 239365
26032 38317
207582 144947
9562 159832
73753 142334
152163 33997
26522 136288
15684 267153
215119 98561
30884 478
59841 236043
40736 193780
241967 159574
143150 231841
144657 127343
230143 172057
132093 7222
46714 263931
210493 72738
42475 143405
41360 135096
146970 88784
173744 35237
201357 21950
88161 172202
209818 27348
218891 211857
139347 184021
158970 69383
155648 154370
5117 125479
184760 157224
177732 250529
35273 173575
221758 262906
131577 49732
13326 125912
111543 73674
248868 132423
201744 255176
28285 242238
218631 73955
48562 98487
197568 32501
205944 2416
6130 235816
179294 75392
88983 239472
46027 244065
227729 218270
206744 17356
162501 117534
10899 30771
177360 207706
163395 127162
222043 50024
188435 230718
249457 125580
216384 172657
4532 24204
115973 163526
229070 196181
264628 251867
47009 36068
200555 149477
189526 40625
82285 84711
238915 60652
157306 256818
173876 100666
113652 20197
102836 170309
153004 234586
190252 256612
136060 195964
148340 187063
214059 206757
184879 26365
99551 88067
68800 126601
205221 268430
252527 260862
124028 38042
218779 57847
221723 8043
176021 216513
212394 170380
224998 264760
231796 101526
122515 54081
233209 61464
133242 255309
8015 178721
125344 102015
130518 134124
175212 85295
254711 16467
241962 232946
178413 152034
31113 125194
96508 131115
63042 205902
14883 156370
217467 151605
160514 38328
63787 138379
13681 117280
186399 194118
91879 144400
216415 2438
136563 100510
162488 58789
160918 169122
247241 77770
243260 141109
180497 218780
30308 98055
24993 207670
57101 106341
158675 125222
194089 131486
2529 71810
102651 256119
10333 218139
166825 47353
102051 16841
200610 66401
170665 104701
75967 198768
117760 87026
98197 233449
124575 60541
247865 117278
225759 119532
224703 229234
84838 69798
237795 130355
80871 232277
121099 114471
133608 251002
56274 71007
212621 67729
116245 31000
159530 64456
167368 258097
204707 21608
260500 101945
129046 129994
259869 112607
97485 241389
196681 156344
160316 212024
2472 71386
130124 217270
25035 189501
65290 85360
25381 134030
232449 78151
35649 197548
130240 7352
121193 86826
255317 196422
83533 24572
146418 183629
44272 136657
197619 243266
210348 29117
27010 191496
132549 14038
102111 13305
56956 253418
101242 39927
217943 147054
3093 249980
179376 3347
36443 136609
210651 96762
155361 45504
156462 182104
232277 30780
136514 38434
196192 264278
112371 213702
126436 116198
126005 248347
224148 134788
239319 86933
97944 72631
163566 114699
172516 149585
42777 78837
122993 147644
141064 259381
215128 259872
161429 39050
84979 43187
248163 151010
14874 37177
64854 8766
121286 261823
57769 28840
170923 72797
46640 165694
32676 189507
13243 245777
187631 47487
249103 164067
46928 82550
57977 204047
177382 131157
115171 264774
217668 83760
140365 112426
76889 25305
197757 37312
22095 224385
43580 68395
24809 215014
143287 222478
124477 75825
100591 63809
126994 171563
36651 86616
183295 180460
15018 128118
235237 125557
29837 162591
228398 264120
118277 202977
192444 251098
157615 92275
249489 257954
111651 17275
251961 179827
98600 176170
163668 91452
235211 53482
7354 23471
54994 202214
3270 73113
54593 16581
234369 160829
79801 122593
229277 60511
90061 71945
159714 174105
148301 262671
146050 204353
22097 165768
113058 127473
179910 41939
100787 181820
61768 241174
83791 61593
150793 177185
112833 16845
66520 33231
152058 236718
10174 103329
136779 57220
169445 70800
57583 22125
10669 225936
110093 113861
212405 217981
85546 74229
220103 219727
241956 26406
167512 217809
167070 158935
77974 257516
21380 31905
156267 157677
167837 161035
267584 164297
73042 63653
56593 56037
6579 41998
93890 207364
40346 34359
266864 140398
112928 5382
242204 21255
174838 90122
254310 172965
54423 93287
100074 124263
222019 89711
200132 254760
39703 110783
33067 166570
178066 82351
61493 49988
216447 24240
106429 55033
136020 129724
121668 109253
163515 23373
243425 111815
147883 6214
103609 218331
75776 166099
154542 21490
30403 107367
206219 115191
173412 171257
256078 205650
168908 147809
46490 35102
85809 52023
122021 168625
233528 120550
222844 109291
236696 109737
72736 65303
214376 156129
32045 185225
139025 89366
162702 84648
265500 155390
57611 215175
248195 13250
157057 132544
88157 61565
112781 251339
141340 243637
48261 187394
139473 129983
39419 101523
93259 20233
264903 21013
252752 167224
78564 1150
29242 37149
211311 158815
177022 74270
198706 171121
160669 38991
60030 168267
163592 91564
203796 75109
168916 220796
203539 180770
222311 251740
52833 63923
105279 8780
100662 3129
170545 99468
126727 110603
73634 170147
38197 173348
227942 11319
250343 187392
35613 19784
191808 261104
60959 188659
245214 128183
183890 89341
96435 41658
160670 235968
211737 58056
217631 162452
74963 198642
164870 38445
98887 250560
22328 254950
75420 77051
251275 261601
71018 177997
8988 110711
129809 123460
166954 169720
263848 25852
151613 93239
201252 182319
13151 243108
229609 74211
201377 154162
246133 198769
249454 5880
66086 112599
77941 108038
265134 235255
111353 253045
24679 38204
168071 80463
204837 147828
199243 261821
175973 20816
93799 157887
66363 135461
4838 250446
51056 128147
204275 148063
188785 95399
58862 71820
254839 179039
5667 15557
247077 36937
197650 5430
181262 93812
256294 54549
149833 122883
40916 59259
146894 200071
194907 265188
157586 30553
148449 166765
153713 255151
61683 3424
6541 56351
244018 51250
214429 146604
17944 256870
140974 141463
57114 53216
124213 112910
3334 12999
130186 46480
19593 116467
151599 132947
212262 113818
5110 133773
74649 161214
201314 224729
264162 230646
149721 198331
59579 85856
617 243612
151585 252267
179824 72049
187067 173885
38677 181115
63653 9260
80956 149924
265527 236859
106031 34394
117032 160261
27968 81272
180776 48101
97864 165276
84536 63440
27948 236812
242288 131908
135762 210335
155265 224265
155772 187743
85683 180059
138339 32028
263152 6295
11631 186689
175308 34642
229405 79333
217831 79099
200697 113946
96647 93557
185416 58225
137552 135134
34195 224899
7359 243953
67917 31587
175679 266943
179892 144519
64136 50579
48169 22967
263995 27039
21742 189436
117775 62381
195641 12556
125846 100367
1382 104510
175796 148207
18633 247006
31464 49553
226192 227727
25479 265527
107051 23536
52964 55917
105227 7322
230187 244459
198468 184080
100273 134679
2837 136857
41558 48517
15604 236891
231917 39359
68740 38422
115849 96625
154551 228636
107575 139564
220307 126014
173166 55911
67376 261286
53423 56523
46464 267351
232195 41367
62559 259526
23734 116144
109843 80421
76340 255746
145539 158815
264716 172189
32123 40956
268470 45410
43614 235959
121746 18385
151468 164633
183842 107390
63041 219392
178532 88485
43831 236132
45654 16262
92136 868
1861 180588
47283 181128
166661 21947
142661 152665
121733 69471
29645 195104
182417 36955
85976 168050
42527 69251
256578 255562
207801 10267
1430 232715
222193 192421
186142 239955
65280 205697
252373 112102
70415 88267
26365 112321
134051 115213
82498 259756
58199 187643
162173 27320
213438 89706
131891 10560
206560 93259
259109 257229
99567 156308
69438 260566
15946 220312
262657 2824
150390 199204
112981 223853
115360 267498
116713 68918
122977 160826
244871 194458
20314 209715
9969 184979
101752 61038
118192 247596
29194 244560
186416 93152
260704 212540
254126 132123
44194 93985
151837 77810
234288 76822
75466 252332
15134 67874
256557 189091
234775 101358
220885 16254
85069 17542
254542 36677
161480 141767
44330 171813
225834 157978
14591 214750
37593 123073
57342 168366
31238 197002
14887 135989
153811 62207
134842 60429
122754 178834
231336 16904
4160 3474
80221 152390
173336 5413
64978 140715
164379 212213
158155 49836
30026 60964
208771 255354
267658 191701
238422 31358
60338 27602
163161 93899
44497 170680
76920 17889
193073 78595
70102 255522
36471 90369
103146 84723
171832 1160
161050 205382
139810 223450
204099 253853
189889 4312
45905 167859
98715 171608
116967 182119
48853 164958
229132 165407
2019 259723
114689 221865
143012 39280
32792 267207
204900 207559
89229 169806
101742 137248
232566 146604
209472 125760
151075 14118
115531 251948
112557 22276
144512 257040
240263 106385
218022 229683
100004 152002
161171 63682
157610 44148
190223 195005
97643 70562
227163 36180
30339 4621
52512 63092
257119 184512
92863 202705
193834 65444
24559 172020
199353 48720
46247 68942
179779 227297
206800 12280
168130 10379
91929 262213
109625 151176
180613 132005
211882 108359
89029 10431
239164 186010
115016 199247
80915 170534
199401 50499
69348 60067
225445 32975
185180 222064
258651 261251
56849 92816
253565 205226
205594 86881
167926 3741
231139 75692
90869 58747
150174 83987
110502 86373
231146 124085
86466 51886
145670 173717
26198 22185
47711 95381
258923 36506
267376 237976
88059 120046
170187 56440
109416 221544
221904 143144
224047 180215
36542 230808
80176 37068
86464 258719
221182 268405
128984 250162
46707 100582
86381 134318
58094 231233
90750 192561
103759 250098
55951 70710
192278 224136
208374 65653
246512 90911
247037 247395
94099 148380
179789 231840
101932 76021
185047 50897
178515 86703
69279 100976
250094 72724
64397 101724
120983 29311
205696 57587
140649 85401
194415 123353
70516 125943
94432 178295
215770 179125
92672 175491
944 181150
54968 115520
229283 69569
103267 245962
21741 251243
182133 212143
171635 80980
46973 118579
190801 235018
128129 52914
142730 147191
234148 262718
254246 87445
125305 79987
109098 234638
19873 24160
262955 99927
228892 109073
104970 205270
150313 5010
250217 107209
163138 122103
158421 64590
111025 81279
28232 20943
63688 45903
236128 191449
223977 61861
138033 149235
83293 46938
58389 186108
99109 67720
161428 177415
85484 56438
96796 17968
114163 106162
254730 92395
151083 87526
189711 178699
20496 91615
106700 212697
128100 263234
100110 44037
112337 226463
80002 155903
145793 76650
218697 107265
160889 68601
116440 200346
100420 154752
253874 105224
158503 240030
259291 211436
229920 151406
246278 156413
230198 49076
112940 211478
197972 5803
45662 189194
217604 67688
36380 79674
146928 220926
92046 71371
181126 34299
111461 242097
73202 169215
135959 31078
239882 229989
205257 216324
226657 175112
61677 111026
258741 19190
76070 218124
28396 132942
236629 84980
11966 192846
63789 110704
66349 149733
197740 183098
261385 99015
124057 211130
163763 183939
115745 62319
60902 268650
54489 211104
125471 36565
137881 161821
117138 33812
72916 265750
4003 256265
238934 66531
8121 158113
136803 1639
249336 263492
196050 31984
24844 48948
13914 89346
72607 41641
18967 126476
131063 50642
36545 86328
179926 242742
265744 162630
247625 77205
51925 112843
101485 43579
3568 7160
128848 141191
85163 54342
3843 180798
210191 253305
245888 30483
187420 145117
260425 47456
39236 106740
203723 172199
134512 234950
232928 168768
28977 59178
136589 158260
263325 212692
162403 141480
190906 44795
86981 141039
13386 148324
22025 206092
29502 28474
147946 32955
233965 34073
97230 160669
162363 108574
76914 139321
160696 143189
84030 188231
39843 41291
78741 237667
39320 205832
177998 129671
74500 6884
74868 70892
48873 105791
177029 173993
81954 164903
252391 96765
21909 89070
73917 115954
66814 4614
24044 239242
152287 234268
119448 76751
96112 246827
144730 163229
9262 48456
98144 12458
193074 160782
11507 221255
182686 26827
237258 69336
185897 246218
145439 188793
171908 134409
40856 94809
88322 30352
53891 246890
51642 139529
54999 131193
11639 42818
117501 195752
117157 169008
4174 173607
205830 100422
147604 167339
56982 168687
209092 85287
217684 77425
260905 64355
207442 25882
65059 225613
58974 186931
228959 13660
24240 131496
267693 105880
79218 231855
63411 4770
237600 1713
192482 97558
200562 102372
141924 179476
239552 164265
246477 22165
190675 24188
260731 247424
201499 212365
139329 216085
67747 135668
10329 47824
152880 51861
27057 212854
66345 255758
108871 194013
94023 141977
179802 105865
242154 128676
132329 266058
247040 162481
57803 40155
248125 10747
43692 239457
167137 99271
243687 47870
244332 70787
210681 188100
41109 2762
149212 174944
162689 43736
256302 225889
111 82604
114692 201106
19727 134038
178301 187708
126064 29238
177793 42803
137894 225980
38610 96568
89696 196303
214875 65391
128203 11307
262693 2983
109291 255623
259320 107940
57120 11315
146634 132354
263018 123701
193727 249631
118738 64694
138682 16206
219788 221374
212208 71799
261619 91090
105993 43989
236694 245970
106552 84050
63239 156766
224957 4630
122581 10856
56538 218519
135285 20229
230160 181157
75651 202268
88415 38303
181410 266539
247716 251348
92878 64245
263590 193303
129318 34347
12006 262275
20038 268509
152041 166115
200951 53777
95160 256511
230179 41527
196706 10388
22900 160369
56221 52279
6265 100219
168260 237893
201290 231623
147729 74786
229396 186330
138248 114217
217598 132771
248634 190210
208694 127434
222598 124130
5397 147289
218073 8575
234079 85681
246892 71552
50621 59214
146151 68634
146019 86697
156784 80280
66576 174966
216765 98944
7076 64100
188336 150775
106564 83621
91257 230079
183560 235038
236681 101984
44824 127181
126141 138210
160917 227330
250600 240535
65869 181919
207274 236418
59189 90699
35860 53756
121069 71136
244451 224766
90062 94385
39338 77334
238037 32334
152370 18865
63329 30479
233220 262391
100949 265040
188341 150896
225415 165674
239818 104122
170407 235694
5634 6588
184215 104516
226296 7390
122845 65975
224846 182338
84582 156608
220508 25781
248070 174979
209866 233374
56571 231590
188919 132067
160698 255600
215670 177473
122520 14880
146091 144299
235142 216812
87385 261100
184029 173876
32205 204168
2669 69167
203131 182021
209239 189634
201451 25840
238789 161071
129764 256738
145998 72103
88098 48315
115571 165953
238061 68499
179023 1852
253096 218377
223370 219112
225235 191207
36899 190677
115203 79236
103010 31035
262224 118446
267477 143087
115847 87459
103345 158187
145228 213529
80352 53525
237727 219944
78667 244952
178840 106406
48213 171661
128319 4296
56261 35896
88237 265587
179541 152725
15061 32083
243422 151356
262103 99553
136215 66100
95437 40690
224396 37068
250727 86383
180774 221259
168932 67210
264316 226646
165382 91287
228600 257211
223291 225573
225020 33315
50477 161422
178054 63050
95124 137222
146284 47897
244702 181065
98972 17066
117780 150753
161949 130501
206313 158391
116701 36982
196180 151451
89821 147289
136364 59560
117721 159438
156108 189773
36470 60555
119938 83831
268067 179226
39628 174086
213820 123670
244127 153740
229297 229558
266269 44747
138616 235225
127865 122069
106603 192772
222097 37932
258503 240260
44295 107504
20373 119854
79668 118926
191130 80536
200645 196420
263580 171422
64823 127882
104724 136611
174619 19196
243975 155055
242781 125000
141146 148298
89939 100952
3857 115743
128813 264728
235074 38127
18018 22660
222635 59283
81798 111353
119957 43716
51685 107566
106658 238506
61837 133501
233040 28446
61961 137463
237930 114364
198663 23961
93385 204587
226764 23852
34669 162101
176877 71850
104685 202731
51182 111013
186161 132966
154557 156562
178715 118170
77720 116958
94117 246671
147534 150798
47187 124111
197982 62352
223932 7624
206006 69375
240751 234319
23640 240718
158936 243592
23596 57912
120973 43697
185472 176115
70138 119961
206308 40494
3584 77271
239838 60889
237115 142040
90757 202882
167973 101465
236205 233376
76823 111733
33944 193088
125986 42304
55484 121180
219886 173133
178115 155782
25980 48890
125935 262603
151481 125213
98367 133126
16101 41831
184637 139460
133961 211297
222226 225570
213337 147310
182684 81062
108673 187949
63748 232748
245535 29193
109850 84162
70947 66734
124416 77166
81654 153241
161594 47238
28419 86992
80917 169073
31833 84715
123096 260113
30418 13545
142105 219456
228652 266286
257148 33768
81477 218592
155108 167231
236141 165825
28161 56224
158949 153223
99936 234728
19012 16726
14010 39833
200022 261098
224111 251665
95764 31817
210991 176648
152508 266411
109531 133078
263598 65059
48073 230111
267459 37070
49215 22011
220315 40495
201859 195741
128390 40636
38632 148695
211684 229014
2499 44221
250608 139418
2640 212175
47545 248600
48273 3154
240111 204814
73350 259378
161694 196528
34469 261573
160875 17066
176699 10858
72716 201648
162069 210046
235029 180354
136711 190007
26712 267110
46917 158816
79586 19192
188356 213399
256588 147190
213667 144644
16544 249528
69871 77014
82930 186554
215888 168963
123466 147620
1607 84019
126660 119817
58095 195229
117232 97042
239415 178061
63802 164686
195422 135373
194899 255900
195823 74571
31022 60849
86779 94976
194773 232649
262295 139443
169751 111289
108572 6905
37567 163907
85341 254992
168761 72828
234649 118870
132321 241180
123788 88317
28219 81036
197418 180212
103896 53621
213367 37696
38512 243390
85157 211980
151325 28175
266588 60682
199139 143781
47211 75565
40377 19557
3145 156216
228022 73843
168424 173428
110132 231868
14207 134794
223713 55187
45882 125408
26343 23285
57374 25777
121 131987
59496 214380
57862 162186
194504 141421
96244 30346
176078 98022
264356 53291
91543 2137
170581 126384
205817 220275
146742 53042
83777 66594
81987 129133
55472 80495
5056 51729
170017 64507
198404 152840
247694 94799
48039 231204
76988 32983
264454 59095
185341 87501
233173 137711
46813 91391
220402 61978
152139 214074
113007 126382
173472 134333
79955 178664
199366 60468
65185 260205
37598 113138
188394 183110
148765 212915
243306 180357
173237 71006
151290 142985
105612 54041
64739 152859
22373 9981
266907 44292
206310 209447
179339 249726
118855 9455
169999 99567
205115 102633
25340 50373
57706 203899
182871 211021
134065 67329
197868 143796
231071 186500
33171 243885
929 9395
122958 138396
194224 45586
49952 60425
82067 13270
154085 62242
57000 228884
172549 98554
59271 8066
199986 67275
62248 223075
181124 50900
175865 33921
53570 140950
123309 207676
139078 28553
25292 259046
260625 186877
93170 17512
238601 238557
250910 164500
36537 245436
2479 153758
163314 29343
51812 49202
182924 172638
178411 117026
163550 119234
71949 38202
127404 208011
187487 8759
261864 117560
170481 138268
79232 229818
209223 170603
211681 112663
178827 72214
144551 139981
116955 239029
256696 31620
673 19463
32832 232535
168148 70791
218725 264787
165171 64834
43814 235353
119053 168004
107623 219718
154422 237079
71899 20543
165532 26811
255078 112854
220873 222487
226231 192710
138069 54675
67999 92606
198161 53515
19536 18306
236605 228495
192166 113752
188707 215136
109189 30113
248996 197255
223681 35957
204693 45165
118863 73172
251911 187616
25165 180228
57736 22520
121586 233776
233083 196609
155100 197295
65443 115939
227145 244999
54563 14260
205883 156249
132658 252617
261292 168239
178951 51076
66046 177889
257963 104698
96959 135535
61662 48600
61840 128850
63442 258586
265565 9737
126455 61410
150404 30934
105513 151949
216726 181354
42296 142237
18919 197957
56547 262359
27228 131951
93100 245553
190464 186246
152324 53230
121125 128029
96632 72933
129747 191668
23038 20033
18657 256949
101685 118493
217777 107568
218913 21994
64139 206314
238266 202141
165540 159579
258633 48466
152012 95792
140766 101482
62633 55065
182369 32766
23875 151776
40067 147895
61011 53092
154040 248110
82759 195533
97486 184582
121190 196322
207037 165962
27565 257343
85083 263145
160598 64374
231131 128554
110274 9281
175223 74820
260833 119987
163204 40997
19789 76175
83202 199173
89663 166996
141219 112623
216161 169584
248052 92907
264172 110307
259435 81722
128758 106152
225782 139100
197000 71279
132505 154623
72211 59627
210236 263693
7917 106493
137652 152047
136941 107926
140588 195833
198389 83471
14702 169488
32048 229197
95322 32471
26147 48159
215612 132667
245842 153211
32212 75585
149107 3399
179590 162742
264143 255154
35776 230089
140555 194958
177097 240115
202996 36384
211698 16771
173607 98865
125267 42784
34653 128661
106331 11162
121814 167801
39442 26716
149051 220401
259025 68191
96037 37361
20291 251343
155389 37134
223016 11861
103697 136911
99771 224839
90474 46690
32049 224740
10173 221653
220128 245863
259975 137848
267420 227909
212759 23603
179608 57208
71502 247151
171873 10508
254284 252233
28858 199334
44449 228711
7094 230647
94245 231241
209700 45565
78776 20308
225375 157623
93595 74890
63551 59209
15828 121184
180128 209318
163010 72475
41393 92141
33452 203716
238650 81361
58973 255344
113343 138106
160569 22940
121896 119531
119312 266179
172704 108136
255815 19429
212082 117069
185080 199257
248836 187824
69832 240976
38461 38734
57677 115518
12360 157912
85506 250526
4049 31925
187213 123846
44940 223516
141668 14584
177943 86122
205077 237038
113882 228785
109736 214572
41728 193587
237514 182015
227711 243743
88271 38467
52374 19141
20155 262180
156895 94161
63973 241749
95291 174845
49206 252288
109529 64742
110404 3639
35232 105374
251303 190931
51168 246531
176958 60448
149366 169321
221552 135343
37539 228299
121752 122135
223313 44031
28211 159807
71892 13630
255880 161358
165064 395
208064 43776
43913 152723
61052 72971
173987 223145
238324 74680
79570 165684
241345 177440
235810 44979
224307 38700
6948 15882
266559 104878
23377 61184
111690 189932
78912 104908
171379 10691
167601 163776
237492 187282
249653 93706
239131 236673
100769 216099
262581 119021
117270 103732
207996 266992
67839 191740
182523 153016
59292 87200
208910 184327
246070 94984
235160 125320
18212 105141
252061 160067
259784 264745
168865 207277
4974 119883
98702 87455
240979 927
71814 54923
247711 103308
13895 200601
22053 44218
118673 251883
88027 147665
221406 116816
139326 234018
1474 241897
228834 117435
265414 183483
121241 229085
136733 38914
265676 60147
187724 146165
93512 40713
229323 179962
244711 62148
104005 239437
174398 63654
199159 75645
143914 221422
14353 231919
234836 190760
119812 93098
51957 204353
91933 87134
137078 11559
42345 28713
13214 169077
204683 87378
68445 35780
51137 52477
24254 99738
207330 6866
94494 260285
196501 261109
101088 174248
86985 157755
110386 158734
246717 67736
116816 25316
16652 238164
101792 248348
32573 68141
148328 143354
155386 38114
194176 80435
134586 218884
91817 228158
165256 132834
234225 11577
184212 136276
137143 233067
65459 194229
231932 198827
212401 62312
46944 180691
87079 211036
106977 27626
161164 198271
41545 251748
103612 139712
243678 96897
185211 231425
29032 152246
137959 121471
82615 155195
256849 196301
218174 229272
160432 46026
109122 260010
261454 150341
230548 179969
17391 239526
160323 3921
198277 165136
35332 222962
132203 16174
34615 106388
134895 262428
180677 190484
60860 139644
8200 88910
87460 183071
110471 174999
61519 262686
39256 260529
201112 21615
250369 139642
9187 60578
246821 88504
127298 43473
130078 84690
235028 206146
149025 259501
164155 156233
84490 16894
138630 125797
199953 36273
265593 149042
146881 57379
959 213873
65582 96322
14461 218894
219253 12452
153505 98318
245188 159036
104035 128822
127230 25827
87024 55192
75072 106411
124344 112278
122081 166382
79755 251609
66331 230852
192804 106730
38347 130525
186049 123184
53166 63605
200719 17056
6204 253044
113856 115696
165118 171441
128441 128968
192708 51275
169555 153337
52425 129072
66758 167001
214600 30788
262256 65937
196675 33439
80111 131504
19456 107401
8648 242940
232842 113760
251854 20381
190393 26936
166252 85909
176722 33978
113589 232450
243954 116417
243418 228985
10354 14784
168030 23136
249003 201185
228393 85012
37349 8036
213230 263804
148522 121210
154391 219821
111717 110492
109353 220264
242135 123568
193729 114232
104140 61750
268179 19915
193282 174402
249718 81846
87851 90717
136730 191633
45154 107198
43619 155442
131955 31384
36924 84597
116848 25559
201853 44355
18791 6988
33592 129578
248961 103734
264452 161890
84592 255987
177551 164927
37507 253886
161702 212109
248209 265726
240330 55903
153319 55873
82414 117699
61506 257890
158796 75762
96360 88662
121212 217316
73677 264541
117783 61509
8486 217550
200857 31670
192598 128882
23972 88531
233219 159112
56265 168051
235395 4962
181734 61615
23086 117071
57661 28907
27149 198251
260153 8763
257378 163600
37823 252602
126733 176595
99861 183497
232166 150477
43211 86471
32799 69688
143476 16936
21182 144235
255733 59219
21177 205742
113674 202389
104471 137833
156456 232604
145893 136104
5352 153259
226286 200231
57779 176492
111549 130541
163465 164735
169392 169040
124257 55161
39371 93325
188992 88003
105977 201849
162544 127828
136651 88542
235811 24485
139211 266977
29338 136901
149339 217420
11060 260899
107181 257438
200912 59201
30553 147980
156768 131537
88297 86092
141179 168920
26253 119439
216784 1977
59372 229501
26758 150095
235128 232696
265722 255041
15197 232058
134437 231656
235007 87607
19706 219465
142418 205942
231679 217904
44057 35728
89115 146472
63662 94019
221002 160947
149935 189040
152930 43095
171675 244700
