2660
36 84
21332 61142
68675 106162
105418 83725
38750 59856
65924 33862
102165 31680
108889 73605
89654 118400
119140 7642
37252 91816
116093 121147
978 30247
76979 25947
62979 37191
66254 26379
70427 1913
59641 58662
95131 39320
54094 63653
74204 1670
48674 119957
12464 49020
70856 83311
32774 61575
899 114509
61149 114396
104503 39349
120421 108176
123263 52628
116840 119236
32957 96127
62367 81642
101129 125080
100473 8189
100117 70012
81104 93359
40445 86223
103168 89866
34018 31100
89826 63622
58478 102132
124734 47917
46727 118087
112678 22039
927 25176
74901 84377
30613 31765
7684 37420
55084 48231
100296 68834
29062 118101
40858 111467
40418 107791
72176 2660
114074 22349
108714 119932
113853 36865
65311 5880
8243 32681
88248 129289
87820 16062
81693 56397
112833 128687
17607 64139
19478 103321
81540 35739
85819 96484
82487 28245
126845 111163
117963 62296
8966 3547
36568 120642
53744 12592
66113 106195
59610 76586
13154 31402
52017 74286
8079 82304
22954 14553
49096 45299
124935 13127
90213 15536
64009 76676
118513 63110
15005 20300
52028 48256
31534 61630
76053 28669
14002 47179
27882 44803
77908 41067
75189 102310
19537 101262
46125 49847
75545 84274
16510 47189
129075 19343
100083 81661
113181 104429
14867 21047
53006 90609
72531 9465
80039 12155
102543 60502
109377 113706
101227 43912
70598 73000
71745 124280
12871 97802
18893 89962
59673 8964
16365 56838
115596 60647
119810 118463
102377 118279
56771 85783
20365 120231
9990 10751
103201 15981
66829 81501
35287 36617
56906 3534
78913 51688
52694 18690
218 69019
99776 110268
73573 38909
111127 25873
58792 109200
87447 17453
46576 107586
62436 116477
70367 30901
128608 55052
128379 63245
109682 2378
128342 2909
40269 37683
87652 112883
124546 87740
88781 114523
99937 53237
51965 81814
112981 35259
118485 4152
4922 37277
86055 87377
91848 97493
61495 76879
8684 52127
120640 34386
88102 110565
31865 24717
105550 37811
3299 2355
52102 26254
65935 126690
69166 22779
104255 61073
52975 42003
64593 50472
10356 122612
125405 57496
5878 60033
111926 67374
71537 39593
22792 2158
87863 103465
96073 124933
34099 64257
13572 70031
52421 91073
127384 41713
120806 72816
31938 30156
67212 112377
83608 83334
321 94191
16860 43528
99505 77675
57413 103602
55325 124082
52846 91140
120115 28124
126039 111880
14755 98022
126671 39788
86616 10782
8645 59523
78812 5843
99617 106854
3401 94357
89845 94151
74173 61247
1822 112981
38713 8145
76385 113791
101292 60700
72791 12457
73723 45529
27363 126466
71324 88577
115211 65434
99440 92404
99873 25755
98546 105604
18875 7259
6501 31607
116845 66990
42762 30515
100223 102186
48323 90395
39720 98659
98410 63766
81782 90852
57776 74681
93572 25690
87441 127896
37983 121084
105583 50625
14680 108980
99766 81600
92488 115373
17978 15359
98163 99272
97399 99518
60404 23789
78057 86192
25797 118638
66585 9578
79486 48754
100323 86412
11232 26420
110195 11988
22793 41768
40825 52681
24612 57197
38181 48569
45780 125594
32734 100458
92673 82996
124977 68524
89535 24141
19171 44118
113138 90646
96256 85496
48744 71526
115873 50391
26070 56479
95570 30122
79404 10885
35174 94374
34238 117285
90196 60102
105477 34257
92863 117985
34343 123508
69552 4871
126080 87239
75957 31403
54485 23965
48492 32149
66555 79456
111601 109063
79886 96159
113921 17801
72637 66668
19628 47318
83181 102293
6343 31802
7724 126038
123470 74326
12452 83566
29469 75674
33731 119340
67410 53655
10480 75263
42101 54352
43404 15962
78665 13417
126418 72039
12446 64055
77140 108058
71218 18189
112594 127775
119802 49257
99554 109921
27139 28738
27134 100604
55049 31193
16475 2726
40482 70943
72467 79871
83561 51781
34614 14104
12337 18465
15033 92419
110072 57412
42753 31002
70344 114405
128754 29614
64104 121716
7869 64107
101282 115611
43323 19109
4138 66811
112618 11938
88412 67021
114004 51150
122620 65785
124295 97338
25259 85545
16046 32024
9396 26575
97534 100535
81741 63951
68590 9015
17830 81247
103559 83683
18387 37857
94238 57620
67447 13920
56342 107680
19997 124491
68730 63057
22315 123911
128209 11886
27540 92165
98394 45313
123561 108735
35536 4892
90259 91154
5002 109192
128569 87241
122533 4286
19828 843
67992 25979
90250 127764
77115 105575
73789 53916
31671 19394
38294 46824
13786 45905
17494 68482
121096 25043
30637 80253
63857 24314
35412 33866
93292 117687
112202 98626
19062 24635
68711 72406
112477 8356
2280 2764
59921 70774
6239 79165
53536 91845
104713 6474
83195 2373
11632 52052
38719 103599
24912 99007
90067 66051
84731 98016
16223 126618
19449 65994
90600 102036
11084 31217
95894 71546
82963 62400
98963 81133
113751 61751
37470 33884
4188 44648
99235 53221
62452 56245
75249 103764
95031 84312
85719 76039
4280 36387
57701 48978
33973 103116
117847 27024
57325 10178
26782 37283
15159 68396
17883 54949
10798 90674
42662 35663
70966 68320
46584 78004
83293 9429
39008 25613
35802 26908
76996 53264
88639 101177
104900 76882
24071 11288
122230 91879
59331 53706
107821 50714
91092 23309
30138 50721
31714 40540
78291 120429
9660 56201
42361 57440
123389 107056
97062 58151
99859 4244
82621 124415
105989 103104
70697 47519
102847 106826
47822 41509
113927 87335
13833 68340
107893 50194
128242 88439
22310 119606
59179 73359
65760 65527
60576 84153
96697 75831
86469 121625
100547 76066
30366 12547
87142 61053
61886 90553
98942 8987
14938 127076
84243 19662
8447 93506
125938 7476
128741 108242
35256 25370
65271 128590
19443 129509
95393 53790
84234 101746
117784 45628
68938 123664
85549 86915
57663 72619
1751 682
99332 72363
104802 128128
35194 31668
41463 38873
21820 23345
73192 66094
71627 71548
1523 84118
6005 126789
26929 108198
119720 31038
3059 49392
83083 122976
5362 29019
65454 3268
58409 106968
119800 65027
97567 100636
81032 11550
117955 76754
115204 72174
7171 48245
107068 48357
78024 21165
18779 30057
91214 72934
64188 558
41480 97995
82722 44459
103788 120515
77211 5928
96983 99212
104247 34073
111461 97043
871 27499
49129 39270
97777 49012
57121 25643
1265 11594
47908 79742
33409 127268
79777 58452
63328 14350
83763 8853
52050 50792
20812 45633
38391 101823
30928 58420
32975 107424
118601 41138
1785 121296
120462 7792
17903 94893
6434 109893
10099 71376
71591 122132
121218 121297
87689 98559
22566 36753
18596 113623
3500 7506
105385 20611
110963 66829
12794 65183
24078 59413
102175 1942
102269 111209
57125 22076
105870 63144
99445 20704
108270 52940
94369 75868
41664 45178
31339 45834
28159 121938
73439 38039
107850 66125
127429 81393
44409 48577
89494 45554
121702 67235
106669 11353
46331 68741
63620 122566
72398 9465
111854 127369
53742 126060
48387 39824
86244 112517
124652 6777
19176 101876
49269 72443
49844 41493
76233 106866
59958 22899
12144 670
27979 95827
99843 8640
61046 10114
81068 40403
120961 39331
52778 45382
65212 20013
117415 23357
43482 120438
30212 96822
52850 103753
87373 92722
77879 47247
104766 85348
23378 48606
104701 38623
107757 40837
26193 99379
74057 19257
77847 119191
107860 108455
105086 59770
20184 20114
93187 54270
91037 127835
54608 33804
125850 125847
31700 49437
119212 29814
38733 119858
99755 59053
116832 101212
112323 39955
120968 39211
86944 15233
29359 34069
104480 17617
124300 3123
70794 107482
79464 28232
90943 106854
129047 32308
52711 84159
20213 127772
125684 116421
122824 37214
72087 49868
128168 75988
117728 113423
33262 28742
120531 49701
128540 70541
74108 51072
71914 59238
51440 64127
101928 91411
33208 40768
105708 43168
98485 103551
10518 90558
4220 68168
5136 65086
58749 53573
123130 96064
39403 86424
20574 17008
343 28272
45044 17941
28500 89045
13896 21614
104627 118814
101337 53650
54864 22547
44239 48381
65448 10077
91991 49000
32517 125726
47473 69661
119264 101600
34442 121112
73319 40081
100458 47841
13505 29686
115912 34445
91971 14485
6872 4712
4584 9608
92394 54051
5185 101240
19963 101014
32237 84833
98105 29047
68614 125371
71537 100173
12253 53421
23504 45842
13838 22224
94822 95141
42752 17556
110142 72427
113239 9162
64762 102112
85242 97922
79513 93356
20301 55658
97027 112369
7373 102684
64230 92868
16575 52001
25033 33404
78695 95357
98861 3257
107036 47213
75355 70501
98747 6620
51008 55796
67390 78850
106739 61383
10931 112822
70103 117008
129499 23735
16125 111666
1742 90290
70780 81314
36905 89267
87067 67579
88213 22877
49412 102000
100977 41727
1619 72204
68812 53336
72435 75266
113502 74381
109276 84950
115415 60775
52636 9734
123528 47508
124625 8834
22425 120045
99840 115258
54743 23354
46461 123278
107733 119541
114163 120261
69341 23194
1554 86966
65606 16483
124129 54970
110328 86908
42937 101196
49947 49218
11636 99922
25102 82561
86293 18286
127868 54513
25091 82056
88879 85279
3155 116932
111020 58019
28989 69882
76061 15921
59044 35403
74016 65224
83038 37067
8961 94582
98172 23231
105005 65732
42133 95147
63827 113567
65408 69973
122073 128336
6424 65675
127331 73095
1534 124675
43794 69606
41142 2677
57586 86765
22939 82498
71070 36825
33721 88789
124699 18495
103264 113944
24880 101465
3707 115738
76635 25928
64075 128769
101898 60707
15950 126342
59159 102373
89887 100524
55904 122640
37287 61762
17937 47791
81425 86469
74606 116098
7439 64005
21950 95974
50559 72430
54788 127727
82282 11884
36101 49887
22654 76694
22353 16729
17240 87758
21380 102239
108460 126249
110476 102816
50762 9676
78682 37983
49974 22349
44765 76521
100103 82762
48871 71841
92434 113059
63142 120354
28380 13462
7133 12893
56415 118269
24777 1381
18031 29347
3901 104192
109161 51452
89725 40301
66244 58124
86015 42061
21467 570
27354 122320
123433 29432
75539 53667
23689 114351
2742 74768
31570 7666
722 112351
49286 120000
92385 119893
93831 94859
22860 115628
25807 45873
91362 120896
15976 20589
67811 123880
109119 91831
60327 34222
15048 99036
37259 25026
8961 7003
81854 30545
118967 114771
72986 15875
106690 97600
16242 12439
62826 42413
103860 102961
17066 49313
11705 113412
75837 49865
93968 42412
35301 39655
79649 92012
65798 85233
122630 6540
54765 43467
73877 66022
89348 53929
42259 90996
10836 125883
21436 50520
102801 94467
50206 39147
118316 61489
101119 66072
68086 9067
66776 66714
21418 24134
50473 6794
41901 91234
36862 89234
35192 27349
122556 17573
125066 13289
46270 27452
125908 116205
52454 97140
71712 64164
12893 106790
114910 44843
22363 123808
19921 35968
61354 85399
82948 3317
20732 47007
97611 101265
119487 17390
35261 67251
50511 70462
121783 86600
22264 86753
37939 16204
35046 45578
119681 105727
75517 85230
42338 56774
51267 88896
48666 85728
92951 59891
43973 43599
51502 41838
109240 724
19080 112152
82199 91249
117003 61633
59685 121383
117570 109926
74590 108932
197 88572
80493 63828
100057 68104
95551 92025
26812 49830
5236 89780
38899 29463
102620 128277
10413 108261
45844 37500
79919 653
35358 50888
113652 18423
81489 122032
48113 26227
82618 123886
84998 127587
122357 62660
38734 117918
29561 57083
110988 47547
84660 19307
104758 46766
89001 114814
120992 72577
61951 44625
15593 79557
79325 122480
128157 30444
101201 43128
124949 103510
43184 63906
12088 9554
31018 71451
92399 20135
39716 2244
36129 69198
120335 4642
117830 79279
24446 72282
109454 30117
37037 53418
14345 81334
80014 71599
57216 2819
117831 104360
78050 42073
18629 6208
114718 28175
113966 69066
75744 114878
117226 39672
129413 4242
104933 64990
46426 11221
5141 57240
38109 7242
98689 75639
51242 3836
93086 72427
17826 125140
22155 38487
67440 29463
60660 61071
70189 49431
61032 123737
11429 90715
13997 98461
112630 92207
112042 107465
84170 82174
3295 59320
60894 5375
119609 82423
101359 56884
12800 66377
81759 121461
105523 88705
122520 4454
2589 96549
20507 54894
108349 75522
98691 39492
114405 119399
8299 122442
114050 3828
104318 19416
262 13694
23817 10169
62352 46744
101589 68009
61273 65845
47708 65681
77137 88976
38303 29427
124109 90941
35279 12266
37116 14049
33520 106507
103223 77394
74727 42940
36472 97622
73945 115728
873 40239
70426 28163
65719 50624
112602 21992
35823 95009
13817 15937
128652 127134
50981 49478
39952 64384
93597 77848
59901 96271
14375 60286
57489 7364
42695 105973
6678 11302
89805 51653
102666 69956
49383 126946
42491 6707
88482 94687
90053 120556
25913 70554
46718 97709
73388 112209
110812 70385
118011 60539
38434 64004
124084 81649
125799 96488
124940 89094
65264 43691
18391 64407
27438 65650
35080 16668
62804 89822
47248 83391
94533 125399
118019 65671
115962 41667
22500 31071
60693 92739
28029 106690
28640 8013
20200 88265
119324 42353
84753 61755
120642 19714
61464 41499
115649 117567
91758 36374
56649 31672
58015 77023
3726 64890
41045 100154
32008 63337
100659 23667
79999 118474
36960 124698
98862 64473
121699 51986
57089 123622
80987 61349
127292 61385
83123 87678
92202 28533
19132 88692
32774 18726
51646 85037
121905 108179
91926 71835
13952 8474
60264 8285
111708 38519
83730 78642
9879 57650
81749 73339
119084 55339
25482 7825
69895 73534
66453 84868
11788 96920
20370 61061
101050 106967
126237 120334
24123 55084
88101 15109
128661 65359
81772 19946
31900 126081
125433 98806
6903 44164
22774 29864
102172 2383
14078 47384
16415 95853
58988 86668
58532 109970
32762 17784
55469 114405
91298 105101
88838 46530
6311 2651
18601 89978
9985 70861
77955 96620
99157 73012
26431 123487
76960 52205
34682 82848
31131 11545
93434 12801
102282 107684
42234 83403
60253 74079
124096 27939
47202 34719
36892 129308
83722 32579
35720 60492
119447 85559
63346 17795
110929 95523
42972 36065
119670 22017
34675 118656
112598 118188
74501 108980
37519 37870
62518 82667
4624 52487
63045 41028
43052 121188
34361 91372
4714 9222
92044 21660
104069 103953
84408 55471
51018 7753
50143 70030
1098 95728
12398 95041
40058 71617
118812 37031
112305 53773
81849 37191
25751 9551
31227 98925
42282 76450
59232 26008
84154 84389
25454 80679
103270 69633
91755 78784
102238 94018
96233 86297
59791 115460
105558 56948
109716 31492
107223 28889
120572 24585
97977 93091
65345 92872
102254 71864
73209 33467
38344 31307
125574 104376
118581 93946
3145 125517
73798 80327
88538 117257
110853 41416
18580 109536
67803 73262
22533 68564
31463 79632
128269 15536
59457 44420
56710 33309
45246 5129
7896 73570
118220 47070
46625 127352
103476 36230
71676 61898
65913 82238
61949 29255
106174 17960
67172 129482
63540 98262
3093 10261
41948 124466
84225 90466
23262 48814
121771 10962
127531 22487
73942 79240
15044 91082
69396 90308
64649 15626
20807 107834
120496 114529
76096 6720
70070 53269
88801 84595
90889 86555
41833 47116
43767 53668
108808 41280
49276 17469
88982 11482
12245 107336
116846 89145
9276 16426
12390 106811
99074 84562
88209 70410
77402 90755
92515 26747
51128 58726
90251 68064
31562 9876
45704 44297
16952 60708
42779 65541
93922 117647
46543 17745
89037 122650
104309 32400
47301 48929
2394 119637
69998 92878
128067 69608
5704 45555
100179 69132
70040 23732
74614 87687
93242 54106
10040 22505
69223 77673
26971 18351
97138 95277
101762 101862
71745 96149
112845 66762
97964 104228
91755 116947
127877 75359
109106 74598
96969 107587
112921 68311
96828 666
98136 119168
3520 122845
33105 45151
60529 128651
119064 29074
21984 52647
126657 11362
10235 79123
3302 64114
107827 53844
76497 5954
17183 41202
69651 121704
128331 94764
76623 71890
54829 119901
40299 96682
85690 27171
106572 86946
121774 22904
49423 36201
19732 90660
105720 36022
124728 78044
67940 117954
37719 913
18618 108971
49893 109230
105030 7476
69880 105273
127773 13973
113999 113306
9538 94527
36156 66137
99886 105286
104068 20195
113253 10817
1704 114453
55176 120481
108100 109011
129136 17870
70012 27313
68663 102550
119587 88582
64260 82987
42474 8986
115860 97406
102442 3932
99289 121102
26291 104744
81130 110004
26887 71907
5211 87768
109582 51192
87352 88182
115608 96551
274 47464
121519 56893
46620 38359
12280 25687
128342 92238
18060 60411
80932 106150
109 98059
32688 22012
127572 118874
48377 83556
115053 101050
60349 14448
108850 18367
88336 107660
85172 56261
60481 75783
53175 66407
95308 26481
77406 84451
15391 53342
67438 126020
10224 20513
37702 100670
87282 56595
25365 38674
45105 58228
19165 99192
1855 71028
127987 32381
49408 109371
85381 18170
100779 64464
40626 60255
120048 102498
75045 42350
73522 88623
33594 101535
120093 119571
91415 55189
63460 57567
301 22679
47499 25501
129248 10557
57160 126218
33857 944
16251 106192
46864 128357
14385 17902
9260 1163
18275 93171
52245 120146
88285 43114
119390 69436
73710 114086
22149 27231
420 30625
59555 73323
100423 22791
40092 12885
80791 109937
81567 5566
57582 117725
31617 71626
29378 31713
97722 3009
46406 35062
52826 90881
6412 74652
61909 120289
76933 19771
69727 92501
76214 23713
39088 105060
68464 103826
45749 21579
71834 19506
4107 100352
115594 101601
54973 66664
55894 123637
95727 90864
114245 25205
4313 114874
79895 109340
49893 71188
120518 100331
91091 2345
79349 124547
45028 47349
82076 70019
109413 10
87938 45214
67452 119656
67810 84545
89531 86937
122546 17402
93674 59129
5553 45022
56637 50954
75666 129081
43761 41683
108897 103558
125199 103398
121097 66470
50046 31972
114451 85016
109272 10949
104203 109292
76043 114466
59999 23858
12330 76153
7918 99321
84306 122639
101563 87171
108407 84854
36430 56744
76883 42570
16098 57030
79072 84339
99370 20359
5637 32931
80594 66290
21097 62840
69754 118229
118199 114525
121535 113814
75794 95752
53315 20755
109939 92847
115055 56509
127274 14184
101192 7200
18203 101344
98952 15367
127276 7838
105936 28792
125817 77556
19946 113574
85786 85262
27148 6010
33435 119073
114066 75758
64187 105584
29144 84648
83545 63583
22708 41753
98724 43159
15290 42462
21275 127102
28030 8206
29745 101726
128645 15673
15872 22076
63699 74789
57385 129170
24767 17233
101640 8045
128780 103774
104256 122356
128430 88892
75279 49695
94055 87879
90927 115892
32038 116594
50478 3591
43563 19244
12179 75191
95471 10071
5966 115059
44860 92547
79083 87317
65276 36161
93599 44309
44292 48942
45775 44709
30986 84150
18258 97758
65112 55655
126794 70942
108325 60079
21524 112873
34167 82999
31483 48067
18727 57097
51025 101609
80042 41792
35222 16741
90418 83708
58145 41975
17476 1331
88090 97512
27175 73511
124034 48978
25547 93827
79191 118092
87950 55032
22561 107199
70401 127613
52805 51511
96459 81350
71509 117959
24632 114136
1455 64841
19723 51510
66075 49324
66799 69032
29503 116084
21637 59603
93766 27135
129513 17148
57040 126660
118500 106406
15170 24681
101929 9431
49267 81899
112883 107191
111539 60374
46033 62251
89249 123697
54515 17728
54327 105418
1768 89141
102527 54343
91837 113320
120594 128765
96575 53916
69215 84441
35362 124521
116068 449
79599 49053
55252 35843
115365 9797
1275 36398
12421 20323
119888 98449
24339 114105
95643 1551
85798 95602
56546 128995
109143 57474
64983 75810
118741 103922
102134 6114
88536 40053
71650 46710
100642 69930
56388 114287
23219 23764
55850 42021
1967 45610
77374 27050
72569 124412
121602 112357
121629 42740
89088 63193
124779 122568
2451 113877
17555 93105
49841 50217
9369 59923
122948 33000
27261 26841
29331 39485
2947 75753
36697 7333
71118 77600
35819 9061
37228 20308
35054 67555
72171 84559
11145 32033
39477 85182
99764 118243
25379 47120
68000 126348
71129 93588
4033 107228
62928 18910
111452 15372
82343 65359
25573 41811
122675 8682
9232 103279
114919 518
126570 21507
73256 1992
17056 63896
40839 3478
26246 21460
115223 494
49788 100464
33514 72685
45880 24931
91703 34231
14052 53863
16384 30076
49972 92528
125724 15124
5266 77468
55269 75551
64000 4553
126573 110718
1553 16857
91962 65181
121804 17272
23237 100348
57275 13811
93724 114946
6189 13801
29873 14688
43215 125873
121813 23576
8220 48815
104379 122459
33908 72351
107090 93742
72385 108154
86831 27597
112303 122381
32783 126094
90496 82554
17685 33203
115090 125640
103000 11339
8251 15961
11083 61320
127600 114853
50616 103923
58494 7461
55565 54946
49160 116348
69642 60689
16035 127174
107091 73690
84587 63771
28968 22076
115663 34864
114745 104577
110197 95471
32045 61776
49957 122441
7577 129382
127944 28466
47952 15028
29823 66029
70118 83570
61533 128364
90754 107351
55069 21980
4944 110704
78244 64458
91670 102730
45534 85524
106860 76779
17824 57367
114110 99376
111909 28494
118627 69579
45129 20919
100294 56206
13353 13458
117979 85728
63205 105419
49530 71861
81463 108538
115108 124590
7815 35501
13575 30950
37344 61730
94241 92475
9282 28747
21294 98230
56357 118788
61945 45871
59360 117728
31506 70828
86178 31939
78111 67404
124118 18262
85372 35302
108988 44477
82560 75153
92532 127387
5128 123542
109478 63607
23509 45825
95609 29746
6940 15847
64208 57522
114272 127612
49925 24081
122870 82597
68576 72802
77833 36252
125638 46225
109879 13071
95722 78568
84382 77763
53664 75451
81797 81781
89612 33882
102920 82329
77221 11745
85492 18900
111070 99502
23526 58401
115033 50055
95591 3004
102680 46780
84110 10027
40588 47162
52177 41093
76045 27063
97262 50762
126067 61346
5319 97454
39654 124397
88774 112345
69268 87802
102718 107096
2069 119252
75493 93564
102032 80861
67289 4968
17693 25115
64092 80990
36904 100544
85937 26376
127159 43869
92770 77762
128722 74869
43020 103168
93990 15089
77549 98269
65681 108218
14993 66924
93656 50306
128067 50857
113974 3931
66807 15057
1304 10780
107241 29221
41946 109670
115322 54957
89369 82750
52521 84958
21748 120682
84621 99774
13574 63471
4349 20349
48106 113084
105962 104544
42184 111501
75804 121170
106968 25875
127178 89055
66628 88078
40564 45689
33842 57280
23400 40651
95244 10684
70088 126626
33321 73999
116672 64291
58894 91272
97036 38939
40889 28109
21713 24655
95517 40534
52171 85590
119981 25682
118478 81706
69263 114983
112055 27063
128626 83313
44133 30884
20335 53969
67645 3022
42769 52299
6947 59104
55669 84408
11190 118957
114217 4794
69751 46213
95633 11993
65253 113856
3826 92358
56930 36111
26997 70264
111874 81051
104748 120356
79343 79105
42945 90888
26762 13352
27906 25137
16327 10739
16320 108568
32320 29368
107701 80883
60823 26141
59018 61617
110679 98709
101071 64332
52772 95284
104521 85222
60928 6297
92598 104334
5757 29743
2219 86336
80709 12683
109608 75166
119665 77801
26153 119463
52395 85158
77175 46558
6964 117920
24731 11564
123755 84046
25458 32453
83396 64077
19924 113208
96531 91553
108707 6669
98694 120470
66447 11514
75525 35267
124905 14581
18366 85582
124976 39486
120979 48821
102027 89624
60330 57614
121847 30011
69921 126879
19041 80710
44633 121865
47543 49221
75652 74433
42274 94413
6193 62105
50262 91407
95665 31260
55015 25484
2393 43078
14852 34814
87200 122616
22472 8130
127669 90614
116548 74364
32472 112843
57274 14766
83620 88018
126702 125130
31008 30392
75363 129577
68000 13165
66267 67034
1283 89024
8441 45209
60399 78317
100179 62160
29021 123064
14215 30770
47993 31968
107027 34106
24396 86459
58522 81643
26406 76766
27407 16900
105351 117502
124197 109649
31175 120127
21284 72718
102213 62883
47079 20615
117744 46617
56169 106099
86000 100121
29455 88117
49316 25825
13290 81143
22200 81361
99529 36328
119976 69641
11900 53253
10138 39432
77032 28226
56809 28780
88949 108798
120058 36852
10483 19767
119473 126581
46403 121766
10493 50767
121558 38104
89135 14290
31765 111366
48159 44062
44711 38308
100702 122916
89202 2865
20023 81772
24189 10251
110823 63763
8519 73477
66112 109507
89637 81819
110396 64641
12978 91763
83096 86157
110942 25272
24320 17498
104260 129496
14596 95866
118850 59182
115798 19998
66257 57624
78359 29326
63942 104771
111559 17867
71216 117937
82751 62294
2624 118645
97028 73690
35850 61868
114978 15462
94965 70595
69050 109155
112475 32936
98564 25830
31272 63112
106879 19346
1058 79671
121643 66637
105121 36707
15717 76813
113891 76567
99696 118681
68882 49310
76061 116617
25102 6876
106117 18156
45024 102930
51943 107585
8892 91119
67359 100555
118033 5535
84910 24842
44198 93874
39404 35275
89529 113238
59435 1403
108207 66830
19461 112878
87449 29392
5761 80978
2866 58630
48880 9931
108252 76422
87324 6500
17288 88554
5748 7605
56861 123909
29642 74090
116686 28411
103425 29529
100175 67900
108102 26520
120973 34183
20558 27234
45953 31544
23615 72795
63784 74608
30432 12755
95609 53151
61068 104696
32205 60547
91695 70662
110966 38705
24013 42199
61165 60144
105308 129317
80161 124622
56807 96537
93483 46642
55051 96211
67869 71723
73929 111326
38163 75710
124276 94357
113091 58242
39231 39795
87007 8172
79029 54103
43010 36824
15139 103143
60369 113219
112214 95666
41565 110511
109044 68595
96740 23045
62540 128232
29447 74140
124688 43034
56571 10120
40033 74242
7340 86751
56862 44779
36151 85289
83163 26760
15728 93061
116011 23244
109863 5112
119494 72631
79319 39330
18940 128393
51315 96257
87677 8101
27615 38608
65478 3255
8039 71460
111757 52128
97657 86901
106370 16304
36652 89552
23428 111368
13901 33748
74333 114299
110125 37772
14738 75428
72962 92470
34678 6282
112558 46428
20018 94005
77872 36287
23894 67264
59407 7595
108623 89669
95518 97472
111196 64087
105410 112814
109473 51470
19429 109327
124060 116771
103410 12271
65503 79101
36432 73110
48810 54942
47459 107200
20515 116092
12236 101279
46508 4075
22379 19373
112073 39579
70044 30923
3613 19733
15451 12768
72758 76714
108717 19016
68222 122884
44886 71349
82667 6650
97170 45396
40604 64828
63005 109779
56562 91522
97137 83545
21739 83815
21744 97696
48935 113243
67457 122587
42637 1674
119175 49908
104296 42924
82498 126794
42241 57582
125469 14592
38038 37408
65323 40569
98666 110811
123395 5821
29248 14881
124449 73876
74510 27696
104635 20236
95321 53934
25599 6304
86677 91669
116926 69002
18721 71161
57348 77634
98845 102583
33137 12095
72299 16941
125921 30769
127167 122907
108075 103865
100199 77157
117219 110565
79777 37335
2070 90442
14095 57051
58717 10067
84555 81686
89014 39259
95708 74139
102354 25818
3932 85202
64830 41078
114449 52802
45872 116666
55095 102480
83514 32050
39067 110658
54536 31541
120887 62080
127931 114407
123686 4142
117955 77668
107719 73961
90871 121225
90977 117488
10266 98587
39701 76899
30900 17457
67135 120787
32840 41958
123005 124725
125090 67087
26780 94322
53145 22042
66592 74378
54865 26310
92433 36211
54923 84997
107033 42027
126855 61271
111083 87125
83680 89209
39545 119371
92534 61916
67333 53045
43507 56011
63766 104769
53549 23565
3887 63099
96315 67795
14554 60231
32389 39222
45449 72025
61750 25423
24325 2385
89054 53640
50310 18696
4412 47745
114970 106472
55182 77758
108387 514
12772 117408
56643 66026
24308 84409
9374 95237
75990 97142
41897 108139
112807 66437
107072 63556
71283 87078
77540 18111
8673 25907
87453 110137
46224 6775
43910 23128
19088 32434
114150 8118
67773 49294
111732 94268
40300 28747
61567 73255
31544 16820
7076 34248
108127 106640
17812 113153
23942 84014
12538 74821
7812 25917
2641 56332
5453 125966
115337 123721
115707 90679
26541 73485
68446 97738
5559 40247
4281 112718
85467 127154
55535 24322
123593 2005
63306 17642
70512 87299
73537 19445
73001 46279
83015 82442
62292 115841
38167 87757
49661 33770
119414 77900
98345 175
53490 63484
357 74270
117197 44191
59858 120147
103539 120664
99683 32650
99001 7385
126650 2090
118262 95293
11099 52698
103845 87741
69078 52646
127176 86189
111417 89280
86073 28327
75152 120118
127700 51690
94596 120182
45071 72791
123021 3633
36187 3562
46642 21082
38288 78958
51624 100155
15541 102132
2482 108712
43662 20826
20533 11681
28553 83079
13534 11635
50681 52716
42970 16215
67616 80204
10708 63680
66803 38835
57304 53202
83771 95236
21891 127448
4994 37971
76021 15733
39345 98065
126676 38168
72712 109489
52598 56649
49794 20663
49501 120613
100930 36151
56075 63225
76559 35111
97268 78128
22809 66838
26682 65987
23990 63915
52864 94146
82002 31207
61191 86004
117932 69023
2608 81903
83485 88451
21086 117567
22243 129569
34899 113887
52084 61331
99766 72718
88045 33136
80131 31190
102172 69441
93969 89785
100386 96906
86018 13458
110553 117907
98515 36374
50567 105736
86116 65203
103874 16228
118256 113347
123083 46892
36142 52609
81177 70854
91781 126210
98846 43422
8591 104759
92127 69369
55727 48263
85094 89423
266 2579
119578 71001
31512 26486
8692 29238
101354 100516
96312 117268
34379 108148
35411 51787
14626 94411
47796 73422
84342 127378
111843 22968
108720 104330
10406 12286
75238 23893
84521 12442
121105 64492
88782 83958
129445 6989
120918 114378
24644 105254
8696 53026
99708 115490
33099 100856
36053 68445
45187 16173
59364 21491
73102 98753
96242 47337
92017 78001
2470 129208
26098 73919
106474 57498
85389 110850
62725 87912
108029 11221
85017 6795
51346 117416
70547 128633
32369 73502
107281 21841
104330 87668
123375 1371
125915 74774
122028 67442
113612 76681
83196 125838
25906 98725
80846 31534
584 109232
19621 117484
6310 13153
22670 45365
22286 19552
109315 124217
60020 3636
99919 109282
49383 37269
97378 1137
95554 23378
30184 99831
83993 62094
109886 48657
32709 77109
52564 52353
107694 125472
113598 6967
72645 91449
19153 11699
90459 75116
46745 113815
19633 60763
57119 86441
73010 124759
2609 125146
60831 118271
95498 106483
18503 88929
103386 23391
37008 31238
43058 44881
40065 122086
73823 78991
98387 93263
68852 96305
93358 47474
9907 49085
122797 67966
67505 106311
47445 42170
53585 86021
3384 5152
54765 125450
57095 70585
58198 66526
19305 103234
87456 89635
18983 109660
70132 4500
1291 42748
27677 101943
77014 35790
120924 72103
80923 57975
106110 14478
39703 112329
1813 94145
12920 105686
99563 86008
10365 73771
36267 35320
95273 109909
73951 36761
14293 62860
120656 76118
1922 85024
86491 1019
64222 16756
63021 80484
24761 82820
7167 119602
4882 58021
124736 70077
72476 49922
80422 5956
66457 37962
35590 10713
17513 82688
50518 70216
21651 121586
77483 83118
55563 69545
128200 80006
18426 114648
32051 100776
75160 44035
6890 56698
34494 67831
48150 100214
49624 15703
59799 122390
30815 23907
120113 44199
45768 89214
1106 86346
89498 67516
7843 16266
23210 99334
118237 97356
55857 38616
122052 114447
34656 100518
27386 43833
8715 125556
68875 75607
90863 92127
118156 12481
114856 45296
25455 60713
113210 116423
92220 80597
28198 85571
127556 78206
105994 83801
104224 83997
11537 111959
74808 76233
63369 123940
61403 126289
120590 20735
87096 40147
35871 28180
115170 114703
23321 109015
1106 11128
69163 111995
71326 71664
45281 67352
58448 129575
73917 97996
84851 86885
27922 80665
95344 110443
43950 111910
109548 12464
75973 66641
60330 44200
89312 18262
91510 14842
113853 116208
56548 121181
93472 26247
70048 92119
32889 26655
101045 18680
96554 19070
47245 39434
2500 6101
93832 55066
107439 48110
126833 71012
111098 815
49716 74930
105307 85976
36347 25738
65963 86045
87014 87642
121909 85848
129510 63563
53589 120021
3997 36221
26907 94798
41259 18009
62838 78830
128546 129135
50696 70373
36170 103836
104171 6134
93798 76481
49467 62445
28852 18696
90609 65840
11236 33108
62806 9041
85454 29405
8177 12024
87611 5873
91636 116643
35906 128028
7886 9244
96402 116911
113349 67365
1171 97001
69363 89631
99205 119355
101180 65021
126301 117681
56412 12057
101501 124637
88626 78131
2821 23236
72429 96468
27239 123064
71642 66429
88168 41402
87404 47826
11526 101812
90633 43800
88603 96480
119870 62344
35702 42045
127956 55356
85299 57196
95760 18260
74759 108470
75516 94044
109357 5527
85031 34564
124785 51029
56085 122317
90907 110318
45644 88976
32804 8219
52940 52573
69754 104531
69502 5828
66791 36510
122063 71704
104809 79370
125434 57739
116339 46748
39860 95067
100487 112191
34172 27636
90721 86713
54533 15194
110497 49370
113007 63964
65160 15979
120605 63433
55745 12368
23203 7974
100510 106538
63694 64146
63563 95249
99028 17023
89194 30338
58288 65327
45940 50692
66569 45505
34461 121498
27192 112552
19578 31338
43019 32291
23258 21302
58966 101684
43483 101039
43893 57808
67485 50948
80445 43638
11010 59943
79690 128890
53501 49453
56353 111079
64843 24122
40641 79371
15965 97825
16726 16440
111447 129044
15649 51215
108112 80517
74781 98827
90262 55091
8333 10175
14577 10761
18943 84793
14523 349
117551 114091
6263 7682
49285 91886
103986 52458
22027 98201
7057 56066
109529 75393
36052 109585
39750 8134
65730 45125
60860 34268
82392 14514
18520 106096
126080 68505
4175 780
46433 85886
67885 32892
120679 58572
30843 48370
118307 6248
120109 46798
54783 9369
84476 41174
118693 81150
7234 40667
25679 55051
82883 9994
101541 54830
118769 93088
101548 121539
29763 61002
87888 52493
120201 119385
62882 97847
109151 110869
63347 2343
47243 94554
72929 126964
74758 64829
45766 58719
126282 40236
102942 98934
26924 24076
74668 46139
68862 87523
46560 7119
127513 99491
74347 107833
124351 41465
85405 127598
9831 73742
98691 93808
97186 109908
122003 16780
12461 88396
76820 22299
4911 94775
84227 84655
27124 1773
93905 123536
102614 38480
30238 2817
78564 74426
87242 62245
28320 122146
34199 20771
93999 124783
77814 57596
59681 129321
99564 105369
102440 106563
80103 99712
99045 46024
121707 41003
119459 103817
18432 42910
33247 73817
17394 64452
49384 38052
105983 100503
95222 124202
67585 39593
49116 105454
83985 95575
27711 29983
64638 62618
