2229
31 10
8888 8099
7456 39753
49748 12839
30067 5537
22976 35734
3662 39693
6592 11984
2048 46308
27347 48105
44308 21569
3597 42721
43183 9130
33200 12794
1356 50924
50264 912
31044 34199
7294 37467
10047 34162
38627 6660
29930 34294
21185 32929
451 12540
30722 35659
21805 8922
2504 52190
30361 13621
25704 47375
9501 17154
32507 32108
41475 4653
1866 52736
22548 20068
27461 46008
17476 39974
7166 21620
4483 6186
4528 52853
40160 51223
36722 32019
28798 50786
38144 47054
26799 13337
48389 50152
15574 38253
36890 7889
31950 8478
51375 1912
27105 51113
20462 49421
50387 49750
6131 48686
38080 52185
24934 25659
32658 10613
22177 24232
28881 3623
8615 42091
31810 37181
44845 21873
31422 45561
17886 11333
13568 41899
50970 3464
5034 29304
42068 22479
51880 23376
14510 13248
44234 3307
45725 16052
43341 3245
42481 52704
16521 34377
48869 47746
20684 17637
21096 40209
32271 1389
3073 47875
25668 30144
26335 52845
36015 34411
11490 32661
34034 7681
19911 39774
37582 19341
4127 35614
20369 7867
51908 48376
5511 14976
9332 50965
50777 23110
44498 39996
20512 14289
46014 11169
1061 39161
2174 41305
34058 28958
5598 23526
9076 7468
40253 3481
35561 14458
9064 19150
9726 35335
47157 33581
21471 30391
22405 17395
6508 43699
6026 16650
14834 5076
41457 24499
33628 44933
30456 2572
4445 48310
18939 21904
32774 10646
17458 31191
4621 39352
50019 17362
44137 3056
47341 48541
17675 14641
4888 42897
14623 40417
562 35547
38733 19637
41405 21999
8796 47845
46892 11603
30159 48428
9186 38440
16400 23151
21303 35028
16436 10479
15001 33818
22748 47182
16813 21832
43139 28482
6145 46156
8848 16273
18279 36438
38250 27695
51601 52528
38025 51322
27621 23115
42971 37687
33087 29310
33643 35781
306 2496
13013 817
21690 21491
1184 40184
14061 39027
27846 40345
4318 37663
48869 13170
46682 24203
49039 39478
41408 40352
49954 37951
15014 17974
11833 38783
853 9534
36934 38396
28357 12933
34208 7932
27242 36903
26990 1959
737 4629
17264 28898
11054 50115
17056 27336
44015 13768
18143 28081
12826 2146
5437 36373
24721 40506
47170 40224
27328 16230
18386 33829
34208 21126
2203 44651
21103 10644
13654 49311
43257 49831
42644 3184
48394 45917
24230 42663
15144 33872
8653 5849
5193 13072
45374 35508
5262 41509
7221 40892
11558 31065
32869 1450
29133 7040
24340 6088
25627 20391
36597 46355
35359 18758
52549 49019
7858 22095
30943 43067
28491 3650
13918 26305
7633 23173
27230 26129
33526 9302
50767 17988
24314 9846
37120 40329
16076 21025
16754 44877
2379 45558
34004 38400
20368 32899
43037 18544
49702 34175
12277 11164
40618 3729
50175 20636
18808 993
11895 19732
28894 23502
48439 30210
12005 34577
31603 44976
22694 28434
26284 6686
7253 5932
47662 10882
26769 25886
29325 47472
43223 45219
22028 29310
51358 50963
34431 17663
16893 26011
23200 20534
50116 46840
22776 13668
41360 42485
3227 14528
43764 28967
45422 5393
42635 19381
4029 39662
34233 12765
41740 4197
46915 35424
35921 25905
16136 413
4189 43550
22418 25074
19206 47566
43813 6220
37652 11669
6336 25947
19891 22484
29592 24729
24950 44207
52581 559
41068 3394
21455 34903
6054 11882
34281 18884
19273 5295
15688 15172
22785 39042
13970 31092
47899 28432
39933 2764
35140 24104
41221 12820
19967 21526
31620 43367
22314 741
3933 5912
5008 12574
890 47307
43879 52355
10286 27128
11944 32920
22589 4047
49908 37330
43361 12309
37811 3178
14526 40759
49441 45177
34265 5007
12442 44453
49558 766
39985 3087
10854 30782
17385 38583
52113 31806
27864 52869
31936 7171
12925 22765
1181 1941
14260 36755
26385 7909
12215 14582
25110 18805
43824 38175
49208 30631
47182 17569
19998 42244
47197 16777
712 27800
22569 32369
6618 23270
22919 38705
18076 49524
40028 37262
18708 8076
33519 38066
45017 22019
16916 44841
23097 24310
38967 50923
36704 32642
12827 28013
50440 24724
33427 875
23980 22862
52693 10059
10894 5767
41001 26062
21439 33269
21963 44577
36434 17054
18367 7843
31584 18861
44593 3448
49643 45397
10941 16472
17347 13936
26906 7089
2818 3534
37060 36470
42482 22437
53039 14928
50807 10087
35625 18487
20477 15549
51949 853
32963 52933
16810 44080
23027 48365
36469 3371
33882 25653
33795 29062
32063 37243
17937 35326
41831 28341
8460 20791
28507 12467
43734 43187
41053 42617
704 34328
13510 48754
35317 13311
38443 43165
41895 44195
50728 26604
43741 15831
11083 28240
51027 25797
45046 37143
40937 49469
1766 50677
42231 5192
32768 16638
14403 37336
52874 9238
28291 37745
23694 16233
45356 1270
18232 5968
9171 33950
8543 22592
30787 3327
18995 32545
52212 39706
42623 37056
26008 32780
22280 30468
29587 39419
49095 12779
52406 1287
12080 10853
32396 9249
1223 3694
1124 17325
4499 30230
53073 16052
32952 40224
49028 1112
12186 17437
40214 7033
46791 39584
51482 14746
13321 46879
6164 47096
49934 28401
35003 8013
23712 47613
44837 18502
51499 43026
14013 48066
4900 11154
17958 20498
4897 49806
20267 14132
10436 45509
49411 48678
31979 26444
51674 17697
3398 23029
26126 1759
33371 45882
43146 10574
15426 21395
52074 23858
32591 19332
20365 11901
5872 41660
50774 2703
32000 34903
28561 27811
3506 6366
9444 46880
17208 10536
38595 34749
26078 16922
30921 28918
15591 14079
18057 24851
35307 24660
41724 29969
51449 13970
27410 18223
5162 50058
29029 24576
38026 19464
8292 40031
39014 23661
7165 48309
43311 12020
1434 17606
44833 9372
43966 27999
44997 28386
28384 46224
50855 401
47274 28055
28027 43573
29855 16082
847 42414
23137 27284
34272 22481
11052 45000
16481 35603
8418 12770
46041 39713
37859 35497
14343 2446
41735 6948
5005 30281
11813 14729
22999 19672
28537 29935
46835 12780
46972 49382
2240 5728
15450 21490
48440 51165
30250 33224
51599 28907
34590 5860
23323 10257
19834 1361
1609 33984
9091 37549
35527 32342
9886 29673
3325 24343
24307 18867
5720 28350
29275 8235
29596 27091
19999 36650
4388 10215
22599 23693
50156 3493
27252 47988
32879 41975
31061 12351
39158 34410
27691 52597
20014 32803
26852 16224
1691 34022
52297 14812
17987 13801
33298 15376
36940 49566
45358 26812
13792 43812
44657 7218
21153 19636
45673 18648
10866 40123
27840 51304
13982 36539
1816 44480
27890 7139
30044 49582
35965 33685
49641 13939
37114 44329
36013 254
10003 40082
14240 10189
28480 45443
21151 42224
39458 8722
41137 18062
32305 33687
5272 9465
15907 301
4886 451
12339 29013
114 47154
15568 1077
12644 15288
27875 48783
23075 51236
5879 30314
26376 30591
28880 9894
13715 15207
37245 15433
4441 32106
13678 46815
52567 5533
20667 6300
24193 52119
12816 4874
30861 48996
12490 9392
31823 43726
16330 42046
51799 50135
41009 40561
19853 28862
14760 15090
44108 15215
17042 9792
19913 31925
45235 16820
47253 27723
51182 14806
36108 1816
17835 39518
48279 37464
2877 13652
47836 36626
14933 41039
47127 34097
29597 40237
26297 38738
3777 8424
50821 6639
47094 40528
20877 13230
7285 14802
13864 46929
380 17662
33599 15482
50919 16407
3676 17999
36212 31059
18774 46455
19803 32325
43910 28740
41531 42928
39354 37555
34460 31071
8389 21574
16991 21141
17247 9629
45123 17189
11479 48272
50768 43051
17632 43815
11196 30920
41722 7389
13681 40654
46207 17834
35270 17400
51088 30566
17305 21708
1899 10285
13510 14362
19231 46317
44235 5696
42493 13598
33271 7024
15726 31743
28865 27702
35224 51657
4756 14390
12313 43340
22046 29420
30866 20376
11416 22134
10165 22700
39654 16322
7704 14770
20627 23651
34643 9123
49638 13286
28004 26009
34498 49125
1469 4137
33865 18334
34110 28196
44259 41882
35414 28292
14416 46721
38553 30850
17153 28064
37374 39109
50646 12435
467 1465
32828 44466
36200 13571
27973 31175
38369 42845
20320 46883
21353 44893
44867 43084
38703 44282
19905 52154
13775 3853
28730 36533
30687 17668
27954 3893
8576 1275
4937 25372
23684 35775
6992 4262
21834 38626
49021 52830
14323 20788
28967 44553
10509 26703
48096 31532
27655 2387
50881 7974
39839 26610
32118 6082
4890 42545
24385 40710
49653 28946
12764 8709
13622 20313
6743 28867
16878 6107
39752 19453
43181 790
27923 30210
19059 18860
12384 12180
17500 9599
44697 7754
29379 26335
38432 16818
46495 17905
46033 6457
20931 14353
33679 29105
9262 19318
39213 31695
8026 31304
20445 5673
52900 51967
25976 23611
649 10772
34958 1392
32764 7374
48862 1670
31130 37558
11445 23005
43043 23865
31584 22035
6492 12396
45707 18216
37082 11797
3645 32859
51146 2406
5349 20977
11898 23329
50446 12148
49340 11318
6647 41968
38709 45901
3796 33565
14727 18467
360 235
5586 16408
30513 20271
46419 12950
23339 22743
40679 32748
38168 39705
12674 47929
52151 41767
42579 14896
33999 10926
36026 19147
11085 6187
52905 35940
6246 28276
3413 19119
17671 49128
50433 52572
44399 37141
18290 41042
48947 49717
29237 46412
33956 31041
4399 49068
1204 8998
27194 26645
44220 6530
46324 36435
37737 46268
39442 21087
50123 34140
21901 35684
21958 38182
17138 20567
8079 34482
52670 29229
2913 31117
21237 42257
36778 38117
20749 48238
32596 47880
18975 22165
20160 2493
40992 6091
37947 45151
23117 26716
38556 15799
21902 10874
48336 3390
12489 35031
51208 40810
28634 10247
31174 7633
18411 25343
47543 5568
34110 48675
25717 47738
26248 5543
1251 45682
51598 24207
42249 19776
33967 35106
29680 26998
27055 42934
29335 9859
26239 23178
52167 44809
12025 50821
43361 33636
49132 17943
33385 47053
43598 44326
35002 31272
26938 28932
41008 7336
2931 49585
39000 50090
18732 35670
9862 17549
35913 50479
29967 19488
11043 37817
37292 30057
49512 22462
41932 52369
6103 47913
19656 29117
18622 2791
40262 21470
53016 30844
50212 41935
38103 17984
22438 392
11543 13736
356 42365
34123 18055
33365 24410
11266 24081
40687 40732
35141 18892
37866 32594
14545 30660
4933 32190
33839 51669
28011 50594
1428 29600
26318 13564
37255 37333
10479 15333
19372 18020
24977 11233
50166 14068
37771 16625
10461 36588
52821 16292
24038 33293
20182 22594
27296 29805
41529 50184
25239 14233
46816 49119
46112 19974
38372 11958
42638 37264
6686 3648
47743 48127
29520 4392
26718 20353
12222 18933
49711 29761
43355 36286
37199 47263
8728 41986
29598 46579
12454 46237
8227 28520
33481 15628
31473 46114
10836 29012
49355 47041
51246 16342
23282 32877
31665 1381
30848 26857
16035 46177
30895 9769
48921 35519
42542 47496
5279 5704
1899 50309
6082 4086
23166 27702
13917 34702
25841 10395
47850 28959
40364 11638
18318 34165
43429 41931
19068 27159
10607 24862
24450 21126
50026 17488
1655 8101
9739 38736
7839 36673
21613 18980
23561 10315
8406 14184
51892 8674
6950 25642
23162 25328
38155 18486
37470 24490
20906 30141
12308 49118
49743 22213
36859 25884
38422 24765
23396 1803
10100 8887
52886 16028
22584 46105
45231 13886
39587 41922
414 1175
36706 19256
1172 35710
35445 31098
33096 11824
15793 8978
13796 31956
30962 4901
33861 28080
21846 4461
34091 14605
34144 44101
11574 32026
11628 51038
1604 44121
20794 4676
34085 51470
19477 5713
21414 42331
3635 10747
10272 11230
46693 3841
27226 20090
39196 13600
26075 22412
30495 21584
53079 52511
41921 42221
32269 9812
32658 3369
13737 22307
33316 8521
41077 18674
43765 15109
27035 15851
32963 48580
3332 32531
28524 11150
18870 10895
33172 24916
44464 20662
7092 36774
29924 17422
49630 32568
25451 9536
657 47428
40852 25836
38691 9924
34260 51887
36905 8420
24002 11812
21251 46937
40209 38644
49662 36767
28290 12281
8018 2447
6025 15160
28374 50146
32555 50904
9860 49570
3879 24834
25646 49566
37998 43996
38729 25525
10755 22825
48810 19836
27655 10204
11152 22973
29043 14619
36903 44672
10117 25923
51396 12534
4780 19347
20137 8318
35448 44610
30443 36338
31398 8650
50236 1333
24170 12388
47337 28539
42364 49700
20121 40898
14428 50507
51219 6914
11710 51423
51315 27263
8697 31368
11441 13396
5087 38573
25477 51591
12306 42536
15417 52909
11063 10773
3592 38053
45216 18767
25851 1746
38224 4749
34173 15100
32573 19766
31264 15922
14303 27647
26828 16363
29383 10690
9798 3444
28403 39675
5175 22826
37260 2991
11433 2350
27291 16113
31196 42346
1182 6819
32437 2727
36730 12101
37628 41563
22857 7274
11146 47479
45979 46125
33342 10273
50968 11952
49759 24914
51661 39527
8811 6269
17928 13096
6878 9283
30668 446
37919 43803
37557 8635
15785 6981
2774 2441
5957 19800
10304 27491
38547 46411
44410 16846
42450 3624
36484 11334
24895 40575
15091 20464
49266 10966
35274 29277
39046 35578
34372 36185
30445 38849
30972 2712
31951 33249
9920 31298
36307 28755
2810 20872
45167 17329
7665 7556
46777 29715
45794 26063
2882 39616
26541 17619
16053 24685
49494 43072
18043 9132
35559 37543
36998 3967
48825 40595
15680 6695
7911 36517
24504 45426
24365 24739
37915 12843
49183 46675
17020 36829
34587 49598
48571 52856
39698 34958
19266 33833
30798 18949
45413 3054
41356 29483
28467 25459
32356 46710
36128 25161
27034 1363
47785 46368
36380 11297
21650 36704
23593 16212
9981 46518
2144 24057
4180 21376
52870 30297
11492 51167
39532 48177
5600 54
8988 18067
34609 28395
19968 21190
4892 5753
21230 39999
49908 50707
30815 23021
28586 3419
13834 52213
50886 39012
21983 20977
27699 20335
52664 13780
17253 45078
3337 34554
22514 35833
14848 5770
13628 42272
37575 18610
5172 18680
5836 42338
35735 11486
21099 13075
11162 16895
43327 40149
9422 15358
12418 17260
14812 10466
39267 7089
39482 52428
19054 1645
50220 49006
32916 39027
32001 42097
5848 34043
4567 9307
29254 51191
8508 37540
1767 10377
1052 22953
1589 6408
277 1826
5479 16755
107 11711
20931 13660
20601 6300
30933 2662
2203 4946
10714 9368
13425 44840
41172 3845
27053 28150
26054 48641
47778 28818
273 44377
33899 10149
6706 9850
23907 22611
50596 32564
15399 4242
32505 20050
25779 28067
31549 15939
13128 13936
27902 18922
40867 10653
38085 11690
51575 23937
44315 23732
29459 20246
7571 48750
9489 25026
8707 49446
14274 27633
13161 42431
6996 26673
32180 21672
16842 4467
24632 28982
38277 36010
40850 10873
50670 50357
24091 6326
37680 15977
23003 30136
39650 17100
34329 14367
31326 23831
912 38748
6382 11717
37215 35371
42552 49912
2059 12483
36588 15350
25420 25190
42501 31378
12581 6162
6759 16352
26171 52317
20457 22715
48603 18135
25555 42725
19086 5470
17423 6446
841 29492
950 40532
22371 35501
2833 34385
47289 39518
27810 49175
14265 45832
45632 17458
16699 2178
50219 7182
2493 40715
17575 41434
52446 29728
42246 4928
50689 39289
1964 14756
22195 42537
21512 26780
19466 32388
27179 12310
4232 31037
7767 31320
8806 6676
49276 33350
33554 8541
33713 2782
47997 49593
4966 41642
15249 39814
17589 17913
21723 7288
27610 824
32153 45419
40955 13527
10425 2988
38786 36359
14099 3042
22582 52470
41116 34731
49368 49416
52587 25114
23941 23526
20891 10239
5104 22015
52575 29767
50352 313
15381 23605
24752 30138
22548 7638
10110 5251
45689 46772
8303 4657
42324 37002
15649 35761
31546 52960
46483 46311
293 3900
9510 30289
1007 704
47150 24101
24923 1088
20716 22075
7166 8526
16617 48212
21079 31703
12030 21597
9085 44620
313 29669
40064 11766
16480 30087
20223 39841
31277 9242
28005 1135
14236 43046
499 48856
17481 8866
52529 19991
31794 22659
15001 36443
8789 36314
31864 38171
39902 36127
16696 43559
37765 16690
13453 27996
36672 49158
26015 24797
24862 26790
13546 23617
45443 6850
19687 6518
16119 47776
13867 1168
30653 37906
46362 40458
9797 12925
20401 9488
58 50720
34811 23931
10490 39359
2632 32353
13118 46573
46029 20450
47938 33589
36663 49868
50684 16510
41582 37268
39966 14844
22227 45194
13610 13068
13779 45356
47182 37585
30451 23829
36990 48137
37905 28496
31481 965
11010 17762
2618 22680
26442 23062
36783 8849
37136 19457
46593 39375
48575 25625
28772 29921
11900 7973
52094 21551
45472 880
23388 29859
3542 9720
23506 49410
37848 16916
48645 8485
15238 19161
32472 22194
5785 43508
6970 44450
26047 29954
35295 15771
23223 12865
34019 30227
41009 13864
34938 51366
42487 23883
7777 16248
48665 24777
24815 3473
38358 4986
26913 13924
5603 7981
40926 50253
12222 15459
47335 27070
39884 20378
6708 33954
49166 12166
6457 13054
17453 32151
3944 41348
45864 18216
27407 13950
294 19472
37782 2070
44461 11569
5298 23562
11298 24470
50732 14390
40716 16733
48453 18997
18571 2270
33002 6103
35148 30656
3393 15328
12243 26291
31082 12680
32150 44331
36062 37183
8272 29443
10865 47778
37416 10189
21801 17900
38718 18534
36969 48457
26637 36495
45237 4474
39892 47342
34939 49677
11381 28880
4948 13204
7891 47588
52012 36858
3146 41497
28115 22449
6381 43699
18120 29077
10831 37673
48568 21532
17143 1396
20679 31506
23632 14217
1170 14457
43928 2838
52655 17263
43270 9355
40397 42639
6560 22032
32463 11171
3088 29446
6953 47942
38221 30504
1997 39027
1083 50588
9217 7094
47113 8222
5239 23062
729 21495
38225 43001
42141 13881
33869 45200
2985 33193
45887 29021
35541 411
45163 11502
52806 23506
4045 13505
39853 28177
35269 26122
33133 49819
30359 35114
42726 31958
13027 43076
41338 18156
34598 2414
16981 24421
44384 45967
7166 49572
4491 10011
26804 12403
27782 36904
39865 21417
38620 22392
3354 32498
45871 13940
19842 27752
12514 7160
46672 25796
19671 37670
51307 17690
36098 49132
6962 9222
25438 819
9422 49311
12471 28276
27061 47846
6435 29190
6795 49472
15273 3098
27720 31697
27272 31642
40292 38092
21662 1419
48210 43465
38172 39014
15843 48804
29112 2068
49975 41002
2381 13692
12675 22118
48794 31837
25296 12574
23141 12248
45051 52235
45129 10196
2611 21029
3699 41975
48154 48716
15264 45335
28352 682
42288 16572
9283 50097
29002 42427
48181 47742
11367 18191
41940 50274
51666 7190
6300 12522
15105 24638
6001 34999
28743 44226
35868 42093
25161 3572
37749 47591
35938 47307
42474 10577
15687 38891
44719 48763
29104 19183
31778 27294
3697 25474
1410 34812
13819 37925
6937 43197
28761 52776
23256 35043
25255 26304
12126 12281
18207 5026
33855 37934
44638 24072
14029 28234
14805 8908
38662 27074
4471 34759
50577 37822
4763 35577
47695 25765
41036 37435
45598 23584
17182 24174
3902 27178
48952 21713
27641 30865
34750 27275
13615 7332
2952 43753
40263 24958
46668 2076
26244 47250
3452 10078
23268 51658
5078 41313
31285 27069
26217 50467
51777 14745
24124 28521
41043 4232
29396 12326
24097 39416
27478 5615
38515 19789
41414 31167
14700 45543
9893 42257
38703 40320
52720 5471
47646 40541
36669 3165
18880 1328
24323 34804
23051 34674
27724 34681
34938 13873
32112 4580
45685 1915
16994 10951
14176 4722
15671 32843
531 14960
37979 29618
20735 32641
1607 23387
27832 27050
41099 10160
39807 52185
45907 22153
44390 37741
26232 29245
5274 28557
34417 37759
46576 10516
32941 39435
1405 31171
49136 12992
40445 9410
36137 12026
43468 17223
48784 15808
1618 15480
37041 43194
39379 17149
6758 28417
8962 14164
1924 3479
47799 23268
24928 38679
42501 31878
7670 48064
18520 2309
41082 5258
35922 29931
7033 15601
33580 25018
16853 29982
19346 15920
28159 13163
31050 20580
12429 37003
29923 22533
47727 16794
13037 9885
17209 40353
16859 1835
48527 49442
8440 23568
739 41936
17738 47117
16458 13934
42591 28344
5740 39897
31466 8025
10854 15974
19182 39193
49663 44284
23167 43916
46150 13246
17358 16288
18701 18826
41438 18834
37987 3995
32117 49727
39656 18891
19982 49952
34581 33235
7750 46667
15607 51326
13882 21965
40391 34996
52410 17561
7547 49556
16761 8867
39320 8386
52303 17885
28458 33119
9839 51803
32806 13657
46352 39575
36038 20013
14793 24154
12776 21661
45414 49807
14236 40708
31682 28145
42268 14096
45516 34082
18283 39531
6998 46456
52518 49905
40393 25779
18381 20215
25952 45134
23711 35075
43994 36250
22188 48382
15946 15271
32665 13368
34858 15438
34990 49655
40647 29436
19218 46455
10849 5508
32608 33947
16721 35291
24120 26341
27254 23869
9923 51375
46857 19712
49644 6554
14679 25275
3572 34279
2033 7898
42094 24626
39979 28711
8524 41996
40734 35574
17924 39313
34202 47239
52358 33016
46739 32693
27244 704
45613 10252
585 27566
26225 9037
17315 35624
46209 31274
26627 39913
1283 3764
43372 2945
5205 33116
2121 52717
41491 33974
33320 1960
12261 21518
13369 25472
9375 18373
33607 3689
36091 28836
30611 26175
31675 51186
10234 14198
42378 7377
49217 28952
20553 13942
4335 1474
44772 7022
18517 43211
7369 47784
38682 7255
30932 17524
7679 39373
26779 35800
44014 1666
32731 39901
22935 45901
46817 22202
802 13074
9141 37074
15927 4155
48143 43910
51984 23403
8052 46697
23732 36312
5555 24168
39981 6965
37174 8493
6616 18477
21480 34054
35569 31169
20944 27530
32325 41335
27173 41362
45282 768
32851 27076
16569 34615
49896 13543
14547 20130
34762 33822
13005 42412
46890 5316
49372 7023
46673 18910
28003 13841
19524 9281
37868 30719
5624 52903
2560 6625
3419 45669
23287 12906
48145 30357
2447 25002
21629 6197
10261 3383
24539 52097
31863 11472
20022 51369
28492 2080
41675 24951
10149 29813
46279 26323
35004 43640
33083 49094
24526 26477
34735 39588
11479 12870
42309 33693
688 46544
38547 17340
15555 41807
34937 42970
31490 13866
14928 45162
40080 40115
18021 35180
43346 1061
18337 6765
47069 47079
44735 3612
28814 14904
38894 708
35477 23363
47606 38179
34378 51850
25863 14218
19488 48650
52731 50721
48276 47054
42236 28030
17365 33186
38380 51314
37962 10504
18567 34376
52746 47039
13801 21733
10336 39038
8344 8322
3269 21410
30958 14049
42296 42456
47648 2788
46130 8796
33142 8195
21644 51108
5613 50482
18162 46031
30031 27978
24680 20737
49497 27335
20750 4335
42791 28935
15022 52694
39000 6089
40939 19754
37962 49227
19234 44808
7208 37408
10995 12213
24097 48015
41447 26772
35379 27545
15917 41556
41253 23381
11847 16329
26580 8630
35014 33932
50887 13342
32758 34267
839 30968
23215 43999
39416 20357
321 51024
12407 49293
24606 25120
6355 29886
40162 36703
11171 3413
45113 44725
20572 37541
40174 21869
5336 5302
2245 39345
46929 35946
37384 5771
15985 11233
1395 39865
52968 45943
47184 32203
24627 31547
15570 15651
24989 18792
16712 5948
14243 18006
6313 31267
38581 26251
3521 21489
25379 12052
43177 41172
44419 13496
35271 10765
21201 44461
18639 43802
47922 25791
39099 26315
18856 23172
37203 12908
14609 38048
11966 24901
4763 34601
14055 19111
38441 33077
9096 17444
38624 2574
43738 45897
4802 39028
43837 25362
9777 48945
42619 27860
28096 47457
1842 32002
46055 15755
20503 32553
17906 18633
4472 37750
43050 28052
38732 29792
21170 27952
30734 17643
9348 30400
31012 5139
27233 51677
6777 21807
10723 51406
4078 43139
12536 30339
47368 36031
25778 34590
30794 47916
10823 12697
13956 20426
9392 47255
45030 41157
11951 2040
31620 7245
52940 29210
41656 49476
42097 41837
1560 24648
3339 15065
50170 14489
3976 39886
8187 15993
46671 8388
20493 8124
29362 38418
32473 26203
48730 5314
30813 11740
49157 27188
2203 19997
41303 38593
48698 34101
47938 22331
37186 24119
6691 3960
48146 19493
8221 26222
24115 31133
39125 4209
37491 46289
24077 33277
8518 10876
24459 35440
31800 31072
40152 18341
16950 35863
1661 41787
30524 36832
48178 1189
40883 14687
5824 21201
45076 18337
23618 31913
48619 14808
15162 2136
21033 29211
13106 14458
33246 52877
49018 29680
6323 18991
35694 16132
33972 1661
18909 44848
25140 49893
50424 49643
31228 3558
30615 40913
19108 1000
44429 34605
28020 36551
22313 19513
33739 6788
29074 33056
37640 27729
27431 24401
23189 52896
1417 17942
3590 33449
32939 26715
24413 29660
30106 35608
29658 8696
8730 28110
32390 32348
37840 21733
25250 38149
40521 47359
52186 2398
41376 25356
32137 45692
9891 20606
352 30724
49002 34849
51872 28982
32762 3576
14600 17909
33234 49890
25010 14065
38550 20129
12367 39271
23233 26672
40160 50289
12277 39405
5088 17692
13895 6313
42693 29176
4553 47787
47259 16718
18768 4333
28453 24469
18872 41258
13321 7898
14381 34781
497 44064
11554 43915
36987 19175
37877 41356
45185 30636
44985 30801
52606 43046
29376 15857
2538 22710
40330 38008
46852 39335
11492 26998
153 6673
35566 11718
25448 51952
51940 13624
39426 25415
50166 22604
42550 29092
276 42791
8369 7468
22281 37550
41660 29723
4255 6073
42664 40695
21201 42380
20195 46606
3522 43968
39246 43321
30630 3471
2868 3172
16573 17948
14721 9932
25397 7688
18961 46298
33669 4966
30711 18645
11062 29683
14415 8730
48096 29523
19623 1133
5183 23508
47152 23009
22931 16400
1554 45030
8409 47791
30188 27105
20864 16080
51260 15002
2140 14372
12781 28926
23363 26376
22218 21283
18347 468
49477 31942
26302 34979
52297 11209
41793 43811
22902 22287
46083 712
31533 29456
4736 24300
5354 11133
20037 31850
30967 9929
1730 10255
41278 4272
6695 39705
32791 21154
11758 34979
39683 11601
3509 35029
49903 13682
36460 37935
24501 2305
36164 10346
49983 41599
44594 3468
23619 43598
5592 6697
29359 10556
850 51558
6688 39770
18609 15774
3117 34651
13004 34320
1963 26361
6893 45933
1218 5861
740 15555
27345 50819
13460 27561
3092 7961
12150 15764
12971 23793
4758 16827
42983 9605
4953 43945
34935 17720
19725 27709
29919 42997
24054 45894
40792 46561
38986 37729
26232 13393
44740 39966
38762 12969
23215 50230
8027 12068
1885 25592
42062 18978
18070 26608
7457 26080
32106 37787
33383 32742
46511 39216
33293 36658
37345 15280
7077 39340
20475 37606
20635 51976
52437 29046
43446 35261
5008 50220
21212 23740
18154 22143
26925 41544
36356 51534
52765 19772
45831 11342
30003 2524
46149 17113
16644 20470
36332 42618
43828 38031
42206 27565
219 49800
29044 38851
46786 17070
31495 19312
20111 20322
27899 205
18191 15824
3470 35665
21709 5744
22741 38510
43812 48744
36991 14531
29336 10340
34826 7279
33076 44585
26176 41206
19525 7628
39910 16834
9121 22081
6831 31265
45591 49945
21884 23096
42609 41813
12450 48715
35843 43340
39429 16138
9903 43871
17840 36084
47962 25762
36815 11327
15229 12596
46002 12788
45174 9364
47242 41210
7928 32912
34665 8721
53083 32899
34893 17869
10890 50642
36863 18220
52993 50797
1635 20216
38496 36530
35920 39767
29450 10737
18801 52789
45926 36019
7357 29750
47871 3580
44448 28824
14621 28636
710 15168
20149 52420
50128 10308
52517 50480
20791 8500
21937 38416
41232 22104
28046 25248
45589 26244
8724 49084
51035 46591
25711 40165
27759 14139
29932 16331
11252 1834
48456 43971
20075 3444
21971 10737
45453 15834
52407 37289
43587 1109
41513 27439
35466 26241
22779 40728
41844 34989
35705 52282
24548 14152
23374 38069
34713 53019
31984 36937
38093 39078
44355 39796
14256 19173
13001 40396
30109 50101
29257 49420
40124 33067
3435 4767
50154 37370
36789 47756
4508 45734
17396 24023
39216 25689
33184 34457
5121 20217
22288 10123
34835 20637
10908 19094
23279 37239
34636 22337
4556 23751
33630 24922
5844 29353
39243 4607
26863 14054
19505 22599
9023 38705
