338
10 3
602 1307
1378 1580
228 514
821 1006
646 1254
196 522
773 219
1363 10
233 1557
1369 759
984 1218
76 1388
215 940
299 582
1108 586
898 1379
1130 160
1207 1169
1563 631
91 1590
1348 1224
1160 1012
130 1102
1227 1454
595 1123
854 550
634 616
218 325
801 1179
1564 36
233 461
1477 155
39 1093
56 390
1571 1054
644 512
991 1067
1079 95
279 337
1357 1355
1183 81
671 1189
22 472
471 651
820 779
1308 649
767 1571
873 1510
554 64
1534 457
209 131
42 269
676 756
68 718
884 1042
648 1468
1300 439
459 356
865 48
969 622
1543 1483
1462 1469
512 636
1161 933
1069 1117
1036 1472
788 1213
950 1435
949 749
229 424
1158 758
114 707
48 1423
268 358
1060 1222
578 62
747 1518
1220 1479
1224 174
1591 591
1552 33
616 1077
1289 1107
1175 768
1320 1107
1456 19
719 1478
139 1518
379 1238
455 503
501 1371
1011 1580
958 622
193 1428
898 1224
368 367
219 1049
255 1268
752 229
485 223
1304 1007
1064 1464
1218 1487
1509 304
338 706
843 474
26 1442
1335 835
83 28
1151 470
782 1131
1287 1313
617 388
495 445
132 920
407 444
869 880
1267 838
897 1243
586 469
466 430
970 820
570 414
240 239
1173 691
1032 1382
777 1123
921 479
1131 588
1083 608
725 712
204 678
1130 424
703 180
54 676
619 1460
1467 482
814 1518
885 1217
1359 1431
812 167
703 932
1112 735
1158 1135
1519 412
289 1170
437 548
946 857
971 1019
543 250
1022 1592
214 119
1296 692
755 1406
482 809
678 1550
1062 106
529 1079
963 408
1087 598
736 1387
1587 110
108 1028
346 300
1226 1082
1097 387
467 1360
1455 1193
667 206
1382 177
740 236
1492 36
733 1554
842 767
197 173
306 1025
242 212
1074 212
863 33
166 564
1546 1117
45 788
441 1149
82 452
276 1056
35 318
174 19
66 1294
1306 1286
540 1247
477 967
834 580
1286 1354
1497 237
260 1042
1107 240
24 1352
1427 621
663 640
990 382
891 563
1298 1395
916 392
523 488
1267 612
1126 340
919 1331
599 1165
241 957
1373 270
972 192
864 89
90 918
1186 965
1179 1403
384 1014
1393 1318
1120 1506
85 591
1138 658
678 427
1006 495
1173 84
1288 309
640 346
797 1325
1458 738
18 1100
935 897
651 1316
1036 929
1029 1000
1337 1494
635 47
1225 609
1242 755
1451 546
172 47
380 569
1060 286
210 849
1465 402
267 1342
834 404
628 383
1434 648
500 920
1117 121
980 505
642 197
1018 1380
1204 1460
1023 391
308 1255
866 1300
1230 348
331 291
282 38
1080 174
1413 815
564 146
654 1055
1048 1433
1008 1279
1045 1181
1308 1069
453 593
464 365
459 505
183 998
955 328
404 586
1134 804
819 1515
86 1022
1062 1122
1561 551
665 1472
1395 853
1064 32
1151 1226
837 367
760 1527
549 912
330 1535
1318 8
368 403
403 782
1305 733
320 890
334 35
1556 132
677 645
748 1191
44 813
219 1085
1297 239
608 1030
66 1181
304 226
354 812
211 1211
769 372
1538 497
1399 328
286 609
538 536
545 436
1101 1518
475 424
773 1009
1486 1005
321 136
1526 1497
1479 261
1448 586
1477 1387
217 407
1383 1434
318 239
255 493
407 282
689 576
218 10
164 389
252 1315
1467 1330
1578 1452
467 156
1140 1071
1488 278
1476 782
719 9
418 540
1237 1105
1296 429
579 1146
1372 31
