714
768 1845
130956 174937
145698 5607
78379 76759
113768 108868
128650 46175
132752 17401
179964 204014
122600 172793
110437 86876
62504 84880
153485 5777
97189 5420
55748 172557
206412 148348
62351 67935
66074 103169
209004 144322
126242 145690
144632 90962
177980 68553
157424 89526
127562 19050
116348 95120
187187 195600
202315 77276
202340 56006
65000 187490
37159 24121
84777 69967
13543 119255
76094 94044
138262 128595
59442 143078
68226 48066
35293 198745
116522 172613
75521 27079
123324 83566
4775 9554
5154 13580
39810 175898
144303 65591
107541 111557
181283 206434
26981 106459
88984 75258
123493 87349
99750 48773
79581 13283
88479 196123
25916 97401
26580 151391
109038 4488
150466 152645
160417 164203
152024 18499
181829 99845
38584 185103
163754 187310
108614 116567
199425 183939
77947 29306
145987 114365
37020 80968
18666 206551
49346 70544
194475 147967
157770 103797
204892 174840
135165 207499
116376 119647
183094 50794
210727 41812
163137 21466
112533 107212
55101 122207
66593 49621
91793 77999
47917 212280
114525 110847
31431 165866
140631 7061
64634 137472
137185 195744
195911 112077
6470 10964
47334 161597
108068 161838
127759 154096
95082 78894
13023 194920
32233 54193
175172 48363
180284 166282
71309 98025
200250 54714
104447 39116
188710 20436
70958 66532
111082 144088
169322 143640
45387 32441
131581 209789
130088 210959
856 154312
179364 78623
1820 47542
107785 92861
61119 141195
59083 198751
127120 210218
20117 188151
42338 127842
174804 115797
62155 25608
29128 167886
81609 172708
56042 171797
54474 42518
109305 80981
93025 98032
160346 144616
147766 162286
37468 150966
110696 70597
212051 42827
42999 165604
71928 122138
124094 96197
182700 187205
73330 192760
130443 87404
187687 127747
18277 151951
73034 37571
160713 182782
48415 155336
151604 200205
107188 38870
29764 2574
196611 4831
212420 126086
126551 36720
175633 68175
174560 127563
66146 2246
3648 165391
101838 209009
142437 73143
46096 130248
203857 164866
157900 46437
32208 204288
202511 65282
55714 79159
205451 52190
5624 51550
93052 52092
26159 150397
26295 38373
143902 128770
146368 142204
179557 61348
140581 209111
207010 153557
138240 84309
122501 113542
202609 34927
143565 132717
89208 24162
22283 105094
200771 21005
146221 132970
98602 143374
109244 152028
176076 208703
106127 173305
179250 175415
117147 202653
147702 212463
197024 24416
30372 103342
179563 23873
136900 50760
205286 211513
169603 23958
80769 64086
97667 71081
144641 60741
99158 184998
68401 131793
174693 132625
177968 115790
16011 111023
183663 175408
51366 26701
84947 93409
92848 36895
198322 188662
61046 21372
204355 75196
2640 123120
17796 75319
107532 213655
193246 32543
53937 37724
172613 184574
59083 118154
112278 198613
149831 106005
112875 35660
58327 170073
64447 130665
24846 158467
34534 181359
146385 116111
20059 5404
152076 152069
15258 129389
206102 157457
49137 105022
169537 76526
52250 92018
164402 66058
109486 120442
123529 189752
73398 153935
203310 19394
202000 129387
126091 147083
150095 29805
18822 176783
106807 8759
63597 211892
93768 160320
2864 5421
176742 106200
94017 132098
101974 116796
101973 48095
182839 43065
178273 45574
71423 141949
191601 212638
173427 196807
33288 198362
31981 186891
29260 29897
141464 135648
87180 131887
136038 134352
76274 76646
128290 179474
60155 196761
162926 61600
181121 157871
145288 82677
2188 153452
140970 182866
132616 54836
18947 35706
209309 164932
201037 196669
168846 141764
1403 48530
158799 16163
854 28761
87348 121865
90267 97543
95909 167170
173482 207392
112776 34468
54720 131906
160733 188055
15979 189130
78309 197946
86429 188041
71237 169293
62743 42531
174788 5524
65738 185086
130974 16362
125248 75859
137392 57291
31370 75104
8295 180272
164546 67071
132264 54528
32560 174990
210741 113974
197329 45296
18659 13040
85187 108994
6608 7782
78466 164044
22578 141597
100601 176619
44359 213403
127306 158696
4762 50946
135404 69532
97531 2375
151316 71225
49325 140088
42009 53721
167708 23745
13001 141598
159651 148175
138186 162401
21173 97985
87263 71259
182001 45880
169365 1691
21327 136899
195493 157548
66404 211741
38598 8899
147246 131521
160844 69388
167819 135983
70355 9720
59949 114942
135863 73780
173668 155850
203365 28703
10135 6136
134110 175441
41967 199763
1786 64140
209471 28513
49848 179056
208549 112137
137608 187177
45989 23638
105059 88829
175703 154155
106405 107227
46799 185818
144771 102114
153546 164650
46929 153654
73100 185624
116548 205546
67298 85254
92628 151530
117751 34722
135430 190346
67999 2692
109407 207670
18537 4670
38761 106752
83891 128846
113650 105632
87580 150670
123655 161233
64034 48191
34457 30390
183238 137330
57872 98326
85521 7701
26912 106090
124718 197608
6000 15838
34840 115763
22386 119453
173916 57552
162334 136912
185941 178112
109723 157205
42114 77934
68456 165270
85572 70541
182323 157150
162651 129972
24272 139914
38657 118966
198633 106238
135634 210906
103464 170327
202939 142396
116492 74372
183417 78757
6274 163851
31273 10890
157543 180913
199306 43987
195092 184795
86309 128954
28644 165735
132450 171750
69560 64974
193104 35665
199839 173187
71050 179716
158245 45202
40890 97059
25908 108073
62060 175864
211917 153508
119660 139661
51379 83606
41184 33265
204276 145014
85842 50805
196974 66444
195963 174880
189034 56695
121398 166236
47990 131762
147191 166112
149281 60024
193580 109452
118024 197457
100121 145503
142452 213582
37611 41595
137620 178183
107928 190101
8487 29939
206117 194901
13844 62401
139776 86307
29697 182088
172079 64931
199516 164292
205177 118238
41307 164384
136555 29358
118009 146502
58869 204021
121259 151058
19084 209776
155079 129354
59131 146197
107773 124043
167510 53474
190838 198532
132728 29917
132395 118700
97163 124719
29269 177365
181836 69312
190440 166197
92348 26013
192070 102162
180566 131577
39128 73416
66101 185831
19897 71477
105428 26608
99564 204189
165937 192229
52562 130927
27814 179997
211288 209163
42675 104869
69800 40579
56514 197910
171846 59774
17189 178936
208973 68845
158104 34602
149544 28572
194603 34857
204301 147176
93517 112475
200673 130099
176267 94129
182344 70289
203158 127313
43820 187825
79286 147555
207296 210138
46966 180608
189108 72297
85851 46435
82611 83298
208094 85964
74524 42453
46439 127681
114215 113646
170252 64997
2910 86066
201711 128775
145099 732
77146 62469
177119 187503
98682 154124
110308 63166
135038 77851
123298 142875
85591 69737
680 65343
207732 112676
208391 94671
71867 170205
138127 182569
111322 74826
125444 109489
95501 150903
12779 160915
57635 98533
157073 51411
2758 82069
149354 164207
94317 113960
7041 19232
168979 98303
197777 204451
202462 84094
37590 42678
80882 103529
146618 120223
189982 41943
205051 71184
43240 146040
151273 78463
80444 92
156887 35052
84206 168129
25445 203882
202909 194322
23518 116422
123183 192102
131472 142319
119322 204787
148543 59260
28248 177782
56866 186500
193067 17069
15499 178183
93898 60296
19834 133572
136062 66864
199944 74079
58735 198843
46557 106457
182180 21367
189990 143610
195614 71344
157683 200036
79435 62625
100004 43649
35140 178182
194768 163858
204829 94759
32088 110928
213098 94686
39190 87814
173311 99244
31411 132623
74661 119664
69369 185001
86478 28388
154912 141887
4298 186228
100342 209324
136018 72757
65036 195425
164681 53027
54102 16574
140124 170934
109609 194212
106519 81951
186822 45688
45815 9819
56097 2576
205003 28073
204064 17914
99384 182935
35901 193789
46631 59722
54597 183954
88306 153320
56107 97480
126607 4932
170887 89465
78833 16244
44735 33243
92054 80378
133462 164159
157488 49913
209779 134781
48017 56458
94712 27474
91902 155734
6393 190305
16125 6658
194573 31941
188792 203568
177692 30372
45051 191110
106825 35584
47820 46854
212812 201529
60510 1952
19060 151004
29312 65581
111667 90052
176512 7500
203548 98003
23815 44667
40549 78397
48831 145140
169977 59662
61914 14113
97093 182585
37195 135323
28035 6912
146460 168565
129494 100510
88944 88010
111380 89606
7942 11320
155594 72578
182968 33717
108509 89499
192388 3494
148998 65375
88530 14305
213812 105490
187949 145380
104271 151550
13954 135432
201964 92298
36453 27397
99254 32077
137073 126450
35646 119449
168057 87463
168196 208804
186755 192559
83167 184575
160379 196680
192768 210123
27140 92144
7161 172871
206953 98049
26471 29896
172849 186744
112599 168986
92336 70605
107146 212628
37835 47192
84688 43280
175707 97275
189080 102975
128190 158907
72022 146445
186700 189589
124743 186640
120918 194765
177972 31307
117345 52073
63319 175156
105936 86267
135304 136156
88193 137198
112199 65275
115111 17684
9815 196026
7982 182886
13752 31227
135336 27412
193457 110497
85937 94110
205496 133602
165919 127540
204161 41264
11403 195300
64091 187352
72304 40177
156379 22513
44945 96763
153931 89917
11031 129192
11769 195711
115210 150099
32243 65613
126155 149770
143887 51517
71049 57187
152776 148713
7893 171191
2907 152211
62504 96005
159190 35439
98941 113786
102667 125357
182363 203817
21289 63112
162321 101048
45582 195606
108781 145280
141712 101955
177709 88740
35183 117645
12224 121889
46328 77295
129179 94325
77669 210024
62651 108253
162695 142801
44543 149370
17607 137974
111118 137076
139407 209076
166441 17178
150774 161007
95121 125172
140040 192511
122658 212635
193079 181088
189455 32366
