125
1418 105
7795 12040
2755 10383
9693 1209
1122 13141
10680 8986
16133 12713
15476 2123
4104 10065
10916 13212
11400 4872
8534 11771
15185 10227
4917 9268
6713 13353
2788 13953
13343 1487
12470 470
8165 4542
3706 1135
13888 1797
12563 3122
1811 3757
8750 6625
5379 4161
15982 12733
5413 3978
15363 6153
1098 14862
2932 4187
1100 8549
9945 14688
7664 9333
7862 1022
9144 7763
3339 12086
16461 15055
4229 7930
1480 16706
6185 3687
7450 5975
16021 11084
1090 3683
958 7646
1158 14774
10730 8421
5360 830
1791 6431
10596 16555
14202 7717
15478 9935
6282 4513
5297 9674
8077 1635
10502 14811
14699 16649
1229 13869
11723 3483
15645 12806
1573 4502
1922 13174
1372 4040
3836 4491
8849 10169
14968 2248
10006 13150
10997 15873
4198 10771
7448 9556
5294 16213
6491 2698
544 6522
13879 9352
11149 1986
6512 2663
9466 8071
13531 3827
14245 1585
13213 2233
14557 10501
13360 14902
10109 9850
10197 8746
13281 7781
7442 12654
5088 5521
13839 7148
16708 10463
10931 9467
15784 15599
9694 4984
15931 1698
14148 861
12064 4776
9426 5363
13153 8491
2484 4834
3490 6322
11944 9110
5927 9538
12891 1126
4878 8812
2258 5081
8043 4362
9280 11151
11137 8968
7347 10904
634 13835
14213 2958
16674 4876
9244 10128
16352 12719
2319 492
9914 5973
2748 15162
14597 11939
4009 12495
8152 7445
15601 11378
13486 10068
7788 12951
15265 3195
10167 10296
2665 483
2771 15473
10744 3557
