3963
266 21
813981 134125
775068 619973
188022 468088
526619 752425
420983 594750
442758 429831
100892 381274
621534 587853
234210 566584
962739 150932
961340 105832
119767 847986
333041 111732
774739 737474
700743 125046
439329 924079
838487 378086
573799 831060
361172 356718
92865 885316
730365 858657
240485 800482
945175 96806
370053 312105
317182 87418
378020 301526
416747 960457
587095 805141
397009 315950
430835 188449
161951 767695
336065 806616
826416 702367
891820 973348
105633 818796
560007 260855
825937 340040
169060 844878
587127 183641
194643 357586
265044 518365
173692 322830
120960 354771
979244 183286
506802 35265
777668 639992
872800 180125
731371 155472
525613 591088
141231 210443
395777 845941
832087 774618
990977 195821
732681 180842
640252 754081
775004 974303
341810 969161
183810 385943
879866 141458
326153 625363
959971 661167
496248 898002
300858 440338
857363 226395
803537 453794
678340 588477
706792 399617
329495 626958
158219 168080
712719 335711
240890 585988
518596 293017
519057 853296
867995 624759
783605 327511
197389 990035
104183 338831
145116 290988
512520 6991
282671 657905
732293 281057
970249 379404
558728 283625
951384 988729
492888 999186
537685 212470
920999 93578
15441 847573
985863 198658
227241 630221
633417 356452
708922 258108
975763 501181
858234 356966
553704 119224
823689 698972
30602 549084
609730 5082
504729 61002
286338 266913
826762 550763
272071 372685
380961 620568
385408 70117
563484 723394
710584 379025
292845 252026
537384 436685
16038 975991
694309 816791
961788 699383
489733 778477
302189 620095
397347 545710
732544 715182
663131 569532
28299 718061
92094 490287
685024 677611
613273 145500
291747 618567
991487 279520
689879 600948
688091 581454
716370 4641
75677 959686
406225 23838
885336 501851
285403 250386
589282 961241
692933 760640
608837 214845
843643 459666
805396 463999
571217 318757
755078 292762
431060 471899
646349 87008
498854 125356
278460 402581
945007 659788
15490 824243
375307 167047
198050 777947
790207 20767
687902 323105
315645 128348
476771 45539
113990 307012
806837 910730
534184 691371
849819 279121
812480 706636
533185 92349
479059 732269
873059 727441
427911 935217
553582 808390
51309 299837
448609 5752
376278 424470
364525 487438
814842 727383
305724 711574
716971 373550
686547 625700
273892 669117
243450 959253
890560 571795
31610 423879
473288 554036
520110 76343
356931 664112
3590 433577
600925 578247
20345 796491
326492 822570
970640 450701
451410 75497
206924 370510
680908 324121
846876 678488
93944 524002
792188 107388
698086 563830
660644 171063
649311 494061
507301 641898
589713 686412
10477 14154
538349 701247
176637 913127
656031 262828
680340 797515
128327 71625
739760 38087
80595 785180
249223 31955
23715 461793
810073 14931
858177 165477
833081 448959
395589 622109
277365 485526
944575 639111
53031 153342
397140 38549
778391 91661
466945 26733
687228 707253
972669 370323
645869 493058
69370 96037
922078 447991
433791 609130
147253 130719
354097 4858
173918 770000
744872 35965
183160 702288
757995 274816
229524 903414
962760 734439
76658 982223
892333 481096
911841 6714
763816 812067
246205 905314
113255 924394
779585 501171
61459 108598
167504 478184
250291 70666
729106 918236
747358 308905
193850 369862
722287 98712
933152 829085
526873 665184
256591 941179
557770 545053
270257 812285
899261 858989
114192 24177
511643 591848
871325 841959
42016 560616
61213 539412
490417 162870
706219 860047
424817 342182
901122 607152
24106 623327
537613 428980
532484 438988
822762 272345
17922 199339
703669 975092
470755 777059
269814 314630
497986 345269
420080 522712
388986 358808
322788 899726
702825 198800
872067 596652
736521 718358
139568 411378
632632 303083
876862 294120
350445 685736
416967 355637
952893 591239
379029 196695
736665 845882
211451 383559
84925 129783
950740 659544
258478 306283
131181 809306
309715 558435
866208 532310
955164 439708
913570 338853
219761 608184
399580 96916
931675 321296
774596 353439
859043 311450
779397 137355
311958 982398
398503 238837
92493 812842
354878 117360
118322 897697
480067 251095
119534 196848
424503 577415
893933 88241
744791 73761
18406 210382
817265 353579
116636 792929
949912 537241
343690 385491
66068 327091
203752 161347
734361 196322
50634 260892
243523 68103
20217 694072
455607 469014
808985 397889
876749 117412
116289 273664
18845 567650
752863 48446
674239 643521
376357 510236
343551 754382
424343 165920
670614 481492
311512 376747
361472 243376
719746 645118
396202 396277
704911 705456
799623 628863
127435 63628
749652 553200
738927 155022
858448 102779
88530 980545
518812 718425
748412 277104
366288 998444
50937 724821
379706 334206
236756 656027
704767 212059
219426 49798
579488 502443
616253 271897
186326 609628
926546 531446
858233 530918
938218 973901
659751 840641
917699 860803
229857 52711
39768 637096
238525 6923
799521 260371
837503 519470
960094 971260
101269 635122
614141 803911
344892 479291
59780 480834
801566 711306
296578 103246
703293 842687
392824 64792
361127 597476
929052 918703
30824 443431
224977 696293
461647 510725
9821 123774
344054 374981
790590 228517
307341 723600
638023 572165
956304 779310
799633 237902
664734 524148
416851 163855
458992 271762
771704 987610
163856 441170
535644 29725
240429 403463
773572 412373
268197 352937
241909 344155
468843 688835
349547 147247
611233 311926
820191 408668
69997 622855
185758 237060
571073 886216
970266 684350
400208 131460
117525 510168
25104 902337
369141 303227
359103 451721
712552 95851
350355 22209
544742 233326
776677 13902
386116 438281
665792 785991
302765 266319
818160 214935
917079 664753
38530 950148
914522 52443
123266 567062
328774 997953
499147 768846
577184 999183
32965 943377
59303 829516
179222 31360
493407 345139
694111 417337
958540 149891
189174 451045
566177 444549
981295 797472
380893 39196
519008 340111
769444 55305
358579 902411
531731 140662
496881 967028
98822 146633
42794 86740
626946 984108
297076 455167
773130 317192
641818 551688
148720 666043
90464 922662
735164 306566
505583 192753
330731 648476
654275 718367
540142 585315
785711 381920
660929 722977
721894 166277
129764 571590
675779 879580
252025 318506
640551 906642
546032 168856
101566 216288
786744 569965
464970 306
143090 759374
400882 852461
590529 236069
659657 142925
405573 556805
531886 545165
413530 981687
70868 795011
448081 896828
14316 326428
412473 12418
404182 583912
496700 340546
14750 190802
525021 34874
226026 276490
876811 501821
675602 376789
445760 524811
563379 929675
705104 712177
787621 253188
515073 506821
966370 245867
289940 984259
368621 287380
202371 216528
158374 763227
101566 77794
616797 221871
926770 737503
980017 470315
928438 399448
100658 322419
171712 357158
822878 536647
754289 771553
478072 417613
783046 397912
694514 52073
753759 944691
46719 655889
829653 225278
718033 74381
791262 989294
177203 208079
287936 391658
909229 183251
673353 688479
432101 75654
953931 939272
545330 844568
848212 563309
443181 354378
676916 211151
738250 627347
369947 141776
874414 756367
484180 621411
522090 897956
8483 300119
785940 453865
66994 436742
713714 399789
528714 196126
41556 641098
413445 355402
108986 155697
880172 981718
580550 869647
323373 225854
89746 281465
47217 244027
524387 919574
34401 152901
507164 34772
605896 797857
742728 537615
749980 614805
801528 693011
438394 766895
287629 458092
383987 533348
929733 637355
638228 738341
476799 820404
949065 534836
238359 96354
171374 491140
541487 472609
50006 792539
680675 905841
228439 347513
539991 976336
186356 864660
409632 722881
855872 203570
750879 649570
663465 307199
63039 871582
529942 439247
290004 911205
672259 195234
922814 95980
421117 825053
261201 148477
386957 142461
334219 459806
362828 196090
14288 280376
547464 199999
858671 446135
523157 24864
373323 973940
642513 54116
821965 600158
460953 297215
925515 387858
392876 186609
490197 750480
282086 492534
221613 542194
897808 966245
201781 232219
608837 875422
165820 592914
265722 539574
393606 551634
909892 569314
710118 37956
356214 636722
699984 531813
490485 733741
102534 485488
941124 494993
933475 39710
326289 20520
939144 898775
855391 820426
354946 649254
984974 62648
754037 419278
396239 84113
619354 955588
434871 164316
835456 504394
400009 344099
782628 63087
973576 145866
391936 994826
297246 204438
597880 42296
252954 761571
152847 482448
400622 601085
988240 971993
590910 677811
432114 574273
947598 30512
535093 235774
893881 184610
782812 796933
905561 866231
90058 972328
735556 123437
772688 841303
123564 466691
158958 629222
952009 889918
562715 841875
418556 859383
3998 640374
109778 940665
519551 752945
848929 408512
620248 887765
897141 699341
240467 958373
189044 438524
845464 540231
431641 263498
174669 556135
374201 892465
64833 136544
861955 42673
516622 26879
868936 321770
66697 676651
613833 142837
643667 214498
871184 469751
773404 155288
455260 397293
34829 730932
931694 29381
723163 19069
132509 939335
659226 796257
9981 606610
180478 433794
177696 687667
700152 723291
328322 747447
458809 670897
425568 611364
704548 392966
378887 345823
743668 236321
80070 132985
233348 834753
689708 297435
992926 625092
142406 26934
32108 779486
299978 409551
723246 328321
476878 708444
710471 975524
480779 564797
637044 951334
598013 753442
670842 422156
358720 38507
379547 894228
764969 321378
4889 446822
304056 611166
883272 535662
504155 772258
575575 853490
352934 304947
498351 443168
900624 788017
131614 453943
24770 530917
662652 244332
492479 395878
212814 972438
382974 614195
88862 762537
230641 940396
792646 826163
732871 551548
351031 759964
448970 859663
894340 313969
913270 430713
820554 591960
705276 293850
856650 931772
220784 131516
85253 385887
429482 795515
998708 527415
638807 996448
920522 873637
184100 846488
368205 955877
937022 986954
371142 636732
829326 459110
228311 87945
850632 668747
58029 466129
871419 19892
196493 304464
959734 326365
754704 769522
736045 119973
464849 518680
283291 516856
677486 199725
83184 551634
214183 297950
829742 30182
838997 105516
27551 980090
103555 650379
556946 796860
232886 79231
927726 398444
355839 652450
844075 985918
265988 195833
451254 219362
831020 529212
863838 334967
206120 458358
774646 392916
21195 799585
466900 868133
70872 642365
512644 959171
927644 35334
449047 914918
792415 895686
181444 547129
504295 293637
906148 154411
770066 267005
124488 742631
511112 347256
599129 36766
215473 358467
122309 123585
922987 859200
424177 938041
391041 861176
318444 535570
118320 760057
998843 19245
17532 166707
643210 824436
142245 948709
687817 690562
499060 505502
873478 366334
235035 860537
386943 755697
156081 438798
572049 779149
169041 167223
609761 70187
149730 99863
290362 64886
944424 504331
637630 83345
558450 526038
792403 701605
255832 346681
581542 181453
670358 76538
521992 758238
587686 327565
586101 578990
259398 441288
870135 954075
121436 798959
39754 258408
718753 884180
35602 86807
344396 777881
966263 932296
407213 165578
731656 185437
577178 639669
410619 546159
134231 984861
603835 12438
690029 746112
732745 215297
495268 505554
259425 918502
751862 630134
117559 683219
236013 570396
430778 719338
16128 747297
533087 972397
683279 38642
915508 897037
633587 39545
904496 997671
210930 30236
48819 856088
117949 429692
329522 185765
824210 803842
745706 753105
936779 326748
575295 30295
89315 710292
546938 603955
853640 843054
68268 623741
206396 526842
59846 616128
608766 610518
753674 805374
772532 205764
427707 86835
50705 234392
679467 539262
856129 302651
753624 778572
791895 701836
867286 604936
334936 834629
507370 185425
334675 952432
183687 461758
434879 630016
324719 613076
947594 195870
453450 268876
308505 103904
320823 688120
744004 557716
648916 766657
716063 913796
420682 453991
695420 845852
530005 54738
816848 114802
9147 745122
911216 438262
170998 189284
721456 721249
788893 299883
684505 998406
868084 85546
704344 164486
528005 706818
971487 955099
604484 210623
574934 386609
29915 850791
48046 725149
502813 197962
770853 553886
959468 795300
74073 360969
595941 600999
942191 596885
754993 589931
244466 823581
59553 942854
94433 121315
274402 319705
957674 400467
206871 780922
674458 524983
753337 270341
35465 584737
367636 594027
967265 680629
385684 330755
251356 218602
35864 913168
280463 220215
676790 475315
830638 177071
410923 971803
113487 333599
577999 12865
798338 622255
994511 779120
111123 134554
387298 147335
463890 910294
179122 944916
454824 44172
746177 247365
166418 408138
572964 952857
911425 443536
48829 929525
802773 785507
484264 383181
920463 844761
788856 774102
466120 915338
324513 490142
104680 596437
58443 873754
842110 959424
919594 640189
703450 943442
403446 679911
353851 638932
338320 347182
935483 122100
435502 73174
883804 571832
634374 218139
629009 338326
152596 981818
319900 476952
839971 592061
973660 681669
629849 725608
345694 874145
256645 891489
977934 204064
938232 313736
469126 947851
228273 952039
203149 97572
267152 680169
642353 848678
192796 284829
200885 57036
606928 494456
755710 909733
105426 130560
403951 412737
383439 361324
789801 719520
258475 830721
783829 752797
566329 841895
925873 995773
1048 617135
371290 41546
432186 283649
732232 585821
998275 961288
73599 990767
263652 386512
738635 947623
859472 129333
677365 206418
507225 774639
855724 88460
144376 623582
544938 379881
791455 773543
859098 432746
362826 528959
216334 783627
121838 827271
7604 436967
211351 684511
309936 810695
502761 66404
683487 601825
201172 308785
161284 296141
950649 104235
42692 232490
395077 847852
961261 653544
727325 424953
168916 210653
167608 363266
221580 96755
766455 856262
447306 198338
636411 385047
165442 883777
636266 403683
780059 721878
652121 477657
14900 644995
905543 751687
661741 267449
937128 218956
6817 873426
641501 352892
694981 873384
365877 516871
184484 917810
339104 489681
117563 315346
96867 160791
353150 197888
534624 42130
616449 573513
45249 811598
555753 457665
739929 804613
826843 249275
167820 353110
504683 902418
922027 592983
552584 466725
412026 469670
455576 56449
697397 16453
790327 276925
110280 906521
241126 629462
762506 909574
28234 251197
369187 27045
165997 846991
736536 423057
85229 189752
785609 281068
400220 181149
951717 821976
515121 63047
17730 827024
560161 687608
630703 580874
169424 694656
838325 389533
223993 120052
128895 374891
998867 162432
683261 320349
621962 920235
35193 38517
902008 439763
492274 905643
826404 162252
959519 419912
877073 556000
499897 29992
7957 877397
213484 456499
501670 45482
875859 793052
603411 221534
107346 358829
578193 608059
86576 695132
494384 319862
754821 46371
796148 610527
675118 666789
49359 532248
269610 707707
878633 969394
586231 901175
173827 88777
464224 320663
12824 819414
623311 838898
708494 167636
409724 953987
114390 786289
552221 174566
8441 250289
46349 27228
563709 770953
634828 822507
472879 671823
853681 747257
41581 901980
908018 51228
178902 137563
995390 959504
20092 826340
345950 842167
131274 877333
981397 756913
677245 763077
278986 38710
747752 213041
29424 97757
228852 106213
847767 804166
504143 990730
545476 572128
972621 902549
877253 568677
974682 809926
336213 605556
236364 406820
541967 660866
422062 424343
820353 166537
139736 753997
574402 747661
492775 457707
855605 632452
513964 924430
158414 37991
565099 51413
367099 613187
694070 728955
964069 482309
357879 650856
151772 372438
646103 433525
612783 943545
939817 554991
569397 66827
151326 508538
724949 340667
956205 72463
409029 208043
631100 392620
406256 620346
73299 54304
624880 41178
56458 931126
623561 82937
706510 342444
406569 191557
168375 164220
815595 441840
267522 648775
433535 567349
130320 765703
651307 255711
587803 29302
264209 505466
776533 508472
400675 16581
879826 46214
734348 100831
292820 893743
573021 835746
111931 543235
554658 376538
242030 471302
185990 836614
430056 799652
309758 872993
974050 953233
405305 797483
820323 622144
490405 459552
229820 392837
222350 56048
251081 923634
836057 640607
280567 978689
439584 516118
777134 155475
35278 907635
916166 595253
966680 896917
469783 147858
715772 868149
617764 166236
662188 222056
292253 50391
109186 278346
144890 419472
444619 89657
923939 270543
961385 299609
15038 125715
495331 578287
589369 838392
73021 986922
3537 134919
303585 53269
627373 931469
569094 987201
131647 225425
688158 171406
186440 447855
418654 956762
762560 705347
582047 778804
388474 296806
527661 481282
34333 686903
428958 875625
689690 806188
611958 639497
307455 531168
867677 974717
363185 110827
559956 852336
340269 642796
214372 473850
193512 441967
345051 119587
269631 899714
69919 286448
3733 184021
120298 219287
384831 57491
821579 946066
523470 603036
51708 856380
241835 566195
970931 166870
406158 772006
934111 661412
761473 691099
193650 485142
335417 28155
363098 39932
22165 888419
206399 159333
196807 151708
462186 115217
855911 159788
418738 637720
652341 155601
199664 719387
985 364691
230181 998019
645813 839093
661540 365308
844094 310766
533346 395357
235982 138770
539348 391367
14242 131453
559551 579267
263711 587110
782551 4283
210187 232126
374559 624261
981084 933924
876444 475131
875099 354605
955618 162766
914641 947990
495389 302016
407906 310474
974844 900860
135903 525204
6907 714435
176116 165673
878454 397039
637825 626456
864657 552897
617213 860642
534952 138499
486690 494007
866125 345001
623580 37138
683141 345586
850066 414814
373386 34282
3834 174348
265884 623227
168288 478497
173786 686814
628332 583712
714594 630758
556449 943138
110095 669521
952044 53329
144395 143534
250108 282393
369737 464665
351392 794768
601103 576971
189047 953770
339125 71007
662954 701078
822746 745862
455009 270538
182204 786518
355315 281131
797154 598422
313957 875764
208531 303018
439804 813386
343188 99298
85521 169990
663775 181795
721466 869994
241602 693819
837688 644674
52045 905699
649617 970072
404303 992118
455448 399613
521547 947923
969734 440833
491172 332676
270499 780517
497633 157599
186808 522870
215791 529201
166940 246630
884028 508722
345045 241684
863143 165964
539127 173050
13854 459596
903161 854596
304463 229934
493780 880825
200074 667357
208115 980929
897617 344782
704390 579805
520422 891852
594281 145393
205426 443560
930496 704569
403751 310720
131761 629473
949352 30266
177414 869588
541297 852663
527138 986493
909546 126162
39077 334541
339434 22375
648585 241809
669932 748371
119548 18710
652914 459569
62381 137725
161029 422382
930993 344716
557948 572429
203042 634159
97924 614169
967532 410545
796737 239410
83774 319253
678989 360389
620874 879848
326874 547653
174906 56706
3961 202131
994402 649854
26784 24678
23171 588427
85726 869198
341599 201895
7554 952049
65409 356804
897571 69847
411305 659637
366034 448414
593867 178486
448127 323845
194602 404367
566589 640492
488099 429593
199799 276099
974365 182602
443560 243535
940665 700316
739082 99464
548496 768084
40822 267555
201049 842751
200376 213261
822798 981557
736430 24767
886116 249071
91639 90722
637260 776116
775335 117123
176161 42236
395297 723736
377108 21531
619874 573673
236548 68739
648588 27203
798552 29976
907820 387674
914759 143674
33637 522487
205349 532313
222915 842770
400618 397214
932539 556708
323842 205964
357312 567284
214524 919851
326395 19237
176829 390647
535694 145922
829719 598599
218015 574885
463873 385542
790695 353090
138035 997335
388023 387452
695371 520248
536553 590988
633849 398440
325701 157503
128393 364678
383576 826401
101764 847974
550458 148853
449313 52031
881413 251050
267269 8236
839422 785198
323679 351682
108967 602920
220944 38560
476220 73080
66932 1984
453473 472259
643185 198561
145498 84706
506124 762188
380520 619900
404992 173204
43787 492796
294804 464935
6641 177937
10207 770028
761332 635413
568398 181811
952120 447090
104502 814539
837583 590257
644546 232693
325091 753440
162423 685406
824475 150711
535702 927380
673742 505543
675112 853294
153534 806940
801708 279170
441789 915957
451883 491899
221119 37111
683139 276626
21799 801173
533910 425554
801542 408500
127549 630972
915233 535648
783182 854839
426865 9264
165186 646082
792715 389049
72373 45350
79131 183249
251885 250615
432686 357341
832076 854805
22719 166150
803710 790652
532252 964264
998880 43406
133316 205510
48105 631701
105118 934631
805755 166401
787480 541010
798033 621795
85859 417996
951490 430398
634501 492677
78485 577234
168247 646954
217743 945742
157937 83786
21959 474110
455621 874997
588017 239672
197933 605274
541332 786068
498639 569583
55137 343065
431447 544752
33882 457324
276971 888462
392894 340971
927837 593831
272894 497561
456109 788494
77300 691652
628546 166704
286624 457169
939790 638654
766210 921463
907980 114613
914627 194741
194718 729618
636776 733177
861314 738370
749772 994797
49356 688588
357027 355937
140901 834259
870416 791090
502475 835091
314115 48984
718589 32914
203018 551393
615733 245671
497493 676708
721308 813088
414578 179114
157896 474997
310737 733043
668667 945597
370890 516570
775004 854670
458984 718207
397274 305200
65849 222823
77609 830629
627364 158837
26168 924352
567170 871597
75546 999983
759514 655467
199954 767001
616258 636427
212279 57975
906205 862970
459922 977693
939036 888963
539142 802098
914181 278306
506742 212603
5054 169935
915888 199677
251350 785438
403423 543186
540272 181996
408723 293633
122647 191603
896547 586320
95818 964410
442993 803888
973943 529319
855330 101422
170678 207716
86618 685803
826647 207886
667895 286535
199156 493231
958100 158382
596960 692164
603017 323668
786385 655391
940129 316410
427083 697609
416268 894706
223356 410432
393730 491683
467685 57019
767337 626394
396967 152610
155095 543184
619388 134425
747149 472254
646723 883805
134000 166959
464599 464959
180318 691137
96856 11342
554344 742515
547637 605432
29198 986509
393836 184498
374658 166631
765725 449788
717852 315256
732832 308683
323596 268781
820147 102734
954164 169796
574758 64103
166564 831052
687210 305778
846686 556662
582448 547656
110971 723407
456421 499218
747047 325784
414593 799993
116575 493938
103736 775595
704749 389830
44036 948164
705311 163316
507855 238126
362955 60001
667964 982462
388545 481327
506883 182955
987669 178344
697903 353236
422931 389002
941882 876517
518699 729826
550035 983377
321768 794147
524951 354852
941927 243751
351136 46086
865322 450024
504196 98590
865483 530417
898854 390968
950687 655138
56400 246023
707360 34203
436121 184615
371428 108225
161705 96694
741422 466991
726289 284361
470203 108662
99397 987357
960157 267896
601355 913146
25692 841109
331994 225997
338929 220083
121074 462646
392962 840558
322387 571442
70813 810307
206134 826161
242233 922970
628254 77297
447252 702167
129812 742942
269207 705130
638066 778920
404286 815446
374595 867852
481125 911668
726945 165565
433590 64547
608255 348345
804515 636877
260432 586618
583567 66348
782931 316904
921788 346443
196969 400729
960168 880045
458088 600499
935906 958783
121905 717847
493095 3039
649367 224070
440772 421656
382189 116220
425313 505677
542894 49630
836995 495814
417397 678573
863913 896888
745107 338030
217310 684725
818340 870934
488575 908745
72337 57863
774432 85450
759843 361857
661251 305875
142717 711038
867053 251102
262398 833753
870756 289493
772039 872259
294751 351027
879065 202958
499367 146753
226223 390065
432401 302386
893393 658834
795448 530847
152269 499680
564650 163008
838094 301999
778214 593113
597307 502438
484978 859630
482068 693376
361108 140583
853414 433980
841426 883370
562835 106166
60391 225819
885082 982399
610508 362229
371208 375246
922208 960650
705283 389107
243410 242558
504101 579788
785183 205408
7128 802543
883281 443317
374519 251390
809447 693454
257035 687256
735004 825605
35374 651457
436653 208133
550710 108593
286579 132162
151427 850307
904740 962538
785814 577824
278333 506705
433678 799250
104287 35870
281501 371877
327900 173634
612988 559498
793029 191769
156065 511917
463806 561804
790373 839797
623120 688247
603312 5130
916739 615431
348445 37625
711971 204382
633587 757678
868087 254265
954276 846948
718656 825746
943235 160900
160900 768900
752742 704224
374013 803007
133009 143304
211830 510367
227629 976637
99138 942763
484430 86232
60057 858384
539173 923167
380873 500794
31692 227915
52668 48687
134128 46456
517674 127569
684206 970406
499050 977811
711530 422080
622779 266111
763584 170772
38392 896481
310600 380337
758145 811509
526742 254491
893217 19196
676228 569724
327476 970213
338172 463732
39064 227040
468497 336845
636903 322739
632507 291647
719229 294649
726683 593571
251277 91527
832319 209698
688823 594929
992338 377144
847147 693451
855826 900008
202462 996289
768753 131379
551405 641199
230900 849716
310487 394814
40810 175088
503689 47995
256338 141061
688665 820847
787195 861084
934650 191096
596228 613798
493333 741152
510470 315346
6628 260695
782928 405133
231958 214584
914025 689332
330641 728751
621192 286494
131261 51583
674572 694381
63475 649185
855624 467495
290860 98299
582912 437869
67867 159226
819230 353203
159383 808635
43829 335302
354171 775373
96844 187562
176307 467419
352172 834873
454655 265553
432254 52571
913146 973660
75746 108217
689852 929343
140169 588177
264321 345690
864122 317882
871727 930856
239890 51236
589400 696519
892979 97492
734386 257931
615349 10049
753368 242387
46477 422140
8444 246324
427454 958256
105364 858484
557307 348027
652300 9003
935650 213699
635506 276840
964100 217269
87109 477779
730513 668989
41779 608508
173167 925014
429753 16062
518166 954847
835390 255840
732542 537829
908549 760248
628942 832493
919939 720773
862892 287892
549164 403758
478147 360608
656107 212283
186565 955647
427903 481851
278540 843731
281811 956982
385600 881369
885600 421950
806014 580336
125501 904740
403250 444248
144402 813460
298048 988832
753204 671607
398975 69575
864900 58965
601664 317615
571709 85022
765479 451621
653910 319742
652816 231332
299847 858450
875568 299738
494330 584899
358701 59774
732075 223368
472518 680216
497419 407527
659524 31081
566562 875629
775552 656490
750502 655706
777143 528568
618901 957449
649062 529096
268860 21386
803681 486236
560752 388941
837062 443588
327508 242582
857617 396911
33794 446433
644111 667038
823075 582333
148734 708515
579737 615830
685310 27043
210564 64545
997744 489517
237129 637240
389270 205659
728030 466530
833234 341655
9935 90085
740850 199814
330463 604814
799549 545066
645091 634230
924594 820396
694670 753557
382619 680062
88178 115641
710996 408020
744889 89064
212343 211226
672098 492180
57560 626850
461296 289540
283883 173701
749559 203974
539126 696030
727654 252378
171788 677283
603476 669329
882204 583393
821065 679399
388082 353711
386847 926610
484349 233472
416270 419063
644820 717979
644461 530281
521039 309038
456518 844755
772113 968643
206480 425544
345585 582563
590505 565834
901443 14204
360931 186733
196350 890922
508158 400367
236719 953726
458651 430404
724251 298952
222270 326917
701258 234699
358475 820550
805588 62904
715035 118968
173108 27710
801780 824667
580457 572684
787678 485579
878944 564052
919887 706482
777629 153654
821959 115236
761715 96492
748195 222577
936055 547107
167178 442342
528923 867754
44267 336869
866593 956581
417064 105888
587031 216336
613898 403938
917644 807699
968357 535921
856828 213353
251122 682582
705468 387352
147570 202329
493268 731462
349587 988407
522103 166571
891395 149899
811831 875009
412498 526390
820903 788373
992360 844027
924307 377472
796126 547410
216045 663744
623580 399607
415420 575639
212718 68599
579508 438860
334723 27690
888131 471634
130750 434592
430374 786200
502658 928471
467401 314667
486625 889829
9258 337385
289553 331967
142324 290193
577172 683448
188538 478966
488445 420243
350383 31484
81886 859202
915094 255957
456987 490278
587119 989863
484565 768494
513460 477303
496859 743446
171057 442059
834595 330110
549393 336144
162909 401812
425977 757769
407050 796619
315617 470979
868167 821710
500162 197555
683256 488351
601065 920298
518463 336986
614647 254298
67131 638199
213136 269017
684117 271483
736920 45856
436739 974863
319933 944845
37104 997730
770266 401995
672010 161331
604428 69900
933089 261359
429901 4028
521005 440864
923346 291202
484183 717839
671021 503018
86499 567009
941891 43572
368405 216760
492409 53036
73659 865171
202891 656291
180224 219523
446909 300135
771100 893392
876170 557280
244478 256128
324174 697367
250817 777946
742839 751541
252536 240879
561172 561035
891956 849983
964288 143183
149390 955253
120382 460870
671166 421751
899196 971796
209755 706198
265475 148307
425675 80988
330650 783590
387803 108967
759199 632147
626098 639295
626173 693116
677071 261373
327360 99995
296473 930509
296105 378682
236320 992501
842886 531960
565816 18209
887423 108756
778846 64658
461869 71148
836599 651117
634343 717297
18213 894632
400350 862864
148823 306745
474439 244419
892176 793196
225556 993697
823928 279764
96799 185174
786495 924823
413144 941432
57695 770643
92011 852634
586287 225960
36448 386748
557970 848433
705408 523551
535599 270663
216099 550075
921325 998252
864033 58851
293778 55706
867748 907275
367039 38040
384455 790781
767859 383990
159000 3148
820838 440120
240658 971418
108110 544287
442011 531461
190266 814701
728929 405807
883846 335914
851774 516100
35292 393504
499564 963327
902406 748522
908400 171993
476864 505841
533474 75097
276306 616472
359947 235316
439723 136340
492333 131618
198912 59530
326541 983280
578827 152850
805278 322698
312592 957396
276275 820541
722535 112460
833622 564381
712474 596148
284146 889153
895149 369813
499379 299302
653870 125933
387416 560059
609322 990916
502942 75415
401610 380646
717820 429698
487650 857989
955098 234052
70679 919765
208739 227178
373514 351772
747875 251063
529310 786047
242459 211870
94803 948484
862436 616271
783364 926923
246291 426186
502444 209100
710357 14182
380153 163368
760785 631703
551762 344261
755187 868413
73618 58226
57143 857390
4511 885476
354422 57216
344691 614837
716468 344424
318937 72871
493533 882047
832967 689311
260708 984038
273885 907468
72587 396849
534361 983731
369610 480452
848009 395568
160118 211507
277924 350791
38634 457964
82780 357320
773879 112
970919 818087
667631 961755
283538 155173
347819 547098
801830 84360
955930 741081
681197 8181
831733 651355
293414 530332
835328 979827
92254 990972
925945 467889
465983 334068
971070 551948
441242 317088
330506 680299
233346 217427
382045 292478
18021 802093
872761 578236
366972 399134
689671 527100
444097 872567
683230 640619
468393 179830
369102 335115
62176 449789
162487 134531
298988 640788
532237 326486
54013 853733
546892 58591
69478 454763
968341 526943
141117 562464
914280 403932
540080 57831
578729 460438
908794 599222
904675 323534
164508 187008
81307 840323
461547 978291
840739 282058
993383 671128
273328 251826
291863 979808
747783 536329
256669 417376
919274 676435
77843 376044
551804 73939
285009 533844
39044 621731
312385 930996
42600 977679
791610 504056
335384 57057
516620 366392
244973 171573
921276 871478
768957 356585
848838 348247
16470 620035
776993 877466
906395 834049
308327 692371
801234 262538
550773 488992
380201 809616
962203 763766
600936 344786
185645 264716
790276 3506
26942 945620
854844 228613
517090 720411
522102 863614
718154 463410
612327 165220
779918 842199
123004 815094
885314 132303
21792 299450
757637 697186
220358 628466
86063 880828
601268 295646
964786 681463
869365 249538
212266 253001
738743 549924
541218 513088
599966 599913
304786 953957
193258 990186
550090 931689
330610 472566
589729 38704
216943 868350
263148 238347
324375 169517
657689 379364
25537 33293
990990 925221
969070 587639
48064 630594
967906 699670
611889 684881
975260 938416
946301 783542
558398 338939
157610 471173
760596 478100
693348 368858
448750 973221
742411 829665
924183 839147
402666 166989
929755 963610
809054 211469
441570 623824
799837 832888
356054 547246
615484 459903
314758 806088
200523 717021
216755 351543
1216 767782
951843 548639
987873 828465
200385 351676
83148 452722
75534 140375
377471 552549
841476 726750
894531 341826
392448 296003
906522 35130
69395 19878
537009 294417
212149 97397
98462 450034
704208 430520
643198 533563
685118 666681
673352 22434
286121 714074
343684 116980
143628 141584
715559 215495
210135 749247
887289 354735
912062 92855
39331 938344
945260 829049
316431 889414
804541 479203
520339 224971
948735 810934
514688 869930
676796 906323
168636 551830
909282 302171
913476 625709
130251 752752
100892 244247
456243 743631
17309 466323
707844 846838
98723 265763
150695 146462
466766 451216
821559 521255
16574 650372
477095 578070
50132 542997
576509 37071
888860 699679
815461 773855
265103 507399
318270 139661
497756 631569
936073 165745
553164 188971
26008 802876
936481 666483
584623 96959
482040 789511
62913 422548
747518 517470
683465 343147
379041 110210
373760 254474
27199 444491
564046 778107
29576 599520
199210 767813
347815 305849
242050 814319
552182 348728
661883 563406
43238 373012
375279 912018
240873 201205
299923 575413
474490 323444
168959 530440
231389 714267
439826 699330
113212 626974
246244 838911
979053 816524
584189 427852
115630 37737
56404 808957
628241 91656
33572 920862
410945 933817
748723 881741
956399 199849
415265 153809
131857 794928
263245 392586
950645 767818
742790 123755
877249 709824
799444 636908
930067 237269
238918 487228
218591 729573
982650 720165
717994 623880
385284 539845
104742 512244
455767 705500
184122 717419
707073 709665
695493 516823
235386 347761
161157 422762
267475 87946
593129 161742
233401 563556
997233 737237
649821 127502
626098 955236
951670 488122
489808 747299
702405 553160
51063 442330
143004 556746
274481 239344
163482 526481
682795 180537
736637 711172
957424 340786
984546 676754
610695 11184
617924 510006
680092 814291
721031 806239
550251 363780
618479 508164
559848 704594
35049 146130
817613 982058
180541 388558
14209 79281
869108 262301
556651 455026
714 179987
11432 458295
799369 652086
36043 58421
786570 621482
917996 563961
939433 162102
173066 943351
496052 989395
608116 408000
598814 7553
614233 847952
64731 856646
709922 733630
981564 213435
810227 484865
791716 56011
241992 299333
95784 840302
923743 669454
966809 894308
360687 127604
102418 290303
69649 807578
674436 154375
902834 79595
683163 134061
983817 39356
622395 181609
309445 590398
873001 373828
752921 408309
327188 586466
810588 5643
959718 995012
443564 271121
760642 206835
704608 978644
449773 993418
729809 576292
987606 731263
669146 824102
629853 913255
742841 726390
783440 476691
4780 986582
483495 654286
233766 294229
975527 31045
942207 928389
103433 505752
944277 798191
754493 487387
924184 674672
30613 656269
724034 174293
790855 837735
303028 286154
710602 232537
472695 374919
897702 552489
314580 374900
445399 826644
74854 774686
750560 892766
22109 246037
296608 514765
961507 234932
959081 494861
682870 807520
140731 794202
908738 472531
421346 249384
865798 690235
493916 650157
52484 881858
900613 548815
372158 462116
469781 64002
913573 55301
315424 456684
534865 806454
807128 55085
119238 387358
226647 140931
107402 12479
223833 620763
487836 920418
533242 18580
987585 677422
131104 791739
427850 330535
742767 68255
330750 397909
743462 642293
755238 465315
619727 932571
623357 801576
431730 758864
839358 261490
756244 98746
93813 679757
705622 44565
892467 791894
641224 617241
971729 616041
399685 409873
304498 829114
722942 130755
779293 799983
882860 253174
880740 987496
806890 183912
487990 217294
988192 633077
629031 953173
672850 722140
507794 20007
316676 592281
30699 322954
850192 720853
163706 835799
460869 803108
425565 991734
623925 795220
221320 223731
97696 688959
655303 773785
870377 18631
629159 395049
630246 303920
190043 319017
873300 83110
212073 885034
85569 690172
1663 365512
985006 519020
426239 119436
85110 774254
442369 230329
621789 889740
183759 226319
523431 11134
241463 433323
948725 334066
867191 902651
920517 508363
817216 709208
496909 598699
247049 320458
261391 22386
990921 65484
106428 306730
666497 104852
285974 965431
959471 448108
368899 700207
667086 681941
185095 526959
638339 821601
147523 956277
500559 540040
526594 527976
853079 585550
841238 569550
287681 223882
525693 564675
644870 375136
586804 516383
306001 853417
427523 984581
286282 901159
39605 897645
399767 75090
419754 648772
293433 475402
428753 351994
947151 282534
308458 956778
804685 484206
629002 12513
981997 664461
83620 780974
619261 607763
105200 61409
227823 688825
40455 703579
343151 927855
842924 987473
173185 907594
84958 265249
792328 639676
209114 42704
166249 168292
447692 406626
120358 391239
194243 892933
653934 723122
596849 440952
954127 929988
269662 144021
590140 506335
12863 739114
717197 227102
18996 144675
934213 959565
235683 432824
739330 228163
375114 439183
909208 605097
10694 462809
882495 8030
360003 20105
624626 531532
558439 396730
139171 547289
586235 633519
199608 39964
824965 132294
655836 152897
773306 864457
783681 516891
890430 141233
797542 903277
425086 214258
913943 354384
918764 79371
501549 493355
197684 794617
675606 609904
441849 282799
688859 30633
851264 554841
296527 434508
56264 191250
889293 441715
302964 191767
676999 224931
157979 972006
551152 664769
471967 312834
701016 679996
956477 416925
89870 315248
967670 569732
531825 424114
838431 770681
40284 134362
749993 722461
171448 462957
970250 394550
10053 763920
776848 779836
970825 684954
547895 280913
805209 583279
177606 763846
633356 960876
647318 804010
706458 733212
254190 722724
584029 330814
906453 623542
830919 127395
900652 526105
191991 883536
947862 107334
868790 466500
252474 504391
996133 362773
360836 380701
809278 717982
402235 850972
160229 618207
924876 348751
565128 168585
869630 595311
651136 805599
927704 181235
202402 112579
233070 924122
341491 615084
193783 667924
918013 46478
605408 398334
646043 863093
402951 256872
8483 976448
82634 746483
471885 90590
2179 646155
579316 913284
229075 951305
203845 998727
739151 859010
201086 982481
449971 194135
620239 655610
36274 341839
280176 488531
880961 12341
666404 963005
225359 396089
263720 148793
970967 502570
547633 749961
637438 843020
677545 907530
710894 78314
976478 144370
838658 616410
426570 744181
62166 582837
387564 622985
120976 488120
673596 710864
714226 912989
225668 170354
705153 393018
205149 549901
925159 671927
805889 434661
975548 46768
224362 732447
291911 4773
743842 610079
926216 686230
779311 596330
628749 81932
929401 231843
910145 962758
384563 336425
632526 403122
641440 48350
730629 370935
941763 816517
599201 826432
868942 810532
867039 19945
185929 730278
651099 894127
692812 906900
268827 609160
401221 321679
976811 700792
698331 844882
893898 454800
667281 154600
792705 111079
419228 739502
919117 345933
121131 327775
668236 78169
759906 561209
560324 114262
22592 311985
870730 903617
823524 566265
562050 715905
677761 886274
110512 107838
617561 883956
67601 563086
915514 955120
395994 38759
649621 385641
489048 780621
623080 767490
76083 267115
310908 309938
690363 48009
759709 234752
442953 648388
185207 661488
345331 667398
368361 886084
445736 643018
756158 116919
322589 967100
557642 865870
565408 93054
451464 932770
878789 559893
345562 856282
283021 695364
320614 909390
332889 722817
394799 452099
526677 321408
5845 231596
503812 457152
861534 393636
66566 838188
201388 418074
695851 914622
526607 572911
331099 600159
957798 340874
41161 872844
424820 742383
613510 535432
530411 327319
574167 312817
528706 860684
397578 689975
564289 324957
446197 944252
882723 909940
765034 102477
858726 377620
591172 340940
610388 568286
347706 719200
491080 815466
803033 873304
426636 317979
429638 427532
285004 976364
991142 716868
895562 375224
251663 71611
123295 103058
493551 632648
219197 800649
886354 417224
97459 217445
776176 220680
598565 615465
62484 454575
815716 207930
981101 132585
224882 935472
93225 311926
847923 637751
75212 486515
395906 340156
196253 224766
623185 634054
380448 669993
976855 810298
89666 183546
470080 103479
446094 312661
997930 196907
305621 665966
383248 917795
972553 392149
49575 158979
278827 61483
328306 950690
635702 828866
300677 70756
106190 856030
414790 13377
339865 125475
893826 593291
279398 965990
244339 114097
964217 784584
731317 139006
569450 35573
885601 555211
805951 838958
278919 551858
978087 57401
984096 871233
833983 935448
683466 848768
494975 105424
214217 445666
120831 700857
615225 22674
3095 763771
818265 987682
759280 564676
401661 11307
417650 919215
724696 190654
864687 785788
821179 134351
466962 22075
291508 77465
23207 740975
693131 14914
697156 113517
681092 323805
276715 645164
73773 825669
398919 776938
209058 461029
585642 714434
618838 855052
580928 637996
148305 487483
980704 226905
393847 571086
29660 873996
156011 306378
748399 74936
435263 56337
849432 342489
21304 320596
229284 704478
89498 202356
328932 595169
930802 704874
705494 913059
177767 101617
836000 922369
423247 717770
894434 899623
101011 86973
934176 724280
38175 122984
36327 577951
168505 98584
126907 342824
611593 592597
837091 988815
416499 542124
767168 589687
383046 937196
36617 877823
490251 871001
456686 413777
405448 825098
265178 432874
898481 519132
859763 572080
577073 666461
59508 836120
101550 849774
779701 511530
386671 732422
866202 834586
227991 665782
881217 658738
870372 750387
378046 816795
250588 597660
269951 828053
468019 931869
575049 763642
732353 478330
330216 158612
547494 886433
444365 399683
493638 994382
277834 406450
643430 503863
847875 807579
60880 484236
189238 894413
29485 149349
976225 446415
918576 175726
109168 136465
691335 257332
482509 303128
122217 525164
359693 60592
977849 71260
540021 263330
160268 3518
840088 386275
10172 816396
413958 715720
547169 968863
499499 627676
724973 765024
919383 978753
555341 715028
836626 460569
324863 39214
488952 355826
450593 419602
414352 788121
566415 567573
730101 56330
799279 93634
897328 149178
13485 127473
656687 31469
220381 39106
842583 62231
648919 674889
737844 944033
24385 17162
341896 449111
801013 422284
97090 839692
222574 165402
534240 274995
407465 144282
139439 219173
930976 323370
801667 611277
72487 715617
343706 710292
238635 652069
4678 920769
611861 224314
976363 274970
19854 924268
560706 339783
767758 906483
48123 479890
525489 986889
960230 855423
167609 320275
789973 250770
212742 653135
363808 102073
246363 499654
202055 101482
160902 531138
879420 779746
879107 435576
883227 477866
692796 243180
45177 190271
287671 70189
602834 110165
306159 181902
931370 452772
712915 957911
280520 799829
459630 983891
885568 287879
826447 671125
242890 383081
420506 660690
823649 881045
896340 367573
683314 834089
108937 85263
572655 837152
628544 409377
567009 901502
293003 243336
809381 305737
935787 398047
967936 867854
217208 255700
939200 534978
67732 241165
867735 264592
950981 448844
554579 516346
852159 507064
574575 616656
408542 299432
71082 374868
701264 739892
869681 426871
280757 672542
96276 921464
73189 490347
810810 649178
593205 279014
171028 117690
945669 907922
513081 170517
590390 452833
757092 438348
942405 797490
146671 501774
21255 232267
844167 578971
597514 730109
129897 536672
866415 37479
533004 948673
548471 229161
685853 484068
569292 146752
215507 353323
58791 363032
43887 626899
92921 779969
369252 15344
920615 807238
144892 984499
750352 157974
645138 495641
675245 292241
32130 47633
487092 355756
447996 545116
446501 273621
157351 506674
206673 623722
731603 295503
437532 146857
153321 323350
327096 235527
810748 138217
442331 906700
962108 161116
824006 369332
938804 882250
430236 644442
582668 663837
79952 675742
321898 601611
380529 542077
491273 188202
939927 428868
428778 200225
348932 21177
274127 557914
966186 837299
985361 928856
664125 35770
253372 509603
571483 704070
186114 661797
210493 289003
970627 995862
291054 68202
992430 169525
383189 755638
719520 911810
132927 972730
261219 858752
38433 957776
786106 379676
723984 765690
366734 864332
653639 349006
356965 163687
880526 905867
3406 718002
421710 205224
563101 516122
528314 859466
14049 80123
396964 553873
510384 362134
3058 326953
227850 81479
769327 884789
717176 689484
836203 909697
917715 814773
183991 947453
326051 369704
716406 458820
734063 715372
753114 996862
126099 503
311023 582022
103921 986718
153718 952841
385332 720019
805198 957033
622100 268221
671876 12928
547491 402104
755484 587452
31158 495826
736095 425067
534143 791224
690019 440823
32274 870004
416279 503346
80487 880852
60576 996130
502736 533493
28167 325373
365826 936767
978276 343329
662579 708177
685476 21626
27928 224076
581269 586707
920056 951383
134871 96180
267098 776163
947934 727577
460206 860102
957281 130186
522040 493709
599956 736508
674437 765715
146135 620865
319971 956167
344471 28840
672188 546895
197474 698279
988152 200489
431155 41943
336846 631578
235124 185246
177271 784902
153085 926690
705835 13412
489138 568788
940164 412704
598535 651505
131581 956379
404230 92168
210270 376580
486286 736169
432699 951225
796455 926909
323883 810484
176158 427696
94763 745022
802772 44769
117129 679355
936747 395232
911769 582075
100959 472213
481380 472109
226786 514929
627773 408462
922526 194808
562530 222154
403182 158388
878307 240406
854022 399053
780516 206283
82200 843054
487987 172144
410337 305003
317785 38439
538394 242633
970599 32577
236150 229116
199752 437996
196373 475935
721228 260244
189384 52534
335669 356239
614167 572859
746146 550479
529877 372652
962538 48878
368265 6511
673570 337217
699502 294094
674399 238235
102837 679864
157060 727958
190902 897155
671247 513212
315948 399602
946930 82026
303151 518716
273817 5685
650354 567876
298627 73744
416364 496671
907678 264305
597283 481432
444437 887201
427324 990018
882025 330521
213163 620157
884003 541582
742817 81228
730307 545523
770222 238337
949021 142443
59347 819959
54103 95176
182664 388607
741319 240653
389180 729564
900932 495002
690145 715722
754824 417996
995170 230964
904831 267804
976733 917421
641389 739331
489015 22618
861054 590326
178150 402396
285585 972982
594962 342955
189800 902714
975882 778624
888051 447805
670299 834154
255525 292781
786592 805348
873338 41928
74923 386790
669300 614628
724432 952406
268266 207656
425676 536802
45458 823061
980204 292015
616524 852834
542084 136792
480132 553906
445040 229800
452783 78546
162821 675941
465719 493379
898545 920328
562710 948152
581044 157093
864083 882614
668607 487924
404859 292325
30299 688898
616937 332678
57009 390910
126381 404754
926911 929274
620029 647762
639650 537351
49338 503132
392225 827996
250079 518176
654059 256353
195655 790813
877562 462597
788267 137967
381124 526680
301157 247618
140956 490877
440655 818326
135993 310640
18983 402695
497077 238573
650939 685625
891416 184418
962789 155738
529963 766006
88048 117961
556830 222309
629089 944227
727297 92771
228199 715372
117303 505156
708609 920207
584352 272419
831160 165968
228834 568896
329819 114349
915900 739408
296486 371619
78361 218951
799943 215632
83512 642957
238642 650268
603113 523654
15388 659825
385047 317510
513403 722734
805479 862880
991811 204099
100099 389694
333781 965975
277493 301654
913643 686867
787784 417916
773765 536073
763534 951934
788733 639478
697471 857383
284277 405513
283664 838866
181376 308028
711986 856848
68994 170535
547638 792611
181470 494136
737825 674016
623306 148674
400457 289726
362084 907417
939865 837867
646558 662986
458095 183989
977917 461191
699700 740466
680457 41982
380807 717836
91819 860135
989485 848798
83913 725891
399348 856120
952853 147807
216020 955727
176939 335519
371688 409122
58243 222465
367376 799666
467648 961437
238342 687702
966896 896981
809488 977557
159380 969333
988558 466520
492830 588874
364657 837029
244664 395336
15528 981116
322122 40635
204939 563177
871248 995504
568043 928715
111927 147576
365169 704064
578569 617081
196116 281214
183308 927380
632513 702051
415303 938199
347316 743656
60114 311025
944174 717367
949000 918382
872436 76633
177990 354971
895935 962709
505948 10882
190679 174508
896610 202613
82310 298084
227923 171826
2036 115640
477487 322009
642431 551681
324642 519501
876333 249528
724529 955173
703654 49702
369440 88250
684409 294016
500903 904416
291159 510764
843506 922907
878878 427547
36672 577602
992560 935241
59427 664747
64471 857591
114570 825062
896650 109953
769465 125736
684080 172902
697744 282421
979947 823480
58610 421711
950009 738628
404024 759716
719629 366631
671491 417523
742646 319300
809527 755225
213075 649254
526165 370858
315286 473382
196834 604487
34510 139730
40262 987396
134144 378607
356052 976008
654154 343854
688402 956271
385299 836898
36648 553118
394045 347366
276166 202805
672703 562822
587597 617224
791824 952851
388841 389046
615542 588826
493232 97848
329519 18575
659630 148190
850921 364190
172201 499695
722118 397548
830325 79530
768617 368208
501998 876
824552 610542
121229 986719
244080 419168
512098 546217
465758 151590
874362 362030
939197 682076
826689 662248
260383 662344
210325 879265
573943 2876
564871 63127
310202 300724
43096 236107
708131 877887
628204 886567
144228 707275
762615 204519
751785 41553
423289 502874
867844 538790
144509 247841
824566 906668
141183 291667
108333 225323
220349 608756
71452 678540
987331 451475
41526 962820
91848 77400
786028 920833
633990 348620
665264 299766
414629 742331
909412 702539
784413 394086
896230 600598
729543 665016
517159 702488
909793 941914
220954 799540
259439 58150
467961 226029
389385 993288
738857 332091
972154 995542
88791 597462
585833 929814
231451 336113
1221 692974
921584 810758
39524 39498
904059 859156
816037 790071
213962 875491
418240 47835
832714 521001
350058 723865
479724 648707
214085 971714
827329 815322
507743 790263
253426 879273
695737 911738
808761 908290
933298 264650
217231 995557
558651 736239
941914 185955
298545 306011
691356 928385
636911 357701
498920 564224
665143 785842
141659 114414
554865 789009
842913 954232
747760 265103
727865 919479
352153 988169
144240 539215
725908 185661
446774 439506
997750 425286
527208 205947
986681 904195
298998 44647
290678 331127
685802 804191
515433 647775
834941 672744
58836 513748
107733 376633
839651 723708
546853 615481
144754 266529
929683 761544
592424 8631
983540 916453
968409 153631
513240 792144
166655 53841
225496 119074
622713 260364
132001 812102
175608 950842
845415 54810
879443 382011
757301 666063
965730 730268
515051 609018
556535 225978
173332 285647
714611 180002
847260 599794
560734 847950
67211 11368
131036 969017
378021 579784
286391 546121
570011 494338
394580 15823
994603 131345
878333 701277
96804 146446
7843 166880
119387 510992
963954 939173
389546 291369
337804 221080
406755 926668
713615 287785
911156 698973
836790 220202
159678 737587
232224 72629
379107 93721
528460 357150
370194 113161
670616 847901
958662 43572
501138 897679
246607 650159
109557 799968
968028 756480
853842 326656
154696 794529
686490 36780
322520 212768
280148 140464
749620 987433
47090 766455
458956 523168
96135 948613
53541 637677
850030 750939
644605 144935
381198 182853
211155 143791
985487 746789
87276 669650
573949 92988
953412 642085
749582 514609
664200 147458
107759 262173
871084 140256
576983 88050
926821 466239
212822 811718
95553 445019
621527 876077
178526 679159
210169 801301
510200 732581
410596 986932
381022 733093
953767 630526
236381 148156
124440 455301
14473 965036
420091 101082
520339 787230
30418 880585
498481 755445
693597 786467
492360 17103
183204 868699
850090 360369
556282 115444
933102 939426
416394 162718
864705 633408
3185 23338
166646 848819
776890 687905
30122 320269
723734 260905
79346 67146
322550 339438
773914 760459
883594 254562
2629 897723
549608 778501
163480 671079
499483 448515
872796 109786
523260 965224
335364 539034
279641 504774
67820 368592
616724 779680
76277 888329
259295 401457
141125 240333
889660 516444
936270 100061
521010 165841
217714 720193
289306 989107
386735 442271
683558 740507
734181 164155
675983 807165
809149 660669
142013 975398
380204 131066
135301 297872
705274 572433
318657 14703
757065 214694
410762 903442
923683 145936
598990 467007
15834 577916
822260 649982
911922 7146
345362 382871
247595 61992
867667 101056
670664 776992
320485 292087
433787 345639
749185 68110
116710 741790
872821 100848
226867 711347
408215 402241
87987 614317
520630 593243
755910 686040
246170 562182
934985 185356
632997 709506
267491 604628
318902 690752
786244 315995
695121 928586
629516 868166
983127 707409
263498 844361
321686 527413
849856 267295
50406 138175
659767 601446
710896 797915
100296 788553
142038 432032
957153 775917
302227 875064
681406 238585
554120 913308
525504 25231
288890 635505
814772 148928
792936 441875
951321 556967
952125 389438
913309 262245
661949 210681
961988 879981
793800 794905
305274 251745
100036 133105
207923 105256
950565 937368
947634 453553
727289 227240
760167 865128
217176 715779
31812 537977
39797 238759
900310 980151
762707 47206
264748 569631
186344 632492
150344 92134
832836 456006
350300 362475
795892 860899
331742 181416
632052 28428
759730 362046
326485 339338
132161 831569
412793 367940
341255 111310
828641 441675
151315 137482
40226 389295
805893 953393
461339 93167
777495 15328
878754 656136
642236 517995
852730 437146
44784 184490
950922 656827
968506 408292
866958 212387
932090 947817
820904 973770
849713 37288
419993 489398
821291 845276
118908 981378
435330 753594
529989 256876
775714 753675
661534 700272
884545 44123
479201 711347
280453 181643
154798 744719
415861 970774
406113 495214
344226 666222
787030 276024
544389 59915
37082 614997
242672 987195
63084 162220
130347 951882
927967 485994
232381 934650
107311 309827
749458 50930
751201 764716
886333 178487
935696 7236
844911 369884
749638 31915
444978 972006
344449 192374
141428 950314
285272 483570
672336 408213
913187 501121
815489 861695
126428 463382
339921 873552
319433 984735
503343 861642
63736 470487
791780 743191
663925 720007
342143 559007
473083 50698
241458 481834
228748 344202
918618 73438
770810 827213
501463 555699
807093 147460
393839 177830
957023 120513
914995 616637
773932 506448
196580 681380
352198 952036
576427 746709
596063 900522
309052 127867
901528 314680
60716 250158
120032 289165
128415 326535
898056 403415
377917 779022
106824 510084
865071 581414
721568 858178
637744 950816
264737 10432
634762 66548
610514 861508
625766 451699
654868 721908
836571 863538
7922 321189
492565 657116
884535 559318
859423 320372
158569 875084
330255 233791
873020 969868
264946 323994
303765 106734
283963 215278
634077 114172
625373 760267
148230 478467
904068 996196
345456 873689
296879 726570
19705 819481
731660 836102
