4124
238 31
256745 547568
285838 550058
335661 439348
489212 626520
320945 531110
149900 439098
507683 453420
316397 37986
711814 591624
677898 184903
119853 3931
152326 203942
121515 130432
558652 691386
166934 211300
270542 583930
97931 233317
531051 421191
360655 689516
87380 68019
492210 609099
258978 329071
207865 555440
662179 331986
97611 8752
258609 621481
428472 143426
678745 482566
191898 320616
158270 231575
650769 586229
84852 43629
229148 337709
140503 305328
339463 468412
635443 294422
573281 371417
192248 379900
81182 443658
514582 56805
646242 18271
199774 514279
553578 194489
262762 506833
647734 73972
114813 280404
5365 51418
480295 536863
541159 329445
299781 328443
363294 378029
412167 591741
346216 560641
243461 92807
553840 479999
646353 488691
544170 621796
526421 8224
47336 90209
188789 610780
45289 700013
73807 292996
212399 532490
209010 489608
257647 266697
514611 527026
415369 626118
624670 574838
624551 18314
497905 212194
334408 381541
554507 42594
408297 231452
319395 374360
302412 565269
456068 374949
25085 102539
98238 587935
352484 310454
338239 322598
61655 294677
527655 583230
369774 639412
447749 118771
676917 467861
412304 355348
88033 352254
474710 542042
474537 113244
462095 668197
209586 352084
268859 139745
285119 410481
711218 583451
342511 670548
243888 688704
715051 645614
42868 47057
212857 277266
521889 8584
163421 83609
346191 93730
159868 541492
425679 14349
103143 471865
167510 395051
421098 374443
448966 395887
265708 176466
1506 621986
190576 681615
504179 674410
257717 276864
196740 709971
489565 716099
543135 254828
385435 310651
504315 366650
189663 303397
114306 210946
604885 246108
144076 437438
277478 159044
576878 210997
556045 314389
577884 610070
118237 621201
183879 57005
101813 572282
305572 425911
337039 524865
280135 303066
559504 684240
677703 599604
31573 423731
311267 141730
403497 425243
705042 273967
542242 265454
615199 416650
591336 272509
537309 541904
472430 202835
281321 318005
215681 332383
32296 161392
284099 340523
262925 659063
422158 117800
220293 384253
295869 573967
341099 653005
436629 463358
241371 495266
668184 470568
605363 498759
374083 8732
566328 183466
184183 344630
469725 108355
698200 424425
634961 707031
212707 480451
581762 446743
51803 563201
436632 86321
698950 418726
164549 342211
356671 366386
625441 712836
418023 195401
305990 406601
685410 684736
640546 617566
60788 125067
257487 569561
106461 297162
353315 258413
234095 250807
549693 105311
593114 588724
675681 289249
513196 664034
305226 424468
413317 291020
234199 270306
270983 473717
652318 532609
73018 281738
625681 408938
162688 453098
274050 676611
392795 465458
487151 60788
544663 447268
223471 630500
610908 676699
46339 195144
195937 485812
709852 167374
151900 137797
516999 403135
238495 562635
149202 573378
82121 135341
396438 492299
484202 45573
192827 621949
616418 191489
647816 585477
567785 244753
528430 431284
189502 190100
158066 370782
335411 699946
49237 504073
708858 173068
561669 710756
60048 336297
106853 647578
261844 399549
701142 583760
162383 522233
319876 181516
610316 136289
122552 13861
709480 596390
470110 547866
610145 369015
621554 350604
268627 498623
40808 167324
268136 499716
280952 502994
663961 128565
47864 288633
524603 139701
501128 471673
397584 606947
207264 435273
400862 121191
158296 108787
126333 373377
602522 569313
372300 580580
181503 425940
82531 137691
256497 707905
413393 482531
621550 120121
395899 87762
223065 293436
241982 506983
683167 453498
528059 499464
666309 152810
532402 308671
282859 74477
158278 280962
566203 553571
544324 571488
311133 306080
92724 559019
364849 506004
549284 678736
570155 556448
137957 424667
584329 359254
35179 289278
400719 342893
597215 379576
386896 538952
475290 404111
421656 560724
548571 537695
168643 518992
540925 454078
204086 285279
663349 174919
453306 381477
569584 338953
554143 163298
553462 599179
306916 180111
206241 547018
376991 587560
2225 112802
406950 7759
531413 140682
402091 121504
183419 244076
68035 696810
508568 24372
380420 326070
69666 502069
154698 167196
15891 607973
244978 16004
289152 123138
482285 463166
282443 122201
138810 632648
658521 151208
602539 530756
666727 697668
386629 516811
214494 523840
278868 194052
145967 226214
606112 163897
401117 546740
634138 646373
379237 220368
61053 50808
498036 202055
483298 702103
413760 629015
370327 712780
101624 315993
514968 266595
437155 141337
293270 678725
205427 441194
6575 658312
36217 279160
272307 250226
544326 249817
421289 373626
171549 496251
228847 117820
396158 357236
208402 491103
209033 588822
593682 310553
440219 527167
540947 384070
32059 422630
311929 703154
634927 474813
29752 436809
293540 130643
416865 195179
504355 179672
712299 49541
566059 311640
176195 696462
710760 218334
697183 384971
448961 239006
94979 55595
588624 110612
491898 473972
635330 178434
684517 317574
389264 127864
84632 117026
226169 86564
693253 295163
321119 536398
279826 434579
653425 559379
549374 174824
390647 584995
319253 84067
522567 547610
406331 649101
86042 496284
351582 470991
239413 28561
314360 25178
690848 483170
137333 346718
442594 352626
35864 533396
230436 488083
642677 486373
399451 510415
358798 706888
415009 18199
316751 31416
35314 307362
631257 252466
180736 478617
114982 112396
408421 455278
380092 138993
443389 258151
208853 185164
274142 369814
40131 591554
118589 257775
7247 643016
648301 332143
488897 536448
442222 67955
26819 323375
345621 271360
713304 207450
454478 70051
31077 115091
601360 433232
518569 126986
60909 114091
334133 338314
339216 359815
285131 442493
444351 200038
376977 715862
665831 452114
620323 106728
672660 419040
649685 118034
555140 432929
232422 129775
376025 302797
619814 552157
528108 271304
708739 216000
113918 335964
270566 433052
420066 635440
53445 64828
88661 477791
80521 389233
528648 314917
413836 335918
401865 463219
457620 187153
154137 119616
430306 134799
394920 449446
314795 347786
241885 404360
634553 214762
55725 426079
577714 677562
322261 599018
388784 355386
294251 320300
535144 327718
50644 663416
513377 633964
63879 595429
677056 622853
87181 547728
421973 142574
91126 456762
437546 504204
422183 446424
153860 643815
430929 100087
68245 374993
635963 507710
631859 235604
228077 82402
47094 162053
658038 328998
239107 132328
50778 463601
312929 456382
243334 638622
427963 441548
692042 551627
130943 405041
296738 605288
382056 516418
457153 54401
690854 413103
119372 109554
285577 24251
369899 199383
597043 242246
565040 377639
488369 434695
688377 90486
32580 395791
710649 155930
581875 340564
540784 695011
682041 677106
419730 193856
31617 402435
476867 559325
392195 381149
478372 290139
391258 486455
632767 73114
41238 221392
447688 639425
90322 8733
38613 425825
6070 171926
326515 524478
322529 283317
490865 452369
249769 381848
171750 696229
28029 650567
455218 605369
272135 204838
522203 601837
414989 631134
703220 282030
141598 4430
646475 245344
605360 554925
435670 259082
380636 260846
232504 351449
186661 589572
669080 603213
529468 389704
153326 500324
109925 62548
272979 408287
381393 660686
304303 695867
271523 477840
439297 116002
348377 1758
345739 197007
71954 346258
490500 493883
337345 300819
643581 230155
487666 5030
58514 626609
392028 125300
570163 680277
376201 215437
402201 257978
26240 673931
349323 46032
412686 578528
270286 331105
483549 535673
5625 595325
581185 380427
508005 44020
251354 441664
109746 497129
340455 312733
708208 375630
3863 320499
459574 228387
712866 302675
167412 306436
660591 367177
140413 408390
707935 473663
647106 576581
458600 21530
586439 614048
708684 87985
124928 510291
94811 221023
404898 81433
426029 101840
492356 558504
640500 425971
356329 32803
316806 98218
340806 381594
601803 477427
325413 191374
303263 172697
29632 526822
384108 451782
215265 635101
147322 582331
51518 341332
620348 79265
237657 4777
166909 606022
517252 14318
12100 617144
107862 209224
98390 418042
195917 662522
175624 684297
134144 359217
569563 491934
685102 41608
129879 374185
257118 172966
110160 78429
701393 670088
482394 95784
184489 102826
588485 640391
661218 422684
689787 561673
528279 525209
58226 160663
77200 519268
665792 38611
482854 153232
216554 225535
51977 26831
16721 510043
72756 130910
653207 337284
547763 507768
676695 71612
475321 261680
266976 698164
150887 132836
605648 152655
157738 158695
416963 622760
426158 464580
92864 525189
204477 487324
147990 46319
431302 384466
129484 264396
509034 713071
670982 280533
40481 543003
463120 387275
271482 274323
86028 385152
301752 148351
401909 665728
205596 54706
71715 560740
657389 181924
626752 283701
22970 478134
212901 346156
409776 449196
322766 146514
209823 54259
492781 706829
629764 160295
570801 373762
569955 465902
321584 514806
335161 74892
509423 93691
579245 556473
413048 488209
160857 540911
439565 660275
427128 602910
532771 137719
618185 315931
259940 76690
563022 299871
514088 52055
292495 515325
354445 442652
691381 54136
663699 649023
407266 231671
91418 4865
262132 178930
72053 252135
620551 377838
185720 349151
538606 450497
653972 374381
186030 131667
235454 194782
35519 470526
601719 134471
534403 319701
50315 276677
60241 623520
627164 675047
102687 98083
227999 698026
237790 245897
665820 680923
655309 326345
684971 352552
440613 47668
5642 302125
663793 579530
219633 160901
701962 129268
464207 297106
655474 634420
82682 467669
218875 153121
38014 446559
355944 110621
318275 511231
159558 502137
483704 153588
247989 647648
184217 183228
536989 411956
585614 191179
304729 130764
89714 145572
235677 282665
706484 691486
200658 575140
326549 442261
385684 583370
399845 397064
445680 669951
532133 517733
423397 431239
124460 696589
136216 412664
715682 124346
545199 148484
696303 28136
143829 547304
615920 93175
273005 67150
507296 165437
407646 582176
103474 58894
89038 159922
250007 199570
61303 715616
288609 71653
271243 530222
560215 284644
45672 278096
612083 126909
552651 444001
59347 578556
151559 356044
543773 167363
270726 185045
49095 408735
676374 504134
1859 180057
527908 676897
259147 130793
636755 43219
118086 113463
178474 557336
242350 689519
424311 81619
705759 504240
5059 367440
512343 317901
415802 384971
227888 558056
57502 379783
43540 454174
363638 351772
227155 680771
212548 609845
261174 397802
596788 190900
413711 67999
300426 279765
563151 435289
159126 483547
621326 570409
565196 133505
528460 628047
212364 160489
310673 243803
226046 465238
593764 375679
589482 168064
583581 172707
165817 668209
504938 616778
149670 204993
420922 524631
28840 227248
257307 266583
606355 699273
37444 425742
481243 200133
654266 691959
635686 434254
524709 430107
516809 192898
27306 460740
549426 403712
248379 615439
457266 230737
101206 274472
669227 629145
77038 222755
545486 543000
142654 181259
659760 128432
617377 193076
602870 112951
690355 344418
512845 21143
300841 495149
401347 640188
556648 270651
697998 289334
475747 456184
65621 291385
583298 71694
573419 410763
450722 222522
627710 468826
46870 113569
351932 183595
453597 607744
359255 283199
504981 613903
150630 420823
121823 434486
205661 278307
97878 662078
602820 81656
177025 395781
49320 164890
239535 585998
150326 382151
711427 641085
89267 440654
138354 612834
645557 185104
173003 595157
304434 629817
609333 684342
595306 257347
630206 288867
26766 519503
56893 157137
314796 517178
701802 296822
642554 378033
346443 638857
274566 606134
111092 307097
23742 559556
174375 532142
571456 468055
172462 586001
514972 21689
415351 623797
87031 700357
427995 378652
481787 668109
700035 585298
241370 447256
490029 312836
164245 314580
461002 211431
249660 331565
366777 338042
77171 53181
403286 265721
310123 297180
368408 207705
103286 69004
579407 306004
706352 538973
465654 515960
388677 642727
138087 681983
102614 380533
490394 76915
392901 544448
532208 632412
392752 503867
179226 33824
518881 711531
99484 221316
75994 239687
499458 434749
289468 182750
352381 151538
200298 258354
534365 243452
243871 307475
644018 64335
350126 289419
659269 288815
630385 695035
61219 538905
235519 595867
167996 554852
167553 552174
538377 330092
199145 43405
579778 542240
697797 691914
100019 324280
365396 603354
109099 355285
704630 169170
575701 496410
149392 165940
396434 34132
337799 665011
5170 54467
601441 559331
633892 456444
367592 106217
167513 545383
334814 656803
553948 153266
478611 607788
695183 430137
487531 442393
485706 500892
696375 341032
706752 678371
239993 292763
462528 455132
415409 201580
153001 378056
595256 396613
51063 233325
530084 10279
141671 402591
377912 249364
484245 13715
110017 715442
291417 10591
23048 100496
67892 663855
681895 529143
172275 710351
219771 300003
511782 427411
83920 216738
502757 666189
689356 565114
598603 327773
484942 244803
654427 490984
137942 367916
623779 268581
23050 131478
9828 230479
220943 441932
234590 61941
31982 495811
384894 679283
170425 507972
49787 549865
500744 606324
20270 558295
278635 62256
477480 552522
39876 655946
21511 361517
583779 645458
166164 203389
690028 199661
417110 52393
195217 233390
280749 696415
202006 157981
568405 276034
410851 572493
574516 562486
96646 424409
389981 278125
500484 676964
565281 123857
645874 92887
388996 140765
172121 295670
606812 468862
567894 574627
63475 511438
708691 539141
474365 596458
191416 14851
327264 79402
426518 215314
574084 611657
438074 233496
336375 449440
149592 548680
125864 502954
681605 168245
488835 148784
433287 672927
655552 359233
491156 703789
417165 457719
122197 575257
274529 33196
432467 140307
460232 332080
171209 512969
675653 434300
252638 351337
670616 146222
536444 126087
586746 640816
401231 269053
379374 546340
414918 698910
40217 304073
110459 485312
104302 296716
640867 675175
146094 98263
454428 27908
133422 545976
394351 633583
639541 213309
578492 186511
75837 600595
483777 18583
213263 171239
706726 545017
267243 598303
676624 322916
604212 587378
622997 569431
261587 485576
495366 622080
68067 99263
179610 149819
383909 102256
673200 134798
669184 347824
222935 625760
279348 579980
208392 187563
558436 670489
161696 227381
635457 120999
422966 146885
504600 375848
237534 189350
455032 657224
206908 43446
595928 536040
219241 492342
22554 317725
568252 715102
619007 593467
427668 320100
5165 415774
448977 253781
693959 37850
44805 634348
277364 592043
271098 283559
223214 426607
468967 20100
553304 187453
541945 566391
133017 69220
201323 594996
233563 650804
333613 148450
212249 79524
165426 625393
426917 27442
220023 289125
73427 331611
214246 303082
116251 275348
261938 252380
90180 665472
600092 670584
610375 512186
201301 595209
220595 349810
125863 407492
275713 25614
439993 487222
709365 333101
468484 28532
53622 478294
534496 6731
320624 51324
653631 431564
155418 125760
213100 102539
330277 127645
266023 340522
52089 47770
37114 62190
462067 63693
370568 560139
342929 70803
397906 157975
36764 649796
484219 699826
339167 159931
522342 25288
547814 632335
490760 434488
92532 197348
354796 286745
555480 371323
701678 284572
468617 202930
260164 221086
342893 223031
330532 698232
28785 6347
414330 9753
30897 113550
133385 112050
13870 88716
233510 88008
125037 130557
289361 168693
335686 148832
23829 632404
170310 492635
139301 276220
461339 542729
466294 332696
281070 285363
63982 431200
387390 505956
19010 622090
590895 27311
300902 166262
661233 388178
247311 462454
570505 592699
260950 603787
146236 188548
108539 245835
647199 455091
545737 674888
393341 97003
306666 8505
173825 46721
222745 380987
130815 161944
499757 564766
568268 45052
109717 577843
165576 215450
263980 288184
538436 502572
610809 223205
585738 394606
580284 363228
407354 40060
590402 398953
567609 183497
195689 703455
417113 544020
268802 404994
66832 701834
208585 697625
602599 208581
275906 481107
205423 713635
351310 576329
629979 604669
531249 213613
551867 604657
621222 472459
677061 135598
388210 632947
699399 27995
510272 514668
276260 272759
135374 449170
91755 338967
92384 140907
88467 319083
246935 374961
448423 268050
545248 386280
714864 350400
655306 382697
34537 180817
503114 688543
442487 38278
444069 469121
567263 144822
49267 254826
633043 549851
18928 32856
55739 566239
655946 232413
8386 406364
279980 68218
512180 673749
59981 311023
285738 70595
381924 617655
214368 663523
370934 304782
11772 112197
394375 398789
81549 238685
341815 16877
399560 355865
207676 74808
531712 378411
689586 65959
59364 129901
272825 21124
447022 682335
120676 34349
653133 592907
286444 98134
98674 517033
557757 593878
455554 483791
214448 264245
63014 73880
22914 11666
336381 371436
305597 21429
460669 655772
41218 481312
689914 139384
515427 664149
430593 117804
243760 12468
49169 706655
564635 250994
583753 453667
659082 305964
38557 516073
382003 115246
509085 610196
325866 115139
291980 701267
491627 475558
643483 233153
10285 575392
218234 479498
639568 350648
356743 437485
713517 535199
139504 680375
77905 625306
236947 319144
102241 102412
81706 190044
599998 68049
312395 159437
479140 149126
211043 420554
535681 644076
494436 22283
576290 714490
542640 209890
132273 506835
565714 436342
247307 562731
300447 382534
438913 629347
174021 278582
438679 652258
584306 302725
38108 545554
58917 650202
58110 707916
565409 619756
491748 499902
331297 452962
690883 114396
94005 653692
244156 199646
331154 495242
667288 380104
174367 642312
86914 257650
406711 97863
470939 43700
228891 490688
509636 654394
404465 100122
216433 454668
80072 327565
132174 507159
480195 416880
394171 647271
617435 491866
519423 30316
369271 236973
41439 346263
443852 527645
448893 118583
69565 548002
22795 27219
291022 651130
460855 689449
298067 311516
294685 136874
702289 400182
337588 557006
389641 234292
133683 120962
701967 223416
447321 603177
262167 636068
284912 631376
662747 517745
151913 702950
520754 674472
65241 491034
702987 565567
375949 527571
265262 353711
226596 86858
581432 624462
497430 500677
401815 352142
693448 291671
538988 155312
582219 525613
316826 704
549363 709144
72077 650242
636266 350829
29226 346217
131280 671511
191648 18876
393627 255172
501035 29986
165432 341226
383054 469909
672665 527253
628550 26186
461428 66126
427893 509924
394375 579583
429225 147868
680122 615075
343230 443724
121986 697561
240537 91016
536757 556775
516055 656864
555523 512768
194818 637777
19357 214690
627440 62547
223188 461048
517261 96594
80779 44461
364693 24183
612674 632326
138653 32196
670011 41339
705176 37240
295648 94671
537746 437387
453874 696075
179873 503634
645673 130470
188157 401568
491432 569493
538973 673535
467011 297513
47774 182806
406462 291872
479699 278074
312339 163376
621574 527317
393696 210134
311480 687843
436719 325058
21778 659262
656067 84000
322693 33586
334598 360131
563333 181469
541524 15408
100645 536811
173839 251598
261701 397796
658956 101551
326332 305210
336796 211884
376677 53319
220426 319569
106862 650801
274549 574793
366571 422957
23335 214912
375030 556024
29537 146352
77745 457758
449549 70476
170834 588617
433355 468969
250328 323914
417394 382827
705136 680219
195920 149856
509155 502815
127703 475790
304341 38082
210674 363326
149277 380571
625440 40637
95188 177475
570086 228813
95203 271080
287134 640869
129302 38931
311407 484723
278634 106569
690301 262145
400512 41019
344064 210733
595735 224879
679116 123373
396471 280223
77401 701015
50014 392906
641957 84797
202580 583980
271484 661872
161407 297722
159416 552442
691409 571380
197253 579443
625187 410606
379433 409173
81038 292564
434591 266535
231348 118447
224251 345212
85824 493846
301886 339908
215003 110962
204810 392714
459811 195089
58397 339464
187827 353876
188735 652509
593738 30890
212421 607364
633640 345181
516540 334647
16701 34286
284805 692399
14438 403753
294460 307750
399615 220365
15014 543270
280702 169118
479432 59113
444116 92153
383142 368791
262786 661311
335036 314945
142171 243033
411736 124193
687939 486184
228967 636313
391877 504358
693104 239175
263711 254994
626967 574617
492172 101486
110094 335578
242093 87679
488672 415084
122153 210665
516539 543404
55216 391134
260689 536848
448062 257506
19223 268358
263721 635035
564281 186757
347085 171143
389051 532869
631340 391597
6805 522731
117350 503098
105948 703109
537321 564328
404924 298592
702133 410670
8126 336140
168254 625639
379598 594721
170913 317040
210397 148872
505252 583029
77678 264433
123673 594243
187935 503027
9179 373087
474258 268933
687512 672463
498021 577971
595451 692472
658512 250169
562033 245377
209555 322774
651103 695797
123807 452200
122585 62536
678942 38231
40847 470384
535612 137987
169100 622309
301720 150015
453906 261695
577441 251722
469171 293759
232457 241085
554525 219729
36783 409703
650231 11372
351106 461407
342392 526921
415197 242505
674525 53327
308039 422981
80322 634233
154164 99083
169830 708670
132700 188963
707599 700821
542165 632476
409828 224220
525725 89529
429776 306200
409556 140467
406297 304510
219986 582559
292779 242528
229789 540992
393214 524547
354887 508054
402276 364333
506599 311428
417020 210240
504706 319431
492598 641973
576640 482664
693563 589153
575841 237767
327043 701908
128077 254773
504169 661972
10791 627871
328171 355884
108082 44858
492745 113152
493084 436959
98950 668839
469829 588586
396146 447969
523305 229904
675393 455357
74362 171610
158683 419997
463034 213011
4421 621087
694332 476987
692944 79283
569720 110092
198770 579938
469028 401160
575672 649100
97756 177657
449517 401295
454158 305708
683682 599568
213992 101074
358476 579093
654295 466825
182685 574853
651897 505174
281316 246778
42695 254783
245919 671409
611298 304220
619330 561791
593062 58294
258765 401323
709223 652892
637739 533964
278302 33188
152156 216743
47669 312138
666950 138640
242420 695126
680301 553205
367098 186981
493825 395804
392989 475512
344151 401856
374843 345091
96849 238027
239411 36704
597318 255972
270849 359508
579752 368716
652386 12014
13898 667114
457214 544628
556960 485775
38960 400270
685653 90881
161461 563738
653170 111504
354974 347030
5799 95821
303026 530348
157028 235717
357970 504849
400996 482328
543207 381635
242323 106083
242083 99250
268174 491975
77340 465596
524180 283777
556598 181940
461987 319038
21570 490167
261733 463165
512403 24402
174035 331084
550968 75382
707400 222836
213852 313767
615256 435316
433470 239917
144368 48737
277888 382701
297101 183344
382422 480648
415172 523265
151460 430468
209529 424260
457147 171013
107275 688969
613172 557185
610796 202635
476735 428467
681022 138443
669811 216566
440243 381158
423338 232866
609916 505897
235223 77654
103489 658559
65087 292708
1188 565202
676081 310609
232512 250764
86293 500407
120152 693799
606534 98417
357877 215079
348993 199670
553382 169030
575950 227031
380308 463850
253215 545077
487008 190586
27350 34583
684340 221264
610354 425910
327890 257884
40042 271167
50050 637912
491265 166345
331560 353306
589259 204948
88696 458040
365806 576883
396107 74966
222631 413117
502557 67431
355054 226083
460278 471022
624570 367260
12352 326560
238677 646094
608188 260813
181984 646202
61071 279119
140196 535587
254215 537501
126664 73562
172873 403102
54550 635532
631755 585941
224174 680256
102004 645827
395377 92661
713089 345839
119474 503962
537571 281352
458128 544569
535583 154895
358786 679309
465875 459366
252338 606500
655626 50209
229519 588068
374925 329254
702240 309849
519971 542024
535338 640571
340941 373004
683638 311955
638734 500747
653863 644307
180604 129450
529621 531752
265742 300484
477100 651867
362198 326673
133005 284294
518939 645157
65324 195226
253144 526659
467086 66889
617186 16437
244291 478183
273688 16228
27408 81030
238029 648813
163644 349998
409287 487788
274351 544189
546833 5518
221077 546726
12618 368782
233480 592523
345921 17138
13875 375776
374669 341542
151670 596565
435660 497097
275597 14829
336668 132748
480620 510677
416442 68405
224531 26657
55548 195835
50354 655709
555970 133404
44605 632939
25746 368707
680941 176196
29561 416041
284348 599651
713361 399422
470037 132340
570059 350636
343281 469587
467285 163232
420749 678361
592684 543629
491611 296719
362901 426406
386888 587735
84734 354778
397252 696850
394760 212795
302742 109719
444275 569785
304357 695263
32725 209450
148684 668978
34499 703160
705565 107415
592687 178600
289596 663831
584497 23970
227968 481129
518948 355199
282948 676227
35780 290167
592627 532305
663035 627313
433370 225657
29556 102984
656522 495760
102396 660725
251673 609866
517010 204916
337953 625045
202312 362659
29238 665006
609059 97905
689460 394285
310111 247761
5819 482134
697851 480184
685965 688583
547978 284538
293354 13233
219379 88458
47211 310578
378593 371104
466846 467681
112561 77710
583992 235576
318190 443942
684654 303210
79432 591867
401745 175250
354653 277384
686324 49324
15437 696679
11997 687111
430371 77541
487137 202976
239202 229347
355934 317144
606922 534978
430102 555806
616973 317725
678672 8805
696524 11556
229877 692634
412972 138327
65482 512478
216702 357613
291016 673740
506036 7753
216673 450416
138186 443001
110654 333011
235996 664551
30595 165678
161664 470301
34548 689717
271659 490554
242979 695316
650798 114116
155697 417264
139900 303502
347112 217081
348972 201339
275743 596844
640141 548908
272155 484534
23423 460266
244528 599031
456903 299577
140109 552871
434474 86110
320487 565075
484941 707044
606109 68337
306583 240933
378703 509348
122155 517477
384395 689077
421713 472372
244932 162634
166384 238479
251562 667994
62059 634293
218212 351741
279888 195511
343845 647065
373225 579534
486527 64983
377780 169033
544209 710090
251366 508648
715682 143341
560380 166233
389057 559795
318471 630466
560275 679652
337594 644818
358674 463433
145405 429201
703648 501906
601945 360057
198123 563329
354759 123300
265321 662004
342264 671202
645361 585698
538278 487168
568607 49379
280245 702015
668458 148011
127527 715196
656159 80035
712458 637056
23479 468705
690484 82375
635332 396278
710264 648015
530463 555036
162055 172499
465050 88413
281858 112315
46829 175706
519513 596448
22448 338362
708704 313695
155931 93791
369331 655063
402761 7819
319006 297097
377090 606050
142367 480555
527444 522553
616310 245880
452529 708730
192889 380833
348025 400316
469468 388988
356022 702172
593136 300997
575594 106609
259802 312374
280092 628366
527757 32018
338412 187571
97390 490368
390193 236385
693983 477138
198636 487629
586509 321587
91617 287189
387523 288712
697179 431641
453381 337902
163294 371158
715485 485406
613927 682725
113920 260307
490901 98022
597682 430287
83572 275282
646738 490086
608865 473543
598677 458942
202333 222744
238549 705119
556592 169128
647356 706911
389717 123201
216984 191560
407935 165459
23437 41937
271815 336814
437269 588374
254804 358333
532272 444351
298355 61266
174595 650131
155725 638675
119030 583602
453358 366297
176336 436865
715210 527563
16282 460886
449202 251615
708935 556067
159068 262447
373990 270668
548571 471837
340337 327849
34335 564159
93071 12066
104975 170101
391930 581788
590249 299363
255479 260565
125190 339231
164651 108026
380160 542599
200656 490062
124400 261425
380352 170367
152090 30141
511123 365381
45444 317804
420173 296543
52928 95851
630008 290935
35522 547009
662604 599477
615082 7500
495646 199500
715181 389091
661392 86460
555939 209146
389703 622778
647780 489427
510808 183395
109925 610772
532338 595552
254712 298259
504452 581401
488549 617796
574273 349732
686132 571347
293046 594662
271043 60153
637205 602605
535749 38861
311692 55307
277459 547706
377057 502343
536596 569973
661298 29680
535618 263840
347093 630150
647398 514653
5409 278352
706778 195944
665044 562066
123877 439412
675140 655981
20963 498062
25478 699603
637621 386959
334995 590991
66968 61540
442684 692547
622246 226122
318087 471061
514984 120881
715835 452202
117047 257961
655383 284534
544091 683084
37227 512068
453294 22472
304843 106451
710126 374928
617912 221860
78058 246254
81020 491319
143604 47565
424133 685601
236984 146176
259294 399136
289483 691191
199759 289163
498532 466910
407119 473819
692153 72458
266561 364605
602269 180251
109414 318035
603034 6959
461444 364494
513846 171134
641656 202133
612816 554190
709201 545737
144234 83705
37490 218413
624663 197311
35741 97008
387439 211453
94147 488186
325041 151701
652914 21901
123923 598798
238200 257380
9595 197717
27761 685224
670864 80619
557035 286042
550363 63673
642107 264239
110711 48280
312506 196058
544140 128791
18100 701210
67000 607254
30153 178119
181354 274020
155427 312130
505052 252398
322825 313165
459041 569792
465697 29182
290181 263673
68469 67755
135615 707549
669028 228478
406280 616898
119647 416586
607624 48038
480605 334196
111359 49654
628228 374148
463093 19581
389423 19503
2171 626652
509050 496805
551383 583247
85793 270675
183715 451632
590223 230309
274086 486891
185846 631708
845 109905
45178 592849
685890 531955
104987 559104
297497 633747
367956 704352
275267 136266
6991 115207
381005 358986
230377 404876
301228 172479
624914 339552
174374 502536
23167 350724
152108 490766
266415 670115
111775 445114
414042 32081
567044 139115
436381 96808
216450 273975
408917 385671
536478 316355
544595 218014
315925 180644
234700 129008
672138 375268
605751 125837
101119 633484
354120 27489
29053 670083
165851 713419
118021 110333
645344 696364
57267 167359
427660 278072
646371 333003
380548 241845
31338 547519
512263 55341
5993 539006
478082 596117
253633 431062
203822 221195
142337 511046
596934 127688
89082 503596
423480 126375
9608 437956
677586 618850
115970 43002
653083 137145
152589 359019
506857 596195
390267 325579
294574 694194
236260 465562
548923 153600
425683 404416
322753 179296
120834 421519
527436 655702
262512 276076
574378 141471
328071 232124
307890 706803
37289 393356
312350 71840
708457 30486
26988 232234
95034 425192
709035 426900
165216 532275
78479 586780
246439 328401
206320 697462
220283 654288
400940 65372
25128 662646
216878 432362
354340 57366
137106 184011
630238 225602
700165 627437
57867 169747
31658 336418
439622 465011
700107 94879
127335 658326
477918 54910
56871 699685
647002 272589
345636 304577
190759 7574
406579 505374
163948 254224
67808 384185
602671 687941
273959 407471
238658 438166
582451 551168
68639 573590
511236 310305
352643 39406
5460 145076
279993 18841
78272 1456
169352 514517
703587 289091
412721 30890
343254 527394
192942 295853
175551 60430
396658 144211
634228 496084
680701 359149
246160 555724
333503 691759
349412 472955
315970 521405
574040 20737
351499 716273
413683 624659
519178 639960
400318 149213
394542 557335
329526 423471
78716 693018
351352 668349
326470 95641
404827 319061
277672 663205
112060 507775
161022 54927
660137 490548
602089 141296
524805 172056
664231 581787
472530 44568
53049 691850
329043 529431
593415 258509
349614 61845
346975 492194
284495 192411
673804 569415
477203 24654
499871 215121
266270 711055
163124 533285
469906 572040
288974 605183
277787 188198
504195 639266
623780 279415
648459 260133
566605 96636
123620 200642
528103 158221
352878 287385
513480 435996
498049 656404
387395 533507
565577 343898
616578 586474
619314 409329
500402 589120
620658 294821
604354 47722
527195 151357
520405 413024
540178 672138
304230 307295
130596 30603
107457 614952
266594 133542
678554 516556
202473 12963
23586 290887
79329 420288
630870 528713
291019 344055
709511 246180
547473 143873
179621 320188
106218 664859
124846 681112
705580 483678
30147 292149
678215 585990
155893 694476
76170 140237
390998 124386
106967 614309
548514 646680
292362 363876
450855 276072
499052 98306
217770 81975
500314 152876
435723 240620
154671 715870
155141 600758
4517 584680
634211 474250
667356 519819
578966 177123
207404 107882
358374 473610
422025 610718
689589 608070
319627 135677
290271 586624
714679 594284
697743 251275
473930 477932
592120 187073
1600 165720
8419 481527
654894 411346
544863 92377
383161 130781
11354 404156
560596 250478
582024 521573
215352 366900
213473 339931
597268 620018
437481 142917
15568 646761
674795 496452
117924 460689
512824 188620
313031 492037
639426 23185
655417 226894
222631 74077
614202 626235
626797 340424
458652 100410
481981 467200
459738 340298
109264 407642
282207 437249
24135 175564
644428 272608
58042 154562
111095 140389
19227 365430
42620 218577
382070 181659
563628 574900
479909 692858
154485 609921
678498 194635
496885 230271
453152 479516
298149 380039
565521 690088
76185 560010
512333 614368
525530 536367
189862 110788
457037 579588
603656 79383
493823 199100
409377 536388
636002 444142
420022 665490
254074 612871
361222 86156
630521 633123
506281 337173
550667 494636
240955 706091
100235 359673
180015 269193
411456 517987
528355 89145
594513 489648
240371 374505
311944 193822
57782 139518
463638 585378
489868 453430
596970 341015
668516 636356
598123 606340
1979 570545
538344 650070
499181 439558
33693 553154
230390 429284
623804 48214
704507 576723
285006 253790
259130 435837
297155 707440
166295 255133
73939 498086
164171 37025
282811 469459
598070 316900
84387 552259
152556 239389
240375 85685
385509 219741
369693 577632
130685 567656
108712 371125
311680 217508
491984 530404
54619 268526
363101 220901
690034 60042
84824 162029
287592 92026
459854 393002
50669 665666
597825 84391
333317 672024
424461 479283
546528 427609
377410 82506
350186 351214
649474 114836
192505 302020
579639 560522
154627 455281
204456 82895
66508 102758
129044 141848
697839 455023
547204 342759
269483 512010
666012 585448
105851 509887
33667 387966
199001 556513
223506 493194
90287 444673
604882 560482
347274 349943
560036 459207
475785 675323
138391 94252
196813 192246
64954 148777
67587 540656
310996 514555
99670 81322
18145 576522
358604 338031
4988 216655
453141 301347
600853 120841
412221 191740
677638 494328
52467 560256
428664 376115
4327 383132
299125 309817
694857 71583
151774 411309
380702 407889
158627 185474
182926 311106
431317 72635
120871 421249
208150 478738
619937 391662
704873 431044
581140 532925
242363 228021
355518 583015
436335 271826
628759 436746
175018 68241
714683 342719
393927 585587
578854 457278
148370 457887
76063 140986
518587 277497
639792 383602
13654 616676
78277 156686
19553 160775
144445 219495
333401 646672
481343 272944
503107 267320
475921 497434
496608 256802
320066 40974
532158 21224
43883 114243
465756 511818
48274 571713
463438 244403
247876 294653
28915 427543
591956 424126
513348 628573
596824 71538
706811 485663
697981 247240
623713 413363
315909 15267
193205 576975
704341 100837
113409 285427
578779 509889
517118 212509
95637 697147
449729 407150
118346 303107
380072 666504
83960 3186
518770 74343
281156 321897
574553 147166
242413 454223
252771 401650
29288 324510
567719 688120
423050 155131
296815 201310
608971 237674
623199 390897
360030 429649
533824 473358
595839 519160
293269 621671
305395 569692
313802 686723
221913 555992
692187 564639
20421 635206
296178 583538
153258 220695
590042 430657
106193 182142
324850 45654
216848 10107
668420 445774
108584 580555
597136 622907
353732 471842
532379 296259
527337 18353
101672 11768
435971 588585
3466 54651
454326 674391
357115 709098
550324 519007
357128 560240
681734 510755
29494 515231
379851 653669
322612 59641
107493 10640
450889 211423
659485 293804
341322 514781
3964 533408
460428 427138
536811 425955
29107 83634
479870 370380
266937 327527
452093 21934
62244 454335
345034 157862
442212 433706
31351 346965
596758 235393
245268 343694
41786 136642
644327 630722
484735 32187
284436 325888
596750 152978
159859 666363
579782 352306
691196 309046
158800 684584
61656 193035
44916 342463
278122 420209
709820 408162
572601 130271
607410 41882
533209 221310
347042 521615
453129 640617
316753 566313
113294 166530
465558 411505
40730 196664
664388 555885
683666 658742
25816 313186
482554 134559
342584 469091
375968 422476
402290 138346
662783 255430
20592 451470
108611 482483
580842 409840
420821 62115
648444 509968
3387 62395
111632 691817
536676 219466
659899 68113
619956 3338
239849 74269
494894 608320
242898 625567
28440 461738
414764 626944
341487 565226
151806 675759
465362 613335
627939 23795
374516 519350
511064 331228
13313 357911
635568 481601
244107 10596
226903 349372
603251 24832
58379 419329
123142 669162
184825 685455
518229 679822
552584 51521
74804 616030
383011 10468
296299 521591
196478 64912
7130 431767
617159 26262
321935 445083
553589 114784
5988 27722
704739 537679
536625 103473
560033 320621
377001 229754
363398 531278
210447 324614
560202 550563
177477 215627
601461 62767
434959 386061
58839 43062
449807 246147
388031 508159
435452 546045
342572 161360
140845 539789
475927 656733
576779 168000
644179 343454
630158 518729
108491 92783
435600 573563
269097 164285
208567 528473
154098 99970
14864 153223
261437 219710
314722 124266
292903 291821
302609 237673
388574 20005
386953 4956
47660 284882
307507 655986
382466 353580
631258 459180
19925 606316
405036 440629
421839 214962
698104 300046
697081 264655
627717 129437
589361 311099
680522 647264
714627 303832
85931 470239
3471 360728
227930 29367
251921 714327
516600 351159
400110 682622
3014 327504
614253 280938
104084 683122
155743 599481
152214 291252
431669 89632
701281 319632
318217 549980
43137 691311
708561 56686
89916 683979
147718 363246
622939 210139
305273 265131
269080 668574
29390 606163
303195 402116
617363 51851
245334 19697
290389 360975
348111 369558
304248 295590
385190 519344
14907 631813
168749 460400
460079 120146
622194 433240
54893 150747
28837 239361
224411 198219
500940 704129
681829 383017
351057 610075
189503 113011
461630 693216
202903 329747
675829 341083
395933 264724
465932 663232
635948 562829
343995 447307
682191 358666
577080 681910
482020 592844
308777 302473
42564 8792
237039 247459
127552 506431
414379 482864
280358 274422
18382 471100
100116 13129
58738 395982
386428 335586
509284 674506
188310 427980
26628 56861
458335 715858
102043 454648
193432 632783
158192 58045
448766 99054
44211 702560
247717 573229
246530 164916
52376 89189
361772 247379
658014 381530
134271 707257
207575 83118
703978 66017
528356 678769
320043 306509
517579 429004
124480 242893
55741 16898
103566 429063
146499 105349
694306 335189
202396 443701
243774 153272
597013 136343
516517 596150
530402 81375
226800 181103
225834 243608
214301 210027
137663 153025
204338 356264
526364 694840
393128 172440
429251 415394
229275 248117
520968 701471
590300 438357
707158 463464
601228 519828
6260 219096
698088 508555
407487 538148
633933 573707
240193 197568
582755 652450
629945 99748
312392 55384
104648 466369
683686 547626
220739 712832
641631 500063
69606 64058
273758 598760
678051 701174
497722 570207
246191 418207
483166 565088
76542 165762
214385 195984
416865 326074
541567 277597
130194 212345
218666 656702
254969 221042
389131 228575
396426 635281
88782 676076
165559 80218
588254 337528
313084 217040
166404 244260
254239 687003
523936 560169
421932 87660
404121 145291
351684 439253
90534 639665
278932 384274
58838 597211
196028 175632
246304 198423
671987 83917
628583 432252
329239 681763
89881 445607
217384 692713
352269 299048
109318 187281
132044 472874
362486 269543
359159 50673
506787 170597
278964 552537
155410 105978
194476 119609
519554 114517
391710 49245
35834 91500
381503 523861
438101 388919
380735 442897
624981 403482
593160 400371
701251 45301
14713 390140
264204 455573
115279 20908
262743 407268
32698 130533
209961 86327
623747 402152
12558 7547
493635 131985
486490 146850
496778 203828
285813 323424
674546 78082
222891 501558
437551 219798
683459 578544
705055 463293
595142 296319
208172 637687
141855 175466
378328 408719
288665 352864
575279 336608
141645 315141
23090 556461
368414 438582
494500 25273
482757 382505
277859 14082
342347 179550
90757 621749
228192 461589
403362 706158
13216 398602
418427 359397
576887 8004
186728 309451
11820 102659
312683 109212
283134 222308
643683 513609
166799 424432
142709 53790
318309 152355
562517 552593
640747 568161
457389 505075
269543 523254
465610 621830
493339 404351
130908 471754
452384 373452
666167 535639
400390 469097
349325 51975
388970 331283
285102 346335
475329 317620
75956 313860
708964 686698
266774 75381
607715 621724
702024 35433
121504 594311
517160 418958
100706 39803
480254 128986
129883 270464
618955 235303
505539 475582
570971 107726
666037 577080
702146 416069
279546 139710
348821 708462
676765 512393
334013 667910
552354 714755
6044 313012
341403 376632
172062 359317
30475 70444
201733 558510
405953 361667
246776 77210
210776 523096
602658 467359
423564 515886
440936 576220
478320 557907
233282 208011
67311 385640
529786 695873
422322 395165
401290 74002
622952 271875
397662 343168
120073 448880
270458 469374
575409 359636
305391 666467
361707 492145
38564 230102
696101 675517
433196 481186
289683 510323
343277 613632
341788 134653
413408 707445
596812 91778
195192 260199
553798 228487
456176 689342
209719 150442
98982 120963
65914 380346
257121 449984
430247 700489
23000 483878
126256 609274
182163 180889
537862 520671
609868 470647
629459 116075
250735 333705
440011 249478
649135 433101
272007 577892
181065 563290
538075 191086
228479 165778
106396 670872
150790 443907
580536 533408
671704 209074
153523 507305
104485 318787
195648 714404
377209 486233
31736 514776
444156 455343
424639 216796
475534 709922
510537 421873
382366 313637
547370 214871
228191 384894
484436 686699
409388 651135
14373 710306
506089 432418
289656 309805
33909 478601
474186 634954
39983 225618
617456 167580
172491 317198
94868 254951
713080 448
321196 586621
517719 40929
159596 360573
377021 110787
416567 308004
531269 372720
210734 493252
8576 109509
195124 686102
274999 556109
354070 666985
41849 64197
292482 361936
336059 252083
160881 258045
14018 462506
281505 407788
391318 14858
481104 227879
699734 503675
33438 574977
424827 126282
249608 252066
647918 265762
716270 128539
674842 625372
47178 632437
38575 270721
579436 540312
229903 44084
56692 415573
534484 359309
503189 199233
165605 626112
525218 42115
215379 114216
157034 361654
167586 218144
649569 17935
489643 452220
109398 128087
401432 276826
399039 693262
73932 460704
79427 44711
258634 469645
195148 694330
370300 698175
265228 325158
421848 427684
585964 187538
407059 360370
602271 706820
81065 49260
288018 77425
665685 164702
480258 306165
584236 11566
240381 151179
498518 447721
323643 108027
310144 543817
337202 214674
385516 102302
546421 306379
203503 708847
463864 46657
453221 504349
79342 420649
101466 241567
494951 715726
706802 468015
353300 159721
381678 690234
330798 176892
130783 686891
706200 216062
11616 538922
409405 430597
583618 343860
677224 516376
151663 368240
86230 176223
654941 247530
167237 715437
604162 538390
229774 546945
589592 505546
598020 85200
425720 224827
363149 408601
713556 72210
187106 416333
528784 38502
107038 341143
28966 655597
128482 239524
215154 498158
214380 498375
558136 530311
540073 558035
505865 652092
416370 445131
532549 639336
601104 287560
537757 706755
341573 330970
545051 364891
442542 493966
374042 355208
317890 234765
364572 172826
52673 687423
651841 18422
132357 81696
570079 380995
289148 537919
502450 583474
464660 435783
632537 180712
437558 218817
598462 249458
478482 248899
707927 646004
88710 426324
670758 6250
368736 416508
251654 265778
452524 356087
17394 695554
679392 160322
390595 331872
629492 210724
107547 234803
519672 279235
631406 432399
604610 203697
542448 659025
506845 173024
411016 463707
431481 471795
48604 330737
416565 377953
355031 448989
319257 474252
185435 174917
705363 275050
374501 215578
404430 415329
135037 273313
484465 576843
462387 63981
303619 136056
251684 447729
54370 679987
295095 669708
19128 121583
504005 158315
581833 635865
272507 181524
654987 230884
205811 437547
48858 567259
643846 268623
555390 568958
87586 426671
308905 684476
475760 292773
94272 299180
527692 433541
471084 303133
573892 262338
619632 566731
560954 185010
478605 532352
661605 434017
571339 210920
468433 18996
471392 577325
640582 366444
7821 129307
118500 163825
669128 394669
269035 228483
136706 617972
34747 22265
429573 307329
109720 76974
393373 304636
697146 275861
137395 570860
120572 643671
570526 182284
313124 180051
323178 646438
147691 392601
27791 604649
665497 275364
392207 359854
680771 667727
478314 484000
147384 151682
347511 254961
489310 65966
342335 390562
306323 502759
538162 344865
337455 165830
405377 369289
494879 667225
647862 333865
512741 541560
354895 697540
101381 499451
426698 136949
675356 163558
187826 359273
582136 607401
423977 462593
410944 348706
506253 260227
264095 401245
610341 699128
177431 34288
594385 366549
153960 318913
498106 19512
399395 136818
32007 320519
699267 371260
147697 420669
377659 309197
584953 698869
482566 360478
214946 152510
665587 694648
73410 180716
417399 635360
190771 130821
466866 60701
175895 283701
241894 65611
605368 546804
252828 142920
212252 106917
79419 304568
297310 585448
9067 367840
433410 150027
488938 174715
644579 253674
206911 617136
524334 406250
699707 546409
174408 290714
612734 110398
346181 700303
467006 378985
554428 87816
591766 264994
591272 226072
252646 704345
278565 398811
691106 596019
567105 605105
74654 715244
552107 378233
288269 393928
619432 42693
691854 362322
164612 675947
677642 566461
238617 81166
512369 403401
690694 61724
602970 452152
539644 515935
409816 485264
212874 565573
319737 72564
524523 483730
141389 692116
421874 262204
254891 425701
456277 146543
531338 147988
47732 277182
255347 630421
460161 389211
552549 301915
366129 467815
409481 666391
182212 384894
73503 563669
339367 462228
107184 120744
413933 704568
579538 25982
130366 417353
236221 594299
171297 170292
205343 178538
406103 554479
110600 295110
687608 308567
361764 156245
444090 173945
5660 291248
698221 192713
270201 332734
306658 94041
166242 62186
380660 13972
684819 273150
6382 207547
260403 153817
212045 233350
615529 443726
611915 9678
252899 586548
457569 35019
182605 395406
628994 494232
367978 603049
378126 182717
305010 193187
138908 214454
364004 133297
652088 514732
67848 349786
700560 672647
173042 114687
45157 396721
600577 188744
592314 183829
529895 82438
613177 67965
132068 241739
317262 277629
657294 119893
607276 393140
428418 692235
637583 685508
532164 171623
117705 244176
417447 64486
613874 190987
412734 214604
671769 661572
89824 596325
562262 655577
624726 641136
23199 201671
641256 430929
468720 265321
269180 590037
237752 95650
354686 534631
666097 466700
658614 150284
142337 252687
228698 10242
432089 422018
55040 337338
398273 362910
111736 589235
191042 702625
643506 384227
662471 179865
266609 293308
348279 425833
142656 320633
141081 532792
409076 18626
362098 589656
620289 275059
690019 180182
280403 451040
203691 602835
199546 344328
492150 40051
210994 20180
524828 376530
352532 649054
101182 222872
613889 161434
539275 360048
300466 157137
53636 492704
708525 420079
155259 605299
526088 417436
141073 484052
152279 35936
501843 63647
540255 665321
112832 60435
254827 582123
689650 156502
660140 119473
128584 605276
430873 104423
667994 34595
44163 345611
85936 531876
398865 214041
23420 210881
214310 510975
406910 243738
402485 241496
303711 669282
334384 61536
455528 166566
598504 56200
22447 589174
55109 348075
650600 17173
327071 190177
109006 640039
28558 262058
396610 460925
518118 650896
331957 612115
18034 552518
17400 79331
105197 212723
284320 269930
340088 675226
631697 325579
590790 531953
506737 240169
699295 160295
504955 621170
182539 290208
219371 529677
437138 378974
99700 568304
114202 298827
635913 90865
175286 619233
270011 686355
498938 636075
323226 67293
587216 223997
674475 608217
39058 240332
230857 351855
434794 561880
626712 27937
456784 388486
302560 399238
35369 413965
185062 583048
640893 340173
522140 91050
99339 140025
423952 239966
672749 574128
246810 615763
621465 140591
313958 487955
657565 511791
652821 540557
269464 460489
505837 522810
708361 580386
412783 65847
52705 256834
225970 9104
224769 158933
564675 433503
447874 109279
262476 207914
84233 202287
6316 179456
189710 350309
602843 540272
349641 150305
171087 708215
485063 227748
683886 467496
715822 499763
486362 532638
25380 366834
562819 680583
714359 35935
491640 630868
248906 333625
61119 603208
609249 634168
630017 269544
360498 491868
339145 694328
296983 57906
15326 187690
443004 250413
614011 420640
208937 239972
446950 512651
593201 518889
290091 163600
712355 633495
448460 539197
460930 194579
117237 33818
471814 496812
336497 405811
47063 234763
466639 185409
13786 185556
636401 539167
391251 324044
185643 319566
81671 435722
689765 136166
221969 112558
181024 620869
358464 4693
542653 414916
100062 594986
310451 424010
625554 412030
511532 35836
573030 192092
518905 2465
7274 45651
481191 291003
575802 355682
524128 76014
668809 453645
460935 133807
393537 213089
169181 235751
694170 414555
629403 458200
287094 705024
526622 566875
525885 440453
510687 423795
169600 497039
23762 489410
107413 206037
154165 409951
334038 566896
430529 271063
228112 103615
707681 145066
131866 413129
707755 23427
626091 678291
360339 166921
200857 114664
249884 558701
530190 8155
603658 580851
638637 76393
690874 120689
105345 680401
441687 145365
692420 63862
510962 515869
116218 105556
700519 340045
14154 231562
426135 376869
36693 404169
331819 52928
709966 62904
485803 322625
413069 445580
187356 402180
31107 362511
88016 613656
714009 709192
587686 123400
235849 276294
662177 44365
348770 476252
131027 468365
705984 293990
75476 671934
81900 522623
413037 471961
545287 547346
681781 600389
531010 463872
158958 370621
44408 554559
609540 215255
195276 656041
502043 413024
355426 692855
217029 23730
584659 137479
379695 670712
415992 21239
34942 43270
283495 237882
537070 476010
539313 327387
100220 502860
646429 289506
466068 195885
302322 690843
49857 709060
633886 190039
345684 266250
589856 421498
513375 416540
286521 392815
61576 447080
650974 201506
498990 341205
34853 571672
345514 18371
197444 512438
284598 535130
334117 144480
287838 122867
516213 161941
246796 467312
511632 516868
57334 525583
6867 451521
168198 283948
128339 642114
369844 83524
328524 514562
481575 145106
24942 21012
51462 36613
307581 306363
381090 133228
582338 605511
415599 119942
637231 186971
265621 121272
135461 214747
341456 438586
212879 82249
336348 441811
711551 140852
143330 631663
570234 564917
46526 498700
601186 572325
533895 55654
584187 416130
110135 3132
367484 653778
516323 174355
276384 231591
454837 575375
546239 540748
336349 176405
484022 349363
216633 493223
509475 15219
120951 483115
122285 596191
383762 85066
315304 342239
706011 452470
600205 527003
249819 276627
215228 388533
35763 9997
472339 515105
644088 527833
73363 377290
141302 698519
646438 365181
355591 129469
649335 323048
486056 481561
476426 145273
33710 366538
258446 221828
379380 173077
418940 70916
421307 81789
470725 512921
405104 570856
67950 99517
693548 581803
333135 336896
672128 16523
380136 166359
394056 357848
200316 588625
381005 67151
478050 8097
424574 269499
640163 683693
280928 627556
611591 317053
49841 453540
544446 666707
588033 100246
536804 626073
685470 254157
312117 306549
373262 381830
111940 106720
67772 572980
357210 461480
667445 352470
343345 93533
39731 331677
80327 522073
264650 426193
158875 415217
629320 505288
370561 547557
26731 600689
175034 499555
682080 596064
685492 231194
588507 684410
63222 13384
626498 353560
132262 611558
273066 635072
352959 546972
577116 115788
106331 390210
4522 214379
490205 5292
188487 304358
220961 560652
629785 22413
302433 715613
412423 77569
578354 652475
504686 179715
694431 100090
275097 3219
682584 88827
79908 613219
536057 684346
465156 360476
381303 502718
150691 230875
273465 385386
673723 278502
381244 628258
600446 299115
455866 100129
140832 511066
689874 270871
390653 278124
248732 345256
465011 105224
290543 262327
623549 702841
195717 385318
154690 331022
145795 91581
194385 292827
128433 562503
448324 697818
468626 347234
707718 599546
99734 43718
256798 656699
208954 358590
661279 285490
377780 46626
498417 569210
460248 361587
57613 471127
286026 673922
387997 7413
392380 161386
490121 335763
166700 626237
567470 120863
336348 239887
70348 526958
444177 375886
68870 450810
241366 582855
187951 674370
216428 541540
185181 47160
44454 703100
50877 454350
44160 149513
168530 121163
275009 533111
3190 253777
519914 363013
637235 564437
665451 186500
45928 529946
104770 23977
371062 713319
309319 113441
81183 233077
301474 422876
566412 410000
573082 631409
625842 378142
147873 29256
81746 622591
518754 586464
114097 700273
19741 305119
480510 232229
20886 402315
195267 612983
432451 596304
132841 44344
433490 575903
469680 210659
377842 715711
643010 351751
96139 57484
350050 43385
240191 589983
268468 160230
447441 622545
46485 94044
387652 47758
134018 710862
682203 523164
101600 374652
274663 635970
566893 375737
481821 75678
158549 210885
686948 7023
14918 698885
444344 393316
541388 523495
60429 490552
174571 291780
336298 147110
92707 242020
398797 202151
713539 147908
697191 538578
167349 13653
343774 541931
661501 22194
214961 341118
306284 154995
367703 544780
343272 144261
181813 568677
161278 547878
674920 590899
320014 170529
221403 491258
433786 513003
461662 298222
563797 410691
92247 378894
558908 94131
191577 674128
85774 394415
454205 433131
277502 204245
387033 156499
541777 77855
196090 55311
342731 26159
448333 609576
228068 455891
248678 714962
197625 216185
654554 523981
445569 610214
318114 709095
586744 43835
279673 562086
522925 506488
326314 479442
324170 372449
240782 580724
399292 570539
159857 413031
520958 124042
437076 311375
191767 276293
468398 699530
105627 207939
642909 646117
298272 406458
668236 239253
112139 37592
679848 79397
397945 706905
188578 630788
152111 677145
604762 219984
445621 411316
615796 483867
576749 50538
45361 620079
386360 340981
593297 79327
683023 234481
93275 464451
432038 523187
399899 143986
272712 521442
341514 128263
558010 340237
307295 397909
345375 482922
495891 393645
660117 389715
163292 524510
628325 396596
608304 133223
55328 108983
324750 177246
403429 461973
601993 107025
250483 583318
680625 662833
692144 468988
38874 333296
257320 14869
449718 383405
46324 589096
84560 620936
471341 76291
70756 692624
629922 96468
289699 589568
123250 18357
84638 555910
649682 40389
242712 664835
675232 634821
27601 287827
324399 437004
352027 317737
221652 319230
76987 700127
706863 448722
375567 479909
350813 458083
173936 149295
569801 344786
699740 36391
323872 355144
221699 154606
108247 327721
15600 117082
247463 528742
70772 489383
89114 698432
69898 137248
384325 463296
396203 60505
521043 538455
224773 454311
368525 662100
523195 440588
395935 328882
426454 445296
669091 384554
234464 26990
650974 691203
413326 315288
199885 310124
94947 382664
669826 577334
640725 702386
535193 108551
523104 144741
207538 418758
28759 585795
551683 699099
696016 179053
290503 549551
405448 659230
170263 648304
41502 448006
32448 188038
154961 598580
605684 385990
19619 270229
124619 129694
287543 493785
416710 228902
364954 164674
462957 587802
157270 99539
453951 637695
296707 378675
650620 170594
260635 465536
410993 240860
34086 460793
334994 651096
335523 690439
81751 400428
80648 199516
113628 594652
100228 69049
412592 47892
554103 126760
148211 42280
575392 326003
385477 32348
167249 480704
520722 354284
124808 264026
168603 711605
377831 229974
304796 675655
268631 623742
482325 203931
614310 571689
660611 78692
427813 635351
523095 680222
487379 603388
208024 620422
611113 34575
519778 364651
76212 371951
84848 381889
238597 509389
418749 400541
475002 617761
350500 577131
538415 493338
432480 421116
462581 640160
678361 522865
40862 181299
311935 265095
673386 159762
376098 224543
355750 40179
584543 629987
323595 11832
349684 545139
388383 128373
255136 128377
376910 175614
326699 282956
91647 673508
189773 413808
649037 484393
394814 79532
149777 128625
55262 93091
305822 584391
473292 507371
228145 397389
416466 514134
471259 610641
571547 248333
125987 43800
529480 336285
434949 489772
618828 107716
39369 414104
161458 312351
33480 633629
159330 499643
247866 412489
369481 709917
165381 381093
484564 617154
68837 163996
200338 591907
471800 48698
316013 627500
621783 471195
457496 286568
488699 63001
584247 466150
569701 322787
684469 368509
361026 31494
272361 665192
657019 574740
110946 142964
475258 547294
187202 293183
655920 410039
164366 560551
121126 93516
73070 214761
552136 569834
311828 345180
537529 246862
114229 269906
485280 598148
392507 340177
330454 442062
269954 247345
92040 558585
250026 634639
428644 284787
368941 53362
