196
6 10
95 183
172 102
98 57
8 128
182 83
88 157
81 100
36 206
74 105
89 84
177 133
31 56
11 28
171 69
160 51
129 37
137 10
2 34
163 199
197 163
129 156
167 21
124 1
128 14
117 90
124 17
37 78
91 114
196 120
47 130
194 108
18 36
189 94
192 78
173 107
86 204
20 71
75 90
98 58
115 148
73 146
151 45
161 92
102 190
155 17
129 97
83 15
63 24
9 84
164 73
107 123
113 112
109 178
171 57
174 15
190 25
15 187
204 59
165 79
178 147
77 109
49 120
188 189
36 179
130 182
31 184
99 101
78 156
5 60
59 182
168 145
116 27
159 110
16 128
69 1
3 75
126 37
129 157
9 128
146 67
127 183
73 136
35 125
79 171
9 26
10 176
9 92
89 161
179 111
107 71
144 116
54 206
187 32
62 163
64 49
21 190
175 107
14 171
136 200
129 163
91 53
182 26
59 64
144 153
148 59
99 128
178 8
84 123
96 41
142 121
185 108
103 111
100 123
204 109
149 193
89 166
129 61
154 57
176 155
199 63
18 202
104 77
108 134
56 35
70 77
28 64
21 142
129 195
146 145
120 188
130 139
86 143
33 25
23 176
70 133
98 178
116 36
151 65
99 76
24 87
132 83
79 53
127 115
86 126
133 34
26 173
91 163
50 4
122 4
187 185
118 195
125 117
74 108
180 136
201 128
147 187
118 142
190 78
105 33
2 134
29 76
129 102
169 25
180 157
52 48
170 61
191 79
76 193
190 118
147 96
139 21
55 66
176 165
41 150
183 186
183 121
92 48
35 102
59 21
94 202
28 152
8 73
13 104
111 159
52 142
153 56
189 145
203 109
152 166
71 185
64 63
14 33
24 43
77 96
109 173
205 150
