968
9 106
334128 136038
84162 268815
169293 270647
119416 371914
110383 95580
60854 357619
36149 141044
25761 307998
388780 270723
196304 57202
110374 14765
167931 136460
209358 304191
263098 322309
27152 74282
273335 179969
119505 101334
316600 89711
140952 343332
87200 57338
362665 301375
69339 286660
228789 86938
6882 352395
321771 115694
359143 57530
326824 286716
369090 72403
164649 34043
43988 255362
307890 268560
81053 339645
325051 240881
92186 299737
86459 144568
160907 245970
403210 129720
193859 207136
320908 220801
237989 160638
23669 257328
251540 23969
52025 113567
93458 278176
332775 356704
42207 369410
220165 277258
9321 73675
256036 348372
292043 305951
250014 113484
202280 365952
8398 383376
388792 204570
312390 149093
131872 306814
237150 27012
57922 278878
347407 379876
280319 95974
190197 199700
98358 247793
185137 390829
100729 326946
41722 23733
326595 27197
373610 47213
161443 149887
136541 161735
195990 160381
114502 214616
24446 210207
307863 140820
185866 126984
232106 56331
283504 284683
234014 322246
110494 75947
96643 224194
67089 370718
182310 133608
125802 406188
365594 17576
61561 194234
250940 261868
77732 94180
25620 355960
304501 110142
386816 314046
164325 114793
137838 304384
394909 22759
196553 159968
16301 113876
124059 80554
166244 362926
328453 230211
85611 378171
69131 216877
354068 285724
99141 360528
236096 45902
105578 401600
36063 137188
111699 333933
261675 187751
123891 126645
290908 302581
307094 308490
394121 391474
253481 301381
139260 74936
313117 184378
204432 211986
142741 9942
254007 126847
192287 409278
239467 102303
236812 280240
106428 68154
146864 121015
109878 254478
195939 276734
322458 92255
57420 159344
71331 106846
249140 19605
80025 188250
41316 133889
56105 27591
145847 175703
237436 253441
260384 76352
312092 116572
400388 4840
22504 130797
125943 199158
242923 407626
98473 47963
281869 220775
277185 80427
316598 214491
7732 336701
209000 264305
326419 276073
61632 185942
301063 301045
13817 188729
265876 326842
1704 352659
207674 298051
387191 123786
195763 215799
401922 9387
270766 153010
172360 270464
352925 235529
159349 290483
280946 380642
340274 177102
325169 369000
64449 129290
29610 71807
354770 272520
267815 159009
207041 216763
346484 180359
301471 327628
168649 79871
51540 314134
137687 201244
4206 31684
62721 216213
52563 15952
197223 170144
259059 295686
191117 203501
349448 337481
266574 88136
231623 134175
119186 57142
119991 31434
258115 229590
324828 120170
186929 354438
77770 225212
313879 53738
370617 355837
106960 18032
172523 42001
390287 67443
334175 192046
154765 202128
30050 225607
315751 118157
315516 247073
286805 331860
402226 69257
138290 260912
36725 15112
336726 330635
54855 1742
391282 291007
215859 300900
183784 360903
22825 238981
363925 278344
114229 302726
377185 136678
324351 383255
3765 248510
160471 35574
57492 120590
356460 84865
333640 289915
290307 4822
99946 337310
101827 293963
63350 96052
151270 111173
253828 110555
183596 325929
305632 41774
104661 252625
191516 185281
185727 409479
142161 363633
323824 82889
104789 117911
359593 48563
230720 314185
53187 193996
122045 58741
77334 343668
165150 16748
172189 370512
192354 339448
359698 387211
222291 353820
306026 177035
132571 253651
337557 95700
329351 48186
420 5942
36498 354617
196446 250215
163261 152408
398800 375286
84662 1574
350471 366956
235391 285325
226797 395295
94020 171519
107466 202237
69917 206609
57070 155761
214750 344102
214299 22185
368470 199934
194687 207154
37128 3006
286747 93179
83770 138530
206547 168195
306330 189919
30882 194311
310246 114671
49667 143630
68786 272768
343419 40225
114231 247825
226063 66833
403514 341965
322981 215208
347604 334791
296460 116419
398631 296902
194207 58795
355140 107921
44380 146406
127124 351346
172662 199652
317246 59633
165405 146721
171819 17518
78869 274880
96365 397481
379944 403212
44927 70362
367365 155876
100768 35777
237135 237723
264236 20966
199928 218153
41995 788
392696 245561
58588 207033
239569 87406
322438 147738
106727 83948
60703 209712
193938 395691
142383 240978
338323 196064
334898 118440
398215 81672
360760 156745
196086 295016
86682 72107
177113 378279
349203 208345
281336 323350
47067 379010
219383 844
64694 159646
223916 68800
294442 326724
204835 232183
396149 149827
115941 47112
237060 224847
401089 368994
244099 51057
329745 218857
65929 106475
246044 225122
291186 247261
369301 166043
353519 19708
333690 180618
325715 98374
54632 30854
281954 188215
340068 85994
89643 160485
271794 77829
251232 147295
92227 74974
149617 295979
153444 322595
124437 294688
83821 140000
88068 310672
283029 296514
295414 137517
364065 180573
40582 59553
44368 304402
274918 224717
118035 33509
316202 250688
366084 383553
30193 382954
81300 400506
388840 319495
2148 331970
321912 299342
305732 213980
117925 299880
194132 153322
230952 164480
149874 28479
164315 49245
335037 206862
89589 22970
276975 277939
403938 132796
35946 88185
374899 258533
68046 373092
348001 305928
379051 293963
140572 393703
82920 37193
73955 48714
403424 367376
385089 236261
120566 326157
400364 119007
130495 111474
91183 248120
68406 315485
386818 384833
263964 230111
63799 388353
120360 85152
68327 384176
294539 183821
114985 132422
112559 309699
311323 60023
100470 28408
166463 383305
236429 287534
218977 23668
108726 309438
244772 94291
184805 142448
286942 79696
28475 405546
326691 406420
39599 265798
389880 292052
94267 269368
103370 394355
84590 321019
28774 19898
58029 258276
207064 14089
338547 265900
386206 270599
103321 32241
139083 166631
267783 335402
269474 93173
241410 98686
302607 241682
27588 5795
295596 358535
405612 89362
234532 340282
381138 248036
399966 9081
6684 79754
240431 189490
346492 328517
274950 157114
79289 164622
313119 29837
394932 146446
269085 274685
39061 172080
391779 91603
222485 337372
151420 339724
97440 17755
49299 284880
164587 235687
25290 53378
317475 202526
338944 13000
375745 348263
11561 231969
210723 50722
239934 251621
373016 110321
202098 299472
398192 386788
343238 1326
362841 252742
368864 397374
14427 250957
404655 314893
208305 12181
219421 281772
348833 161768
92934 380340
294406 351475
286113 4909
115516 363625
148779 389198
22247 107879
293222 398906
171715 49193
158165 380915
361836 366056
378618 91069
183122 136047
174237 370131
155644 358521
299416 317529
26412 366432
371586 309928
320181 66258
376673 295739
400654 394275
260952 246539
197671 96433
64583 277411
134394 229992
98244 156545
257906 359884
19671 35681
127764 120945
166198 343761
370800 74861
46322 367519
372547 50652
147727 80712
197567 202352
251347 291237
329784 11269
226881 358695
384549 115605
94923 289443
314489 254123
320983 64559
384002 222662
194040 142441
359399 201965
131304 309696
51559 42450
155216 95119
163919 408751
348126 52470
388057 149101
203285 396091
155384 80148
202094 359494
273654 78060
345016 11466
290554 262507
30794 231016
195987 162192
180307 60434
88447 311913
404260 344452
183991 12218
67954 278372
24345 373252
28122 373495
204960 88263
372952 81948
305644 296805
279040 251503
77692 191497
280 43255
239520 318335
254416 317958
138543 344228
378448 162592
205785 119510
73666 8690
80066 47283
240600 217638
60620 343047
273860 171391
85267 155329
216863 241383
210481 150257
370354 42991
185035 315161
8616 115242
227277 103686
336621 183518
227956 328625
211825 72686
315895 367085
236812 201637
146337 168819
377063 276630
16649 374774
97275 74672
219413 366006
143486 208530
178803 68115
331262 397600
376897 52344
79455 355072
298208 336533
296551 374317
368069 228830
271768 37811
53335 406698
382122 165499
122027 200280
329057 362940
187277 376800
229896 6281
245529 235907
239189 130625
91767 137037
325298 79719
237702 34489
358072 280029
364681 107012
162627 43091
246624 287951
170629 181427
20093 341990
229986 272453
314887 278991
259266 158934
112767 246295
256441 48243
19588 291304
131893 331688
28312 191449
36047 262537
11044 231671
340744 93852
114826 285074
137161 387890
343774 39739
193318 17103
337323 58801
218624 225244
123763 38979
351630 341839
72999 175659
10977 182142
86621 291269
384129 357943
375488 300632
107125 109721
189779 14492
358176 348384
225921 130887
30404 316554
336478 21251
88150 203264
305873 73226
360412 332691
12516 357946
338829 135561
355970 312176
37760 69256
34701 54418
378070 213071
16120 4586
292697 157589
88308 135914
309959 9237
101328 353822
348484 143
3831 82223
114174 287350
6010 28071
44191 2322
124340 221944
289337 402459
210693 149263
208696 143580
167122 10109
327312 167825
69851 146009
252767 267034
219897 136624
41132 229542
222435 69367
6203 390224
248951 122620
398172 98019
354171 261879
190897 82367
134676 292898
39154 297190
105348 100179
360372 303064
199575 229454
32650 97692
288945 72544
17912 127223
13114 291470
315360 390534
94518 371079
231697 123705
285449 332652
156384 40184
103947 383293
91104 342198
192842 253445
351564 297068
297635 46419
80130 135590
18748 12916
131961 6789
277968 135020
116237 239216
330508 41819
380190 228464
58432 45451
241979 243137
254867 252903
298815 205347
397625 112058
2884 41223
44607 54040
281693 43036
119886 88589
21752 68121
294759 174133
250412 77930
7340 377297
304916 401262
217880 91734
193752 80481
12811 220697
230627 238872
122681 142742
48650 306590
276138 91505
325478 171931
144898 61836
62898 45110
283789 133637
61458 335166
116703 325679
164504 74222
273447 336131
98341 235284
649 231922
273178 348284
384341 293097
125808 186694
108226 9955
142617 402573
18602 208081
340938 282323
264710 367382
248843 193067
86031 131379
358234 377324
203619 166380
5354 113177
278335 192899
235990 274356
53703 332927
85409 192169
339526 245416
84093 282592
378386 294333
263980 66415
335109 182080
161944 197769
195524 333286
63485 389504
374941 398860
344561 190983
24759 342743
312745 198212
204601 38029
239290 116690
43320 49078
184106 175837
351638 400743
110333 76979
366488 757
78285 155514
74355 328621
70531 161743
347529 354715
291103 219556
21984 301135
107797 331968
343008 307539
320468 63943
50190 387854
55997 370508
38441 26782
392138 254242
118371 359612
294262 42282
143822 93406
8204 72521
256199 52686
318497 310395
87256 300382
280991 47980
209968 84262
299750 246879
320345 148613
153680 183360
160380 130809
151950 52182
159992 197612
8961 219615
305463 298315
63197 359676
225647 233266
45477 6533
269778 90547
123239 210568
11433 39751
337573 306803
102869 385993
276818 368423
81027 13371
248735 331150
117191 191650
337614 356193
255325 226387
250856 82332
5091 358980
160785 94421
82429 348379
143342 80879
193039 106814
78685 316749
106450 35729
156090 327802
168557 355595
28355 109593
20018 98622
299297 69802
195118 102837
181974 381708
37620 393420
403641 266724
285617 265925
315277 213759
164848 191276
240018 110984
140550 267291
68999 4699
5536 98295
255260 389312
281998 199715
54271 319334
81542 306164
388348 257952
299234 187582
161524 258943
121714 142266
91596 338429
371986 6427
128664 153628
201920 239370
42786 260109
250492 340790
308050 142254
359609 11166
114570 132965
225473 33628
136261 335026
115341 79929
312248 38806
57553 391436
36723 268260
231317 407096
19302 392318
8072 337414
313092 78162
182815 180678
181225 184208
179040 132646
402342 125597
79313 63742
242046 173140
142513 227172
150913 225351
116444 199172
333602 30123
5612 142297
156371 81943
290919 2921
66607 250520
201652 209909
101094 312059
209463 115651
140387 106291
78010 133970
343875 35323
71810 106948
276180 40435
85208 351743
282619 297053
358400 297787
109052 284258
375773 167313
210903 108819
204547 367438
57580 379018
99967 100328
26772 277723
15552 399522
52489 205197
397546 46774
399837 113381
115062 363664
392368 174208
45581 123755
92965 340886
293204 124103
182241 362117
407510 103419
140613 14938
159704 148873
297946 266737
4992 381512
256428 233054
129318 177360
87525 130989
14769 96245
270420 227669
239939 406751
407134 62084
309277 15173
334118 3017
252522 381185
152797 182329
34584 268158
142568 294318
215267 105830
262137 269072
142717 229970
55941 32782
175219 138725
343208 372182
75974 42201
170121 225839
132660 17005
141580 352303
301741 230299
299750 25377
254060 302822
323350 210993
346857 406364
72727 264655
45863 388170
69124 15181
124421 377642
91632 283853
70685 154978
234122 337456
35842 17256
329280 325542
383086 249423
129236 365357
161762 256572
90958 43918
252707 231128
130926 343378
269081 166447
135453 293171
409513 5556
62329 276559
111243 366494
206705 72935
368533 358378
33987 87297
258359 94689
47107 316594
180119 181858
243904 104732
134021 20816
220843 353131
13014 228385
340108 374524
157957 389535
364716 33236
3316 128792
284700 256050
45408 338999
357492 387735
29810 96409
68245 232498
335612 179442
339395 11798
380703 122865
402951 403186
390275 169541
17584 361260
264696 305661
68775 60583
394521 96751
131510 378687
151682 86107
259681 382327
275623 183106
109646 25208
298668 384027
256267 306157
41824 61190
46675 29055
207440 405022
50314 215490
87038 129220
