2327
129 161
65272 233775
296077 116040
329135 305012
7357 117930
202749 223301
108650 302374
125502 12988
161823 182498
59453 17330
195146 177313
21376 155684
311999 45101
222098 62669
380 333425
124486 292546
327290 311907
83540 81886
173886 77931
42752 64121
181474 238551
134537 275007
230515 250450
314356 93712
100843 32842
167790 78652
118375 247221
128425 229689
109184 39256
306883 324199
24116 175372
21081 119436
232507 62068
159318 33338
320752 17512
256192 313816
305076 185768
304591 286527
151521 204309
74085 104528
320054 290957
246795 274783
226926 209562
148493 152245
80355 83339
320108 72342
306637 129837
284242 291514
217351 167256
89184 88518
19042 111985
220547 143744
66642 16710
1473 113391
323141 31849
140147 280968
17860 194974
322399 174567
150571 17978
86136 209236
240584 215346
14153 254605
98579 225658
245376 66206
126572 48845
248645 68627
273567 239165
162055 274291
318180 328920
286757 210779
128563 82756
156244 316930
308056 251738
214538 108379
150211 285497
319220 43081
217641 125901
88202 55326
197933 10663
127265 6690
230018 232901
328590 246481
237552 184265
270915 286402
234122 115811
284374 181103
241829 177481
207937 123495
43140 263274
2282 107482
90048 228519
190028 186943
241490 19174
147752 138833
166278 17676
153565 147182
200083 312973
54277 315225
146523 42133
129523 167901
250511 97584
213622 279287
281711 324740
42881 286110
20804 93151
127956 250849
95691 38467
165135 27875
103042 148455
67230 319194
148000 245645
202357 203733
320442 297783
154459 232219
301324 93335
269358 10820
102105 74129
25589 32774
232893 53468
265855 287170
317938 169677
333009 149298
8860 240108
264058 74352
64192 230739
173515 161350
298425 299153
237997 268971
122691 239181
140664 182810
324746 94351
137452 278389
90955 273169
287853 119569
247527 105297
25680 36098
223473 1430
286977 166759
132410 166004
221052 196960
207146 298224
286715 195796
86300 132553
263803 27992
31387 327832
259832 57637
245071 312089
326455 16125
64054 329013
192668 79722
72467 288505
208253 137922
285116 193036
242557 134032
268843 68883
152017 142099
208425 220128
30820 79090
281296 296087
7055 198597
263070 18061
99298 11678
235686 62123
55150 24350
314578 180662
182968 256424
40691 91880
275187 196799
194037 130223
240115 89790
78424 60483
39803 43264
189561 213636
109370 172476
258085 14755
4797 131743
228229 85110
7428 2776
116499 246480
155929 307002
262890 135658
81965 129463
323828 23500
330591 76362
309464 200598
150782 40632
50912 193059
145276 25816
67348 171611
50437 279750
17741 123642
98698 128112
56372 305455
90753 190896
129123 99738
77330 12336
267006 192948
28523 131029
103774 202100
79832 159279
225309 92397
2762 273591
157980 197245
171197 302928
255802 273679
249383 241972
21455 13345
193958 159099
107165 44482
175623 326615
5597 33422
61504 275083
150367 20457
13189 12970
87945 226075
239740 83927
65674 76764
326010 209501
267732 42438
140345 277360
201615 154379
90059 106822
208186 175809
191555 332792
90994 119981
118777 92207
84660 31892
183533 90744
136097 307673
48908 149679
20473 102133
104650 162644
213496 45422
292803 59964
94927 324504
327606 45426
92872 245560
106404 92064
90668 155664
111760 248341
136979 84432
2018 330456
145785 255624
61197 323655
160709 189661
66818 269260
47634 62163
288155 171600
188384 122494
133087 86893
72477 164550
54253 264564
269273 2452
144838 254846
220756 79436
130072 331510
154578 214857
304559 212008
247592 173492
212790 93879
52060 208717
130261 192830
232101 236563
139340 190910
222728 138138
68142 307256
51184 49188
318483 93210
64215 98696
127034 305272
208504 323994
308858 288224
74084 123454
23736 20314
243975 212876
282726 169202
243900 51744
315570 293401
76416 205862
10882 74002
291303 204804
177905 218509
36145 304768
27097 13590
254544 239030
30775 18381
285742 242134
328584 36852
147107 98306
166926 20101
34906 262679
23210 221699
26777 160058
324207 195531
60346 11384
238321 290568
37178 89222
178251 242509
49843 220437
301571 133962
139725 82203
244178 55516
143034 119547
254432 182376
146284 317440
19080 162741
33803 8035
115694 56279
155668 285897
287337 292082
33119 134394
321066 291566
63940 316665
315469 268913
166489 123577
98534 299036
140336 42897
324966 181767
252902 202573
299664 215894
304909 298776
186700 32984
64277 42282
222468 220653
5858 164771
184980 57101
221734 193871
82599 262436
288427 258602
280267 326268
311059 329462
325259 146345
128255 129537
156145 241763
241310 68585
166073 45401
238916 165743
143819 292355
183918 179885
150763 319434
216580 320570
80158 15622
242882 326542
34085 22432
14049 235044
243696 199775
131524 252240
154939 294890
137718 160784
203471 332654
168468 200175
40209 321847
215758 220543
256533 259044
140184 124121
228888 151834
138757 104297
18922 253281
206349 176405
58421 147691
75365 248283
266575 143961
320523 182966
198776 117117
278137 247642
225211 230281
322790 248328
3768 330070
33783 72672
323079 149371
49604 136444
46431 328848
172794 306042
18885 263366
59946 275992
179364 226058
136767 283584
178149 59649
178859 121742
246312 98208
323499 146664
21247 119510
23522 129723
318120 265114
170544 277970
228746 40558
312126 289680
271302 306481
19249 174768
38105 89109
166610 19323
200180 133170
257183 133166
251913 73347
79364 101260
23803 256150
189454 76528
13425 19836
45045 194455
231514 323035
40910 270480
223547 260196
307207 205887
236905 50912
269727 217129
21592 299013
172349 178306
153699 104716
171644 292986
84333 25846
45516 264058
279222 276315
251221 273587
249725 121981
176746 133839
62785 165496
95430 123019
46397 34116
235649 146314
288352 308091
317001 266389
276377 175881
302025 226469
278906 305717
242682 190496
30398 120002
316344 316354
118559 11289
257877 149162
58963 46050
153786 241471
306064 133651
234715 129330
196257 255417
22884 21161
104442 197628
138926 185952
178234 188492
55919 63609
52743 199678
97457 86461
267949 297963
165196 73038
288117 64077
89491 162846
234578 66207
201434 303633
256755 43714
186145 159186
177052 265071
258591 296684
71427 157047
138473 111004
7727 119114
22673 296152
78595 65711
286612 216944
97091 151892
272068 208445
57472 225485
167514 229745
116267 125063
258527 154876
173726 91980
164802 283481
299265 80164
239083 255360
281881 184760
27959 39335
222569 286419
155599 73041
141733 113311
13692 199789
141267 56017
49659 99294
66367 95352
223312 131094
122913 104511
50236 211666
214650 200239
309320 21999
130952 122734
296776 210550
5188 306258
285878 143083
81377 269431
66067 293879
293453 324258
252490 102881
310964 68624
233384 193822
239733 40595
290050 206255
193548 125650
61362 229080
34716 53567
94045 329864
282318 243840
323520 71976
333511 249923
83342 177694
157892 162420
210941 249530
229490 195063
120955 225531
62022 254825
85233 5231
205656 225575
142612 106183
31225 284311
53814 327427
54253 231671
9976 61096
212661 38339
218615 85086
64498 180130
85442 14741
154265 202200
311709 15697
126673 311131
251930 92744
240453 269483
78505 151193
69291 233062
278263 327431
40519 180030
90393 62043
254795 140973
257452 181099
100761 331402
98985 279638
88541 120122
102462 166990
126688 224113
306948 167283
229413 66479
309973 42389
282606 187713
251814 258336
252972 289958
208045 41385
153363 290619
232215 265856
329459 230539
119883 28427
112710 133670
125482 67655
154774 13464
84707 227141
224267 108813
198876 87631
256594 57744
156688 142880
265259 125571
325775 18114
202318 115832
62423 285854
309848 65176
165831 205781
325799 48226
248573 267744
329491 14115
153556 115493
111624 21858
223962 248710
58217 183189
248950 216879
296207 26382
21064 125900
167780 142498
209575 316
26316 105060
118737 104002
136321 323682
113879 134340
40892 217078
68975 266657
139708 65251
147293 246915
101640 291269
100455 27950
69068 58682
158666 223222
236211 117014
139424 281653
181025 330124
75928 272378
278340 26159
144876 319145
28534 319459
116233 229245
274274 9739
141973 66844
237438 317856
113370 100823
161774 143339
63217 255879
150328 157789
176995 83731
155261 68549
24556 11675
206227 62220
262260 26120
102800 64557
114450 162841
221397 129971
94599 20576
279098 89206
208814 8485
115338 13339
217946 154231
107148 45305
278744 33779
100026 31906
104293 142795
19863 195395
129932 149773
22537 11011
32287 99450
267680 128887
17906 117482
33339 232570
333311 227826
324521 320116
231457 17594
293093 193362
330559 177633
200138 303583
86573 301232
227484 175684
48699 192591
326719 181069
265487 151289
134700 312224
40827 315463
129293 107904
297383 294292
264649 297052
218593 205790
261295 92980
122673 276514
76285 62677
168937 281541
102796 24951
188125 316494
234090 104435
299055 157148
310413 318810
247654 2379
332820 178946
99865 242621
39224 219295
40638 94745
147612 42668
245215 239208
256561 93818
120602 138288
14555 314076
30353 71188
200820 232133
238378 168690
16400 276559
170888 72544
130789 272487
69253 15968
27712 188694
265010 208030
158836 127366
250821 271264
116889 329427
116447 277952
245268 192038
279786 124569
189816 152384
192619 113543
251617 144247
30835 301515
15484 234911
296604 319278
63122 204336
296051 3482
245870 126848
182274 266007
99693 290719
67695 12791
162971 315874
243850 124024
37889 195564
309236 279562
293015 312823
8908 129633
302484 142376
189052 128080
115330 60314
13993 177019
282445 73115
296717 39697
44118 58053
243839 48552
135572 152691
230675 52753
290812 112124
150239 150729
152245 38689
164603 238366
42049 229752
250756 322805
323323 151444
215430 150669
146100 22731
106212 175721
51158 223830
47290 77856
64645 31923
187779 319653
289211 260922
39369 240587
294439 253105
285245 298317
275326 13914
247450 43952
96356 180511
219659 311323
270095 7539
329261 38587
237094 283416
292897 216583
208400 58357
247061 93183
138792 19212
88369 308137
120904 190624
204293 130487
91765 244608
167888 204609
114430 24432
143118 213043
101930 5585
129186 57613
174708 117621
169233 20598
195802 62869
129090 43518
209106 293588
261962 124491
54542 91227
206843 131639
202769 7550
57892 31901
138072 207804
25177 304381
279685 39011
43049 128972
284385 17824
29800 102977
306927 240560
56070 89824
169376 252382
9823 247845
259983 88133
69198 269957
271891 55145
122756 121120
142447 285197
134026 87895
64918 85847
190670 74929
13379 264656
24679 110883
170276 101488
281771 29444
32663 23511
4927 19352
280908 170728
206942 308263
284232 244588
318673 7427
28757 204046
13226 284001
39881 232815
92154 328391
271606 189487
152880 230574
137034 22148
273336 96922
6063 138549
217014 110175
48820 317684
223121 268056
170407 298109
322854 325954
100381 94400
167966 303785
142609 178785
40664 210227
280554 109926
171897 205312
216010 94730
111711 140242
273896 309952
311601 117764
304056 123174
207702 152495
252103 27953
188063 182440
91572 329533
179979 159149
69850 124506
308840 14750
219324 205622
109508 305033
87453 98992
258038 186980
115759 127523
136137 152659
10354 178874
203664 172642
289895 146488
329653 228564
264259 215573
234326 96959
128914 266390
240835 259114
140234 273605
235405 129800
248488 152604
156525 127796
259423 72286
162198 258767
326893 2930
277526 203536
9471 256877
29343 42683
190812 162154
186971 152429
160199 295250
317044 115235
272948 120625
237558 196254
328003 258056
36671 285280
141548 280688
49631 103412
236784 254948
38557 153872
126713 138347
20575 270393
54346 56261
294963 72891
247445 212398
160493 129210
110986 198490
25546 306756
199472 183440
58297 179537
149938 327128
135442 252383
288568 261589
255649 313245
59159 177549
5488 278380
203121 59638
83399 111395
181204 269845
236083 317956
6480 114538
139534 275402
48279 120336
37591 298440
167350 234242
328346 241462
32402 215856
297688 197474
326994 91916
39078 268975
213514 115676
225327 284706
82899 263198
317183 212019
163008 318194
296251 1579
200978 185663
156309 82626
92046 212303
266511 76301
16220 78164
252477 32322
52052 280191
10341 10950
199477 10557
278811 142471
112166 113104
65378 84899
39443 96684
274185 147894
23487 332885
1331 182782
18590 195818
139238 229213
151064 303201
25531 181343
70167 15500
212601 100646
154278 296024
53881 290564
135700 311955
232731 180183
143649 98233
205131 171440
84190 240882
51080 67680
140944 239653
332694 49532
152283 133074
250980 86564
17239 124441
143038 318119
168467 30970
68029 55214
153448 225763
304715 198951
15297 330212
260231 142499
85543 49902
42104 69636
108970 74709
6449 133423
67242 225517
182309 130860
142638 55706
12755 232971
273001 305162
138242 49926
251455 156851
34304 273090
250974 161977
278877 6486
313961 49310
278958 78330
282254 93312
231935 107148
180819 321012
70265 172843
5674 131518
166143 187891
331108 199122
224128 188568
298249 91631
271403 211687
100482 267592
199697 294719
284860 237934
132535 87567
325689 268555
103172 213543
330207 285944
41859 6174
194215 141650
94141 245948
131800 289695
267423 185233
293616 1715
266155 14659
215797 58289
214684 293946
47928 92006
329138 161923
23333 313152
216544 183811
333540 120575
103510 242402
209421 153871
161150 38127
25767 230307
70213 331589
183400 59519
110408 198117
283762 310531
9145 204077
287028 323927
74555 16123
333536 178647
247746 289586
305966 90950
167113 57680
195680 11522
182498 284977
179058 40861
61469 3155
287849 321312
74206 22679
146978 42454
61752 137410
58743 197752
111405 310047
2329 84158
161813 280811
52636 115257
253390 138862
47548 261389
251712 234966
290166 144364
149955 183006
33113 8003
25172 17098
125220 25236
197241 7216
284705 274401
54795 50599
255920 52482
34893 25215
61326 93035
189542 72816
221522 199589
293128 297626
241015 101935
25530 66275
77235 268429
193020 225802
160197 327994
178552 209252
311368 6273
277555 155195
216331 99583
178882 93405
249982 308923
49479 97695
121834 41397
1823 46294
127855 18192
42581 318226
228651 112428
22773 22774
57654 273183
180849 257384
196968 252799
68802 235132
221462 194066
22515 256143
331580 11442
39269 189789
151772 257413
165654 109003
150498 159357
177181 67070
307530 153819
155943 1722
329132 92380
132500 283279
249809 60653
165222 253914
112785 302905
184693 18661
13135 103454
18296 191426
156143 107310
192119 162283
280424 84088
148931 289355
204040 24306
140872 292008
316223 97414
148988 252440
231939 60524
18493 164534
66362 236371
22668 72369
55042 332058
82205 275771
68055 191522
242137 113556
228110 130457
18681 126223
77452 78250
140109 93396
210069 114567
16295 152356
212732 21492
70536 43330
14658 307109
147072 229500
14228 138661
17972 276087
167489 200534
232649 12968
2925 304647
243181 10023
3907 112700
182001 252447
221778 170804
260701 194549
71801 188037
190963 174385
59411 245835
131673 212174
179550 226073
207047 17000
321448 252783
103584 270591
310473 308422
21973 159033
98027 54601
106468 326403
250714 100048
3029 50046
91185 173929
224261 213375
75186 154800
193257 327975
197975 202203
133820 81810
67362 21006
185179 145163
44865 131176
249770 67953
253450 271326
148955 99083
120870 243153
293839 168970
261920 32056
330159 32543
141404 134504
86022 148582
303553 227644
299840 141848
187397 129902
300015 109320
6641 98680
279604 62947
319150 170014
282513 19963
47233 224510
273475 10808
267953 139195
88047 63346
221484 64047
54390 61079
324929 11463
216331 215164
130366 252546
236501 63253
168943 220338
21939 6383
96452 40426
290484 205803
16445 317357
91780 167410
286525 4007
240281 52089
205778 159348
230972 34364
197679 219658
196998 67767
308957 17635
289033 210613
90174 13441
309506 217545
263339 147723
171405 301029
131736 14891
7486 329359
38322 309602
230245 111614
31598 193762
199680 145943
78880 238093
184026 197736
298453 167883
202319 146223
257543 61836
58425 130373
216748 104313
91891 246600
61824 127870
190853 65319
192353 59040
326550 47639
166497 289347
302550 202417
287236 47625
331000 316286
280339 64571
103233 182586
308222 88327
144803 1213
316045 93977
23296 8470
79466 175873
31127 114483
15674 183797
209103 232192
125305 103238
243407 19520
159186 7090
308668 154686
253800 79456
181938 159712
331956 107045
120166 329224
290129 329974
309457 227773
211493 122447
80140 266098
1708 240879
169690 299833
96161 49040
156259 258302
188645 238459
325431 192166
147985 44900
130717 251742
271551 82602
89534 270561
197267 308650
266620 51639
39461 5841
196226 315344
266807 16629
324644 208664
42115 306491
328224 64112
6311 95113
136162 310243
312650 246327
324670 223023
240368 166424
96564 223798
112976 193073
136355 268577
88485 202501
120298 44380
76475 157701
149265 84422
331045 314705
211532 14003
128514 132716
201272 214967
91849 142514
26661 206496
177054 104846
231932 66571
235619 147996
185536 43836
176332 164014
85755 191735
103488 291694
206689 17075
86627 211651
262304 203273
124938 331914
239257 81750
193824 121075
53746 326340
70544 74078
140341 16522
63272 38124
73058 179190
103947 18212
296579 108899
15989 91041
197088 236420
244867 53259
141639 17179
190376 237878
122546 18902
203868 100443
214428 177761
205807 14489
132312 847
324501 132267
88196 264057
39736 291920
137273 153555
18630 183930
220097 293105
58936 168997
172736 211444
35770 82527
46275 213693
26730 249269
170932 287921
85622 233489
243426 311057
294904 101064
133262 227271
258939 288307
271998 327188
131 36732
315156 251725
65883 331283
321230 260532
63006 123998
187878 61089
230346 328658
92381 310958
3231 266217
255105 61115
326929 235398
216635 137274
128020 81841
170550 257264
271132 54192
254924 297505
167445 9308
278789 326235
258941 276022
25787 53499
87128 93670
219523 267630
5467 325173
215516 252531
273916 322265
222633 67558
6860 14878
20732 315198
328755 252189
202081 224774
151261 241476
248085 172070
236100 44788
141394 228338
175898 73689
143206 220069
276642 203476
305371 4334
181534 328623
188158 283911
170494 145737
218010 44976
213935 310126
210327 162033
193372 125421
304073 43757
206123 65547
139487 93749
189194 221640
142717 183736
11539 69823
156218 16107
153079 76727
309840 253284
91428 87003
138003 155167
37146 216223
50173 251510
89615 53841
97605 120015
297558 221768
20182 28028
187895 310392
214427 241991
128427 87159
228397 16839
317371 156862
182271 242143
312610 231962
6337 84054
318034 127494
100267 318377
292087 222111
151343 317949
54840 278376
15628 207446
146362 5673
248046 243485
170081 186439
127897 33255
182014 114993
192833 95662
129406 227976
67584 78963
41080 314089
34108 63275
333385 237708
62615 149988
192678 92333
253042 151165
262045 327567
308698 168132
69196 123624
57316 227398
229052 187843
293895 109145
294284 316575
237143 310829
175792 174590
114847 127836
92895 79772
141455 175399
254410 330496
49106 70337
281955 139899
230729 178782
59079 201117
196879 12780
325034 215267
83880 184709
104960 65364
27634 296203
277568 72035
189327 104478
295138 75759
150233 29213
195921 318370
167830 72789
188241 225084
61177 302210
229076 173406
139360 139890
13454 323545
96704 312637
56649 44787
279187 300283
241757 138655
235397 278889
24064 51588
202937 147437
158254 20263
150070 87933
102516 212101
157173 228938
221072 12801
78151 141024
32895 164955
95012 42207
32672 133734
71639 307878
107780 284271
62260 178167
146381 97040
248929 332428
210895 255331
308633 226692
117533 14699
147064 183829
194079 244904
140202 219831
64412 272540
124804 83707
176367 34548
148406 293774
48373 184227
311044 231062
234652 70920
25990 188199
179428 322735
245160 147150
16474 155123
164073 258345
206866 50873
207835 278385
262669 321185
171956 224489
101971 245041
66497 56621
48437 106015
164475 187686
225910 53748
307677 295673
103297 140602
195519 175936
287140 268461
98096 327131
248850 109560
3280 213386
196684 50161
107524 284196
30881 288859
286686 327078
135377 47117
307915 130283
312214 114967
320372 29034
216254 274885
69679 120476
125462 318432
265883 231592
40803 41023
239372 256708
104138 330229
332193 102882
270073 243786
244117 183249
161211 38309
180163 303543
93953 168679
110734 134564
16060 258804
220239 271168
79050 228546
178645 200943
221753 206187
288087 207698
70949 281360
28316 210401
284130 117835
210071 84847
53031 241060
73928 115264
134947 122216
105054 309819
188414 212940
108618 6586
186143 200301
193583 269010
170142 181118
214036 66085
4096 184646
191544 40409
4851 330205
184163 30183
273081 298067
17957 194484
64826 75836
309749 271142
55654 219527
225792 196089
77869 224789
234027 56698
118471 104900
138642 278813
136890 18591
285165 270184
236510 104176
16169 137976
126585 48869
96851 11217
24104 310357
286713 140530
317418 232765
325555 109090
18428 75758
315580 114049
117481 48699
3846 47642
327186 260587
35068 177045
249596 21779
285074 131195
22427 326190
143261 235208
89869 3382
29852 229791
325300 244656
31439 60272
222246 47364
165233 218799
36605 67080
16094 211290
120662 124825
248328 113886
251622 321187
311819 157999
115065 254243
276927 83211
256638 316291
31322 3796
246814 133205
1348 190151
199059 94811
164252 186181
301058 72947
107583 14136
182773 242109
54922 263219
180598 229213
190843 317041
254302 165273
63332 191462
106785 220074
310812 68451
177194 52133
2237 320954
61740 298352
149870 66067
85654 245907
225776 83150
312681 90721
48096 131500
30905 8214
203960 75049
87699 275429
238609 233891
86276 120471
244535 148777
109688 187664
133583 196928
1518 304698
277382 169275
13428 50902
3836 15402
305946 193318
318989 86237
85833 160817
253378 10678
101913 75150
184090 278687
65432 5850
236764 127453
34924 191195
136245 183390
279847 307270
107656 266515
18974 227691
150285 33111
267203 311038
5714 221221
67393 104852
278637 188953
120847 332317
134837 52309
56980 105039
185652 63709
210836 190774
7001 233028
78543 302048
40183 136541
190503 227442
74942 215118
189115 299213
246312 254898
60631 247733
97592 259071
242053 56530
162318 103526
54161 320897
302699 257712
8677 328455
58669 155791
204234 311258
252825 79579
226529 103894
241843 185701
246339 110998
5902 130426
183106 299010
126932 258168
275211 82808
33201 312957
132232 200816
168221 156082
224553 248936
206590 310977
257622 251
319725 313003
321166 34765
18353 247270
10857 138099
102287 166518
265291 177114
174648 308432
293342 62997
38620 118335
18729 174840
246600 77956
232805 276995
191294 281198
196353 160467
24246 250457
242753 300013
310310 2104
170155 140273
302412 210278
218612 187247
19897 118404
1750 9163
76219 172603
216654 205578
312547 318586
308029 227903
150778 239687
156205 80781
134212 64517
99675 33068
89835 53569
20542 190685
267194 3387
158456 137539
68426 272251
59968 270029
124382 80140
237353 7799
252213 107614
151765 125437
225338 163691
219776 142522
230261 139530
8331 166454
27744 303142
162630 200013
241038 229449
275979 228438
217363 240947
198497 216355
290777 119172
269768 240463
304974 231572
268516 162088
18022 134190
83144 239055
325178 113088
104331 151614
196194 60375
267636 160374
94796 108256
259664 50866
197502 26719
231244 131202
123411 302848
185305 141931
218107 212905
299824 243352
112059 259626
65800 232940
254805 299465
222060 131911
18190 182581
307313 283857
176453 217654
19256 286017
53679 143757
90234 205026
292632 200463
143153 106620
261640 15921
165307 120503
181611 249348
126199 122411
171335 66860
117516 95678
107979 123896
297054 59635
102889 317837
124481 1060
158689 211744
51470 235459
284679 295378
100330 129086
92956 125104
307702 297544
56400 25881
223374 289969
196126 305195
252348 91760
314173 169625
298471 244826
303344 79129
187725 257035
240101 216958
239778 295396
53711 63957
204320 230093
224624 115957
67010 306603
313326 203129
243477 11932
102554 74231
323550 20049
296199 132768
209147 66748
273439 207512
193819 158871
131411 41482
282346 10770
273786 86773
288567 203208
225032 179808
217386 74402
303184 60017
128278 108066
321588 199769
214034 328752
301112 17218
54511 50752
280300 260583
219562 196602
3352 115360
81355 76830
186079 219604
177411 54396
9016 37364
247237 83538
8430 191017
160121 69217
114056 1344
110294 279665
212874 317612
293160 69287
82013 217994
242722 234912
284487 11433
7717 88897
100058 247371
102817 283514
172030 332058
298617 332751
53073 7269
292912 248872
306349 174351
22879 25638
60942 267577
86329 274146
204367 208284
56785 216674
37994 316598
95921 55978
81504 195220
327290 275581
154987 284004
229815 293613
2588 131276
52793 258186
125247 128198
156541 297989
63079 261884
236583 30565
34122 203516
60865 58143
80911 188641
291576 81277
148839 138910
158079 195838
228200 169922
209615 170006
329907 245341
254289 61474
52965 132667
254050 174505
161002 216491
291842 142882
43022 19464
258787 93391
223329 298073
72607 219637
179853 158192
152645 127709
186070 250641
125193 328874
35376 106340
265297 255355
23969 90432
275913 89407
225636 55180
266215 235379
217863 145659
56940 120108
116468 77638
93875 150214
50969 68679
104164 233686
234095 126701
269237 223746
147950 60940
154914 173764
110170 102248
241635 16171
322725 186249
225353 227524
132585 268796
15209 328411
329703 21835
9392 165259
87779 153156
294740 35319
50024 67571
280750 44074
281680 193526
198325 102616
41193 82359
19295 305033
57141 193555
297206 137373
189885 293386
329290 60524
21278 70033
149785 172800
63803 136385
326514 238558
221702 32237
28904 265925
306012 31348
326422 302866
135044 143391
253036 91756
304350 41007
95955 326957
269759 37910
100766 228934
70486 333009
96680 305053
64686 110791
93007 58869
243177 1419
122799 111811
106451 38204
164994 45997
137028 325063
243840 106289
31383 73462
183994 263448
40886 17156
312027 21859
182399 211634
238386 224809
118523 255730
56338 30749
102776 255078
270790 113210
117447 105948
123357 310939
235119 40764
173807 108262
267456 257763
276886 128717
89686 327887
234247 223057
278898 177518
298885 16544
259255 180917
228156 34090
178214 52059
35023 53521
262241 293411
304004 292435
54836 230484
286689 263900
159930 223299
247711 25332
317133 308861
329266 153800
104558 100145
304428 332258
228390 288804
85860 70784
95752 3643
120923 247295
53202 111092
44718 285272
253096 55865
185071 297093
170848 128978
273311 203598
198570 67928
120820 282794
174678 184037
206681 229940
193132 288643
90147 47424
247860 371
262620 265182
248261 67374
120429 197243
41800 311556
27671 310446
311765 316530
291739 228610
154222 182569
159283 160265
6959 40142
303136 45085
312264 20176
260920 309565
78350 242334
123195 173633
149635 164837
83338 94064
231476 23047
175148 110260
8704 56666
315442 147966
19159 325054
242808 206113
267563 8397
102603 78740
183815 251639
285404 292165
182 180945
16854 8405
234824 226176
60453 272176
37348 174781
201738 181691
158769 66017
184596 49653
204638 242737
220415 12593
126609 145134
52475 288762
142178 262148
307411 54864
248723 331309
240932 331648
243550 205001
282256 217280
13727 199656
148095 86057
17155 160691
168408 238278
258576 299434
313271 259493
148118 197431
112691 114903
76810 329571
234460 177318
50430 197456
295680 188523
186702 39859
309332 322902
94717 159511
321933 86743
202528 32435
276319 79734
96382 52709
269370 173012
261882 132495
311764 220560
287417 66769
41317 151128
303316 61572
331888 332477
237874 312642
200403 212398
102540 64948
226942 241802
231276 298531
221422 91192
12158 34378
317327 313910
123145 112717
320368 83889
212397 184592
274096 37870
126829 311953
263727 295314
9607 294966
234889 297811
160973 239259
171547 289493
167473 18880
265496 60732
254498 180298
138573 53639
233162 133697
200650 110054
115618 33327
37988 7862
328604 276576
144246 5170
98910 76978
288677 202098
240980 121687
268634 331279
194728 261682
164379 197402
176373 34196
80678 193754
284371 110921
126791 150435
197951 269082
248118 127493
37650 191912
195581 196198
323704 287359
123663 66105
108301 315403
198373 2144
177887 245275
218851 326496
156952 289975
142607 129279
108672 127245
205884 128823
224464 36347
79626 152916
56985 204076
263065 197184
154570 105953
92907 192498
36055 279767
242199 159731
157534 252634
73743 52201
317404 82374
283243 209960
209913 129365
175570 287484
164560 173062
290410 287408
192393 45395
274280 47184
73041 175884
82301 146308
269480 164588
59070 229179
228763 277051
8094 74998
124410 272866
175140 248374
108433 27306
285288 20482
132041 118950
164993 28336
156654 4447
78581 3704
213584 92207
214039 36503
90965 207306
15346 314121
304886 162905
127720 89364
262558 258917
49626 292913
273709 59843
135970 103635
163861 110659
23086 256530
259182 297372
236540 64878
119303 98404
261536 177749
166737 210406
150778 204141
248690 90071
167426 168498
191436 9106
318330 105885
17597 25907
79206 304261
161283 93230
232256 121323
280808 40754
125312 94416
104223 333482
98307 94233
330019 73353
305548 174633
308977 217889
274741 8010
332583 214714
101760 330799
17761 114009
202941 10765
166746 231375
295018 200736
326737 85900
171258 63686
141539 319859
78191 30258
71015 141614
248140 84435
34172 166399
9083 279902
218746 249365
63979 26365
181948 9390
164674 205236
61855 160407
293814 81238
320745 157932
325051 274927
257676 184981
182771 95668
246343 117801
147001 97547
41728 137813
90895 286589
180382 28344
113293 325156
82114 206862
144032 269182
239990 138793
212277 30417
63849 196498
109957 328202
175484 25717
294733 262011
177187 86502
275495 40797
124387 321915
90041 127622
20371 133530
231592 54693
323111 217165
53597 46464
14867 186814
47594 287901
310307 250499
187023 14358
175096 224678
138689 242141
145598 102549
184665 270620
316476 16542
274987 72837
49983 44237
142340 148355
283343 86182
189302 296132
262824 141125
183465 207384
60235 198687
312248 225357
209516 233560
286624 62891
328071 156016
15367 133321
226668 286415
93656 3781
249011 293115
106733 79941
116837 308966
184872 30697
202237 16455
219831 123366
73342 87056
120028 304316
298301 204073
48983 264999
240021 146496
207119 101002
308626 197307
42382 106518
153812 314053
35642 275112
3053 218824
269175 28288
185048 124923
41866 259632
58783 24792
455 150908
56536 182240
196083 162652
218708 71147
329424 80309
140136 196238
130735 259301
296154 288848
48308 43668
93890 37214
29706 168666
192856 315734
129373 146155
54539 47101
200388 157389
72518 311471
77676 333047
33201 255033
92782 72037
260649 245103
47758 34808
109174 260866
24251 112908
108665 18796
298444 271719
101600 97428
329031 124863
66193 178404
116354 208750
29272 187666
206891 210135
250830 8203
2227 224524
156878 259545
63189 257972
23877 190823
93791 306841
261921 96534
3382 159874
161698 117987
256494 314784
269104 235388
310606 85600
191976 233352
167682 288948
181542 331385
17538 297080
6891 212411
38040 37684
279693 77250
152521 73131
75286 72025
293288 284095
115732 238702
244907 147333
217061 186145
198975 289958
119204 217535
93164 106668
258518 102833
244273 63568
262255 167044
32289 211656
262087 102733
51396 314369
17227 117190
302028 277106
221841 146646
180580 186170
324542 240491
114239 65480
141526 282907
105318 166702
181773 302715
61639 192368
290680 150613
258764 271546
39356 302908
15701 249274
234329 46495
46413 113849
271982 66966
192756 150516
263933 27420
299042 116353
307822 37506
147214 156406
280723 162520
127704 303234
238961 66033
140264 220348
88090 6988
65790 225293
93259 174591
274786 34311
84310 159329
312620 101997
51600 208152
31113 264079
