790
2 1
623 1
35 144
302 395
530 488
111 376
80 549
592 608
382 29
610 160
295 643
167 176
637 88
250 245
247 382
527 198
462 345
606 423
468 171
365 534
204 23
169 7
506 294
384 504
289 603
336 527
131 431
539 163
20 515
567 144
283 547
175 319
243 331
25 184
335 8
653 416
136 260
583 518
95 569
403 225
519 180
509 350
261 546
559 222
207 366
356 331
644 68
31 141
173 609
132 488
154 8
310 607
90 142
643 489
370 632
639 383
609 172
402 630
11 432
18 363
588 153
559 168
308 503
62 222
370 261
279 225
583 159
24 566
193 600
627 500
559 269
435 13
514 617
101 498
233 111
146 646
339 221
482 351
437 114
4 20
18 453
108 346
396 16
274 121
542 130
338 373
483 210
353 414
221 538
496 132
249 268
502 278
3 617
547 228
136 262
17 105
199 436
372 571
462 292
121 266
350 401
355 478
151 423
47 430
278 525
385 425
75 224
178 133
308 552
447 61
217 561
574 215
261 511
335 264
221 152
384 356
405 200
486 269
148 476
457 300
134 111
361 608
587 176
641 307
302 218
33 572
71 298
171 621
353 7
396 572
345 19
89 40
526 586
563 29
78 577
623 309
594 616
159 250
649 372
76 488
119 75
526 570
459 251
86 275
108 551
43 214
367 250
515 237
44 581
408 558
583 601
311 520
208 102
398 190
474 319
561 549
591 404
349 535
516 373
145 34
157 171
421 379
38 187
642 322
412 506
248 538
606 527
13 93
416 279
70 559
645 45
583 305
241 170
25 207
122 117
373 421
349 367
589 354
263 520
77 535
649 335
3 401
244 47
482 545
120 427
609 318
48 115
381 296
644 65
107 524
380 636
234 17
24 511
257 126
319 192
264 457
515 379
39 474
269 148
507 535
395 408
86 476
33 286
289 402
560 183
578 293
186 19
612 226
214 365
469 535
28 61
355 309
249 3
465 68
163 612
31 370
504 108
525 25
523 25
23 573
460 600
404 479
170 284
512 114
291 396
458 297
584 608
296 451
146 539
537 123
428 236
180 426
190 164
21 548
500 354
351 333
195 567
364 26
253 543
344 508
256 26
532 305
151 322
261 213
458 564
154 505
526 212
242 396
523 439
234 204
604 615
261 180
461 85
434 478
238 447
421 88
445 332
574 200
647 448
54 335
20 205
403 650
644 487
303 348
48 247
66 199
271 589
367 481
589 99
37 594
398 581
594 164
152 353
160 95
424 238
146 228
405 308
209 171
321 57
203 262
516 70
411 497
540 406
476 258
324 362
23 106
467 584
451 219
311 40
176 239
21 369
643 67
103 499
117 85
250 503
494 248
552 201
631 4
265 303
191 650
36 455
80 141
582 309
541 195
326 478
253 221
625 37
114 248
216 243
639 521
404 10
425 258
98 144
46 23
651 487
651 299
345 608
531 546
163 335
211 26
63 396
423 142
483 57
117 138
99 321
331 312
335 180
289 311
3 230
540 548
369 622
421 242
619 165
444 394
266 236
191 154
178 621
546 251
217 555
336 154
614 302
414 406
644 165
13 619
72 17
346 631
481 450
479 477
40 112
347 627
580 544
269 57
301 240
188 543
616 655
624 215
404 212
628 470
33 460
120 238
373 635
582 332
309 523
594 212
111 96
585 352
275 413
315 601
285 620
615 138
119 574
638 512
612 163
279 373
581 567
224 373
611 251
267 485
188 202
470 612
54 112
595 482
303 633
50 647
111 375
162 167
564 384
541 63
403 35
263 369
350 524
243 439
236 551
614 39
458 369
394 546
282 363
465 465
413 443
117 188
121 86
591 48
641 162
483 646
382 616
644 636
324 559
537 276
289 134
651 14
396 482
307 208
48 402
342 328
561 621
136 437
388 457
238 102
107 265
313 533
90 114
463 631
51 339
229 336
231 508
510 275
493 476
355 251
269 29
58 205
440 83
344 263
407 13
134 276
356 643
464 437
60 438
328 361
561 491
318 437
11 186
425 531
220 611
309 464
190 269
498 101
254 217
533 464
475 492
341 452
283 338
582 227
490 514
428 143
488 325
355 66
92 555
353 171
411 112
138 645
127 618
220 644
172 464
312 570
9 155
609 234
282 458
642 351
118 608
624 398
551 19
339 606
153 570
46 142
158 444
325 441
464 582
571 387
387 79
336 509
360 557
565 166
434 336
614 212
571 574
13 160
132 196
375 268
54 279
206 382
390 649
360 526
446 587
32 187
255 335
112 274
512 141
62 285
524 576
250 460
322 131
194 433
210 77
645 335
327 368
599 306
52 226
518 568
344 414
641 489
475 65
76 365
396 599
64 384
118 291
163 477
352 437
544 96
342 151
106 486
225 341
468 639
530 348
630 408
94 156
361 111
250 254
461 552
650 603
149 595
485 274
243 498
103 128
580 71
571 396
449 320
382 161
588 31
29 530
217 344
522 313
269 366
373 522
206 190
394 372
419 153
307 97
321 10
637 502
207 139
146 94
101 421
154 512
338 109
371 228
471 276
11 105
172 193
638 411
19 413
463 85
649 548
184 422
340 429
618 436
225 542
98 495
327 178
651 397
558 136
456 295
167 334
65 267
268 453
373 490
141 55
252 476
159 202
501 11
340 559
359 240
175 532
422 34
524 197
134 212
481 468
144 588
173 620
475 403
390 255
161 150
69 402
458 544
61 592
265 247
264 178
282 595
109 635
208 133
332 403
653 356
614 493
63 387
177 563
409 573
437 282
581 447
440 262
163 304
432 53
368 372
568 12
102 263
370 127
600 107
234 275
362 214
40 106
454 71
613 393
537 23
139 404
405 34
70 396
149 456
94 308
110 145
371 270
626 565
94 433
309 209
84 436
104 209
213 604
333 304
22 73
221 450
190 591
241 237
482 42
279 116
154 5
453 588
573 609
155 299
40 355
555 133
108 263
129 265
515 587
372 156
236 56
313 354
638 108
300 482
633 306
648 441
59 517
136 121
647 196
483 328
614 442
351 528
501 651
362 381
316 330
134 525
628 397
166 371
491 12
607 229
377 403
531 458
309 215
486 133
463 607
640 351
83 272
552 149
509 559
473 650
534 391
62 16
503 79
554 642
461 378
566 458
6 621
383 445
346 383
142 371
316 481
49 251
479 485
132 577
487 40
55 522
427 206
515 581
222 289
141 340
545 54
558 575
416 153
205 232
119 109
443 552
642 377
67 144
502 95
293 220
192 514
647 556
335 283
334 342
294 397
134 91
348 415
144 194
296 574
119 79
447 586
484 439
401 630
316 633
424 469
620 505
46 45
138 230
532 310
547 166
367 541
211 203
178 68
388 49
571 655
96 432
33 49
356 102
457 481
289 522
37 63
105 377
333 412
457 506
178 204
353 498
23 651
379 476
113 602
463 614
82 546
374 120
383 435
581 25
494 46
219 194
248 219
219 534
167 467
45 25
638 246
572 522
311 126
42 636
178 570
655 85
439 370
543 417
49 555
649 644
372 210
319 30
224 496
117 268
177 204
250 67
97 489
77 550
635 224
14 153
605 558
84 261
363 211
225 408
555 319
549 536
57 167
543 208
473 47
471 450
