3890
16 254
438697 263080
23620 524493
322359 422320
586817 244297
554357 403709
550806 448948
26504 557464
29564 294180
373744 70518
194111 67723
233978 580443
489926 14263
283702 490033
291319 34606
516247 452350
537743 589893
320539 598422
239707 297183
70102 582748
139689 31688
41215 257296
555813 553225
436389 576193
134842 219011
245964 120476
180907 380487
527792 478798
373930 296609
235372 459155
468162 531885
48128 55257
493642 3673
558377 529546
108179 524755
341431 445520
243068 591916
375638 200922
121526 228302
387163 262511
525439 437990
68751 297806
318463 89267
366940 268846
93727 46258
39712 145368
257225 81494
483582 29782
275239 469277
155935 405816
158331 500789
324270 373831
57791 208086
291237 372015
302595 575612
83593 350242
345614 575337
287808 146519
470911 52810
506789 421083
454470 409694
112548 68273
82893 486986
131429 403659
94981 483140
550228 75770
446287 104914
395380 298604
85018 432194
127680 422723
109258 27668
349363 161840
522323 97413
561793 596819
77139 318599
224975 556039
147342 184363
597833 276763
92321 475357
92188 75134
116441 292859
550198 37142
595498 238248
543008 167186
519637 39984
166453 94250
569818 256513
63682 292752
136459 425686
335531 176929
257819 490809
511083 351933
97861 571639
537193 156190
553966 525325
369391 378731
175319 153264
221992 492108
164001 121493
299213 59063
328759 404134
146618 385519
161305 421706
361574 424840
238617 103888
435356 432445
492113 86763
263888 30617
478741 171666
194355 432210
46342 24920
315670 489718
387871 29992
355397 474332
20162 370472
104031 497695
63037 373084
71876 69564
108301 313040
293054 138281
598809 76591
148781 290552
111753 591475
594273 13016
479450 403935
156183 52681
266528 286546
519561 69322
511626 160989
127126 31923
564750 482607
13320 9765
183515 429822
120754 505582
246006 349861
282380 292492
127582 315325
155401 259328
589169 399375
102423 540654
174453 239864
450223 544494
469824 408722
114859 160395
405744 221000
470350 322202
345477 150229
205971 250982
570444 418752
102524 199839
526244 329555
144219 78882
526252 66791
567749 223374
459123 61085
588843 500971
506524 562684
246335 88769
249956 275770
328616 468834
132736 32103
74953 101722
257337 56934
517075 300398
571019 232996
430069 288235
153716 36353
462000 270889
172777 187367
94273 446654
322178 555612
164280 261363
241760 460487
84943 61949
135091 536816
224409 523670
41991 423546
436107 513285
178682 303943
261253 258970
265545 503066
148173 297361
424522 95589
404577 37944
68834 353726
305274 488751
300126 142984
458557 595577
382725 547826
439153 577090
385033 151968
471226 536302
511223 109363
410569 371681
159388 464907
2840 471234
109555 533354
169237 528252
49330 342546
113911 68066
595347 587856
581092 418184
30884 267819
37020 580057
173197 372320
57521 244765
355264 389803
162774 310600
178079 347360
13967 493443
584690 589144
404465 369776
349389 547812
289670 58681
321949 301385
77151 587323
299327 221452
498228 230529
481650 59923
430867 342509
302134 466174
338345 588709
76046 3047
550902 420732
8080 207079
509948 380413
105600 595737
811 282628
272777 426266
251798 410226
378284 102773
537480 247294
304728 80774
400756 374794
328583 350662
420400 547992
594222 286613
59188 52900
1065 248456
55037 257749
547446 182718
234473 11119
66415 408915
518679 263770
108312 425482
17345 74664
341162 97266
225922 185329
144518 252650
505034 509388
211030 589521
518188 539219
326322 464421
505211 135604
525184 225144
311347 147268
294210 287012
433900 251527
296306 370940
346916 314811
89582 192697
520924 12285
519739 261584
327055 353963
90042 385273
174719 379597
436107 305575
176400 278002
590871 189058
2738 419328
217947 555759
212948 240803
164762 557530
75877 146387
563648 403282
22678 142572
147056 92486
472842 244227
339690 358771
245649 21034
361832 232293
60068 83109
13131 113650
240875 462302
444644 151000
59347 166843
263507 544774
181599 84111
205427 337010
388023 148239
353528 209350
348506 560800
91525 95103
355856 478705
425770 528631
40290 86025
454015 333585
217443 418829
468941 43643
182695 298846
236016 547244
435576 381003
486126 84951
438568 20233
268258 500886
297875 519450
519503 493122
371368 78823
225301 511939
409932 535845
385964 36493
68236 62511
593676 328579
276191 392182
152334 357804
562406 240268
83909 34001
246673 259171
509854 189516
49970 364904
472564 315405
561907 472176
494511 567074
446317 112612
110145 165332
337658 410726
166673 344156
531416 270670
507344 469234
408068 210751
485796 209686
45817 107046
481569 402743
49569 472332
202471 423280
160500 154591
1308 97418
204463 129102
225309 181118
568150 152482
478703 150197
253708 553430
327802 576792
195172 211541
34743 592392
307969 321770
435872 313807
557556 310628
62706 60006
133796 199374
572158 2385
225200 31609
549305 290729
141184 214158
389019 127429
545124 3024
279565 314482
435791 539754
528467 348683
357145 157215
395379 537575
256908 464134
502881 122325
555761 35600
581726 62395
93737 159834
565415 538356
554801 429865
8304 203223
192966 532948
10517 317919
126940 583960
324303 44977
64218 387500
342619 99174
364645 512118
451080 112520
247731 441294
399650 385336
586414 415779
357031 165095
308974 296552
150700 5666
425295 122562
265606 163983
503351 228057
4831 171353
132216 161584
444918 233134
199622 387261
283374 61938
285396 597618
163918 345668
9034 222941
39501 230675
561447 524245
458939 571322
184767 330119
444214 573380
236530 138094
191379 350841
599631 491137
274754 362381
218614 410726
98612 182200
207199 197301
594480 258135
312205 17987
563937 22792
154613 585345
277841 207289
403136 518816
307643 347370
541149 409203
136528 189789
330998 88456
307278 451963
399810 307636
578178 77569
500345 319821
105758 22878
360922 222848
10945 233606
271057 434296
447671 187408
523969 98700
189500 540668
124792 288976
580578 46003
6556 248518
522977 513236
15716 29332
55303 117602
313836 237181
32075 188533
65490 384693
248110 316976
443761 59087
261215 254323
410136 84839
44462 218441
220506 230030
493335 31169
344684 20401
248007 311423
306314 531505
80276 24010
259437 337219
246465 217876
113427 152999
234637 372288
55650 364741
92897 283123
463835 61633
100553 473715
89560 249155
137928 340284
554226 449819
124555 343326
335622 572364
102401 481003
334477 266486
529851 87368
284448 399679
428841 571974
457485 422405
165351 363352
45147 425360
288805 252773
246701 388737
250148 189696
27105 333106
285936 207634
298505 573502
294053 394028
183611 560843
117691 417660
220700 101538
590288 402278
594614 445466
407688 583040
434466 318065
344294 71756
231135 211588
332992 164845
308416 61621
490812 75464
309064 337956
554698 401943
15193 89570
118221 344659
352681 263946
310438 286257
175919 583326
413854 307197
518040 4493
153140 192152
488722 16735
499956 523093
409345 126963
55694 214389
16793 178085
180620 16421
486802 503624
191923 448774
72047 132312
63764 236882
283106 430648
542534 300685
467327 239243
176542 425067
367394 7151
36987 276833
76871 149181
195606 589873
78653 233131
196592 14723
517136 239204
138925 146644
365797 279034
262445 55343
324796 246542
286743 329898
544780 98444
416639 1309
216678 258923
334640 246909
95128 474328
487438 593427
498700 65431
455074 216333
195445 307898
49612 497499
217892 65456
467664 369077
388386 371876
577428 53949
223786 31087
525285 429423
551510 478029
380022 560688
193840 467447
576045 253948
336708 587268
483412 518701
58674 393173
515164 499560
138636 496953
496395 573168
193213 425790
56161 401017
285161 174578
172115 222312
57902 315144
101753 217054
594570 227710
82251 373183
562235 568228
60656 586035
437673 107149
219697 407649
315184 404716
230742 168047
438237 352638
145344 143421
416879 11151
63876 468791
7536 533321
118317 148734
332336 336246
353725 558699
335597 490776
298716 357563
117662 439865
251418 166987
107854 79978
375153 492712
118479 433348
128142 306724
287659 57007
546664 477423
575410 488817
113645 531766
81466 9746
157703 20159
431028 107273
33003 459654
509250 436215
160877 144197
573879 411353
392099 570008
131832 478146
401043 390586
448183 318683
109395 471692
84012 437540
355946 359188
560627 482101
321676 262438
589024 274660
508836 37796
193794 547934
155396 588554
66882 299882
166504 1867
325787 171812
51624 191191
199202 570018
412301 17281
410393 38912
335751 304236
458943 388135
554536 518596
528186 459175
26004 571810
229909 574833
582373 416256
410002 928
534323 596690
303463 374604
200247 200655
372309 75545
388481 315598
9215 244963
104674 581507
354777 234586
547311 309289
108158 304176
331538 9667
41485 154138
310576 148239
319741 444333
346366 470992
124828 85009
257375 100912
58157 400468
124627 353225
192459 185593
153143 183080
81665 535476
18532 142812
123460 254091
503022 569592
437701 517734
353515 70997
342590 267591
519585 548657
199491 196082
514432 309049
438940 473737
9988 447733
220111 174807
565363 497974
384099 356559
110239 454613
529906 244873
465941 285593
415229 466368
402404 60459
55185 379417
345914 413929
490638 380923
354953 38893
51106 424027
469059 24199
444634 544894
285756 267148
136417 357935
462886 75067
359677 14103
55592 68984
233013 121927
398386 42254
189346 439052
317883 105506
488402 166604
481176 215301
255705 310823
464603 272139
526656 532909
94868 248290
31767 205302
358145 228220
165508 183778
509175 456949
347222 446337
402261 505264
510374 362391
266998 109888
86328 146802
478262 323860
598380 284216
416363 434381
124038 17165
260559 208276
368383 453210
84621 490854
280288 552120
10114 120497
361037 166041
331967 81262
527375 101471
159546 328188
239845 561878
302296 370212
259614 68186
490725 3944
521881 317743
173969 493015
558187 159346
313560 218494
77366 545718
352230 597319
470327 219580
475659 422502
397138 204654
474936 321974
221548 395871
363729 574861
525739 376419
562819 428370
367862 193249
416444 115700
14137 130815
219674 149801
302297 265515
367199 67872
586906 112988
258263 276194
53151 506369
495331 267463
441956 116973
254045 359180
18858 286361
253375 397801
266672 310195
25777 563487
9030 405759
66713 456717
240478 248279
411160 372193
165916 224388
463361 142133
464073 4446
284605 314804
488382 57124
210927 286913
282064 535170
579064 589934
576451 442156
104946 153113
144890 378968
206851 377976
344661 186290
367864 60928
63243 555582
271174 148199
539097 178468
100086 29772
13943 262604
154827 525214
81500 522829
453722 320988
520755 377042
295449 256544
355136 224644
84175 542423
249336 107928
580526 542865
216072 183484
362053 152363
163059 332113
82783 381086
585641 201096
334271 500257
412432 168690
313725 420501
195476 357443
370013 586670
186299 362775
417169 93184
14858 378360
30920 198485
207469 511722
268411 118027
145823 353017
336354 133519
145913 411284
227972 155578
288511 472540
438321 196461
66712 33366
410750 91368
193861 365024
258660 345323
413400 68868
365825 384385
106110 230783
558886 224187
223753 528764
84651 301222
531922 152470
200548 241427
593765 176262
123138 142338
305846 308769
552529 112493
565258 243541
358256 153105
410954 572565
412592 498733
537991 531274
518438 294199
553385 400831
435338 527156
168386 11090
458077 67711
95094 158681
384310 331167
372220 177032
73812 459253
232680 429155
464240 83676
138126 579614
140349 221691
514573 287161
598601 66816
223931 503667
175714 506490
555742 354883
13075 1959
35552 576123
126360 463954
200339 484094
336328 167702
301188 264694
344421 500840
526340 411536
591678 255679
204913 321280
447118 550533
10330 120422
5326 209539
551623 406667
255656 453877
217977 452294
379765 445958
421711 99672
587752 234670
473729 111450
412736 436111
199915 535106
297134 28853
231413 239381
106618 477733
52669 306599
127906 104455
110361 48547
568252 145250
337758 235375
193718 6659
75036 584967
509088 538749
79792 328090
241044 355917
352449 475631
119261 94740
175896 32938
18550 392456
400061 589291
212328 565180
386088 82059
167892 305328
214844 100971
523455 345865
187233 562787
19788 568053
9819 21587
528724 212978
135697 531864
486214 70321
490397 17531
473824 420837
397893 333191
318092 434397
24651 543530
209200 187383
365466 124232
137206 153368
270287 563685
588438 135567
324747 467754
284014 542799
184480 286470
360737 548880
95555 222242
516451 60850
339329 119855
93210 224451
214907 296806
204075 209772
398285 72959
570358 510114
89245 275755
356410 237968
1519 572531
500060 460152
464953 472732
47059 21618
292732 160915
543817 99549
500646 39787
240615 401140
108991 233570
510626 206765
225796 61112
330315 565386
258100 99105
565321 327642
497982 135745
473929 419427
448327 32638
497103 231918
23924 309463
519401 440401
96582 443327
204195 296006
170520 10866
125936 70037
432314 260242
296841 441415
18678 172087
336951 91462
60415 190684
404331 437614
154606 593125
93291 428587
29682 588655
281964 38307
430640 536822
14583 232269
353728 276135
297779 489333
73818 392975
35255 272409
545140 570520
557832 384652
76069 360410
484736 88770
311010 453820
160062 447044
426209 155109
81551 108824
363642 569605
357851 286884
35939 498767
261765 21922
366841 374835
213755 461447
501929 203760
76487 467446
58975 44750
449000 107999
289193 292962
334648 266060
420518 490213
552791 124837
474066 563099
498269 45055
406312 531042
513871 70788
530297 210358
468973 147374
44047 42612
398906 349919
275758 443636
238637 159339
39457 422288
11973 436463
423198 439987
391198 15781
250444 351606
273902 435075
325763 68802
538831 296467
145306 176742
207967 428929
72401 205937
78 331134
2912 411725
22036 130063
355113 295364
251193 423541
567284 226401
558855 106254
473250 263525
572174 576159
286375 82846
366339 320454
546768 249015
397255 165489
7885 456032
580227 253153
221605 319122
112381 33022
18055 175594
317848 442084
554322 13279
96881 99573
213521 37593
120666 109457
435183 257767
436426 444858
516488 208703
273384 165418
522530 277183
364821 41387
342201 454172
65234 52326
49441 285716
288380 527859
569700 95864
420189 38975
392268 335391
337917 220122
372555 366011
233519 114327
312253 308625
427942 338112
360193 300948
253657 267066
470584 465769
467412 109048
380007 262371
165801 191478
58896 254647
285916 333632
205437 32700
552114 563605
232898 198162
545631 383857
16895 598203
498800 28511
82503 549816
99367 378015
567894 1613
551205 119428
206823 520427
491258 485813
305255 385505
571481 433759
547330 460068
259319 477857
95885 481574
326677 548893
521773 125641
527024 401060
331756 429031
239645 158802
42953 233096
10559 464901
523508 411699
156196 454103
116485 183012
73657 362038
86251 432556
481286 502980
244629 292101
288301 436747
155375 234306
416633 590637
520992 54515
565841 333579
203000 307080
533656 147189
357099 589582
562493 178061
30606 66036
553992 426245
465952 448133
563839 197055
350120 30850
59880 49758
328204 557589
394283 31657
283606 591931
138521 136695
292984 133493
48737 503629
310894 97953
212506 190439
182286 10359
192187 328594
396483 327815
344561 42081
77828 288924
202010 47076
547436 552514
123281 172779
100869 153023
529768 96063
460344 552939
61783 243642
466363 492941
42421 495219
563822 22787
167537 107532
532758 333964
553968 480219
180293 566853
55481 532942
14213 406030
547188 587143
374932 286422
26438 194628
363632 518172
383367 536975
407050 125422
2859 42923
190300 296864
347564 476578
64852 188166
325061 595602
256215 534346
278895 333403
331722 495681
529193 340913
223684 305201
146326 422939
145116 134289
168327 48669
452789 407174
410099 48873
134408 491161
364339 300730
42132 421813
396975 155882
448224 66600
548627 503547
153924 48328
259394 260483
325375 441075
3940 185180
578599 33795
469781 163313
202734 398241
52690 429622
419037 60932
512845 591009
292465 474150
328389 228460
41099 504617
430207 275937
342668 97713
170254 569776
482436 390517
573525 366205
509919 245458
28106 249870
209882 197306
147439 554245
44394 79428
25352 215270
210658 201052
244934 526340
331173 392563
108408 513311
406426 384930
48368 398479
334594 532669
482578 281140
46945 29479
61566 342969
25200 37445
504895 124138
435210 392911
87784 242237
393243 554561
349206 542125
44796 594671
322654 1696
437499 505227
547521 194003
230932 453627
392132 589959
372917 223190
354319 114805
134476 288798
330372 366938
405528 71516
325172 513832
67861 365923
132417 306947
89850 493743
82061 101869
157584 465299
178740 284179
472122 580070
32645 287428
451489 461548
545643 539120
573983 66741
246559 424250
397871 308632
415409 128504
541331 150686
494643 576673
392341 210529
231755 440445
536182 125704
497557 127098
580778 139644
525932 205434
272171 305385
381196 60227
228074 431506
188316 376376
220493 252019
31005 497858
512892 482149
562585 516635
66229 142008
48139 45999
519752 362141
584962 320629
556175 28468
436556 301571
121511 221077
218785 394697
201213 318536
485477 596580
354770 163814
345337 278193
394715 374642
325381 475324
428062 487011
347096 520761
81526 96186
358299 132633
453372 247669
517932 108832
12952 292631
138771 278777
453015 494168
124081 479593
5356 163229
190839 591694
33056 381016
569866 98189
250317 267691
388375 242164
487139 371460
521314 439779
138759 63577
576770 338779
140840 157190
402098 54612
265237 158171
322466 283765
474871 169953
271803 307429
56467 513959
264609 407357
369781 222044
488715 528437
4722 201534
89064 153897
396692 63147
166547 479688
274933 126454
12869 353367
439043 310076
155246 149889
439409 224616
333960 340796
438991 301836
259494 33095
458809 350123
162233 285153
550396 306055
237328 286130
57545 552560
258797 88352
320735 578853
597484 406039
429179 33114
265836 343175
430322 593351
374794 444214
442154 447153
73653 238320
241714 377298
44978 371329
119893 306269
548990 395044
550985 34868
365820 368888
201999 225365
129240 325723
34768 545822
412575 159009
267961 56793
142853 497288
306914 86022
372732 176436
359613 101061
465097 238316
464976 213787
54727 413653
37911 389116
507467 133592
345501 551983
465662 462631
122739 411896
16406 78212
162680 354498
422170 596469
538528 15896
320345 124527
368831 95575
437144 415051
381587 124789
77768 30712
385798 29474
382365 382171
244709 400957
50071 520957
70397 409923
284646 106765
437744 517822
432369 343948
444663 225206
340930 270193
76620 451950
493812 316565
585546 258725
43341 33076
269269 159081
324700 52538
111859 195994
87857 398959
182101 30074
532239 50050
490704 108825
501192 9063
514770 177417
89999 15926
367478 222388
219631 340837
468597 166935
11775 157372
133 232244
393489 509449
584332 299722
82809 504756
133046 454281
193164 2771
41821 503777
151214 519863
147026 479743
525782 192212
527573 339596
164566 395686
35318 211702
148095 440674
493984 473276
545290 482085
122086 82712
132810 111495
425118 382995
123613 96712
168980 98332
237446 294561
378855 147767
169941 136860
313766 379345
429741 553111
166708 64575
388288 473220
366695 73518
328045 74127
406315 421428
222444 105141
532210 333178
487700 446654
468126 230769
27505 159910
587440 192675
225867 354716
141082 546126
430999 80378
372386 555010
229567 92695
311651 112493
256379 482807
2764 441108
225122 162259
20947 460435
147310 20373
100419 453134
183398 130039
218419 271495
33854 533641
154483 214405
104352 537993
266377 379753
366455 317700
416069 25921
199450 307921
321642 453626
95936 7374
151735 359517
213587 551377
396806 256292
74470 147507
583627 127935
475926 316735
280778 82551
550056 212231
436415 539208
89383 483857
590783 176543
308158 582948
287132 414056
48686 395548
448601 402643
586965 511675
142927 180465
215643 120511
271010 295845
177779 328015
513251 233503
393425 461938
159138 54165
34278 267116
80474 373330
508549 301545
341225 291430
62528 275620
284057 6252
342410 245207
425361 423877
502939 377560
50284 452929
464673 13292
315309 306905
454758 163825
572372 494988
483360 498628
177880 167948
117365 333784
398267 131193
254878 164494
325482 336575
555117 596063
211036 235106
217302 590049
115842 583282
340336 113887
169127 577385
485997 417830
549553 429989
63514 228725
88178 228095
158090 82245
207098 592462
106888 553392
172003 470788
186052 184321
128902 312113
422033 481559
345581 217579
450173 63871
321865 86840
258540 192472
469637 201012
35509 391560
420569 90423
565980 91061
400949 559631
415920 378192
230387 501173
111452 508326
426034 119254
58762 483738
492345 506605
438256 488110
420391 15114
353488 11849
427433 549984
442574 340407
512545 196060
45869 452509
414072 88031
123882 208925
316081 416768
61833 224852
202297 550471
155110 477809
244323 518347
514582 279972
82780 207102
29253 517264
243732 106664
419545 264031
35612 36276
585880 541306
534023 117653
596405 194848
214875 95121
316683 45405
158168 419708
83738 369673
493900 402028
157567 360288
322411 339888
345030 227075
296345 597978
560124 315153
567025 419812
547558 197396
423186 306445
281005 285014
434160 443145
559405 261519
563456 367944
82218 402319
232645 313890
277920 283126
536463 390698
529697 566695
209358 243504
122676 195835
393561 290684
58659 263030
260799 340420
344983 78971
550159 511528
358021 522616
365234 42986
387762 319458
554768 299785
441896 463207
551940 218879
302687 163847
294651 478438
360836 260092
381395 350674
445785 22206
214475 484509
492084 182424
411467 582896
380373 149115
155663 201831
338612 229767
185305 59873
259509 369923
575068 42264
496313 589517
214741 592488
36811 273052
192097 85725
235998 287855
583289 235785
301326 226621
127940 377094
482490 209033
135325 550224
270944 43439
553472 240390
175837 47860
169519 508003
388664 169151
587144 213664
120642 575844
271407 514356
482110 117759
38835 524278
548250 348895
282919 44887
65345 142465
378514 508276
60344 164582
304972 209225
77398 357811
391857 513499
206921 65579
382866 238145
84254 52342
433098 514081
392823 26502
466567 355465
328201 171059
360473 505308
423928 14912
281162 41484
586572 45117
432054 422541
528615 371085
441918 22015
137675 199704
86888 274523
29551 556267
448209 496552
359816 240924
550048 79640
5681 562956
14492 564690
548577 595884
429955 9276
292160 214060
594223 61306
11832 223810
25234 338996
494853 404879
423699 321242
93220 127683
92625 120919
212806 502299
108952 397550
107062 33850
316848 29781
546062 250522
295067 302980
319942 403236
569713 451129
105227 22462
3593 467446
556649 384496
192105 315864
274180 162103
300877 548838
545486 219644
516110 71418
423351 422346
135169 288737
63518 128446
514597 63731
29877 273666
230915 292760
513863 80635
588985 137079
82886 181690
326465 79902
301298 80321
473353 267262
321289 196733
217331 216599
505486 549752
147255 67664
430959 106894
92199 269063
247167 221205
212926 172056
148203 503842
514067 222963
551649 199022
313657 371207
435248 156778
265210 421235
463075 470607
265763 485919
325653 368770
423074 60537
29075 149430
72481 76607
322798 468736
136654 275531
173138 166238
556731 553087
597674 362131
272211 172238
175412 186164
262922 332008
115816 164177
400672 537866
51027 574078
155800 275120
89460 248808
42340 372267
22128 20543
297299 190758
310889 140920
530366 354138
439099 572244
380342 175265
470310 385993
356564 313838
346446 106928
489327 117475
382812 376061
216741 364716
379308 573772
540823 320921
202608 446842
289201 110255
209336 179723
282576 661
540508 387860
480888 84099
33705 374144
276764 176107
179171 447137
523194 81294
158065 77189
377232 565015
124929 408532
243335 542229
523620 279745
187218 91812
404997 120831
127686 100336
335415 95731
515541 300134
33729 314593
199579 518979
319173 206525
329396 77665
248419 300371
387244 309216
449895 213320
512119 355298
298561 13382
292311 471450
264314 39812
258675 440424
424214 66824
28614 231689
287164 97083
2981 216640
83495 376431
13563 398714
176641 343106
147093 113118
482202 574727
479385 375972
432684 52250
394558 286705
462401 104178
63328 72241
520089 545318
400316 136210
495487 517353
548196 290446
375730 166576
50111 6195
469529 225812
340292 574593
357010 84648
503146 330718
140240 573132
223258 420714
404479 588636
458283 165678
50742 577980
474672 534256
526768 591206
565866 560184
186031 511152
61189 162962
95776 16792
571728 97258
349690 497087
124157 460188
73699 234660
518993 383125
313917 36963
531174 373412
260842 385967
111460 540682
68810 178574
65661 438657
156771 327004
314241 122393
587 577260
395939 224177
91486 470590
42797 49313
467158 96806
279081 357702
54921 17702
211874 435881
199093 20450
498258 156130
439805 263977
213551 463916
152109 476433
356279 397609
218238 584004
132793 528983
515829 105361
424839 326240
498566 561689
98228 272771
441740 281142
362263 198863
581254 323002
496272 371516
434732 498692
484779 590152
300121 329879
426061 448836
129615 467881
113377 24386
381297 424209
439050 581717
292093 209281
103083 229972
25922 371634
254782 172337
208070 286902
412453 75403
114003 467963
231966 47374
116543 213708
363853 520888
91162 455389
496544 9073
165687 85014
115315 488658
518813 369524
448819 198026
266475 599157
494120 247773
496723 428011
98422 262257
111534 574062
44271 42170
261091 436273
460488 158889
599621 481541
526468 149127
445717 349888
149429 407619
43791 224378
151365 595581
3436 203053
335706 37418
11856 446412
410351 582167
22768 211355
338321 466668
74239 430291
160290 294849
317519 304429
589754 112435
307892 291599
331234 392159
213499 460645
486127 519951
140624 548179
443430 67216
315118 423870
340119 192531
275997 573218
295166 408122
577367 117405
467808 283339
161542 65857
403711 430673
357606 288114
15279 176381
539466 91418
506580 465105
387025 536660
112278 214860
105569 387940
596810 239030
270567 597660
101460 551643
425049 48488
65557 598260
538531 426384
71390 564837
273868 294071
599384 45532
469182 549028
42292 509413
260593 104545
3395 181841
85265 143202
318400 63295
103383 114811
243434 475358
426376 94953
1812 495253
261291 11399
415427 285792
476743 256757
195672 150895
30097 51074
301312 314922
549163 196114
235968 539947
453160 355339
39111 111028
509802 62160
48490 81869
19840 393209
532227 66668
169297 359775
327142 120223
388508 319721
28546 314134
22080 506083
385950 311170
157978 225435
162629 324800
61602 121660
495611 181258
554394 369556
172245 511513
227995 498073
522419 246690
108894 307737
172417 152446
226232 297524
472482 25300
382745 20933
123389 181740
385281 463382
93391 126011
473617 452833
353719 74646
251792 172945
464706 515178
433689 264279
213037 573111
413646 540166
492049 15978
564877 16769
598345 385168
440017 595072
240951 264922
164337 236073
515085 445692
404655 274657
349054 62926
507807 206011
252431 334814
581018 443686
218635 438698
531552 495487
335159 326651
278773 446090
290905 426777
438066 488579
314329 388875
226056 168719
36329 574886
517120 295480
94613 256516
230127 254045
183133 65168
154565 278569
3979 162889
443087 430630
405609 254343
132458 388057
471523 146717
571771 560228
312581 410779
239125 211777
475891 221064
226401 509563
22738 598175
345596 143867
370402 180498
69907 285252
164749 237438
416778 278072
62632 323816
3437 395426
320565 45955
330881 76864
22958 337281
155539 547494
123557 105430
326184 490149
8899 136402
514509 514134
122618 164651
46236 135418
549265 318905
210061 247688
168322 368675
538023 362598
250312 227401
479995 458123
73315 138494
177777 200103
533041 189672
325658 530105
43794 362208
220936 394772
506092 258848
277235 382203
50092 41088
119236 72676
560061 216580
66629 370830
71548 572037
66122 88782
554826 389375
151867 447295
306257 116119
33760 196430
500754 405179
307902 410921
208329 357191
337829 195976
129204 82674
400616 455498
343325 190414
43895 64026
343307 17907
377883 52937
540945 56443
56239 581684
238347 306550
527667 261095
152909 110201
164747 436299
286755 149391
172446 468188
141570 6334
84760 527369
213304 165618
245407 263928
361471 458805
194219 66288
78296 439572
151598 576999
40836 295714
124925 262964
565788 293906
103169 290889
65803 221931
469339 548072
352137 450175
572190 95274
437964 398434
89932 319792
444824 278367
477072 52247
48334 18472
498488 422932
517925 248748
577461 161604
515786 312835
25975 195834
408784 410730
321056 576969
271561 67602
481828 126987
226354 114254
71401 242043
106177 282393
107156 588966
387462 405609
580264 450510
9871 64484
13879 188325
354583 101526
402623 95586
5730 319645
374882 378650
41931 96505
24271 490398
172757 14099
539110 447808
25801 468974
100275 438362
300152 278786
60624 284379
16179 114883
368190 235202
410839 183938
300657 358501
419443 418101
170981 302333
18604 449785
197362 160431
284273 468324
39820 16500
492055 7202
321939 206005
353643 237946
349885 205322
599383 204997
414520 77400
576597 214731
267278 103876
293997 554885
544474 175898
131656 46187
233820 229506
50554 410
439089 143598
29261 570985
74564 558177
509588 436408
497984 239051
414978 2080
370428 54603
232417 418489
207999 83166
575951 581022
103723 518762
567494 317223
281044 438443
138891 460740
158618 563553
75918 392349
588599 213373
287307 316406
163804 187039
151357 313735
521123 516348
423966 565097
541520 435947
443068 330730
395173 562937
1569 463088
193027 504440
312090 437608
401203 37221
509559 568064
110753 314339
516078 161977
551922 238498
26317 181402
177218 417521
379283 326049
268562 497880
139180 206044
337639 86289
284883 131953
224225 173896
361122 36314
250774 457705
585806 22515
578059 183018
288558 484122
433677 407954
159063 47124
516782 364095
546274 275342
556164 233072
510757 398857
168568 521952
96807 311753
235480 41148
168997 271518
568544 116631
316506 460032
55437 235406
68328 278008
150361 191267
401701 396254
450550 423837
274102 127317
301364 530087
251366 532129
375039 192402
537215 328227
428373 396790
101281 585581
270702 567399
449594 73295
532326 525152
271645 583277
220628 409940
278200 18238
544842 171470
199598 235585
58330 299743
257610 534232
438467 593418
408893 159007
402878 297249
339060 265633
44504 436478
113159 484124
61249 189949
192147 167646
7832 436502
457906 16068
535443 275379
299571 181879
32482 54778
429365 115890
345949 568492
178896 233565
408907 186625
269898 79848
431096 148769
566694 289207
118675 410360
53600 181843
78225 62734
1231 481065
526684 504163
88053 103803
189614 296303
45747 421667
562911 276544
17909 134974
190645 559478
494953 289530
342342 58910
303652 191614
326148 161626
346564 55866
219138 337055
355707 199250
586362 245096
15208 530993
570637 107907
371583 13469
342997 395471
352857 121508
10343 354127
436758 578267
324063 112764
76035 175130
59103 14311
475668 305103
524230 331062
149448 588503
364611 123617
439049 117806
62301 11543
341203 428209
214776 573860
212073 296621
258061 77909
393449 409452
87289 144200
260413 447490
194763 27083
73639 51552
236571 218177
22903 360559
387400 398714
205439 114936
64336 213290
214589 584731
513508 157048
283507 306150
34124 474645
237253 248996
66745 410176
472564 546642
313624 532871
361664 244168
465366 462917
531757 569905
128556 110387
302775 407522
524769 279286
543862 1066
130298 373616
359029 499640
80587 183209
423055 40600
70194 239527
480637 317636
497816 39157
398261 110718
307543 436216
539710 446486
229428 100481
223605 1473
363764 29421
77853 161799
241334 52164
105818 258304
460052 93066
421143 367981
111774 367628
277219 155274
448322 436488
415686 500608
549977 217688
151357 557285
50381 99740
504789 542134
90312 360649
244937 349566
546815 207383
549719 129171
176734 5746
123493 335632
26795 514
539666 314599
400272 501023
412990 521321
596512 172762
288590 406605
155116 98094
34306 427286
29990 318735
23950 169832
131762 75236
293742 205032
556740 242915
405687 176681
511450 436629
310022 573950
520651 27003
129553 167140
151180 379669
221474 148866
127661 378624
20989 222763
95010 516365
371044 93679
568793 397640
253478 11541
284234 493299
205574 279963
351820 484211
259264 423184
92127 370106
48403 244374
133781 225635
563792 153777
37757 561990
543602 495113
589296 328091
213753 249086
598454 44449
154429 351127
108488 70004
152753 326700
433304 554943
242655 109761
462693 581329
456532 77012
599393 496943
320747 196824
196759 420069
24767 49186
414173 497800
471046 511183
573844 157360
545378 520856
211290 325523
416425 548196
472306 424150
418277 330822
264171 240276
392746 154502
473188 448645
244580 383627
213609 130079
471708 550929
357083 164654
361976 531543
262770 77790
598863 368907
189013 95734
577444 419149
310254 74272
94406 194488
183278 374393
321027 588144
10436 418196
192795 149576
316388 182759
175194 163707
78200 567932
109873 287622
304314 75782
474970 258816
479226 121293
300803 143149
529912 170204
153674 474925
158831 376256
289422 73142
520686 441293
101281 193350
181626 309864
415293 195231
568585 499558
458975 112893
201683 501684
374010 341345
77746 126230
1407 282976
515518 456624
426744 103971
348634 161977
585991 104391
464724 488863
47075 264859
443125 290710
286446 539313
275314 150366
528065 149349
545354 503447
134407 270273
415094 368779
587589 482914
303956 76667
270796 412015
232301 294895
560988 429217
281995 147527
238012 108390
221 389400
253125 477303
394393 513496
325238 231675
588284 567478
120736 515617
502002 534869
460975 203027
268833 99222
378372 119381
95548 325671
182926 381589
395977 560696
568923 254816
147886 44153
150042 251489
41562 559005
470685 259978
213535 224693
352448 331198
150344 137035
238237 204602
477240 70081
457135 435508
458766 285678
50345 323443
317058 368069
499944 224184
298183 293574
551440 474221
23543 427315
224918 497117
122147 523435
274706 54504
360052 410649
350705 380884
269143 64393
576645 121676
12825 246838
431286 100600
339793 146826
281005 391055
460839 28738
303467 322963
102208 392529
463304 297885
259957 551277
510162 495816
572732 335351
59358 378543
30875 505455
164688 41153
485939 552640
140626 130052
499141 585494
518007 289971
316720 491561
402817 237569
379666 251905
181855 289747
262910 136023
248446 565996
370645 306775
584042 591530
311300 314823
275713 356337
46675 336600
185070 206260
479380 279793
364574 120088
378884 473834
80496 139293
440830 520598
64147 417261
552422 167438
332621 231272
188909 329464
585829 526866
306411 563994
526936 464228
577248 153147
522608 238208
393435 495342
566051 393045
128862 495913
150956 307730
370805 408104
202545 226419
157820 382083
221242 476326
158227 168857
8046 121039
359716 50375
449407 488461
347481 179923
577061 43633
272848 116518
436551 464843
538173 562956
303620 492812
551926 539293
107445 544418
229008 222787
277391 533730
290602 465856
124518 333477
144603 2368
486118 207439
347479 268880
578780 153146
506709 386630
38740 574401
388183 532737
160787 481371
123269 299448
275267 527370
463978 461185
530189 339415
303345 109003
541878 291662
527497 2373
73777 269776
193561 377600
406457 8020
510379 85617
528987 533093
209750 580107
313329 459417
571545 490788
516862 142946
387897 97616
535425 509931
99858 32276
82363 98642
297416 572569
54384 56089
35123 170322
82602 469017
363577 304930
298344 467556
292476 588773
319233 315493
275238 64332
225441 240545
249063 410614
150505 434528
310307 384918
415725 168651
92454 468720
110176 258436
36171 544345
356507 559648
412589 485814
132803 368538
477353 281951
239881 416634
118017 525023
486720 60336
471242 532475
25680 485511
486234 448348
421998 13755
511887 436207
473732 1572
461832 458159
584013 275062
532351 340970
572560 567058
157173 472377
60231 97225
231441 356947
182399 577480
430479 210887
105176 371755
428147 530674
519395 291300
89080 591278
41354 451461
23205 88378
358713 367761
207034 172180
486469 192232
241269 522605
241522 528375
315393 150530
271835 375858
478479 514137
260476 553894
461643 50400
279087 510168
49938 403236
348766 33711
309453 507153
597749 323380
572396 152826
111689 502821
522135 151442
204447 40073
373991 221690
101690 345201
549058 302700
95394 586313
597622 587310
309481 410898
277045 534674
371547 179068
46135 267938
413633 195951
125277 543334
345209 187733
484946 532246
395257 219406
256768 59953
214308 428745
283298 409065
528611 268401
1279 523382
344402 207155
221051 442185
12456 555923
529028 215207
316391 59253
506552 470102
500709 138190
240147 188414
201071 399662
78211 67193
7543 308310
319031 211117
539653 79448
279437 361331
292632 457544
151158 137308
586808 99754
14826 182807
342968 2729
128145 334818
161841 189734
301167 412074
69625 417737
436102 469015
390351 169962
242944 100271
532284 545977
299249 16296
365104 361727
4402 178705
298560 338090
76244 79443
324959 277809
81496 267337
25964 487858
292117 300458
61272 577641
189048 15783
450342 213952
350633 39832
444584 302632
59657 362255
163563 255367
574092 197177
160864 215407
594844 433617
224458 50002
6591 125914
29031 117212
530649 28487
102211 42544
97733 473310
412699 195710
485736 430689
215785 63695
364926 340289
550675 536321
274059 173364
575383 89969
319961 436088
137137 139270
310129 210230
45481 201177
178839 11858
452572 199522
462262 371859
242401 479692
459569 75341
579223 576690
436699 482200
387073 300694
582598 391087
273925 235852
155410 356898
29881 431982
58984 149264
496376 565431
277145 31131
347863 224958
119916 475062
123905 421168
79836 352866
318219 180740
151921 195983
9443 465759
595379 321738
256465 408105
104825 111556
261722 255541
553276 351485
390057 406858
433469 15032
308355 72799
448984 58182
220280 223161
284607 158010
469318 155167
466391 592286
452795 274721
369837 280360
85133 544935
507093 96517
171142 277228
171588 286850
545031 460552
173565 21753
548010 53675
333235 527803
165034 502309
332889 521846
83143 376308
579413 169208
434733 568680
559119 487628
447929 366368
301888 386384
28721 212833
443798 473919
595765 533465
484707 437176
33214 578848
572276 265106
498622 355120
399322 76213
542476 299212
183687 428911
239592 21339
549839 217197
309449 373059
14985 578052
545576 173390
340332 170024
147890 540519
323080 346042
565474 426887
23073 426797
503307 585772
120181 203968
306750 551202
399530 513030
411756 472235
532169 536250
338180 150155
61794 334550
359758 312382
451373 406270
106055 536995
524122 418986
175777 215132
76567 526107
298722 379181
194049 475421
316364 75745
402323 597390
81576 58830
308910 501680
205249 566260
229550 319737
191284 324459
281191 309452
516568 555082
258731 57386
281734 397558
558802 417831
263405 458475
441686 592135
187393 50499
195971 254014
146967 91917
117385 463519
346051 384579
167947 97013
403190 489071
596047 42885
327646 74890
40778 31738
147252 225472
493403 287160
226032 354854
212268 317631
494151 489926
388127 576488
144600 581494
83192 497370
399965 506271
159700 339084
454412 484356
202302 571113
437293 226438
400243 399701
410788 274728
479071 478713
222365 284727
234117 451837
141821 39701
214694 376399
44697 259856
213372 30413
417356 221194
66419 277973
469000 368766
514706 279948
234318 221249
449999 121772
178022 494861
91387 592213
359342 175130
181859 550810
88044 400132
504543 353751
451098 3361
395570 304153
319457 375678
238251 204399
15571 582489
384120 73343
477671 240170
17074 352906
432374 319965
431673 480733
579810 581790
391902 276920
487831 358991
134468 36007
141759 225934
67917 454918
460583 258279
99057 594190
186895 127398
575089 157105
102744 539558
368720 436849
149751 513748
106077 490668
374433 166140
172996 63402
5676 130337
17795 143755
256150 581299
48413 92256
36358 141904
363755 27207
161948 314836
441425 281619
117901 276198
527795 531550
360724 538916
456906 304790
539054 265418
179901 33213
540627 482303
290559 363563
140497 462335
371030 368714
381588 136650
46544 164742
23803 33764
61581 218088
146664 477058
558587 429413
87719 257817
122351 150326
391602 420916
199079 53895
284026 227624
240091 407254
448847 585153
364831 19935
105640 220771
171307 138086
124707 233373
359431 547551
420184 432880
52142 533506
175820 489805
44492 335997
468277 298805
561209 483554
55908 556798
79256 577804
175596 511739
213043 145142
220614 61984
510726 545781
553981 278013
63517 433049
382654 471838
167887 139207
214679 302312
557309 147963
345854 196738
588863 24153
284321 248021
263650 571992
529586 576842
342656 324736
395927 55514
585356 301986
118557 407323
192134 324069
308773 262802
505188 126471
37961 590805
548859 40198
12781 515856
184500 570710
482473 481751
462325 499015
231161 9986
486827 172205
499112 223256
167976 555323
104483 405827
449198 332121
291393 192057
279051 106661
390587 187282
70876 128457
244832 504711
233176 290544
467594 265241
29708 451706
207089 421875
76617 135682
543389 237962
29608 176412
182202 274698
399191 49505
560358 549933
206521 565905
329454 345202
449206 234492
192335 507520
36878 65277
542327 23133
514299 385283
303069 547923
509485 311938
343754 594631
202921 509288
491602 523412
207163 270513
227445 359900
215863 193710
245272 209871
439117 455664
430370 426001
464189 244274
198681 561786
36990 248943
196601 368686
285791 220951
313293 373442
208126 537034
108497 291409
160944 566429
254575 277638
426042 46280
325770 284498
448622 565422
160910 412095
526501 95233
7611 548836
18726 121235
93371 164050
342366 575216
133129 142652
274223 405474
441894 65832
374034 275816
492127 33811
189297 537151
122286 559811
414012 304452
329694 356399
305073 555879
463968 55745
387441 253732
323839 176444
399733 178146
40168 410621
256233 407766
415998 161146
39838 482623
76315 105169
95277 274201
138633 537511
239854 348870
599535 595827
165373 555309
108708 594240
46667 314665
585140 592253
384335 19901
503320 301319
256612 198262
577437 596833
237161 111566
402824 508165
9837 430781
273063 251580
350880 310675
77913 35028
267157 402676
598156 239291
165475 500609
203354 316603
339368 374825
189401 45780
38807 164925
78261 269781
582478 526590
307340 562072
269032 337523
278733 437608
192178 570225
29448 24620
55145 430513
130792 431790
591493 423300
419490 165223
541040 31823
101417 235841
429871 525577
483738 283586
84232 488784
559858 330908
206962 107222
288792 182048
456788 364554
563395 565272
348566 360501
129086 567366
464500 209216
39552 16521
12063 493401
301069 402014
341084 432013
212628 32874
82161 167195
11136 596398
575822 386614
390676 120682
10869 240517
237934 221428
182461 150056
187782 92540
224981 458759
538061 46613
202251 406179
136870 325276
595705 481376
24956 296101
398761 449538
230331 24934
216772 534961
441849 501907
502680 15580
412657 586028
335471 349986
368576 260776
468583 139325
109956 455318
258474 446729
377008 362905
153189 596953
586795 233795
582907 61620
427769 591852
332043 364616
30647 147797
574185 289086
66044 302009
472287 570639
177123 229852
162845 3120
374487 476520
214300 372670
529348 356438
83605 467116
278189 359138
7458 246260
43986 15889
465973 81815
130457 208889
362922 546900
327614 302292
467753 398207
537539 251096
388704 186368
251694 82506
247859 524382
140015 9119
351009 536301
240757 328945
51152 147141
90557 292138
258966 355319
491109 235849
410636 77461
580835 348468
405107 474565
591406 284375
85188 13807
131640 160759
73388 101910
370859 387015
477882 438067
440136 577550
247809 421956
325471 452831
481158 320373
234577 172529
163280 186881
596236 41054
474003 378290
586179 515737
538706 217336
145419 527289
419868 346203
463805 550061
398632 50333
562239 18722
490714 571630
206178 163085
559275 387478
537161 260077
404493 305231
541504 116880
164450 147244
576501 395336
95500 442863
415314 317758
162157 506052
309142 457233
446371 75582
175499 255323
6448 86152
217890 46943
261546 116907
79893 233733
521066 119563
64720 30067
594103 461268
583858 323899
434904 538862
485806 393600
297280 122630
103442 180977
517203 263836
267502 6934
93667 291994
192574 553326
59857 504607
293261 23607
495217 4302
118037 262169
60536 430321
8430 462408
412720 31353
68993 323879
197961 46890
50620 386027
109672 280224
26908 464848
343704 168965
574508 312478
535363 12686
181566 314018
571566 105074
100139 159529
415290 55627
420792 57509
197928 153626
470495 72215
261300 151749
564952 353142
83625 107186
320115 499345
321585 331559
8354 396771
261986 82013
432483 278043
459547 99373
395077 388895
359370 119928
8622 337394
322976 323087
429660 555729
183628 433658
143618 357965
449348 393557
207351 80518
38910 207850
49432 218125
156241 157817
436426 30327
445065 41147
327741 461286
476054 186154
205123 122438
219070 258111
349944 451107
117739 181113
166086 304419
526740 562768
229188 305423
256157 137630
135705 413605
196968 587212
516375 553809
392345 489769
446531 343882
541874 174921
235810 250824
465617 65724
496738 181026
247386 119621
61474 279067
251560 458131
556924 544895
536752 327338
473134 163280
133693 288649
30757 567857
420199 246979
195234 47772
119630 338703
230654 79029
64931 256406
109289 112910
520752 28914
570006 507886
553406 133142
592318 524149
126827 128854
304784 93777
106494 551269
305069 95720
236179 111846
407558 238995
72581 401825
291404 64234
253997 493904
85329 454832
117532 276085
579238 84003
188110 371388
274752 5903
427675 322677
232788 263156
121677 248370
389868 290829
593598 483950
366389 543712
276655 64819
584660 509328
342016 382861
272147 91105
262471 109910
171195 62914
262934 447162
255694 53476
295337 342719
48637 177124
74283 338890
562960 352626
192069 169980
366450 246562
501183 28643
218397 339636
286526 308423
168758 369930
527088 267492
147668 289712
34904 459478
87978 542553
321687 90108
457298 184677
188801 464553
417905 300271
422425 333863
357699 479452
230451 586043
458116 317630
557447 45258
7119 3218
331026 427702
523169 292675
40025 66927
340247 155841
562426 581798
204466 130010
38908 450722
533204 34687
205247 468702
139730 590412
496920 248439
46908 254758
159425 313813
86609 482862
243159 267418
18946 267265
44852 259132
192600 123695
45005 19047
542068 522287
562658 368246
324367 473784
555370 562469
438343 192740
309197 203143
130127 151217
409228 566776
93805 263412
294337 232713
573284 244143
434941 595423
560642 313807
9243 77707
127067 395136
186469 12027
40395 362382
492473 287556
367772 343091
238521 562746
589193 424508
203655 391557
401361 550665
107659 84093
239051 465366
113380 162888
184954 65045
2857 142310
477941 593944
161839 499022
525672 129769
518417 238641
501595 334509
409585 445758
403060 180493
555960 407038
201345 541847
285931 405906
413412 187817
329502 453995
520050 517002
349474 244306
347229 241104
494025 369389
243499 20245
479522 387207
379840 353519
560736 461227
390276 359308
99113 173745
91413 220547
565197 547515
594237 319671
359021 249518
163253 505491
577785 383193
73090 88125
395981 278236
404145 73293
580818 368491
350289 284887
357880 491451
212953 58838
218667 170251
422997 316152
411621 598832
425702 570930
25423 550123
460793 461009
244527 400989
106224 256098
50804 146564
334546 450349
72561 319167
461758 536970
460929 491586
106736 349750
81088 555589
297266 22521
47212 269450
203435 161301
567716 436609
579678 296882
588753 492562
585014 423805
83787 448580
130768 321445
560269 519400
552676 567244
62397 402299
27151 269367
347195 260594
162745 260903
500655 17209
401034 63408
350847 530910
422408 341177
141477 532917
520354 299537
109372 175371
163736 101565
100566 156331
507347 572676
488890 362898
360456 208184
306002 22517
174158 90679
96016 113938
318223 41543
42074 21380
247155 80668
149865 501799
316130 50390
217138 26299
387968 513395
512406 134149
485454 532041
73923 489033
422494 282588
569929 394751
253470 570333
521701 421097
319616 475457
22982 127834
87767 40331
458243 149895
549042 541471
314500 347321
296846 207749
270872 162756
535818 206507
398243 533981
188922 541956
426265 586127
90089 574536
58697 284428
116120 295567
108921 411174
390320 36531
593118 185625
242736 158153
17067 482117
114347 117779
592512 418856
534740 482270
44665 293875
478844 427739
574807 438563
144454 494074
227093 595897
404146 367872
12362 545919
316930 76327
403885 134162
79763 592011
266509 504625
515288 535936
415801 261637
344219 226660
132716 4906
171728 567691
332540 524697
489437 105612
177573 494450
151746 282172
133910 184256
447594 567243
33842 461413
262453 143668
220733 80901
263214 208267
431979 372430
353600 7624
114897 168500
461425 376214
60828 323813
452138 557325
64937 507670
27912 586557
55624 514462
2426 60443
168266 483001
503988 286741
302588 286615
69386 510794
24845 263926
293987 307499
581385 388059
519161 338625
82855 232890
330186 147883
475407 300825
137824 446836
253477 405615
558487 185574
542614 388848
565137 359837
372599 373175
460587 315620
550229 482464
436510 92203
411568 276975
432792 465917
100007 288821
70586 461774
510033 177016
257269 395468
505024 224168
434986 367401
7674 85131
37809 83745
12382 354104
316093 126177
99973 328065
223002 323367
159196 282359
376462 492372
88307 27985
278078 368827
318020 268877
381899 124770
257297 318509
140848 222530
353033 301669
316865 388972
234066 101828
84285 401420
573639 300327
109682 38397
216879 279473
235076 457160
302411 557720
455447 336079
70179 463589
14951 149014
344111 330959
162255 18499
588446 539667
62318 332224
349604 361415
369216 304031
561732 85090
321196 332296
477170 431769
64116 82973
113806 312768
16125 192416
3175 170260
128076 318411
596156 445977
78891 563125
221580 512243
117924 215972
334120 388623
368358 589004
115268 538626
79340 105618
43482 177912
548299 146967
557337 286519
162570 17237
68946 302129
466241 577413
69981 314692
369685 108428
553791 191386
298214 4303
229184 179049
128232 109651
54704 286138
197645 176689
195629 16235
477334 187613
265077 387322
492497 320355
251344 275009
495926 491301
383221 77656
116744 521363
148484 484791
108341 345925
8316 304290
86313 61704
512729 477714
294315 271773
481809 518718
217575 492970
480013 185550
238511 60143
262449 383326
279667 463034
324670 597370
371700 136603
502875 17008
205234 486147
348919 549928
241609 338249
516117 282572
148117 301340
297830 459562
541576 501984
369390 181213
358152 328404
184317 104925
409881 446809
129348 493416
411257 534443
440177 286415
572002 459436
441077 539475
417570 422235
546405 427044
389909 214627
262530 477917
234809 424441
183238 438912
249026 594896
498117 519808
11551 324340
47663 566416
395257 386371
313304 119619
460871 381284
401074 205130
325491 236854
593328 511971
446413 521047
360978 380975
70359 441338
204455 543040
292440 329075
471158 486084
442833 183517
528600 541772
33649 562240
207469 217953
213379 226646
569074 131792
74367 366846
337057 597637
89386 382352
501728 328106
200337 21135
338302 326257
587670 105991
126574 530195
181833 166797
89503 191110
497637 549289
486583 127651
146696 107421
454942 5894
355612 236597
22561 451981
509947 313571
398664 120295
88531 422214
466568 106505
93824 528810
545930 119093
532533 443230
507362 321294
197343 171000
14614 444788
405396 269835
579011 97341
94749 477840
498104 175451
144278 151131
213301 225491
292939 473075
144986 399707
167512 506548
68353 598263
348458 306222
24073 137544
37850 558587
117503 489118
389663 47973
546349 67541
514278 298827
453812 213807
438542 440730
546822 261353
134488 488893
371401 391618
284877 546809
442629 386193
502253 96174
532169 285093
139993 82051
43003 148424
72310 196233
445039 539356
110428 134561
356193 439800
178669 256834
185841 538804
553887 594669
267034 587878
450613 441896
195334 165633
234276 434645
123562 533317
598802 569626
44004 451034
334865 260807
553694 333533
574341 32281
190632 424422
45970 155169
234007 136699
305963 303025
78494 586927
372331 133171
328994 398105
522531 311585
106272 112750
192573 537280
22372 38065
304775 149398
32702 108278
521297 28149
221170 225496
233180 517473
283784 476724
236861 117238
436199 32537
68035 183579
199174 462726
503833 323443
272151 116146
87934 538060
537668 46193
543383 85150
12147 472287
410662 77088
73722 566994
106283 201843
587076 129788
549108 247359
276432 546106
182939 312280
84530 247618
315412 223641
350187 204123
345916 206546
364625 454989
485974 582647
580432 441274
489357 591563
379246 77755
96801 124728
223758 269659
267838 298521
196963 85807
300292 557693
257079 502315
14155 247498
357821 374697
435919 154157
284877 252590
345208 251436
468370 93961
136185 259825
198079 595308
124495 167457
253165 402432
272853 205229
465430 511100
66916 295931
77559 362711
403368 138718
95557 524342
194669 445668
431776 161880
555884 436455
525508 282621
157564 449547
52137 220765
540151 347064
390221 127686
191554 111896
460979 421629
528063 130384
236044 156446
235881 406481
210490 467311
320995 337696
182087 16561
198839 92681
64125 109010
110394 469062
63349 587178
334602 185834
88251 108688
516226 593102
179982 65475
449554 400584
195367 291886
107462 564713
306512 181993
542257 363677
269722 591987
161890 348389
555387 448382
280314 24325
78705 283769
196279 595346
157156 105632
555902 551260
22800 577195
557857 228018
187968 363133
104948 137490
53322 241398
247026 168220
402639 466817
278867 15863
110949 515395
242733 520209
520750 508506
510131 252833
440146 293868
477430 486607
23131 448480
118764 290553
26452 497255
340844 183387
325860 29643
67200 252911
90954 350441
431770 458534
364555 128744
109737 433755
192627 578579
276449 198792
156473 414497
171424 225919
260476 471069
128574 1667
346801 529448
97023 158037
533478 215150
236303 48390
521241 460727
165080 585759
366132 338030
522745 470217
463324 430405
186952 469537
496008 222741
249127 456529
153482 116700
33576 584423
293247 506131
