2671
241 1607
105731 15890
57497 325398
821747 429068
83999 636984
253416 679132
771237 252115
149194 436374
271464 310426
775400 174264
173241 536553
312262 772840
725289 581528
680991 475433
393459 387973
767019 738342
815230 559778
262679 347156
349601 310128
635740 761503
424695 712423
691613 524605
394233 210515
138075 524282
741191 358587
582925 684909
350505 338613
806940 68564
470346 489329
750609 338491
330629 809934
825696 82392
51898 580944
782135 267779
20931 280428
848644 386492
508839 730322
87982 646376
191679 522624
801744 587723
459873 607334
513732 323488
568879 383186
774251 807767
222415 95853
40352 486644
804523 299161
243494 102553
639469 487311
72145 124465
436912 223084
596294 392846
650294 440785
799159 530011
388830 236406
176338 150697
582655 754251
577579 17484
103345 662848
607578 814578
848074 750572
552546 148492
751914 171081
519280 170451
228084 349571
557831 819111
8530 14162
636832 275958
514777 228765
737291 121338
649167 487511
622915 491859
250326 812084
292260 495767
493309 392182
652261 451547
515006 500844
112642 833200
603158 848833
186925 645722
495781 81488
769022 489379
36425 635652
331642 712080
761396 119507
309425 724688
280722 262763
505849 218095
191203 529583
454177 118588
744828 54267
710788 50481
341669 794973
794109 573163
254471 50453
427560 658003
671506 483354
718474 285261
712100 753619
795369 650080
267930 120069
18263 348118
477789 424790
10609 848375
713218 559140
747184 681732
124469 262318
352278 3549
69962 113483
309361 436819
678526 416339
100861 68488
494438 207464
303264 701491
726984 252873
329856 353880
660553 278133
195731 283645
502917 831959
309525 662176
23928 723267
768094 543198
400614 168137
359835 651424
314324 177387
792018 356411
377450 68228
176972 781170
128955 143927
535689 455593
192434 10938
608725 669717
135619 258725
459229 204411
554706 516847
693741 517036
21123 431193
164103 358760
432333 121625
647584 271350
735453 114106
525298 16108
134716 522189
777325 669549
213193 177711
724566 506507
246541 621776
199115 485504
1368 435194
489911 164942
732661 215527
305500 413178
272198 511082
803862 265524
361058 202321
814275 260689
493286 167113
582777 696734
682527 838880
514794 760433
740495 175642
138381 354095
385939 555722
378229 218361
796980 214613
266477 416024
410566 399066
173364 93738
240606 431165
171606 476998
309694 129766
817403 413911
609515 475622
767576 286882
85444 385498
586661 390247
287012 633786
671810 445078
353389 89073
567527 214708
358203 576509
785897 70644
177874 580435
531077 842950
67758 178967
372928 473345
208236 685371
185456 321972
121182 842301
53167 70304
179253 32043
485470 413999
728354 343356
511850 708988
217368 783738
332180 181629
67922 170706
429182 593600
278414 59806
252230 357355
391847 729030
229874 771234
57293 533592
168227 268973
189546 456209
75156 108490
470387 741495
368823 366265
141831 765933
56740 66930
684758 688973
364008 143664
91156 755135
410671 552173
278704 801838
597038 549051
151639 126849
331832 489322
303531 119438
549145 712626
321946 472216
392435 315262
216341 367844
704655 192232
835464 565432
584728 796287
375915 811244
645251 815429
584325 397846
830928 130632
312585 360439
459796 321125
742425 70428
159224 278126
136837 725403
674694 623857
439435 231521
721361 44529
823988 513601
671939 189320
412398 828998
239851 236241
481334 397231
388579 743736
7093 61161
603657 624950
324261 268158
402630 495590
338473 34407
656064 481401
334458 17084
755399 776931
85884 190224
492773 24946
751776 636093
525702 496573
639491 92566
309250 394627
95363 312022
625428 564720
457518 541917
214871 691796
253535 141629
75577 607321
834875 746039
525875 619395
210237 782084
225221 90008
356322 745710
300222 540652
468327 563158
492753 87070
602998 276028
619877 743712
606967 136970
115378 322283
71019 240933
556493 121869
682546 329290
273174 95867
822939 649604
521183 350685
658669 305019
9282 96270
479193 60181
132909 683271
348907 539252
149143 512949
47463 560332
625947 490285
72872 663672
638714 371288
747887 393527
61400 425236
114938 238874
595337 770423
780043 370188
495550 794071
725690 94790
786271 274307
588215 108667
27967 589592
403092 350455
755142 484367
560330 478537
190910 756147
131463 136104
258658 5578
253980 684227
96154 359528
183280 206535
227210 608086
235028 270502
23597 150590
276713 651608
135966 608722
531758 280646
486105 648571
231799 477106
342683 277772
202080 212211
512127 233588
76281 668057
562216 653289
260920 164487
95974 536947
669019 582654
554149 201311
245341 578859
227927 522083
770273 72651
597906 628354
181933 191204
436082 167905
343171 362936
414583 666762
797882 103485
183115 214351
256250 233474
545403 744211
637831 228297
248042 419340
817002 221719
273219 510420
833087 817010
405758 761521
274650 446199
15854 649115
663252 417862
61621 425185
823046 716479
34286 803331
410102 455633
593003 279627
241607 597139
598131 677796
330099 626264
648808 324506
462266 42638
18739 725236
175986 239132
458262 789877
530302 118598
251554 579661
95664 286979
282469 667804
484161 230068
745686 114513
459190 825810
181405 802411
773283 520502
426643 198011
811361 249355
745510 183999
537815 271894
622911 115653
628760 51727
606264 215704
259799 793395
820592 793473
438932 408355
514034 627321
309483 60204
196101 329389
459892 99751
243580 386217
277243 212684
845687 624148
787624 770038
703852 773548
628503 75387
478355 797521
558548 431266
212520 561631
278115 738090
246820 546005
555860 307971
580472 691001
190514 343996
77311 263887
509571 657448
162629 419666
777318 219552
623524 177880
718389 23407
155804 145316
723219 382883
650627 429594
436252 761961
656204 463188
268961 163557
64717 393637
634153 762164
117335 490704
443007 359663
404042 757251
848594 382384
227390 393056
596014 651591
40924 279939
522244 714495
78893 266520
421678 787140
578854 494882
79825 376023
546182 222582
558315 505947
294504 805535
270285 824026
669366 37521
471061 51632
789226 416315
313859 144807
654840 265579
545689 615052
409091 479625
484055 558665
838393 201971
75555 322585
126843 521846
754010 627015
595438 206968
510697 428421
446248 497586
506480 210001
269527 506461
341396 303036
111411 271055
772192 519120
102715 145566
507502 569020
37433 301040
429228 374597
460375 303669
592199 641882
519104 618515
704029 337946
460549 347265
190477 360057
296473 195991
275583 438982
610045 254513
670826 479249
348093 817191
299537 534835
192589 421488
410870 46035
592285 472524
156856 485162
56979 236926
251325 824894
480459 30218
307214 669971
642612 281025
468287 417266
220375 391581
224980 324063
35545 801290
97771 486783
592330 293598
491826 283513
689809 26800
6307 24252
666149 362887
144356 467793
444253 252366
446289 83614
265826 791550
457119 339345
811690 477263
501008 500161
719344 617878
685466 8988
789274 657833
680865 471138
470893 324663
257518 305940
596277 177612
827690 612107
824340 709587
798160 326815
363499 692567
582082 331012
200242 633182
284402 803614
344837 753399
664864 368138
230536 97353
190483 517374
767722 46092
66398 182285
36354 516380
702191 717074
491242 189552
720960 420999
817938 424697
519820 417429
188231 78659
482051 509682
355445 289118
327171 480956
313033 307746
649958 492805
722210 730156
315645 448094
460035 522364
518994 325172
549266 274796
38160 247353
39020 521241
37771 822197
658367 65112
777809 670678
26605 257333
665982 576501
270777 592878
319369 529860
246809 13390
454178 816792
589399 45745
372775 539262
750670 302290
305592 329047
517863 768705
208641 608352
590301 256301
478824 828262
834818 493251
553336 70052
304097 445143
293091 644855
58831 484433
545260 752562
116270 727954
239668 731413
550108 547441
642587 158985
343489 166620
752201 521068
762984 344608
297996 541625
197714 746985
589560 42028
817408 806934
70216 292181
115763 315889
136796 13945
6083 566073
73810 146373
596215 14225
598137 480557
366359 62192
326879 640920
343583 607073
813967 428564
743320 55318
710587 657458
839578 744054
465589 425291
283607 196925
87079 366312
225302 196964
420559 203070
261289 732286
357200 547456
776676 643255
643923 161759
845374 55133
426957 748629
127148 560325
451414 603360
14091 350525
808924 312861
632471 683542
234127 705743
431323 131063
667754 774320
247024 391468
104953 247133
176769 637209
279158 740324
704684 437506
463312 762769
668567 638628
152492 371097
545177 516467
519882 655280
768202 660846
672177 832831
85221 446852
114513 653036
133457 760580
87059 792576
209314 53463
570652 435695
351778 593093
265496 508818
654872 726998
328068 315593
353522 123785
400028 337330
690591 268388
692217 680588
607399 54527
532017 68673
732436 71126
549064 128986
322261 627170
411421 789668
491815 4467
752881 585525
714237 702480
622835 351831
190395 95149
693367 33912
299802 414938
244559 834488
256062 626656
402298 678926
19100 480907
388708 639598
585229 125931
646277 716242
32036 782641
356538 534296
56933 461507
638236 17719
427735 538917
689543 519878
696154 516900
11669 203129
21416 109619
554464 748212
424054 247310
358918 607857
655837 128963
236182 837851
283858 630854
531917 431266
215852 832212
241282 721527
715726 833959
348319 490262
622806 423598
600331 225777
438061 376527
64506 186059
416292 516880
770945 32917
174472 241374
454041 184833
12598 514594
114408 22724
654892 252022
141096 843147
278893 527601
531806 274243
584791 702324
81518 619312
561915 330786
801088 222855
735827 748880
598815 260688
107381 598279
475195 848562
375038 435951
546517 385629
174083 632508
58655 6189
598951 315767
702644 341566
435981 88328
72767 269092
6870 418982
229674 575017
174777 317473
848158 161018
337626 589689
500134 432775
793996 286295
271451 308942
162456 770988
132945 258947
476876 134687
559531 826863
547370 398725
478663 10187
404842 347025
301778 721801
610094 800960
115378 239675
142943 218326
7178 662284
600526 521499
590089 239658
657511 260445
176265 747672
375390 712896
12736 320819
346726 649226
692449 161226
49339 770313
372884 133127
80244 155955
665795 389107
707554 627824
29232 30355
204826 587747
352294 293416
194285 105509
409085 482760
673235 18611
373290 371569
44200 516346
109035 771033
417658 720219
767381 375480
187793 31434
18765 151870
140783 517266
664131 818961
370793 125932
302623 74333
94584 727021
21709 300555
535662 272576
761432 151746
105045 819150
764089 614292
471108 731988
337392 616886
69611 313936
9073 2547
282178 846760
588761 178948
162310 158655
718830 130022
341266 346793
761129 842387
637802 16918
251038 699000
122867 23904
389275 30817
680060 598351
227674 183343
667236 245810
563087 243897
243183 776409
253120 741734
419788 726346
641596 800160
116590 429954
643083 710408
810026 415798
353440 588486
779107 833345
674248 673973
517556 425473
125903 550236
347814 668076
197186 305085
322915 559697
448518 52400
465409 70754
146845 226413
808398 85420
816288 611731
4531 479496
218076 305608
379370 433549
513691 285573
373674 496969
44000 170512
530958 596903
786809 436411
678906 329299
347801 242280
746906 744018
494224 402314
745848 723686
840775 728966
69305 435883
806873 358173
9233 776472
25331 27115
198908 93607
256768 80592
194846 49086
149428 133632
419178 205138
138605 33453
224181 560931
371912 330340
405634 257129
822191 403633
459551 558394
596542 341362
334432 518005
539907 668217
509608 38196
598714 819773
506243 41440
216674 704401
60923 31896
676455 814282
708682 653417
845338 715359
49692 62390
684309 336403
110547 830123
449408 578037
100727 68284
321290 598006
343284 737665
102207 169639
16904 682067
208181 420734
841256 794400
51244 507531
610660 783310
622442 540649
433246 716873
752273 660043
555082 48629
826749 117812
570507 614896
239271 379315
635958 99977
212167 40021
728719 34927
737484 563650
443353 834811
462709 263484
207509 248089
56210 489440
531079 163006
795447 28733
81366 709836
238218 384236
746713 210880
75842 489268
87524 310658
123471 42468
715909 678499
833887 420109
237308 226751
278835 175624
47150 8007
119691 273798
733225 587267
774421 355377
460588 17172
212043 241449
457733 717141
283641 542553
446738 473889
303418 427009
845653 111253
817078 287534
232214 361828
219371 96112
688870 838532
780110 410385
827067 691244
784760 313511
343036 415379
495754 553410
426376 731103
24988 724603
443395 741667
720244 707062
81920 731256
840061 121313
585030 664747
384505 295706
644264 561022
499982 485243
742118 591236
785839 689550
590014 525640
256388 335916
214139 489433
428662 324523
829645 271597
443969 172408
498543 702626
636483 357738
587558 714294
421739 164095
701049 644005
762000 243377
642389 244887
181773 45340
521922 415541
691164 356402
672538 221221
595742 757067
743786 250167
496540 804440
528462 76353
86932 68258
724171 124279
559247 616384
240614 233475
54682 315074
523030 636824
535414 643758
622666 630216
602734 183097
31442 60719
793313 635700
471635 42063
14035 551582
613203 421157
179344 699374
487762 677769
520250 80464
250866 788939
90048 369764
236014 699694
685262 676229
162895 2929
374097 520229
750875 735638
332183 533643
835562 667416
435175 296274
561314 333810
350664 772821
443693 262755
832592 752179
325164 97457
588221 34446
806383 768877
94080 611001
40273 31935
103031 553759
82752 705185
530223 629835
107488 64594
45545 567972
610177 447088
255811 21672
573157 308872
430237 724810
676211 748953
451742 59364
372372 641725
192843 182816
545464 416011
569673 400784
339685 477777
96476 811927
552587 139437
513486 170446
483641 767684
558001 787389
358963 293492
251320 205674
674666 398798
230535 387137
468334 322446
824784 373491
363964 540713
773740 231351
494639 490765
208129 783135
424026 53323
743307 259584
518017 770851
477118 746410
34633 779465
57533 14795
726690 839317
274194 10121
171114 616082
690372 617072
127962 331868
9579 673667
681400 827798
301853 383007
295453 142738
328405 549384
279863 591523
100071 770424
209612 270578
380889 95934
85222 601843
537566 358485
705894 724443
177778 306677
384006 162238
21158 262624
755610 468323
673541 13866
59459 225294
453915 182847
668040 460772
649742 488359
72416 329134
553830 455522
468759 138067
196064 709056
530501 716674
750277 643488
68412 367525
467164 52309
455425 432890
300485 227214
373209 177206
444538 138665
9866 685606
544969 180777
166945 516291
774492 52834
238897 584399
776530 591268
318561 747557
799643 331457
487794 221078
671079 7588
489592 518172
326073 707416
617069 322841
405643 614444
46619 691787
688515 442593
784825 198882
50674 588655
619831 681207
572377 265749
197007 272716
764531 13242
290309 427894
112574 505558
364497 249213
124051 280865
514827 449033
624130 758332
360205 821765
653923 331655
272922 793025
824478 110192
653732 227200
515593 582415
78504 306719
142022 283874
674890 772448
4188 131065
355924 66335
228515 40374
627261 435776
251604 7220
801530 245465
441033 423233
777151 318359
702394 39718
697269 446413
733014 603299
536448 622240
42888 300893
812270 557850
124399 389813
24925 538191
577535 684659
385187 840369
470025 563260
420055 142297
325488 622180
742317 397181
158093 186464
786538 552681
631621 749193
602902 122940
169317 760757
616540 136495
212004 33351
305707 234651
411456 330529
459422 254386
699997 736497
717535 462571
504756 300107
313788 793700
217721 443528
375230 533505
483199 549501
324548 97678
169931 809157
222820 846765
304195 669788
377419 666406
300901 84136
597653 24699
805586 283900
566287 817288
685236 384726
244788 789769
384398 720737
150362 311823
825088 796404
672843 253360
407652 569833
453801 345120
661010 352242
334433 236390
742204 39811
787711 537073
233106 273073
117505 27074
706994 272685
401910 103890
471586 67549
436835 557582
723331 817224
621454 395157
285150 114010
393100 628810
705326 332565
646123 102183
186902 227730
266421 132064
50589 430775
303694 541967
522128 515429
188684 472913
383260 815894
357928 716590
548939 802716
33501 334906
325865 222238
735091 289118
720761 50454
107486 359001
273884 831672
55045 624096
558518 163464
582651 228082
324604 250177
177500 541025
497583 570827
642623 518754
817845 61052
706987 546031
608776 388454
50834 100082
58595 309650
95204 252591
51816 372341
56203 586303
597485 493009
374398 513172
575896 768092
831796 316062
579382 445858
341568 643283
146666 184287
55912 753282
319242 195923
571749 152094
848225 33533
833935 560022
576268 372713
837699 72942
286418 305876
311113 782847
332319 142808
317831 302461
629280 831234
465438 644612
52161 564172
262892 2405
496374 602757
775602 737873
742417 185213
355395 229949
563682 409196
222517 219010
496660 462084
181157 645073
50189 86563
665044 603187
324187 113122
312177 393906
485976 258090
9173 187253
360533 390330
591261 639707
522538 826469
634570 135106
555369 350095
691504 84910
830030 449600
217238 559107
689865 775590
406016 599773
663064 670364
141865 407772
21493 407186
781912 60019
173344 796648
479699 740305
722031 798803
86048 487470
236597 216088
760378 270918
105905 774230
682313 641539
527980 400178
756414 608844
759277 172571
844797 812075
578895 614627
265257 527239
531818 363980
306057 147812
282866 572579
697834 825880
6428 811583
169616 346317
510727 793007
519757 805774
199458 438767
557294 827227
15227 177858
561576 61430
117454 336329
178287 802094
739568 76636
762055 19382
462695 434503
302098 23474
425783 28080
410908 347980
568608 186246
430650 834764
649465 804077
603525 70339
382836 817541
220149 772345
97402 699729
676557 169909
773251 234743
694049 388602
656066 387944
252458 20968
119840 72588
101716 518092
461619 398865
550184 796375
756964 558587
448656 841879
48351 659247
124849 633130
304083 746995
59697 393867
206024 485048
210258 640256
817183 201951
403448 445397
458700 22293
92397 234319
546389 333583
367816 362846
670558 685848
395571 224711
656759 426313
188671 389032
419232 379149
300876 317172
229396 638162
7416 455841
208602 776834
111425 206801
554838 369270
350856 506910
445902 583707
308068 830214
9753 309329
657518 674350
322636 310551
312024 550233
460709 268790
774605 504444
300641 285423
243497 792151
442859 322188
59310 565864
847664 231931
523119 399097
464965 55064
158735 93265
134772 658428
137863 671710
525499 486821
536019 419923
763373 377948
797137 829503
177554 109658
205909 340515
599705 567074
587846 66512
189467 383899
140731 728355
757122 421861
538581 394197
739742 342905
7492 605205
388833 621132
172689 495004
93628 419882
166869 591797
151781 671070
29905 835430
410617 184972
81281 736970
245641 347003
439160 526750
338903 762431
308042 208385
486636 842676
247208 680352
711670 611814
436665 141950
536793 746178
582306 450849
267700 189015
751645 478122
580051 480757
445421 53581
707549 222517
122159 453754
356099 156298
74582 338048
629975 607519
174184 672643
581882 495304
646235 537892
524647 555253
272992 395609
689829 794995
796003 247222
522058 173994
412042 698738
479435 670890
841998 188062
193764 149069
634972 5720
189254 79312
614593 118178
356873 396463
740590 386701
50813 441529
451639 477707
502388 260265
530024 741588
779573 663617
710064 45832
643450 843544
407008 149884
300704 358620
767866 787373
389635 604343
153065 50093
702225 492006
709679 47190
490271 365850
20733 457665
136203 122565
68661 41230
643341 294897
796777 389045
198713 20016
629639 189980
845712 283776
352697 640746
814995 737600
483454 331692
26349 364604
834041 577006
675159 339193
341896 589748
799230 124010
114587 330332
265770 16491
280839 99147
127770 554179
55137 55424
143311 55363
292382 236995
728310 496987
208952 580953
410633 376221
231269 144961
668611 397208
806573 98714
290550 113784
99132 361193
399549 403284
179701 185450
625256 246785
32086 177504
37750 406655
35643 703479
47050 328262
763476 743430
621148 143213
357273 454455
750027 655625
662391 302081
691707 412568
605682 376041
613562 570386
422368 686120
521781 555767
507024 187719
168943 161491
76240 544849
828524 793740
501472 699780
532450 775326
782155 637774
661029 173126
834728 390147
624651 716068
249165 496416
398620 481034
58839 322947
247900 464167
696905 835876
747015 157899
311794 835867
613289 529736
393591 48354
214367 263119
58352 734452
514228 240638
49515 551969
457516 41043
422652 644274
664525 243590
508090 321337
751699 563362
617959 827221
809242 513338
333429 569173
232443 39292
91962 572372
180742 250003
378895 13537
570194 832486
694364 36932
429587 434547
270873 841136
101422 295235
766477 31396
465413 581530
72156 483295
347505 108400
204440 758401
110801 489659
430591 212331
835472 788652
356484 41278
106601 431660
605575 490826
212162 603911
564434 442555
63440 322835
627645 334045
718770 340816
296537 386696
470247 59043
552003 319413
487687 673290
633202 123350
170123 457496
513204 639772
768680 643383
71381 168385
645278 680016
81563 567468
52158 811434
374266 499845
176261 836033
734313 261188
732013 674343
839883 595749
311785 428955
45411 35170
251514 494192
747032 665332
230632 260306
793138 582054
10442 516132
332937 267806
771104 768233
73956 408349
480157 367897
338569 730557
163180 161893
833608 228123
161722 845580
182587 235842
443099 277015
486402 538338
634012 326312
752537 673321
256046 441138
687919 64152
172749 121627
840135 768733
220948 552683
186765 707673
258438 763561
462329 117093
568860 813038
518203 155911
3159 7760
608286 762870
330297 395896
678181 214485
744971 166919
461462 57892
627357 652296
31170 554081
650306 121924
190901 675895
368356 554516
494334 245170
195992 337171
496974 330548
581723 255570
217226 590591
128570 244874
446048 56097
331429 545493
580381 200384
377242 751599
648027 812911
111145 243522
279306 420792
80489 59872
530523 781410
641689 124837
32640 36993
8719 396161
559470 824470
597310 206590
2933 795264
100658 308407
57108 184210
668349 376604
375561 671271
589184 306313
86076 494148
435887 450247
108365 40555
11896 140897
173008 117829
43154 27221
367742 555252
559932 34566
418061 580661
179791 148883
327640 656238
166243 680857
47746 489667
571752 303481
552781 641942
486378 795749
402712 788971
819414 484263
419485 53564
525684 637472
414457 422728
17635 38924
657686 432101
628108 54745
32336 44263
65196 86316
671163 121382
700127 524804
116384 125904
97968 671013
747280 656849
621996 332791
343919 567534
524931 599316
589576 752720
478506 70156
95994 96122
600040 261322
738624 209412
59237 827104
716208 48375
26080 712657
40106 353259
587367 657140
53940 519065
46196 116479
279592 415547
842908 731493
799309 626012
206042 90837
711931 132146
512900 44601
375233 623442
198331 344978
335187 698305
317515 548752
562567 529921
73315 291030
541243 825386
261248 377523
202970 668235
606633 451437
377527 584230
22210 143754
839648 409479
776266 194039
748180 118669
185702 648122
298760 110081
626785 402026
67976 177311
125792 748591
713633 411935
53883 817844
238771 352716
648889 87354
310539 845742
38900 161346
15297 377797
610544 627213
74573 317411
225957 778006
538928 447570
119123 541661
160938 430614
209343 599877
842725 192712
461856 348908
581941 597448
450389 473198
801506 222022
687688 781804
360014 757572
377200 487371
295993 316988
750805 372010
354706 188449
190282 76622
759454 655319
186074 62682
375045 481347
691992 586173
618651 1689
130664 58097
220087 711976
705451 354850
795617 743018
800479 589890
47601 568745
189149 265737
78230 105878
299388 46521
96991 414323
93891 788036
465004 526286
218091 270034
268931 513206
262688 18130
689701 22154
482694 84263
238391 741297
302578 764622
48988 86512
587508 246427
765589 775985
530116 71565
795607 581288
21096 658392
569441 384148
278994 677366
558445 165080
76288 796858
183272 472085
561701 179928
655198 757260
175862 552277
363798 687673
190198 445744
755896 820829
128572 730585
96503 144840
223347 195414
377073 479757
281535 270656
265974 446967
190996 209028
171269 674153
165040 566427
833620 688432
559119 748392
354260 18786
140332 686303
59522 750680
750197 376201
105228 108031
823114 235744
634247 124438
493139 111927
66649 446250
11552 330745
459107 154742
704945 383017
379859 519848
587029 396604
333380 614540
258979 647297
54569 256708
795109 566736
741028 473655
128912 347261
208978 361725
768463 165179
14906 55493
723436 476638
787997 622940
686437 422409
53429 1293
238694 15792
496329 561737
31098 527448
474764 577203
836486 840601
787441 782795
830225 543777
187490 300308
420482 134608
43434 118124
255722 269678
793607 845306
674710 548582
234112 573776
760835 396880
15283 731585
306992 495682
495421 846167
695953 413393
161158 19185
271167 809114
117351 324002
411359 399109
697078 169935
196593 323367
219211 623492
767068 228351
289131 339693
535061 13281
75833 103324
92448 536621
244249 646663
487093 754097
593319 806575
632143 838751
494097 547052
101791 104654
700223 785191
432400 399950
63949 225683
345086 631497
444007 639686
778049 244844
351080 809732
164876 121046
742961 478388
93974 627395
445517 10626
523719 603206
92508 573323
221082 824452
458507 290076
618894 816722
740807 26029
240789 721952
576981 359182
380741 814476
291128 188392
299464 478764
550199 460230
686273 317799
522207 380184
398351 251313
424499 163184
815475 386770
614489 302247
368391 370204
103486 444003
567892 407788
608922 728576
145783 695778
723985 11534
76577 832500
517424 783868
274363 790340
238597 270616
377679 298545
741916 560015
353437 641875
606506 311612
809709 305244
620010 282548
484543 562193
535375 528798
275329 293597
800453 835474
773689 346282
600793 659050
281920 614075
622211 348974
79366 196614
289873 576458
105232 645823
433058 173809
79497 531553
326862 514908
322284 524927
660297 422028
690666 199471
516125 293686
187778 249299
524735 843307
45960 258602
660611 650149
452506 645697
792940 115894
716727 751708
337054 612358
721331 633915
830659 615280
105537 108623
163606 670330
660388 691709
277650 568888
344970 777242
82448 673054
668569 310880
432921 572566
396234 292984
426902 362353
772727 570197
144294 411202
620273 645590
51033 77463
808162 37668
683721 82229
449092 571090
19246 158900
800887 786892
422673 786272
757231 697259
53865 108360
777117 11977
20851 500773
57012 514527
646384 563986
690516 37699
469851 294539
315445 340024
419573 793600
344804 374183
359533 830741
444410 660472
446379 620175
309893 251951
322447 202769
503520 544137
147050 788228
505816 61687
650999 25899
129068 592881
78404 785466
472655 703372
739232 327626
430049 302220
827937 487294
238454 446036
457497 334258
107541 836197
91643 531846
251034 733595
402634 399309
429498 27505
268766 361831
702619 468090
666435 322687
591994 656520
7038 554694
655625 564011
380921 676637
30964 97332
685298 339550
816194 355621
196696 376441
596397 305880
233410 3354
245870 224319
477421 262196
406693 472279
374935 423471
261318 629571
378069 631749
350815 252988
543378 2122
472269 195112
799071 617911
743543 94280
316855 272063
473962 63598
269689 556598
135334 466743
110159 244375
226952 394564
268451 328156
828583 758567
170303 761000
590892 223490
237568 201712
60819 239288
847367 631924
167751 179365
637807 541402
419490 166734
3913 7218
464376 66712
34055 805587
681335 448111
822961 139538
104275 339621
552813 561726
498746 571850
646354 311624
569435 234359
678440 199545
717761 780091
592568 311348
784824 514484
536216 511492
623613 518843
658127 735233
271740 388745
668119 703967
388380 632336
737665 570835
693798 35556
275196 170607
711341 332396
673933 841944
415555 621038
225326 558428
207955 267853
666729 230545
460775 803317
219202 572410
700916 417255
573354 325850
506256 811406
733742 199286
467411 233556
282782 589443
763995 145200
786066 287513
408727 188769
543535 602419
222474 823767
487976 87809
600038 386601
773694 71171
59860 545403
340100 275450
591983 715581
27287 46252
363985 282768
513603 847923
641824 533565
198175 836367
473877 504470
692523 16765
135380 502439
507945 525576
434701 650279
342114 653013
119598 137951
694476 819110
527770 116206
237165 55791
656398 105155
770154 282382
553140 493510
735697 830339
685128 338847
571942 275958
201007 253623
198359 260210
704752 150284
174353 454729
681156 510885
94016 439231
175074 435114
456853 427304
602274 212841
519043 391527
68792 621096
768989 624169
73683 208187
836963 94369
766279 12152
413963 63883
706077 49671
260582 104021
334076 103590
362496 259737
228040 174622
696796 659355
592925 236550
41161 288449
301741 716918
668029 97765
364271 261178
553054 669485
109468 449874
383377 785785
491595 416993
295454 16850
748211 32194
721736 23593
540402 203337
442831 363372
179041 463665
719306 258099
701544 74971
315860 552627
549240 480429
546017 481076
712882 583296
228491 694416
514729 8148
32223 326775
690805 269899
343425 649286
661013 333094
107683 280430
825105 242403
133533 263298
799200 689969
62162 702943
176767 281273
446002 767432
394291 598173
490882 85204
195722 69598
67723 314423
321360 695901
660359 706761
643000 247482
40160 353688
535681 721946
589381 301845
774314 772777
166026 372767
118513 523385
572829 196014
6356 626155
519706 287616
659684 610713
630198 175807
555144 235119
714523 235203
43225 748839
717563 353313
152579 481827
333656 93514
32284 493587
393194 534462
166185 59277
159733 705406
249710 660353
778032 706557
199255 77274
520247 256559
820369 476343
261597 31406
667212 760275
615080 583214
154932 696438
109733 71920
330596 53
362486 551289
820828 304553
749391 12401
498082 729668
267476 506052
763565 141808
46493 182115
288920 81481
360195 356571
76519 437336
507599 687410
805484 344459
839826 197184
44000 309631
737144 778605
271022 525473
697037 416660
500099 188000
46662 453032
782704 746583
538778 719892
738998 631772
112368 424451
685102 438923
80675 299472
111025 13473
700063 690550
340218 166578
725021 223733
656756 569213
82222 265744
508948 558932
755862 521808
113961 473244
84270 476599
97603 744988
746920 448848
456571 790842
523190 790092
191781 371950
258688 153736
233732 201359
715406 146367
54774 283788
845002 699501
816276 111557
702702 4981
802029 185293
164428 751632
209890 499336
29413 837679
366465 640904
184423 716333
325216 225913
675621 488573
93379 265071
417913 800082
433439 310936
720919 821492
498255 431029
739797 820134
755530 669879
268752 478684
488702 740236
838771 63569
526769 572024
234909 488847
214361 35758
647745 772733
338697 144804
326211 42777
550848 589073
445394 775253
605881 784724
100860 569152
198395 70538
470695 684967
176572 319710
35551 108608
781657 181162
657971 754960
73448 51238
37488 648501
438766 352682
367679 127545
127475 43157
76277 317584
158530 626016
164198 401418
295472 672941
82895 754702
233759 689977
500672 813406
549982 270867
436334 730756
42251 616307
818235 396807
328267 21586
703433 187794
197402 601292
196442 808362
28687 465675
331337 555185
245563 184651
406912 65269
526624 570106
472119 363491
485633 456076
477032 348334
278064 179095
146555 582398
374640 193957
183891 382934
27056 843630
533477 778777
290672 282118
209019 817782
110275 335263
641232 38459
499714 7483
186843 337739
805353 794430
533292 131693
284914 687194
815721 639833
297219 417983
293212 511838
169305 49299
688233 523742
777890 727825
577705 261246
61809 645172
278181 650147
410714 164913
59155 360058
190885 210321
269458 549330
473810 625713
493976 540535
362494 549779
740743 839584
358174 456876
134725 250044
513896 129753
813219 388127
813120 736825
830316 449804
723734 441063
835946 242140
256443 752921
388079 471728
534606 957
776743 306976
784894 97110
271473 521039
679888 694927
101687 567165
587591 722370
527480 620490
182143 238418
119469 238898
135446 672605
129514 281906
143924 733510
423335 616723
823129 283852
702889 77248
195141 617012
172213 466218
415143 336
489137 242115
14031 430691
289441 671118
529886 357069
188784 191834
373087 751290
568640 67590
564760 5490
499843 785643
511072 204084
240749 253993
771333 790157
127807 556818
623476 222825
50793 538586
50040 167754
343536 116456
486416 664855
407316 631533
179733 13965
758855 433313
510657 636205
623913 770722
668119 792484
461091 144801
829604 275606
282870 82606
133768 79328
732397 302079
150960 15127
586617 489764
441316 508336
43739 34956
822526 271101
592815 217199
586510 462215
501349 625937
422421 98212
188359 417847
746998 546979
335825 332136
437693 499902
811552 417200
750962 627558
437602 736451
160058 193310
320729 231375
285354 532577
609998 662410
35226 397254
116489 282410
394760 240375
779704 485708
203908 353736
281757 445813
175452 81245
107358 407256
657786 193249
301875 243185
496584 445949
348030 463034
504263 751123
590216 102471
131916 485914
162846 656043
21382 618002
680906 649974
303571 267973
13017 326631
847886 719279
735912 644918
280835 532126
531326 663056
78091 689888
832100 480826
554211 230598
68065 448451
193855 154774
502656 170774
38563 197940
144904 583
719359 791152
699563 46930
797653 39140
731540 394970
781487 86186
759643 365701
689240 187385
329476 346306
204366 141497
183130 89499
749212 696215
161229 381866
157405 216116
714528 310427
527401 830463
808951 412635
362480 197173
811259 130530
103436 581804
667257 505030
170396 534440
451014 27526
420931 636445
94956 840845
292360 498024
507666 41795
727261 130855
621039 820536
133551 658876
567570 279533
139626 510177
15243 347126
500136 262250
98502 649339
194821 687471
435384 199048
597194 667314
246020 34919
712558 539116
535453 501550
820717 8898
2142 375954
14692 484956
86318 368499
784629 660243
243995 167781
249463 501943
556337 459121
520767 711805
769758 358340
315670 455587
348083 620478
274647 825436
762826 465187
599959 679405
408457 73372
381391 660147
766956 505006
334990 637423
699872 92164
274856 97945
108941 76732
169816 312162
640603 729172
129170 322558
564980 615243
304805 839204
802490 468676
583167 45300
308884 784872
490725 503998
469932 668547
455003 839127
85579 363428
390142 676169
842127 621593
253966 62799
297078 467333
315381 571309
549620 541849
443669 834081
184341 35513
595109 698867
201111 738504
570913 187779
527809 470851
637267 547173
579094 188020
108575 132234
643846 550441
667366 401207
198728 806051
295207 68445
192580 769309
767870 492500
331933 609088
638422 630224
770425 513980
233028 582965
559036 406377
354593 520823
112517 58646
720674 426565
184895 385612
615120 98005
412364 719920
692067 250123
445284 680282
824708 585321
199791 20156
799395 6434
272968 537527
607490 611506
51925 422093
380687 732819
742713 462001
799939 364174
277887 264247
245098 222503
286827 539087
65513 704844
12652 201351
46098 761344
28003 729778
15627 367201
46953 526023
725727 369843
46117 434623
70514 594415
574019 8056
85124 653996
631826 210664
558737 340177
463871 452632
837770 237798
552366 302124
574929 178083
424438 330003
160282 543408
594914 442358
498992 683405
30526 396275
600248 531901
612868 55215
329965 99242
94564 589453
427887 185078
138364 753905
381844 595476
720926 806285
761122 651000
57688 382680
650406 443325
581669 535047
504595 91944
236364 510883
645890 372882
364742 469819
19357 592966
816051 252963
741182 814706
109312 47566
674098 117261
285429 235011
426046 458917
350411 86099
68606 475676
694400 631650
478867 172500
746326 170866
809538 144387
587018 826612
794202 574318
41601 256363
144867 20172
493146 800407
471776 741172
391036 247350
65219 295063
334706 69224
164892 74543
38782 782139
680744 196866
618782 199868
244494 143047
422531 588096
736180 94562
541196 424449
831214 125099
32134 383490
224125 115033
465861 153602
461576 602268
620402 704162
183257 552510
535572 403240
603089 399204
572636 637401
261253 149754
750174 714979
826330 559598
205875 491501
148388 12524
528262 578194
205525 829404
767010 254271
611366 287403
379532 71467
743251 539579
187785 322621
371316 539959
224493 422248
470802 301908
707265 343502
342310 752817
546040 635955
744027 764020
659806 387661
185650 732792
69553 624483
384541 594606
183570 631944
237502 538921
800263 809583
662300 262919
510313 205186
405771 286644
196225 469468
443210 127091
611623 542972
730769 131778
599386 111281
731870 833416
381254 66834
139046 28075
132296 419695
486236 555251
40582 491723
421428 79231
508527 130407
90576 26117
538756 671974
554367 599909
531717 127384
433760 676457
35489 312550
602063 528924
635277 749025
427193 665229
207615 404607
457255 665913
714711 564211
593868 355343
128371 115847
614686 510142
693113 139437
688853 676979
361369 240958
519044 488066
845141 38739
116356 134419
30550 16442
547138 378080
391402 801603
243065 504360
96846 545659
85576 37055
190821 325399
595641 355410
736824 54554
146441 122754
505580 70035
254136 669138
180341 249871
717731 770678
497211 26811
542933 809445
697118 586804
457093 572227
494591 830009
457696 791351
139574 246760
657431 323739
426606 412250
166446 264841
842941 78393
350131 575553
40970 718503
46153 626386
626176 800355
314382 688059
343692 1944
491687 830113
607913 380791
786995 257360
213377 541358
432367 550408
650531 694055
709323 562290
697714 514905
240204 786829
295116 750187
