2902
55 56
166325 195270
209020 260199
36828 120920
191037 45776
96651 45837
176207 90064
4440 197135
155562 235880
207161 128496
244909 51388
205930 85882
109147 52535
207200 241455
94512 126912
77888 113702
52003 225298
151550 184895
46902 97353
16548 190780
231581 134050
29875 164018
178584 251370
229004 263502
221851 50405
86234 75904
237850 168892
233127 93200
228141 19818
187606 114335
13511 199307
169336 20257
53262 17906
221317 81735
46326 243904
165737 172208
228153 263729
133151 93391
13636 172083
227684 201420
30529 248279
181269 200855
118945 161232
38845 3300
225375 204359
174829 83593
175843 150069
85526 259074
227261 226609
33231 207615
70841 204005
85715 114946
237740 31377
132819 163311
161 264349
102752 149576
38742 96813
30789 41759
67044 250802
203395 96962
42895 72686
142243 138690
147508 266665
126870 102346
216187 203574
94264 16432
98440 234158
115544 167672
6190 230323
94445 65315
20386 21272
178237 215360
256100 169558
163733 39940
217922 213491
199593 161725
154373 128407
7404 18655
122501 154075
57723 15602
112531 3673
216577 20195
216871 142518
98255 198817
190798 106385
69352 61050
164869 39130
179856 49348
190427 251181
196659 54095
145040 31958
198610 62798
140121 68014
244677 9709
234949 208607
126101 140379
252083 15561
43995 40213
58384 88772
124440 176357
36646 86136
160644 72247
232152 150992
209652 268265
121906 181453
62384 86822
45406 23521
158717 154254
153251 134994
151515 235592
116501 31075
219073 64900
72355 261228
129807 79958
219878 163066
193007 201444
201076 208629
193478 18384
209353 29575
244749 109841
205562 27111
117911 91367
149993 56895
19500 226636
57039 242591
263282 82209
111738 36642
60181 125491
23865 218473
230266 191190
265739 135562
49475 266977
192714 80836
178605 256956
68595 4307
248225 201013
268098 247248
267688 23522
154048 61157
42287 262060
208719 120238
39878 174030
173886 177673
140228 159080
47546 97657
30692 3988
212364 232459
109523 91037
137694 74050
257801 145640
98964 76313
115153 152859
133316 24876
140201 166312
205909 113306
86484 257466
257306 175168
191600 75983
160616 196810
12668 207613
64769 200644
38886 47763
81447 131834
226940 146812
71575 182454
17173 42040
268017 39546
258770 75112
112472 34607
15298 190503
53871 249011
91294 125577
212712 101741
208612 194185
240715 25331
37611 60831
191347 19340
162364 122862
62989 54910
265792 149903
200762 98007
94082 224358
265903 190333
189333 193271
287 63728
116552 129285
130286 26360
173315 103984
70213 20605
226662 1890
178745 82716
62457 214522
228181 227436
102927 69437
8184 147456
60932 152873
263531 136967
155645 69048
254525 177363
177367 179055
181792 129579
36483 99639
48614 110049
10307 225296
27577 171765
68227 62935
234676 212650
140558 15854
77564 153064
59442 255917
229674 127695
234692 104528
181242 39451
166762 59927
128852 132128
136769 24450
49446 46778
161251 235293
29923 79168
165088 54257
177122 200562
22576 60902
184996 19769
250901 241531
42671 213611
200741 208694
153111 173862
3428 213817
149630 187718
96341 38337
102233 5937
231623 94166
157938 82912
230961 108861
79036 141167
133247 146326
244516 87054
178898 219461
121597 207956
104566 254069
211745 16474
110385 216077
159695 75935
202042 41495
26083 57793
254005 200016
74619 140237
27866 212449
31706 105322
149204 122152
221334 183395
162234 132241
70252 1811
67289 267118
165717 89041
14163 264668
13088 25555
130755 264872
99563 153291
188101 35152
237412 55584
245061 158018
188093 238878
248143 7933
92194 173391
165548 262374
41361 44344
188406 104767
27336 202609
255324 58113
54791 60737
92377 163013
2150 176563
113197 169260
27761 136669
6394 165631
182393 230928
214624 229522
93485 91567
260404 109895
79013 114619
49471 105742
178660 8017
127990 156108
199125 241644
136033 90236
64032 19495
249371 199367
151116 219532
41362 162362
179988 87356
127327 13590
86532 53630
197962 76151
41784 170469
260146 12881
174509 47689
171451 38256
11299 84194
29240 257822
199269 191364
34632 98754
215773 62346
9903 165816
239588 200274
59553 267570
22814 126029
127298 119079
232149 139302
30395 254486
207831 130960
34624 240651
58974 10465
49637 226803
178200 171713
28564 209754
115235 72784
212682 207424
212774 62633
200033 263408
40432 111547
198294 218691
33661 139742
110156 121118
135088 230987
226003 186055
225062 108970
85426 149969
66345 155487
230643 157287
239663 100029
48326 163383
93511 14852
164459 254350
104557 29132
180726 50755
41260 205899
216039 165454
125278 69118
36206 258836
223173 88789
186729 63006
69566 210861
201987 255093
264972 39564
93314 139679
935 171845
207902 24337
65968 55246
226610 259235
173048 6876
218 4906
156307 75556
130218 45671
232767 206653
69358 169488
129575 249374
61958 32496
148686 233902
229739 158538
161864 18758
159260 156510
241340 104622
170323 39305
187918 71379
133837 12444
117448 10635
129695 262987
268501 79557
147680 146779
119061 177929
180645 174344
205246 63279
194141 125471
96776 126673
153667 193834
239541 216135
5720 244143
87597 256801
221188 37792
38392 83291
153595 6825
244510 95907
145179 144501
113586 172231
8057 216834
54822 96620
154447 245251
4740 207029
183725 45940
123605 202407
228304 260948
248375 135368
15533 39186
131136 254270
235748 146412
65724 55987
67332 185038
235953 18681
234218 62122
268579 177178
68616 180923
225477 76952
12846 48141
74534 191880
92763 145030
207688 157121
41563 192323
134877 52108
202340 184783
106493 99783
47289 259821
195312 103313
174188 246430
197281 157421
188203 250762
163408 37169
129719 237293
129483 80964
210857 51444
112162 217413
6412 829
251539 238409
4589 122389
27962 252794
182112 237987
193355 145342
69162 257851
139262 127174
121341 96770
169449 180247
205796 41470
4905 228910
45337 179834
74476 160596
138792 111236
112242 187171
49340 96240
20543 6378
117051 143900
35947 247827
75508 42582
90019 101624
242234 62335
40998 131596
122739 69193
95688 102364
138060 231832
60812 99963
22236 47220
130602 195091
81742 79021
118391 171367
164713 33398
157255 76314
99224 94054
228946 166696
262957 41290
112135 96247
202361 148688
88201 185236
232792 180745
188965 1058
246145 14664
79659 50050
49588 72045
223226 240417
208007 6200
30110 107272
21980 78220
198690 40253
264928 127318
202117 52865
219049 72944
147944 235737
10052 152887
22019 199411
182967 67395
2658 125857
108563 97848
167136 145025
260968 190507
20470 27703
86166 250408
231349 229960
20261 218321
78442 73346
18137 212214
136403 36589
52356 69763
70876 133101
25721 127588
109676 73455
191359 248837
193415 103119
80803 75736
196835 160803
128417 162554
166789 200554
132323 134723
85327 63797
265677 198018
184515 261635
163361 257572
257338 67823
17081 49198
146889 43200
123232 155634
136149 77816
225460 235885
222987 20053
126451 79268
24631 220428
264259 150139
57737 70286
190076 212234
176703 111118
137830 114278
141715 4145
105315 153762
235027 215675
187890 101915
154750 134912
265578 102741
19041 101647
115705 5971
33470 101803
11043 225715
129800 206016
71630 52036
156088 190524
189780 117899
158459 84813
7823 9640
82512 92482
60738 124929
30693 103339
263337 28120
84912 97033
7468 9189
80337 64586
214983 207616
98690 236832
14614 28194
122001 79003
126460 268663
204830 210785
105873 198479
75598 162268
253381 224746
44736 830
74167 153066
195501 158652
35233 16121
97294 86632
139209 176021
109669 245628
29473 216729
60235 261672
222225 72440
103808 163320
137163 256749
127765 96973
248952 95959
54817 74668
233883 234755
48741 110662
52156 31408
83651 21277
204320 119524
170296 6622
50115 92822
153843 3298
135086 231723
170761 250448
239467 113794
71418 39719
79708 100538
214172 178340
222117 9357
208175 86198
99121 37025
236530 169938
39804 215821
122815 136463
37489 182018
83717 228633
51471 151622
213904 160602
20378 155271
46382 65052
55995 1254
188420 252948
232077 39705
147817 181548
157658 76123
137926 94663
163313 481
163313 85943
263489 181952
121735 131784
94259 39492
107352 9354
34201 44238
173372 123496
77888 121329
267601 32818
157163 176295
204616 171420
266480 171760
45769 185991
237746 89739
210462 239500
4836 268627
145903 61183
117010 95564
122495 99511
243015 210737
267829 120390
260237 163435
84944 132319
188189 193947
16124 121190
250180 190612
20624 246234
62663 138363
265627 245807
164956 77209
70186 101326
33719 79128
267891 265338
157781 63139
11761 209902
254450 21733
43725 113287
65251 32256
37158 251458
198732 88090
268149 217959
110458 182716
3658 6454
172027 25911
236490 94008
123450 158239
77067 79505
150015 117532
192752 137902
49203 139572
84462 111201
125013 11366
114475 144775
2531 153763
30054 221707
5855 81100
6006 18325
266067 9755
145524 48511
142527 44245
125208 97757
213608 139311
84479 177715
218069 30181
150834 72103
102784 262354
55812 131209
82626 222914
239614 79621
8490 237005
149696 102048
59527 70388
187700 193569
30968 206762
114670 211068
24652 21805
144728 200698
61730 6656
140141 101153
26446 90747
195162 237869
209336 201508
2275 147471
42383 212265
63121 189124
65974 135861
171947 255382
74999 219475
172562 91408
200627 195284
155029 168070
201747 182840
56872 26383
23780 34975
133141 87831
249284 212620
41810 188882
180706 182205
114681 173107
209995 111793
264457 19899
189945 206599
244774 231689
42946 240546
72200 98402
14618 143173
139305 81965
12880 139255
90976 265592
173831 221903
36978 103055
39638 174558
226130 202546
234894 105564
262293 38237
41031 143553
100278 172680
66986 76991
216863 242794
31290 127802
115710 68487
250027 2873
151940 194024
24226 37384
25912 18680
67757 235657
188236 13553
32264 90327
155617 71206
212 115034
186534 209992
132083 174958
205377 102032
173943 14313
240137 44168
219539 159848
127670 240583
80250 241899
254695 264802
165137 27819
127660 103843
76145 30387
199515 185466
113624 126183
196010 66619
192919 125951
242448 141325
117371 104074
150980 185519
32073 248103
200291 246416
99715 47347
172133 262337
156308 102647
130181 149287
64715 149643
147094 157400
191298 132133
239799 246265
28231 84486
101814 194626
220327 156383
62848 98223
198799 245782
35393 230274
176443 130231
152050 178227
17372 107646
144857 170529
15298 266811
259916 166682
196165 38003
254824 73656
76802 232456
53555 262161
133528 207117
97121 58892
233638 23768
1697 80839
202810 36747
259969 87670
125661 263063
181926 257179
51751 25380
36448 197580
11181 18999
226614 9061
224464 133869
156701 41528
196520 233709
18877 174390
169810 114426
50579 245766
9086 188189
231866 122041
194294 156785
181812 216954
96897 23658
115519 18256
35686 188011
14017 58475
178747 187577
107040 16639
3741 212431
172150 250621
154165 168276
92874 62705
178214 117484
168439 25188
18805 47013
7970 39412
11073 150101
103443 71800
139622 64919
122589 216939
179302 237698
2847 15297
196872 76659
151107 43195
113163 177078
181397 120678
196704 132122
155769 146101
142670 44047
256608 121571
76686 260832
30679 156800
67973 37179
73944 181380
27991 222352
179458 49749
163954 233624
190087 73019
203566 1519
61348 238813
245421 237495
259336 180525
121205 57863
139879 217397
78428 241969
224652 73237
57111 260688
249405 244683
232846 88785
66091 31981
175714 34900
101201 168373
122354 265642
223403 127192
6223 214865
2686 141947
156894 252253
216771 222891
33235 232080
253387 76009
167240 254468
20401 108164
245672 110781
240398 69596
212789 128571
127824 209142
129553 130949
112469 185466
202007 113562
199505 98582
116405 155047
139593 16014
60854 215539
10141 112897
244446 234379
167126 24587
202271 73240
35476 228192
53766 230825
240301 231124
221536 21942
54654 255294
197749 215691
166693 47788
262164 245288
228590 156328
95867 199581
264446 124302
100083 13790
59883 27418
61960 14687
221371 120043
156223 121350
245827 83402
155919 103751
105540 81744
251640 120527
85495 27365
74083 44604
23014 205001
43724 24307
157973 228612
241222 43107
92304 178217
262306 157363
179720 228616
215424 212296
219667 100211
83817 247900
122276 120720
70802 112660
184169 37724
250237 195783
118447 116015
263764 133675
78046 173604
167669 137121
48347 175210
185337 167830
139033 19074
62042 210035
55903 68730
9917 138135
171771 225515
33593 120308
179943 251095
254360 42979
156993 163865
226415 126119
211952 46107
2632 89403
15619 215055
32066 117201
207207 109628
187210 170310
58172 136394
148804 205807
151235 93541
29011 107892
226426 7550
124830 94004
148103 128930
638 30753
59251 17919
19835 67178
56089 160992
120035 81945
76522 151569
60541 243118
223236 15355
181642 73288
176839 156303
190667 200183
196845 233562
262707 75579
246281 139950
267282 57787
38933 138995
207883 122648
110323 141655
71754 156313
130261 154874
153557 57152
158693 148032
98834 146468
174607 147317
55990 118969
208795 111921
60905 141393
120061 138836
38343 170856
109377 187967
170740 49444
217553 227138
255746 133397
93687 170409
192589 204607
62704 265586
217364 237371
239008 90510
156898 239324
143506 214650
257126 242805
52853 121998
201702 25532
170186 84402
230114 108665
164064 146963
129067 182001
90168 94172
238423 98942
105771 210173
261688 40869
63640 261982
203266 23233
187341 179486
60033 92980
156127 95733
168837 32485
228242 106641
222909 24075
259552 152011
42653 101042
88499 196790
77468 127509
39783 117256
229641 95670
115413 38529
25777 47202
131734 94278
118998 169095
22661 114511
129051 19697
23267 196378
75332 245533
195105 141244
180489 51054
53442 65120
122052 58129
214189 57876
242084 189436
109373 183131
106755 173834
106204 134212
59454 228772
135105 133239
121486 73964
140953 133626
228079 155836
110815 163164
134709 116216
32402 3977
13510 9282
165844 242255
123365 1756
11608 126324
142318 150366
225165 222206
205985 237319
8554 72019
3598 25847
194007 107382
256952 185827
35485 95909
199095 190086
142551 234121
209471 172017
72838 196428
166657 191423
157644 20864
184098 80221
208644 170333
263136 230197
41466 127668
43551 239761
86259 16034
168514 231269
14018 142024
208504 68263
250805 9956
241564 159373
168140 158954
233710 241887
214276 166750
90864 260277
50214 111139
91076 154978
55812 12537
114706 141235
266078 161140
62670 125557
262055 224650
150555 62954
57353 189293
179398 198534
63642 262850
56191 215168
213347 177229
239092 180216
247055 251553
26024 63687
95819 200675
211370 66256
253080 126712
115886 114503
100642 45250
165006 64622
196710 34292
90278 66361
33887 139468
160779 101715
177732 96168
268455 86002
181036 223132
143772 27644
225925 25844
78266 262749
149957 253985
98152 167089
138528 25529
244976 250476
119448 197428
224401 213924
137342 120436
71191 19023
52890 116596
3390 178472
15700 208070
44741 194431
26495 137924
120199 142081
172150 171498
266238 61344
124667 154256
145068 200414
263195 23293
244281 212182
109617 245155
60398 156111
150052 26572
32827 143103
219029 154862
152249 2605
9764 126251
242832 253562
69734 71075
2747 188410
172938 259265
51261 205280
5526 41952
210157 107037
29038 198354
153526 264144
158947 237180
19311 2782
48556 79423
104695 51425
71371 92433
63072 218630
163319 16168
39078 165778
267604 211951
63613 159663
28612 201655
8860 148954
212012 263275
100968 75231
5511 133691
72529 244725
58767 74583
255179 70269
60796 149696
14503 69224
165189 230431
149145 82081
190321 115391
145607 209666
192062 222012
122657 40786
130909 253815
149194 135018
22167 222355
175150 37898
219202 32064
146264 157356
240760 145841
83254 146899
147452 192623
95562 250988
176965 168304
170286 142895
220691 171142
171871 140006
183577 128194
1193 56668
42173 230122
167773 148572
61507 148617
73204 225832
56812 66651
21107 28412
156203 49059
44052 7062
4198 223582
62585 175054
10866 151956
268363 204632
192576 96135
83590 138858
154825 208556
21954 232036
70882 94720
113142 216397
20425 117016
64700 193551
228806 6376
118912 196078
13754 25300
190071 55231
248834 53920
184877 264215
222261 75976
43281 198887
109489 181585
121875 258530
79469 204229
62159 150314
131607 82001
257940 237036
67987 222396
99969 118029
216373 113576
11406 219670
191155 170839
213728 55635
74870 74556
242397 139191
41077 70232
255299 140759
112890 75600
88628 104818
12646 36173
154710 1041
56593 141734
150328 163282
70598 15472
44729 151658
81245 139457
105027 178620
35413 254223
144127 159001
32459 17782
148769 157105
122142 99481
180801 50945
78514 75118
150935 228487
175090 40494
104878 46062
111111 81755
9340 253742
150304 52937
115494 130208
53847 168148
207901 137561
171259 84250
205874 202707
207322 43220
83954 245304
203498 78747
262203 214673
226310 141950
71667 183395
101360 246017
195423 266977
151582 106539
96381 11536
189973 67693
244652 146350
196613 215980
136689 178083
80015 12053
174920 171177
110571 94975
45015 202607
228447 107817
186499 239209
221159 177360
136699 260360
3591 172690
220411 111782
210561 152089
260427 144054
69187 264680
93399 52229
66112 239049
15130 84755
244258 87094
59386 43405
57871 128527
166428 94043
194823 162397
247849 127352
38866 102909
58966 184008
99511 42212
240031 85051
174170 202873
201994 146396
243912 2976
141863 53835
259141 90654
142470 21321
162213 10303
102122 20279
166590 118690
227926 253472
22745 16735
46950 220248
231499 81729
141684 53704
201411 229031
184955 44593
23290 260921
178240 173030
186832 159926
132490 234478
117588 257187
41095 185997
35795 193841
107376 258012
253134 219252
242135 105817
162308 158303
91171 85051
1811 233102
142808 114948
43986 11123
94381 221335
228622 101065
247548 165702
203545 143245
82539 98651
62347 264039
211917 194264
263263 34346
229432 147631
502 259426
108479 14183
218998 141763
199016 241630
117987 67149
105767 72636
83154 189190
233593 19918
162741 205961
167463 76864
232112 6380
91815 226251
202725 233826
114288 203867
205321 226276
166021 35169
71491 105171
185150 102171
235519 69426
2856 143717
47956 46797
156387 165477
70837 234590
86048 112999
14411 185133
222714 205185
262779 234250
111282 134055
242812 50312
19044 115813
233873 246957
187631 131124
133315 146904
79642 197431
47821 134039
41045 259949
155644 79255
4896 7437
204752 215505
134965 5231
132094 116306
156360 33351
142784 127519
236742 72550
237846 100153
143497 190846
210310 190836
219169 223361
212779 261530
146431 9091
218799 123762
235199 24328
93842 132039
9002 177692
214371 36551
263638 164360
26620 63620
70833 9644
153372 173788
168946 59091
202500 98899
96385 5826
250536 98443
157905 257292
167626 136128
41282 228010
237036 152044
46088 9149
43806 146268
58072 151498
198819 193063
49282 237032
243954 11293
28850 253364
148822 43612
181780 264127
252745 21912
185173 226715
151615 38908
186339 135632
177304 70514
84822 142168
251802 228864
230324 89326
266612 195980
167066 196130
118196 147595
222669 180965
65776 93097
163625 48527
246143 51359
11015 68348
242909 164851
264222 245759
94073 21664
157768 177459
156307 267081
220936 259791
220246 202795
110364 14982
48004 237633
146290 137473
153209 149449
78365 254847
98661 38210
31544 98054
54272 252974
206846 116649
70580 37192
10452 107200
162792 15718
112832 223638
151278 56419
151559 22085
7641 238026
68145 182998
27773 218076
128784 199442
176389 8442
81921 250994
221689 102025
99536 29301
221899 15699
50816 95350
31851 215446
211280 119482
255797 122515
266863 207643
257270 123901
93224 267329
160461 80997
129304 240864
6978 48965
54282 92851
14643 244676
112647 12147
212071 194976
130780 236802
199120 213421
246605 82766
92213 63304
108114 169245
36246 218448
155757 180581
243758 29130
240163 131209
219850 116047
95347 162236
54431 203941
17313 180093
251662 37868
16182 116594
243778 132129
18998 124168
106299 21815
262329 225627
56474 67326
75504 152788
206792 230954
264700 92866
67725 17902
229652 221322
137177 192412
223808 210848
13348 268582
254875 50732
181305 7530
135384 125781
257862 182446
227485 128952
14984 146216
50554 50713
159544 173660
146588 2411
227117 147112
197261 177429
34981 18855
197293 43418
185219 43966
115507 53773
175898 236485
8783 51726
87583 162407
247684 126995
237003 93585
245999 5743
29015 17252
16819 161403
207837 265100
158013 116366
142199 236262
95582 195033
117459 98820
229272 195937
202138 129199
162637 136405
28146 236154
127822 214577
145830 258475
100569 174539
110151 187578
171376 258935
211831 215182
173513 76045
80164 114829
97265 80683
45085 227295
246449 168550
116821 203662
123842 260720
41110 253645
247148 22916
77077 242658
109551 142763
18795 180678
115473 38599
117239 77530
113068 155812
107426 215995
198342 195304
156639 83209
251611 127775
120831 169932
199070 19684
266588 115956
191212 70372
237823 226992
257945 179086
34937 62369
190462 231478
66939 214302
176737 69416
64197 25106
144942 266104
216041 97672
179444 50488
92598 173310
208948 216267
199416 98835
241410 186215
20899 72280
178887 253438
37737 40147
254421 187281
72540 25627
197658 195962
106951 243913
79665 37639
157121 25990
109347 39885
138597 184831
256015 359
156360 125017
165384 39325
50245 206921
136962 119551
130651 233830
133961 203033
6133 49229
178667 263615
45064 8431
237749 103315
230918 103088
111398 170593
10468 263696
165481 85435
52223 210826
139229 45667
183826 108830
247453 255928
142739 193783
12543 14788
99100 129778
77311 91478
31153 209309
127482 255509
196389 256177
9705 167948
81276 179494
77968 261666
80664 140818
180804 263392
264350 229310
136344 184444
52353 162324
234891 124616
217542 41896
168025 67828
181244 213
243353 144915
54411 146820
188094 34790
108352 217150
246830 144454
77273 206049
35487 73085
147794 248975
236358 111335
147257 234169
155889 137099
108234 228190
265955 194336
111946 12446
191447 167640
96636 136617
165867 196768
198841 113531
24900 29476
253197 110180
254708 156275
133712 220090
209757 212178
76987 20844
101704 214895
241087 66958
10981 82876
191315 75427
2350 155948
206672 96356
209231 32929
254538 126680
40809 165935
264038 125262
115943 210287
209997 43547
263380 259842
144698 124444
131925 247312
222032 58189
31699 37437
27455 157756
143208 264301
84176 106600
16452 45877
108923 2755
13874 243172
219023 82553
146133 69757
257141 194603
208644 37763
159649 73962
140466 197979
70286 231432
267851 28349
136100 44244
148162 161332
160341 33379
158135 8720
112191 256155
151538 41922
159687 110257
130210 67626
126956 42844
267725 43556
182141 224498
178507 75702
195144 145554
110427 239822
19692 261175
6739 141140
255258 186487
200576 107093
204717 67937
6717 21850
94241 47793
12035 103102
189015 220858
96496 257678
94780 81503
176597 22371
226424 231546
115569 45264
163021 98604
127455 24520
204218 238924
85089 65597
89294 167783
188289 245363
14532 136253
109074 190808
110286 97378
176022 142129
71038 263985
133913 61958
70841 197978
91284 75347
100512 66451
118611 8861
213280 54176
87230 63152
152990 220117
185292 71099
35020 206723
58145 96710
66983 18681
35669 51655
240198 48491
116798 92226
201435 177803
148694 88687
267234 39851
135836 46018
59678 95179
203494 18008
60338 245068
240411 153453
40685 10061
233105 262916
176832 193658
258255 230739
10474 188202
198228 226661
196473 208185
68464 36403
86898 99817
110253 10811
223265 205163
264423 224160
206548 84577
55419 190605
254499 166154
145467 209377
33165 27680
260355 148941
90035 150702
243299 82801
136601 212657
108626 223969
252350 80231
62492 241458
169841 72726
35784 111429
257058 225403
51553 53588
186735 242998
176387 11713
242859 115034
34190 225733
192675 37909
15174 58130
184041 151767
188372 21515
197843 256046
59896 125760
233664 102691
217284 21082
11086 62168
56891 159457
105227 187739
2139 101003
182224 262508
257671 245000
233479 33604
6273 221962
150586 52627
81827 89236
1375 183655
200694 66214
246825 158714
63868 170175
71899 208311
114841 233110
193096 4072
54841 234095
155027 89621
267373 101105
190085 255683
225912 40120
167980 59740
144043 90878
138012 149640
134578 213139
219935 207984
211506 145390
117893 241762
123387 83691
245225 131195
251735 121051
181649 238549
91329 189660
105384 251594
256836 14463
134920 62807
73051 234281
113594 251218
222938 211183
199937 238904
134685 15433
214152 257460
175558 84180
81747 81114
120709 256216
162664 227419
183573 164501
5943 238702
255120 249489
236455 265375
208245 72524
248304 120301
12885 86634
171251 31282
98682 188377
24197 28914
237367 85022
247435 43309
239246 206850
145277 39889
11788 8724
261312 44131
12870 91146
209971 88637
214248 33674
207188 14565
58362 80512
221254 255710
37576 158403
211982 41891
245959 43062
89571 45497
213669 40397
27388 166018
85989 263683
99203 258436
21356 260790
11447 265844
178221 221527
93774 262521
257342 226093
252397 39189
35082 141067
54182 241974
246933 106172
120009 16104
253957 146281
152541 107553
83871 136447
221986 154348
126086 248590
203976 187417
20648 65440
244325 145738
62796 10208
127978 203441
160580 23855
235004 20751
128389 144347
210031 240189
59869 263732
165086 225450
11577 187379
248770 60366
220929 188931
66532 233843
233261 156716
108992 267909
126574 105777
143931 131974
254686 64581
136523 48600
212546 10028
132202 159026
65154 238110
249791 16126
217230 189188
148010 19570
190081 234222
105827 268201
117772 181627
42046 157482
128477 108396
262116 146251
223204 173487
267988 101770
168979 176986
130793 216744
245384 220839
200950 78315
194870 142765
111382 147364
12609 132157
230002 124318
258481 28169
118894 268462
155661 104936
146696 243496
246114 108772
150241 85203
196440 36956
151450 72720
244226 129804
126223 207426
137339 81674
39465 241979
13494 164747
183393 5285
240818 239899
131748 14949
114526 117516
73092 49098
259451 97329
1621 108614
159335 3731
145275 130063
222127 25654
74439 53447
83399 119219
261249 219828
99376 132193
22940 214363
199129 189252
234693 79855
203147 191645
119057 172232
104568 149363
151680 268185
148576 225959
268704 35870
95418 93269
166702 197517
158558 218937
154317 181610
165589 15070
61509 20466
242978 255573
94275 243452
211537 36372
46812 69024
149851 84512
195288 79037
51388 178169
75126 63281
232096 99776
175206 230015
53793 153698
254150 258387
116448 189016
114997 230307
147039 28938
207548 124307
88425 235447
193911 106282
47432 35579
42188 190640
235940 32546
3645 155496
19063 195208
131396 97662
83655 130799
1728 245444
159889 53692
210253 176178
24019 169395
236719 79295
122161 193897
191818 183293
249364 229487
127493 17128
92133 255428
35554 260696
135171 164414
55085 88361
240294 231844
185544 232542
83577 152279
2775 239925
59807 123080
108794 216443
127092 53722
189368 258289
228712 110870
53823 208112
173750 252153
129173 180849
208040 6033
17907 79622
132196 76351
137852 13412
67030 167975
9227 129568
68668 73725
100539 83873
92082 82744
75689 101245
55901 198485
242673 91413
222868 508
141598 225942
244093 114846
66425 162052
224465 232181
127305 27569
115340 165018
95650 84658
256703 157120
244795 218734
80248 214147
35726 14380
61162 123890
28417 190990
125913 215448
148319 23615
154162 113822
262091 201108
243424 46673
201452 45811
177624 29515
111927 235986
169309 238596
192977 151902
117122 188693
32378 40271
18142 114322
101792 172375
132677 82858
1159 55126
14519 141155
32574 138007
209860 122225
129244 68289
189715 46659
264928 123958
55242 224689
208658 136222
247779 192457
217288 137202
193583 20005
121872 232519
133441 251844
3864 151619
118735 225065
125372 124013
91555 16459
5299 94606
239576 109518
24361 5625
381 191180
175059 121571
222962 128512
265127 36823
42677 232992
227326 46791
262978 211391
117493 95976
201463 57353
75474 110693
101369 223476
15667 62228
150895 4506
66274 261654
153861 234474
114818 40540
30574 50802
22342 11523
101914 234243
136555 181467
264014 71667
203825 134019
56296 233296
115694 1256
154833 225312
57918 90599
11837 12541
232862 120872
242250 20169
2074 42080
1356 127730
146367 202023
202178 212782
106932 54402
8489 62897
173928 80166
226782 161686
247215 36435
109446 171673
64175 234670
161260 102907
40302 252930
62712 250884
152328 34492
44990 54034
159816 217220
140776 75090
110809 267661
67645 154353
56750 168737
100186 223112
157797 142437
66294 230940
253517 183334
42359 62045
258901 155640
60937 211844
12810 130493
181415 244886
101771 72164
94353 167991
48867 199937
50882 199375
229252 125340
110799 183833
79722 196247
227658 153920
98955 190173
123023 216355
201117 74453
136211 104752
247112 91725
168639 259001
46093 28195
10669 21435
199881 56863
268604 56283
156931 142386
133958 181852
71622 258772
18007 25244
119196 73017
77596 102993
193195 75763
233287 111972
921 98174
111985 20087
230403 26823
50519 248340
136272 219679
135611 109171
247756 36900
15046 197676
81221 131227
157998 251715
237558 233111
157950 18929
32406 124873
201552 229244
218658 116032
261976 111383
112014 16096
172432 10368
89384 217063
183463 163711
76865 148151
17330 129859
206164 66593
178895 45198
34497 109917
245569 195496
27322 81188
173521 207899
22020 158785
226286 134907
22295 3548
239977 5729
107284 45041
27973 168266
135362 254963
158804 209426
24498 178188
21249 255822
135097 188454
156146 260326
91377 205281
237719 34733
208632 81684
193755 126551
255306 71703
88418 78902
30612 110046
258744 46999
75795 219308
204343 258246
199302 148999
221720 203181
108715 19221
4709 227471
264782 253306
210181 262037
183327 53774
193531 174323
140179 137472
182315 225862
238367 15207
225705 160178
86302 262633
215683 176414
195064 30795
194856 122843
218729 44078
164803 66638
158894 14400
114919 242243
252165 105147
142924 142089
215515 57244
141003 167025
217861 176939
139867 61050
125336 162927
97878 176741
36623 112691
221196 30580
106841 166532
156540 164785
198891 260262
147673 34200
228062 176517
227640 122765
144615 215146
122607 52492
261563 215986
35072 229988
25914 219281
216235 51464
120221 151128
189306 52921
103538 114975
114574 116956
56072 115028
24832 17596
191909 231078
234951 235946
175295 138923
183095 202323
69329 50930
261949 229888
248205 103606
132354 159929
151289 267176
184480 262065
853 117942
182679 107732
167918 160800
47222 235283
138259 60763
165086 239114
32503 25584
147549 107652
112890 165459
183371 34969
185993 26658
58197 243561
91191 7271
209385 33042
147637 212076
98451 11093
89783 18000
125342 81162
59833 177051
164119 32332
191675 44189
144832 217178
3568 107314
70351 216347
226519 92469
116805 100034
239834 141007
29287 502
36853 268028
256944 64174
134643 124368
263598 17201
111849 165288
213787 217193
67798 165415
216226 22349
15325 201987
58701 144839
194224 11395
187516 174282
48221 153894
184384 193368
263606 62582
234059 92126
167854 265637
52652 215719
185079 17009
147711 182334
16964 6896
160237 216217
109499 218034
97867 92556
69935 255514
145485 127332
188478 93940
256180 238823
90135 23430
188989 153665
96901 52268
88887 50200
48296 255844
176393 28418
264394 11642
102810 157524
140164 184151
39070 244820
69472 3586
170224 186239
197910 199412
3422 168585
137405 150171
181916 114046
263325 57499
243073 79451
434 220847
170713 198071
135354 51845
237783 29748
181053 141529
143205 146091
196989 25689
208001 85534
187152 245905
220855 156036
77855 34051
256229 191362
83374 214694
198679 156592
95031 200081
181591 88535
194682 121773
123099 104411
75282 199286
167434 47260
7792 50794
264008 31638
96079 215699
241212 69957
183944 39263
250925 14522
217836 241511
202879 25020
11656 242621
109143 51076
17586 177899
29873 2846
520 226443
56546 268320
136866 30481
169720 47040
73197 18469
43948 24986
237096 19968
196487 147033
219256 65653
203310 256652
196525 19210
140876 246541
11635 121026
243034 254024
118336 130333
236655 201230
150988 64900
210336 105728
245436 105348
83122 204611
255109 18733
34456 71741
213486 23670
53428 210
98452 219156
255512 62935
232351 124436
92063 195209
22580 139082
206181 97840
121652 239857
20227 75460
178323 177672
116486 170177
228402 114995
145610 234937
101233 206994
66700 205977
187429 45409
231813 202658
9287 149095
257208 134684
106125 141508
195961 3557
83337 5295
77130 40436
209299 218542
30194 77312
33909 105363
118058 158020
235024 153926
253312 14511
56504 56974
39623 116323
165265 219782
55084 236604
130433 9240
243579 77766
109709 17915
61160 51143
11789 5186
94429 131699
25140 168695
188890 151435
209808 223539
66708 4642
220167 63202
244862 33686
97764 80513
212963 181213
227297 257607
93267 29556
180256 259723
44387 29000
100380 254022
23518 263472
186810 92719
266860 78633
227541 23463
266538 241479
250652 201141
111978 250903
176498 47575
239404 148754
214848 173576
68772 86029
244223 245745
250111 1536
262294 162637
61433 92565
159683 16531
180326 105189
125994 190074
128551 141399
192700 256528
247159 167844
169359 263896
71377 101909
183013 136404
191239 11399
208675 104057
83858 162321
226195 76431
5379 150390
97756 229685
259027 110116
23832 204869
81696 146895
39802 196623
26778 49395
252299 69818
231964 202084
245347 233173
52680 266444
147656 199192
65358 251933
155270 17024
157164 163246
13798 108539
150422 244212
112890 202155
254598 127986
266678 184131
213825 231056
125638 91246
123819 85042
58956 257405
155863 160222
85347 232243
76580 52998
135414 255281
118323 180639
104380 112207
125964 16862
112744 123869
208755 128190
203165 243788
202449 91554
148932 152635
169931 100880
36056 61382
110996 40759
192561 264450
240130 31319
228854 933
40977 164241
145049 104480
111642 229793
203838 126902
166226 142852
179320 200336
192975 49213
96057 258511
130359 30485
76101 137412
94445 43279
89245 242603
1706 260654
73200 178091
92572 161970
249648 165198
72182 197029
253989 209486
47702 204958
100380 231048
114184 267970
44111 261031
164886 40291
60780 183891
236476 239907
20257 73210
102257 104823
97317 119895
169964 262394
131536 39730
31932 69396
196110 154558
142153 11878
113583 19556
118942 147864
20534 192006
10262 170645
25688 150614
200214 62370
208159 208790
171003 21385
218522 64727
174591 182366
193648 180249
139728 263686
88879 123682
260947 60525
189073 205601
138192 65316
51674 138672
2921 163892
162724 65328
114915 254447
125848 155850
43578 37760
219731 69669
26423 58603
165854 71978
51209 135390
157309 136460
88267 239740
48477 110450
206472 122779
171269 111957
75240 90130
824 128099
10511 24434
243347 20966
125047 185452
110435 24571
114910 57799
186568 73225
245511 15524
174151 28656
61337 35659
233051 146093
243286 117969
128403 61347
228484 79875
36468 152240
224628 265994
63817 75887
37009 8339
268719 227646
137947 16910
200106 55501
151976 114580
101355 48393
114021 221884
84736 97920
82055 146653
30722 234735
214538 179780
60068 192060
8910 264952
260438 205790
146178 168119
118398 207107
28864 12221
50490 22173
240096 156531
12017 266656
16786 267100
44199 167991
191772 198502
182657 87342
16987 210430
177418 42895
72160 171908
75800 89421
216060 8496
137099 77701
60711 208819
152278 159007
237018 225943
202037 62038
261991 150714
17620 55421
211296 100867
174360 262101
101251 193809
229645 39597
106228 236881
115513 187600
180244 96547
101789 228267
136406 234125
85961 175819
116298 118718
144390 16421
163768 125879
228686 187569
147163 232970
35978 131936
151580 120557
62067 160411
161736 169697
53498 39954
181078 170095
222960 69702
225067 79083
187153 32726
65656 20530
206436 134325
28559 125543
245873 184708
173995 36681
7480 84976
90449 163578
139713 57922
146906 154627
231648 84825
154923 135441
252402 196985
214112 177269
189965 197009
53934 111978
200524 109375
206807 190535
188076 73433
121261 40448
84711 262009
234169 100133
99328 73784
201185 204559
28389 196753
231375 39954
123484 233540
238106 136174
237808 228158
238574 242705
208425 188531
122481 230557
171603 199495
32777 166824
162969 243009
83609 16101
102465 268506
56428 229999
54124 250825
77458 165166
82523 7090
53881 262954
118046 180240
138668 84596
59933 134983
124817 100021
108662 69544
99983 182597
180664 233071
229390 84497
16361 166745
15005 88637
123874 187833
155890 105072
60262 204094
162994 38159
96787 249176
211686 253244
154835 194313
20290 163344
112475 190200
68979 198254
177059 165806
154936 96684
133685 820
138506 234639
213412 23793
176520 113859
256213 6360
31950 216396
15805 155963
24095 141928
218512 215668
75460 101759
108172 18519
191400 3156
234606 106444
94338 193464
219493 204341
238341 256336
148444 131002
61709 117865
30689 175136
205612 224198
41452 235372
96262 186294
135616 72677
219577 165225
41950 171432
179669 114552
1324 121675
163030 106921
23299 118507
256210 135023
79838 96291
75501 204038
58055 229489
243905 324
222051 213924
231934 12980
250320 91658
166559 92645
224532 242005
212652 175384
220255 132871
201882 204298
180352 62390
46978 159279
129206 126288
213668 12017
20511 165727
226758 146293
23532 130265
52653 114984
166004 238723
207562 100780
37474 228689
59729 94346
47887 124076
16094 117020
40318 170348
58732 93067
258047 140685
169243 238482
74022 200344
31139 173746
228843 31090
2442 171421
15776 240460
133021 31518
18614 198952
134795 41676
95079 199617
38577 219511
55974 105901
202335 197721
253342 75315
211965 111921
172573 114666
117727 245139
23352 16279
36508 146200
251672 205828
219712 27090
37665 186382
158202 97672
25944 123184
241415 99822
214462 146522
19917 196843
201047 52062
189616 74967
184120 86729
180030 33388
70684 18065
264474 228936
7556 104765
53758 84949
60482 265971
158737 30087
46174 117766
128827 99618
59992 230828
238050 83909
60786 261183
65748 186574
19845 218835
65518 109316
243761 176000
21242 123290
212130 163330
56030 57605
30582 218610
147205 182519
219430 267363
251499 220448
91439 187529
78635 153678
26036 114862
98474 156712
14577 155780
211016 60499
224286 223083
105986 70429
119017 6116
59593 210980
255344 192406
215825 177176
205983 255093
128090 142873
200076 219923
120056 200875
250625 85002
58228 27013
174765 49534
185302 196240
238140 7928
35590 31249
243488 9230
33243 236299
127058 169882
128570 65145
206455 3333
240889 245649
191144 54921
47110 257288
226483 242345
216505 181203
127547 208730
167407 35155
169855 236980
135187 73867
48452 225935
6288 201143
89533 221366
74709 37896
232775 95298
169541 203702
26996 56061
214813 24854
61627 167102
210516 157186
246215 118893
204126 64099
17710 46063
74398 52562
179983 32989
144570 26124
261000 134801
50025 100236
224158 212501
147466 113898
23364 217472
10958 8210
193512 177812
177217 106558
84772 66688
182038 137856
96381 250776
204468 170652
135499 160959
41451 165376
132975 258842
84157 87327
165635 101158
60424 41853
48831 22062
46148 157271
192766 137633
254106 218365
260764 33631
35640 50463
165217 96628
72927 67688
129768 62601
81594 135577
150408 240464
58468 167033
113215 154705
177733 118857
32418 101175
202132 183515
164183 250458
