152
1 1
1 29
39 12
15 8
32 28
39 1
39 5
32 15
21 18
23 22
31 35
26 6
24 2
14 36
9 12
27 40
16 29
1 19
23 19
35 12
32 4
2 7
25 10
17 14
29 21
5 6
8 36
11 35
4 28
9 32
34 18
7 8
40 21
22 6
37 1
26 14
9 6
24 2
36 20
9 30
8 33
14 17
19 2
4 26
3 3
18 29
11 34
3 22
30 4
36 8
39 31
13 38
7 24
33 31
28 33
34 40
11 25
18 34
16 12
32 24
22 7
2 40
35 2
6 5
28 1
8 14
3 5
37 38
40 16
1 6
27 5
19 34
17 38
36 10
16 40
3 37
14 9
17 19
30 37
13 15
27 2
28 38
39 4
32 4
40 35
29 20
25 28
8 32
26 15
14 34
37 9
26 21
21 28
38 18
38 22
28 9
3 37
33 3
9 25
8 33
5 32
22 19
36 2
35 35
14 18
12 5
32 11
7 31
35 13
4 15
5 26
19 18
26 2
8 14
21 16
32 35
26 22
8 29
27 37
4 32
38 34
31 35
35 37
28 10
38 1
12 3
24 3
12 17
38 29
23 21
12 20
26 39
10 15
28 38
20 13
9 25
21 28
28 25
18 36
27 32
39 17
38 6
38 29
9 22
39 5
34 28
23 32
26 12
38 29
16 36
4 24
28 15
40 11
