200
919 682
327 153
-586 -109
117 903
-575 -902
-409 -391
-875 -529
723 -177
-74 -682
-241 -66
115 407
-140 878
729 953
-585 678
911 586
50 650
421 651
-665 -210
-465 433
-296 -505
238 -958
159 917
-200 -302
13 164
771 -402
923 287
354 758
-579 -518
190 -794
11 -632
-815 414
-163 621
-545 -224
828 211
-989 -385
910 866
-944 -675
991 774
237 937
262 252
-320 253
-951 586
652 -166
-226 -611
-277 823
-734 -109
681 -867
483 -606
-194 333
-753 497
927 -276
-421 979
-558 276
-757 -9
657 -21
-508 -636
226 -88
-58 879
623 401
-832 30
627 -142
163 618
985 985
514 -123
51 704
127 714
-159 590
-652 513
-298 -991
-900 -961
21 903
519 -684
226 557
154 234
405 742
-391 933
-96 -365
188 -350
-92 163
602 823
341 951
456 -409
-639 947
-891 -219
-973 886
-105 -839
370 -203
-610 -963
509 -834
408 871
334 257
946 937
369 895
-59 -511
-100 795
-230 247
-593 -371
-250 983
589 329
169 385
260 -919
89 904
286 746
481 85
-665 983
-822 992
-935 -1
773 -405
339 -229
318 -687
-470 -694
-167 -441
976 -748
941 -619
-770 18
-18 417
496 394
-302 275
-122 -764
-30 569
34 -10
-288 -213
-181 782
227 -876
909 61
383 10
804 651
-420 -263
-176 -728
-562 -946
-297 -836
368 980
505 812
-11 846
625 -624
-165 658
-988 -378
577 305
-136 -338
786 211
-514 795
-742 -746
27 -587
502 -631
898 230
721 -855
771 648
-308 362
-262 -200
566 -907
953 -947
977 216
708 -274
192 732
-615 -91
-28 940
626 735
-101 -443
510 995
399 412
-759 463
16 550
-389 789
753 -983
-560 -903
-610 -838
-888 -90
227 582
763 -551
18 970
756 -789
-376 -477
-18 -316
520 605
-929 280
-293 -183
335 -499
-694 -271
636 -390
839 236
547 140
-487 -431
-536 397
-955 979
963 -818
-535 -720
-250 -850
-551 761
967 856
512 -236
674 427
-155 593
-256 37
355 -759
-18 201
521 -498
-42 650
-67 -921
-8 57
-88 -450
