169
-722 553
742 35
-44 -510
-232 64
905 -818
319 832
49 -565
-362 -846
895 -179
-773 132
-904 969
655 437
-66 -761
-244 -300
298 71
-701 244
232 -63
-420 883
-889 886
537 131
-479 -795
513 -919
663 -89
-977 -46
135 918
531 367
356 946
-748 -759
-117 919
111 152
-942 266
-106 675
798 -391
-770 -664
-570 36
-285 504
-892 415
740 -264
896 -819
-485 593
669 82
-226 -377
280 -619
-733 -180
-19 296
832 -744
733 595
270 -686
722 961
963 -927
-371 778
986 556
799 -127
570 733
-166 -673
-452 350
667 557
-326 -896
-547 879
467 107
778 -479
697 656
92 -236
-560 -709
-45 -385
631 -31
138 792
-263 356
38 -1
351 -320
-946 -749
-917 24
223 -734
89 -363
-364 53
-447 169
-180 -338
-733 -368
212 -1
-207 -222
-935 -861
-39 288
-150 -350
803 -859
573 -392
405 -121
921 858
301 -935
-540 666
760 -63
-595 -262
-156 -509
148 328
-701 -689
390 -680
-33 244
19 195
951 -279
93 -397
-648 330
-885 -432
800 -212
508 743
819 -495
-79 -252
410 -882
-746 -524
-763 53
632 859
-197 -78
-914 -80
383 303
372 541
173 -424
616 492
835 248
425 671
732 307
896 -117
988 -872
877 982
-484 -843
-346 542
-985 490
630 681
-33 -689
-494 -323
-752 -323
273 24
194 -644
72 -207
462 535
321 -996
-251 372
-462 759
825 251
-176 -856
97 599
483 -640
-193 340
680 -87
495 -304
-757 58
7 559
965 575
-159 988
-910 -58
90 679
-569 963
-511 -470
-307 -568
258 -943
-117 529
-364 -951
523 25
970 -552
-930 714
-221 48
-121 223
-786 -705
-105 -261
85 -568
-162 440
-918 772
653 732
471 -342
-524 -336
-123 -100
119 925
