151
883 -390
277 -796
452 -579
-925 572
-900 -567
-713 -367
429 92
610 332
530 221
659 237
-165 -679
-148 -995
-413 -158
-409 -815
383 209
-63 -348
-143 -574
-429 395
-866 -975
653 616
-838 -248
-609 -886
-403 951
690 -138
227 665
-1000 342
-945 324
-207 -38
-497 781
-11 -998
-50 356
-972 -60
267 -277
-109 -839
83 437
679 927
-98 762
301 -434
-190 76
153 -399
-538 617
-318 323
870 -236
327 759
920 -145
-249 -450
-680 857
-905 -674
-935 452
233 118
359 439
-296 -491
222 231
-31 459
-275 499
503 -23
892 -695
198 783
-561 -481
817 537
-878 847
-290 -402
-632 126
369 -760
445 -978
-847 51
33 770
83 -450
-88 -744
-707 -794
-178 190
-77 -679
652 175
248 -623
-756 229
-66 930
-54 -78
996 932
315 271
-625 51
218 -199
-810 -337
874 -159
-75 -459
507 -57
-192 948
871 510
-50 746
415 -707
-174 -909
840 838
-240 -31
-824 -217
994 -61
858 721
-274 -405
31 -353
-565 107
99 -3
518 -535
-926 805
-324 321
-770 672
609 -514
618 454
142 347
-38 891
-984 -175
85 112
-781 48
377 118
517 -374
903 -380
-791 -927
-764 -73
-104 446
117 -697
-623 -25
377 -612
-634 -595
-455 -789
290 -482
869 893
-310 88
-38 434
837 633
-967 -542
39 -453
-204 -876
-363 545
604 922
-105 -531
646 -528
944 -463
-573 279
-168 -582
-765 791
875 -869
-981 134
-50 492
77 286
-465 -726
821 120
-598 -697
950 -781
853 -252
253 -844
-373 -144
891 -754
-91 967
-132 622
