62
264 693
-780 -13
-526 319
-692 -514
322 -96
48 143
132 885
-667 832
-560 159
-56 -802
784 -840
300 -156
-140 -331
760 -426
-346 291
-143 -693
-667 130
-103 -290
111 -310
376 161
-411 -2
-272 -119
507 265
-455 622
-707 -552
857 131
100 -705
-909 -611
-65 403
379 985
-133 -643
-957 184
-545 194
-337 -266
-560 -88
-483 969
-775 -784
785 -277
741 -162
56 373
-744 -485
736 847
-184 -383
537 -166
-285 -576
579 -804
474 676
-84 -987
-360 -158
665 -263
521 114
-407 -858
-901 -543
-802 -568
-329 468
-544 -692
25 -248
-995 258
-517 -706
-425 -647
-779 -540
-876 -33
