2000
523 -172
394 -544
16 -184
540 532
-297 516
-658 -102
629 -173
83 456
842 633
-885 -997
702 -318
336 750
-308 -520
338 15
-64 -984
-22 193
602 -687
149 187
948 -19
-168 -161
-634 143
933 319
-395 237
558 -546
757 690
-755 -703
426 -61
33 -27
-985 -454
389 -728
72 181
-55 763
942 -644
413 239
82 632
-872 383
526 955
529 -510
-393 491
-123 -523
438 509
692 146
-733 -549
-89 -408
-148 -579
-15 735
-153 199
149 -124
491 997
-621 226
430 -353
-619 872
518 -465
570 241
477 982
517 18
-209 320
-796 954
-629 851
-426 522
913 72
292 514
388 -451
203 -657
365 -808
-20 -233
695 -444
-792 -333
-972 -240
243 892
216 892
193 850
-746 290
817 -124
4 705
-980 349
597 505
661 -35
-895 700
304 -838
-960 -650
-865 -652
-566 -805
-946 234
-391 574
-921 748
438 -169
-443 -297
888 941
-672 100
-727 577
-977 733
-675 541
-114 -64
-409 -385
-749 -443
-828 319
-864 213
155 -38
-168 902
141 953
147 207
-439 143
-506 -738
271 454
914 335
841 -621
-377 -70
-28 976
-440 193
-327 -91
-154 -943
-779 -716
-371 609
-585 -207
-88 -129
900 -462
54 -435
56 -971
397 53
-187 460
835 228
610 -84
-1 -931
-773 -330
368 80
683 -529
-587 75
-681 -252
-929 343
-829 -757
185 38
-347 -769
698 467
-911 936
-671 539
839 371
870 -829
174 344
324 -878
-528 -618
153 -906
-265 712
936 904
-977 -899
271 209
-839 751
-244 6
-196 285
-137 360
-288 653
-891 -208
-101 5
-38 -146
765 -270
517 176
559 -611
-167 202
-101 20
426 -497
198 -931
-199 -783
-408 -434
-378 946
382 467
818 -35
642 676
549 -264
855 -331
46 464
-525 -962
191 618
-497 -576
472 -967
-807 7
-83 394
-773 796
58 835
-640 -678
625 -363
-268 -952
-124 -891
-419 -680
-634 68
-448 226
262 781
-792 209
-844 -581
-457 369
-378 506
774 760
422 113
160 375
-764 387
-666 302
116 293
-277 499
866 124
90 -585
280 -659
-820 558
-117 -31
-605 -70
-589 -706
5 159
542 713
689 105
-831 -343
112 -968
-313 355
-994 250
311 311
-896 595
896 -446
-951 216
-17 164
-368 624
-113 -226
601 -724
-732 -170
883 -385
-557 -131
20 -939
-937 -538
-932 -333
336 -550
631 23
-95 -692
-632 -949
-934 892
-84 -780
183 107
37 103
-370 -601
986 -783
-170 612
-865 -70
789 484
-652 734
535 -13
133 -150
457 719
-579 -975
-924 -162
605 -700
-318 521
-684 723
758 125
410 -623
101 340
-254 46
-70 747
-991 923
223 402
-816 -815
-398 3
-246 48
-795 394
-200 -38
646 308
267 332
-879 732
185 484
-792 -347
-880 483
-873 925
491 133
-630 939
-252 -820
675 463
-679 92
762 639
-341 -492
359 956
257 886
738 -8
510 777
-257 938
-265 428
-209 -538
-864 -314
-509 -550
674 -151
987 -738
-505 -595
107 166
-78 72
-512 317
-570 -528
841 142
-952 228
564 560
959 -824
-232 183
-966 -810
22 74
925 370
293 824
84 -174
-630 -800
89 7
648 -856
-500 639
560 626
574 636
747 -885
926 -620
-393 379
542 466
-267 -844
256 380
-207 -320
146 568
805 -130
-135 -789
702 885
131 -169
546 319
497 -375
150 -296
-976 593
906 300
-756 736
187 -520
555 -558
-656 -941
-780 27
241 578
-112 -148
-614 -851
274 -83
366 -674
713 -711
-866 -511
756 -317
-198 383
852 -453
607 -292
-851 748
-700 726
-317 292
130 684
86 -109
-249 352
528 469
315 -55
454 119
-153 -456
-684 -709
536 -977
799 -167
-542 517
430 -311
-196 345
-442 -200
120 188
-575 318
-688 263
-591 857
868 -994
673 110
-841 216
-345 -666
-480 636
921 -31
189 -407
828 961
-494 463
377 577
-416 -266
738 -961
-758 -842
282 977
-587 816
-552 493
63 -214
27 225
-938 -250
822 617
76 -765
395 -437
-654 892
185 953
-526 -500
101 -55
-784 960
-518 -459
372 124
711 31
-946 765
-463 -849
396 276
-507 -245
199 672
-560 -219
-440 -305
652 78
-843 255
-861 -478
279 935
-749 482
570 -60
-352 225
-320 450
706 -244
-639 -828
557 -928
578 246
386 -298
-192 474
-387 -390
-100 -90
722 -786
653 163
-677 310
-802 852
-444 -643
-64 401
508 321
-827 -739
45 39
80 -810
90 577
724 659
-140 -641
-599 -511
-267 -756
763 414
-177 944
-939 777
964 684
538 -568
156 -298
349 -470
37 -181
79 -920
389 -593
907 547
-310 -256
-179 -652
645 -766
142 489
-37 276
-102 428
250 12
727 140
928 348
942 -688
333 -454
176 -382
379 -353
562 49
534 -674
-429 -575
387 644
383 285
-768 -403
363 744
-943 -407
-430 469
532 -607
579 -863
-946 966
-743 -497
-404 460
6 -842
85 806
-235 644
-479 216
883 565
-839 507
382 -894
-513 -132
-802 563
-50 169
245 -412
-643 127
537 -425
934 51
869 -214
-665 -39
-257 -235
-744 -874
131 -584
-79 588
-916 -851
486 -799
399 -277
-966 -951
-618 -105
-952 56
355 575
-27 196
-737 673
-908 560
140 -463
-217 121
386 1000
528 253
-391 -784
-298 -809
-623 -335
-911 288
830 -818
608 -648
405 432
-889 87
-168 865
-966 -434
21 823
507 -329
-614 404
-534 -675
344 820
267 -144
89 300
211 670
-512 -197
-292 535
437 -678
255 9
428 656
84 677
-166 571
-461 759
-600 -399
495 -8
416 744
-363 -722
370 651
105 -2
38 901
605 475
-357 408
-426 -366
474 166
457 -788
790 482
-673 652
175 930
-1 391
978 -70
119 171
160 -103
601 -867
521 -776
337 371
397 -534
782 -808
342 606
-512 11
-556 -472
-255 396
-303 -263
890 160
-1000 55
607 -948
427 -522
-538 281
892 -573
399 211
586 -678
-701 168
583 -916
-908 -790
299 -370
799 -235
279 198
-939 -404
55 -722
975 316
-413 -54
-802 605
495 789
-435 -46
537 26
238 303
-579 -470
-913 155
469 -721
-989 -679
-277 -157
-693 -107
-244 561
-444 -598
293 481
976 -61
654 414
-658 799
-360 -969
-338 -212
97 804
-789 118
-712 576
-490 -282
868 -959
-222 -15
136 966
-796 -72
916 -180
977 -497
844 -511
883 379
640 523
-511 -184
-971 -397
-301 916
635 176
259 -974
776 -683
407 -611
-312 674
-4 127
-758 -562
-476 802
-622 95
824 446
61 -320
909 -609
514 -164
626 -437
-647 -392
570 121
-549 694
409 -881
549 311
-756 297
-471 840
16 945
-747 -727
-530 -588
-941 897
369 815
-641 334
128 735
-299 -287
232 418
-444 -628
-30 -739
-947 -415
297 478
-970 -731
-523 -915
-548 -473
595 -264
987 -129
484 -954
463 -686
12 591
-992 -605
263 -815
123 -688
213 728
638 -807
-180 -317
517 528
826 -726
-178 -774
-609 979
-13 -210
372 -410
-435 -809
629 -53
919 328
350 -282
-455 -499
-882 480
-127 -249
-268 -317
-905 929
493 645
702 583
31 437
812 -528
102 -701
-211 -992
-300 -822
849 -831
-246 -47
242 164
37 113
720 -816
-773 -154
-983 -522
344 63
-321 -520
-958 54
262 623
833 799
12 782
361 -434
-446 -214
-751 144
789 -369
616 -595
129 508
-999 603
-352 765
-704 -597
541 783
951 -571
-295 -865
-799 -741
-923 -973
569 -80
897 -528
-261 -280
827 -341
165 80
234 -856
390 -677
-49 76
184 196
853 -491
-348 600
-796 508
-424 -286
-319 -332
-561 -368
399 -181
379 923
-374 970
-767 -829
51 -777
-241 405
675 -495
619 83
198 439
-439 684
-498 -668
-839 391
745 115
-489 -704
963 234
617 -399
997 99
-840 -462
419 345
-336 902
-772 -707
-322 593
548 317
-724 856
-69 -277
-172 984
715 -386
-345 390
560 -216
514 -119
309 427
-145 -944
-172 -213
-816 904
40 613
-168 512
767 -774
85 -867
-774 -604
87 -244
784 28
40 -274
21 -281
209 -641
-378 -741
-640 -968
-415 724
231 938
-752 342
782 -286
-908 334
617 819
-61 -106
956 -108
-600 -438
-967 -918
897 975
206 -433
-47 -371
-24 -971
822 -588
796 261
538 7
887 -501
-776 -263
-595 189
357 372
360 140
-656 -780
-49 734
173 124
-48 -42
968 992
961 753
107 -120
-360 -206
973 -150
-568 -878
-528 790
730 -115
981 444
343 -157
409 -211
479 496
-466 -737
873 -952
484 -932
143 292
-319 825
-708 -566
266 977
35 909
-466 168
-708 -628
193 802
859 -947
-153 -852
288 -770
270 432
235 -734
16 -745
182 -414
820 -981
845 622
-812 364
-362 133
481 -414
-507 927
550 554
387 -891
686 242
-215 -853
-486 964
33 -89
-670 -100
574 239
-971 -890
943 -880
-776 248
-300 -186
456 -407
616 852
819 -113
881 -993
-441 291
-397 -346
231 137
761 1000
466 -353
416 -291
262 -498
-62 -286
543 300
-152 -100
268 988
270 830
-94 718
773 -946
49 -483
529 -212
850 825
-633 62
604 511
-840 -125
-957 503
187 963
-629 215
-152 -829
712 -666
481 -835
782 -685
446 -648
885 -311
273 -348
-742 40
-423 800
-746 -898
-397 -255
-722 996
998 525
574 29
969 553
-376 965
-127 -384
-187 -299
-159 -567
45 -750
773 -547
-698 287
210 833
294 268
387 64
-956 457
457 585
-668 934
-444 -954
747 -322
711 -913
664 28
114 -145
632 -907
-826 -680
-981 -260
649 54
-549 -336
-557 -332
264 -421
571 -227
-460 -923
-941 397
420 -237
-173 -775
373 -688
320 -876
745 -594
271 -393
379 971
301 -810
984 -959
-602 779
-274 -289
-85 716
-152 853
575 -416
50 -125
692 836
-875 -371
431 268
-133 9
929 -747
601 478
-299 937
-197 874
-849 -946
-564 111
-309 581
-37 695
-402 252
810 557
206 -245
-36 968
696 5
-462 -341
-135 697
-527 -77
815 973
-226 241
765 117
-630 -90
-970 40
-253 -210
177 489
-199 596
-58 -47
77 -991
-241 -436
-990 241
-182 -807
753 357
662 33
34 -161
889 13
-531 56
-240 392
236 -278
-542 861
679 -739
212 -484
901 416
707 -145
-903 -562
873 -175
-916 -974
-381 -614
-787 190
365 792
27 423
-518 464
612 -696
659 578
220 -435
674 839
-841 592
-333 224
79 -886
-434 -365
-983 -299
772 -398
-654 89
291 115
-294 -917
196 660
-203 -106
544 827
-149 833
688 197
-438 591
-422 996
154 -908
-197 -387
-415 160
-528 570
-679 951
-106 684
-812 463
-320 -927
298 -167
-817 60
-396 -865
-293 867
-422 414
803 443
21 -606
880 -945
134 526
-504 -25
-608 33
7 494
390 325
282 -255
845 507
-512 715
-586 -474
724 -625
24 -642
688 -592
760 -981
-260 439
-602 564
-430 117
-894 -714
-526 569
780 105
-615 941
-212 -796
-866 820
379 913
-388 736
-179 171
575 61
-76 -862
-392 -711
-854 -534
303 -145
725 -528
178 222
-796 -621
-617 -83
-591 -260
562 -220
-378 -286
-123 756
-749 -760
-951 808
-523 891
-54 844
871 964
986 286
-720 -990
618 368
-979 -279
919 406
-164 599
332 998
47 -810
-971 963
833 -744
292 176
-483 462
-479 -199
765 -309
996 30
745 244
874 -273
240 -559
122 -998
-531 -981
721 -657
518 743
-437 939
-180 -549
607 284
-556 95
687 -60
105 275
-889 213
-734 -298
-363 -803
-827 -380
-463 -333
-56 -735
852 601
490 140
-652 717
927 -779
-768 334
224 -940
-600 212
-981 375
-680 354
368 -408
649 -552
937 -252
-373 579
584 713
-923 604
878 924
976 135
-179 -678
882 -335
-897 -288
167 -670
606 830
-389 -124
-953 13
-852 165
-812 216
-91 982
416 -972
255 157
-447 -768
-208 -2
517 -919
402 924
-734 -232
-688 643
70 31
127 -60
-217 970
875 -689
913 865
311 742
-778 -407
339 280
-819 -514
-240 53
-913 594
-39 -491
837 -548
491 866
795 935
394 -401
890 988
-433 6
325 879
-62 -979
-740 -284
444 392
-15 -548
945 855
-409 -513
218 437
348 798
520 386
-886 157
-292 561
-615 429
862 -416
-494 456
-725 -51
-431 -465
-796 -961
-549 652
-112 -618
646 -154
-889 837
-232 611
938 -167
527 -879
-305 -438
-682 -646
341 -282
-745 845
337 818
724 771
-845 -853
-632 -432
-50 919
83 -814
648 -236
208 -972
-321 -143
-131 555
-777 -878
-423 -650
351 869
186 802
6 719
-723 -381
551 -382
-601 72
-695 49
-40 -899
218 -935
-55 773
-874 726
832 406
-7 692
15 -66
542 278
-564 -202
-507 610
-841 -421
-59 598
-611 814
767 -344
-702 71
322 132
603 -537
85 -528
232 -623
304 899
-415 905
357 964
-701 636
662 757
627 99
195 260
-671 189
-367 -797
404 917
-275 -74
-239 -228
938 351
-797 833
-203 -261
856 685
-64 546
-857 601
-852 -577
937 374
-46 249
-278 835
-474 -370
871 -454
-629 -357
-564 921
-637 124
-134 916
-358 -962
769 -709
-462 457
885 -878
-948 148
-246 599
440 867
399 720
5 602
-275 781
-482 875
551 597
-235 620
-112 792
-347 -325
-777 576
822 -785
-144 -766
-419 970
224 -623
394 -916
-123 -889
-1000 222
921 -644
-399 -287
995 -310
-875 967
-614 -360
180 702
-904 -265
998 -506
-910 154
-98 -57
497 -425
-600 -628
316 309
-68 177
137 357
-624 -127
265 291
716 -86
544 484
-920 -161
386 397
-219 884
-934 -554
872 624
-751 62
-863 491
-609 -665
356 87
866 -212
568 -874
460 -880
455 -227
679 287
-408 203
861 -465
-469 546
259 348
-221 -246
624 118
121 43
-887 187
-869 -194
283 877
-311 -725
-107 -146
-825 -827
-391 645
-621 128
-595 -425
-95 842
-859 535
784 -684
-228 -437
-611 259
815 349
846 -828
431 555
-622 727
-930 -23
-47 -118
93 378
635 -212
-777 41
-348 -418
-457 -835
338 513
-731 -333
333 865
-578 976
-670 -764
-244 548
566 -349
-110 412
539 567
127 793
69 222
745 279
947 -678
311 -575
1 -598
-443 -793
780 188
-208 -382
-214 222
-267 3
43 543
37 -71
794 -741
-866 -406
-279 801
540 377
468 528
-437 223
-462 949
657 971
-509 -153
-916 158
-654 432
899 -663
-570 -929
418 -995
972 552
-988 -355
-968 -398
-294 -106
-336 -756
210 287
-986 613
-401 844
-348 -616
808 -588
718 -147
697 262
218 -55
279 777
-812 709
557 942
297 644
-846 566
-548 -716
767 437
770 285
-557 -472
-513 417
-944 878
761 -631
-128 -868
510 -555
-849 861
401 405
-388 990
232 863
933 0
883 -462
-478 -739
969 -188
-988 -523
46 935
240 -178
836 72
-241 358
-831 197
-101 -892
456 893
459 671
703 100
-646 617
585 395
533 -478
-922 -585
-879 466
131 -674
-428 -620
168 -374
-265 711
684 -890
-229 77
253 -896
-49 634
-188 -633
942 -669
-210 542
-491 -104
-82 -865
908 -470
-681 -943
778 624
447 -19
-620 243
825 916
981 631
60 -555
-754 -587
-957 824
953 832
928 514
360 -742
-145 657
-297 -85
432 968
-804 564
553 -128
-791 -853
819 914
-915 766
-825 -277
92 -210
-158 -811
682 -996
-539 -34
155 973
-876 -169
738 297
-297 663
765 -183
582 735
-46 -140
-831 -222
-402 -870
27 986
437 427
639 159
341 -578
-560 839
-164 813
-300 -89
-54 -945
885 -827
-734 -933
657 -729
981 -356
-904 1
-356 -7
-750 -184
-182 414
-500 647
-49 755
325 -700
-221 473
-345 850
847 486
-955 -832
717 393
-645 -964
291 -144
-783 -900
386 711
-619 836
-52 -351
-739 -128
-395 599
-243 -372
722 446
-71 -377
-233 872
-228 -446
475 727
629 -698
585 -7
610 -924
954 -360
-480 -271
-110 -744
-863 913
-562 805
827 -135
670 939
657 532
87 -331
-18 -37
-905 294
-258 -399
201 -311
-570 330
206 -482
-679 -220
-523 532
-368 368
-74 639
750 810
917 -119
-448 -407
560 -653
-461 -83
-574 -591
-912 -798
109 -230
-928 562
116 -757
-974 -576
-298 -415
340 -354
-332 -776
-564 190
54 89
323 -388
824 208
-891 -943
799 826
139 -479
-448 181
625 -732
72 -551
-627 -386
719 447
998 -895
-867 784
706 434
-834 375
23 430
-428 -981
-155 -480
-826 937
-291 -288
-942 386
-385 -908
709 -619
-332 -234
-836 71
975 20
383 -963
-602 164
525 634
-493 -136
359 253
542 51
756 -68
-355 218
-381 -388
948 226
233 -145
549 -112
-239 -325
119 -590
370 313
714 720
-959 63
721 922
-448 722
-171 -521
-289 -76
-169 -824
-91 -729
843 459
687 -759
-187 -920
211 34
11 -504
-811 -807
-718 -204
354 969
623 24
489 -154
-261 619
-814 -357
956 -213
-801 791
-758 927
796 -805
-658 -589
634 -434
-460 86
866 -593
-793 101
-347 445
-314 -54
-85 -193
534 -132
976 -376
863 810
799 -624
554 -743
-588 -562
-215 611
-775 -327
673 -448
200 514
-320 -809
-215 -101
881 -660
-4 -129
434 408
786 558
-359 992
483 -199
-491 -833
333 -234
724 -474
878 308
-608 -292
528 -974
439 -621
-16 -774
-121 1000
930 -428
916 74
507 -142
-428 -28
-139 969
-249 458
715 306
827 98
-316 829
360 -7
323 -271
808 -577
-29 -128
123 -72
-414 588
-531 530
-760 -756
104 758
9 770
-590 709
79 -106
951 12
-493 -833
-760 -342
-910 995
-198 -703
-825 665
321 728
-48 895
-90 -267
927 -500
-22 478
171 -848
266 532
245 737
723 209
849 -906
-346 -7
-156 313
-989 255
-344 811
313 -500
-454 -179
405 -831
-819 -237
170 -575
-898 -328
434 358
-204 -39
142 816
571 -341
668 50
36 -589
-806 40
-138 175
895 417
-407 -361
441 -827
-287 -328
324 -722
519 -917
-117 -102
-309 163
-315 904
-573 842
-96 505
3 371
934 935
-651 -836
-359 426
477 949
758 -806
-372 245
-425 739
428 802
763 240
-684 -567
-763 837
640 511
786 144
-553 89
631 -693
-336 183
-945 310
-432 -671
237 -615
-134 -624
119 -236
-593 -48
-814 -482
878 10
-606 -667
651 -424
-287 597
-741 798
-216 822
-158 136
-218 950
176 171
-740 -317
247 437
493 -379
-369 -204
-643 276
-524 8
-208 356
-694 683
133 -50
638 -458
802 493
-846 -930
-323 -940
-288 838
-145 -2
-245 -98
-513 535
169 -335
421 672
-783 -192
-403 -667
334 -49
426 -5
426 -504
-382 -308
-703 -734
360 835
96 16
-163 737
-2 49
-853 276
99 322
341 70
750 -695
95 13
-529 887
473 -383
245 -4
274 808
-546 -719
332 150
248 728
246 788
745 461
340 254
-421 -196
317 241
655 -200
-382 -241
422 857
328 169
-534 -259
-93 -917
-651 -775
-460 -772
-136 -294
381 -733
-597 793
-811 469
71 -308
357 -650
-969 637
521 -537
-292 53
477 -134
-658 710
568 -971
439 253
607 -787
62 -269
-765 -785
360 723
834 114
208 192
783 -263
677 794
116 21
581 -371
201 957
-388 -442
-715 805
-760 -801
-517 -832
-739 -695
844 207
982 -290
-332 -451
-621 174
995 42
-453 205
7 -508
-335 643
-136 541
-194 -707
170 -891
125 -530
-499 153
-712 -972
-395 490
-339 -374
989 -111
-542 522
568 -785
78 -273
811 851
-663 -322
-621 -915
-568 975
-712 218
56 921
-745 97
-198 517
-79 638
-149 534
728 -221
-513 -577
581 -720
41 678
153 -50
-62 157
-639 -193
36 -63
641 626
307 771
263 -797
2 1000
958 270
896 -444
230 -235
-726 -723
-920 768
427 211
851 686
404 -569
583 442
-981 779
575 -79
82 223
225 27
-737 -30
-711 538
-988 -671
-300 814
-505 198
959 46
-909 -533
-343 144
465 552
-283 783
587 605
53 -463
147 -307
614 -65
133 -437
-890 -152
24 308
378 488
-987 -958
396 -353
-458 -15
624 -32
-573 -794
990 712
-303 985
-836 -55
-432 374
-54 -315
-239 -824
32 -824
130 -803
-66 -857
2 -914
149 -495
-625 -11
404 -945
-72 -110
410 -680
-786 -247
996 874
204 2
566 -572
912 -952
-757 -45
635 31
632 86
-744 427
-987 55
-48 -578
210 436
613 -346
760 764
-190 -708
77 372
277 982
595 917
833 859
-836 -869
-23 179
418 -730
374 629
-661 421
-237 195
806 -615
-871 53
480 932
897 -609
420 18
-424 -181
160 -909
-774 -46
-211 -387
141 -351
863 -261
680 304
754 -384
-320 547
-683 -77
-830 138
961 -443
848 -775
-11 -722
-145 -528
472 -607
586 -129
180 -186
-585 876
253 909
983 -538
26 448
196 -664
569 -802
135 467
494 -301
-599 732
223 299
-499 -237
-61 -152
-669 -721
452 226
838 -902
-287 -960
914 647
572 -489
-438 819
-428 -910
396 976
-286 -391
-24 922
65 856
108 -50
571 11
-747 -716
-607 -967
756 565
669 -486
600 501
804 333
-742 -706
45 -40
-128 -492
-395 -229
640 -998
-171 358
-334 -496
214 -905
265 -127
