1410
-65 -145
849 -337
-560 -136
737 165
120 -413
-897 -243
478 648
443 570
18 -762
-992 -42
591 -989
344 150
566 -352
770 -257
561 807
193 -625
76 245
-398 -916
873 393
697 -856
941 -104
-885 -244
174 811
931 610
951 -582
787 203
428 618
-149 -552
181 -215
-933 350
-571 -805
-488 363
608 320
-933 -926
-301 -890
-946 918
-126 -770
573 -70
-914 -842
-849 320
-535 266
844 -553
215 -331
-933 -546
-644 -576
281 192
-846 665
480 -484
442 -315
188 958
424 -190
-273 117
-661 -495
842 -368
749 -447
-407 -969
610 826
-427 581
170 -652
-816 -512
-996 362
819 -995
684 356
-846 181
-904 -639
-329 960
204 199
-67 -470
-214 -198
-409 -331
697 350
858 820
703 -735
895 506
-252 -934
611 -94
4 634
333 -26
335 -292
238 506
430 -621
762 -394
-65 -466
461 -616
628 789
534 793
46 81
31 -662
225 201
825 834
-819 -871
120 638
363 -156
556 259
-861 -714
-731 -975
912 -183
-293 717
-444 850
65 -81
387 -970
-143 734
-320 716
616 -811
786 845
391 542
795 240
-55 270
96 628
-574 433
259 -395
511 972
230 538
-858 -623
938 -472
-177 780
483 -775
632 522
-531 917
78 554
-436 134
951 907
-671 -856
-160 731
370 -434
-496 103
510 -921
-975 -967
-94 460
216 -582
-820 -408
506 -354
-695 716
-668 -866
-116 -220
-896 -359
775 -554
-424 923
-121 240
240 -516
-640 500
-80 913
-881 184
-375 796
71 -483
-757 797
-499 -681
-214 -294
364 654
723 -2
-302 -226
-336 -845
-459 397
872 433
-493 42
-345 -47
15 990
381 -315
-365 320
-385 368
-830 705
-595 -688
-147 424
-352 222
-373 709
-637 789
-925 -534
-315 -981
-186 -922
85 435
665 -185
902 812
897 150
223 -188
4 547
462 -347
989 -221
440 596
98 276
-763 560
513 -260
-348 -848
552 578
-806 94
279 781
342 -449
129 -543
-767 971
-570 874
-148 -863
-904 -108
-652 599
640 776
-663 411
235 -256
-132 -156
-297 -883
353 784
-98 769
347 341
639 837
-729 344
-66 604
-556 -906
806 634
-506 -286
-849 88
372 119
-12 -361
332 -429
400 -781
-427 -607
-478 992
736 -788
192 209
512 77
-112 559
-122 -531
-535 -855
807 357
530 -68
-829 -227
-527 -479
-190 -859
139 -46
-470 225
-549 392
-871 -871
-770 -323
-763 896
914 -678
-850 25
-186 -626
-686 130
-239 405
951 -204
-800 842
779 52
795 856
319 942
125 -43
970 993
32 348
121 -553
564 849
-25 -388
992 513
588 823
203 64
-608 -379
170 -424
-680 -527
-703 447
157 -419
3 -340
620 467
458 -372
372 -383
-868 -717
-389 -222
-330 -432
341 -905
-640 -595
-462 -743
413 619
-632 879
481 -950
-66 590
986 -661
147 -579
-111 130
-808 206
64 900
-70 -704
-341 -737
-140 523
-532 -802
-898 -538
-123 -185
912 106
296 -772
-814 331
-555 -978
836 -793
-796 -134
-596 -351
-342 765
-979 -993
411 -852
-283 504
-279 748
-263 -259
-872 -409
-951 -180
395 -584
252 374
796 733
-140 568
717 938
-181 351
862 -429
-957 -792
-523 -332
-956 -219
-171 -852
13 510
946 38
-520 222
-93 726
96 177
945 919
419 149
596 -919
-404 -19
-291 154
206 910
601 701
710 -729
512 -460
463 -858
552 -121
-836 -603
859 517
283 -229
126 384
-459 306
124 -237
-452 650
-113 -781
-778 -769
518 943
835 615
-358 224
-202 -882
490 -837
487 824
-165 996
-885 827
-428 765
106 564
545 -986
-331 812
378 -686
102 -47
133 704
598 -121
-639 412
-418 105
-296 -70
-636 504
900 613
-369 482
838 281
-449 841
-251 733
-725 -314
-541 870
-759 -401
125 -1
406 575
-184 169
-446 874
516 819
-152 -843
-921 -195
-759 -277
-669 132
-619 -444
-631 -962
236 -896
232 -634
-544 625
588 -719
275 -860
-665 294
-67 847
940 594
-203 -169
-218 878
-734 -308
16 23
949 517
137 -31
995 841
439 249
430 -283
-200 459
-168 -492
502 939
102 906
273 700
238 -571
276 604
-579 -124
418 798
-97 611
-798 -687
395 -235
881 -292
855 667
-658 670
-54 -91
-117 995
451 377
444 537
-727 432
-155 53
-260 355
154 859
562 402
-41 408
-127 -572
-197 471
-64 406
-118 -971
551 -68
-136 317
190 -479
-195 -275
-366 597
26 163
894 -147
525 -723
-527 665
693 876
525 -224
13 344
-469 -885
107 -847
949 219
179 -744
109 -691
-301 3
543 -954
-394 574
-367 821
-99 -539
-187 571
634 -364
-98 993
352 -363
608 -337
80 -506
267 -25
-592 -319
93 134
-80 -340
-339 390
873 305
-812 870
-242 -714
290 495
799 -124
-97 649
-9 -858
953 -313
24 -403
486 -300
412 455
967 530
-492 -746
338 -329
303 494
-766 437
-386 471
200 286
-876 -695
329 -240
560 -815
-262 -776
-223 867
1 247
-917 129
-734 846
-167 -42
266 545
-747 -199
732 -384
-891 -172
205 344
-700 -226
394 -84
379 -119
494 -126
-778 -358
146 892
150 -767
-359 606
386 -509
288 -80
725 404
703 294
-39 -169
-376 743
571 210
-302 430
-838 804
-443 533
-834 -908
-599 318
864 -725
-398 513
274 -469
51 653
-621 -122
127 -712
391 916
90 -962
572 -714
563 280
67 616
386 -872
-691 -330
-144 401
547 -563
939 -401
-245 -80
-260 -430
149 -77
-719 651
-882 -442
337 863
-182 176
-702 612
9 -685
-291 98
963 206
927 781
802 -778
843 -265
-475 -342
-578 674
926 -955
-368 654
761 -547
-166 -939
-549 159
753 145
237 -369
371 -9
404 88
675 421
-531 81
-956 400
-35 20
-212 -670
-312 730
-38 660
-871 721
209 -785
-615 139
-548 -742
-896 -860
-167 -66
221 426
-598 916
287 -987
-142 -966
-594 421
995 125
918 246
-828 -925
671 -940
-308 -785
-675 561
-643 418
28 -489
475 674
627 -555
-974 799
66 -878
951 602
497 61
509 -310
-397 533
122 -762
187 899
-147 810
-889 448
489 287
379 -985
644 -892
-347 33
-631 34
551 822
163 72
486 680
-545 -411
-673 -889
-731 633
475 664
820 -183
244 -111
-416 498
550 875
-729 -942
-870 905
-388 538
-464 -693
-634 766
-467 -313
263 905
-280 771
-111 582
-257 963
75 -128
-1 -856
-542 -620
-422 -314
667 818
829 750
866 -111
990 -506
-221 711
-964 438
512 933
0 -634
790 -589
42 -619
-405 -750
210 119
-482 152
59 -642
157 635
-741 878
-452 52
866 -415
668 771
-795 -66
-441 973
-374 375
-72 570
-438 -811
858 478
-529 -931
-589 -794
330 216
-272 471
-186 -21
-685 629
942 -698
788 579
-194 914
-140 -260
606 -638
-231 -96
719 772
78 37
574 -237
-915 635
-896 605
-755 -189
-506 677
-5 620
516 -896
184 -322
133 304
794 -586
-143 219
846 718
-416 699
-620 -775
-707 410
158 345
236 -950
14 186
734 182
826 -875
-634 96
-612 -775
-14 -82
-230 -800
-746 -417
499 -880
-999 -859
-818 -709
-747 -874
-534 -922
241 758
-629 317
119 -17
823 744
419 -339
-701 -348
306 -356
-18 -934
-369 -290
-139 -205
-901 379
-659 -547
-116 121
170 -816
469 735
798 129
636 545
-573 450
-137 -661
942 742
663 -954
-218 699
-327 -66
-143 281
-145 991
90 -418
-635 60
207 -171
381 -337
669 -31
-486 -31
-925 882
827 146
-536 244
-112 992
799 705
-330 125
-798 878
894 -330
-220 386
789 -982
20 -499
-424 -173
244 -598
-354 830
-13 -714
-391 592
-328 115
142 -557
-883 -695
934 953
748 683
-831 214
192 985
-200 951
337 -606
-198 892
-359 -513
-221 549
44 544
722 -848
-368 -172
-600 -34
226 261
-343 904
-182 -21
322 -217
156 -467
-25 -366
181 -560
-762 61
-70 962
-688 -944
157 -741
-45 449
-780 69
313 485
621 238
369 660
942 167
-49 -163
716 925
-362 699
899 -718
-760 554
165 -679
-427 665
-495 -377
34 -530
-597 914
741 831
190 910
402 729
730 762
788 -41
-811 998
-362 808
720 581
750 485
-969 -605
-299 -804
-41 873
366 891
-979 297
425 -592
-230 -940
372 840
-659 -720
254 565
256 281
-815 566
-77 -548
188 501
467 -939
-569 -740
-599 -125
413 783
-427 372
649 -254
628 990
27 -418
-665 401
-330 212
-335 -793
-759 -490
411 -648
723 -304
235 -726
666 -484
536 -269
-692 494
606 -464
-933 -670
492 602
300 -761
508 437
-808 -275
8 -385
-7 819
180 -453
-116 90
-57 -710
-429 -380
-433 -675
81 -654
-966 722
324 188
-190 930
-46 636
33 -595
-192 -942
-359 -8
-365 -439
523 -236
703 -459
116 -476
40 -740
-739 -339
46 -929
-243 248
397 210
741 173
-767 -460
496 -625
-514 694
-965 236
54 844
108 905
244 305
-888 -266
840 791
-386 188
-540 799
-275 -524
89 8
-127 103
97 -690
-374 -480
23 -728
-221 418
-540 867
399 918
-215 -298
-24 -571
-607 430
745 -766
492 -81
538 186
-624 -11
-235 574
945 266
543 612
-314 -773
-901 59
-824 -655
399 -779
-233 384
-963 601
-8 -160
667 -798
-82 -802
-469 -273
-197 765
765 500
384 -521
-39 345
587 262
17 775
-861 394
-485 667
-945 -138
-525 396
-827 742
107 -982
476 804
-365 381
-119 991
128 -498
753 408
580 -110
531 -455
726 -340
-603 -778
668 55
593 129
-833 127
-581 381
-837 -266
-435 780
-736 257
328 -87
-34 430
-920 -813
-928 -733
-138 870
-613 -646
729 -656
-182 -749
551 563
88 -418
-408 943
445 157
-673 794
163 801
-274 -502
713 -543
-442 -710
716 20
925 -832
-80 -989
-539 -168
443 -125
16 338
-545 903
794 506
645 389
-403 98
-859 379
-495 274
711 -403
-80 -512
528 39
436 -439
-871 643
977 646
-632 418
-842 -685
-54 479
11 460
109 495
60 44
695 787
606 -632
474 642
440 -500
-471 -477
624 780
121 -124
510 814
-649 -802
-572 253
-353 -780
95 752
865 -201
961 85
-601 -115
655 588
250 -309
-338 940
252 -250
956 478
679 -147
876 889
842 710
365 -240
-594 702
334 -48
-711 -318
-697 -308
380 -399
63 -955
-864 423
-649 201
823 899
-33 155
-222 502
-772 -140
29 -292
-942 848
-528 -247
-378 145
160 -875
-103 190
716 -417
-50 -683
-515 -238
509 -427
-152 825
-350 -755
-271 -589
192 -809
-259 27
302 542
306 262
-731 -786
807 663
71 -927
-207 -559
-749 14
-842 -661
-739 51
80 157
948 32
-503 -612
-907 -487
208 -717
-643 308
667 306
81 958
-588 147
857 767
750 -987
898 851
-728 -607
258 -948
336 -667
665 965
294 950
604 -312
-846 934
-281 88
-858 386
-721 921
-507 540
-603 359
-517 400
263 -115
-83 -568
-880 542
566 750
-825 -309
74 -74
849 -353
716 -396
389 -538
-611 -659
498 869
-257 500
778 -326
-328 690
-230 85
140 584
700 -942
-831 300
-46 -913
-842 -543
640 -393
903 -282
-924 694
-167 634
457 836
880 -506
-233 -195
-595 35
643 584
-646 565
29 -102
301 63
146 -307
459 354
464 6
99 954
831 -68
63 -866
597 -246
-170 -357
-693 -152
241 32
191 -267
744 294
409 802
846 567
-68 -841
866 390
-983 191
-888 929
903 -608
404 -91
532 770
-421 -144
813 365
-608 463
927 569
870 -944
118 894
-274 825
-399 664
-5 578
-665 443
482 -913
-477 -432
929 -642
-495 -918
-913 -343
965 436
411 -354
-565 -861
130 -558
387 -532
-309 -190
557 -756
-230 -403
-238 -518
-664 851
796 400
560 153
307 -844
-658 972
-886 307
-109 557
-973 -270
658 329
-945 -597
-613 -409
-763 -349
996 374
240 -434
146 -466
173 709
-495 698
260 980
-572 947
382 425
-1 486
-360 -741
417 619
-66 -209
-758 -212
-992 752
-375 -377
876 84
761 739
-173 80
-18 -861
-775 320
539 -543
875 606
-602 -676
70 984
-720 -692
-180 -891
-279 -611
-983 -352
-13 964
-922 622
122 116
620 990
-371 692
-273 164
644 201
102 -860
797 -634
294 -107
309 -562
776 -418
-39 -334
-356 815
-243 26
-920 -85
-554 -984
-862 626
672 -410
164 537
-483 130
-567 -142
-192 -623
-280 -380
-514 22
-423 625
182 987
-991 83
-953 -687
-999 392
209 -643
42 -561
-284 216
-131 602
967 -698
925 852
228 -644
-743 -272
-603 519
-521 -342
-485 15
-537 -871
59 -637
-18 -878
0 970
405 245
113 -164
696 -718
35 -313
-682 -680
-139 875
-103 -364
319 482
527 -608
837 -908
-908 -203
98 -691
304 -749
186 -596
531 567
782 -63
235 -86
603 -327
610 932
-526 -786
154 987
722 -911
-776 -641
969 -149
889 703
831 414
-428 595
-760 678
145 -940
-53 -597
-339 -346
508 -419
-599 790
-891 78
319 -527
274 811
258 845
-23 -337
-991 -474
-383 992
591 694
-814 -390
-357 -97
-695 963
951 -614
-247 -485
303 409
515 398
-178 -973
-488 655
-108 -903
-719 849
-25 50
-165 623
-860 910
881 -676
-887 590
-199 594
-563 663
929 45
370 678
-520 272
-508 534
516 -250
-499 416
-332 869
197 505
-261 926
817 835
-711 -210
748 295
680 -988
-434 -267
-643 -380
299 -968
-359 -53
-843 702
164 -128
260 510
-176 -213
181 317
506 76
-43 -341
-444 -811
701 442
868 184
153 -531
950 568
922 119
-291 61
-537 273
-499 -252
352 454
-637 -296
-604 775
-508 -143
-911 913
26 -672
-778 207
-425 -416
-705 561
-559 -940
-641 -715
-92 -844
52 428
174 -732
-632 -659
393 411
-960 -910
646 -740
839 -577
239 194
-415 581
818 -789
-544 -697
63 239
512 -364
-55 -480
236 518
67 537
-711 37
-56 353
-817 -224
-5 -588
196 -945
78 249
42 59
-837 21
-955 426
-901 510
629 132
-47 -427
-850 -324
-780 171
196 797
-859 769
-366 -324
465 -59
212 -569
601 -509
-955 664
-297 199
969 -192
607 -658
275 973
891 639
-603 -261
-872 -211
-227 656
750 -230
497 406
-432 -190
1 -960
-878 -731
-286 -322
601 725
770 -734
-135 117
109 -344
-450 373
-352 -245
-875 -47
-995 883
285 479
861 298
-753 38
586 -53
427 -83
984 206
-829 984
546 -425
489 -334
-354 679
954 -55
693 710
655 -934
-700 -568
881 -297
959 -680
526 -769
-450 -93
-963 662
438 -67
-887 641
423 -979
-937 -598
-552 462
-889 -171
-608 -474
-487 -308
369 256
413 -50
-42 -250
462 -285
-545 -211
-39 594
313 -823
376 -290
-185 -851
-107 222
221 343
272 925
630 -460
-728 256
-167 596
180 -841
382 886
-925 -362
-829 364
9 417
-554 -355
852 -108
-447 797
733 -18
