601
249 198
-589 -530
865 911
88 828
721 111
567 -431
-118 -651
196 38
-554 12
-989 -213
252 -255
50 -72
-486 21
-332 -483
-195 996
286 -840
-976 -442
32 -847
144 -920
90 486
-109 180
-443 -62
-429 701
-41 -673
-382 490
-698 96
-722 -840
-767 7
560 -442
925 -287
889 319
-774 141
-552 395
-189 -783
93 131
-476 -93
898 746
-876 -144
611 122
591 -448
265 -329
-271 253
364 -767
-819 401
304 -670
802 -605
-285 582
42 -6
556 -471
601 383
-54 943
777 13
-423 650
-720 -530
714 781
-303 -616
-698 746
-949 -321
207 -899
830 556
-768 -667
-726 742
787 -581
-494 -569
-753 974
678 -671
915 -88
-801 -805
84 210
639 608
585 313
-657 -297
-608 922
32 -826
543 430
169 845
-118 -310
-272 166
737 634
-27 698
281 -567
984 -842
-812 355
-54 -958
-74 992
41 -802
-260 -140
207 -813
234 -94
-10 53
-672 -889
847 -936
628 558
541 551
-588 -239
-282 394
330 196
-521 -283
165 804
-136 794
-798 497
80 -910
-622 -494
-562 -110
83 -644
-507 268
970 -599
421 87
748 -832
186 263
730 516
767 728
-258 75
310 -900
293 303
315 -286
610 849
617 406
-972 947
-711 -535
-904 -540
-56 780
-556 -141
-754 846
489 917
-250 -350
-980 -204
-563 -755
-610 -108
-474 -199
-42 -893
-358 68
854 661
-970 -284
-285 -801
254 -523
-414 -844
82 -244
-908 -450
271 -18
558 479
41 754
556 -169
-260 640
452 744
265 629
-885 12
-859 -671
618 -783
357 10
452 -582
316 -15
-179 954
-721 -219
36 -969
660 801
842 846
-638 367
919 -383
-395 -373
-311 -494
-97 -855
-945 463
634 -435
-445 -384
-81 625
-702 -638
906 -315
-949 529
14 -939
-897 -349
678 -803
914 837
-144 -476
-596 -608
473 -352
489 93
185 -577
-285 252
245 994
-454 589
407 -673
-418 65
104 -924
-531 -529
-127 273
-115 -235
-564 -247
-717 632
391 692
496 -7
-573 -675
-102 866
740 -150
-500 -767
706 -920
282 -733
-189 378
-883 17
935 -24
864 -888
-510 626
920 -986
524 -566
-717 651
173 872
-601 78
719 455
-323 -50
925 252
-932 909
-759 844
866 -670
-685 447
304 -338
-532 315
658 722
-801 -846
907 -751
457 851
-886 -732
-657 584
889 -124
947 -442
704 -325
239 616
740 -540
974 -80
-206 -497
-928 291
-538 -486
-438 -971
653 -252
-127 -337
-734 -606
761 -367
-590 391
850 -147
-337 773
-790 -91
282 308
887 132
-887 -593
849 -530
-142 -943
912 811
518 -185
-905 -134
97 -117
-630 171
-102 951
192 792
-989 -149
-749 -941
40 -662
-457 -877
-748 -554
-476 556
-73 -855
-311 -354
-514 658
339 414
-403 -181
880 779
239 487
482 522
350 -432
-851 197
268 -541
464 -95
391 -331
-7 867
204 377
108 -386
214 -825
-103 -976
284 110
-811 110
417 -946
148 -482
-216 -191
243 427
445 -952
-173 -543
-657 957
-177 -446
-828 633
774 699
723 509
537 -655
-192 -561
442 398
164 -101
-570 -537
37 756
746 -454
83 282
-379 734
249 -199
-259 630
776 -487
158 419
-770 -858
-989 110
-720 398
159 978
336 270
-853 568
-458 -891
250 -550
836 -273
-4 -545
380 70
650 -231
493 129
689 149
824 -156
-249 666
-534 -839
-774 -713
-307 -71
367 256
-279 268
-207 436
-386 655
-739 -780
-633 -153
-447 561
-749 -664
-694 -810
-663 499
-109 999
-658 422
-34 -657
212 -757
-130 264
-927 -449
674 966
-793 863
262 -324
-584 739
-133 613
589 243
-793 -601
-173 -866
979 498
676 -81
-733 819
-108 419
634 -689
-210 336
987 631
352 385
180 149
-698 -244
-883 317
838 521
-506 -822
-184 -638
-535 186
366 -139
-212 -921
-453 810
-851 673
109 -656
403 -915
993 -170
702 -31
967 711
659 656
709 329
-734 -566
-777 347
11 867
873 -79
690 -633
934 -774
-504 -795
-825 -7
-900 -350
-316 -406
632 -338
403 -144
428 -905
-720 -197
-439 -830
-425 -545
414 -127
-570 238
-51 604
649 -977
-424 -269
415 570
321 477
-434 -836
-809 379
-26 930
-693 -90
-379 78
-763 -357
589 251
-35 299
817 -281
41 460
897 810
-712 34
326 -168
839 -867
198 572
-714 149
-711 -34
-529 322
-374 -112
-54 319
162 926
-861 -203
-349 -437
759 -764
-417 653
-34 -653
558 745
134 -121
-402 385
108 774
776 357
864 -857
709 -767
-333 -429
739 -389
-520 854
-393 -305
803 -517
-484 -875
246 244
343 684
-628 -901
-927 -682
604 -775
-911 231
-97 -413
961 129
-549 0
473 762
-746 -276
-527 -382
-292 662
641 -838
-978 -957
-297 -342
-725 -907
-751 -819
302 -960
-416 -899
96 218
733 296
-193 -233
293 -34
-91 -728
-806 448
34 -144
561 659
-328 -874
-550 -85
164 930
-305 -353
782 -125
-993 -423
596 -24
27 157
137 604
-17 -160
783 -992
-130 -566
593 -601
18 -726
-897 278
-41 166
366 562
-578 813
490 544
-823 -174
-522 242
274 -826
564 -175
-452 -767
677 860
-158 305
870 -173
-126 -948
150 -752
963 -299
-897 354
-395 855
748 -161
-177 914
178 -889
713 -44
276 533
572 65
-221 -683
-966 19
885 -655
-897 -485
355 -934
130 585
11 -916
54 -249
-771 417
189 -576
-527 82
-598 861
-654 54
640 -90
6 7
383 -156
696 218
311 431
-229 -902
-249 -547
-210 -990
378 782
628 -593
353 -849
336 -611
20 213
877 -550
-838 -725
-457 -443
749 -108
-363 -685
230 -228
-261 921
128 658
-958 -341
-611 472
588 404
214 -804
-33 496
-706 490
887 -921
674 -352
165 324
-733 39
557 497
-592 755
-824 -360
686 -417
-381 545
64 635
205 34
511 -765
649 -317
-621 -332
450 -539
-958 756
660 677
699 -158
-17 702
-584 -801
-980 -554
385 116
-79 -672
-57 -133
514 818
-995 440
-73 769
724 562
725 -451
663 121
-686 798
704 -217
425 209
-187 781
-824 538
983 507
40 440
141 -213
236 765
66 -728
-353 -764
-271 530
-896 -590
281 64
-668 -294
-756 894
128 113
-943 -642
-822 485
-645 565
-213 556
-982 -845
212 491
-132 -12
529 44
621 -960
-432 989
-668 -659
705 -974
784 980
19 -426
525 -350
