492
-926 11
-914 297
-806 -298
200 928
284 -761
-950 421
-877 -775
-10 732
678 -953
248 -771
610 319
-288 37
-673 -113
-218 -160
-737 760
309 70
587 190
317 249
-925 -926
-623 -893
382 -254
1000 574
-327 -627
366 385
-488 551
-645 453
455 441
724 -992
297 -340
-985 -592
512 -198
633 107
-72 216
-238 -640
696 158
-541 315
-235 34
-276 455
621 -248
-48 610
-15 137
671 527
757 -253
-800 638
112 254
-18 233
-488 -891
440 -295
-691 -778
-759 -108
109 -975
-965 31
164 995
-850 870
-88 -977
237 220
-841 -879
739 902
464 659
660 -181
46 -45
-862 383
-233 -12
626 -905
914 876
505 786
-728 -660
-153 -160
557 177
-622 53
-125 -30
102 -938
-656 -281
-606 -489
-894 -844
476 -456
894 -853
439 -76
-293 -563
312 -658
-888 -472
-88 169
439 -656
-745 139
215 793
-178 704
-839 -257
-40 -537
-681 438
-526 324
368 852
-492 245
887 -239
31 -627
-438 191
-960 135
-76 -101
-280 -983
-363 785
-61 912
533 67
-347 456
-412 -354
501 -642
-895 732
862 268
614 -705
-326 -426
-884 899
-187 -992
-807 131
-787 -662
-623 145
583 -968
-536 818
-310 391
401 776
-772 -77
-324 792
-895 289
-102 75
-893 930
-209 -468
-377 798
769 117
-488 -12
-816 399
810 582
45 -913
-399 -735
782 951
-218 -149
-712 -595
-457 919
-41 -354
419 -246
-342 -496
-416 -745
-352 -749
-171 714
-149 742
-78 -622
316 312
388 -274
536 -964
412 817
-96 -381
-355 -253
-970 -904
826 -958
727 286
112 138
-961 -538
-836 222
500 66
25 565
189 -953
-619 415
707 797
294 616
-849 -718
-350 -352
698 -590
655 599
-818 815
530 439
-916 873
-842 893
126 -292
649 -102
927 250
-414 729
694 -845
52 -825
-681 255
-542 485
-375 308
265 -485
-276 685
521 335
-785 56
-474 -366
-626 -850
994 462
-840 677
-50 230
-251 800
-232 728
-131 822
-990 733
-367 111
-177 -461
-298 52
-87 -661
-244 -788
-273 507
218 -800
962 -665
-658 434
70 -859
-941 371
-46 304
-64 950
-592 -544
-88 842
776 -929
369 -603
835 -464
-124 -329
-92 327
-484 -209
-35 -736
549 -733
749 -606
-43 -775
48 944
459 138
427 -875
847 724
450 -805
141 84
569 901
81 -539
685 35
-619 262
599 -100
234 835
197 390
500 882
-239 -478
-561 756
-964 940
392 321
953 750
-677 -656
166 -839
-259 950
-776 41
762 682
824 645
-392 916
-797 220
578 674
69 620
-961 519
186 59
624 397
273 550
-248 -906
930 -999
-74 145
-383 549
-770 205
9 36
609 -391
622 988
645 -995
-154 809
-903 -860
409 463
448 588
-331 309
-999 291
240 -396
97 243
713 834
-823 265
-809 -944
-843 391
-528 -439
-679 880
450 221
-988 524
-361 -934
766 734
-217 -200
379 -841
-42 -371
957 -907
286 -153
-346 -830
-62 250
-243 -788
-208 -401
-156 -543
-234 -699
107 521
-207 -961
688 127
907 -606
214 -721
-25 -157
-379 -888
-885 480
-744 77
-139 -373
-501 -250
117 -493
-366 -316
-189 232
998 -207
-709 662
-531 -936
-845 -909
369 -13
535 -968
-94 -164
-82 -765
142 921
-424 -955
-174 -113
-421 274
575 -32
152 -506
-293 577
49 151
233 519
-96 368
523 -880
-921 -575
-595 -95
-616 -229
-104 924
585 -98
325 113
964 -543
-927 -343
-810 -240
-723 910
-557 246
700 -599
-418 -40
494 593
-56 -284
543 296
-830 211
-28 -555
-736 718
-804 698
-431 -835
-336 603
410 8
-609 -891
990 737
388 -648
886 -348
-529 633
128 -904
-213 -230
907 -914
961 9
266 496
-336 -365
768 639
-773 -259
753 -333
683 329
-261 966
-606 213
598 603
-701 -945
-636 -211
335 -104
-210 302
-915 59
864 -409
472 -492
-668 -439
-470 81
67 -361
103 -483
263 -598
444 97
-679 337
700 26
-35 428
482 -792
436 292
-488 869
-419 -713
-355 -603
-304 167
267 -101
-165 728
-707 654
-629 306
462 266
-517 308
-953 277
623 -465
91 -942
284 -418
-86 -979
866 -254
-631 962
-443 -559
415 -966
929 478
-52 478
99 308
544 641
78 -789
-886 388
369 42
-181 -902
999 -199
773 489
-70 -198
-382 -621
567 24
-978 -310
-240 934
-199 -780
64 171
-180 957
29 -850
252 965
-180 -136
743 923
409 47
-421 619
-642 189
-457 60
-314 766
100 -999
-986 -472
-461 -900
-91 -275
113 239
650 -334
-189 -390
797 195
429 541
679 -987
770 892
-664 28
-49 -586
688 922
-37 -128
-324 -543
-850 596
-160 226
-700 334
-319 -6
7 101
840 -600
-53 668
-225 -246
267 472
939 545
937 489
-12 -908
657 -505
-53 145
-321 -675
409 -300
6 480
-509 -839
-213 659
-898 30
-265 954
-172 945
154 407
-611 973
-464 663
-173 497
260 -172
-704 682
131 143
-627 198
-41 427
240 -155
-774 899
-853 571
-720 721
-805 915
-942 -150
-925 -17
850 -953
-131 -589
-425 125
-135 -220
-780 -155
-607 790
-813 915
-714 681
-84 -23
908 260
-434 -656
132 879
521 536
637 -628
