1102
44 47
409 855
521 -897
778 580
496 891
-722 690
127 -340
883 -595
981 105
44 -478
736 -703
-447 706
29 -242
164 897
-370 82
610 -759
-37 884
399 -137
-244 496
740 -268
-199 847
452 114
348 -681
708 -472
-361 -355
-934 455
884 773
654 669
511 -680
-729 -528
-796 -431
360 728
-379 304
-651 -329
979 953
912 253
915 -469
-940 163
-850 289
-537 158
-454 -513
408 588
82 -997
379 -477
573 -504
422 442
924 47
-72 779
860 -301
71 900
-468 -335
-968 132
-68 -264
-930 -378
865 -701
-97 22
171 972
-531 155
633 727
602 773
769 99
-892 -142
428 -281
-534 -947
-407 -248
-221 -479
371 -519
677 -251
974 -870
475 -209
-798 -723
583 285
921 265
627 959
-273 -513
-275 -165
-546 -591
-597 -351
79 -405
-326 524
-550 956
-74 -242
-230 -950
-949 -941
908 343
270 461
744 621
-798 209
651 -888
-373 -205
-241 995
-703 -879
151 785
646 -997
882 -333
-276 485
-279 -78
-37 -372
434 -442
36 -12
-308 -105
116 744
-156 -872
187 645
953 828
-381 433
-903 -612
275 6
861 -563
194 -811
-865 -636
892 -73
697 -836
-968 614
578 -591
-122 -685
367 91
-759 -522
-279 661
-481 -239
-254 824
-754 622
-686 -380
561 702
989 50
266 -927
-767 -993
129 -289
-105 -117
-830 -307
608 -946
368 410
-995 953
68 994
-269 854
-702 598
713 717
-556 -537
486 -13
-272 575
-978 178
350 276
653 -417
-198 -12
439 587
865 343
-184 -136
882 -960
667 473
570 698
474 487
-958 -317
527 235
-871 -85
999 -731
353 11
-591 698
841 963
777 572
-69 179
-180 -34
-4 -580
57 986
72 733
-983 339
-274 215
-140 95
-982 752
343 82
-73 868
562 -366
-59 901
203 392
28 327
-676 -103
138 364
-87 -756
918 79
-893 929
664 -21
944 874
-268 422
-217 -582
-498 407
-190 -571
-746 117
-352 -353
345 983
275 -924
738 -695
-662 -572
179 -519
-8 86
-66 203
807 168
606 932
-402 847
-186 -333
324 493
838 -804
-651 -566
-571 326
870 -352
344 909
-134 594
435 -981
496 406
845 -408
-393 -412
-383 -477
-7 497
-494 682
-322 978
-794 -47
861 -17
278 138
917 85
187 639
-464 -535
754 -731
-17 279
-348 -40
436 -416
451 352
-219 -878
-807 618
-358 48
445 -170
69 280
312 231
-200 904
214 213
-377 814
-799 -336
-950 -646
428 464
272 661
103 -936
666 -921
-870 -459
-145 -754
-22 -469
30 92
-538 -275
-835 -506
743 366
438 -712
-252 90
928 -966
-601 99
-660 824
-255 -950
548 -727
-442 358
-333 100
-347 -835
484 778
-137 322
972 -518
-862 996
330 -478
-854 -149
784 945
993 498
-923 990
-2 320
170 -712
58 906
681 139
265 -72
-842 -986
49 788
360 349
-931 -929
-46 496
213 660
-115 -280
-843 206
536 -202
461 737
306 927
-76 490
896 40
568 205
588 -691
-71 577
-466 -56
-814 877
874 846
-362 638
-409 -917
227 880
52 993
563 -671
468 305
647 -866
496 67
647 -217
398 464
-87 161
-70 -498
605 636
-699 -402
996 591
-761 -48
713 917
-241 -101
-298 -543
-673 -197
-219 -305
-740 -25
-701 -82
600 917
-742 964
801 605
-268 -653
-842 -367
338 -16
692 49
874 58
-131 -616
-970 -98
-749 970
719 195
-457 447
996 605
-137 -240
855 940
-849 545
474 179
244 65
-103 379
-862 -914
-418 654
-488 -134
-586 -339
709 -205
639 -690
-574 951
-145 83
383 301
-353 -391
-169 70
644 -65
-492 -370
861 660
-312 253
723 -848
-627 554
-718 101
849 -897
16 489
-432 -810
194 244
-688 964
-318 856
-839 391
492 849
-360 -316
413 225
-861 148
-536 598
-43 -710
-7 -428
695 -708
702 856
-329 826
-318 -197
630 313
-147 -912
655 912
-960 -1000
560 -414
606 61
-298 910
523 -689
-830 950
-863 491
133 212
-180 -694
993 382
897 -117
-356 88
-683 90
-584 -530
830 110
-100 -586
-284 -765
21 -611
-955 -473
-30 -728
341 812
-919 -202
-885 -202
-841 -743
854 -631
-78 -475
215 -609
190 -133
-51 -237
-441 -208
-598 500
606 -265
-456 -783
-387 -441
-647 82
535 -915
-759 407
-546 364
588 924
695 825
308 673
14 -853
17 279
917 232
149 -698
72 -92
-310 264
-412 -815
-920 -6
181 18
-463 730
-57 -290
-244 172
707 -420
473 510
3 989
982 -100
349 295
-299 190
-503 482
73 796
-745 924
572 -44
-640 955
-951 95
638 91
-371 -989
461 -996
-731 -683
-724 810
-84 388
989 246
143 169
-769 824
815 855
-690 -605
21 832
-189 -452
-731 -970
-766 -77
122 95
-363 -632
371 579
452 -981
913 102
-499 251
810 -846
795 -388
199 195
919 513
657 -964
512 682
-611 -504
-821 -600
-808 -347
-469 862
583 -9
-293 945
778 267
791 -461
-584 -862
768 -41
508 -679
15 -919
376 -931
820 -962
-613 -325
-204 350
-495 423
-913 -766
884 47
-430 214
-168 777
805 -552
-998 988
736 -966
-537 587
22 -614
868 932
-681 -167
-984 -313
270 1
-91 -786
130 -122
891 772
252 87
69 -770
-446 -999
239 789
-579 621
346 -474
-600 -584
-901 -488
400 -202
936 -526
-805 517
907 -16
-552 528
710 125
-688 573
-414 687
803 400
983 461
115 -424
-976 -675
181 989
159 -251
-941 853
330 959
-287 -803
147 289
-933 41
-527 171
951 142
-210 -819
-428 188
37 -47
-993 -226
-717 289
169 -149
155 226
974 -123
-68 -703
198 910
-32 -909
-580 374
992 243
-21 930
-604 -122
34 -582
-587 770
105 -494
7 -799
-546 -635
179 -401
-848 -687
-559 981
828 -44
574 548
17 939
-931 24
-726 -760
-542 844
-739 -400
181 118
374 954
410 -363
-480 300
-207 954
-675 -62
528 -633
-881 -148
73 912
-381 404
-800 411
-910 835
-4 726
492 -537
122 -210
785 -503
176 192
-851 903
281 -103
-411 -931
110 -395
160 141
-269 -331
269 -879
376 -683
957 -669
-457 126
375 -343
-280 471
-963 887
623 -436
603 175
87 -284
910 -303
845 887
633 619
-831 -950
-631 517
-52 727
701 -423
-571 -50
204 -490
-324 179
387 -578
-90 479
707 -446
-797 407
356 807
229 -987
593 -901
810 89
855 -554
-746 838
284 -261
906 445
440 341
-405 275
847 -593
358 -198
-381 592
-436 -429
-121 -219
-710 -768
350 495
-655 -994
-385 627
-925 94
-875 383
-998 666
293 -515
-140 788
689 263
-440 8
239 -884
198 -990
-630 -25
-74 -117
68 -586
-75 135
973 203
-544 113
-901 277
206 204
-166 -159
297 -884
853 -280
-216 -371
67 -709
-200 -217
916 -865
-960 83
-36 -181
-343 298
517 167
-576 484
104 181
-547 -911
89 -159
24 333
-316 -136
553 -434
-522 640
-303 922
160 136
173 398
-721 168
-812 120
693 638
-267 198
443 -462
859 -635
-57 847
-844 610
-595 122
991 17
118 -368
404 -638
60 -186
-837 517
-138 848
754 -881
-56 77
-193 -792
109 855
-545 -936
-630 -922
-418 -418
645 -397
-28 -949
942 -597
-514 -153
126 453
-544 225
818 362
936 -305
74 871
-68 -64
244 -433
317 367
-556 -538
-373 -3
-560 -641
445 384
-171 478
496 -374
59 -900
958 622
-250 840
913 151
-763 -253
741 -797
-316 -564
813 303
-656 172
950 -437
46 111
332 874
-333 -269
420 199
1000 605
382 434
-302 -77
-487 773
585 48
-197 -586
2 207
385 302
712 226
-133 -472
-578 976
-216 736
428 -233
-5 384
306 -1
311 -908
-195 -782
-59 -236
-269 -691
965 -449
-378 -60
261 -898
-905 580
-873 567
-576 -276
-313 100
-177 -6
602 -530
618 893
463 -954
120 631
705 -400
-637 -803
284 194
678 -264
-537 336
805 -205
637 -194
761 291
344 552
-103 84
205 -344
-843 -6
148 -757
106 756
252 -741
480 309
190 -339
-11 680
741 -931
194 435
-635 -732
-828 464
-160 263
358 -924
-793 0
-479 -4
227 -500
-116 613
228 337
-496 821
326 -55
327 -390
343 -513
268 -968
818 284
646 -859
-158 -779
858 -594
73 -128
346 -120
-503 -137
423 887
461 929
188 -470
-922 -687
-88 144
515 364
9 -133
-126 -395
832 311
614 -411
631 974
693 387
613 925
520 551
88 782
-385 851
-534 -713
-234 831
744 -167
-848 -511
469 133
922 806
503 -635
870 -346
375 -816
862 815
815 83
828 -696
-13 81
207 571
434 -783
30 13
-649 703
222 -353
-352 967
-794 -455
782 747
-905 171
-928 765
-406 -606
187 856
-636 -254
-156 -49
-595 -759
717 605
969 683
-434 -132
-519 -739
164 -136
588 277
405 -221
-685 831
952 -943
-921 732
959 290
461 356
374 -792
-400 -523
-746 -206
-265 -212
423 -610
49 452
-744 -16
-312 -423
-226 -715
587 -893
-571 -297
-11 -263
-249 -591
4 940
-845 -1
-491 -983
-165 593
691 -293
166 -339
-536 -467
-963 577
439 218
108 -968
577 -796
-702 80
-551 157
40 745
-2 552
-111 443
-572 469
118 -352
-589 273
182 282
-591 170
-144 -351
382 34
210 -341
-408 161
39 -948
-763 774
-672 -189
-263 -941
-255 518
-24 -713
50 -633
-525 -912
-531 -811
607 -929
106 781
-885 -628
913 51
-747 153
980 -314
-418 -728
616 640
-741 593
-114 -410
-22 -316
-747 -933
646 -576
746 -348
2 209
-181 -142
902 3
511 912
-129 -127
44 538
-169 -877
-475 -418
-351 737
-355 -970
-878 -3
706 252
-669 -311
-868 -63
-333 -70
982 992
267 -303
130 341
212 -602
-391 858
833 589
-455 -361
80 891
-132 -310
22 945
546 977
903 794
349 430
-822 -791
937 500
219 -403
509 537
659 826
711 -862
-289 642
644 581
156 571
-34 -580
-373 -133
344 -174
611 -837
744 -371
-426 -753
272 -144
399 147
297 -539
735 411
-996 -890
-61 -241
709 586
-529 835
-995 71
796 -728
-349 989
-516 -918
47 605
-719 823
478 -630
362 877
171 -328
791 -92
778 -985
381 762
-280 980
607 -550
-205 476
912 229
-581 876
-591 -75
771 -850
865 997
-250 542
-492 720
476 -221
-155 737
-881 -569
-293 -420
-288 -604
-260 318
655 -929
167 -869
500 111
100 -660
429 -650
-730 440
252 -329
466 -335
292 665
688 531
973 172
-549 -690
-856 -204
312 -904
39 -147
-83 -895
-749 -997
-869 -994
-898 801
-640 167
646 689
-588 355
571 -90
-495 650
946 -46
-702 -422
-401 712
-944 -64
960 -555
890 -263
302 -782
-307 -892
-322 860
254 -978
-557 836
-379 -43
-95 713
-980 579
950 289
122 -793
-43 -21
-839 484
-558 -453
90 119
-700 -7
503 -381
996 526
655 303
613 156
-769 -174
-834 450
-168 692
-710 -230
-264 -307
-825 229
-871 935
-620 -641
349 -669
311 307
546 -916
-993 -767
-199 -249
74 465
964 -928
951 -939
10 265
-898 -39
-310 -134
914 793
-579 132
-984 510
-144 243
-791 79
599 995
624 -305
44 -56
794 921
869 253
563 806
-898 488
808 175
82 687
-212 505
-899 963
-448 -450
596 537
-309 -339
-84 -411
716 318
-902 19
248 325
-837 18
281 -12
-143 -87
364 221
369 273
707 -645
-581 -332
571 932
134 -148
833 -723
591 -789
-694 830
-993 -432
14 295
-256 -333
-544 812
-247 509
198 -505
-26 -723
100 720
-862 -755
-948 -21
-886 427
-660 825
318 -215
102 440
-248 883
-500 522
817 -672
