406
546 178
61 -874
523 900
-461 -478
-962 -422
-513 793
-899 640
50 733
184 861
810 -591
176 223
130 402
192 477
770 878
743 -394
169 -446
-403 -482
-761 -276
808 964
919 912
-897 -282
370 164
-426 385
-186 -672
-416 835
-615 602
-206 -934
-745 -427
600 -877
-793 695
373 -461
830 -920
-192 -522
-950 261
-759 -148
682 632
346 200
579 -672
250 370
-55 -900
-577 -534
499 -852
324 0
-852 136
-415 -267
655 -458
-399 792
587 -352
225 981
-113 -288
-557 -893
-794 -726
-222 -500
-601 117
-540 689
-400 -397
498 -838
-891 293
-53 -209
-221 701
975 -749
-706 -556
677 -917
512 192
-511 -402
-350 -760
452 359
811 -91
-725 -434
17 150
655 -71
-645 -937
-900 592
192 521
991 -714
-573 114
749 998
64 -440
-906 -523
-118 -45
-338 637
299 -705
601 732
-158 -205
944 -155
-379 405
23 -478
-811 699
834 -145
-24 -764
-44 523
60 -353
545 514
-623 -917
209 -685
-855 -206
720 -125
-457 151
-759 229
-4 623
891 716
851 -632
804 276
-39 -910
337 665
-202 141
556 -843
85 241
-71 -314
-237 -192
734 146
572 -50
392 -34
-383 -825
-553 31
782 -781
-206 -642
-641 492
-82 693
295 -678
470 -175
686 733
-363 141
793 -367
413 -893
489 -234
-991 -733
6 -285
226 787
36 -974
954 -831
817 -809
-26 586
-17 275
612 973
465 -124
-902 528
158 -343
-771 -795
-683 811
149 -185
-482 -814
816 10
-837 -337
331 -9
-522 152
61 679
678 166
533 -39
-541 986
34 -973
869 -841
673 354
-12 -999
69 975
587 -31
-115 -566
386 -26
-93 62
-247 453
-148 532
776 104
-543 10
40 -337
592 -1
672 848
714 253
468 464
526 -267
546 -124
-351 706
76 376
-58 831
-276 954
733 250
-316 831
740 973
607 270
972 904
85 -716
937 715
169 -784
-638 -741
-344 28
-993 -816
-450 139
-628 661
956 -858
18 -189
-373 -644
-101 -851
290 -224
920 803
718 0
-241 -294
688 184
782 992
-768 768
-492 585
-392 973
-643 -656
-606 -236
-46 199
747 -318
448 -894
651 945
232 786
-735 798
554 179
-237 768
673 -94
231 -268
217 190
-454 -293
-731 47
755 377
-44 -127
443 -64
-787 -575
389 638
885 -412
-718 290
398 685
229 -710
-178 -625
879 -506
683 144
112 147
223 -261
1000 630
-699 210
412 601
328 -741
156 914
563 -789
82 -778
-54 -401
-339 429
-233 -549
-803 -567
3 713
-105 26
-427 -739
360 94
-631 -101
46 -348
-55 152
-704 761
-927 -616
609 -9
-434 385
554 -848
253 887
-90 896
-787 -111
-865 -633
493 302
-575 646
128 -281
843 995
-73 626
-240 926
-288 672
468 660
256 -702
408 -51
422 500
-620 -441
-538 -215
-670 196
570 918
63 -249
519 478
424 439
-296 463
-669 689
569 -74
369 -88
-223 422
922 112
484 139
-250 500
476 -218
-771 -250
153 304
355 255
207 -636
723 -423
938 657
527 235
-768 -361
93 -698
-688 -925
-98 -398
-396 -867
407 354
800 278
-512 111
434 -733
695 768
595 -502
-293 163
-881 188
426 -952
-603 57
-604 260
409 660
-155 737
263 -111
970 114
-593 -797
-862 349
-223 19
-961 438
850 -126
-649 -308
357 626
-566 113
-718 333
267 742
340 -889
-580 -776
-779 342
-822 -529
449 -885
-729 -818
886 535
-400 -461
-920 436
151 -68
-757 303
283 791
-215 305
-840 -662
414 478
95 -476
784 535
-21 -590
873 -465
-909 68
-311 711
-370 200
-760 720
359 -387
-174 771
-679 -206
-125 -814
-42 -640
900 641
-422 -362
264 -78
526 -756
-834 998
180 46
649 -27
546 -677
709 -439
-843 264
358 -527
480 -247
638 684
-477 -872
674 1
-781 969
-483 135
431 -935
658 670
-76 64
-499 -975
67 -871
-251 636
794 628
-869 -126
-37 475
402 -961
-333 -400
-898 708
-145 468
796 -862
-99 -293
580 130
762 338
-441 -867
812 795
343 645
70 877
737 -628
-770 -468
-198 -808
42 -713
-136 278
703 -964
-667 399
117 54
597 -273
-178 359
685 -815
-409 851
409 -900
423 459
-550 -230
492 795
-602 130
5 507
433 -89
-281 -579
