751
672 906
-380 509
-326 978
-985 -170
-695 234
69 294
989 367
-529 -533
-783 -607
565 966
-210 -499
-158 987
884 209
-486 410
214 914
42 881
-682 -377
-337 320
240 757
628 374
-100 -532
626 81
823 -266
-326 805
919 395
85 -359
-730 383
151 -623
269 985
74 766
-525 428
-524 -28
-684 247
575 254
-537 42
-231 932
682 201
-375 -282
946 -334
828 187
-93 796
-696 -185
372 353
809 -347
-761 426
236 -559
-653 -88
-316 331
895 -302
377 568
-336 -208
253 750
-470 25
-471 23
986 -420
607 217
383 767
-372 218
-778 561
688 16
-206 -469
294 313
-656 -607
426 403
-161 862
922 707
-863 162
669 308
-973 640
673 -673
-393 83
-234 956
144 -54
270 -212
-570 -926
25 229
833 -928
457 -518
-896 826
-112 117
776 -939
-278 -184
-410 177
-362 155
505 -87
-482 -591
316 845
202 -778
-72 44
593 726
-117 -455
-293 1
294 165
-936 -367
-872 -497
551 -257
-715 -495
-977 -796
117 926
-257 -957
644 171
-303 -254
483 601
343 620
730 -358
-917 34
-129 -572
556 -554
924 359
889 296
768 0
543 755
-868 -227
-321 -18
-47 -775
491 588
-155 -122
-221 -365
45 618
961 -253
880 363
471 -54
627 -545
-245 632
202 -769
-598 984
185 -502
209 407
-334 -166
703 851
880 409
464 -765
-853 220
-985 -229
-668 551
341 -658
-846 53
-194 -183
537 -636
37 -546
-326 -423
224 645
-288 -927
792 -500
-189 567
902 642
-355 -178
-625 -945
-519 820
-624 608
444 659
770 453
511 960
102 125
-201 -238
905 683
-768 -211
-395 561
698 752
180 538
-911 -228
645 910
-298 517
484 -281
-122 -489
-141 -430
913 669
71 633
961 -788
222 810
777 614
-95 -268
-779 324
736 405
-169 -888
-129 -630
-834 -601
-963 -162
-696 -916
-74 -922
-517 568
-981 -12
-339 122
761 -55
-496 -677
-934 -793
-653 -480
719 943
992 216
891 -570
976 -387
553 -269
-784 -367
-153 -221
820 147
-385 -946
156 336
933 -583
-695 -17
892 -328
500 -723
-948 947
593 -650
927 -363
-232 372
660 -197
268 987
-183 692
-434 -808
-580 263
106 431
-475 -155
-320 -661
-260 -280
-1 880
90 758
218 -892
946 -75
383 -297
-274 842
-232 -711
434 533
795 -656
-1000 699
329 -855
-845 283
-195 63
878 -909
48 -584
635 -190
-930 -129
188 -615
-710 398
886 -161
822 657
270 6
-938 858
-964 347
-555 208
-222 413
-717 550
672 628
412 -556
-481 289
959 8
-833 -644
-223 -477
-946 -969
-915 810
-631 994
456 406
902 -985
848 -112
-50 410
359 736
-177 26
445 89
311 -772
-566 391
-866 364
-491 144
447 -514
-91 -734
661 428
-94 -962
538 -433
272 -892
699 772
-877 986
289 -717
-603 228
815 -667
438 297
-13 -688
739 370
-545 -487
696 -823
-523 235
-271 -827
-562 -837
882 -991
-346 -132
-672 -742
-287 129
-316 -594
-603 296
-945 -528
12 311
858 84
-505 654
523 -327
-353 -70
-328 148
271 -674
-2 -750
-407 -612
-904 142
-626 -542
231 14
-766 102
152 -353
-647 265
-847 91
558 327
-857 663
980 -948
92 -28
-849 695
281 867
322 712
231 909
-60 998
505 -895
-720 720
719 -469
-774 262
798 706
-389 657
894 -729
-656 946
781 233
-494 -591
-675 293
-715 333
709 -453
373 649
525 430
-59 -210
173 -582
-239 913
52 646
577 724
458 -27
-72 90
482 916
791 -813
698 239
755 -118
356 -871
843 -435
-13 -632
330 323
-687 -720
148 -628
-448 650
542 -712
150 -700
-206 -330
-329 -734
82 490
-691 -904
22 -503
682 691
-103 -480
-319 -839
-251 -907
-677 792
303 657
963 -649
-945 -724
657 930
-206 -272
749 990
-414 -550
-187 -636
397 -757
376 37
-561 561
828 235
402 805
-463 -493
764 -724
348 -419
-401 124
-416 666
-263 96
-558 -28
86 240
-273 4
0 -79
213 9
250 -480
514 -813
-925 -60
552 -545
687 755
723 -352
577 -619
857 597
-762 -201
962 370
-860 -890
-564 -739
-385 4
-292 758
920 545
-856 -76
865 -398
-42 850
-186 818
-697 -728
822 -954
325 -473
-17 510
-569 314
-721 272
400 544
355 -25
908 723
294 343
-336 -837
489 -334
-700 75
171 -535
-681 -237
-149 -1000
-509 -871
676 -983
295 -2
535 -905
161 -432
-652 -338
-47 -571
-386 -1000
235 457
622 10
-139 841
-136 -788
-875 429
382 -622
45 151
322 -26
239 878
-57 -679
245 755
-77 957
-433 -702
-482 -61
687 677
-98 831
-541 -600
148 113
-655 132
433 -556
-669 45
690 -740
222 637
-207 811
297 617
636 -504
901 839
-927 112
-410 490
455 -884
-131 467
-815 194
455 738
-406 -264
32 664
-783 360
-523 -628
791 -736
994 411
-473 -885
17 -626
968 330
590 910
-361 -903
-448 -918
674 56
-212 18
153 295
-537 -911
847 727
-72 -772
-166 -668
955 -479
769 -356
160 901
-595 777
-925 -737
986 -53
-130 -537
-191 -573
-848 -182
169 -958
-812 -683
490 701
959 -505
-655 -896
-438 -295
321 479
-272 250
392 349
101 -699
291 466
837 725
-274 -923
-532 -546
-622 -748
-223 771
677 43
-689 -570
673 -549
-697 -839
251 124
625 265
-912 -420
557 509
608 290
-73 -233
140 -532
-701 -27
-619 161
351 -853
-677 744
-229 -264
526 -810
760 -238
74 117
233 -73
-741 -380
611 395
768 212
-216 -1
53 -80
626 873
232 -73
-668 562
-622 -555
565 -187
271 737
841 -267
-121 68
286 -399
-310 -625
-579 985
21 449
995 572
580 -334
-90 -721
-756 -581
-513 147
-491 279
932 466
-821 973
-584 179
-833 60
-814 560
447 -206
-263 -39
803 689
91 203
-510 426
552 -784
-216 -603
-795 907
423 -267
103 -68
-414 -362
945 -1
245 -704
13 -477
-270 -471
255 -10
916 320
-627 -985
-684 335
-20 854
-210 -105
498 159
534 690
492 56
489 -994
-264 248
335 -829
-49 627
-371 -776
-965 -935
-71 -273
-486 -487
-865 590
-531 -359
220 -727
-407 -699
-484 -568
779 181
586 77
-918 315
-989 -367
931 614
-827 712
-160 -262
-466 -963
90 -604
-648 351
-140 -735
928 -945
595 -715
-459 -834
962 18
-813 144
603 647
-714 857
310 609
743 -675
776 -551
919 -169
-796 -519
-987 466
-883 919
-713 -979
-468 -906
942 -743
794 -222
-933 -87
-661 -251
107 -690
851 330
352 -886
603 183
820 529
-403 -852
8 -322
179 -340
-310 -867
-304 79
-637 460
-722 659
-418 -681
268 136
-366 806
-158 -57
-143 11
435 -15
373 -73
804 912
794 -220
400 61
-733 256
140 964
-627 -543
527 549
-33 838
354 877
49 -661
323 -85
720 262
-210 319
-506 -722
-122 -645
681 -559
517 916
321 -477
48 -575
104 -409
-496 -896
720 24
51 870
-722 110
-261 -738
918 -973
-998 -812
401 -445
-282 -132
58 753
555 627
-109 238
798 -406
-20 -692
873 753
668 232
-964 -898
-199 -558
510 -619
90 580
273 -512
-640 -664
230 825
-326 -973
-471 -147
-424 78
14 540
390 -423
-159 995
56 -776
-414 110
881 -818
-447 -920
-283 -547
973 951
565 -493
-622 46
708 994
-226 -116
914 -792
-240 -54
322 134
586 821
791 760
-289 -492
587 -958
239 382
-605 591
994 -217
422 390
400 -989
772 -374
100 458
-550 695
-50 -495
-599 -360
468 -489
591 457
297 -961
710 -606
-891 138
878 -711
-157 -935
943 878
-740 -181
-42 314
-160 634
-877 408
-396 -90
-55 -434
175 146
-525 -338
265 -738
-483 386
-417 209
278 -479
-325 -98
-29 -897
-905 -618
974 -815
-910 239
741 333
-791 -352
-212 819
-288 681
384 457
627 305
387 194
-670 -876
-183 -376
24 841
922 129
290 -301
911 -476
-775 -356
