509
-888 -464
-817 352
-176 -379
197 629
-766 723
-952 -891
680 534
-274 -840
-252 -560
764 92
-216 543
937 485
883 159
-421 -832
289 -101
860 653
-166 610
-67 41
935 531
-105 -86
338 -789
213 442
-174 -111
462 657
-601 688
-699 180
803 -324
-295 69
313 -787
-766 90
-991 773
-220 663
-484 285
684 651
-977 -820
750 649
-289 -182
-239 997
-758 934
852 628
906 532
-183 94
-57 763
969 -144
273 937
-760 527
-370 -179
-344 -661
185 123
918 851
67 993
-239 773
797 -640
964 392
-736 -370
-477 -871
-616 312
-232 -263
607 434
673 333
234 417
-285 52
118 -803
-432 624
532 555
858 -360
-293 623
-280 -511
-148 -89
803 -45
-584 850
38 -474
-266 997
-888 508
640 -479
236 -349
-656 89
239 -126
766 -625
476 651
-515 -219
-164 167
-598 -446
137 279
-101 -576
167 -784
135 -260
613 -168
-207 -847
427 945
558 -54
-235 236
71 343
-721 835
649 823
-797 -703
-879 602
-114 -159
-224 175
158 110
-822 108
355 -692
962 -807
831 -245
-349 -509
-188 -444
-490 292
870 133
-799 271
-84 604
404 346
-780 -807
-480 -346
259 -175
-782 549
867 -931
-25 -822
-479 959
739 597
-326 806
257 -811
574 -96
-680 -535
849 441
-458 -8
251 -23
-63 -309
598 244
-306 -62
340 -518
925 -875
462 -867
-382 878
-581 300
-649 53
-574 -980
219 -53
-352 567
582 242
426 -200
-343 -871
-691 503
-134 318
464 352
-864 843
355 -901
415 110
-507 874
-207 921
-824 -693
-948 -893
282 82
-790 215
340 -785
-41 303
27 -376
452 823
-128 -833
934 796
666 171
-199 -808
578 379
-521 270
-762 -715
205 30
-889 633
301 -396
-859 737
23 -636
-930 525
437 -8
408 -479
-350 -197
-953 181
-551 -540
460 400
-504 -324
60 -801
-934 -197
238 -398
-246 -777
333 -578
420 -303
475 -315
537 724
52 13
439 -442
-955 -750
-907 165
-355 -618
-908 -532
475 500
-954 610
578 717
510 -449
458 272
737 122
169 771
-412 -71
-740 -466
991 254
90 678
-460 -912
-781 -401
-164 -731
-940 599
215 -541
-945 184
317 -419
-249 895
-115 165
-6 -465
231 -581
592 57
-512 635
171 -247
627 -420
797 -25
258 46
-731 -437
220 191
-133 -717
-108 282
-913 -980
-713 503
-189 544
10 647
-626 686
981 59
105 -725
702 -352
-382 654
-424 -260
-501 -903
-608 -426
612 677
-479 614
979 898
935 828
-462 -370
712 949
-373 249
809 7
444 -128
-439 -190
-507 -824
602 -82
832 -623
-310 218
-728 -574
-178 -641
186 190
-285 -796
-444 786
-829 -60
470 989
797 -812
34 497
353 554
-276 91
522 13
-634 372
463 334
-961 -815
493 179
-197 192
346 -412
-803 825
-787 -891
12 -388
827 724
983 -577
-560 751
-657 -32
623 -301
-797 335
576 -923
994 364
28 -30
810 -894
974 -48
562 946
-572 -768
974 -922
-599 -886
416 932
675 -129
223 328
-244 586
60 -831
-960 172
421 -938
-381 -575
267 754
524 645
-578 -291
674 -141
171 355
-722 -475
-251 -684
-131 514
-996 463
434 -971
76 770
-993 -683
-642 -315
789 548
937 465
725 -833
-876 -412
419 -100
731 -724
-974 -464
680 672
-230 -19
303 -275
-77 224
-126 368
-641 868
-859 795
696 -865
917 16
842 373
-902 374
610 714
23 -884
-884 626
-650 879
-463 -395
649 -850
892 -382
968 597
314 883
-285 -789
393 82
-493 685
-704 667
-667 -592
-327 -305
-550 -408
-610 508
-871 980
-988 -454
-685 210
-519 -131
900 -909
-335 -443
-981 -886
-994 67
162 903
829 218
379 967
265 -415
-693 270
-596 574
212 -851
377 -415
-247 -752
-23 162
-103 622
576 741
146 995
-326 600
-758 222
485 252
-655 -377
-588 313
559 -151
-964 541
-957 -927
199 185
-354 -359
-752 -849
301 -940
-101 -713
473 720
75 -430
883 202
747 348
614 583
850 250
-467 -300
-718 84
-202 -552
917 275
766 -765
61 410
955 -199
227 -237
696 938
86 -952
341 980
104 -198
-296 982
-392 -460
334 588
-680 -167
342 -891
593 -954
-690 257
338 -340
908 -130
-413 744
-298 955
-615 -422
316 -233
504 833
636 -576
221 -981
395 58
-242 -123
-72 -575
-110 -900
-690 -469
-542 -486
709 257
-759 -222
189 541
333 543
-739 -155
786 -193
501 337
149 490
-203 604
640 314
874 170
92 -13
813 -299
287 468
-557 658
-335 -185
482 149
22 -636
-666 -328
-940 909
-649 849
-923 -952
-141 -970
132 -890
-420 4
-371 339
-613 -494
360 -212
306 903
59 -715
-338 822
780 99
-798 -974
-165 430
720 -988
-216 402
-865 332
421 -477
984 -329
-87 -113
741 -430
-411 -549
48 -77
194 89
-364 366
-961 616
910 -910
286 917
221 -702
-801 -881
-56 -567
697 49
-689 880
-187 -609
330 726
-941 535
318 690
-370 558
323 -23
-347 822
569 833
472 -14
230 827
281 -261
520 580
-588 744
-514 954
-19 399
-193 541
754 -342
973 -396
927 66
-514 -244
-739 369
-384 -153
-438 258
565 -883
-372 -502
164 897
-489 -625
439 537
736 120
924 -219
958 -362
-910 607
279 -29
660 780
906 -531
-685 613
-252 980
215 -639
586 -579
213 454
43 480
