2940
535 44
535 356
535 604
535 138
535 -680
535 -369
535 -973
535 -555
535 426
535 928
535 -467
535 -207
535 -51
535 -142
535 -219
535 494
535 -257
535 737
535 -717
535 467
535 -620
535 -574
535 53
535 -975
535 18
535 478
535 -794
535 558
535 435
535 400
535 -719
535 856
535 -576
535 578
535 -968
535 -193
535 37
535 861
535 -418
535 843
535 680
535 -172
535 -942
535 -27
535 828
535 418
535 -680
535 -761
535 -317
535 -123
535 -621
535 371
535 -243
535 -606
535 -21
535 626
535 724
535 387
535 -681
535 -594
535 -929
535 -96
535 548
535 -705
535 -268
535 -288
535 -613
535 716
535 44
535 301
535 571
535 377
535 -847
535 598
535 -764
535 628
535 560
535 156
535 -983
535 216
535 -6
535 349
535 893
535 -305
535 -247
535 488
535 -667
535 46
535 289
535 -970
535 613
535 856
535 -441
535 460
535 666
535 -847
535 -812
535 107
535 460
535 -253
535 -466
535 174
535 -539
535 370
535 -382
535 -214
535 73
535 272
535 -161
535 825
535 22
535 -976
535 -767
535 -1
535 -248
535 496
535 -965
535 -477
535 241
535 377
535 -933
535 895
535 -782
535 181
535 -688
535 -773
535 989
535 -596
535 183
535 342
535 -397
535 211
535 -346
535 -427
535 -948
535 701
535 -9
535 700
535 -834
535 89
535 418
535 100
535 628
535 899
535 -962
535 170
535 -727
535 969
535 -50
535 -120
535 101
535 -769
535 433
535 30
535 -806
535 -350
535 -482
535 738
535 -606
535 542
535 -759
535 610
535 655
535 -489
535 237
535 -97
535 999
535 -52
535 982
535 -980
535 -814
535 143
535 -928
535 -979
535 434
535 162
535 206
535 -8
535 785
535 -184
535 -294
535 623
535 767
535 224
535 690
535 868
535 -456
535 132
535 156
535 -931
535 -718
535 -444
535 -209
535 275
535 827
535 -634
535 -656
535 947
535 -927
535 780
535 532
535 -19
535 337
535 819
535 747
535 526
535 445
535 810
535 -939
535 946
535 -499
535 61
535 840
535 91
535 232
535 38
535 -868
535 548
535 636
535 -629
535 -916
535 959
535 -1000
535 992
535 867
535 438
535 366
535 -882
535 107
535 946
535 222
535 716
535 -557
535 84
535 404
535 653
535 902
535 -760
535 90
535 -539
535 -956
535 380
535 -707
535 908
535 -903
535 879
535 -418
535 382
535 973
535 -670
535 -814
535 -226
535 -986
535 -344
535 778
535 -191
535 24
535 -288
535 838
535 662
535 993
535 849
535 439
535 928
535 -664
535 720
535 -546
535 -164
535 577
535 -49
535 343
535 84
535 540
535 962
535 -995
535 663
535 1
535 195
535 -229
535 -163
535 -231
535 -892
535 -450
535 -755
535 -649
535 -954
535 356
535 832
535 -192
535 499
535 -393
535 -88
535 795
535 -915
535 -605
535 950
535 996
535 906
535 -119
535 -838
535 -14
535 506
535 684
535 -209
535 -449
535 755
535 714
535 113
535 -13
535 515
535 727
535 658
535 178
535 -433
535 -848
535 72
535 62
535 -764
535 -784
535 308
535 -711
535 985
535 -367
535 -469
535 743
535 677
535 47
535 -881
535 545
535 -289
535 884
535 679
535 233
535 -905
535 -323
535 596
535 909
535 -619
535 -978
535 292
535 -657
535 449
535 192
535 217
535 -296
535 -654
535 -460
535 614
535 428
535 386
535 -716
535 -872
535 78
535 896
535 -38
535 254
535 416
535 -719
535 760
535 -200
535 -257
535 296
535 867
535 774
535 -112
535 905
535 -725
535 697
535 -220
535 741
535 968
535 709
535 -629
535 -464
535 -509
535 -437
535 715
535 845
535 386
535 809
535 -857
535 -267
535 45
535 259
535 546
535 -789
535 527
535 -511
535 544
535 285
535 -856
535 608
535 -340
535 298
535 -193
535 145
535 -556
535 267
535 -340
535 188
535 633
535 -851
535 -728
535 883
535 -43
535 -142
535 236
535 598
535 -967
535 -178
535 9
535 450
535 -988
535 -484
535 -797
535 -535
535 -602
535 457
535 -322
535 366
535 -847
535 -408
535 460
535 973
535 221
535 -918
535 -244
535 -201
535 200
535 -618
535 761
535 -222
535 -234
535 782
535 -231
535 -992
535 -684
535 -829
535 338
535 -607
535 355
535 -390
535 272
535 -736
535 -240
535 -201
535 956
535 -329
535 -857
535 -363
535 -592
535 513
535 -752
535 -307
535 560
535 -973
535 879
535 -177
535 538
535 -291
535 636
535 687
535 -252
535 -219
535 586
535 748
535 -664
535 929
535 -767
535 253
535 632
535 -169
535 -828
535 -958
535 -914
535 977
535 -228
535 -636
535 553
535 707
535 -584
535 317
535 -182
535 83
535 544
535 563
535 -146
535 -400
535 -339
535 498
535 608
535 970
535 272
535 -481
535 726
535 -619
535 -464
535 -876
535 -331
535 408
535 -925
535 786
535 -776
535 -600
535 950
535 -349
535 -535
535 -814
535 -251
535 -859
535 170
535 -899
535 369
535 -754
535 -94
535 676
535 474
535 17
535 234
535 -770
535 -497
535 -765
535 419
535 452
535 413
535 -844
535 66
535 -255
535 -473
535 -259
535 -796
535 -339
535 292
535 416
535 -900
535 -116
535 -71
535 -302
535 -758
535 -643
535 733
535 371
535 491
535 -264
535 329
535 -681
535 401
535 -213
535 -131
535 -274
535 -244
535 -871
535 -669
535 899
535 136
535 -622
535 -242
535 49
535 151
535 153
535 627
535 610
535 977
535 438
535 382
535 34
535 -468
535 -271
535 671
535 -135
535 112
535 -680
535 -682
535 341
535 -914
535 607
535 -370
535 -131
535 640
535 365
535 -712
535 -636
535 -580
535 -584
535 -440
535 455
535 92
535 325
535 966
535 526
535 -795
535 445
535 153
535 -551
535 63
535 -431
535 706
535 -837
535 -633
535 -494
535 -582
535 -392
535 -790
535 -929
535 -505
535 -502
535 236
535 -884
535 390
535 -188
535 709
535 -746
535 -7
535 384
535 156
535 955
535 -557
535 -690
535 -123
535 -986
535 -34
535 -85
535 -256
535 40
535 70
535 253
535 576
535 726
535 -173
535 616
535 65
535 965
535 82
535 934
535 476
535 -325
535 -197
535 899
535 584
535 -4
535 400
535 230
535 93
535 847
535 446
535 -441
535 490
535 711
535 155
535 -684
535 -117
535 -206
535 -494
535 69
535 498
535 -73
535 96
535 211
535 300
535 560
535 -633
535 -753
535 -340
535 -192
535 -491
535 -753
535 -466
535 -140
535 852
535 850
535 682
535 -931
535 22
535 756
535 -690
535 283
535 -782
535 -244
535 -172
535 810
535 651
535 688
535 772
535 -778
535 175
535 -235
535 -770
535 872
535 554
535 -841
535 -900
535 877
535 -842
535 701
535 668
535 571
535 -406
535 825
535 173
535 961
535 770
535 117
535 739
535 -755
535 200
535 -117
535 127
535 552
535 850
535 453
535 468
535 961
535 851
535 -686
535 -790
535 271
535 -624
535 -674
535 -448
535 -569
535 616
535 -617
535 924
535 -911
535 261
535 335
535 -24
535 -98
535 -645
535 656
535 291
535 718
535 -172
535 536
535 176
535 813
535 123
535 -564
535 565
535 -465
535 425
535 223
535 947
535 -491
535 -442
535 266
535 -228
535 -276
535 329
535 -62
535 515
535 -576
535 -622
535 352
535 -577
535 -317
535 -122
535 391
535 -756
535 774
535 615
535 -902
535 846
535 -621
535 987
535 -31
535 805
535 903
535 534
535 81
535 288
535 970
535 180
535 -49
535 -220
535 -385
535 630
535 -655
535 -398
535 -327
535 293
535 -541
535 -917
535 -990
535 -714
535 -829
535 -337
535 283
535 -934
535 402
535 -562
535 -582
535 787
535 -863
535 868
535 -836
535 -118
535 273
535 -773
535 209
535 -257
535 -123
535 -815
535 -523
535 -46
535 -317
535 79
535 654
535 564
535 -37
535 -581
535 -874
535 44
535 -692
535 478
535 738
535 1000
535 733
535 -967
535 -362
535 -191
535 564
535 250
535 120
535 -171
535 -307
535 -915
535 -802
535 -643
535 -362
535 -745
535 151
535 -864
535 -382
535 -847
535 557
535 6
535 -979
535 -960
535 -364
535 492
535 112
535 707
535 -72
535 88
535 399
535 -711
535 303
535 -752
535 -259
535 235
535 480
535 274
535 -388
535 -506
535 -223
535 -945
535 720
535 -170
535 -932
535 984
535 881
535 772
535 -450
535 59
535 643
535 -995
535 807
535 618
535 689
535 -287
535 289
535 -755
535 278
535 -855
535 715
535 -537
535 -938
535 -465
535 949
535 -873
535 -515
535 -399
535 939
535 -613
535 -660
535 789
535 897
535 424
535 -325
535 423
535 880
535 -893
535 383
535 -311
535 702
535 802
535 414
535 909
535 -106
535 -55
535 -336
535 594
535 -702
535 805
535 -692
535 -827
535 517
535 771
535 -500
535 215
535 116
535 475
535 384
535 -912
535 234
535 624
535 743
535 859
535 513
535 292
535 247
535 758
535 389
535 -472
535 -885
535 -972
535 312
535 -98
535 -432
535 834
535 -815
535 -610
535 350
535 -312
535 -633
535 -665
535 28
535 -252
535 701
535 -983
535 529
535 -330
535 -906
535 813
535 -547
535 273
535 -146
535 471
535 -400
535 -593
535 -577
535 -791
535 -657
535 665
535 -504
535 721
535 987
535 334
535 588
535 -447
535 -160
535 68
535 -980
535 469
535 498
535 809
535 208
535 -756
535 726
535 526
535 -884
535 -243
535 -565
535 710
535 497
535 -109
535 -33
535 -974
535 -331
535 -754
535 -804
535 -461
535 213
535 861
535 -62
535 -725
535 893
535 -289
535 -393
535 800
535 684
535 673
535 788
535 373
535 -115
535 -306
535 -315
535 372
535 515
535 -151
535 373
535 -536
535 543
535 -368
535 724
535 -228
535 633
535 717
535 -880
535 -963
535 -633
535 -4
535 422
535 168
535 228
535 342
535 214
535 -137
535 -902
535 -514
535 839
535 -74
535 0
535 994
535 -866
535 -418
535 -436
535 -23
535 336
535 -681
535 -573
535 846
535 -703
535 -166
535 835
535 -235
535 -551
535 948
535 -50
535 -496
535 -694
535 428
535 983
535 139
535 -955
535 -122
535 421
535 -512
535 -981
535 -806
535 939
535 549
535 -84
535 237
535 863
535 36
535 350
535 790
535 -318
535 612
535 -27
535 594
535 650
535 112
535 905
535 517
535 -338
535 441
535 -125
535 443
535 -168
535 284
535 -427
535 913
535 787
535 -454
535 213
535 172
535 10
535 -600
535 371
535 -747
535 -669
535 -735
535 -22
535 978
535 -269
535 -873
535 -884
535 -857
535 -102
535 617
535 -271
535 213
535 678
535 -572
535 531
535 -97
535 331
535 344
535 44
535 720
535 -96
535 237
535 -378
535 951
535 130
535 484
535 -250
535 190
535 -8
535 -435
535 885
535 118
535 -51
535 -343
535 822
535 914
535 -61
535 -340
535 340
535 -972
535 -100
535 -848
535 924
535 793
535 -786
535 -108
535 182
535 536
535 625
535 -672
535 395
535 -508
535 819
535 855
535 -515
535 -580
535 814
535 641
535 -781
535 -40
535 614
535 -645
535 -566
535 -773
535 -837
535 -561
535 -833
535 -716
535 -356
535 -892
535 -414
535 786
535 -37
535 -795
535 307
535 395
535 -552
535 -501
535 327
535 841
535 -78
535 -773
535 995
535 -829
535 -827
535 214
535 -715
535 -686
535 725
535 -820
535 975
535 674
535 -620
535 146
535 -40
535 915
535 41
535 -969
535 -111
535 4
535 -713
535 -547
535 -483
535 130
535 534
535 143
535 -881
535 -302
535 212
535 231
535 -837
535 -258
535 -945
535 -704
535 -853
535 796
535 649
535 566
535 -382
535 447
535 957
535 -807
535 -68
535 -550
535 705
535 906
535 1
535 326
535 -693
535 154
535 -356
535 664
535 556
535 -439
535 -992
535 -720
535 464
535 607
535 -7
535 -928
535 -421
535 -951
535 -789
535 -26
535 23
535 449
535 -577
535 288
535 781
535 -912
535 375
535 -49
535 -491
535 398
535 998
535 -292
535 -668
535 845
535 597
535 958
535 515
535 685
535 -868
535 -73
535 -763
535 588
535 -453
535 228
535 977
535 515
535 -567
535 -436
535 -703
535 528
535 -178
535 542
535 929
535 -718
535 961
535 -193
535 -960
535 18
535 687
535 78
535 292
535 -703
535 936
535 -836
535 267
535 -842
535 477
535 -42
535 -732
535 -1
535 -492
535 -537
535 -608
535 -395
535 973
535 998
535 -39
535 -293
535 -358
535 -912
535 674
535 -615
535 -219
535 -614
535 -92
535 652
535 -303
535 -449
535 658
535 535
535 26
535 -504
535 936
535 -183
535 341
535 950
535 7
535 -524
535 -744
535 -123
535 621
535 -572
535 699
535 989
535 69
535 -966
535 -599
535 -668
535 733
535 618
535 -412
535 -124
535 -10
535 337
535 -975
535 268
535 -713
535 -756
535 897
535 288
535 488
535 -609
535 305
535 -777
535 -363
535 -15
535 -167
535 -171
535 276
535 240
535 983
535 -77
535 -893
535 950
535 -341
535 267
535 -13
535 -340
535 -81
535 -338
535 209
535 -479
535 225
535 -92
535 -212
535 510
535 56
535 -578
535 563
535 641
535 -262
535 -567
535 -709
535 626
535 -983
535 -305
535 710
535 862
535 598
535 -841
535 -52
535 -115
535 -212
535 694
535 -38
535 936
535 467
535 -406
535 478
535 -236
535 238
535 14
535 -109
535 647
535 433
535 264
535 -885
535 -279
535 -328
535 -173
535 291
535 -494
535 -473
535 -770
535 -172
535 637
535 -554
535 458
535 23
535 -811
535 508
535 410
535 949
535 -481
535 -326
535 -465
535 -647
535 645
535 746
535 465
535 186
535 -793
535 -581
535 284
535 -1000
535 -218
535 -103
535 -231
535 315
535 245
535 819
535 407
535 332
535 482
535 68
535 -902
535 928
535 -666
535 999
535 266
535 -999
535 487
535 187
535 459
535 -138
535 -926
535 -725
535 886
535 788
535 -977
535 632
535 -236
535 -577
535 882
535 96
535 -136
535 107
535 268
535 612
535 -23
535 481
535 -640
535 723
535 -699
535 -999
535 8
535 -565
535 459
535 769
535 -27
535 -2
535 -781
535 -201
535 -555
535 947
535 -398
535 -360
535 -140
535 -898
535 -553
535 713
535 -143
535 -327
535 -882
535 -409
535 -556
535 778
535 95
535 -52
535 -955
535 -647
535 -940
535 -73
535 -791
535 394
535 -315
535 695
535 63
535 122
535 352
535 -15
535 0
535 242
535 -884
535 312
535 719
535 494
535 922
535 -388
535 391
535 763
535 69
535 -676
535 -717
535 -262
535 796
535 74
535 798
535 222
535 -881
535 -133
535 -230
535 -634
535 650
535 558
535 -729
535 -163
535 26
535 335
535 106
535 -904
535 -131
535 800
535 344
535 -320
535 -973
535 475
535 -441
535 -139
535 937
535 -339
535 -644
535 -591
535 89
535 -241
535 -443
535 303
535 -955
535 43
535 469
535 -407
535 -4
535 123
535 -608
535 -832
535 788
535 11
535 688
535 383
535 251
535 60
535 -642
535 191
535 736
535 -68
535 799
535 -797
535 586
535 898
535 -765
535 612
535 -555
535 469
535 -653
535 -989
535 -451
535 -185
535 759
535 -688
535 -843
535 -982
535 -364
535 -847
535 132
535 368
535 402
535 907
535 515
535 756
535 396
535 977
535 449
535 483
535 964
535 -348
535 -36
535 -740
535 376
535 -316
535 -67
535 -60
535 -306
535 -707
535 -954
535 -155
535 437
535 -314
535 -736
535 458
535 513
535 61
535 -451
535 442
535 433
535 -236
535 -478
535 631
535 -763
535 -579
535 -105
535 -387
535 -911
535 -252
535 131
535 52
535 792
535 40
535 -843
535 583
535 -777
535 -430
535 413
535 715
535 944
535 -544
535 713
535 -85
535 446
535 -216
535 -999
535 616
535 226
535 38
535 -762
535 490
535 578
535 -416
535 -40
535 -849
535 911
535 -731
535 -304
535 -313
535 417
535 -811
535 -810
535 775
535 -677
535 82
535 -154
535 909
535 -46
535 -675
535 -189
535 960
535 -887
535 -476
535 -856
535 -260
535 -825
535 -683
535 -111
535 411
535 649
535 -335
535 567
535 -957
535 -939
535 -750
535 -284
535 -825
535 -654
535 -159
535 215
535 528
535 882
535 317
535 238
535 296
535 -873
535 91
535 837
535 -290
535 -858
535 101
535 181
535 -336
535 908
535 808
535 20
535 635
535 -31
535 214
535 309
535 -574
535 -484
535 661
535 229
535 -294
535 93
535 -503
535 -45
535 -33
535 -890
535 -598
535 74
535 1000
535 -395
535 -877
535 897
535 -556
535 950
535 -84
535 978
535 453
535 77
535 -928
535 -358
535 425
535 189
535 344
535 -994
535 344
535 906
535 -250
535 -55
535 -949
535 -947
535 -652
535 229
535 -454
535 -79
535 -156
535 -74
535 91
535 824
535 903
535 -618
535 -472
535 -364
535 560
535 -439
535 463
535 -691
535 -892
535 945
535 639
535 712
535 -86
535 -903
535 65
535 -192
535 278
535 810
535 98
535 -837
535 -808
535 132
535 -837
535 500
535 -833
535 -541
535 971
535 -476
535 669
535 519
535 -177
535 495
535 239
535 854
535 -187
535 -698
535 627
535 -816
535 -190
535 -40
535 -640
535 820
535 -269
535 340
535 -686
535 163
535 978
535 -652
535 275
535 -486
535 -811
535 -438
535 803
535 452
535 -662
535 252
535 799
535 933
535 -39
535 -487
535 116
535 68
535 -654
535 -107
535 -989
535 720
535 -847
535 -11
535 657
535 -120
535 154
535 71
535 -58
535 908
535 -417
535 322
535 -51
535 54
535 139
535 -496
535 -823
535 289
535 478
535 216
535 841
535 302
535 -710
535 806
535 -155
535 731
535 -382
535 -111
535 48
535 -667
535 273
535 -996
535 402
535 684
535 309
535 -203
535 -174
535 621
535 283
535 714
535 -102
535 485
535 769
535 -644
535 -579
535 -348
535 -354
535 -71
535 722
535 -934
535 -439
535 -493
535 763
535 -665
535 -102
535 463
535 962
535 -866
535 288
535 -190
535 -216
535 741
535 -244
535 854
535 -626
535 -325
535 347
535 433
535 -203
535 594
535 791
535 -128
535 808
535 -949
535 -783
535 58
535 -454
535 308
535 491
535 -810
535 977
535 -470
535 -997
535 -376
535 503
535 -669
535 546
535 -700
535 -474
535 685
535 925
535 890
535 691
535 868
535 -281
535 -681
535 -666
535 6
535 -327
535 950
535 317
535 951
535 222
535 864
535 -156
535 -381
535 105
535 125
535 141
535 724
535 984
535 -988
535 582
535 838
535 544
535 -162
535 784
535 940
535 -675
535 -863
535 -251
535 -455
535 -921
535 257
535 564
535 272
535 -78
535 -350
535 -785
535 -697
535 294
535 -364
535 -453
535 349
535 -800
535 -629
535 -299
535 -294
535 -457
535 -897
535 -435
535 966
535 553
535 -863
535 897
535 598
535 -962
535 -5
535 668
535 -422
535 176
535 961
535 -431
535 -288
535 440
535 -652
535 -539
535 -590
535 -957
535 -1000
535 572
535 -297
535 302
535 -256
535 -175
535 -139
535 883
535 -522
535 -429
535 -430
535 -47
535 -574
535 779
535 904
535 -208
535 559
535 574
535 285
535 411
535 -766
535 382
535 650
535 339
535 -577
535 -210
535 503
535 484
535 -181
535 303
535 210
535 -459
535 969
535 -985
535 -121
535 -940
535 -324
535 833
535 215
535 -150
535 -848
535 667
535 367
535 -200
535 156
535 787
535 137
535 370
535 -802
535 416
535 883
535 -780
535 -707
535 529
535 789
535 -359
535 356
535 -732
535 -529
535 -781
535 276
535 553
535 -761
535 -155
535 332
535 -247
535 3
535 -235
535 -103
535 -94
535 815
535 -443
535 893
535 951
535 -497
535 -666
535 33
535 690
535 -939
535 693
535 28
535 -319
535 -569
535 -838
535 563
535 691
535 184
535 -886
535 -286
535 992
535 -19
535 -550
535 -787
535 791
535 -718
535 351
535 323
535 -236
535 919
535 -539
535 526
535 -721
535 -152
535 -547
535 570
535 623
535 -777
535 901
535 577
535 -386
535 -305
535 615
535 -131
535 -728
535 -864
535 92
535 386
535 -559
535 850
535 817
535 -515
535 521
535 79
535 997
535 -514
535 860
535 -492
535 -404
535 548
535 178
535 251
535 587
535 -239
535 179
535 -325
535 -596
535 -743
535 -480
535 562
535 995
535 -813
535 536
535 -200
535 304
535 -421
535 -553
535 333
535 63
535 333
535 476
535 431
535 -583
535 -414
535 727
535 -793
535 -176
535 -284
535 459
535 -911
535 929
535 -102
535 -843
535 -421
535 762
535 16
535 -291
535 595
535 -407
535 544
535 -600
535 946
535 -553
535 -324
535 630
535 417
535 434
535 -745
535 -334
535 433
535 -509
535 14
535 361
535 -175
535 -994
535 587
535 266
535 -662
535 -494
535 986
535 786
535 40
535 -388
535 -703
535 -743
535 864
535 -55
535 -212
535 -882
535 310
535 327
535 -862
535 249
535 -430
535 710
535 -497
535 -680
535 810
535 685
535 602
535 -350
535 5
535 87
535 697
535 74
535 525
535 876
535 -709
535 -104
535 315
535 -351
535 686
535 496
535 533
535 352
535 152
535 514
535 3
535 783
535 -117
535 -646
535 -261
535 40
535 -358
535 -257
535 -43
535 588
535 -170
535 377
535 560
535 -697
535 -640
535 -646
535 876
535 -371
535 116
535 -740
535 598
535 286
535 -683
535 -456
535 -3
535 -656
535 -389
535 814
535 759
535 681
535 825
535 861
535 -438
535 769
535 -330
535 -679
535 -823
535 368
535 -158
535 490
535 934
535 -501
535 532
535 76
535 -926
535 -644
535 74
535 970
535 291
535 308
535 405
535 -850
535 919
535 -723
535 -738
535 215
535 682
535 -296
535 360
535 271
535 191
535 -675
535 -254
535 -22
535 697
535 814
535 -994
535 812
535 496
535 -73
535 -521
535 822
535 500
535 847
535 905
535 390
535 -822
535 695
535 644
535 -12
535 91
535 265
535 -496
535 -399
535 518
535 -609
535 -757
535 235
535 636
535 -663
535 242
535 499
535 -926
535 -44
535 -396
535 100
535 -482
535 454
535 -532
535 33
535 -571
535 -697
535 -432
535 -490
535 -909
535 397
535 -717
535 629
535 448
535 -248
535 -806
535 716
535 -713
535 -72
535 -994
535 694
535 -802
535 -280
535 -979
535 -842
535 34
535 -93
535 -449
535 503
535 963
535 345
535 45
535 -801
535 475
535 630
535 -890
535 -602
535 -864
535 -751
535 -838
535 848
535 515
535 110
535 989
535 310
535 -12
535 -53
535 947
535 573
535 -546
535 -434
535 789
535 -223
535 -128
535 -466
535 924
535 -990
535 -722
535 638
535 788
535 616
535 -597
535 916
535 976
535 86
535 39
535 231
535 952
535 -537
535 213
535 210
535 -177
535 749
535 -671
535 366
535 682
535 -167
535 681
535 -994
535 -239
535 140
535 -390
535 -720
535 58
535 438
535 -900
535 580
535 985
535 -382
535 -142
535 -899
535 603
535 -622
535 911
535 543
535 245
535 -62
535 678
535 -459
535 301
535 -432
535 164
535 469
535 -118
535 373
535 611
535 -644
535 575
535 132
535 368
535 371
535 -730
535 648
535 -675
535 -502
535 819
535 507
535 744
535 -451
535 262
535 791
535 680
535 785
535 -671
535 716
535 908
535 -701
535 -791
535 491
535 131
535 826
535 -253
535 -377
535 161
535 857
535 868
535 947
535 -594
535 394
535 595
535 -703
535 -423
535 -767
535 -305
535 897
535 372
535 -245
535 124
535 343
535 658
535 -231
535 232
535 -950
535 -384
535 -728
535 -38
535 629
535 -482
535 227
535 -580
535 958
535 314
535 -416
535 405
535 -130
535 -179
535 -678
535 -426
535 414
535 963
535 42
535 -878
535 -161
535 -84
535 649
535 -106
535 283
535 -57
535 407
535 40
535 321
535 -28
535 321
535 950
535 328
535 622
535 96
535 225
535 764
535 -385
535 -967
535 346
535 -818
535 -773
535 -906
535 -732
535 -213
535 254
535 -465
535 -686
535 -665
535 -283
535 193
535 866
535 -43
535 -402
535 969
535 -35
535 -197
535 -299
535 370
535 729
535 -197
535 -996
535 825
535 947
535 488
535 -639
535 -144
535 -947
535 -586
535 421
535 560
535 102
535 -317
535 643
535 -283
535 238
535 -190
535 -355
535 -856
535 -394
535 770
535 704
535 79
535 284
535 -443
535 -192
535 -983
535 -38
535 -542
535 -819
535 185
535 -209
535 631
535 -362
535 511
535 791
535 -84
535 689
535 956
535 -608
535 888
535 176
535 -10
535 -258
535 -737
535 -349
535 887
535 992
535 -796
535 -542
535 -277
535 -480
535 -182
535 -550
535 405
535 -466
535 619
535 -62
535 -660
535 706
535 922
535 585
535 -88
535 -162
535 376
535 -899
535 -162
535 172
535 598
535 -472
535 -861
535 946
535 -826
535 203
535 -63
535 922
535 -762
535 -884
535 -947
535 -734
535 -438
535 833
535 759
535 -757
535 -384
535 -904
535 -379
535 249
535 475
535 -333
535 639
535 939
535 -342
535 531
535 -461
535 -170
535 -181
535 -739
535 -652
535 847
535 769
535 -318
535 -99
535 -669
535 -444
535 -450
535 109
535 -245
535 866
535 806
535 -987
535 -935
535 777
535 494
535 548
535 64
535 -839
535 211
535 -223
535 218
535 -490
535 653
535 277
535 -415
535 640
535 -941
535 736
535 -395
535 -77
535 693
535 552
535 613
535 94
535 -71
535 360
535 300
535 -164
535 534
535 -509
535 -170
535 -62
535 -399
535 553
535 -357
535 697
535 245
535 65
535 -408
535 -170
535 261
535 936
535 517
535 -715
535 -137
535 -130
535 -692
535 -756
535 -982
535 295
535 -159
535 824
535 140
535 223
535 -768
535 -465
535 -880
535 -423
535 454
535 936
535 214
535 910
535 361
535 478
535 501
535 991
535 211
535 -613
535 885
535 -825
535 -401
535 -106
535 -565
535 -544
535 916
535 -10
535 -85
535 -308
535 -8
535 -691
535 192
535 742
535 510
535 609
535 -860
535 -288
535 536
535 310
535 370
535 69
535 733
535 355
535 945
535 -555
535 -813
535 -302
535 833
535 -14
535 146
535 123
535 -255
535 -934
535 -635
535 -617
535 -609
535 -982
535 -266
535 518
535 575
535 666
535 -929
535 476
535 226
535 -527
535 -609
535 -888
535 -77
535 445
535 57
535 67
535 -36
535 307
535 -386
535 399
535 -836
535 -167
535 576
535 -123
535 -250
535 -283
535 -659
535 -75
535 638
535 918
535 -49
535 -264
535 -593
535 669
535 577
535 262
535 -963
535 -51
535 878
535 -720
535 188
535 617
535 653
535 -860
535 104
535 -438
535 773
535 743
535 -352
535 -366
535 978
535 -38
535 255
535 802
535 -203
535 497
535 -193
535 401
535 933
535 719
535 -973
535 -856
535 -921
535 -701
535 -379
535 -233
535 -592
535 -681
535 440
535 -281
535 488
535 -298
535 -512
535 -962
535 -529
535 -352
535 -906
535 670
535 -287
535 913
535 -926
535 -129
535 357
535 694
535 -891
535 -605
535 306
535 -293
535 -971
535 -557
535 -290
535 586
535 -72
535 846
535 -38
535 44
535 -679
535 20
535 34
535 -666
535 -26
535 395
535 -85
535 309
535 481
535 -416
535 -122
535 706
535 497
535 -655
535 -46
535 285
535 -323
535 538
535 51
535 -938
535 -333
535 -344
535 -483
535 -456
535 150
535 338
535 -827
535 7
535 138
535 -944
535 -870
535 439
535 -632
535 561
535 -369
535 -3
535 -810
535 754
535 937
535 -669
535 360
535 732
535 -117
535 135
535 -408
535 -610
535 796
535 341
535 607
535 708
535 -785
535 320
535 885
535 -401
535 -824
535 -593
535 -380
535 119
535 252
535 538
535 -675
535 -844
535 -368
535 91
535 -932
535 -875
535 -119
535 -766
535 -863
535 148
535 709
535 -413
535 -984
535 -714
535 700
535 995
535 781
535 822
535 997
535 457
535 534
535 -398
535 -211
535 1
535 125
535 406
535 776
535 -315
535 129
535 -436
535 -822
535 220
535 -766
535 573
535 -977
535 908
535 580
535 594
535 858
535 529
535 -241
535 64
535 983
535 684
535 960
535 -519
535 -300
535 -56
535 985
535 -907
535 -63
535 2
535 -560
535 -661
535 -313
535 -980
535 -932
535 -857
535 -252
535 -942
535 137
535 -784
535 -597
535 424
535 -819
535 463
535 -405
535 -640
535 806
535 608
535 319
535 -315
535 797
535 -757
535 -358
535 323
535 379
535 860
535 -887
535 -410
535 -191
535 -614
