10247
-254 -936
-254 291
-254 920
-254 267
-254 947
-254 -683
-254 -958
-254 -715
-254 -414
-254 -654
-254 -760
-254 341
-254 911
-254 239
-254 281
-254 696
-254 -637
-254 735
-254 392
-254 838
-254 714
-254 -350
-254 586
-254 389
-254 -37
-254 716
-254 -585
-254 -634
-254 915
-254 -146
-254 225
-254 -405
-254 379
-254 846
-254 428
-254 531
-254 135
-254 706
-254 725
-254 -105
-254 -880
-254 -293
-254 97
-254 363
-254 206
-254 594
-254 -871
-254 701
-254 73
-254 -464
-254 895
-254 -222
-254 917
-254 692
-254 -931
-254 208
-254 5
-254 -962
-254 57
-254 -974
-254 -641
-254 141
-254 452
-254 296
-254 280
-254 -130
-254 319
-254 -496
-254 -98
-254 278
-254 994
-254 574
-254 -126
-254 95
-254 392
-254 -770
-254 -648
-254 447
-254 620
-254 -303
-254 803
-254 -36
-254 -179
-254 -255
-254 -53
-254 -548
-254 -701
-254 427
-254 471
-254 -965
-254 -811
-254 714
-254 -173
-254 23
-254 713
-254 -679
-254 92
-254 64
-254 -522
-254 545
-254 330
-254 66
-254 -263
-254 992
-254 -955
-254 161
-254 868
-254 632
-254 414
-254 731
-254 -870
-254 -564
-254 836
-254 -57
-254 -162
-254 -886
-254 867
-254 -437
-254 535
-254 -650
-254 127
-254 170
-254 853
-254 669
-254 82
-254 -809
-254 -98
-254 822
-254 130
-254 47
-254 689
-254 -515
-254 1
-254 -710
-254 -100
-254 707
-254 892
-254 -375
-254 991
-254 472
-254 309
-254 990
-254 529
-254 771
-254 53
-254 268
-254 -984
-254 -659
-254 304
-254 863
-254 569
-254 -668
-254 841
-254 -791
-254 -818
-254 -82
-254 690
-254 -169
-254 252
-254 -234
-254 617
-254 555
-254 395
-254 761
-254 719
-254 -856
-254 -563
-254 -167
-254 977
-254 -749
-254 245
-254 208
-254 577
-254 459
-254 178
-254 -230
-254 584
-254 962
-254 -589
-254 421
-254 249
-254 -660
-254 515
-254 -625
-254 849
-254 539
-254 -856
-254 63
-254 -198
-254 -4
-254 964
-254 -599
-254 378
-254 927
-254 -146
-254 -499
-254 755
-254 -595
-254 -792
-254 668
-254 687
-254 -943
-254 -913
-254 212
-254 221
-254 822
-254 90
-254 911
-254 -47
-254 559
-254 -250
-254 -582
-254 738
-254 491
-254 -665
-254 -44
-254 380
-254 -635
-254 -842
-254 -137
-254 282
-254 22
-254 -805
-254 -511
-254 -175
-254 -758
-254 628
-254 -842
-254 102
-254 946
-254 -77
-254 -797
-254 -203
-254 59
-254 -877
-254 -869
-254 909
-254 8
-254 -92
-254 147
-254 486
-254 -788
-254 717
-254 142
-254 -578
-254 227
-254 -935
-254 934
-254 749
-254 -313
-254 -225
-254 -510
-254 859
-254 -506
-254 -587
-254 -845
-254 915
-254 -709
-254 -994
-254 -787
-254 525
-254 -432
-254 574
-254 507
-254 652
-254 -973
-254 -969
-254 723
-254 734
-254 5
-254 -42
-254 -813
-254 684
-254 -399
-254 -289
-254 723
-254 958
-254 -275
-254 85
-254 -252
-254 -701
-254 -78
-254 466
-254 -774
-254 -315
-254 -619
-254 453
-254 827
-254 -222
-254 -515
-254 -189
-254 -570
-254 -333
-254 -99
-254 526
-254 -609
-254 -646
-254 841
-254 724
-254 378
-254 -650
-254 463
-254 971
-254 382
-254 -445
-254 -388
-254 656
-254 330
-254 769
-254 -194
-254 423
-254 233
-254 -216
-254 -225
-254 754
-254 -648
-254 -665
-254 0
-254 -681
-254 -53
-254 -549
-254 691
-254 -624
-254 61
-254 964
-254 -474
-254 352
-254 939
-254 -834
-254 174
-254 190
-254 121
-254 294
-254 -706
-254 415
-254 -651
-254 -446
-254 919
-254 186
-254 198
-254 -603
-254 -663
-254 955
-254 382
-254 515
-254 -833
-254 899
-254 -901
-254 15
-254 507
-254 -338
-254 15
-254 -106
-254 -459
-254 262
-254 -702
-254 320
-254 426
-254 425
-254 -77
-254 297
-254 -911
-254 693
-254 -28
-254 -316
-254 -254
-254 951
-254 809
-254 -529
-254 -341
-254 -271
-254 -183
-254 -69
-254 -701
-254 -164
-254 -494
-254 745
-254 584
-254 908
-254 -15
-254 341
-254 -601
-254 -230
-254 -124
-254 -708
-254 -517
-254 -291
-254 843
-254 503
-254 -854
-254 306
-254 -825
-254 766
-254 -726
-254 -703
-254 -451
-254 883
-254 -928
-254 986
-254 656
-254 867
-254 933
-254 948
-254 110
-254 320
-254 -54
-254 -98
-254 214
-254 991
-254 -71
-254 -817
-254 -377
-254 -164
-254 -354
-254 620
-254 879
-254 -10
-254 405
-254 10
-254 897
-254 750
-254 67
-254 377
-254 -455
-254 887
-254 532
-254 599
-254 198
-254 -97
-254 96
-254 -362
-254 245
-254 -358
-254 408
-254 -442
-254 -969
-254 -625
-254 130
-254 -109
-254 817
-254 579
-254 299
-254 -385
-254 -41
-254 368
-254 783
-254 -856
-254 -282
-254 449
-254 719
-254 395
-254 -947
-254 -286
-254 544
-254 198
-254 877
-254 -764
-254 942
-254 431
-254 -750
-254 499
-254 -557
-254 -134
-254 -114
-254 874
-254 324
-254 -494
-254 273
-254 -203
-254 -56
-254 279
-254 256
-254 163
-254 -163
-254 -965
-254 943
-254 -300
-254 232
-254 -557
-254 941
-254 847
-254 490
-254 -343
-254 -397
-254 -872
-254 203
-254 506
-254 -332
-254 725
-254 -833
-254 -799
-254 984
-254 738
-254 911
-254 342
-254 190
-254 -548
-254 -948
-254 -25
-254 -982
-254 972
-254 386
-254 885
-254 280
-254 -473
-254 931
-254 -524
-254 -692
-254 100
-254 798
-254 171
-254 343
-254 212
-254 -426
-254 728
-254 -991
-254 -734
-254 -953
-254 -219
-254 -780
-254 -903
-254 -872
-254 578
-254 31
-254 -664
-254 -751
-254 719
-254 331
-254 -393
-254 551
-254 121
-254 -319
-254 -16
-254 309
-254 17
-254 -226
-254 -758
-254 770
-254 404
-254 -601
-254 303
-254 -489
-254 51
-254 -635
-254 -732
-254 684
-254 812
-254 -249
-254 492
-254 845
-254 -644
-254 333
-254 -840
-254 -873
-254 -412
-254 -748
-254 -20
-254 -685
-254 -153
-254 994
-254 -209
-254 -855
-254 473
-254 -521
-254 -3
-254 100
-254 -239
-254 -970
-254 901
-254 98
-254 903
-254 -97
-254 771
-254 564
-254 -343
-254 -869
-254 227
-254 175
-254 -641
-254 247
-254 6
-254 710
-254 190
-254 -243
-254 972
-254 -963
-254 189
-254 -336
-254 631
-254 739
-254 -508
-254 904
-254 9
-254 930
-254 -466
-254 -520
-254 885
-254 -714
-254 523
-254 121
-254 -194
-254 -828
-254 260
-254 -900
-254 967
-254 -276
-254 -307
-254 -875
-254 -420
-254 -131
-254 -208
-254 678
-254 -6
-254 -895
-254 -761
-254 923
-254 -202
-254 -157
-254 794
-254 668
-254 218
-254 412
-254 684
-254 487
-254 -933
-254 10
-254 888
-254 596
-254 -120
-254 -85
-254 12
-254 880
-254 -160
-254 541
-254 -525
-254 159
-254 -733
-254 520
-254 -529
-254 129
-254 -426
-254 -124
-254 -226
-254 656
-254 -440
-254 -551
-254 655
-254 -183
-254 703
-254 949
-254 563
-254 472
-254 -230
-254 -944
-254 961
-254 -575
-254 -34
-254 274
-254 -402
-254 -648
-254 -417
-254 449
-254 -226
-254 782
-254 -584
-254 -601
-254 -254
-254 698
-254 731
-254 -254
-254 -463
-254 -1000
-254 -853
-254 -249
-254 -959
-254 -767
-254 -698
-254 -629
-254 -565
-254 -256
-254 164
-254 -100
-254 -939
-254 -180
-254 702
-254 539
-254 -591
-254 -709
-254 -7
-254 -136
-254 -109
-254 -584
-254 806
-254 920
-254 705
-254 938
-254 413
-254 -909
-254 654
-254 -445
-254 424
-254 566
-254 -754
-254 981
-254 -540
-254 358
-254 -428
-254 -286
-254 -908
-254 268
-254 405
-254 -313
-254 -494
-254 -461
-254 86
-254 620
-254 -352
-254 412
-254 172
-254 -508
-254 -267
-254 -269
-254 -649
-254 -244
-254 -896
-254 -946
-254 -323
-254 -904
-254 -796
-254 -80
-254 189
-254 776
-254 103
-254 613
-254 -664
-254 -760
-254 64
-254 -330
-254 -6
-254 -383
-254 612
-254 -939
-254 -957
-254 619
-254 443
-254 922
-254 564
-254 299
-254 -17
-254 -236
-254 -362
-254 -561
-254 -442
-254 -986
-254 -226
-254 663
-254 151
-254 -887
-254 701
-254 194
-254 -137
-254 -582
-254 -565
-254 -120
-254 90
-254 -621
-254 -925
-254 -108
-254 -852
-254 66
-254 -483
-254 -403
-254 889
-254 101
-254 981
-254 464
-254 -180
-254 -326
-254 -914
-254 -468
-254 439
-254 -268
-254 -192
-254 -343
-254 35
-254 784
-254 -503
-254 -669
-254 -344
-254 203
-254 180
-254 -471
-254 -71
-254 -109
-254 -204
-254 -143
-254 970
-254 -436
-254 -852
-254 -171
-254 244
-254 474
-254 -527
-254 -305
-254 -25
-254 -979
-254 722
-254 -898
-254 -17
-254 -726
-254 293
-254 -300
-254 -408
-254 30
-254 17
-254 -623
-254 -601
-254 508
-254 -777
-254 200
-254 -9
-254 548
-254 536
-254 -672
-254 -402
-254 -857
-254 -185
-254 933
-254 -253
-254 924
-254 847
-254 749
-254 794
-254 432
-254 -514
-254 -588
-254 -863
-254 -586
-254 804
-254 844
-254 615
-254 -281
-254 -902
-254 -381
-254 622
-254 -961
-254 -568
-254 246
-254 -110
-254 -793
-254 -361
-254 -358
-254 -852
-254 -158
-254 120
-254 489
-254 964
-254 812
-254 -705
-254 252
-254 -721
-254 720
-254 75
-254 801
-254 110
-254 164
-254 9
-254 -653
-254 773
-254 -863
-254 492
-254 -903
-254 904
-254 504
-254 154
-254 7
-254 768
-254 311
-254 246
-254 276
-254 -450
-254 632
-254 -972
-254 -350
-254 -267
-254 71
-254 826
-254 916
-254 -250
-254 -409
-254 165
-254 -311
-254 103
-254 -907
-254 264
-254 -839
-254 3
-254 -993
-254 256
-254 493
-254 617
-254 452
-254 209
-254 -528
-254 22
-254 303
-254 -11
-254 721
-254 865
-254 643
-254 969
-254 54
-254 -615
-254 -58
-254 -204
-254 592
-254 -813
-254 998
-254 -274
-254 958
-254 -635
-254 940
-254 -31
-254 813
-254 383
-254 412
-254 327
-254 121
-254 129
-254 840
-254 -56
-254 -13
-254 634
-254 -664
-254 -863
-254 800
-254 674
-254 -845
-254 -4
-254 -592
-254 -715
-254 581
-254 -219
-254 836
-254 37
-254 -959
-254 -568
-254 -108
-254 -214
-254 -60
-254 -422
-254 -636
-254 -591
-254 729
-254 547
-254 -103
-254 -546
-254 -73
-254 845
-254 885
-254 67
-254 593
-254 -891
-254 -184
-254 -351
-254 587
-254 766
-254 -74
-254 -424
-254 -123
-254 -304
-254 -211
-254 748
-254 808
-254 -193
-254 327
-254 909
-254 710
-254 335
-254 -912
-254 87
-254 -641
-254 995
-254 -641
-254 554
-254 -618
-254 -647
-254 -477
-254 400
-254 385
-254 -74
-254 44
-254 425
-254 742
-254 -217
-254 -423
-254 679
-254 -880
-254 -210
-254 -667
-254 -877
-254 -541
-254 -777
-254 256
-254 270
-254 -246
-254 -701
-254 144
-254 -227
-254 564
-254 -497
-254 -520
-254 640
-254 -313
-254 -359
-254 982
-254 -619
-254 -877
-254 768
-254 -315
-254 -512
-254 -693
-254 -442
-254 -929
-254 646
-254 5
-254 -144
-254 333
-254 -888
-254 843
-254 -757
-254 300
-254 646
-254 873
-254 845
-254 -405
-254 102
-254 578
-254 -885
-254 359
-254 -317
-254 -760
-254 631
-254 -354
-254 211
-254 617
-254 -956
-254 688
-254 554
-254 590
-254 -306
-254 250
-254 -666
-254 -247
-254 85
-254 -798
-254 442
-254 392
-254 -152
-254 -285
-254 -824
-254 -963
-254 957
-254 496
-254 -668
-254 -90
-254 -911
-254 -603
-254 992
-254 -864
-254 372
-254 -838
-254 399
-254 735
-254 -322
-254 365
-254 -840
-254 794
-254 -216
-254 -38
-254 267
-254 -478
-254 -384
-254 -445
-254 -582
-254 -708
-254 -344
-254 299
-254 -655
-254 32
-254 328
-254 -56
-254 -582
-254 822
-254 902
-254 656
-254 979
-254 176
-254 99
-254 558
-254 17
-254 -577
-254 -661
-254 884
-254 -502
-254 443
-254 954
-254 -589
-254 -455
-254 -324
-254 -795
-254 525
-254 -862
-254 461
-254 -393
-254 -247
-254 148
-254 -610
-254 -483
-254 -59
-254 446
-254 40
-254 449
-254 -921
-254 -701
-254 -526
-254 -820
-254 719
-254 -519
-254 -898
-254 936
-254 -111
-254 -693
-254 740
-254 667
-254 394
-254 -440
-254 276
-254 -476
-254 284
-254 824
-254 807
-254 297
-254 97
-254 777
-254 891
-254 -182
-254 316
-254 158
-254 -562
-254 228
-254 -871
-254 621
-254 -727
-254 735
-254 206
-254 -742
-254 962
-254 504
-254 -485
-254 860
-254 -754
-254 308
-254 -153
-254 -461
-254 -823
-254 -707
-254 -810
-254 535
-254 -433
-254 970
-254 31
-254 23
-254 218
-254 410
-254 72
-254 -550
-254 975
-254 -569
-254 -284
-254 346
-254 234
-254 649
-254 263
-254 -162
-254 675
-254 156
-254 -843
-254 -183
-254 250
-254 887
-254 313
-254 113
-254 -168
-254 223
-254 -185
-254 -260
-254 -410
-254 230
-254 -376
-254 -390
-254 87
-254 -107
-254 -511
-254 -694
-254 -76
-254 746
-254 160
-254 316
-254 -494
-254 591
-254 826
-254 7
-254 -315
-254 313
-254 -775
-254 -796
-254 444
-254 596
-254 -1000
-254 -218
-254 -832
-254 828
-254 -64
-254 -121
-254 420
-254 -478
-254 -652
-254 -97
-254 -361
-254 -284
-254 237
-254 -885
-254 -443
-254 250
-254 973
-254 645
-254 -290
-254 673
-254 123
-254 -139
-254 -728
-254 286
-254 857
-254 309
-254 -887
-254 -662
-254 56
-254 516
-254 671
-254 728
-254 796
-254 -814
-254 666
-254 316
-254 838
-254 -722
-254 132
-254 -560
-254 242
-254 -694
-254 855
-254 -639
-254 -772
-254 800
-254 756
-254 192
-254 289
-254 677
-254 114
-254 -227
-254 -73
-254 -888
-254 182
-254 -992
-254 61
-254 -312
-254 506
-254 909
-254 -293
-254 -915
-254 -607
-254 329
-254 -383
-254 -156
-254 751
-254 -395
-254 -580
-254 -132
-254 -494
-254 816
-254 204
-254 769
-254 621
-254 -222
-254 83
-254 783
-254 374
-254 709
-254 -828
-254 276
-254 -241
-254 -80
-254 922
-254 447
-254 331
-254 -368
-254 710
-254 -98
-254 658
-254 -809
-254 -971
-254 434
-254 -339
-254 711
-254 53
-254 930
-254 334
-254 -615
-254 -231
-254 -447
-254 -132
-254 -974
-254 -49
-254 -221
-254 662
-254 -981
-254 -797
-254 -467
-254 -427
-254 104
-254 -187
-254 -830
-254 -665
-254 -545
-254 -953
-254 808
-254 -671
-254 -550
-254 435
-254 -836
-254 -334
-254 -931
-254 -777
-254 381
-254 991
-254 509
-254 567
-254 39
-254 125
-254 639
-254 -32
-254 -52
-254 -135
-254 698
-254 -514
-254 -220
-254 995
-254 845
-254 -538
-254 -43
-254 888
-254 228
-254 -224
-254 -51
-254 486
-254 16
-254 -547
-254 326
-254 641
-254 -61
-254 -609
-254 500
-254 -560
-254 -149
-254 82
-254 -224
-254 455
-254 701
-254 -383
-254 -456
-254 -944
-254 313
-254 -771
-254 -90
-254 122
-254 843
-254 80
-254 59
-254 -456
-254 507
-254 466
-254 -777
-254 608
-254 760
-254 -501
-254 -117
-254 659
-254 -950
-254 -692
-254 679
-254 471
-254 -227
-254 224
-254 -675
-254 496
-254 518
-254 115
-254 -644
-254 776
-254 756
-254 374
-254 674
-254 248
-254 -509
-254 667
-254 351
-254 489
-254 906
-254 423
-254 -778
-254 -565
-254 -844
-254 441
-254 697
-254 -902
-254 -876
-254 -108
-254 74
-254 106
-254 993
-254 260
-254 -246
-254 503
-254 -782
-254 -807
-254 -384
-254 -242
-254 -211
-254 761
-254 642
-254 -703
-254 -521
-254 252
-254 245
-254 -208
-254 -481
-254 -817
-254 -587
-254 -549
-254 -298
-254 591
-254 316
-254 154
-254 369
-254 961
-254 981
-254 -108
-254 521
-254 -28
-254 257
-254 -12
-254 -934
-254 -517
-254 -72
-254 -983
-254 947
-254 627
-254 -977
-254 859
-254 -969
-254 -110
-254 48
-254 853
-254 -717
-254 -404
-254 -929
-254 -636
-254 132
-254 339
-254 -427
-254 -236
-254 -105
-254 305
-254 714
-254 -5
-254 -634
-254 -354
-254 -914
-254 -298
-254 -830
-254 188
-254 -87
-254 -845
-254 -737
-254 -519
-254 -394
-254 -519
-254 -270
-254 -391
-254 525
-254 151
-254 143
-254 -797
-254 107
-254 -853
-254 206
-254 816
-254 237
-254 -89
-254 195
-254 -325
-254 178
-254 953
-254 -261
-254 -766
-254 166
-254 814
-254 15
-254 771
-254 -605
-254 -636
-254 -280
-254 -397
-254 35
-254 699
-254 -165
-254 -382
-254 527
-254 702
-254 -534
-254 -807
-254 941
-254 706
-254 -670
-254 447
-254 -84
-254 154
-254 -533
-254 812
-254 697
-254 183
-254 -498
-254 766
-254 992
-254 -49
-254 809
-254 -135
-254 -371
-254 -812
-254 -701
-254 459
-254 69
-254 -984
-254 83
-254 -905
-254 -826
-254 702
-254 -154
-254 233
-254 -32
-254 -481
-254 -588
-254 -248
-254 -660
-254 802
-254 252
-254 987
-254 -777
-254 458
-254 -882
-254 242
-254 -545
-254 225
-254 374
-254 256
-254 -633
-254 991
-254 216
-254 -205
-254 -36
-254 -36
-254 694
-254 -775
-254 -350
-254 914
-254 292
-254 -376
-254 715
-254 -257
-254 -612
-254 986
-254 -457
-254 -446
-254 -46
-254 73
-254 62
-254 -927
-254 -597
-254 -242
-254 26
-254 -317
-254 180
-254 956
-254 -540
-254 465
-254 489
-254 610
-254 -981
-254 11
-254 -158
-254 -237
-254 -121
-254 382
-254 182
-254 487
-254 869
-254 -735
-254 445
-254 -318
-254 -612
-254 583
-254 793
-254 163
-254 -179
-254 -270
-254 436
-254 853
-254 574
-254 46
-254 813
-254 809
-254 619
-254 802
-254 267
-254 286
-254 -960
-254 -136
-254 -344
-254 -336
-254 988
-254 663
-254 481
-254 973
-254 -320
-254 66
-254 -720
-254 360
-254 -147
-254 -546
-254 -324
-254 675
-254 651
-254 822
-254 109
-254 -124
-254 -658
-254 594
-254 -945
-254 872
-254 -690
-254 -993
-254 368
-254 651
-254 411
-254 997
-254 -733
-254 -139
-254 578
-254 95
-254 603
-254 543
-254 -747
-254 -255
-254 857
-254 539
-254 -136
-254 669
-254 -959
-254 -968
-254 595
-254 -62
-254 -327
-254 578
-254 942
-254 -58
-254 -846
-254 -745
-254 -302
-254 -955
-254 554
-254 794
-254 -131
-254 -282
-254 699
-254 -990
-254 -735
-254 36
-254 574
-254 923
-254 -233
-254 -521
-254 -903
-254 -156
-254 -759
-254 411
-254 -358
-254 -775
-254 -778
-254 -792
-254 772
-254 615
-254 -128
-254 828
-254 -805
-254 -944
-254 -896
-254 -832
-254 278
-254 -299
-254 504
-254 241
-254 -150
-254 500
-254 20
-254 809
-254 249
-254 221
-254 -353
-254 -196
-254 -511
-254 -518
-254 -701
-254 -746
-254 340
-254 418
-254 858
-254 -590
-254 131
-254 -641
-254 276
-254 -310
-254 704
-254 319
-254 854
-254 860
-254 96
-254 -339
-254 574
-254 -866
-254 -950
-254 -960
-254 975
-254 -302
-254 -154
-254 426
-254 720
-254 -283
-254 -611
-254 308
-254 144
-254 917
-254 -996
-254 -53
-254 -862
-254 737
-254 -335
-254 991
-254 499
-254 -929
-254 -446
-254 928
-254 -848
-254 -282
-254 -230
-254 -242
-254 -181
-254 -597
-254 -149
-254 -444
-254 -309
-254 940
-254 471
-254 213
-254 -158
-254 -219
-254 935
-254 929
-254 278
-254 870
-254 -346
-254 29
-254 812
-254 465
-254 -473
-254 -231
-254 58
-254 -78
-254 -538
-254 -972
-254 -430
-254 570
-254 838
-254 332
-254 734
-254 -784
-254 -676
-254 -968
-254 329
-254 172
-254 463
-254 -510
-254 -319
-254 -186
-254 -831
-254 368
-254 242
-254 185
-254 177
-254 150
-254 -371
-254 -160
-254 -943
-254 -829
-254 976
-254 647
-254 791
-254 -348
-254 -6
-254 -851
-254 -705
-254 -435
-254 -757
-254 -536
-254 825
-254 739
-254 145
-254 837
-254 -632
-254 -973
-254 -191
-254 320
-254 -75
-254 -866
-254 32
-254 315
-254 453
-254 160
-254 80
-254 544
-254 -87
-254 -736
-254 912
-254 404
-254 -313
-254 -397
-254 -749
-254 900
-254 324
-254 838
-254 -965
-254 -700
-254 -600
-254 601
-254 -708
-254 259
-254 -455
-254 -983
-254 507
-254 -577
-254 -466
-254 -747
-254 526
-254 512
-254 -99
-254 -989
-254 64
-254 -301
-254 -600
-254 -467
-254 -837
-254 565
-254 -447
-254 -438
-254 -202
-254 -438
-254 297
-254 120
-254 -799
-254 823
-254 -619
-254 -266
-254 -484
-254 -742
-254 -347
-254 671
-254 -844
-254 588
-254 -553
-254 356
-254 -125
-254 -143
-254 -636
-254 -483
-254 157
-254 -683
-254 777
-254 968
-254 810
-254 240
-254 950
-254 -14
-254 -514
-254 -644
-254 980
-254 677
-254 292
-254 241
-254 -425
-254 175
-254 -979
-254 -440
-254 800
-254 -646
-254 -855
-254 -369
-254 532
-254 -309
-254 457
-254 815
-254 249
-254 922
-254 620
-254 -886
-254 868
-254 76
-254 857
-254 196
-254 -192
-254 -33
-254 -155
-254 606
-254 -335
-254 329
-254 -496
-254 53
-254 746
-254 768
-254 -750
-254 -882
-254 -151
-254 -215
-254 418
-254 -267
-254 -629
-254 -338
-254 -787
-254 170
-254 435
-254 134
-254 -460
-254 -927
-254 905
-254 44
-254 831
-254 636
-254 -649
-254 721
-254 782
-254 487
-254 273
-254 70
-254 -388
-254 963
-254 -890
-254 -17
-254 -785
-254 -186
-254 90
-254 -508
-254 -337
-254 291
-254 -575
-254 267
-254 730
-254 842
-254 241
-254 129
-254 -390
-254 851
-254 70
-254 882
-254 214
-254 -702
-254 -398
-254 90
-254 316
-254 -743
-254 -158
-254 755
-254 -239
-254 -594
-254 859
-254 -80
-254 -993
-254 639
-254 -213
-254 -49
-254 337
-254 893
-254 410
-254 408
-254 812
-254 651
-254 387
-254 -245
-254 762
-254 -585
-254 998
-254 513
-254 142
-254 805
-254 302
-254 422
-254 462
-254 789
-254 623
-254 -407
-254 976
-254 634
-254 599
-254 378
-254 -760
-254 -743
-254 965
-254 503
-254 61
-254 -68
-254 -887
-254 -319
-254 544
-254 -538
-254 32
-254 954
-254 -203
-254 656
-254 -498
-254 -957
-254 182
-254 -559
-254 591
-254 -143
-254 568
-254 -290
-254 305
-254 268
-254 -806
-254 -196
-254 105
-254 -164
-254 -512
-254 -8
-254 906
-254 -847
-254 -138
-254 -290
-254 -455
-254 612
-254 941
-254 -817
-254 587
-254 164
-254 -696
-254 -806
-254 -689
-254 -559
-254 -91
-254 -288
-254 296
-254 -868
-254 1
-254 -756
-254 -983
-254 600
-254 158
-254 572
-254 -353
-254 -472
-254 26
-254 39
-254 604
-254 961
-254 225
-254 -671
-254 61
-254 -418
-254 460
-254 344
-254 -306
-254 -346
-254 -437
-254 -340
-254 -350
-254 836
-254 -361
-254 388
-254 -333
-254 795
-254 662
-254 -432
-254 553
-254 -891
-254 -22
-254 -811
-254 -79
-254 -398
-254 285
-254 -917
-254 797
-254 -905
-254 -199
-254 -993
-254 -208
-254 580
-254 -456
-254 -854
-254 -516
-254 214
-254 -85
-254 -978
-254 -995
-254 731
-254 414
-254 -731
-254 -301
-254 -744
-254 -837
-254 -548
-254 -988
-254 15
-254 -10
-254 -607
-254 -731
-254 -553
-254 639
-254 -774
-254 89
-254 831
-254 135
-254 -613
-254 -538
-254 -473
-254 -653
-254 274
-254 -581
-254 -516
-254 -976
-254 563
-254 -700
-254 -441
-254 -634
-254 -435
-254 50
-254 427
-254 187
-254 453
-254 -344
-254 641
-254 157
-254 -772
-254 288
-254 512
-254 772
-254 -582
-254 -447
-254 -910
-254 706
-254 -807
-254 -125
-254 -743
-254 577
-254 246
-254 166
-254 -331
-254 845
-254 -103
-254 494
-254 -944
-254 -224
-254 -694
-254 -790
-254 468
-254 369
-254 933
-254 -563
-254 -626
-254 -962
-254 -501
-254 63
-254 848
-254 624
-254 527
-254 -136
-254 -24
-254 -713
-254 -363
-254 -417
-254 -630
-254 421
-254 732
-254 -255
-254 -835
-254 756
-254 -851
-254 686
-254 459
-254 -988
-254 -699
-254 180
-254 2
-254 -679
-254 -281
-254 -43
-254 358
-254 544
-254 8
-254 -744
-254 75
-254 434
-254 -143
-254 -351
-254 697
-254 996
-254 -722
-254 236
-254 -261
-254 -125
-254 -915
-254 60
-254 -781
-254 303
-254 -901
-254 -787
-254 159
-254 68
-254 -557
-254 -522
-254 27
-254 -457
-254 887
-254 869
-254 -707
-254 -402
-254 123
-254 -876
-254 650
-254 228
-254 -855
-254 -327
-254 158
-254 148
-254 874
-254 -303
-254 465
-254 -694
-254 983
-254 -533
-254 -790
-254 263
-254 247
-254 35
-254 381
-254 628
-254 -790
-254 -489
-254 -992
-254 777
-254 435
-254 -322
-254 -948
-254 359
-254 -90
-254 -133
-254 468
-254 863
-254 495
-254 -166
-254 325
-254 18
-254 -104
-254 398
-254 512
-254 265
-254 -460
-254 784
-254 441
-254 -501
-254 914
-254 467
-254 284
-254 -807
-254 -955
-254 -986
-254 -224
-254 -945
-254 974
-254 399
-254 -650
-254 -820
-254 956
-254 -313
-254 880
-254 58
-254 -783
-254 -478
-254 54
-254 -68
-254 -156
-254 803
-254 548
-254 770
-254 -592
-254 894
-254 -451
-254 -971
-254 -6
-254 -300
-254 442
-254 -938
-254 76
-254 -344
-254 484
-254 115
-254 -180
-254 -121
-254 885
-254 -933
-254 -101
-254 -574
-254 -421
-254 -873
-254 792
-254 150
-254 124
-254 562
-254 -197
-254 997
-254 -810
-254 108
-254 -208
-254 -153
-254 104
-254 707
-254 409
-254 -224
-254 999
-254 -892
-254 456
-254 -543
-254 -407
-254 -11
-254 -507
-254 -133
-254 3
-254 556
-254 998
-254 632
-254 531
-254 699
-254 -500
-254 -599
-254 -753
-254 -985
-254 -651
-254 -864
-254 -68
-254 500
-254 530
-254 768
-254 305
-254 519
-254 729
-254 -656
-254 523
-254 769
-254 -121
-254 -646
-254 -171
-254 -247
-254 4
-254 51
-254 267
-254 -639
-254 -441
-254 -105
-254 -72
-254 254
-254 705
-254 -646
-254 424
-254 -824
-254 -317
-254 215
-254 122
-254 323
-254 -311
-254 -14
-254 905
-254 971
-254 -436
-254 396
-254 -948
-254 -326
-254 -165
-254 -571
-254 -564
-254 561
-254 -597
-254 -464
-254 722
-254 -191
-254 -213
-254 -32
-254 763
-254 -451
-254 774
-254 267
-254 -318
-254 -106
-254 269
-254 -818
-254 -445
-254 -876
-254 342
-254 264
-254 -582
-254 -857
-254 -237
-254 -491
-254 180
-254 -497
-254 43
-254 -977
-254 808
-254 529
-254 593
-254 852
-254 -985
-254 431
-254 -513
-254 -97
-254 72
-254 840
-254 815
-254 666
-254 185
-254 759
-254 245
-254 910
-254 950
-254 415
-254 -549
-254 -992
-254 265
-254 -181
-254 -450
-254 744
-254 -685
-254 -351
-254 586
-254 375
-254 -151
-254 625
-254 -709
-254 196
-254 -528
-254 -90
-254 -935
-254 -379
-254 960
-254 872
-254 938
-254 -14
-254 218
-254 -796
-254 951
-254 262
-254 247
-254 468
-254 -263
-254 -995
-254 681
-254 622
-254 567
-254 819
-254 812
-254 -914
-254 -621
-254 -329
-254 -610
-254 704
-254 302
-254 385
-254 -616
-254 -933
-254 876
-254 213
-254 -292
-254 -264
-254 166
-254 602
-254 283
-254 -958
-254 204
-254 990
-254 -543
-254 728
-254 -312
-254 649
-254 592
-254 173
-254 277
-254 50
-254 26
-254 443
-254 -794
-254 940
-254 802
-254 -217
-254 412
-254 -743
-254 206
-254 -517
-254 415
-254 581
-254 334
-254 437
-254 68
-254 869
-254 -133
-254 -670
-254 307
-254 937
-254 66
-254 -627
-254 18
-254 -218
-254 -334
-254 869
-254 -762
-254 9
-254 -513
-254 276
-254 -169
-254 795
-254 72
-254 -508
-254 -360
-254 -109
-254 58
-254 -6
-254 220
-254 8
-254 -474
-254 449
-254 439
-254 -749
-254 266
-254 996
-254 -827
-254 -104
-254 461
-254 -337
-254 820
-254 990
-254 684
-254 -517
-254 788
-254 369
-254 539
-254 -627
-254 251
-254 650
-254 -262
-254 509
-254 841
-254 429
-254 653
-254 -341
-254 357
-254 59
-254 -57
-254 335
-254 597
-254 -608
-254 -955
-254 300
-254 -450
-254 564
-254 -954
-254 920
-254 835
-254 663
-254 831
-254 -30
-254 227
-254 329
-254 -531
-254 672
-254 560
-254 -23
-254 268
-254 -349
-254 -353
-254 206
-254 -618
-254 68
-254 -569
-254 -961
-254 -295
-254 -884
-254 509
-254 -172
-254 -666
-254 104
-254 200
-254 584
-254 -8
-254 -13
-254 45
-254 178
-254 362
-254 500
-254 859
-254 -23
-254 830
-254 52
-254 412
-254 283
-254 -954
-254 -695
-254 -262
-254 676
-254 999
-254 -461
-254 -940
-254 -439
-254 -330
-254 207
-254 759
-254 -995
-254 828
-254 208
-254 465
-254 -777
-254 457
-254 702
-254 11
-254 -605
-254 276
-254 -536
-254 -753
-254 167
-254 155
-254 21
-254 -502
-254 241
-254 -248
-254 309
-254 538
-254 806
-254 -641
-254 -238
-254 252
-254 -485
-254 373
-254 971
-254 -991
-254 -708
-254 43
-254 958
-254 -988
-254 121
-254 947
-254 -934
-254 -235
-254 -645
-254 469
-254 982
-254 916
-254 985
-254 487
-254 -884
-254 -339
-254 -175
-254 -918
-254 53
-254 73
-254 -174
-254 61
-254 44
-254 -296
-254 -932
-254 -601
-254 -508
-254 401
-254 -500
-254 -887
-254 -697
-254 -675
-254 670
-254 -409
-254 -965
-254 705
-254 -433
-254 42
-254 -260
-254 370
-254 -711
-254 -626
-254 -628
-254 -568
-254 -425
-254 -228
-254 -967
-254 -435
-254 -571
-254 -960
-254 -118
-254 448
-254 621
-254 469
-254 -339
-254 -947
-254 -399
-254 829
-254 720
-254 862
-254 -73
-254 -82
-254 -23
-254 -849
-254 -1
-254 550
-254 -549
-254 703
-254 875
-254 875
-254 425
-254 -974
-254 510
-254 719
-254 639
-254 -639
-254 -674
-254 -936
-254 948
-254 -336
-254 -123
-254 492
-254 950
-254 -641
-254 -634
-254 -900
-254 138
-254 -86
-254 537
-254 310
-254 972
-254 397
-254 -759
-254 -278
-254 412
-254 -33
-254 -176
-254 77
-254 492
-254 745
-254 889
-254 95
-254 -173
-254 151
-254 13
-254 -448
-254 280
-254 -882
-254 -986
-254 878
-254 -781
-254 43
-254 -27
-254 837
-254 -183
-254 595
-254 47
-254 604
-254 377
-254 592
-254 -263
-254 -621
-254 -551
-254 830
-254 856
-254 118
-254 -896
-254 647
-254 669
-254 795
-254 -428
-254 995
-254 -408
-254 -207
-254 -503
-254 -270
-254 -594
-254 -974
-254 -599
-254 -629
-254 -720
-254 -354
-254 -954
-254 -14
-254 117
-254 261
-254 -127
-254 772
-254 -616
-254 429
-254 -454
-254 259
-254 848
-254 -460
-254 417
-254 -902
-254 941
-254 772
-254 -489
-254 236
-254 968
-254 -84
-254 -956
-254 -97
-254 189
-254 511
-254 178
-254 -647
-254 -567
-254 943
-254 804
-254 893
-254 -785
-254 255
-254 184
-254 -379
-254 -281
-254 394
-254 -275
-254 -490
-254 506
-254 758
-254 698
-254 722
-254 -545
-254 -657
-254 -729
-254 373
-254 -616
-254 842
-254 232
-254 -368
-254 -34
-254 45
-254 273
-254 917
-254 -171
-254 -735
-254 -157
-254 -207
-254 -775
-254 300
-254 -697
-254 -163
-254 -703
-254 -981
-254 -510
-254 47
-254 -385
-254 -351
-254 329
-254 82
-254 879
-254 974
-254 637
-254 584
-254 -981
-254 -423
-254 844
-254 -244
-254 -999
-254 -289
-254 427
-254 539
-254 -559
-254 207
-254 731
-254 -669
-254 -882
-254 -674
-254 772
-254 785
-254 -263
-254 686
-254 -906
-254 912
-254 405
-254 -618
-254 -372
-254 -302
-254 -720
-254 -16
-254 384
-254 471
-254 -197
-254 -343
-254 -382
-254 -305
-254 -591
-254 402
-254 237
-254 912
-254 -140
-254 678
-254 617
-254 -27
-254 786
-254 -933
-254 -97
-254 -699
-254 892
-254 434
-254 -748
-254 215
-254 -520
-254 -15
-254 891
-254 547
-254 128
-254 733
-254 673
-254 985
-254 -80
-254 613
-254 -398
-254 -847
-254 667
-254 -234
-254 33
-254 -767
-254 -316
-254 959
-254 -403
-254 -387
-254 997
-254 -35
-254 -412
-254 -653
-254 319
-254 -947
-254 -741
-254 872
-254 -359
-254 -992
-254 -51
-254 463
-254 969
-254 662
-254 -278
-254 338
-254 -452
-254 483
-254 981
-254 712
-254 947
-254 -152
-254 -353
-254 -102
-254 670
-254 170
-254 170
-254 -598
-254 -768
-254 358
-254 -453
-254 161
-254 -965
-254 45
-254 811
-254 533
-254 -491
-254 -73
-254 -785
-254 -408
-254 602
-254 755
-254 850
-254 -818
-254 509
-254 -442
-254 -139
-254 -846
-254 -944
-254 100
-254 444
-254 -111
-254 -590
-254 -79
-254 -583
-254 -89
-254 755
-254 -757
-254 276
-254 -255
-254 169
-254 377
-254 755
-254 159
-254 -84
-254 -548
-254 118
-254 -540
-254 -792
-254 414
-254 -506
-254 336
-254 -119
-254 -541
-254 -677
-254 -905
-254 166
-254 771
-254 -584
-254 344
-254 829
-254 960
-254 997
-254 472
-254 -398
-254 -306
-254 -891
-254 329
-254 -561
-254 38
-254 -308
-254 -736
-254 98
-254 746
-254 306
-254 -934
-254 49
-254 -782
-254 -123
-254 562
-254 -619
-254 -628
-254 -993
-254 -879
-254 581
-254 -559
-254 454
-254 437
-254 -541
-254 -90
-254 -834
-254 902
-254 263
-254 142
-254 -978
-254 -899
-254 528
-254 908
-254 -574
-254 512
-254 -265
-254 -22
-254 -759
-254 -73
-254 -18
-254 174
-254 -200
-254 -998
-254 -574
-254 -822
-254 -102
-254 713
-254 72
-254 -323
-254 853
-254 -353
-254 836
-254 975
-254 -881
-254 -126
-254 478
-254 608
-254 -704
-254 -302
-254 -850
-254 -88
-254 -145
-254 -829
-254 -396
-254 -862
-254 689
-254 105
-254 -294
-254 -192
-254 518
-254 985
-254 -61
-254 -596
-254 557
-254 561
-254 -39
-254 400
-254 -712
-254 -174
-254 -26
-254 807
-254 617
-254 -411
-254 689
-254 -515
-254 184
-254 -316
-254 -875
-254 -896
-254 721
-254 907
-254 518
-254 -143
-254 380
-254 232
-254 951
-254 418
-254 103
-254 -61
-254 730
-254 -896
-254 585
-254 57
-254 60
-254 43
-254 -272
-254 168
-254 131
-254 -258
-254 878
-254 -141
-254 -18
-254 119
-254 474
-254 17
-254 -378
-254 193
-254 -508
-254 -95
-254 -159
-254 -263
-254 852
-254 -668
-254 -687
-254 901
-254 92
-254 -418
-254 -231
-254 677
-254 -802
-254 186
-254 -478
-254 -137
-254 -970
-254 -278
-254 -206
-254 -409
-254 283
-254 -7
-254 228
-254 264
-254 738
-254 -330
-254 912
-254 -185
-254 204
-254 834
-254 241
-254 62
-254 769
-254 876
-254 712
-254 -5
-254 773
-254 738
-254 565
-254 -199
-254 -647
-254 -964
-254 183
-254 108
-254 -335
-254 -55
-254 27
-254 -851
-254 -700
-254 -697
-254 702
-254 653
-254 -679
-254 10
-254 -918
-254 929
-254 705
-254 -897
-254 652
-254 -577
-254 227
-254 442
-254 -386
-254 -253
-254 -697
-254 78
-254 -480
-254 -338
-254 -628
-254 846
-254 958
-254 -559
-254 613
-254 -450
-254 -893
-254 -745
-254 992
-254 329
-254 -912
-254 716
-254 384
-254 -841
-254 -151
-254 -183
-254 -895
-254 274
-254 25
-254 680
-254 241
-254 922
-254 -341
-254 265
-254 404
-254 93
-254 -299
-254 618
-254 -775
-254 -880
-254 -289
-254 777
-254 73
-254 848
-254 464
-254 51
-254 184
-254 -635
-254 60
-254 -234
-254 934
-254 199
-254 -77
-254 -676
-254 -369
-254 -650
-254 318
-254 -756
-254 909
-254 -551
-254 -695
-254 -813
-254 108
-254 72
-254 684
-254 -451
-254 733
-254 860
-254 -897
-254 -73
-254 -591
-254 -635
-254 420
-254 -272
-254 741
-254 405
-254 539
-254 -455
-254 611
-254 -816
-254 -878
-254 734
-254 -143
-254 207
-254 712
-254 691
-254 301
-254 922
-254 544
-254 906
-254 515
-254 -51
-254 -641
-254 533
-254 -401
-254 -903
-254 412
-254 307
-254 -936
-254 827
-254 -192
-254 -406
-254 -644
-254 -735
-254 911
-254 255
-254 612
-254 945
-254 124
-254 -365
-254 -926
-254 -792
-254 -948
-254 720
-254 765
-254 -404
-254 -845
-254 -271
-254 -153
-254 496
-254 711
-254 393
-254 234
-254 -31
-254 -811
-254 734
-254 -948
-254 -10
-254 579
-254 447
-254 -184
-254 -18
-254 -270
-254 806
-254 977
-254 969
-254 849
-254 148
-254 732
-254 54
-254 -427
-254 387
-254 -347
-254 -687
-254 360
-254 -80
-254 687
-254 97
-254 121
-254 -118
-254 133
-254 600
-254 -232
-254 -611
-254 -75
-254 -824
-254 35
-254 -237
-254 -372
-254 -258
-254 297
-254 -317
-254 -988
-254 259
-254 547
-254 378
-254 -911
-254 -441
-254 162
-254 -51
-254 806
-254 -149
-254 287
-254 -172
-254 983
-254 623
-254 -597
-254 -542
-254 -155
-254 -977
-254 -866
-254 934
-254 891
-254 697
-254 954
-254 -843
-254 51
-254 -608
-254 455
-254 -51
-254 955
-254 262
-254 933
-254 688
-254 -768
-254 3
-254 871
-254 -902
-254 -806
-254 -377
-254 176
-254 685
-254 76
-254 373
-254 178
-254 52
-254 261
-254 -504
-254 429
-254 426
-254 476
-254 -470
-254 -459
-254 242
-254 -919
-254 -587
-254 862
-254 -909
-254 433
-254 376
-254 456
-254 726
-254 -473
-254 -308
-254 -234
-254 -959
-254 -733
-254 539
-254 -979
-254 -707
-254 -198
-254 -281
-254 -561
-254 238
-254 -369
-254 711
-254 -539
-254 87
-254 285
-254 -58
-254 28
-254 937
-254 59
-254 561
-254 916
-254 -879
-254 -472
-254 -245
-254 -992
-254 -621
-254 762
-254 -903
-254 -521
-254 656
-254 486
-254 82
-254 -533
-254 -285
-254 -341
-254 -18
-254 881
-254 50
-254 473
-254 280
-254 18
-254 248
-254 223
-254 -625
-254 438
-254 689
-254 -897
-254 -793
-254 760
-254 -634
-254 827
-254 -480
-254 593
-254 179
-254 -311
-254 -344
-254 -829
-254 -737
-254 918
-254 -44
-254 -287
-254 -306
-254 366
-254 -416
-254 209
-254 301
-254 387
-254 218
-254 703
-254 -394
-254 873
-254 -62
-254 -156
-254 733
-254 -336
-254 831
-254 60
-254 332
-254 -979
-254 897
-254 870
-254 -975
-254 -713
-254 -354
-254 -433
-254 628
-254 -22
-254 -967
-254 -560
-254 -387
-254 876
-254 -729
-254 -450
-254 364
-254 648
-254 -943
-254 636
-254 -631
-254 -394
-254 229
-254 -849
-254 -617
-254 -253
-254 41
-254 -338
-254 -225
-254 100
-254 -425
-254 -610
-254 -437
-254 -668
-254 -320
-254 595
-254 85
-254 893
-254 -713
-254 479
-254 556
-254 -848
-254 856
-254 -632
-254 136
-254 310
-254 -510
-254 -567
-254 966
-254 -651
-254 586
-254 -402
-254 -520
-254 -940
-254 -290
-254 176
-254 893
-254 -190
-254 -534
-254 5
-254 -455
-254 -113
-254 951
-254 -719
-254 -620
-254 -933
-254 -24
-254 396
-254 -552
-254 445
-254 710
-254 107
-254 790
-254 -524
-254 843
-254 444
-254 612
-254 -808
-254 988
-254 324
-254 -481
-254 719
-254 -760
-254 -841
-254 659
-254 -194
-254 100
-254 465
-254 -427
-254 102
-254 25
-254 67
-254 250
-254 943
-254 -949
-254 216
-254 -774
-254 -752
-254 83
-254 -507
-254 -927
-254 -425
-254 -100
-254 460
-254 649
-254 -898
-254 -950
-254 927
-254 816
-254 -168
-254 47
-254 -84
-254 363
-254 -655
-254 173
-254 268
-254 -865
-254 -185
-254 726
-254 952
-254 -309
-254 -953
-254 493
-254 950
-254 270
-254 -339
-254 738
-254 -824
-254 -220
-254 -73
-254 -223
-254 -510
-254 141
-254 -981
-254 -749
-254 -363
-254 -418
-254 778
-254 811
-254 554
-254 -592
-254 -836
-254 -422
-254 488
-254 698
-254 22
-254 -39
-254 818
-254 -162
-254 -164
-254 -613
-254 -269
-254 -179
-254 -21
-254 -13
-254 813
-254 620
-254 -446
-254 -748
-254 -128
-254 -816
-254 163
-254 -87
-254 -617
-254 -164
-254 -870
-254 -625
-254 400
-254 -881
-254 780
-254 -221
-254 607
-254 -266
-254 143
-254 938
-254 -595
-254 80
-254 262
-254 734
-254 -360
-254 -116
-254 -278
-254 789
-254 942
-254 392
-254 -675
-254 433
-254 -90
-254 -397
-254 469
-254 -294
-254 992
-254 708
-254 693
-254 -881
-254 -513
-254 339
-254 337
-254 462
-254 -591
-254 -170
-254 -732
-254 513
-254 -491
-254 357
-254 290
-254 -420
-254 677
-254 228
-254 223
-254 -722
-254 -586
-254 392
-254 440
-254 -880
-254 -884
-254 -196
-254 -406
-254 598
-254 408
-254 -94
-254 -247
-254 928
-254 867
-254 99
-254 362
-254 -545
-254 351
-254 -755
-254 319
-254 -810
-254 -28
-254 107
-254 956
-254 -156
-254 -284
-254 451
-254 635
-254 916
-254 -510
-254 -730
-254 -84
-254 168
-254 -163
-254 -355
-254 -43
-254 632
-254 -384
-254 480
-254 -470
-254 959
-254 -546
-254 5
-254 -928
-254 97
-254 865
-254 550
-254 36
-254 -534
-254 874
-254 223
-254 -656
-254 -655
-254 -168
-254 -431
-254 267
-254 -717
-254 -293
-254 -850
-254 -11
-254 343
-254 199
-254 -378
-254 767
-254 536
-254 -479
-254 -59
-254 10
-254 -327
-254 -481
-254 -766
-254 -866
-254 -803
-254 -408
-254 659
-254 -593
-254 -394
-254 204
-254 973
-254 998
-254 -469
-254 329
-254 605
-254 248
-254 590
-254 -951
-254 -815
-254 95
-254 138
-254 276
-254 -759
-254 765
-254 -269
-254 161
-254 -542
-254 -273
-254 -895
-254 486
-254 -256
-254 444
-254 786
-254 37
-254 26
-254 -920
-254 -26
-254 851
-254 -840
-254 -825
-254 -676
-254 597
-254 -488
-254 460
-254 -980
-254 938
-254 710
-254 -119
-254 -817
-254 -281
-254 -736
-254 238
-254 -738
-254 105
-254 492
-254 848
-254 -457
-254 17
-254 -1000
-254 -599
-254 -6
-254 876
-254 188
-254 -202
-254 -130
-254 -689
-254 -131
-254 -617
-254 -371
-254 -386
-254 101
-254 -589
-254 -362
-254 -153
-254 883
-254 -195
-254 -810
-254 636
-254 -381
-254 -719
-254 -562
-254 253
-254 753
-254 -926
-254 269
-254 -76
-254 198
-254 -937
-254 799
-254 -696
-254 -604
-254 -408
-254 568
-254 426
-254 182
-254 590
-254 -868
-254 319
-254 797
-254 778
-254 91
-254 166
-254 -201
-254 -341
-254 -923
-254 676
-254 315
-254 398
-254 337
-254 -371
-254 692
-254 537
-254 941
-254 -709
-254 -333
-254 788
-254 23
-254 -633
-254 -578
-254 -821
-254 -772
-254 360
-254 -866
-254 854
-254 497
-254 -431
-254 -152
-254 -414
-254 110
-254 -690
-254 145
-254 233
-254 -998
-254 -720
-254 -38
-254 -194
-254 -268
-254 -398
-254 403
-254 -317
-254 -829
-254 220
-254 99
-254 830
-254 -342
-254 -815
-254 591
-254 497
-254 254
-254 497
-254 736
-254 -282
-254 -310
-254 -977
-254 -851
-254 -499
-254 170
-254 -213
-254 876
-254 257
-254 -477
-254 -943
-254 648
-254 -265
-254 101
-254 723
-254 22
-254 -502
-254 -736
-254 299
-254 900
-254 936
-254 379
-254 620
-254 390
-254 -405
-254 675
-254 -725
-254 969
-254 342
-254 -204
-254 976
-254 81
-254 -242
-254 765
-254 933
-254 -913
-254 -927
-254 -693
-254 -341
-254 681
-254 -346
-254 -319
-254 -892
-254 350
-254 719
-254 -952
-254 922
-254 811
-254 400
-254 -445
-254 -110
-254 915
-254 560
-254 -41
-254 33
-254 -391
-254 190
-254 270
-254 16
-254 16
-254 -615
-254 -427
-254 -881
-254 219
-254 -433
-254 35
-254 -769
-254 -196
-254 462
-254 47
-254 -489
-254 111
-254 -672
-254 319
-254 883
-254 -114
-254 836
-254 442
-254 -335
-254 -838
-254 -649
-254 -585
-254 312
-254 -338
-254 612
-254 764
-254 -476
-254 967
-254 399
-254 -962
-254 -966
-254 28
-254 838
-254 876
-254 -731
-254 901
-254 -441
-254 -545
-254 -918
-254 -255
-254 345
-254 515
-254 734
-254 -85
-254 -630
-254 236
-254 166
-254 -697
-254 -207
-254 431
-254 -78
-254 -746
-254 -374
-254 -95
-254 967
-254 -560
-254 63
-254 -872
-254 -651
-254 -274
-254 -602
-254 -602
-254 359
-254 588
-254 -573
-254 305
-254 310
-254 -226
-254 846
-254 -799
-254 966
-254 -784
-254 -547
-254 812
-254 830
-254 -895
-254 537
-254 -436
-254 -421
-254 330
-254 -172
-254 -743
-254 -14
-254 571
-254 -522
-254 950
-254 288
-254 -654
-254 42
-254 -884
-254 352
-254 286
-254 579
-254 -834
-254 83
-254 -313
-254 -202
-254 225
-254 192
-254 -703
-254 576
-254 865
-254 -198
-254 -688
-254 744
-254 -203
-254 801
-254 -179
-254 73
-254 -59
-254 575
-254 425
-254 -567
-254 -842
-254 -82
-254 -805
-254 746
-254 136
-254 -150
-254 446
-254 -309
-254 -859
-254 731
-254 862
-254 974
-254 -82
-254 -93
-254 815
-254 857
-254 601
-254 507
-254 -628
-254 330
-254 -731
-254 -462
-254 -486
-254 974
-254 -697
-254 294
-254 31
-254 135
-254 479
-254 -515
-254 -842
-254 768
-254 440
-254 -763
-254 291
-254 -842
-254 -924
-254 824
-254 -5
-254 808
-254 241
-254 -519
-254 -260
-254 851
-254 -429
-254 274
-254 -194
-254 66
-254 -932
-254 -885
-254 -875
-254 -400
-254 -374
-254 -427
-254 396
-254 -27
-254 196
-254 983
-254 -543
-254 -562
-254 886
-254 -357
-254 594
-254 241
-254 542
-254 -186
-254 -806
-254 191
-254 -104
-254 -457
-254 126
-254 -74
-254 781
-254 781
-254 406
-254 -856
-254 922
-254 -583
-254 278
-254 -160
-254 605
-254 279
-254 732
-254 158
-254 -508
-254 -399
-254 -750
-254 471
-254 -987
-254 -428
-254 831
-254 -66
-254 711
-254 366
-254 -847
-254 523
-254 567
-254 296
-254 9
-254 606
-254 -505
-254 619
-254 -209
-254 -801
-254 -218
-254 265
-254 992
-254 482
-254 701
-254 130
-254 -300
-254 513
-254 -830
-254 -533
-254 -76
-254 421
-254 130
-254 717
-254 -542
-254 -143
-254 -169
-254 -18
-254 774
-254 -697
-254 832
-254 671
-254 44
-254 763
-254 965
-254 -358
-254 566
-254 -645
-254 -979
-254 852
-254 -796
-254 -536
-254 598
-254 -66
-254 895
-254 356
-254 201
-254 -628
-254 -699
-254 -794
-254 225
-254 -725
-254 -912
-254 435
-254 166
-254 462
-254 -586
-254 -677
-254 -176
-254 -205
-254 776
-254 742
-254 -232
-254 -626
-254 -142
-254 706
-254 795
-254 46
-254 -920
-254 -824
-254 208
-254 495
-254 -854
-254 898
-254 -386
-254 -863
-254 355
-254 520
-254 -969
-254 262
-254 -384
-254 -591
-254 387
-254 -452
-254 -767
-254 565
-254 -417
-254 -221
-254 -742
-254 751
-254 546
-254 905
-254 975
-254 -620
-254 259
-254 35
-254 -79
-254 -488
-254 -661
-254 -132
-254 228
-254 348
-254 -82
-254 745
-254 564
-254 -977
-254 646
-254 -693
-254 -824
-254 -435
-254 -671
-254 628
-254 846
-254 -172
-254 880
-254 913
-254 923
-254 -914
-254 -423
-254 483
-254 85
-254 -385
-254 703
-254 -240
-254 196
-254 -578
-254 531
-254 339
-254 -11
-254 759
-254 134
-254 -173
-254 329
-254 153
-254 -43
-254 307
-254 346
-254 -8
-254 17
-254 -691
-254 743
-254 841
-254 -12
-254 590
-254 -15
-254 -276
-254 267
-254 681
-254 -879
-254 61
-254 256
-254 335
-254 511
-254 229
-254 -658
-254 457
-254 -447
-254 -199
-254 54
-254 -728
-254 65
-254 -739
-254 -33
-254 759
-254 870
-254 -233
-254 -822
-254 445
-254 827
-254 -988
-254 423
-254 -320
-254 332
-254 -106
-254 -735
-254 -445
-254 -59
-254 -483
-254 542
-254 168
-254 687
-254 464
-254 -156
-254 980
-254 177
-254 353
-254 357
-254 -321
-254 -500
-254 -160
-254 169
-254 24
-254 394
-254 -43
-254 -477
-254 -718
-254 -863
-254 883
-254 381
-254 -808
-254 504
-254 700
-254 446
-254 298
-254 -304
-254 -766
-254 960
-254 72
-254 -873
-254 558
-254 -118
-254 -613
-254 817
-254 13
-254 -117
-254 -712
-254 180
-254 -507
-254 -938
-254 452
-254 270
-254 137
-254 -266
-254 -880
-254 469
-254 250
-254 205
-254 -926
-254 989
-254 697
-254 250
-254 479
-254 -350
-254 -806
-254 906
-254 707
-254 -636
-254 317
-254 -880
-254 163
-254 -791
-254 -63
-254 831
-254 229
-254 204
-254 -765
-254 -595
-254 991
-254 220
-254 -71
-254 222
-254 -626
-254 814
-254 819
-254 -648
-254 999
-254 430
-254 -987
-254 862
-254 83
-254 912
-254 506
-254 -23
-254 -324
-254 998
-254 -409
-254 -18
-254 -302
-254 -307
-254 -728
-254 829
-254 -694
-254 571
-254 28
-254 -53
-254 526
-254 478
-254 -558
-254 -811
-254 -866
-254 -311
-254 -678
-254 -221
-254 -27
-254 543
-254 -453
-254 -572
-254 -185
-254 528
-254 106
-254 -854
-254 822
-254 -643
-254 -313
-254 -310
-254 68
-254 -694
-254 -845
-254 -182
-254 -736
-254 -316
-254 -306
-254 -644
-254 -725
-254 -843
-254 869
-254 43
-254 494
-254 -679
-254 52
-254 22
-254 -77
-254 526
-254 793
-254 806
-254 -792
-254 -163
-254 796
-254 729
-254 -166
-254 453
-254 821
-254 -196
-254 -508
-254 -447
-254 -271
-254 -193
-254 512
-254 46
-254 569
-254 -253
-254 628
-254 336
-254 558
-254 95
-254 834
-254 -359
-254 155
-254 336
-254 232
-254 -543
-254 453
-254 -353
-254 -588
-254 261
-254 759
-254 -910
-254 -301
-254 997
-254 -235
-254 224
-254 -357
-254 356
-254 -665
-254 -842
-254 -951
-254 155
-254 446
-254 -595
-254 953
-254 718
-254 601
-254 866
-254 -28
-254 450
-254 570
-254 530
-254 -620
-254 445
-254 -326
-254 -815
-254 658
-254 83
-254 107
-254 -303
-254 -325
-254 -859
-254 760
-254 90
-254 416
-254 -442
-254 -262
-254 -948
-254 307
-254 886
-254 -979
-254 153
-254 -915
-254 -536
-254 -316
-254 770
-254 744
-254 763
-254 -924
-254 230
-254 809
-254 612
-254 319
-254 306
-254 985
-254 -709
-254 -852
-254 -163
-254 457
-254 927
-254 -561
-254 187
-254 793
-254 -528
-254 515
-254 -176
-254 -793
-254 827
-254 924
-254 -135
-254 440
-254 203
-254 943
-254 -852
-254 -279
-254 -607
-254 -627
-254 309
-254 -266
-254 -802
-254 875
-254 494
-254 922
-254 394
-254 -520
-254 981
-254 161
-254 90
-254 685
-254 555
-254 -564
-254 286
-254 501
-254 -377
-254 826
-254 537
-254 449
-254 282
-254 622
-254 -407
-254 553
-254 -662
-254 -982
-254 603
-254 971
-254 -28
-254 -72
-254 535
-254 -963
-254 939
-254 566
-254 -961
-254 -731
-254 -825
-254 -868
-254 928
-254 -252
-254 -667
-254 -603
-254 6
-254 623
-254 -317
-254 -751
-254 -202
-254 722
-254 -710
-254 172
-254 970
-254 -641
-254 -754
-254 785
-254 -725
-254 -269
-254 -168
-254 478
-254 373
-254 907
-254 -48
-254 5
-254 961
-254 -510
-254 -106
-254 -322
-254 -309
-254 -535
-254 -76
-254 -464
-254 234
-254 800
-254 -417
-254 -64
-254 931
-254 -455
-254 322
-254 -278
-254 -938
-254 841
-254 153
-254 30
-254 442
-254 308
-254 -915
-254 74
-254 682
-254 12
-254 896
-254 677
-254 -832
-254 122
-254 583
-254 -665
-254 -950
-254 -868
-254 688
-254 -176
-254 -77
-254 -925
-254 -340
-254 341
-254 -599
-254 -313
-254 -126
-254 -385
-254 369
-254 -419
-254 -467
-254 938
-254 725
-254 -554
-254 -226
-254 -530
-254 821
-254 844
-254 -527
-254 443
-254 999
-254 766
-254 797
-254 575
-254 273
-254 509
-254 181
-254 784
-254 -412
-254 696
-254 -186
-254 -703
-254 768
-254 357
-254 985
-254 -480
-254 353
-254 -477
-254 731
-254 589
-254 -745
-254 -152
-254 -738
-254 -26
-254 933
-254 104
-254 20
-254 -93
-254 174
-254 -551
-254 341
-254 326
-254 392
-254 571
-254 -103
-254 723
-254 -847
-254 -354
-254 272
-254 -373
-254 538
-254 331
-254 816
-254 132
-254 -908
-254 -184
-254 909
-254 -484
-254 188
-254 319
-254 604
-254 717
-254 144
-254 -913
-254 -382
-254 369
-254 -468
-254 -12
-254 882
-254 -21
-254 -945
-254 478
-254 -843
-254 -661
-254 -327
-254 -259
-254 661
-254 -83
-254 340
-254 84
-254 119
-254 665
-254 798
-254 735
-254 -268
-254 -532
-254 958
-254 481
-254 619
-254 696
-254 231
-254 299
-254 -313
-254 489
-254 -204
-254 151
-254 -668
-254 -647
-254 473
-254 724
-254 193
-254 -961
-254 -696
-254 991
-254 -487
-254 -598
-254 513
-254 494
-254 -597
-254 690
-254 -627
-254 596
-254 314
-254 -739
-254 -295
-254 -474
-254 951
-254 -989
-254 132
-254 -179
-254 174
-254 399
-254 -292
-254 640
-254 732
-254 42
-254 857
-254 15
-254 176
-254 -808
-254 41
-254 -455
-254 -14
-254 912
-254 129
-254 -709
-254 146
-254 485
-254 -199
-254 -577
-254 -54
-254 799
-254 357
-254 -738
-254 731
-254 64
-254 80
-254 -661
-254 635
-254 529
-254 169
-254 640
-254 380
-254 576
-254 354
-254 402
-254 -858
-254 684
-254 -366
-254 -375
-254 684
-254 -355
-254 287
-254 -224
-254 443
-254 689
-254 -670
-254 999
-254 644
-254 -932
-254 -654
-254 -703
-254 -768
-254 -971
-254 -555
-254 174
-254 -944
-254 -879
-254 599
-254 135
-254 854
-254 -555
-254 -383
-254 748
-254 855
-254 -521
-254 740
-254 -791
-254 127
-254 -116
-254 -546
-254 -353
-254 -331
-254 487
-254 159
-254 -58
-254 242
-254 375
-254 -425
-254 -454
-254 134
-254 -864
-254 -254
-254 -73
-254 481
-254 210
-254 -595
-254 -165
-254 170
-254 779
-254 389
-254 821
-254 205
-254 -814
-254 827
-254 -319
-254 172
-254 -32
-254 467
-254 -706
-254 -501
-254 313
-254 -733
-254 190
-254 -902
-254 -851
-254 451
-254 -4
-254 932
-254 615
-254 807
-254 287
-254 344
-254 978
-254 -474
-254 612
-254 -609
-254 114
-254 317
-254 386
-254 -182
-254 8
-254 -121
-254 525
-254 601
-254 258
-254 -692
-254 -70
-254 960
-254 400
-254 -271
-254 -765
-254 -922
-254 -744
-254 -855
-254 865
-254 -219
-254 -727
-254 148
-254 571
-254 -96
-254 -47
-254 800
-254 -952
-254 -765
-254 743
-254 -347
-254 -488
-254 457
-254 -705
-254 -872
-254 210
-254 -192
-254 -321
-254 525
-254 975
-254 -231
-254 354
-254 -940
-254 610
-254 284
-254 710
-254 -942
-254 -720
-254 -192
-254 511
-254 746
-254 -140
-254 641
-254 -43
-254 -501
-254 811
-254 -687
-254 888
-254 -256
-254 297
-254 -910
-254 313
-254 -874
-254 170
-254 -184
-254 117
-254 -239
-254 818
-254 -296
-254 255
-254 193
-254 -372
-254 -585
-254 -432
-254 -581
-254 841
-254 319
-254 949
-254 494
-254 -28
-254 296
-254 -546
-254 -323
-254 549
-254 648
-254 -164
-254 941
-254 -825
-254 -658
-254 944
-254 -261
-254 -333
-254 927
-254 -818
-254 641
-254 115
-254 -510
-254 927
-254 -883
-254 -875
-254 -227
-254 373
-254 -730
-254 -619
-254 920
-254 -374
-254 -309
-254 -467
-254 -12
-254 -594
-254 932
-254 -31
-254 1
-254 -368
-254 -22
-254 327
-254 771
-254 -207
-254 741
-254 -820
-254 994
-254 870
-254 -934
-254 356
-254 66
-254 -767
-254 -589
-254 493
-254 482
-254 -460
-254 202
-254 750
-254 -898
-254 -618
-254 721
-254 -786
-254 213
-254 378
-254 727
-254 -16
-254 535
-254 337
-254 296
-254 -56
-254 -358
-254 845
-254 723
-254 -279
-254 30
-254 -529
-254 -669
-254 779
-254 742
-254 -478
-254 -426
-254 115
-254 -347
-254 -76
-254 -904
-254 -546
-254 947
-254 -776
-254 381
-254 -322
-254 322
-254 -352
-254 -411
-254 -606
-254 354
-254 255
-254 398
-254 -201
-254 190
-254 -967
-254 434
-254 183
-254 -533
-254 531
-254 618
-254 975
-254 535
-254 935
-254 339
-254 316
-254 -219
-254 -218
-254 411
-254 32
-254 -676
-254 651
-254 481
-254 45
-254 -429
-254 984
-254 596
-254 974
-254 192
-254 435
-254 -747
-254 -874
-254 -187
-254 -339
-254 -828
-254 232
-254 -602
-254 987
-254 -749
-254 459
-254 793
-254 13
-254 -4
-254 722
-254 -52
-254 11
-254 -622
-254 -204
-254 581
-254 607
-254 69
-254 -793
-254 162
-254 -525
-254 315
-254 15
-254 -196
-254 -186
-254 100
-254 105
-254 295
-254 539
-254 733
-254 -512
-254 -412
-254 -72
-254 -536
-254 447
-254 673
-254 -163
-254 -746
-254 530
-254 -651
-254 -307
-254 -521
-254 39
-254 864
-254 -942
-254 1
-254 -179
-254 252
-254 933
-254 -402
-254 835
-254 824
-254 -829
-254 -636
-254 -498
-254 -335
-254 661
-254 -400
-254 669
-254 231
-254 -142
-254 594
-254 141
-254 -876
-254 450
-254 -887
-254 -170
-254 235
-254 -444
-254 542
-254 -599
-254 143
-254 -902
-254 -670
-254 564
-254 162
-254 -801
-254 -346
-254 761
-254 734
-254 209
-254 717
-254 -558
-254 527
-254 -670
-254 -568
-254 -869
-254 -631
-254 -466
-254 -430
-254 -629
-254 752
-254 -388
-254 -618
-254 -590
-254 619
-254 217
-254 993
-254 -945
-254 -68
-254 876
-254 -250
-254 -807
-254 -256
-254 595
-254 -944
-254 -186
-254 821
-254 -169
-254 -436
-254 -497
-254 -151
-254 300
-254 264
-254 364
-254 223
-254 -974
-254 -188
-254 848
-254 526
-254 110
-254 110
-254 517
-254 311
-254 987
-254 936
-254 -79
-254 -843
-254 252
-254 612
-254 744
-254 -818
-254 552
-254 -514
-254 -995
-254 526
-254 -607
-254 519
-254 -566
-254 -305
-254 487
-254 342
-254 878
-254 -142
-254 -13
-254 214
-254 -167
-254 -526
-254 538
-254 -466
-254 -261
-254 -888
-254 898
-254 -809
-254 378
-254 235
-254 -668
-254 -699
-254 777
-254 -491
-254 -244
-254 -624
-254 -395
-254 -840
-254 964
-254 771
-254 584
-254 17
-254 -815
-254 -334
-254 -331
-254 641
-254 195
-254 57
-254 -278
-254 -144
-254 -889
-254 423
-254 -729
-254 -170
-254 700
-254 742
-254 814
-254 -912
-254 -715
-254 -998
-254 252
-254 -685
-254 -950
-254 -598
-254 304
-254 369
-254 448
-254 299
-254 -589
-254 -578
-254 982
-254 -429
-254 815
-254 764
-254 -62
-254 -494
-254 -89
-254 750
-254 684
-254 694
-254 322
-254 -70
-254 -876
-254 -82
-254 -988
-254 47
-254 -451
-254 -317
-254 605
-254 -521
-254 858
-254 -321
-254 -824
-254 726
-254 409
-254 -591
-254 735
-254 26
-254 990
-254 49
-254 647
-254 970
-254 583
-254 470
-254 -979
-254 216
-254 -540
-254 433
-254 847
-254 774
-254 -977
-254 -136
-254 852
-254 -409
-254 155
-254 363
-254 -833
-254 -247
-254 910
-254 424
-254 54
-254 226
-254 -995
-254 570
-254 773
-254 912
-254 -208
-254 477
-254 -610
-254 128
-254 507
-254 855
-254 153
-254 -842
-254 691
-254 109
-254 927
-254 -143
-254 217
-254 -29
-254 433
-254 -60
-254 -43
-254 234
-254 568
-254 -469
-254 627
-254 -186
-254 673
-254 851
-254 152
-254 -76
-254 -268
-254 -18
-254 -293
-254 219
-254 -410
-254 875
-254 -798
-254 -869
-254 582
-254 104
-254 -754
-254 711
-254 661
-254 -254
-254 -159
-254 -719
-254 -974
-254 -400
-254 -474
-254 -694
-254 -631
-254 -373
-254 661
-254 -208
-254 -220
-254 590
-254 -209
-254 357
-254 897
-254 22
-254 396
-254 963
-254 434
-254 -820
-254 27
-254 741
-254 21
-254 103
-254 364
-254 -504
-254 814
-254 327
-254 907
-254 150
-254 794
-254 -729
-254 606
-254 208
-254 378
-254 420
-254 -789
-254 656
-254 354
-254 -522
-254 256
-254 302
-254 177
-254 -343
-254 564
-254 372
-254 548
-254 564
-254 515
-254 -647
-254 374
-254 703
-254 442
-254 -222
-254 89
-254 36
-254 860
-254 962
-254 873
-254 -108
-254 -621
-254 392
-254 -303
-254 -920
-254 20
-254 -701
-254 440
-254 -200
-254 -467
-254 241
-254 -724
-254 -335
-254 -911
-254 -158
-254 430
-254 -247
-254 -462
-254 -868
-254 933
-254 832
-254 -818
-254 907
-254 -198
-254 -929
-254 -909
-254 15
-254 800
-254 708
-254 938
-254 -519
-254 980
-254 -650
-254 214
-254 -661
-254 81
-254 -852
-254 183
-254 861
-254 427
-254 -680
-254 -241
-254 899
-254 16
-254 802
-254 -79
-254 591
-254 371
-254 819
-254 -83
-254 -441
-254 628
-254 -267
-254 428
-254 739
-254 -433
-254 -129
-254 -569
-254 172
-254 64
-254 643
-254 608
-254 613
-254 -6
-254 421
-254 -164
-254 -558
-254 -824
-254 -166
-254 412
-254 158
-254 -850
-254 -566
-254 348
-254 -474
-254 941
-254 -673
-254 288
-254 -284
-254 -722
-254 -511
-254 922
-254 313
-254 317
-254 938
-254 -989
-254 180
-254 -753
-254 278
-254 -95
-254 -513
-254 699
-254 713
-254 178
-254 -209
-254 -737
-254 240
-254 -597
-254 -239
-254 -296
-254 577
-254 -949
-254 952
-254 -780
-254 -296
-254 -103
-254 432
-254 378
-254 -520
-254 -690
-254 569
-254 445
-254 386
-254 559
-254 615
-254 -192
-254 -224
-254 -159
-254 -215
-254 748
-254 -498
-254 993
-254 -64
-254 431
-254 428
-254 -774
-254 616
-254 93
-254 207
-254 426
-254 -824
-254 854
-254 -807
-254 -370
-254 -662
-254 64
-254 -159
-254 -149
-254 -117
-254 -820
-254 408
-254 951
-254 -551
-254 -469
-254 -754
-254 -300
-254 339
-254 -568
-254 -125
-254 -204
-254 95
-254 -480
-254 727
-254 -267
-254 784
-254 -987
-254 755
-254 796
-254 -254
-254 952
-254 633
-254 624
-254 911
-254 -702
-254 895
-254 106
-254 582
-254 -147
-254 900
-254 -136
-254 -253
-254 544
-254 -332
-254 -481
-254 447
-254 898
-254 157
-254 578
-254 522
-254 911
-254 555
-254 798
-254 -298
-254 -127
-254 -540
-254 71
-254 104
-254 88
-254 907
-254 578
-254 758
-254 -933
-254 169
-254 -102
-254 784
-254 278
-254 657
-254 -303
-254 137
-254 -348
-254 -327
-254 -645
-254 156
-254 -180
-254 -857
-254 -482
-254 -43
-254 -380
-254 798
-254 -734
-254 59
-254 -939
-254 -240
-254 41
-254 -145
-254 -873
-254 907
-254 -758
-254 -106
-254 71
-254 903
-254 651
-254 -511
-254 -446
-254 458
-254 -852
-254 667
-254 -162
-254 -380
-254 920
-254 -694
-254 -539
-254 687
-254 878
-254 605
-254 -148
-254 843
-254 -817
-254 -332
-254 -823
-254 -221
-254 368
-254 209
-254 -448
-254 -265
-254 -167
-254 549
-254 201
-254 323
-254 -648
-254 586
-254 65
-254 -168
-254 18
-254 539
-254 600
-254 682
-254 -706
-254 -21
-254 135
-254 947
-254 666
-254 -600
-254 -496
-254 -497
-254 -998
-254 602
-254 455
-254 892
-254 852
-254 318
-254 -858
-254 -695
-254 622
-254 842
-254 52
-254 -331
-254 -208
-254 -679
-254 818
-254 -865
-254 202
-254 -839
-254 145
-254 -572
-254 -662
-254 -396
-254 585
-254 -356
-254 252
-254 455
-254 -248
-254 900
-254 -381
-254 897
-254 506
-254 -769
-254 -710
-254 348
-254 -67
-254 212
-254 202
-254 -802
-254 872
-254 -698
-254 -670
-254 979
-254 207
-254 756
-254 -988
-254 -973
-254 178
-254 -353
-254 -721
-254 284
-254 397
-254 107
-254 858
-254 -445
-254 489
-254 501
-254 431
-254 88
-254 305
-254 119
-254 835
-254 -400
-254 -489
-254 -658
-254 530
-254 -177
-254 855
-254 555
-254 744
-254 182
-254 992
-254 149
-254 435
-254 -743
-254 713
-254 -826
-254 74
-254 -968
-254 -639
-254 150
-254 -319
-254 -388
-254 -518
-254 -336
-254 455
-254 -397
-254 412
-254 -12
-254 -752
-254 790
-254 130
-254 262
-254 448
-254 -4
-254 -258
-254 -83
-254 -431
-254 -689
-254 -777
-254 914
-254 375
-254 -326
-254 -685
-254 -997
-254 -276
-254 178
-254 683
-254 531
-254 121
-254 888
-254 165
-254 -834
-254 535
-254 970
-254 -90
-254 -240
-254 773
-254 -963
-254 477
-254 65
-254 142
-254 953
-254 -449
-254 -116
-254 -221
-254 -926
-254 -548
-254 -520
-254 19
-254 -777
-254 -391
-254 701
-254 834
-254 427
-254 662
-254 924
-254 -673
-254 347
-254 784
-254 -868
-254 -244
-254 -831
-254 -29
-254 -96
-254 775
-254 249
-254 -203
-254 -986
-254 161
-254 -539
-254 12
-254 903
-254 223
-254 -199
-254 -906
-254 -7
-254 -913
-254 -454
-254 -927
-254 -879
-254 -900
-254 -608
-254 440
-254 -345
-254 -698
-254 383
-254 -862
-254 -847
-254 368
-254 -727
-254 432
-254 -751
-254 -358
-254 613
-254 -746
-254 742
-254 -663
-254 318
-254 958
-254 263
-254 -623
-254 515
-254 -861
-254 -614
-254 148
-254 -909
-254 871
-254 555
-254 -204
-254 -87
-254 -191
-254 -913
-254 364
-254 -685
-254 459
-254 -915
-254 613
-254 54
-254 115
-254 400
-254 -253
-254 -615
-254 169
-254 653
-254 43
-254 598
-254 769
-254 225
-254 -517
-254 -174
-254 -235
-254 -570
-254 -282
-254 302
-254 205
-254 307
-254 363
-254 -473
-254 -479
-254 -384
-254 -507
-254 373
-254 -944
-254 33
-254 488
-254 6
-254 728
-254 -930
-254 685
-254 564
-254 625
-254 786
-254 -574
-254 -488
-254 304
-254 -900
-254 216
-254 954
-254 -87
-254 116
-254 -94
-254 -107
-254 793
-254 -641
-254 -488
-254 271
-254 876
-254 -272
-254 923
-254 -752
-254 772
-254 249
-254 -924
-254 -262
-254 -22
-254 934
-254 971
-254 486
-254 -582
-254 -447
-254 -511
-254 188
-254 -918
-254 -982
-254 -769
-254 -6
-254 -495
-254 -404
-254 391
-254 579
-254 445
-254 647
-254 -62
-254 811
-254 -361
-254 616
-254 473
-254 519
-254 761
-254 -345
-254 -555
-254 951
-254 138
-254 399
-254 -651
-254 -424
-254 -687
-254 963
-254 365
-254 420
-254 385
-254 16
-254 124
-254 -377
-254 -952
-254 430
-254 -608
-254 -862
-254 -165
-254 644
-254 29
-254 -758
-254 704
-254 -554
-254 13
-254 621
-254 -949
-254 759
-254 -612
-254 248
-254 -43
-254 270
-254 -591
-254 844
-254 -714
-254 -325
-254 464
-254 57
-254 184
-254 692
-254 -302
-254 954
-254 443
-254 12
-254 343
-254 342
-254 498
-254 122
-254 -453
-254 -967
-254 -270
-254 -415
-254 -895
-254 -77
-254 373
-254 426
-254 721
-254 962
-254 853
-254 -243
-254 -901
-254 937
-254 -435
-254 666
-254 755
-254 -319
-254 -929
-254 -46
-254 -874
-254 -399
-254 -447
-254 -765
-254 -729
-254 464
-254 288
-254 733
-254 764
-254 -390
-254 -746
-254 -294
-254 319
-254 781
-254 -880
-254 965
-254 458
-254 -117
-254 431
-254 -509
-254 -452
-254 895
-254 -704
-254 13
-254 66
-254 -575
-254 -497
-254 -726
-254 772
-254 -34
-254 852
-254 281
-254 -934
-254 527
-254 631
-254 970
-254 165
-254 -358
-254 -699
-254 512
-254 586
-254 3
-254 565
-254 731
-254 -72
-254 323
-254 -21
-254 -835
-254 -472
-254 -103
-254 656
-254 -992
-254 799
-254 445
-254 913
-254 -434
-254 298
-254 -461
-254 574
-254 45
-254 343
-254 59
-254 739
-254 271
-254 598
-254 -502
-254 228
-254 182
-254 -552
-254 -32
-254 -274
-254 999
-254 63
-254 -83
-254 -347
-254 -106
-254 -820
-254 943
-254 -442
-254 -738
-254 53
-254 -364
-254 -160
-254 410
-254 801
-254 -992
-254 -87
-254 826
-254 974
-254 -144
-254 219
-254 277
-254 218
-254 -899
-254 6
-254 728
-254 984
-254 -398
-254 913
-254 704
-254 -738
-254 685
-254 414
-254 -517
-254 276
-254 -525
-254 106
-254 -473
-254 101
-254 -357
-254 -904
-254 -525
-254 -48
-254 -887
-254 392
-254 -751
-254 -108
-254 794
-254 627
-254 -607
-254 923
-254 -168
-254 -614
-254 -220
-254 -564
-254 858
-254 405
-254 -358
-254 11
-254 638
-254 872
-254 193
-254 319
-254 421
-254 305
-254 956
-254 -282
-254 874
-254 471
-254 448
-254 -711
-254 -582
-254 -982
-254 706
-254 84
-254 83
-254 39
-254 -760
-254 320
-254 -78
-254 609
-254 -802
-254 572
-254 -444
-254 -206
-254 895
-254 479
-254 -785
-254 42
-254 938
-254 924
-254 -94
-254 684
-254 734
-254 -799
-254 93
-254 387
-254 -131
-254 -955
-254 710
-254 519
-254 583
-254 -104
-254 506
-254 -480
-254 563
-254 89
-254 999
-254 -437
-254 218
-254 -273
-254 431
-254 541
-254 -212
-254 -180
-254 524
-254 -256
-254 828
-254 443
-254 -373
-254 -613
-254 -421
-254 383
-254 -298
-254 169
-254 -166
-254 -792
-254 731
-254 282
-254 579
-254 -256
-254 -232
-254 -312
-254 -821
-254 -973
-254 471
-254 600
-254 333
-254 953
-254 -892
-254 -337
-254 817
-254 409
-254 751
-254 -739
-254 758
-254 592
-254 454
-254 -715
-254 115
-254 -730
-254 -227
-254 -521
-254 -269
-254 -35
-254 -191
-254 -921
-254 -83
-254 -17
-254 -367
-254 291
-254 723
-254 -952
-254 -878
-254 -498
-254 -71
-254 965
-254 -305
-254 -910
-254 -710
-254 -645
-254 929
-254 -278
-254 -270
-254 -219
-254 -23
-254 565
-254 976
-254 257
-254 432
-254 988
-254 763
-254 -328
-254 -808
-254 -736
-254 -805
-254 913
-254 105
-254 -792
-254 190
-254 755
-254 -192
-254 -594
-254 23
-254 825
-254 590
-254 -439
-254 683
-254 -500
-254 893
-254 -71
-254 881
-254 -361
-254 461
-254 456
-254 -716
-254 -319
-254 -456
-254 -774
-254 -76
-254 928
-254 128
-254 746
-254 -184
-254 12
-254 116
-254 -938
-254 892
-254 -969
-254 -956
-254 780
-254 -336
-254 -596
-254 842
-254 381
-254 835
-254 814
-254 68
-254 -185
-254 -18
-254 444
-254 617
-254 460
-254 -219
-254 260
-254 240
-254 -421
-254 342
-254 -617
-254 737
-254 -877
-254 42
-254 222
-254 -193
-254 -880
-254 -451
-254 -739
-254 -823
-254 -493
-254 -625
-254 -779
-254 -894
-254 -630
-254 -3
-254 -683
-254 52
-254 -169
-254 694
-254 674
-254 -100
-254 -6
-254 282
-254 262
-254 -951
-254 902
-254 -182
-254 -146
-254 151
-254 -339
-254 980
-254 230
-254 70
-254 63
-254 -554
-254 -693
-254 960
-254 -187
-254 61
-254 -371
-254 996
-254 -349
-254 612
-254 979
-254 168
-254 518
-254 -598
-254 488
-254 -714
-254 428
-254 -158
-254 -187
-254 -249
-254 -761
-254 352
-254 398
-254 487
-254 556
-254 646
-254 937
-254 792
-254 -135
-254 -28
-254 558
-254 295
-254 621
-254 -267
-254 -332
-254 898
-254 121
-254 368
-254 -826
-254 237
-254 610
-254 -770
-254 -567
-254 -645
-254 -466
-254 -660
-254 997
-254 -966
-254 -481
-254 -516
-254 -390
-254 -798
-254 -489
-254 -723
-254 -205
-254 -108
-254 484
-254 -674
-254 -257
-254 -77
-254 753
-254 -571
-254 -255
-254 389
-254 -141
-254 -108
-254 -366
-254 37
-254 -751
-254 -14
-254 814
-254 -683
-254 181
-254 841
-254 -219
-254 -224
-254 -519
-254 -338
-254 -346
-254 160
-254 804
-254 467
-254 649
-254 244
-254 -965
-254 -445
-254 -3
-254 816
-254 -724
-254 345
-254 222
-254 -673
-254 -712
-254 935
-254 648
-254 886
-254 -759
-254 -859
-254 -35
-254 -122
-254 292
-254 587
-254 -885
-254 430
-254 -197
-254 -31
-254 -289
-254 383
-254 219
-254 299
-254 -663
-254 -845
-254 -334
-254 -920
-254 -619
-254 -123
-254 -996
-254 150
-254 -422
-254 811
-254 259
-254 -14
-254 -106
-254 -767
-254 286
-254 -555
-254 -385
-254 474
-254 130
-254 -773
-254 686
-254 -476
-254 -517
-254 551
-254 153
-254 -313
-254 -797
-254 -138
-254 623
-254 102
-254 697
-254 676
-254 -873
-254 -630
-254 -598
-254 -965
-254 -587
-254 377
-254 47
-254 105
-254 -935
-254 -227
-254 -15
-254 -488
-254 -21
-254 581
-254 950
-254 -82
-254 971
-254 28
-254 295
-254 -853
-254 -162
-254 -234
-254 853
-254 797
-254 530
-254 -199
-254 660
-254 746
-254 611
-254 225
-254 262
-254 831
-254 -881
-254 210
-254 270
-254 -368
-254 -710
-254 -962
-254 567
-254 -738
-254 -271
-254 -164
-254 100
-254 -432
-254 451
-254 974
-254 -371
-254 848
-254 -307
-254 -667
-254 -155
-254 -403
-254 878
-254 -340
-254 681
-254 -224
-254 -684
-254 -391
-254 26
-254 -510
-254 -261
-254 659
-254 529
-254 -724
-254 -22
-254 -17
-254 158
-254 649
-254 717
-254 -705
-254 -371
-254 -807
-254 -839
-254 -415
-254 -501
-254 601
-254 958
-254 732
-254 -767
-254 -369
-254 427
-254 166
-254 -676
-254 -913
-254 -961
-254 -990
-254 82
-254 -535
-254 260
-254 -111
-254 -629
-254 810
-254 461
-254 -954
-254 486
-254 -32
-254 815
-254 287
-254 -509
-254 612
-254 637
-254 612
-254 925
-254 936
-254 618
-254 805
-254 -300
-254 -617
-254 829
-254 846
-254 238
-254 -433
-254 -253
-254 246
-254 -36
-254 -783
-254 828
-254 -858
-254 385
-254 344
-254 818
-254 666
-254 -165
-254 -972
-254 745
-254 901
-254 145
-254 -77
-254 -725
-254 -920
-254 871
-254 -473
-254 -629
-254 392
-254 -203
-254 830
-254 -578
-254 -776
-254 -509
-254 453
-254 640
-254 550
-254 -920
-254 -273
-254 437
-254 -352
-254 -955
-254 948
-254 144
-254 801
-254 -312
-254 916
-254 -856
-254 -430
-254 443
-254 -936
-254 -324
-254 -200
-254 -20
-254 -262
-254 93
-254 -674
-254 -986
-254 83
-254 555
-254 -930
-254 736
-254 -493
-254 30
-254 -975
-254 -23
-254 236
-254 -975
-254 -567
-254 -691
-254 279
-254 970
-254 -762
-254 489
-254 992
-254 646
-254 535
-254 -351
-254 341
-254 -510
-254 13
-254 -828
-254 -633
-254 173
-254 664
-254 451
-254 -698
-254 -757
-254 -405
-254 -384
-254 867
-254 43
-254 -643
-254 651
-254 -610
-254 -759
-254 756
-254 28
-254 -779
-254 945
-254 -789
-254 -178
-254 -937
-254 658
-254 -289
-254 -786
-254 -250
-254 -587
-254 896
-254 269
-254 -360
-254 306
-254 -788
-254 850
-254 100
-254 -578
-254 -256
-254 -696
-254 -414
-254 -625
-254 -838
-254 541
-254 815
-254 -299
-254 -129
-254 -767
-254 985
-254 529
-254 660
-254 589
-254 -94
-254 156
-254 -92
-254 -645
-254 974
-254 990
-254 16
-254 -459
-254 -365
-254 -451
-254 863
-254 764
-254 80
-254 -711
-254 597
-254 107
-254 -590
-254 177
-254 60
-254 -314
-254 423
-254 909
-254 -180
-254 -253
-254 -68
-254 202
-254 -437
-254 -583
-254 723
-254 -679
-254 473
-254 -943
-254 623
-254 598
-254 206
-254 476
-254 -426
-254 607
-254 -168
-254 131
-254 96
-254 -896
-254 636
-254 -32
-254 -841
-254 166
-254 353
-254 -767
-254 54
-254 77
-254 568
-254 -974
-254 -610
-254 652
-254 395
-254 -900
-254 206
-254 -329
-254 -830
-254 -791
-254 -747
-254 -469
-254 662
-254 -464
-254 173
-254 420
-254 -166
-254 230
-254 -553
-254 278
-254 -887
-254 -20
-254 -5
-254 235
-254 91
-254 -263
-254 641
-254 -843
-254 261
-254 -191
-254 -464
-254 320
-254 670
-254 -513
-254 863
-254 934
-254 867
-254 -17
-254 342
-254 692
-254 -455
-254 104
-254 178
-254 -713
-254 -640
-254 -153
-254 534
-254 387
-254 -637
-254 485
-254 598
-254 425
-254 -686
-254 -207
-254 -857
-254 920
-254 -731
-254 -133
-254 -943
-254 -417
-254 -535
-254 -864
-254 115
-254 304
-254 440
-254 -637
-254 792
-254 885
-254 -374
-254 -955
-254 251
-254 -831
-254 -297
-254 722
-254 -45
-254 220
-254 813
-254 -964
-254 203
-254 -490
-254 -174
-254 -279
-254 -338
-254 196
-254 593
-254 -13
-254 -572
-254 -483
-254 -756
-254 636
-254 -213
-254 -632
-254 437
-254 -923
-254 -873
-254 -199
-254 286
-254 59
-254 -115
-254 225
-254 738
-254 753
-254 607
-254 -175
-254 942
-254 -768
-254 3
-254 681
-254 483
-254 237
-254 681
-254 -969
-254 915
-254 -892
-254 -760
-254 465
-254 -485
-254 -418
-254 604
-254 882
-254 858
-254 488
-254 446
-254 644
-254 -256
-254 579
-254 305
-254 109
-254 486
-254 -798
-254 -519
-254 749
-254 -121
-254 981
-254 55
-254 -358
-254 929
-254 542
-254 -374
-254 195
-254 -141
-254 436
-254 308
-254 22
-254 -108
-254 296
-254 656
-254 425
-254 660
-254 -697
-254 448
-254 -415
-254 -246
-254 93
-254 529
-254 -933
-254 -329
-254 328
-254 863
-254 -560
-254 18
-254 63
-254 -587
-254 -786
-254 -905
-254 -127
-254 578
-254 -953
-254 331
-254 -598
-254 -350
-254 372
-254 867
-254 840
-254 792
-254 -463
-254 456
-254 -32
-254 -357
-254 -441
-254 -862
-254 -969
-254 -455
-254 733
-254 389
-254 419
-254 -741
-254 958
-254 -352
-254 744
-254 687
-254 187
-254 126
-254 243
-254 522
-254 -798
-254 256
-254 68
-254 181
-254 -478
-254 -217
-254 861
-254 -869
-254 470
-254 94
-254 -621
-254 820
-254 144
-254 -875
-254 -425
-254 909
-254 722
-254 811
-254 -969
-254 847
-254 -621
-254 -637
-254 -488
-254 -864
-254 -835
-254 -617
-254 97
-254 -539
-254 560
-254 405
-254 -972
-254 646
-254 -878
-254 -382
-254 -141
-254 992
-254 -380
-254 -377
-254 325
-254 -101
-254 -551
-254 79
-254 -144
-254 -544
-254 85
-254 342
-254 37
-254 -3
-254 -923
-254 982
-254 150
-254 -150
-254 -650
-254 -920
-254 176
-254 948
-254 -268
-254 0
-254 553
-254 -280
-254 407
-254 -714
-254 601
-254 -59
-254 983
-254 -252
-254 49
-254 655
-254 -91
-254 41
-254 851
-254 -671
-254 502
-254 901
-254 489
-254 -496
-254 851
-254 -98
-254 -534
-254 -487
-254 -859
-254 701
-254 96
-254 376
-254 274
-254 888
-254 -656
-254 -53
-254 -341
-254 495
-254 -263
-254 -217
-254 -155
-254 49
-254 639
-254 902
-254 -536
-254 719
-254 -699
-254 -222
-254 300
-254 577
-254 691
-254 -554
-254 -69
-254 -515
-254 704
-254 650
-254 -395
-254 -112
-254 -981
-254 -825
-254 975
-254 894
-254 327
-254 640
-254 -343
-254 -256
-254 -698
-254 -305
-254 534
-254 -589
-254 -632
-254 269
-254 -491
-254 -312
-254 -664
-254 -368
-254 810
-254 -276
-254 942
-254 -270
-254 -128
-254 630
-254 293
-254 133
-254 594
-254 -883
-254 -376
-254 928
-254 868
-254 -279
-254 461
-254 796
-254 557
-254 -294
-254 -626
-254 -222
-254 230
-254 496
-254 427
-254 196
-254 240
-254 -321
-254 579
-254 428
-254 40
-254 391
-254 -622
-254 24
-254 -485
-254 -967
-254 -619
-254 881
-254 -939
-254 -927
-254 827
-254 476
-254 -350
-254 840
-254 -308
-254 959
-254 973
-254 -96
-254 76
-254 135
-254 -77
-254 -138
-254 600
-254 -668
-254 774
-254 -148
-254 -832
-254 -360
-254 -563
-254 978
-254 -544
-254 -401
-254 -17
-254 -424
-254 -162
-254 -25
-254 964
-254 198
-254 -701
-254 72
-254 137
-254 -453
-254 45
-254 656
-254 9
-254 -850
-254 -585
-254 578
-254 982
-254 -312
-254 -740
-254 858
-254 794
-254 -827
-254 426
-254 500
-254 -468
-254 449
-254 659
-254 -271
-254 376
-254 -525
-254 423
-254 925
-254 213
-254 307
-254 10
-254 591
-254 -849
-254 -846
-254 521
-254 226
-254 843
-254 354
-254 894
-254 -827
-254 664
-254 -60
-254 729
-254 -245
-254 558
-254 483
-254 247
-254 -988
-254 -669
-254 -121
-254 -308
-254 972
-254 -165
-254 368
-254 -680
-254 -835
-254 43
-254 289
-254 -840
-254 14
-254 -36
-254 168
-254 785
-254 -254
-254 871
-254 -882
-254 469
-254 994
-254 -611
-254 354
-254 -703
-254 -11
-254 -156
-254 536
-254 328
-254 -186
-254 -232
-254 -49
-254 -632
-254 736
-254 -424
-254 112
-254 977
-254 -65
-254 -708
-254 787
-254 -598
-254 -863
-254 509
-254 -176
-254 -505
-254 -488
-254 -354
-254 -268
-254 -890
-254 360
-254 314
-254 467
-254 -136
-254 620
-254 -688
-254 -920
-254 -31
-254 -193
-254 -818
-254 -229
-254 -36
-254 570
-254 -798
-254 470
-254 -480
-254 -850
-254 802
-254 212
-254 -733
-254 -214
-254 510
-254 455
-254 -220
-254 196
-254 -130
-254 66
-254 163
-254 -597
-254 -947
-254 227
-254 -18
-254 -286
-254 736
-254 -711
-254 -216
-254 -162
-254 -37
-254 -473
-254 -960
-254 -866
-254 -362
-254 -517
-254 834
-254 -921
-254 394
-254 570
-254 256
-254 -729
-254 -498
-254 889
-254 575
-254 947
-254 661
-254 -517
-254 -246
-254 -230
-254 782
-254 -552
-254 234
-254 -211
-254 -531
-254 -229
-254 625
-254 -138
-254 705
-254 964
-254 826
-254 652
-254 122
-254 292
-254 -988
-254 153
-254 -774
-254 845
-254 644
-254 224
-254 264
-254 541
-254 -172
-254 -902
-254 -306
-254 -56
-254 -499
-254 -167
-254 -236
-254 -513
-254 -343
-254 -440
-254 538
-254 -445
-254 458
-254 425
-254 -862
-254 -381
-254 329
-254 -669
-254 -171
-254 -46
-254 401
-254 -872
-254 884
-254 -276
-254 -462
-254 712
-254 -709
-254 298
-254 685
-254 879
-254 -128
-254 726
-254 645
-254 -967
-254 21
-254 -426
-254 114
-254 -102
-254 -875
-254 801
-254 635
-254 -222
-254 256
-254 798
-254 116
-254 464
-254 -437
-254 -833
-254 831
-254 -928
-254 -4
-254 -987
-254 41
-254 -315
-254 -13
-254 -255
-254 -787
-254 -679
-254 699
-254 516
-254 -709
-254 230
-254 771
-254 979
-254 -461
-254 -296
-254 -570
-254 759
-254 -57
-254 754
-254 -720
-254 -886
-254 871
-254 472
-254 171
-254 305
-254 765
-254 79
-254 840
-254 -313
-254 981
-254 -597
-254 -186
-254 -534
-254 -763
-254 196
-254 -210
-254 680
-254 946
-254 65
-254 -378
-254 74
-254 453
-254 575
-254 -673
-254 -926
-254 521
-254 744
-254 750
-254 -265
-254 198
-254 946
-254 -358
-254 -16
-254 673
-254 -477
-254 -64
-254 -172
-254 -324
-254 86
-254 -815
-254 192
-254 290
-254 -245
-254 766
-254 -211
-254 -622
-254 -599
-254 -886
-254 6
-254 -405
-254 901
-254 871
-254 -279
-254 -352
-254 820
-254 660
-254 313
-254 -780
-254 -860
-254 488
-254 -615
-254 938
-254 -545
-254 -891
-254 -932
-254 -389
-254 689
-254 81
-254 939
-254 -425
-254 -465
-254 612
-254 796
-254 -663
-254 535
-254 694
-254 -975
-254 -496
-254 -606
-254 -987
-254 -245
-254 333
-254 943
-254 -125
-254 527
-254 -434
-254 -142
-254 340
-254 258
-254 320
-254 -598
-254 835
-254 -955
-254 -982
-254 893
-254 959
-254 436
-254 -375
-254 -197
-254 966
-254 -246
-254 942
-254 902
-254 192
-254 538
-254 -769
-254 -453
-254 474
-254 859
-254 691
-254 -953
-254 196
-254 700
-254 -253
-254 -914
-254 -703
-254 205
-254 784
-254 280
-254 -895
-254 322
-254 -623
-254 -46
-254 -671
-254 -849
-254 -207
-254 683
-254 -836
-254 -668
-254 -987
-254 627
-254 -862
-254 781
-254 502
-254 -976
-254 -842
-254 744
-254 -442
-254 770
-254 -732
-254 -885
-254 478
-254 988
-254 33
-254 973
-254 -731
-254 -27
-254 430
-254 -532
-254 555
-254 -679
-254 726
-254 -721
-254 -843
-254 922
-254 -917
-254 -793
-254 973
-254 404
-254 -914
-254 -554
-254 -915
-254 -570
-254 608
-254 503
-254 588
-254 640
-254 107
-254 -177
-254 539
-254 -343
-254 -347
-254 -437
-254 -76
-254 -173
-254 714
-254 -77
-254 -666
-254 670
-254 -249
-254 -54
-254 701
-254 -417
-254 640
-254 -541
-254 -156
-254 -809
-254 -411
-254 345
-254 -662
-254 767
-254 -281
-254 72
-254 -83
-254 609
-254 -253
-254 511
-254 33
-254 -670
-254 -436
-254 -741
-254 826
-254 38
-254 347
-254 925
-254 329
-254 863
-254 -743
-254 -240
-254 -520
-254 -368
-254 -933
-254 -275
-254 -979
-254 -41
-254 -742
-254 168
-254 735
-254 223
-254 877
-254 -144
-254 416
-254 550
-254 13
-254 791
-254 -975
-254 397
-254 -195
-254 568
-254 449
-254 305
-254 490
-254 -3
-254 835
-254 -291
-254 573
-254 -511
-254 -972
-254 931
-254 -438
-254 -352
-254 254
-254 -878
-254 268
-254 484
-254 763
-254 647
-254 851
-254 -570
-254 -397
-254 371
-254 -634
-254 -425
-254 -454
-254 741
-254 979
-254 -118
-254 235
-254 836
-254 -767
-254 968
-254 -832
-254 -139
-254 -198
-254 411
-254 534
-254 686
-254 422
-254 412
-254 714
-254 159
-254 631
-254 -695
-254 520
-254 429
-254 387
-254 -204
-254 -853
-254 769
-254 662
-254 796
-254 641
-254 -154
-254 -240
-254 -218
-254 546
-254 -791
-254 678
-254 -918
-254 167
-254 482
-254 -807
-254 -471
-254 211
-254 -837
-254 -194
-254 999
-254 740
-254 618
-254 -923
-254 249
-254 -6
-254 12
-254 839
-254 -870
-254 -264
-254 -754
-254 339
-254 -50
-254 281
-254 774
-254 694
-254 767
-254 325
-254 -169
-254 -28
-254 446
-254 -325
-254 -57
-254 72
-254 -330
-254 -586
-254 -338
-254 435
-254 933
-254 577
-254 711
-254 538
-254 745
-254 -264
-254 233
-254 750
-254 86
-254 -381
-254 887
-254 215
-254 -537
-254 -692
-254 83
-254 -79
-254 985
-254 182
-254 -575
-254 -511
-254 781
-254 329
-254 -980
-254 215
-254 840
-254 367
-254 -380
-254 917
-254 -990
-254 699
-254 -170
-254 -2
-254 566
-254 -553
-254 -29
-254 812
-254 -624
-254 -945
-254 -844
-254 135
-254 777
-254 -284
-254 540
-254 -473
-254 940
-254 -500
-254 621
-254 445
-254 -298
-254 -708
-254 -141
-254 510
-254 -145
-254 -75
-254 542
-254 389
-254 601
-254 -578
-254 407
-254 575
-254 224
-254 -894
-254 957
-254 -968
-254 -75
-254 -352
-254 237
-254 -495
-254 493
-254 -692
-254 -154
-254 143
-254 -284
-254 793
-254 268
-254 856
-254 221
-254 594
-254 495
-254 -990
-254 667
-254 386
-254 992
-254 -67
-254 -626
-254 310
-254 688
-254 569
-254 984
-254 267
-254 -73
-254 -806
-254 457
-254 -306
-254 -47
-254 603
-254 -758
-254 -246
-254 377
-254 617
-254 -35
-254 -124
-254 -813
-254 801
-254 23
-254 -729
-254 525
-254 780
-254 496
-254 967
-254 -390
-254 968
-254 109
-254 -93
-254 804
-254 893
-254 -696
-254 366
-254 33
-254 -483
-254 -881
-254 -972
-254 474
-254 703
-254 64
-254 -281
-254 802
-254 317
-254 -193
-254 -852
-254 -207
-254 613
-254 138
-254 -266
-254 -950
-254 109
-254 938
-254 -304
-254 -202
-254 -514
-254 -480
-254 70
-254 -180
-254 788
-254 -388
-254 705
-254 323
-254 -486
-254 -303
-254 457
-254 -299
-254 702
-254 -744
-254 -227
-254 -821
-254 -62
-254 360
-254 -493
-254 735
-254 71
-254 -353
-254 774
-254 545
-254 181
-254 -187
-254 -13
-254 223
-254 452
-254 300
-254 -996
-254 82
-254 -790
-254 61
-254 874
-254 -341
-254 -217
-254 -508
-254 124
-254 441
-254 386
-254 -449
-254 -638
-254 -882
-254 72
-254 -771
-254 354
-254 -381
-254 -75
-254 -850
-254 -831
-254 922
-254 -128
-254 -455
-254 677
-254 -434
-254 768
-254 337
-254 -950
-254 692
-254 -342
-254 -215
-254 138
-254 361
-254 980
-254 -824
-254 -907
-254 849
-254 71
-254 -744
-254 616
-254 399
-254 -43
-254 -292
-254 -903
-254 154
-254 655
-254 562
-254 -162
-254 -600
-254 -988
-254 957
-254 -799
-254 309
-254 -399
-254 930
-254 -602
-254 -261
-254 -249
-254 -445
-254 -929
-254 461
-254 -519
-254 706
-254 386
-254 -677
-254 -898
-254 -971
-254 -988
-254 33
-254 -346
-254 329
-254 -526
-254 329
-254 288
-254 -291
-254 -109
-254 -506
-254 -178
-254 104
-254 193
-254 -794
-254 -789
-254 -576
-254 -809
-254 -56
-254 269
-254 -712
-254 657
-254 -692
-254 785
-254 -818
-254 753
-254 216
-254 404
-254 -804
-254 -101
-254 -7
-254 235
-254 702
-254 -540
-254 -490
-254 511
-254 -704
-254 202
-254 985
-254 -429
-254 -109
-254 676
-254 -424
-254 -270
-254 -310
-254 102
-254 -678
-254 916
-254 849
-254 -188
-254 598
-254 918
-254 -744
-254 -202
-254 731
-254 263
-254 -542
-254 -995
-254 -787
-254 581
-254 831
-254 -593
-254 246
-254 467
-254 331
-254 -109
-254 -222
-254 354
-254 -737
-254 391
-254 240
-254 -769
-254 120
-254 103
-254 288
-254 196
-254 -235
-254 173
-254 -38
-254 488
-254 -541
-254 -19
-254 535
-254 123
-254 342
-254 -954
-254 -470
-254 -304
-254 -291
-254 -343
-254 225
-254 -338
-254 -159
-254 -823
-254 852
-254 893
-254 194
-254 704
-254 -549
-254 -780
-254 912
-254 604
-254 -850
-254 -356
-254 -154
-254 958
-254 613
-254 246
-254 -246
-254 -590
-254 216
-254 858
-254 -420
-254 170
-254 544
-254 -71
-254 80
-254 768
-254 688
-254 -702
-254 -118
-254 114
-254 903
-254 513
-254 62
-254 -57
-254 706
-254 -181
-254 -467
-254 -897
-254 -806
-254 -575
-254 497
-254 250
-254 712
-254 -863
-254 532
-254 -899
-254 -61
-254 -136
-254 -786
-254 -556
-254 -471
-254 -159
-254 -711
-254 215
-254 -158
-254 -613
-254 -212
-254 567
-254 -37
-254 -11
-254 -554
-254 17
-254 118
-254 99
-254 -585
-254 846
-254 998
-254 -278
-254 -775
-254 -337
-254 567
-254 259
-254 553
-254 -800
-254 -45
-254 643
-254 -205
-254 667
-254 -617
-254 -741
-254 417
-254 -150
-254 976
-254 485
-254 727
-254 675
-254 519
-254 774
-254 -597
-254 962
-254 -310
-254 900
-254 -598
-254 -838
-254 525
-254 157
-254 246
-254 974
-254 -606
-254 996
-254 910
-254 -28
-254 -198
-254 -555
-254 -392
-254 -686
-254 -750
-254 522
-254 -921
-254 673
-254 267
-254 -154
-254 801
-254 733
-254 -392
-254 583
-254 856
-254 404
-254 -513
-254 642
-254 -56
-254 372
-254 633
-254 732
-254 -789
-254 98
-254 -328
-254 -634
-254 -664
-254 519
-254 -573
-254 298
-254 -382
-254 -687
-254 -364
-254 -129
-254 560
-254 414
-254 -313
-254 359
-254 -743
-254 -164
-254 114
-254 807
-254 -891
-254 981
-254 -421
-254 441
-254 932
-254 503
-254 959
-254 57
-254 -501
-254 -503
-254 251
-254 922
-254 536
-254 -392
-254 -258
-254 -740
-254 832
-254 268
-254 881
-254 711
-254 103
-254 591
-254 -652
-254 9
-254 -580
-254 -796
-254 -369
-254 872
-254 -202
-254 -5
-254 -29
-254 -230
-254 -879
-254 582
-254 -166
-254 -994
-254 -547
-254 -284
-254 259
-254 450
-254 -561
-254 -85
-254 135
-254 -251
-254 -354
-254 -295
-254 -221
-254 138
-254 -349
-254 -332
-254 649
-254 -843
-254 -55
-254 -840
-254 235
-254 581
-254 -462
-254 541
-254 14
-254 -216
-254 -899
-254 -70
-254 -766
-254 -879
-254 851
-254 677
-254 27
-254 -273
-254 550
-254 887
-254 557
-254 862
-254 -245
-254 -250
-254 680
-254 771
-254 -701
-254 390
-254 793
-254 -507
-254 -939
-254 -755
-254 -289
-254 -387
-254 -343
-254 862
-254 396
-254 966
-254 990
-254 692
-254 -385
-254 -624
-254 -552
-254 -38
-254 -673
-254 188
-254 995
-254 764
-254 -907
-254 174
-254 -797
-254 -291
-254 205
-254 -808
-254 -194
-254 483
-254 -340
-254 -360
-254 468
-254 953
-254 775
-254 -221
-254 -695
-254 -955
-254 -809
-254 649
-254 901
-254 632
-254 -395
-254 150
-254 -271
-254 161
-254 -923
-254 -653
-254 -882
-254 449
-254 -16
-254 322
-254 260
-254 -669
-254 41
-254 -894
-254 41
-254 -618
-254 613
-254 306
-254 -916
-254 -163
-254 -904
-254 -306
-254 -145
-254 -977
-254 286
-254 973
-254 925
-254 -960
-254 -178
-254 -974
-254 -580
-254 -14
-254 -864
-254 -850
-254 668
-254 229
-254 -251
-254 658
-254 352
-254 850
-254 204
-254 -189
-254 104
-254 -964
-254 56
-254 216
-254 -616
-254 27
-254 -170
-254 -442
-254 209
-254 218
-254 -750
-254 134
-254 272
-254 856
-254 359
-254 -406
-254 -109
-254 405
-254 -651
-254 718
-254 443
-254 544
-254 -698
-254 438
-254 67
-254 -174
-254 315
-254 -869
-254 -499
-254 -344
-254 983
-254 171
-254 -407
-254 -563
-254 -670
-254 -22
-254 566
-254 -728
-254 707
-254 -284
-254 467
-254 -804
-254 746
-254 965
-254 -488
-254 -73
-254 909
-254 -264
-254 921
-254 -399
-254 913
-254 345
-254 674
-254 718
-254 -224
-254 589
-254 -113
-254 -239
-254 -703
-254 -581
-254 202
-254 605
-254 720
-254 99
-254 -61
-254 387
-254 -964
-254 964
-254 454
-254 -127
-254 184
-254 424
-254 563
-254 643
-254 94
-254 558
-254 -406
-254 95
-254 -55
-254 159
-254 -178
-254 182
-254 401
-254 -313
-254 -332
-254 -40
-254 -45
-254 -590
-254 104
-254 42
-254 630
-254 -64
-254 3
-254 -930
-254 224
-254 136
-254 917
-254 664
-254 869
-254 406
-254 -809
-254 -499
-254 256
-254 698
-254 -26
-254 -578
-254 231
-254 -656
-254 435
-254 17
-254 490
-254 933
-254 287
-254 195
-254 219
-254 21
-254 -438
-254 475
-254 695
-254 945
-254 551
-254 332
-254 -267
-254 -330
-254 -711
-254 -122
-254 658
-254 586
-254 703
-254 -741
-254 -669
-254 -305
-254 324
-254 681
-254 -501
-254 -881
-254 -883
-254 -751
-254 255
-254 148
-254 -623
-254 -142
-254 424
-254 230
-254 423
-254 981
-254 774
-254 -537
-254 474
-254 -976
-254 696
-254 699
-254 -200
-254 -886
-254 734
-254 102
-254 431
-254 213
-254 160
-254 132
-254 -958
-254 -599
-254 877
-254 412
-254 750
-254 -807
-254 -827
-254 237
-254 567
-254 621
-254 -231
-254 316
-254 -121
-254 -162
-254 787
-254 12
-254 -23
-254 -186
-254 176
-254 885
-254 -190
-254 718
-254 -358
-254 -476
-254 -404
-254 -56
-254 149
-254 119
-254 -747
-254 -422
-254 -377
-254 779
-254 34
-254 -971
-254 729
-254 -336
-254 -92
-254 -575
-254 -308
-254 -773
-254 -903
-254 -6
-254 714
-254 968
-254 222
-254 706
-254 508
-254 671
-254 -989
-254 97
-254 25
-254 849
-254 -10
-254 -602
-254 856
-254 866
-254 -308
-254 787
-254 637
-254 -292
-254 337
-254 350
-254 847
-254 292
-254 212
-254 657
-254 -362
-254 -213
-254 -983
-254 944
-254 611
-254 -50
-254 -196
-254 -474
-254 705
-254 -832
-254 316
-254 -319
-254 64
-254 -119
-254 -24
-254 570
-254 715
-254 331
-254 -384
-254 -165
-254 -764
-254 269
-254 -328
-254 593
-254 -775
-254 -571
-254 -968
-254 -289
-254 166
-254 -822
-254 -676
-254 -470
-254 47
-254 817
-254 293
-254 703
-254 376
-254 -820
-254 -977
-254 203
-254 -98
-254 558
-254 46
-254 -829
-254 655
-254 -999
-254 319
-254 498
-254 463
-254 788
-254 199
-254 -412
-254 -8
-254 506
-254 269
-254 411
-254 -775
-254 -594
-254 257
-254 -343
-254 85
-254 -483
-254 97
-254 829
-254 337
-254 -92
-254 389
-254 254
-254 853
-254 -266
-254 -920
-254 -675
-254 706
-254 509
-254 -274
-254 581
-254 243
-254 -436
-254 882
-254 837
-254 894
-254 -551
-254 -731
-254 -371
-254 285
-254 616
-254 108
-254 -229
-254 -558
-254 -508
-254 -147
-254 -122
-254 403
-254 -965
-254 -596
-254 434
-254 801
-254 30
-254 -116
-254 281
-254 236
-254 -416
-254 -349
-254 681
-254 -193
-254 -647
-254 731
-254 953
-254 197
-254 -642
-254 -541
-254 485
-254 -271
-254 468
-254 -50
-254 -613
-254 -978
-254 247
-254 484
-254 168
-254 -451
-254 -620
-254 -568
-254 -286
-254 -447
-254 469
-254 -150
-254 906
-254 855
-254 -412
-254 -771
-254 -969
-254 628
-254 -484
-254 200
-254 987
-254 -527
-254 -273
-254 954
-254 91
-254 301
-254 927
-254 -262
-254 511
-254 264
-254 884
-254 203
-254 -73
-254 157
-254 0
-254 -868
-254 -336
-254 -696
-254 -399
-254 984
-254 -717
-254 435
-254 837
-254 -187
-254 -148
-254 -130
-254 734
-254 -841
-254 496
-254 -63
-254 484
-254 165
-254 -762
-254 -364
-254 -276
-254 -267
-254 209
-254 -619
-254 -634
-254 -925
-254 849
-254 -589
-254 -443
-254 807
-254 -876
-254 -767
-254 772
-254 -66
-254 536
-254 735
-254 838
-254 133
-254 756
-254 421
-254 228
-254 -464
-254 -697
-254 -49
-254 -147
-254 -162
-254 778
-254 777
-254 -773
-254 -152
-254 -678
-254 473
-254 -206
-254 -977
-254 842
-254 957
-254 85
-254 252
-254 674
-254 650
-254 -720
-254 -707
-254 -470
-254 248
-254 765
-254 305
-254 -994
-254 50
-254 -406
-254 -299
-254 40
-254 -630
-254 -938
-254 -781
-254 194
-254 -396
-254 -478
-254 -726
-254 77
-254 -982
-254 -538
-254 2
-254 275
-254 -521
-254 181
-254 -690
-254 -988
-254 702
-254 503
-254 -646
-254 -642
-254 79
-254 -808
-254 -614
-254 -99
-254 -171
-254 341
-254 -981
-254 568
-254 -11
-254 -574
-254 16
-254 88
-254 508
-254 607
-254 -430
-254 -144
-254 -209
-254 -506
-254 -421
-254 809
-254 127
-254 -295
-254 805
-254 414
-254 -499
-254 -684
-254 -743
-254 -992
-254 -857
-254 -377
-254 -759
-254 -935
-254 864
-254 -757
-254 50
-254 -426
-254 782
-254 434
-254 771
-254 873
-254 2
-254 329
-254 825
-254 823
-254 -537
-254 118
-254 -377
-254 -959
-254 -997
-254 943
-254 -842
-254 -503
-254 122
-254 866
-254 -646
-254 662
-254 138
-254 823
-254 -213
-254 981
-254 -940
-254 150
-254 675
-254 37
-254 189
-254 -280
-254 -283
-254 -187
-254 173
-254 324
-254 -934
-254 888
-254 -882
-254 400
-254 -480
-254 -341
-254 970
-254 -588
-254 483
-254 331
-254 594
-254 167
-254 773
-254 668
-254 -406
-254 770
-254 619
-254 516
-254 405
-254 15
-254 -191
-254 -266
-254 -265
-254 -713
-254 926
-254 718
-254 -833
-254 -268
-254 471
-254 826
-254 806
-254 476
-254 380
-254 -807
-254 -379
-254 514
-254 538
-254 227
-254 228
-254 -357
-254 -929
-254 -882
-254 -641
-254 107
-254 636
-254 83
-254 -871
-254 737
-254 554
-254 761
-254 -639
-254 948
-254 564
-254 -889
-254 788
-254 -166
-254 979
-254 -481
-254 881
-254 529
-254 -903
-254 -978
-254 -351
-254 104
-254 437
-254 709
-254 559
-254 -987
-254 -929
-254 -125
-254 -926
-254 -122
-254 -556
-254 421
-254 -477
-254 -651
-254 134
-254 -564
-254 713
-254 256
-254 943
-254 9
-254 49
-254 -735
-254 -252
-254 -559
-254 -432
-254 -756
-254 -747
-254 -584
-254 -572
-254 -687
-254 813
-254 198
-254 527
-254 947
-254 865
-254 -688
-254 918
-254 -53
-254 12
-254 -796
-254 403
-254 915
-254 -370
-254 -527
-254 -904
-254 164
-254 -328
-254 526
-254 469
-254 422
-254 -740
-254 -959
-254 -823
-254 -778
-254 -487
-254 62
-254 -549
-254 184
-254 513
-254 -830
-254 -723
-254 637
-254 -739
-254 -942
-254 674
-254 -323
-254 -953
-254 29
-254 -315
-254 -287
-254 360
-254 847
-254 277
-254 782
-254 -941
-254 866
-254 944
-254 -77
-254 894
-254 -511
-254 -884
-254 -867
-254 207
-254 899
-254 -304
-254 -849
-254 -195
-254 332
-254 856
-254 -528
-254 -275
-254 885
-254 306
-254 -175
-254 245
-254 358
-254 782
-254 911
-254 -144
-254 -574
-254 -604
-254 -951
-254 167
-254 519
-254 -169
-254 -469
-254 -385
-254 650
-254 -288
-254 -929
-254 503
-254 -941
-254 -548
-254 460
-254 -293
-254 -653
-254 621
-254 914
-254 -718
-254 801
-254 313
-254 -315
-254 -76
-254 505
-254 593
-254 -15
-254 227
-254 -599
-254 -876
-254 193
-254 -182
-254 -391
-254 929
-254 -900
-254 -356
-254 -624
-254 970
-254 -800
-254 162
-254 -277
-254 -615
-254 -182
-254 -356
-254 -379
-254 504
-254 -858
-254 -894
-254 222
-254 -545
-254 -275
-254 126
-254 140
-254 -902
-254 -128
-254 -409
-254 632
-254 32
-254 -861
-254 391
-254 85
-254 593
-254 -865
-254 -589
-254 -225
-254 579
-254 -688
-254 87
-254 -921
-254 104
-254 -643
-254 28
-254 -48
-254 13
-254 -265
-254 -221
-254 -90
-254 -188
-254 -720
-254 -612
-254 295
-254 140
-254 -578
-254 854
-254 -271
-254 -455
-254 -510
-254 -991
-254 567
-254 -526
-254 -381
-254 301
-254 890
-254 224
-254 839
-254 -836
-254 -515
-254 32
-254 523
-254 489
-254 275
-254 122
-254 -158
-254 86
-254 709
-254 -155
-254 -416
-254 -784
-254 -277
-254 739
-254 -653
-254 -783
-254 -114
-254 -67
-254 967
-254 -149
-254 -776
-254 86
-254 395
-254 -956
-254 183
-254 -890
-254 547
-254 119
-254 680
-254 486
-254 -425
-254 568
-254 -208
-254 -781
-254 -789
-254 813
-254 -76
-254 455
-254 -759
-254 830
-254 562
-254 357
-254 -757
-254 -395
-254 -91
-254 -974
-254 167
-254 -226
-254 -754
-254 -965
-254 750
-254 848
-254 167
-254 601
-254 -278
-254 9
-254 -666
-254 929
-254 744
-254 -315
-254 695
-254 175
-254 -294
-254 622
-254 909
-254 803
-254 -299
-254 125
-254 -188
-254 54
-254 787
-254 -34
-254 612
-254 -752
-254 -612
-254 -435
-254 -465
-254 -699
-254 796
-254 -242
-254 108
-254 -725
-254 -816
-254 -803
-254 739
-254 592
-254 -329
-254 83
-254 -63
-254 984
-254 -660
-254 -524
-254 -539
-254 -57
-254 132
-254 683
-254 -873
-254 885
-254 -290
-254 -173
-254 -543
-254 424
-254 329
-254 -519
-254 654
-254 -58
-254 -17
-254 -746
-254 -841
-254 95
-254 994
-254 338
-254 -417
-254 307
-254 882
-254 -376
-254 -898
-254 -909
-254 -47
-254 -29
-254 958
-254 48
-254 627
-254 170
-254 125
-254 -168
-254 -487
-254 953
-254 595
-254 -484
-254 652
-254 -759
-254 -641
-254 -90
-254 490
-254 963
-254 40
-254 -364
-254 -289
-254 -25
-254 807
-254 -787
-254 891
-254 87
-254 -485
-254 -335
-254 -529
-254 -68
-254 960
-254 -823
-254 612
-254 -409
-254 -695
-254 902
-254 122
-254 -356
-254 895
-254 -346
-254 725
-254 929
-254 451
-254 754
-254 -924
-254 504
-254 149
-254 -56
-254 605
-254 316
-254 -991
-254 407
-254 -422
-254 271
-254 -291
-254 -107
-254 590
-254 197
-254 -117
-254 -267
-254 712
-254 -609
-254 -912
-254 -631
-254 -150
-254 300
-254 -835
-254 -858
-254 145
-254 544
-254 -7
-254 -733
-254 591
-254 -298
-254 483
-254 535
-254 459
-254 -485
-254 728
-254 -924
-254 -711
-254 367
-254 117
-254 -674
-254 337
-254 273
-254 -379
-254 -989
-254 -645
-254 -178
-254 -17
-254 393
-254 -202
-254 883
-254 721
-254 16
-254 999
-254 -329
-254 -143
-254 -298
-254 31
-254 -264
-254 957
-254 330
-254 -952
-254 -78
-254 -900
-254 -573
-254 -526
-254 -6
-254 629
-254 416
-254 -669
-254 789
-254 618
-254 -288
-254 -191
-254 -405
-254 204
-254 605
-254 556
-254 -302
-254 192
-254 851
-254 53
-254 74
-254 446
-254 -672
-254 795
-254 201
-254 560
-254 452
-254 224
-254 585
-254 472
-254 -162
-254 -675
-254 -872
-254 122
-254 230
-254 -517
-254 -150
-254 613
-254 -898
-254 272
-254 32
-254 -658
-254 -237
-254 390
-254 899
-254 -914
-254 -960
-254 176
-254 -985
-254 -228
-254 -581
-254 546
-254 -35
-254 212
-254 88
-254 556
-254 872
-254 -682
-254 -937
-254 24
-254 699
-254 -367
-254 135
-254 22
-254 -949
-254 631
-254 -660
-254 780
-254 381
-254 -544
-254 424
-254 134
-254 -393
-254 -984
-254 334
-254 -537
-254 -883
-254 -108
-254 -904
-254 -388
-254 -807
-254 -634
-254 -716
-254 13
-254 52
-254 433
-254 876
-254 -557
-254 -6
-254 345
-254 546
-254 -556
-254 137
-254 895
-254 -98
-254 202
-254 -641
-254 363
-254 514
-254 554
-254 732
-254 716
-254 38
-254 -543
-254 -13
-254 -706
-254 844
-254 -637
-254 -191
-254 173
-254 -862
-254 -564
-254 -294
-254 -332
-254 430
-254 976
-254 357
-254 -587
-254 884
-254 347
-254 -660
-254 -612
-254 -26
-254 701
-254 -990
-254 109
-254 -707
-254 -156
-254 840
-254 -323
-254 -829
-254 293
-254 57
-254 -216
-254 64
-254 977
-254 32
-254 -513
-254 -256
-254 596
-254 -134
-254 -290
-254 632
-254 -223
-254 923
-254 -555
-254 671
-254 -452
-254 660
-254 -444
-254 185
-254 75
-254 427
-254 733
-254 -458
-254 214
-254 -908
-254 426
-254 -684
-254 -323
-254 -230
-254 -391
-254 519
-254 776
-254 987
-254 -21
-254 -302
-254 153
-254 -817
-254 -511
-254 -610
-254 566
-254 452
-254 290
-254 521
-254 -714
-254 268
-254 452
-254 -325
-254 784
-254 -564
-254 -388
-254 -44
-254 652
-254 -660
-254 -196
-254 -947
-254 146
-254 374
-254 650
-254 -451
-254 357
-254 767
-254 751
-254 46
-254 604
-254 -999
-254 -617
-254 -226
-254 214
-254 -593
-254 444
-254 776
-254 -680
-254 -838
-254 83
-254 -650
-254 -890
-254 -305
-254 -937
-254 -340
-254 -157
-254 -417
-254 -472
-254 739
-254 -252
-254 502
-254 137
-254 -102
-254 18
-254 998
-254 538
-254 240
-254 171
-254 655
-254 -559
-254 -794
-254 -90
-254 -801
-254 -986
-254 -287
-254 -917
-254 453
-254 336
-254 -537
-254 -908
-254 -110
-254 -313
-254 -948
-254 564
-254 438
-254 32
-254 -457
-254 -637
-254 880
-254 -262
-254 -832
-254 -699
-254 759
-254 0
-254 877
-254 896
-254 539
-254 -454
-254 713
-254 -938
-254 -375
-254 909
-254 684
-254 669
-254 -561
-254 605
-254 141
-254 687
-254 501
-254 -596
-254 -593
-254 -756
-254 431
-254 509
-254 122
-254 -146
-254 193
-254 -520
-254 1000
-254 908
-254 -337
-254 932
-254 386
-254 -309
-254 281
-254 -548
-254 -622
-254 507
-254 81
-254 776
-254 -26
-254 470
-254 930
-254 751
-254 -487
-254 74
-254 300
-254 -649
-254 -392
-254 934
-254 -906
-254 937
-254 -826
-254 -134
-254 -941
-254 257
-254 181
-254 -590
-254 382
-254 998
-254 -108
-254 -880
-254 80
-254 416
-254 958
-254 383
-254 -17
-254 299
-254 -184
-254 -243
-254 820
-254 282
-254 -603
-254 -367
-254 764
-254 -525
-254 704
-254 -86
-254 -920
-254 -454
-254 799
-254 -101
-254 -834
-254 -328
-254 -976
-254 -873
-254 321
-254 544
-254 111
-254 -40
-254 -689
-254 -572
-254 -231
-254 -958
-254 -958
-254 -412
-254 -965
-254 117
-254 794
-254 -805
-254 -890
-254 880
-254 938
-254 -905
-254 172
-254 74
-254 425
-254 475
-254 -364
-254 718
-254 -636
-254 -411
-254 355
-254 83
-254 -480
-254 -976
-254 -319
-254 -670
-254 -804
-254 -46
-254 240
-254 198
-254 -700
-254 148
-254 892
-254 327
-254 683
-254 295
-254 -415
-254 -755
-254 -29
-254 405
-254 -270
-254 526
-254 402
-254 -616
-254 -671
-254 795
-254 12
-254 -835
-254 6
-254 -763
-254 723
-254 -369
-254 857
-254 -362
-254 6
-254 -444
-254 -352
-254 -8
-254 -924
-254 338
-254 490
-254 -61
-254 -49
-254 -840
-254 60
-254 -874
-254 287
-254 817
-254 967
-254 303
-254 256
-254 277
-254 218
-254 -919
-254 346
-254 -178
-254 693
-254 -122
-254 -210
-254 -73
-254 500
-254 838
-254 -63
-254 375
-254 219
-254 -461
-254 94
-254 -165
-254 567
-254 977
-254 988
-254 -508
-254 375
-254 177
-254 -810
-254 -816
-254 950
-254 226
-254 48
-254 202
-254 -204
-254 -978
-254 588
-254 794
-254 211
-254 426
-254 974
-254 959
-254 782
-254 414
-254 770
-254 -388
-254 -558
-254 -533
-254 -169
-254 447
-254 -83
-254 -67
-254 -530
-254 79
-254 317
-254 923
-254 -464
-254 551
-254 -272
-254 890
-254 22
-254 -983
-254 642
-254 -393
-254 798
-254 -317
-254 -604
-254 -754
-254 -179
-254 -604
-254 812
-254 -232
-254 790
-254 313
-254 -514
-254 -930
-254 984
-254 377
-254 -767
-254 -516
-254 -567
-254 130
-254 278
-254 -512
-254 -101
-254 -448
-254 -399
-254 -532
-254 66
-254 -5
-254 -700
-254 487
-254 -946
-254 -994
-254 -211
-254 -979
-254 308
-254 -987
-254 -449
-254 487
-254 910
-254 418
-254 -958
-254 -866
-254 -405
-254 407
-254 -38
-254 -1000
-254 -109
-254 -44
-254 -109
-254 -973
-254 -123
-254 -744
-254 -48
-254 312
-254 382
-254 -253
-254 475
-254 -704
-254 -676
-254 -80
-254 684
-254 -202
-254 197
-254 602
-254 372
-254 -525
-254 -429
-254 957
-254 -48
-254 145
-254 -758
-254 759
-254 -9
-254 -522
-254 291
-254 871
-254 -687
-254 -763
-254 949
-254 -482
-254 72
-254 -652
-254 691
-254 794
-254 712
-254 872
-254 216
-254 458
-254 847
-254 -496
-254 -669
-254 90
-254 -684
-254 432
-254 276
-254 612
-254 261
-254 916
-254 -581
-254 -607
-254 270
-254 -408
-254 -548
-254 -947
-254 -833
-254 -823
-254 634
-254 143
-254 -466
-254 -324
-254 504
-254 -38
-254 -274
-254 -918
-254 -312
-254 -106
-254 -486
-254 883
-254 -206
-254 -381
-254 745
-254 797
-254 -495
-254 -819
-254 416
-254 358
-254 -123
-254 224
-254 988
-254 -385
-254 -427
-254 944
-254 -536
-254 319
-254 130
-254 -808
-254 -920
-254 31
-254 921
-254 190
-254 -93
-254 -51
-254 -688
-254 166
-254 -347
-254 767
-254 397
-254 168
-254 -511
-254 569
-254 964
-254 299
-254 -668
-254 -9
-254 20
-254 676
-254 -458
-254 -490
-254 481
-254 -174
-254 -729
-254 -233
-254 262
-254 -552
-254 775
-254 -528
-254 -667
-254 -641
-254 -60
-254 -351
-254 -897
-254 132
-254 359
-254 808
-254 -368
-254 357
-254 -673
-254 925
-254 330
-254 -484
-254 497
-254 -412
-254 218
-254 792
-254 -483
-254 -173
-254 -429
-254 335
-254 -370
-254 373
-254 -724
-254 -158
-254 399
-254 -501
-254 -344
-254 -554
-254 -39
-254 -475
-254 -39
-254 296
-254 -528
-254 -265
-254 983
-254 -610
-254 -219
-254 -567
-254 -801
-254 740
-254 -125
-254 58
-254 103
-254 364
-254 419
-254 432
-254 -176
-254 -786
-254 -525
-254 -142
-254 -233
-254 868
-254 742
-254 -763
-254 203
-254 -19
-254 -959
-254 822
-254 324
-254 236
-254 -739
-254 -994
-254 -773
-254 -833
-254 -938
-254 486
-254 677
-254 780
-254 65
-254 -382
-254 390
-254 742
-254 787
-254 10
-254 965
-254 -796
-254 -127
-254 -564
-254 -817
-254 -696
-254 122
-254 -231
-254 38
-254 -831
-254 -566
-254 192
-254 314
-254 -460
-254 -100
-254 954
