4110
905 -915
905 -173
905 499
905 -916
905 -568
905 -720
905 -300
905 721
905 -869
905 16
905 732
905 -11
905 144
905 550
905 105
905 -440
905 104
905 -165
905 -312
905 -70
905 -526
905 642
905 -288
905 527
905 -225
905 510
905 697
905 958
905 799
905 -904
905 -400
905 -64
905 -788
905 -722
905 -53
905 714
905 370
905 -31
905 -652
905 23
905 657
905 82
905 528
905 -696
905 -737
905 411
905 476
905 343
905 824
905 774
905 391
905 862
905 -405
905 -502
905 719
905 780
905 709
905 -56
905 -855
905 436
905 698
905 -993
905 810
905 -93
905 -369
905 102
905 -776
905 48
905 210
905 -478
905 518
905 314
905 -404
905 756
905 -1
905 -998
905 -131
905 118
905 551
905 -343
905 -305
905 -233
905 -285
905 -810
905 -629
905 951
905 -789
905 823
905 209
905 263
905 563
905 -110
905 908
905 -278
905 981
905 494
905 -920
905 930
905 -194
905 855
905 990
905 655
905 250
905 101
905 985
905 -47
905 -981
905 -585
905 -437
905 -941
905 -430
905 120
905 628
905 -489
905 -446
905 -455
905 965
905 -65
905 571
905 897
905 198
905 -469
905 873
905 524
905 -996
905 -632
905 -33
905 -402
905 858
905 -872
905 -770
905 272
905 -130
905 682
905 357
905 410
905 454
905 -245
905 -431
905 -653
905 178
905 329
905 -614
905 -486
905 345
905 787
905 671
905 273
905 903
905 718
905 654
905 -106
905 162
905 661
905 -860
905 246
905 781
905 143
905 -269
905 -451
905 -958
905 988
905 -518
905 -312
905 -56
905 365
905 556
905 -636
905 446
905 135
905 61
905 -553
905 564
905 -520
905 516
905 835
905 807
905 383
905 -821
905 898
905 962
905 -431
905 382
905 -793
905 -22
905 -883
905 -7
905 213
905 -472
905 681
905 -342
905 682
905 340
905 946
905 518
905 -567
905 497
905 -464
905 -374
905 -395
905 83
905 -453
905 32
905 -235
905 623
905 857
905 -570
905 235
905 696
905 -200
905 -630
905 563
905 750
905 -807
905 -986
905 -85
905 204
905 -441
905 -359
905 935
905 280
905 920
905 588
905 759
905 520
905 -451
905 -640
905 694
905 -119
905 679
905 13
905 -800
905 500
905 -623
905 -998
905 -174
905 -270
905 924
905 -286
905 -710
905 -160
905 866
905 -894
905 -92
905 55
905 -544
905 428
905 651
905 751
905 -569
905 434
905 625
905 956
905 439
905 57
905 397
905 991
905 -351
905 -202
905 -58
905 22
905 14
905 31
905 -282
905 89
905 470
905 612
905 226
905 -581
905 -583
905 15
905 579
905 -808
905 -352
905 -870
905 -704
905 518
905 874
905 -354
905 99
905 -436
905 706
905 -903
905 -829
905 -797
905 -901
905 -964
905 -617
905 49
905 -44
905 309
905 -240
905 476
905 -168
905 -400
905 146
905 853
905 -378
905 584
905 -474
905 -452
905 -872
905 553
905 34
905 -739
905 237
905 95
905 164
905 -713
905 175
905 -163
905 -74
905 336
905 681
905 983
905 -579
905 216
905 -37
905 253
905 551
905 49
905 118
905 -684
905 -28
905 456
905 -988
905 791
905 360
905 453
905 -791
905 -320
905 -562
905 482
905 -931
905 -840
905 -41
905 -238
905 120
905 -498
905 -616
905 -193
905 669
905 -438
905 -671
905 -715
905 -922
905 -281
905 449
905 571
905 -828
905 317
905 472
905 -998
905 -266
905 -573
905 215
905 -616
905 417
905 42
905 532
905 893
905 -463
905 -851
905 794
905 93
905 365
905 -577
905 298
905 -845
905 79
905 656
905 841
905 457
905 709
905 534
905 -999
905 851
905 -40
905 -656
905 647
905 608
905 -53
905 981
905 -873
905 228
905 -923
905 -351
905 -422
905 -820
905 753
905 377
905 101
905 -659
905 76
905 413
905 -937
905 676
905 -546
905 547
905 -965
905 -636
905 -149
905 316
905 -47
905 699
905 -813
905 -708
905 -902
905 -669
905 -129
905 654
905 -529
905 -933
905 933
905 -564
905 -338
905 -859
905 -62
905 -325
905 544
905 -983
905 760
905 -793
905 519
905 -691
905 662
905 -926
905 -849
905 761
905 274
905 -212
905 299
905 -328
905 -189
905 954
905 -796
905 479
905 -570
905 553
905 652
905 35
905 -25
905 224
905 -516
905 -88
905 -494
905 247
905 505
905 911
905 -326
905 -663
905 -517
905 -392
905 -448
905 284
905 616
905 -607
905 457
905 -710
905 -899
905 682
905 -323
905 -705
905 996
905 -447
905 -684
905 -735
905 314
905 -437
905 -759
905 -725
905 727
905 -137
905 57
905 266
905 657
905 112
905 143
905 -15
905 310
905 -24
905 533
905 -921
905 -299
905 340
905 -776
905 233
905 371
905 -588
905 604
905 991
905 -42
905 -536
905 -360
905 287
905 -565
905 797
905 993
905 -895
905 427
905 -213
905 -547
905 238
905 43
905 -678
905 455
905 -853
905 -760
905 -568
905 -603
905 -790
905 506
905 -741
905 359
905 -918
905 24
905 509
905 18
905 -263
905 966
905 68
905 561
905 -19
905 -576
905 24
905 -324
905 -658
905 980
905 271
905 220
905 -366
905 58
905 466
905 805
905 315
905 630
905 -965
905 -499
905 -700
905 -560
905 726
905 546
905 364
905 -874
905 -986
905 -347
905 -462
905 -993
905 -301
905 522
905 526
905 -604
905 -97
905 996
905 -31
905 143
905 -28
905 646
905 -384
905 184
905 -370
905 850
905 6
905 357
905 357
905 336
905 260
905 719
905 -867
905 -443
905 -376
905 -940
905 -223
905 477
905 -549
905 890
905 879
905 -716
905 189
905 225
905 -859
905 -579
905 -256
905 622
905 -428
905 632
905 613
905 967
905 -372
905 338
905 -829
905 -378
905 92
905 -595
905 583
905 571
905 -654
905 -30
905 -784
905 -429
905 939
905 99
905 367
905 280
905 336
905 463
905 -460
905 -908
905 -423
905 -864
905 -645
905 -208
905 103
905 -943
905 966
905 915
905 290
905 -274
905 -209
905 205
905 -52
905 794
905 617
905 723
905 -23
905 61
905 443
905 68
905 234
905 785
905 -453
905 -419
905 943
905 -568
905 755
905 -665
905 462
905 -616
905 -727
905 -497
905 -529
905 80
905 721
905 785
905 598
905 468
905 -679
905 545
905 420
905 -715
905 973
905 -220
905 -896
905 -865
905 -733
905 -93
905 -325
905 154
905 -595
905 785
905 -292
905 -713
905 404
905 -543
905 -783
905 -294
905 351
905 -864
905 -253
905 -604
905 -426
905 -863
905 187
905 -729
905 78
905 -604
905 -443
905 -706
905 534
905 899
905 475
905 853
905 523
905 300
905 -552
905 51
905 -748
905 897
905 331
905 -411
905 237
905 -539
905 344
905 -883
905 95
905 -935
905 -134
905 -109
905 -795
905 -255
905 461
905 -942
905 -966
905 -737
905 -989
905 -869
905 -662
905 897
905 -941
905 -324
905 -389
905 408
905 -132
905 955
905 -904
905 -399
905 -153
905 -515
905 137
905 -908
905 360
905 860
905 771
905 978
905 286
905 856
905 502
905 -58
905 798
905 390
905 963
905 616
905 -191
905 278
905 -275
905 -839
905 -976
905 277
905 -190
905 -393
905 131
905 -234
905 -67
905 -303
905 -325
905 -922
905 43
905 707
905 -53
905 -336
905 345
905 338
905 -802
905 -381
905 755
905 -917
905 -864
905 -7
905 -980
905 720
905 -320
905 -940
905 -867
905 270
905 -401
905 610
905 964
905 -22
905 -978
905 -529
905 -101
905 -276
905 774
905 -660
905 418
905 -27
905 -426
905 957
905 811
905 -487
905 -510
905 367
905 524
905 -415
905 157
905 625
905 261
905 997
905 -315
905 -632
905 -310
905 591
905 595
905 -629
905 -552
905 -503
905 -308
905 856
905 357
905 845
905 -264
905 705
905 -831
905 523
905 169
905 156
905 -267
905 712
905 -423
905 -682
905 704
905 -346
905 565
905 949
905 134
905 -749
905 -562
905 -422
905 -253
905 -472
905 665
905 185
905 224
905 -10
905 478
905 -799
905 26
905 37
905 683
905 542
905 -515
905 -72
905 822
905 -293
905 430
905 357
905 -716
905 652
905 726
905 -3
905 -563
905 28
905 258
905 -971
905 -643
905 -455
905 257
905 489
905 -171
905 912
905 537
905 479
905 -270
905 79
905 116
905 263
905 404
905 4
905 -565
905 529
905 -839
905 -169
905 -836
905 492
905 -567
905 -180
905 814
905 379
905 595
905 753
905 339
905 -519
905 197
905 -258
905 653
905 850
905 976
905 246
905 -959
905 279
905 -505
905 60
905 -199
905 663
905 -672
905 -859
905 534
905 487
905 888
905 995
905 311
905 -604
905 -469
905 949
905 -686
905 -601
905 -856
905 775
905 551
905 527
905 -696
905 -927
905 193
905 -785
905 899
905 -998
905 -766
905 902
905 -882
905 -175
905 360
905 -147
905 190
905 23
905 -133
905 892
905 721
905 -957
905 635
905 -169
905 -873
905 651
905 420
905 47
905 789
905 657
905 185
905 83
905 -507
905 -912
905 694
905 796
905 368
905 -569
905 -567
905 770
905 -111
905 358
905 553
905 546
905 724
905 295
905 -831
905 974
905 30
905 204
905 -595
905 72
905 495
905 388
905 405
905 479
905 -492
905 314
905 -974
905 -296
905 293
905 771
905 607
905 907
905 -799
905 288
905 932
905 -817
905 835
905 864
905 -789
905 899
905 833
905 -334
905 794
905 -974
905 289
905 197
905 -75
905 588
905 -543
905 -32
905 -549
905 446
905 455
905 -363
905 -439
905 344
905 947
905 629
905 -750
905 -694
905 360
905 -472
905 182
905 62
905 -829
905 106
905 -274
905 443
905 806
905 -732
905 488
905 -583
905 307
905 -214
905 -824
905 -571
905 -913
905 603
905 99
905 136
905 -570
905 236
905 22
905 542
905 -718
905 534
905 44
905 -642
905 95
905 -392
905 717
905 -300
905 -828
905 685
905 141
905 -311
905 -94
905 486
905 176
905 -534
905 742
905 660
905 -277
905 399
905 -479
905 -302
905 -169
905 198
905 -684
905 -228
905 706
905 -970
905 181
905 819
905 414
905 943
905 81
905 398
905 138
905 154
905 -555
905 -620
905 -980
905 191
905 -826
905 744
905 -596
905 116
905 -971
905 781
905 -687
905 837
905 -368
905 240
905 715
905 74
905 575
905 516
905 -632
905 -140
905 42
905 -680
905 -577
905 907
905 391
905 633
905 -677
905 -175
905 748
905 910
905 353
905 -834
905 711
905 164
905 930
905 -696
905 -974
905 -576
905 -425
905 -828
905 922
905 -123
905 -683
905 -21
905 2
905 -966
905 320
905 393
905 -711
905 -905
905 435
905 -722
905 -844
905 -471
905 670
905 289
905 -266
905 -886
905 -238
905 358
905 638
905 -486
905 -537
905 -767
905 -381
905 919
905 -806
905 386
905 777
905 -207
905 510
905 -997
905 -359
905 -276
905 202
905 -830
905 369
905 -911
905 -352
905 690
905 -469
905 -125
905 -794
905 621
905 847
905 -699
905 656
905 244
905 -958
905 313
905 553
905 -112
905 -147
905 -587
905 503
905 -477
905 -6
905 -248
905 907
905 622
905 49
905 257
905 354
905 -9
905 790
905 -486
905 -468
905 512
905 63
905 269
905 228
905 498
905 498
905 856
905 829
905 935
905 358
905 -367
905 901
905 -789
905 -316
905 -4
905 -625
905 86
905 -534
905 -807
905 -54
905 782
905 823
905 -807
905 -395
905 -418
905 982
905 371
905 -719
905 -594
905 -62
905 60
905 846
905 342
905 312
905 -884
905 356
905 -961
905 -662
905 -992
905 103
905 985
905 539
905 -487
905 848
905 180
905 -526
905 327
905 -780
905 552
905 -727
905 481
905 -344
905 211
905 304
905 93
905 -265
905 48
905 -551
905 895
905 -98
905 764
905 27
905 -715
905 327
905 -570
905 -60
905 619
905 562
905 -769
905 764
905 -564
905 -480
905 -487
905 -728
905 544
905 -628
905 717
905 180
905 -414
905 -619
905 104
905 -174
905 243
905 -239
905 -773
905 -411
905 -507
905 472
905 -535
905 839
905 -649
905 904
905 -605
905 -678
905 -492
905 710
905 -204
905 -195
905 -598
905 508
905 233
905 189
905 523
905 917
905 551
905 596
905 -701
905 -246
905 872
905 914
905 -212
905 -692
905 -554
905 -546
905 -763
905 -461
905 -719
905 48
905 909
905 145
905 193
905 -819
905 -768
905 -273
905 -563
905 -674
905 -894
905 -275
905 167
905 159
905 69
905 8
905 214
905 -50
905 1
905 836
905 644
905 -123
905 -842
905 -896
905 -820
905 264
905 -617
905 -802
905 -565
905 443
905 847
905 -364
905 -180
905 -355
905 427
905 344
905 306
905 -546
905 -887
905 396
905 460
905 28
905 -656
905 -889
905 -165
905 -940
905 -62
905 57
905 -28
905 48
905 -24
905 746
905 263
905 244
905 -244
905 515
905 -953
905 414
905 325
905 289
905 -276
905 857
905 -848
905 330
905 295
905 536
905 958
905 -164
905 664
905 107
905 673
905 -607
905 508
905 -827
905 -523
905 297
905 -193
905 -673
905 -144
905 -626
905 496
905 459
905 147
905 -61
905 -771
905 551
905 846
905 791
905 -207
905 148
905 352
905 -206
905 926
905 665
905 -456
905 -410
905 -380
905 642
905 -32
905 -219
905 239
905 -828
905 91
905 104
905 -626
905 106
905 967
905 -976
905 -599
905 -250
905 -708
905 -617
905 803
905 -594
905 834
905 -746
905 -187
905 -307
905 -327
905 -753
905 676
905 -769
905 885
905 -971
905 584
905 763
905 -818
905 -439
905 103
905 -648
905 735
905 880
905 245
905 -28
905 521
905 -708
905 812
905 487
905 -795
905 660
905 -532
905 -824
905 435
905 818
905 946
905 547
905 670
905 123
905 -300
905 -984
905 -659
905 -904
905 -507
905 -968
905 -351
905 979
905 -210
905 -247
905 -856
905 367
905 -40
905 -77
905 699
905 -520
905 478
905 208
905 -315
905 -557
905 -927
905 -739
905 -368
905 -571
905 -672
905 -367
905 -268
905 -56
905 594
905 372
905 -416
905 -678
905 -760
905 814
905 714
905 -391
905 -369
905 -313
905 516
905 -801
905 -832
905 -128
905 -708
905 117
905 -243
905 -931
905 -277
905 -854
905 658
905 -629
905 -474
905 713
905 427
905 -88
905 721
905 -457
905 -844
905 316
905 -705
905 56
905 667
905 -896
905 -832
905 219
905 -67
905 -146
905 514
905 -407
905 -890
905 749
905 -904
905 -809
905 -567
905 777
905 841
905 -525
905 541
905 -539
905 524
905 201
905 -757
905 690
905 -429
905 955
905 -802
905 -708
905 288
905 -137
905 -241
905 570
905 -920
905 737
905 -553
905 -351
905 372
905 -276
905 -350
905 -447
905 -724
905 -495
905 -511
905 -321
905 -114
905 -27
905 -283
905 931
905 628
905 389
905 -49
905 -877
905 342
905 778
905 -764
905 -253
905 972
905 478
905 -444
905 -4
905 -119
905 756
905 501
905 -989
905 -55
905 862
905 -98
905 -877
905 412
905 -537
905 831
905 755
905 805
905 997
905 -389
905 -895
905 16
905 -700
905 -924
905 -48
905 377
905 850
905 -14
905 -710
905 265
905 -235
905 -523
905 -878
905 854
905 -660
905 -65
905 589
905 -277
905 249
905 -387
905 -929
905 991
905 -25
905 142
905 -123
905 898
905 294
905 543
905 -350
905 268
905 382
905 -246
905 316
905 304
905 560
905 842
905 -7
905 -37
905 -813
905 686
905 10
905 -40
905 192
905 -15
905 -448
905 589
905 778
905 973
905 470
905 612
905 205
905 822
905 -248
905 -332
905 573
905 623
905 -794
905 -785
905 -958
905 931
905 -25
905 -924
905 -340
905 661
905 -331
905 802
905 -386
905 13
905 440
905 -316
905 -690
905 -53
905 -218
905 -178
905 -940
905 -986
905 672
905 -764
905 -17
905 76
905 273
905 -798
905 -42
905 -438
905 -994
905 -282
905 -517
905 -913
905 -250
905 -910
905 -985
905 -715
905 212
905 987
905 -742
905 538
905 3
905 -307
905 0
905 -319
905 423
905 695
905 940
905 165
905 373
905 596
905 -495
905 141
905 867
905 -562
905 909
905 -591
905 -590
905 -195
905 -345
905 -285
905 -267
905 565
905 252
905 292
905 -20
905 -496
905 -829
905 305
905 -470
905 -468
905 -142
905 -112
905 -477
905 477
905 179
905 -436
905 881
905 97
905 -547
905 935
905 -904
905 -61
905 -838
905 406
905 254
905 635
905 100
905 753
905 -794
905 353
905 -308
905 810
905 820
905 352
905 -463
905 179
905 -869
905 -538
905 -144
905 242
905 873
905 -176
905 231
905 430
905 -365
905 579
905 304
905 -58
905 854
905 517
905 863
905 -338
905 -368
905 214
905 -921
905 368
905 601
905 -399
905 41
905 136
905 312
905 -736
905 327
905 461
905 -424
905 -411
905 -721
905 964
905 -199
905 -786
905 702
905 -614
905 -395
905 344
905 -726
905 -878
905 -718
905 528
905 804
905 -38
905 -334
905 -423
905 960
905 -245
905 866
905 251
905 395
905 524
905 -920
905 -579
905 810
905 -886
905 273
905 125
905 -933
905 289
905 -805
905 413
905 190
905 -134
905 -522
905 -351
905 -788
905 -279
905 -916
905 938
905 284
905 57
905 706
905 -218
905 -694
905 -521
905 36
905 207
905 332
905 545
905 -760
905 859
905 861
905 -523
905 -950
905 -432
905 -243
905 -661
905 -17
905 968
905 -362
905 -529
905 -472
905 -684
905 517
905 -524
905 86
905 -897
905 985
905 -914
905 898
905 -296
905 49
905 -351
905 -565
905 -812
905 443
905 211
905 -952
905 635
905 -535
905 -592
905 -736
905 -218
905 63
905 -138
905 -299
905 533
905 27
905 -384
905 823
905 523
905 71
905 947
905 -509
905 210
905 -924
905 137
905 950
905 503
905 -980
905 367
905 -395
905 -792
905 -999
905 688
905 982
905 -215
905 369
905 -132
905 353
905 -981
905 69
905 757
905 -718
905 -281
905 823
905 -194
905 169
905 677
905 72
905 807
905 -409
905 862
905 541
905 823
905 -220
905 45
905 988
905 497
905 627
905 -777
905 -116
905 -25
905 -437
905 -125
905 -589
905 -134
905 291
905 -164
905 -522
905 562
905 170
905 990
905 -975
905 394
905 -253
905 -421
905 593
905 -894
905 384
905 319
905 819
905 -138
905 739
905 -153
905 57
905 -145
905 639
905 -421
905 925
905 437
905 -262
905 -663
905 621
905 -84
905 -942
905 477
905 21
905 -39
905 311
905 -624
905 -120
905 574
905 178
905 -370
905 55
905 861
905 -940
905 322
905 96
905 -613
905 -814
905 512
905 434
905 908
905 258
905 -600
905 147
905 -88
905 683
905 381
905 -409
905 630
905 963
905 217
905 -282
905 814
905 -324
905 561
905 -389
905 -198
905 -328
905 -197
905 -46
905 -409
905 -154
905 -19
905 -552
905 -483
905 -749
905 722
905 60
905 458
905 596
905 -289
905 -769
905 -583
905 -246
905 763
905 140
905 865
905 50
905 -608
905 730
905 -651
905 -316
905 733
905 567
905 -280
905 999
905 972
905 -932
905 -805
905 736
905 960
905 -753
905 -158
905 566
905 672
905 929
905 -850
905 -242
905 -656
905 241
905 -570
905 -255
905 -245
905 -996
905 -494
905 788
905 -415
905 423
905 -901
905 624
905 -566
905 135
905 -172
905 -668
905 -566
905 -73
905 -810
905 -831
905 783
905 16
905 -363
905 -570
905 -881
905 137
905 694
905 64
905 543
905 -29
905 547
905 700
905 -288
905 266
905 -692
905 226
905 -891
905 -715
905 883
905 578
905 -356
905 886
905 -693
905 -391
905 618
905 -701
905 772
905 703
905 -520
905 62
905 833
905 443
905 -341
905 893
905 300
905 -237
905 745
905 -702
905 -727
905 -900
905 -22
905 -832
905 -177
905 -711
905 791
905 -750
905 -712
905 896
905 57
905 673
905 -900
905 -935
905 -735
905 -273
905 660
905 -805
905 -576
905 509
905 101
905 -16
905 581
905 -22
905 182
905 -718
905 125
905 -24
905 -17
905 -490
905 576
905 404
905 847
905 444
905 758
905 -818
905 -384
905 120
905 -744
905 -757
905 40
905 -392
905 388
905 -847
905 -602
905 -208
905 -106
905 528
905 -135
905 46
905 248
905 440
905 991
905 82
905 135
905 -219
905 593
905 7
905 658
905 -226
905 613
905 -24
905 -895
905 -516
905 42
905 -718
905 634
905 676
905 -694
905 -636
905 -911
905 -966
905 657
905 197
905 -459
905 -53
905 914
905 799
905 719
905 -784
905 -242
905 -224
905 148
905 17
905 107
905 -181
905 -382
905 620
905 -57
905 -104
905 -56
905 589
905 594
905 916
905 272
905 595
905 -351
905 349
905 885
905 16
905 502
905 -329
905 186
905 -203
905 566
905 977
905 -220
905 -846
905 470
905 453
905 -632
905 -817
905 -713
905 787
905 789
905 -972
905 -107
905 810
905 -746
905 3
905 -156
905 -623
905 -224
905 62
905 -377
905 217
905 -635
905 356
905 -479
905 -629
905 604
905 -57
905 -321
905 333
905 -751
905 -706
905 -744
905 783
905 982
905 347
905 780
905 79
905 186
905 -295
905 52
905 -698
905 -678
905 -924
905 326
905 568
905 279
905 -611
905 283
905 -371
905 -273
905 376
905 27
905 -88
905 241
905 688
905 -900
905 792
905 362
905 -493
905 496
905 -410
905 -652
905 -57
905 800
905 508
905 -56
905 -396
905 -126
905 123
905 -500
905 -948
905 -609
905 364
905 -285
905 376
905 -915
905 740
905 -442
905 457
905 240
905 145
905 910
905 -239
905 781
905 25
905 599
905 549
905 -783
905 731
905 459
905 -53
905 -186
905 81
905 -609
905 -909
905 -461
905 -205
905 895
905 -671
905 -847
905 587
905 -722
905 -745
905 968
905 473
905 356
905 508
905 446
905 -434
905 953
905 977
905 961
905 888
905 -745
905 -270
905 342
905 1
905 395
905 200
905 936
905 -809
905 805
905 -24
905 -667
905 -893
905 -767
905 272
905 -322
905 -739
905 900
905 -943
905 653
905 899
905 994
905 361
905 -408
905 835
905 -539
905 -756
905 -661
905 -265
905 -953
905 -99
905 -803
905 153
905 -928
905 -471
905 908
905 -998
905 -117
905 765
905 97
905 728
905 -730
905 -516
905 -886
905 -327
905 266
905 -27
905 -243
905 -158
905 -666
905 941
905 -14
905 -40
905 837
905 40
905 -664
905 693
905 -506
905 -968
905 838
905 900
905 336
905 740
905 893
905 -710
905 -863
905 -440
905 -60
905 754
905 -220
905 -845
905 636
905 562
905 -933
905 833
905 623
905 -63
905 -591
905 -49
905 -585
905 350
905 382
905 90
905 809
905 -167
905 -31
905 -889
905 -662
905 616
905 986
905 -524
905 -798
905 -859
905 -817
905 -780
905 233
905 570
905 -679
905 274
905 -294
905 494
905 -5
905 -442
905 44
905 804
905 -786
905 649
905 633
905 -875
905 -633
905 56
905 -984
905 -601
905 -47
905 -409
905 233
905 -327
905 856
905 497
905 -207
905 -113
905 102
905 -794
905 -218
905 -226
905 285
905 -966
905 -150
905 -98
905 965
905 -877
905 -357
905 -31
905 431
905 0
905 878
905 -919
905 -107
905 419
905 769
905 -334
905 -214
905 672
905 112
905 938
905 266
905 -604
905 -537
905 826
905 -359
905 -97
905 -960
905 -832
905 393
905 610
905 -21
905 -592
905 -575
905 -870
905 -660
905 -923
905 -703
905 110
905 -858
905 -204
905 723
905 -328
905 660
905 836
905 -625
905 635
905 -922
905 398
905 331
905 -256
905 307
905 -530
905 -205
905 366
905 544
905 809
905 -157
905 -123
905 -914
905 -14
905 494
905 -491
905 -128
905 165
905 -900
905 -180
905 992
905 446
905 -726
905 -399
905 -518
905 606
905 617
905 15
905 -653
905 547
905 983
905 308
905 -790
905 -155
905 855
905 89
905 -954
905 543
905 314
905 -602
905 14
905 127
905 -879
905 133
905 -332
905 293
905 -116
905 493
905 988
905 45
905 -4
905 -357
905 -930
905 -20
905 -60
905 250
905 179
905 458
905 277
905 28
905 826
905 -796
905 -591
905 -979
905 -990
905 -213
905 512
905 195
905 958
905 -35
905 -250
905 194
905 -519
905 -703
905 28
905 -364
905 -97
905 107
905 160
905 -905
905 148
905 241
905 234
905 -357
905 -605
905 842
905 885
905 789
905 -881
905 -37
905 -182
905 -136
905 -537
905 -382
905 -997
905 503
905 143
905 -958
905 754
905 -557
905 622
905 183
905 913
905 -814
905 -920
905 946
905 70
905 -578
905 -662
905 438
905 -364
905 -580
905 -897
905 825
905 -334
905 160
905 202
905 -763
905 146
905 -337
905 23
905 -920
905 591
905 -388
905 474
905 -933
905 -375
905 259
905 605
905 830
905 -967
905 -562
905 -780
905 685
905 -180
905 -392
905 163
905 -727
905 -905
905 359
905 -508
905 97
905 -525
905 661
905 769
905 585
905 785
905 -68
905 778
905 866
905 159
905 -378
905 -259
905 -112
905 391
905 13
905 -734
905 259
905 -129
905 -610
905 63
905 855
905 -491
905 -521
905 -359
905 668
905 699
905 222
905 745
905 831
905 267
905 -321
905 -416
905 -60
905 -945
905 -572
905 905
905 -48
905 443
905 -85
905 108
905 199
905 -820
905 -642
905 -770
905 -973
905 -164
905 -835
905 201
905 -938
905 181
905 -273
905 -210
905 -739
905 -851
905 -988
905 -2
905 895
905 -330
905 -819
905 -67
905 456
905 -322
905 -424
905 -610
905 983
905 139
905 -915
905 95
905 455
905 -902
905 -942
905 -224
905 267
905 -632
905 -779
905 -430
905 382
905 -49
905 174
905 723
905 435
905 -769
905 -926
905 35
905 502
905 -271
905 101
905 558
905 -887
905 -240
905 962
905 756
905 -42
905 580
905 -460
905 -991
905 75
905 -858
905 43
905 994
905 321
905 79
905 -66
905 -893
905 -528
905 443
905 -498
905 -523
905 -706
905 -107
905 -5
905 468
905 -61
905 -23
905 264
905 -408
905 712
905 -938
905 207
905 374
905 348
905 121
905 -453
905 -46
905 -768
905 -136
905 -420
905 -371
905 -303
905 968
905 -310
905 92
905 -80
905 -491
905 631
905 786
905 -423
905 -511
905 74
905 201
905 165
905 -185
905 -111
905 828
905 -245
905 435
905 890
905 598
905 644
905 283
905 -37
905 -84
905 622
905 373
905 -34
905 503
905 -619
905 -281
905 -882
905 379
905 -808
905 623
905 -732
905 178
905 204
905 535
905 65
905 -689
905 -100
905 -715
905 -7
905 33
905 710
905 -679
905 -1
905 -381
905 -359
905 93
905 -502
905 161
905 -254
905 -455
905 832
905 -28
905 -632
905 -387
905 -951
905 734
905 -355
905 84
905 379
905 -15
905 -405
905 -665
905 -754
905 686
905 -239
905 -378
905 338
905 368
905 -662
905 906
905 -553
905 -874
905 782
905 267
905 -237
905 760
905 40
905 315
905 583
905 -793
905 523
905 573
905 530
905 998
905 -508
905 -545
905 552
905 -721
905 168
905 759
905 217
905 -20
905 -683
905 -476
905 -763
905 186
905 -992
905 869
905 451
905 -25
905 -856
905 -771
905 -643
905 -303
905 504
905 -523
905 -741
905 -980
905 926
905 -230
905 -549
905 243
905 -414
905 601
905 -589
905 114
905 200
905 220
905 -540
905 637
905 -270
905 -574
905 849
905 875
905 69
905 318
905 100
905 -9
905 -10
905 568
905 925
905 -149
905 -991
905 735
905 836
905 830
905 995
905 452
905 169
905 243
905 606
905 591
905 -300
905 189
905 -681
905 -240
905 704
905 816
905 390
905 -575
905 166
905 -803
905 599
905 -643
905 616
905 -24
905 -586
905 -312
905 224
905 223
905 795
905 641
905 -72
905 -371
905 -419
905 -430
905 -475
905 -144
905 183
905 -616
905 593
905 796
905 950
905 -294
905 100
905 655
905 658
905 477
905 51
905 826
905 582
905 82
905 -171
905 -919
905 -110
905 -373
905 -687
905 -645
905 -709
905 183
905 -261
905 807
905 -77
905 358
905 -293
905 630
905 -488
905 -233
905 705
905 -649
905 411
905 -252
905 359
905 -743
905 429
905 -599
905 -474
905 -263
905 -270
905 -947
905 797
905 128
905 -669
905 -136
905 693
905 948
905 329
905 -954
905 693
905 934
905 -838
905 378
905 807
905 -478
905 977
905 433
905 982
905 793
905 154
905 -107
905 430
905 737
905 389
905 -649
905 700
905 812
905 525
905 -248
905 520
905 392
905 -588
905 836
905 -511
905 842
905 529
905 -400
905 -300
905 -221
905 -935
905 52
905 904
905 -172
905 363
905 530
905 426
905 813
905 -902
905 -865
905 -116
905 -57
905 165
905 21
905 -926
905 -694
905 806
905 462
905 530
905 585
905 43
905 -980
905 806
905 -180
905 443
905 -757
905 -19
905 763
905 669
905 200
905 -581
905 -982
905 429
905 -840
905 716
905 214
905 -489
905 470
905 -665
905 -320
905 965
905 811
905 -312
905 -455
905 426
905 -336
905 -753
905 -831
905 841
905 -55
905 941
905 452
905 -719
905 371
905 58
905 -783
905 -28
905 275
905 816
905 712
905 424
905 839
905 -726
905 -513
905 152
905 925
905 300
905 577
905 -986
905 552
905 357
905 -913
905 229
905 -777
905 -369
905 -972
905 936
905 989
905 113
905 -523
905 31
905 973
905 -481
905 605
905 -647
905 -915
905 -206
905 33
905 609
905 -71
905 -633
905 -455
905 -390
905 -433
905 -753
905 841
905 -960
905 566
905 -394
905 -921
905 -872
905 563
905 -527
905 623
905 693
905 -10
905 -925
905 934
905 -343
905 868
905 752
905 301
905 54
905 539
905 445
905 -187
905 -657
905 -104
905 -28
905 -563
905 -279
905 528
905 684
905 -880
905 -529
905 178
905 784
905 224
905 432
905 804
905 73
905 890
905 401
905 -810
905 -112
905 397
905 -748
905 823
905 -710
905 -563
905 811
905 235
905 -501
905 -45
905 710
905 546
905 665
905 1
905 536
905 -150
905 381
905 267
905 25
905 -875
905 82
905 -312
905 470
905 133
905 -698
905 247
905 962
905 -734
905 -772
905 953
905 -331
905 999
905 767
905 475
905 -14
905 673
905 -861
905 -254
905 314
905 -996
905 -519
905 568
905 981
905 740
905 857
905 590
905 -291
905 -653
905 527
905 -609
905 481
905 814
905 -679
905 338
905 -856
905 676
905 -181
905 802
905 643
905 -75
905 -503
905 780
905 925
905 656
905 694
905 775
905 432
905 -459
905 116
905 59
905 -503
905 -683
905 -161
905 -117
905 -483
905 877
905 400
905 570
905 920
905 698
905 -308
905 940
905 455
905 -205
905 -212
905 950
905 455
905 943
905 -892
905 -608
905 221
905 -119
905 -828
905 -257
905 592
905 -131
905 -780
905 -449
905 691
905 -456
905 -454
905 -981
905 -572
905 -514
905 -747
905 -850
905 357
905 442
905 534
905 -250
905 641
905 50
905 -52
905 104
905 577
905 200
905 751
905 -600
905 -488
905 -177
905 706
905 817
905 59
905 -776
905 706
905 -295
905 143
905 423
905 480
905 -961
905 -447
905 -548
905 646
905 838
905 -826
905 928
905 -161
905 -25
905 59
905 9
905 949
905 931
905 -685
905 -931
905 -621
905 321
905 509
905 -536
905 419
905 -545
905 251
905 671
905 134
905 -319
905 -882
905 947
905 644
905 -533
905 74
905 520
905 407
905 -779
905 8
905 -218
905 66
905 794
905 -223
905 -202
905 -849
905 -169
905 -104
905 -228
905 835
905 758
905 805
905 -758
905 653
905 2
905 271
905 -65
905 -945
905 -608
905 860
905 719
905 672
905 155
905 698
905 -780
905 130
905 368
905 836
905 -219
905 -283
905 823
905 -826
905 -176
905 -750
905 -122
905 -108
905 311
905 148
905 -686
905 -695
905 652
905 -557
905 -358
905 650
905 -346
905 -45
905 318
905 834
905 192
905 -756
905 -677
905 -970
905 -55
905 -290
905 -943
905 -56
905 768
905 234
905 681
905 -869
905 -535
905 829
905 -414
905 416
905 -589
905 -962
905 152
905 210
905 -876
905 868
905 -348
905 45
905 -107
905 -995
905 -894
905 294
905 -930
905 -175
905 -703
905 -302
905 -996
905 982
905 608
905 -902
905 -347
905 765
905 631
905 379
905 736
905 415
905 422
905 833
905 -311
905 428
905 528
905 -853
905 862
905 94
905 -810
905 -77
905 301
905 -54
905 413
905 486
905 -803
905 777
905 -994
905 428
905 -403
905 -251
905 -30
905 429
905 532
905 362
905 160
905 -472
905 533
905 -439
905 156
905 -858
905 600
905 -466
905 322
905 -133
905 2
905 -612
905 870
905 -255
905 769
905 -525
905 -297
905 85
905 -619
905 634
905 387
905 852
905 241
905 -341
905 459
905 -674
905 -907
905 -996
905 598
905 385
905 -912
905 -810
905 -380
905 705
905 799
905 521
905 -787
905 -439
905 -675
905 823
905 644
905 -26
905 -873
905 542
905 -967
905 463
905 799
905 -505
905 -1
905 942
905 448
905 -85
905 -852
905 189
905 -995
905 335
905 156
905 -317
905 -890
905 887
905 -796
905 -766
905 -624
905 -493
905 421
905 -99
905 -60
905 -692
905 92
905 -754
905 803
905 316
905 610
905 -914
905 -123
905 265
905 -836
905 939
905 599
905 870
905 85
905 806
905 -536
905 -743
905 687
905 147
905 826
905 -494
905 783
905 959
905 515
905 256
905 948
905 784
905 -581
905 992
905 -480
905 -120
905 -859
905 -854
905 -576
905 9
905 41
905 645
905 12
905 -876
905 161
905 -912
905 -893
905 825
905 -978
905 -255
905 -313
905 -175
905 -496
905 411
905 -186
905 -354
905 380
905 959
905 378
905 595
905 699
905 353
905 748
905 -865
905 -865
905 363
905 -244
905 -235
905 -465
905 111
905 994
905 798
905 813
905 -687
905 -371
905 360
905 -186
905 -928
905 -305
905 -469
905 -263
905 780
905 344
905 -16
905 994
905 660
905 729
905 807
905 912
905 521
905 916
905 782
905 734
905 284
905 397
905 -966
905 4
905 653
905 -111
905 -204
905 786
905 356
905 -144
905 373
905 -739
905 463
905 -86
905 -145
905 -126
905 914
905 364
905 821
905 327
905 823
905 356
905 285
905 -120
905 995
905 399
905 74
905 458
905 50
905 -678
905 -413
905 -652
905 285
905 -772
905 750
905 -714
905 -632
905 256
905 337
905 23
905 -627
905 572
905 -447
905 668
905 437
905 -429
905 -406
905 546
905 56
905 22
905 -75
905 5
905 -502
905 -654
905 -608
905 -928
905 677
905 -134
905 -584
905 -30
905 743
905 -981
905 573
905 463
905 -667
905 -141
905 575
905 -511
905 756
905 364
905 485
905 -527
905 -153
905 720
905 -56
905 702
905 190
905 995
905 -205
905 408
905 793
905 271
905 27
905 -378
905 74
905 -251
905 875
905 -218
905 550
905 16
905 -646
905 882
905 482
905 98
905 -661
905 903
905 550
905 -617
905 -61
905 793
905 -947
905 252
905 -582
905 620
905 -200
905 -658
905 -328
905 -81
905 980
905 363
905 -429
905 -412
905 747
905 809
905 14
905 525
905 575
905 -374
905 -912
905 -612
905 949
905 -195
905 -457
905 595
905 -437
905 894
905 -404
905 -98
905 901
905 -924
905 779
905 646
905 -373
905 -571
905 -16
905 -616
905 228
905 -340
905 -603
905 20
905 -929
905 464
905 -156
905 827
905 74
905 -584
905 -889
905 151
905 834
905 -479
905 652
905 -597
905 -844
905 -316
905 659
905 481
905 403
905 -540
905 526
905 621
905 463
905 570
905 -143
905 980
905 -236
905 -211
905 125
905 -705
905 19
905 632
905 72
905 -470
905 -921
905 -520
905 136
905 -147
905 -283
905 297
905 -215
905 -263
905 -288
905 196
905 -78
905 -88
905 943
905 582
905 -540
905 128
905 324
905 217
905 -339
905 -267
905 -818
905 -837
905 155
905 -774
905 854
905 -685
905 -711
905 615
905 -331
905 740
905 398
905 -726
905 320
905 32
905 -836
905 -545
905 -235
905 663
905 227
905 -262
905 166
905 177
905 283
905 -787
905 520
905 -636
905 -514
905 456
905 -373
905 743
905 192
905 328
905 -903
905 556
905 751
905 860
905 757
905 306
905 46
905 -536
905 -47
905 -922
905 730
905 767
905 -520
905 -541
905 -567
905 752
905 -954
905 -570
905 21
905 -911
905 -830
905 741
905 818
905 -893
905 -997
905 -198
905 -608
905 -221
905 972
905 113
905 524
905 170
905 130
905 -496
905 -953
905 -728
905 484
905 -525
905 -932
905 -848
905 801
905 -849
905 -548
905 691
905 -562
905 -19
905 -928
905 -197
905 -573
905 -547
905 74
905 824
905 349
905 -904
905 336
905 338
905 380
905 -278
905 -452
905 -592
905 908
905 -769
905 953
905 95
905 187
905 -525
905 265
905 -3
905 27
905 733
905 -381
905 740
905 130
905 639
905 -375
905 -11
905 641
905 -555
905 -874
905 -865
905 -596
905 -719
905 981
905 395
905 -687
905 478
905 121
905 -177
905 -173
905 744
905 -242
905 31
905 646
905 -412
905 -567
905 284
905 820
905 699
905 -14
905 872
905 273
905 282
905 -801
905 -23
905 497
905 -538
905 -402
905 -215
905 178
905 -703
905 -44
905 57
905 708
905 165
905 -133
905 -525
905 52
905 -334
905 491
905 170
905 926
905 -734
905 993
905 -81
905 138
905 2
905 648
905 -401
905 63
905 -796
905 -406
905 -385
905 -455
905 -740
905 -937
905 323
905 -252
905 -384
905 -529
905 801
905 492
905 -399
905 -876
905 51
905 424
905 -150
905 974
905 794
905 -154
905 -762
905 -366
905 -661
905 235
905 -378
905 -144
905 -315
905 -28
905 948
905 425
905 -588
905 305
905 -675
905 528
905 437
905 -74
905 941
905 -533
905 184
905 -680
905 -527
905 864
905 659
905 76
905 -58
905 91
905 191
905 27
905 -25
905 217
905 692
905 -708
905 473
905 217
905 534
905 -990
905 935
905 -652
905 -915
905 26
905 -587
905 609
905 951
905 132
905 -48
905 848
905 -822
905 -542
905 -478
905 -899
905 -930
905 -902
905 -231
905 -334
905 269
905 -156
905 941
905 80
905 59
905 -608
905 -868
905 -706
905 -639
905 -484
905 802
905 -159
905 -721
905 914
905 699
905 832
905 -965
905 63
905 219
905 1
905 357
905 515
905 732
905 -633
905 761
905 638
905 578
905 554
905 -964
905 375
905 -496
905 -414
905 794
905 -22
905 910
905 -559
905 -356
905 670
905 -438
905 305
905 550
905 -746
905 283
905 -90
905 -525
905 -309
905 333
905 -481
905 960
905 172
905 414
905 768
905 -495
905 -699
905 -244
905 744
905 -600
905 -785
905 -965
905 -278
905 -802
905 -582
905 -253
905 980
905 385
905 -729
905 593
905 -289
905 -278
905 -225
905 104
905 -72
905 -565
905 -23
905 717
905 351
905 106
905 500
905 -209
905 151
905 505
905 404
905 -686
905 519
905 -130
905 539
905 -702
905 913
905 -111
905 219
905 -955
905 -330
905 -118
905 416
905 128
905 -859
905 -170
905 434
905 -727
905 348
905 -911
905 937
905 459
905 482
905 -40
905 -382
905 997
905 -289
905 -919
905 511
905 -827
905 246
905 660
905 -587
905 906
905 -803
905 365
905 587
905 -847
905 -324
905 593
905 -13
905 365
905 747
905 -605
905 -488
905 -27
905 -939
905 434
905 781
905 382
905 -868
905 -584
905 -702
905 508
905 -599
905 620
905 644
905 -581
905 548
905 -935
905 -309
905 -728
905 -134
905 -932
905 152
905 -303
905 73
905 -770
905 642
905 -851
905 769
905 610
905 9
905 515
905 990
905 -774
905 197
905 -619
905 -764
905 394
905 -228
905 981
905 -289
905 82
905 -727
905 809
905 -316
905 -440
905 140
905 -277
905 -98
905 991
