6462
844 -642
-253 -589
803 28
-381 504
32 829
654 -867
166 141
721 -78
-85 364
-540 525
228 -667
955 -168
180 -697
-600 -79
995 35
-526 260
-859 -468
-610 -817
-174 404
-801 807
520 -38
-645 -864
668 -461
545 -857
532 -783
-889 909
-320 707
-862 -239
112 -333
174 201
-972 -100
359 682
844 311
-52 764
-204 -69
-591 -390
-743 -770
-283 -708
642 -527
34 803
-967 681
7 726
-446 -59
398 228
-415 -172
-789 -704
-203 -296
499 -643
589 950
351 -329
559 276
-641 -510
318 -695
-307 599
-746 726
-370 -165
-583 -920
-942 351
767 990
834 -901
-723 -509
702 301
440 -895
-301 366
-292 -621
436 460
-636 628
-970 -157
-143 -299
-670 -954
-614 491
-617 -461
810 99
-690 345
-791 750
777 246
-723 599
100 -15
431 -505
933 -893
316 -36
-95 2
-493 -443
224 -493
-780 123
-200 702
157 836
-297 688
198 -314
61 484
-413 495
286 -261
-457 -277
126 -808
-403 -130
378 962
933 -337
992 514
136 727
-761 209
-832 -828
-350 -280
59 929
-122 294
-800 -483
-557 -425
-308 886
-273 -318
-165 -142
-324 -241
413 -827
584 -155
504 -110
-630 -998
93 -218
-195 -713
741 756
-2 -162
-236 -317
590 -799
-308 -717
-238 -20
569 349
305 -88
-764 -716
662 -391
49 298
32 35
-409 720
425 609
-815 531
379 499
-365 636
-143 973
176 116
-160 641
-505 64
485 788
-729 -445
621 -967
6 516
-501 -804
-576 -995
963 715
21 -614
-953 462
582 277
487 -644
-534 116
-840 -93
-609 -873
-911 385
-960 103
-342 -986
-389 572
203 -802
-873 472
-162 465
-67 308
-143 937
-588 -11
-145 652
537 197
-258 336
663 -30
-57 -515
640 -102
-369 -285
307 213
315 89
258 -911
767 -957
-861 436
919 -103
943 -663
634 -625
193 420
484 -51
-601 -957
-985 -441
593 852
-910 -503
6 467
-979 -959
-666 634
777 272
-498 -301
434 747
329 -2
-161 -493
-975 159
528 646
-47 107
-353 -334
163 -207
155 191
30 650
-864 282
744 -680
790 597
-175 -334
-440 451
905 -907
861 276
622 -663
-832 -864
-708 -880
682 101
181 -407
531 -549
706 -137
244 -457
-2 986
-752 564
-159 -74
-798 136
729 -653
787 483
-197 618
-267 54
439 624
400 -797
-710 212
-622 739
640 515
733 71
623 244
-771 231
74 351
-164 46
873 961
-687 -347
-379 766
472 -630
302 -170
588 769
698 -286
891 -738
-792 -752
165 -69
366 -237
213 935
-302 745
-42 -25
-840 870
42 934
-405 609
-55 99
12 -363
-450 -261
-478 -697
-56 -281
-855 -93
-706 -25
-943 -555
411 -680
-599 -897
788 -992
-888 -59
799 -107
461 425
-254 201
-518 610
-163 -916
559 -760
-1000 952
-346 -9
-508 -411
-715 -114
953 505
549 466
413 827
-999 -882
741 47
-579 -434
571 -971
-587 -461
545 -874
-505 277
-462 -846
-629 -622
302 -648
-738 951
255 287
-418 -966
-45 452
-683 400
428 358
398 -779
-104 108
-335 -169
-585 -492
-666 -785
-99 -600
-863 302
979 -273
676 497
577 -978
753 -55
-254 643
653 -813
425 -259
-626 -662
-609 254
645 968
-91 -675
-10 78
-391 419
-469 445
744 -646
338 816
985 318
-357 83
855 -885
845 -465
-8 -611
133 972
-203 685
315 -483
-106 -157
-349 -774
78 -576
681 -211
-687 508
-905 -381
-479 -72
-311 889
875 599
698 309
398 -279
-155 -536
-672 -418
-523 371
696 789
769 -116
-218 866
-941 -687
-770 -664
-583 208
570 792
-141 -188
507 -15
232 368
-72 -762
-81 520
-962 -20
316 -552
-70 -770
978 496
-334 -365
261 -543
-397 -239
-187 -831
768 -437
189 958
-811 -772
-414 -355
384 668
241 374
-631 921
-353 -813
-35 603
-197 -372
353 267
-6 -939
-426 -789
-332 877
553 662
-886 956
-861 -793
917 152
608 -760
-870 -440
477 -702
-231 -695
687 215
-27 388
867 27
471 604
165 471
-477 613
-973 392
230 -816
493 261
123 -235
917 115
-669 -539
408 831
-252 -893
863 -983
-203 44
-286 -638
-301 40
-859 874
538 -279
963 -17
968 703
-281 895
-323 547
-722 847
763 842
-824 -1
-703 -916
-918 -400
-25 -294
379 -156
927 744
-179 996
-886 -920
319 787
964 -319
-615 -538
-343 -268
379 276
-298 290
622 -243
108 -504
-913 -586
-636 155
-793 504
-252 862
-289 -759
403 -376
588 12
282 502
-476 162
-697 -511
-304 -271
798 -782
267 -983
-120 942
181 778
-581 -268
143 -718
881 -541
-924 -793
-636 426
898 -195
-75 840
-16 640
-112 711
380 920
199 -107
536 -985
588 403
-703 888
-557 -325
535 791
344 430
136 -563
598 -177
400 316
387 481
-383 -87
673 16
-453 -560
30 -976
-347 279
-445 675
785 548
-807 793
656 -597
94 -726
-335 -457
244 721
185 847
-955 -663
948 -13
474 -632
913 903
-699 606
-926 -989
-520 342
-774 -654
-822 -329
-273 -406
726 -740
370 664
-914 815
-8 263
-75 719
395 459
200 -502
-38 291
-628 816
981 806
895 -400
-750 -645
-247 -532
-137 -224
397 25
338 -65
-937 -303
13 923
-47 277
557 206
806 -726
744 344
506 -201
-682 711
-897 -132
944 659
558 111
-837 -455
115 -995
-780 372
358 66
238 -682
-296 -542
-136 549
-195 309
933 344
720 857
-135 -442
-202 -691
-501 63
72 920
-1 410
-490 269
-854 630
418 145
-535 581
-536 -494
125 -666
-295 117
-781 -485
717 806
-369 321
-711 -588
-92 -476
939 -223
-33 983
627 -180
-599 -473
-164 683
-329 670
442 147
721 606
-620 927
-110 -294
56 -182
547 43
-419 948
793 628
-120 34
-539 -677
649 -413
-501 -600
-811 -547
761 -540
-442 -594
-990 -386
-119 134
-969 545
811 -851
-915 50
635 655
-339 981
352 731
638 643
779 -139
-763 201
692 -19
805 897
30 922
-872 -651
181 750
-172 -141
-768 958
-642 -570
-511 -495
-457 516
-332 718
-175 213
-966 206
165 -435
-847 -612
843 -256
-367 824
-361 -560
-4 6
367 595
-913 -560
274 -327
-716 -614
330 -449
-880 756
-747 -573
-872 -569
440 874
990 -302
-146 -711
-445 -753
372 -534
830 -384
617 956
694 625
667 -409
17 967
-825 -862
-281 919
-132 -313
-96 507
-62 -56
918 -317
586 582
284 731
30 633
-186 38
-621 -387
-507 515
-573 587
351 572
429 892
465 -699
-117 702
-592 -553
920 252
-430 14
801 -51
762 357
-59 -6
-690 -988
-629 -574
-648 -164
121 -738
-117 179
-375 -583
63 623
573 -95
-740 -273
577 556
928 63
-193 711
270 687
-312 -370
719 -116
560 156
103 700
-977 849
83 -869
252 -749
960 136
868 -298
78 -376
-153 -192
646 203
-533 -297
515 335
871 582
-580 -583
753 626
693 245
-350 594
370 686
976 222
663 97
-94 -951
-966 -221
-509 318
-638 744
218 -341
-553 502
-2 106
-897 83
-619 -840
88 104
-283 361
250 -505
-579 -745
479 506
-504 130
-276 -953
245 -935
43 -758
790 -813
337 777
-253 694
-103 647
-3 -149
-955 -924
-208 -541
365 -435
-436 441
394 607
-632 -439
173 352
-125 -883
221 -989
-959 -217
-847 892
-479 -818
-544 202
749 -296
205 955
-373 -654
523 570
93 -611
34 -684
-611 164
49 -82
-876 -635
978 945
33 -538
985 75
-173 372
9 519
-903 850
-511 528
349 519
726 581
91 206
551 400
595 264
-323 243
163 -8
-949 -696
180 122
205 159
-669 308
782 591
905 -754
-371 292
808 -132
796 515
-488 528
-12 -910
-897 408
983 49
796 31
-347 552
477 -810
-6 -195
17 -102
-489 625
225 30
-717 135
66 -261
304 400
509 157
642 -482
564 75
528 989
510 819
-898 -51
-441 528
-918 712
-404 -675
-541 -577
-882 -602
-97 603
-152 -55
634 455
266 909
764 587
-975 473
686 -79
-178 -586
-464 48
-219 -905
-773 262
372 436
-772 18
40 62
576 -610
-438 -381
-621 725
-25 685
521 -838
-11 530
-947 198
-648 658
455 895
-339 815
-551 -369
-655 -125
-590 -872
-983 342
554 -559
-981 -768
-667 774
228 -39
-281 533
803 -127
429 740
-163 416
-451 -257
-492 -920
265 -677
-123 621
915 -669
839 20
572 -536
167 956
-506 -955
-779 257
667 -67
-969 984
-10 -350
505 771
637 -518
472 -573
-623 -897
-138 -825
720 -28
272 -32
176 -981
906 738
884 -342
418 -82
358 708
990 552
155 43
609 163
-397 -440
526 779
428 -252
-996 729
606 520
337 -243
991 227
-258 -245
448 552
113 200
-544 -973
485 842
596 -7
828 138
205 329
581 -357
-152 -363
-208 -201
909 452
-271 -233
770 -300
-308 967
268 -673
727 -333
-442 929
792 913
366 -393
-526 335
-663 208
631 -137
977 -120
-740 -849
-967 -823
-878 83
-779 -531
85 -940
-275 27
209 -913
990 -279
663 868
-694 775
235 -773
822 -586
-666 -840
154 -23
540 661
766 833
804 782
-547 417
-323 -354
-249 -30
802 -158
586 -962
325 146
743 176
-552 -966
-453 -857
-835 -71
-516 -311
-62 276
831 484
-865 677
-746 505
220 -978
-31 201
-162 -304
-508 573
-372 624
-254 217
938 -672
768 740
-374 -839
503 157
726 -958
-454 727
911 -990
943 -897
520 55
-148 -994
422 -561
-890 835
345 -434
490 -976
100 -681
-914 900
-132 -198
-974 -166
359 97
-451 -86
-444 -551
-581 739
226 876
-229 112
-126 744
-136 -28
563 183
261 625
364 899
-842 17
598 673
873 988
7 -274
-864 -683
316 -588
741 -469
-776 -979
422 712
-438 -995
164 598
-141 -227
207 733
-420 -50
814 -506
835 -187
-212 -393
-34 795
-154 -362
602 -614
-801 689
427 177
-600 232
514 -126
-763 -479
867 -592
944 307
508 388
-943 -526
-984 -448
-676 -491
-33 -276
-961 -587
-401 -909
50 -839
848 236
967 -581
-802 861
328 580
-226 -758
254 -455
529 605
368 261
944 -59
558 -793
-111 -99
-23 -206
817 473
145 -102
638 9
-518 499
8 -716
-476 -960
251 457
-430 669
-419 92
-673 562
-561 888
143 296
308 841
-459 942
36 372
749 -320
725 677
-161 936
686 844
683 -259
937 125
46 899
-935 320
-241 192
148 -870
-890 381
-499 -275
-253 648
-584 855
779 -180
269 725
59 329
641 -455
509 140
-780 857
-700 281
-282 -591
-741 -280
-8 -805
-923 -240
-343 -765
-464 -842
261 -901
621 822
188 -335
614 -288
-368 -69
-668 -850
40 -549
-943 781
706 -107
529 -810
558 -495
-854 638
963 -596
-60 -812
954 -630
-358 915
-188 551
-412 -943
839 726
-557 -638
-233 198
-273 952
-739 -428
92 474
318 -748
346 -587
-398 -312
-583 -152
788 -351
702 -812
775 64
494 -836
-374 836
-452 126
-495 -304
-887 -793
-298 234
615 556
322 429
-364 -673
68 973
729 -8
-733 612
426 -566
-169 353
154 459
544 -7
414 811
-848 -995
914 302
-314 -415
-820 -922
-673 990
-110 457
708 748
776 -695
-9 958
-301 -548
-646 -791
-483 -900
549 353
694 639
911 -627
-390 607
995 633
246 696
135 -50
-785 356
125 -940
986 304
882 456
-468 -691
-631 -614
121 236
-864 -877
-407 953
-606 -627
987 801
320 2
-957 48
521 -953
-1000 -204
227 847
563 -117
-743 -523
-367 -10
910 -482
-898 -378
-694 -940
-849 -915
-526 735
200 -641
105 -951
-178 -302
381 480
-893 -417
478 699
-195 -576
144 32
-63 305
-276 -466
443 259
-405 724
584 -159
133 551
933 25
-938 -481
875 240
162 -887
768 551
758 413
895 -139
-688 -957
715 695
-188 -549
328 263
-632 -423
924 508
-476 -860
-328 508
-566 824
76 858
-811 -283
-516 92
-347 -652
-747 623
-660 435
665 -312
-51 -702
-949 63
-551 400
-108 -642
227 -199
151 641
-6 563
762 344
458 -393
-762 271
-919 776
-567 169
878 -402
-951 -986
933 -574
61 -292
-464 722
-282 -559
914 -331
302 -861
-2 673
679 59
999 575
719 796
-756 176
432 -661
267 86
-741 988
605 246
809 -544
763 -973
658 913
669 -165
-597 551
-402 -54
-509 919
480 -295
-420 101
824 552
800 -461
729 -659
-751 744
147 487
-695 815
-595 -808
-530 -500
-703 -859
550 -743
-117 370
7 858
656 -867
713 -880
922 -845
-586 242
145 124
224 -690
-745 515
968 -122
479 -884
-129 934
930 -997
-99 -171
269 933
-426 -285
603 -734
-622 -739
-168 94
862 -423
-946 503
932 -498
-953 901
34 -330
-176 578
-168 166
270 -528
-484 461
142 -662
-661 -645
-608 817
-836 -827
250 922
987 476
945 733
-31 798
-612 886
-867 -33
435 -885
-702 -527
-143 102
-327 -157
318 340
-695 584
-150 180
583 -549
-556 838
-546 -202
-857 426
49 -994
245 935
-602 -655
-589 804
701 681
-826 901
848 846
434 -926
-692 677
-216 -858
-744 953
-278 -248
-23 -294
199 349
-127 -337
135 -227
811 -226
583 353
25 -506
-301 768
-332 695
-424 -308
-750 -934
52 551
-405 323
236 500
-455 -250
-720 475
-102 -452
768 -138
-494 910
861 -839
29 -233
-414 -865
861 -670
-826 -1000
-466 -151
-152 800
-133 521
659 506
-382 168
-856 717
444 -48
32 -167
716 -504
409 -716
662 -894
-798 790
914 -299
-285 -762
-982 526
-792 815
-127 379
352 563
446 388
8 719
-752 542
121 -442
29 -775
607 -840
747 748
-540 -465
322 -879
-890 -507
-909 676
-314 -423
-461 -901
293 27
-668 -408
-42 214
-882 589
730 333
-405 -675
-619 -738
746 360
672 552
-967 -809
593 119
370 194
-495 234
307 -442
-3 -694
120 597
309 789
-555 368
-480 859
231 473
-537 749
-253 -684
501 746
975 836
619 -888
38 891
435 -919
-529 681
-718 652
-359 372
-97 -245
-577 707
618 -296
-720 524
-383 -36
-861 -801
-276 -368
-199 889
-346 11
-955 -879
358 -267
-144 -629
-810 308
-727 -48
-966 591
315 -190
-884 5
-921 544
-75 -487
-626 -501
314 -541
-616 -349
-532 688
57 -880
-313 616
-909 -979
180 992
-721 794
-185 917
-144 -347
108 633
-402 -590
226 505
291 193
-845 -964
809 -71
854 -554
-220 318
-562 -944
-252 380
548 785
-786 -877
406 297
744 -818
607 -595
357 -655
362 -885
757 141
-838 -493
-87 881
784 -821
-139 718
800 -565
-94 150
-98 -937
395 2
435 -423
-831 -707
372 -600
998 92
-776 -167
-144 368
457 -769
-832 458
-98 751
782 -499
794 -80
420 -833
-357 -359
558 270
-420 -721
326 416
-777 -907
844 -663
-350 -470
-162 381
300 274
947 -740
-459 477
671 801
-445 896
-217 102
-976 737
370 531
775 160
814 842
424 -774
329 -918
618 704
-802 -870
-932 949
-308 -220
279 857
-228 -424
-520 318
-673 -406
930 222
-297 -283
638 425
-847 677
781 670
562 -369
-496 127
754 100
372 -869
530 419
701 -533
41 660
661 -24
-38 83
599 835
760 759
-588 -863
194 -768
-535 968
-837 -475
381 -60
336 997
672 163
-607 975
523 459
-189 649
-936 -10
614 475
-152 -757
227 226
-633 -732
558 -702
322 473
456 -750
-656 -829
588 -631
150 58
-422 -839
-539 -947
-819 393
235 53
76 -79
746 -902
951 -45
-559 868
-175 -972
-797 -539
-929 765
888 988
-954 875
-170 105
-178 -561
-931 574
12 541
-195 26
-240 -78
775 709
741 -264
-571 -403
-663 -985
-95 19
477 -656
841 -423
-100 -21
-28 -83
548 817
15 -59
180 222
576 -123
456 752
793 361
648 893
-473 -758
-628 -913
-713 13
-415 -827
-310 -668
78 -161
837 -628
873 969
-710 -920
177 52
-768 -963
-391 -322
-680 -752
51 -539
-893 748
366 -432
-988 -842
637 -717
795 137
-574 -179
963 320
888 300
-992 -934
194 -387
506 -808
449 634
-540 974
271 -949
344 987
344 159
308 -993
432 -536
-18 -717
-778 -210
698 48
-570 -349
740 -497
836 -6
-208 -845
-468 -307
883 156
-585 -632
-9 257
-275 233
-956 -770
608 -501
-759 214
-595 -348
505 656
234 -530
508 487
-227 -366
-413 957
-483 -910
-192 359
-56 236
661 858
878 896
87 203
-961 917
-74 752
340 -445
189 -284
723 -374
-836 230
135 940
-819 914
813 -297
-485 -396
-788 -58
-214 -669
90 -32
119 675
-709 -450
216 -347
259 583
295 -505
579 782
-621 733
-488 -823
744 -880
385 -939
-234 598
371 -412
978 728
585 -346
906 -815
14 -579
-733 -129
479 -601
951 746
-313 992
740 78
836 -709
331 686
811 -717
266 121
368 -982
-17 -653
-970 532
-465 575
-734 694
361 -594
787 396
-928 142
447 -197
336 341
216 -780
-674 294
-592 -299
-819 -779
-431 -299
-719 -950
-876 461
584 555
155 450
668 -892
113 -859
-403 -191
829 -945
-785 181
960 301
-455 539
671 529
-502 11
612 -611
866 -211
-408 -932
-452 -110
556 -879
-96 -700
-109 177
-137 858
365 703
266 827
259 644
-928 -864
-538 -167
8 223
183 331
-985 -437
641 696
260 -73
124 703
958 -409
-318 -849
-984 -842
506 -758
-729 -916
-236 -164
354 568
343 -220
-763 -114
-68 613
356 964
-352 94
356 -923
342 -201
967 884
843 590
660 886
-388 -197
-926 -140
-853 458
-429 -313
-596 -357
-781 -446
283 -11
-332 -350
-717 464
8 -143
10 921
-937 341
175 -136
304 830
-740 729
602 -391
-104 -539
-323 888
-864 -658
-952 -573
-377 -208
-119 970
594 197
-634 489
667 764
-104 688
164 341
-236 -711
-310 -164
817 -301
-1 482
-733 -543
33 772
455 790
-759 345
976 816
-488 486
10 -59
-645 72
564 -801
168 -190
-474 383
595 493
714 -620
-538 844
-906 -157
-858 -946
-203 -478
284 764
782 -407
408 325
778 -410
-354 100
-182 -692
505 -277
-167 258
-31 394
-77 629
829 650
716 -84
842 -474
-814 37
-16 -643
-418 542
887 -500
-374 604
-436 -381
-13 557
-20 986
803 -481
320 -265
317 172
-227 -769
94 -260
-134 972
-667 -545
-393 668
-118 -906
300 951
939 435
869 427
-1000 515
581 -526
9 -733
513 678
-440 740
-439 -597
-859 271
-441 489
266 -531
-862 -490
76 117
318 -229
336 -229
861 605
-751 -245
-948 -476
804 -931
786 108
659 547
-863 803
-405 -71
452 690
-819 -770
-763 655
755 648
158 540
544 913
-981 372
-489 -4
-176 -167
-233 -587
749 -215
538 846
-612 -993
844 895
-41 -428
477 150
-11 999
-8 -693
-384 387
-179 -470
832 -257
-643 89
642 -428
597 -970
-479 -239
-259 -330
904 243
178 563
-308 -726
819 -860
658 525
238 -413
532 774
483 943
-539 588
503 -495
226 550
-222 -177
-431 -380
-822 743
-590 949
135 -168
-241 23
412 -945
-229 -277
6 -162
70 -814
646 968
908 -786
125 618
-595 -446
-885 -177
413 -120
297 -432
13 749
342 -623
297 474
-721 838
684 771
157 981
587 -730
272 498
-622 -192
-295 -735
792 -290
-743 -559
-939 233
-297 -619
916 -280
989 953
390 -531
219 305
-976 484
-635 -759
-55 755
516 992
678 651
-273 937
-585 -550
50 691
110 214
41 456
-142 86
-31 988
-989 -543
-410 23
122 753
-812 -229
729 526
-239 -898
114 -631
312 -569
-927 79
-123 -497
399 16
33 -166
332 522
224 50
722 -624
113 25
-680 205
236 -12
667 -616
710 -323
332 -763
-482 -487
907 643
99 -750
-691 -313
501 -101
986 425
-209 790
265 527
4 -184
-163 -491
-660 -916
-379 57
-994 -666
-177 -539
-811 839
-481 -214
754 747
-259 -352
-343 -435
741 961
269 -50
599 -971
-623 -630
516 932
675 707
-875 -287
-988 -916
-106 445
922 215
-618 515
-108 -997
7 -77
-902 617
295 -832
923 -623
-98 183
-427 -215
760 672
482 301
117 519
-935 -848
334 -474
423 -252
124 -844
-192 -29
-782 -908
569 950
-973 -175
-797 -930
20 -299
249 -387
-564 14
562 475
439 595
279 -562
-400 -45
-111 -124
-20 245
-545 -68
-346 -74
-732 830
-246 86
-574 992
18 848
972 -530
784 736
869 -83
353 487
-612 163
-371 270
819 3
-727 587
-632 71
132 433
-445 183
-749 -68
247 -95
263 -224
-38 -565
110 -376
-356 -299
-374 -764
-922 585
903 128
-364 -596
-526 294
568 -100
-347 -455
256 823
646 -53
694 -411
-678 840
-121 -126
400 792
705 762
100 -101
-714 541
-569 778
-260 -975
-463 395
-42 50
937 -222
-838 -830
714 -156
-529 938
-775 -621
-794 -247
-367 102
783 193
-380 224
417 -691
-558 53
-963 -947
29 -115
-678 -696
-595 883
291 252
387 407
762 952
286 -469
-388 -542
-613 -16
-725 -188
831 424
514 344
681 1000
190 -641
925 797
365 788
-27 -586
225 -319
271 -154
-603 596
-939 -590
153 767
-360 293
883 -740
808 -166
825 -5
652 -76
234 -461
66 -962
-302 -451
-194 -211
523 -69
-472 -81
-314 -839
-403 383
890 -35
827 700
-133 559
724 -71
-966 512
-7 401
143 -823
-89 936
384 -392
800 538
-205 344
-169 -338
846 -969
-167 978
698 418
-456 92
477 -948
-231 144
-477 -653
-499 -512
-964 485
852 253
605 -995
-496 324
-122 223
-908 849
871 131
-709 -763
92 -526
587 -731
-518 797
-917 689
592 846
365 672
-209 -716
634 136
-65 -387
881 -615
334 616
-647 260
156 -168
-393 540
-118 -516
610 940
363 229
-134 -332
20 362
-822 -872
-596 910
-702 908
170 929
410 205
-1000 227
-650 -214
510 374
-51 -149
916 -426
-355 -446
687 85
322 -642
221 -646
-295 117
-639 784
-405 -613
812 -318
-945 -513
-838 94
-364 -557
-220 267
471 335
616 562
479 220
-42 -358
-493 -421
-85 -380
-732 996
467 -920
36 491
-503 -58
-16 235
-11 -420
751 -380
141 -620
201 -359
-834 -590
-292 -926
187 13
-571 990
420 -775
97 116
359 842
-869 -977
384 -105
891 914
649 -51
-231 99
583 -605
-371 -938
-795 -449
659 -401
118 637
-169 -199
695 82
-944 -53
832 553
-945 155
-91 907
692 672
-156 -202
-771 -102
-770 -908
470 572
-623 847
-768 -497
375 -269
254 -441
537 791
-76 943
749 292
136 -111
235 648
-753 631
346 876
-876 809
-88 -2
298 5
15 -827
-219 -507
298 -232
-553 958
-351 702
543 572
634 -1
-406 -582
-636 -16
-385 -542
902 -33
-792 -389
91 -536
15 -425
391 885
-499 -109
77 489
-503 -553
-117 349
632 670
-858 -692
271 -526
-913 382
770 288
-573 -937
-566 -904
529 161
985 808
126 -397
-710 502
-290 671
943 477
-512 -933
-916 -191
-286 818
-931 -568
749 465
-176 565
-924 353
-975 -550
523 765
854 -142
-369 -412
-215 745
-821 537
873 288
615 -614
244 386
-398 165
-738 -747
529 -248
-930 -288
814 182
-833 -808
720 -630
290 -434
42 -232
-596 904
384 900
-991 434
-445 261
-984 -222
-890 948
-992 328
292 38
-541 -577
-655 -832
432 -356
-778 308
63 643
89 180
-409 931
375 830
-497 -638
-250 359
638 -358
-397 122
864 -722
413 906
457 786
900 -956
469 -780
-522 -777
-856 905
-342 -472
-5 -161
794 -187
-696 621
564 -575
633 930
-466 907
-854 -557
-614 938
-917 813
-129 -78
-734 651
-699 969
-910 -242
-858 -219
-492 -140
682 740
953 908
571 980
-623 -897
-41 406
356 168
-750 926
580 -299
515 407
394 381
-322 496
-815 -587
745 -601
815 626
26 576
-362 -533
947 -664
-845 446
677 209
268 975
780 188
-622 -578
-517 -14
-823 354
76 625
977 -48
765 -144
-536 -298
-930 986
-574 910
532 119
941 -567
802 -647
925 -479
-810 -648
-126 -585
-473 -168
402 -992
522 251
293 -291
-649 -215
685 369
128 371
-801 751
106 498
-157 -71
-830 143
625 -962
-144 -972
-434 -743
518 687
-671 128
-428 220
-742 732
-575 -253
-209 699
-983 -498
-198 644
225 541
-590 467
276 294
-387 -10
-922 -90
-462 -619
759 -516
300 98
791 -215
220 702
-777 784
-798 -711
433 728
790 -416
919 45
690 -212
-231 -521
264 -277
748 189
-199 735
-400 -975
-968 67
-566 -32
-585 880
-386 326
650 -859
-133 77
590 725
-48 193
637 115
-342 324
457 730
-12 -862
-126 -671
690 648
-922 -156
274 -25
935 422
-831 854
167 440
-136 -903
397 -648
-649 897
315 983
734 583
346 427
0 -54
890 -567
-611 -189
399 221
280 906
998 939
-492 47
-402 -434
-319 -801
-519 450
-88 -165
416 -73
992 -260
39 987
708 766
-766 -771
-699 193
-886 343
966 -942
-870 -35
559 -477
133 671
832 -863
419 101
-547 276
173 -502
635 676
-308 176
644 -652
149 -682
316 854
260 -490
-330 -792
-831 -455
580 555
882 388
-719 -584
463 121
-67 -309
795 -58
-434 -877
130 -617
901 -80
-863 -258
518 -587
365 -448
-789 -640
-294 241
-631 886
-751 -359
961 740
-588 -726
235 -834
-944 -559
714 960
21 -699
-784 976
903 -43
693 -315
-30 921
494 -817
319 202
-666 -655
-56 -770
269 30
101 820
717 228
-72 -4
423 -332
-111 260
721 395
-703 -291
-172 69
-168 -916
-313 519
-747 -750
820 400
549 -8
-717 564
-252 664
-674 -449
-580 -56
-603 -885
436 -891
735 -602
423 248
145 -564
-569 537
850 660
-18 -464
81 215
672 -280
808 -997
-373 -336
-764 201
-262 75
-492 148
727 -748
281 -536
-710 156
-247 26
-260 -327
48 782
812 -520
-311 498
378 989
-920 603
-888 -59
894 -964
718 -799
-823 -830
-285 891
649 -281
-274 578
518 -267
-130 -900
878 -641
219 730
-643 -905
641 665
-868 175
110 487
114 -678
423 -440
925 148
463 353
-716 -352
519 -234
440 -334
584 -888
819 893
286 -170
-685 848
448 -393
763 -904
876 -908
-452 932
-930 796
330 357
903 676
266 445
573 -304
-859 -572
516 7
-169 411
879 215
522 -63
715 208
-6 -732
-520 408
-105 591
432 340
291 77
-289 739
-335 321
320 -718
786 682
386 -483
127 224
-968 41
528 -994
-669 614
576 -766
370 -945
304 802
-269 371
467 -827
-259 -828
-644 472
-588 -171
197 873
820 -429
-212 128
830 997
-165 509
-137 78
917 -981
-788 -523
813 -771
255 -895
-314 -393
-563 -854
-761 893
-745 220
-885 400
415 810
-416 319
-521 -650
-464 506
381 -376
-736 -600
-838 -329
-639 390
-694 -17
-935 -107
-464 -719
813 534
-501 -156
-361 591
309 467
258 -20
-219 -773
290 -958
812 851
17 -926
-38 -780
786 13
-35 300
945 -237
269 -11
-628 203
746 506
423 -958
786 512
-754 -751
-369 -223
-21 6
-649 -531
168 -200
1000 566
-88 474
995 -390
-839 -464
-903 -715
732 523
206 -609
474 489
852 730
367 612
-276 598
855 -276
969 483
-471 -587
470 103
-230 225
338 -720
691 498
-380 558
180 -661
827 -775
-959 313
327 -98
-720 411
-734 979
939 374
61 -200
748 736
-439 15
-543 472
753 325
548 13
27 -194
-228 905
945 481
892 -293
-588 711
-563 591
940 995
342 128
912 -176
882 271
219 -30
239 -698
-625 74
-55 -396
-521 322
677 340
128 958
527 718
-660 577
376 -406
-448 -204
-477 -929
-242 -501
18 -244
-997 -778
-60 21
-716 853
211 -480
76 -564
-27 329
-967 -943
227 -640
-818 269
814 -358
710 -239
647 142
270 246
-483 -459
649 -276
-755 560
731 653
-852 36
584 334
-964 -292
-418 914
-941 -538
-785 -442
2 -354
639 626
-787 129
-761 694
231 -969
238 -880
771 378
-230 -163
171 -844
551 -621
-428 278
62 842
652 252
525 55
-745 137
410 -554
985 185
-255 344
497 -178
-877 259
-519 -478
566 -626
-424 875
11 -313
-791 332
-493 -548
293 14
929 93
781 829
691 601
-511 -761
988 583
485 -251
-460 199
-753 596
-405 921
-804 -569
688 377
-170 -586
444 -282
-370 456
-474 645
-761 -547
295 -483
-181 199
35 832
-105 -415
-459 -513
640 1
167 -46
-813 778
179 -218
186 567
52 179
890 -63
346 -825
-436 -876
-145 750
443 825
-498 194
-635 -178
-921 417
-461 -215
-527 -138
560 425
-701 165
-74 201
-489 51
-249 959
473 -290
-900 -739
879 604
875 -219
456 -345
-764 -809
-944 -167
-498 -904
768 314
-546 -873
-870 578
58 -566
-200 518
-608 896
-172 815
957 -903
279 -161
430 -118
795 492
144 -278
462 288
-221 704
-78 683
-735 580
-577 111
-980 -801
542 -163
856 -759
-306 93
-231 871
954 961
-552 681
-48 788
6 906
683 -805
-796 -244
711 -259
-432 432
-916 -140
-808 -804
-349 -211
-181 888
428 423
920 422
-334 754
-837 935
875 -561
297 727
49 292
-565 846
595 -338
716 -927
544 994
519 960
208 875
720 -151
679 -398
810 -455
-632 185
115 213
-215 916
848 -724
657 670
-3 722
902 -449
-508 815
40 -162
360 -510
614 693
-589 390
-906 -216
-433 -244
-871 364
187 59
277 3
598 -937
616 32
140 -945
-229 490
6 533
-516 83
356 -47
-372 493
-659 645
-48 -192
890 437
-49 -48
839 480
559 -765
847 -712
174 -468
217 891
574 335
598 17
700 -201
-618 751
-917 958
322 151
-841 -192
987 750
548 329
550 378
43 77
-397 -449
846 196
-475 -893
197 231
967 819
-664 147
48 234
-140 -612
951 263
-732 -763
-7 696
-933 657
-805 705
415 234
-184 331
-487 -905
-786 159
283 -341
-447 -973
-607 -468
-785 980
764 -926
-157 363
-966 -384
574 -244
219 -983
879 -770
-289 940
421 -195
624 -810
472 -812
-946 -961
368 213
732 487
-321 -753
-848 -321
-97 -731
-722 -2
-837 967
-19 867
762 808
-72 540
513 378
-998 -618
-417 476
3 161
79 -468
-10 -32
-488 753
414 122
178 706
-1 -398
-260 270
-668 -855
7 -184
-995 938
-282 -235
766 484
-437 572
306 898
817 -260
-451 -285
-752 158
196 -210
37 749
-342 233
690 -363
-639 248
596 390
756 973
-930 759
728 -925
930 -565
-104 -458
-111 -945
715 368
500 -195
-162 -589
-348 -170
269 -673
559 310
19 -695
-338 -470
657 -198
219 830
-414 640
513 -781
35 -500
-781 -177
363 206
60 -150
74 -285
897 -351
-229 -234
861 -414
191 -925
-104 123
-538 819
467 183
805 -690
498 114
-874 -838
346 679
684 108
-981 838
406 950
657 411
49 -952
-828 -962
-597 474
-576 616
769 500
362 71
-299 596
96 -362
-999 -320
-664 -440
-917 986
4 581
-900 -345
-172 -516
116 -100
-813 901
-598 242
43 -930
928 810
-89 -905
-657 244
-802 -299
723 596
301 -322
-692 -833
683 -382
99 -562
816 -803
-542 -419
-30 122
984 -804
351 -917
276 -106
-445 -733
-476 143
-35 217
-980 284
-782 -257
-794 930
416 -130
-951 815
641 174
-754 -827
-917 -785
369 213
240 40
345 338
-605 862
648 -755
-678 -286
725 -764
-155 428
960 466
543 -785
405 430
110 -120
-686 229
910 257
11 -869
-263 -80
-752 -521
587 -360
330 -210
-496 158
-991 -337
-889 438
-2 -284
152 -909
43 28
311 987
431 437
-879 884
-162 609
-958 -762
469 -186
759 -291
786 -353
-330 -840
808 -6
-790 505
26 -219
-683 -449
417 -820
-16 975
254 85
19 127
-162 758
73 801
13 189
65 -458
-126 285
464 75
-284 -442
384 341
-12 -928
771 320
-711 390
307 -718
-70 -675
-223 205
854 542
-880 -824
325 -93
639 -172
-201 -55
362 556
-544 -852
417 420
-986 876
91 -719
561 -133
304 76
-515 943
-577 65
-842 -60
251 -681
-641 419
-219 406
-827 745
-330 196
-541 917
-458 -914
130 -562
-429 512
-48 548
738 270
-198 -535
-395 -797
-359 -543
-449 -492
725 -879
-691 270
-292 833
404 -139
873 232
509 -238
151 840
244 -787
-722 -490
-74 327
423 -282
-840 764
-364 -147
562 708
-284 415
-124 547
-615 -534
-109 -404
887 256
66 967
117 284
-349 623
708 -686
-378 -83
770 -469
-470 754
874 608
723 -886
108 -221
-654 -268
831 -630
693 -640
-994 200
817 108
-593 400
-296 870
-682 -861
569 795
-101 283
-722 607
-244 48
321 -994
14 -102
590 843
-288 -126
-66 -100
-662 299
398 304
312 631
694 779
271 -344
-910 465
822 852
-714 171
-860 -223
-246 -39
792 -974
522 197
402 537
979 885
-888 515
-479 641
-634 -672
-355 -676
-303 343
-619 -206
-682 -530
-396 -50
371 -422
-235 72
161 -748
134 932
967 743
870 -24
54 -156
-13 274
-180 -51
-640 -516
957 627
-58 47
367 -899
413 -544
205 452
-185 -805
-103 -392
898 -657
-578 848
-797 549
735 493
-458 63
677 -28
515 417
856 -455
-262 345
120 437
529 347
733 -793
998 215
932 -296
-335 -308
563 35
638 177
-913 872
555 -213
73 944
640 -26
-771 635
-479 101
962 951
-790 696
126 744
-322 63
-548 456
-168 138
-368 307
-805 97
336 -458
-98 209
546 -279
657 753
-880 62
-258 361
-771 72
-544 -816
522 -522
138 -664
898 232
62 -1
-253 -835
-860 -115
293 612
-699 3
398 902
298 -531
42 712
-58 801
-644 913
477 -288
-727 299
979 78
-28 -391
-431 -545
-289 91
-220 938
-445 -486
275 -296
188 -417
-704 -663
-590 439
927 -213
247 -942
844 840
543 -957
-133 724
-388 -573
394 459
971 -875
235 -15
396 -711
-429 -414
131 -408
-99 280
-427 -18
154 660
648 -538
-138 282
250 -860
655 875
-905 446
-910 459
147 -231
575 380
-683 -728
-744 951
318 533
-498 687
-745 -934
-582 -828
-989 -237
241 -624
-239 318
308 682
-470 52
270 -541
-617 508
-24 -79
-453 236
706 -420
-927 749
752 -52
-174 641
-338 -814
534 927
32 71
511 186
358 -85
-299 388
513 127
697 -202
-602 719
858 -499
163 -758
395 -226
776 -211
521 -272
92 615
-449 287
-755 317
198 -259
-993 -849
-764 -142
336 66
-233 -688
-594 -597
121 72
-214 -393
587 36
-322 -648
-676 466
-229 -85
-842 -714
-708 943
26 218
-932 545
221 609
21 -770
171 877
-946 -309
105 -440
953 579
236 228
-709 -881
101 345
889 -37
638 287
-479 -899
-484 -993
441 -46
-654 -751
128 294
-897 -40
442 -668
706 -348
638 578
-488 389
-420 -420
-804 -304
703 -141
-692 -750
155 -677
934 957
275 -892
-932 -848
-361 -255
417 -133
774 -882
185 -780
948 -745
398 -131
614 665
-783 -391
958 149
11 170
-93 -649
-261 -307
620 -644
984 264
-437 -443
852 -951
-704 778
-587 -689
-607 -345
579 -909
237 465
-436 -954
565 844
-477 -158
679 634
-7 -548
774 874
-37 507
-909 -781
-26 -463
838 831
236 -837
-512 532
468 103
237 182
-700 396
966 866
68 367
772 382
84 887
451 885
676 -128
263 242
199 843
418 842
137 78
-475 -348
-25 281
740 498
13 -393
-466 -509
390 58
-316 -33
596 512
-628 610
-299 11
22 -995
-822 -347
-716 -210
-600 -254
704 662
-473 441
601 -746
841 381
-384 -979
-94 -73
960 536
-701 375
-551 -870
-76 701
664 130
477 996
135 -241
617 919
-807 -253
-154 -95
-14 -97
-99 -598
-47 -852
371 809
888 -499
-546 796
-401 428
755 -974
-988 -568
-521 -455
961 -136
-493 -391
250 516
186 720
-651 -569
-173 -941
-469 855
740 -245
696 652
867 -884
-25 592
-913 569
-196 603
1000 568
-919 -62
595 606
766 -583
-753 -186
651 -203
538 -461
-317 -552
665 615
-874 -496
-414 -754
-677 -361
-173 -160
225 -951
950 120
-720 -311
-518 483
208 887
491 585
-542 204
-80 -700
499 513
81 -710
416 -536
-794 -417
-747 455
98 884
271 776
-449 935
25 482
645 -958
-175 -694
-920 144
-172 -636
315 258
18 -714
820 -364
-202 21
136 480
-187 -212
-769 956
179 196
396 350
193 -445
40 769
145 -94
-985 -560
-226 280
837 245
-799 -944
-655 -870
251 -622
712 -603
308 -54
-922 144
-240 832
315 879
732 -382
147 -298
543 138
-804 718
249 -864
-969 16
110 877
412 465
-777 -793
196 -200
-40 214
749 804
-826 -845
467 -897
-5 -727
134 180
-96 148
509 886
-464 -92
-848 638
-738 191
-233 -88
838 653
-436 -974
-743 -629
-331 945
-810 409
-693 705
825 -845
-444 779
906 562
-766 -225
988 -157
377 810
707 -429
-956 -931
888 714
56 55
325 -836
884 536
-311 141
-746 -96
-932 662
-555 -180
-68 903
366 208
-184 -692
869 -783
224 800
893 506
-919 246
382 -855
706 722
170 -403
-199 688
-226 474
-881 217
-14 260
923 -30
15 -806
936 -805
783 409
-690 33
-38 -746
-411 -669
182 707
640 -927
302 -868
686 524
-365 763
-642 -849
422 190
-551 -456
-882 -86
869 180
1 155
-473 -766
-889 359
-769 127
658 90
-73 638
545 522
934 989
-687 -276
-686 -752
-728 861
-768 232
-790 859
-357 -497
-123 49
213 -618
852 67
-548 -515
-249 -737
-198 -458
914 463
45 706
380 39
169 -856
997 -408
-340 -451
-159 86
925 805
-788 -826
134 -553
812 578
-201 -640
-503 -563
699 445
807 713
-910 537
768 52
486 40
889 -503
-175 -143
689 -469
409 -993
511 344
856 -774
20 697
422 622
-343 299
-174 -732
-955 -320
-852 -779
881 477
-785 239
584 406
522 776
-323 200
737 846
221 308
127 -967
-980 -781
-868 128
207 995
522 -605
787 671
-964 -628
-359 377
412 -461
-815 255
-432 867
-224 -970
-345 317
-280 291
795 -24
-237 931
-901 202
-24 -295
705 85
541 -168
86 687
719 820
919 322
-946 -376
-719 -543
-568 522
578 -446
602 -597
-650 764
720 801
-745 641
-701 786
-378 425
396 -860
-244 -212
407 -230
261 241
904 49
578 871
-308 577
440 71
561 560
826 -159
-286 -387
-471 -958
-899 -62
701 58
488 -923
336 166
826 -221
599 -106
857 908
261 10
835 338
-704 -903
-140 -751
-992 470
-354 -624
55 831
-19 -113
725 -590
433 519
-595 -344
-713 -379
114 534
-166 -612
564 491
593 135
-239 -159
515 441
-128 -142
-49 -816
-822 298
-491 -420
333 256
904 549
76 860
419 -415
260 90
759 -515
-773 678
609 -312
-361 951
15 320
-149 550
-221 -952
-644 -589
-259 323
-224 180
759 -682
-982 -347
-261 119
-170 559
203 -340
-108 -400
-788 -55
411 -249
103 -572
626 756
-602 469
-518 -701
516 -861
249 995
392 667
741 907
-379 339
733 312
717 248
-236 392
357 339
143 -690
-736 -995
-358 -936
-1 -880
-450 193
-773 -668
-539 -25
-994 -584
254 404
-453 -538
697 -1000
190 997
-927 468
-764 -212
-91 -671
52 217
920 -256
-866 108
488 357
973 -50
-222 580
-385 -276
613 114
-215 -873
-300 -711
98 498
145 173
618 136
172 9
-446 -262
-923 712
540 -167
-161 -768
-73 -182
102 919
138 -544
-778 -548
-179 672
-684 -35
-174 -830
832 -998
-233 -957
62 393
-802 362
745 893
-254 450
-232 -734
476 -528
-548 -588
136 78
-806 -496
-497 -956
-99 431
520 -614
-629 -740
-78 -690
-236 13
-945 157
664 578
766 919
-298 383
607 -351
734 615
876 -210
-201 -643
700 904
-430 389
-77 41
807 960
380 -758
-210 -207
345 -751
876 -786
110 109
-634 -887
-81 -449
-629 320
522 -467
237 -672
-783 999
-758 -916
-31 441
-208 -762
-870 993
760 227
-278 -706
342 -668
-335 871
-260 -272
-868 815
-186 530
812 123
-446 -652
194 65
835 -138
-29 126
497 -974
242 764
959 -566
834 859
520 -968
47 -927
-972 -360
815 354
84 -676
-722 -890
5 956
-800 447
438 -188
163 242
-926 66
-355 218
13 -519
-866 -867
547 371
-212 731
619 996
-649 688
226 -131
-409 218
-863 861
87 435
-100 -697
-929 380
291 -855
-386 798
982 -628
451 417
946 -656
472 -746
-270 -695
656 244
971 205
-749 -914
-714 308
-716 784
535 -782
313 -657
-252 897
-236 -553
932 -870
-572 487
829 -800
961 -790
302 -311
-207 555
-908 -110
-649 -276
-742 -225
-569 401
-954 580
873 -944
151 -858
-571 -686
-818 -934
727 145
-190 779
-501 714
530 -736
-444 585
460 693
271 -288
820 -94
14 -616
607 504
710 -195
-528 -120
170 -263
788 -1
-902 -749
562 -777
884 186
997 554
825 -255
550 -806
42 661
-298 -960
-79 205
-473 320
286 -726
-858 28
-358 -938
262 -85
-704 45
163 -866
698 321
258 -630
913 770
-94 376
615 -33
282 -680
-287 788
-666 -330
162 -546
495 266
906 250
724 90
962 891
-69 -504
-263 577
405 -107
-664 364
-663 953
240 33
-618 -412
185 364
320 404
718 -450
-921 -591
722 -186
285 876
951 114
-211 -270
697 -376
970 175
179 644
-520 -58
-727 -509
632 -340
832 -921
-775 167
-565 -686
23 285
688 -196
-983 -142
-792 86
640 473
73 -32
873 -545
-783 742
-513 -347
-692 642
-750 813
317 -605
-183 705
44 617
187 643
258 -300
361 -730
718 331
601 -86
790 -660
-842 318
829 451
835 627
-402 -555
871 -568
-835 763
120 115
195 -867
-616 739
-875 774
-424 -840
218 511
-18 325
-513 -65
43 411
496 264
-878 326
-973 -34
606 -342
-812 991
456 852
581 -649
-41 259
-769 -279
375 641
-81 -502
-299 738
560 529
897 -536
-759 562
-224 -404
-608 -375
-85 487
-335 -312
672 719
981 261
-820 874
426 420
166 257
-990 -543
692 -587
-539 527
540 -790
-242 -685
436 65
683 -919
745 -776
-164 -948
9 397
367 293
-15 -48
-862 987
-484 -51
285 -542
309 310
-404 191
195 -851
918 -722
-172 50
776 802
655 -582
750 726
-747 -168
296 -115
851 -983
-738 -68
-263 655
-859 323
-394 417
115 268
195 418
-613 925
465 -31
86 -581
-351 -529
-989 513
-622 152
625 662
-7 780
493 -87
305 -544
-316 -50
-937 699
750 326
-98 805
99 358
545 154
-523 -94
118 548
161 -413
-163 327
-178 -614
881 149
584 281
158 402
-793 -820
-165 565
-704 443
135 -973
40 -812
37 -661
-259 -58
-6 926
814 998
-572 743
-63 575
-29 937
946 -666
-830 457
870 183
288 842
827 894
854 -489
-817 329
-831 172
830 -764
298 -926
-233 -623
27 -138
318 609
6 -147
772 250
-931 -937
899 -978
57 380
-618 -794
-866 863
-289 -665
581 692
643 -990
-972 -167
561 -428
158 -699
-231 816
745 -591
-887 158
373 -529
350 336
2 505
959 -590
385 -288
539 560
-367 533
680 802
-67 208
674 660
-706 -248
-11 -987
840 975
-315 -578
-951 571
-7 413
-739 -196
75 210
560 340
1000 -423
-9 603
-852 -483
-966 -318
-600 622
-555 524
889 466
8 -533
-822 379
-879 541
-542 130
269 54
-79 817
-134 -86
230 -242
-761 -190
575 984
978 -938
75 -215
-646 965
960 -330
-670 312
-692 369
276 533
-781 118
-77 330
-28 44
531 -128
-442 -121
-243 191
540 401
-712 838
588 -470
972 100
372 -646
414 -909
781 -341
242 -722
211 664
842 -274
382 306
-696 -549
870 -573
254 -164
-169 -472
481 -574
173 782
-301 286
-45 -123
124 529
622 -455
477 559
443 943
970 288
310 -832
-123 952
-930 -141
-725 281
632 -12
-181 -483
91 -704
-699 -118
749 -779
724 202
-44 530
976 -415
203 889
-769 22
-159 -531
826 -771
-836 -396
517 588
883 -37
804 345
598 978
932 -408
786 -821
338 -688
549 -953
-151 187
-458 342
441 -111
-97 468
714 -133
-769 -542
101 2
-801 873
-486 -829
598 277
926 45
-638 279
831 34
-830 -200
973 -414
-393 -609
-874 -87
618 920
115 54
-830 310
-684 -972
643 723
610 277
-222 -430
851 -404
-489 -856
-374 -96
-389 923
32 -635
-208 -119
-847 801
669 981
894 -331
-260 947
388 644
-429 -349
865 797
-352 990
480 1
240 338
516 311
997 -21
785 -522
133 -392
-354 -938
-876 -137
-939 737
-827 -723
911 -960
-947 -491
-775 726
415 -656
-357 -973
-446 -212
28 -211
116 -985
26 -821
-122 443
955 -621
624 -77
-725 -761
-523 -502
-200 -142
428 -120
958 307
-384 -112
857 -16
-339 202
-80 990
375 -98
459 359
-418 927
361 131
389 -721
-315 398
-410 -108
226 693
554 -513
-243 210
-583 -333
-799 -319
-367 230
333 813
131 -415
-351 -123
435 -348
285 -198
-849 966
-927 -562
373 198
-143 125
-922 877
319 -82
-668 -499
358 -168
-741 227
939 210
893 -718
743 669
446 -900
261 -519
-179 -403
246 47
565 638
-885 -998
243 519
86 -319
-764 896
-753 -183
657 744
65 224
-627 562
-977 872
-266 -990
147 309
858 -640
-409 -138
-607 484
94 -681
-936 -717
676 579
102 -394
-444 -422
-962 855
619 -716
365 -255
897 489
-436 899
-511 926
-864 892
201 721
-17 371
869 403
-274 -500
-759 766
626 977
-259 17
14 814
-463 -770
545 678
-856 459
985 537
787 -936
-17 -904
-971 422
-29 -929
-379 885
-834 72
932 420
336 -660
222 749
498 -269
-6 -470
-303 280
502 535
-905 -769
248 -337
-467 -136
-930 -66
21 43
447 -726
-398 234
-614 354
744 -589
70 21
424 -186
-411 -119
-698 544
728 -694
-254 -625
107 396
872 436
679 -906
35 769
-65 -111
806 -632
-11 441
608 407
774 -240
-842 -47
-110 -878
-274 -400
640 -722
914 -972
4 -205
339 379
152 360
114 -980
-703 667
-162 -887
976 18
768 869
-283 -915
-239 -5
-493 246
501 749
752 882
-25 -900
121 -916
-487 429
-576 858
417 307
-899 753
458 230
-286 -937
-478 514
-474 672
-868 -358
790 -470
706 354
598 217
-439 989
142 -332
844 -31
755 -673
860 949
758 484
155 175
390 404
262 282
-184 -308
-708 650
755 603
-150 -842
-879 91
-408 922
-481 508
652 436
-256 990
953 215
-43 799
981 175
168 -288
-258 -171
-189 858
44 507
639 -635
800 -318
14 506
35 886
-794 -438
691 342
928 28
69 -429
-264 -335
-124 -937
-644 773
-816 142
4 -608
-809 467
273 46
969 936
842 -13
-846 -917
463 -670
-557 58
-815 -421
561 605
-993 105
678 110
-646 -594
-16 -842
-27 -533
-941 686
-719 -73
183 236
908 -672
-755 858
-830 918
-567 325
913 504
-829 -680
-413 575
804 -534
-161 38
675 877
-883 -832
411 -317
798 622
713 703
869 875
-184 947
-277 768
641 -774
-461 73
-376 -298
791 113
121 840
-953 792
-146 36
340 -702
-927 -861
-614 -936
770 -211
432 -811
141 830
146 992
186 16
-332 654
-318 -851
-823 -244
-637 -326
-850 -673
-765 318
-105 509
381 -224
-984 863
375 -229
-182 -605
-184 -572
-17 543
470 -556
-726 842
935 149
-671 877
717 -456
-176 -913
-557 -196
-360 -389
-850 149
813 261
960 -415
866 -140
-397 -959
360 478
-72 -960
-362 -908
371 -692
-505 -728
444 166
-165 675
-960 294
-414 -311
170 458
850 -211
-827 -33
88 163
-105 758
-371 863
193 -167
915 317
-264 677
-762 50
180 143
752 -964
177 859
808 -110
-882 -901
897 -386
328 -913
-131 -504
870 541
602 -368
-190 406
8 518
-88 -925
-750 -668
-148 121
332 -390
-207 941
-281 458
396 -662
-436 160
-943 749
320 -326
78 352
-166 -742
-851 738
-772 938
-881 -293
-376 -764
668 239
482 -58
-267 925
-343 958
-375 -696
-728 -584
294 744
438 674
-231 -976
367 -236
471 -388
348 -741
-517 717
-243 -418
238 931
-245 323
229 -727
549 -105
264 629
-578 962
207 -450
-241 718
625 600
310 981
574 -607
-947 396
19 -839
-584 199
342 46
-167 715
-622 -744
358 735
-728 270
991 -578
142 -387
-608 -944
-929 -762
-974 266
-917 -601
-491 285
-867 422
-194 -149
-914 -558
981 -776
-262 -257
-868 866
52 691
610 -279
568 375
-861 -385
451 180
-646 521
-188 304
982 -182
-226 -725
-76 106
651 343
582 150
959 -552
482 -149
17 100
-482 867
650 350
-612 -304
-76 665
-610 119
-666 -879
-907 -644
-350 -471
-767 70
710 93
982 641
274 -306
-194 -827
-218 612
-806 426
-353 -303
-18 -798
594 -6
945 -230
-761 476
-773 -35
552 -333
932 -659
-31 -201
-21 613
241 -95
-413 -389
920 -278
775 928
231 251
-583 845
280 351
268 418
-509 -88
814 959
-381 -154
1 191
180 216
-573 124
633 -747
-450 510
645 -456
349 -372
581 -976
723 928
615 -896
-404 816
-385 -109
-343 -97
790 15
-570 183
201 710
313 400
-563 501
281 -649
196 44
391 609
-453 692
-104 -960
308 -865
1 309
-467 -860
985 -543
143 595
673 -98
-30 -312
-340 69
813 -418
425 653
-553 120
-629 952
724 -768
841 -663
-373 -414
333 -806
-131 35
793 771
919 884
231 91
471 -716
333 642
-235 -951
158 -823
24 -709
886 -777
170 467
-155 91
969 -376
970 622
-466 -809
914 56
-174 -89
181 -61
-513 -185
668 -18
2 -461
385 935
352 61
778 -323
827 -812
1 -801
-645 116
860 919
661 916
-67 170
-123 753
-819 376
-787 366
718 163
-475 -869
-313 -291
539 -426
-850 631
-563 201
-28 92
-615 848
-192 -809
15 81
-315 465
670 216
-6 -122
-661 798
899 285
-431 334
-739 -475
-826 -441
254 -408
73 510
-966 767
353 655
-261 349
-374 -120
941 694
725 550
-477 57
463 69
-119 410
343 854
743 238
-183 870
-273 -808
-468 825
-466 122
-659 255
-387 -260
-151 178
640 96
983 859
-986 -260
-777 213
361 145
474 31
-179 -792
-104 -46
-417 187
345 661
-313 -58
933 -729
327 -7
-938 -570
-108 -404
-431 932
-761 568
-384 330
-509 366
771 -987
239 285
-714 502
535 104
-975 -537
124 55
-522 89
-507 -405
318 -193
-465 662
-369 -494
291 779
401 -44
927 -469
-48 -263
383 630
881 -323
-148 -581
-726 -227
-369 48
273 -157
-223 -446
-171 -188
-150 -304
-490 116
-875 -517
-694 300
-850 55
387 770
995 -493
314 769
619 25
-828 -134
-772 812
419 -273
695 -383
-623 -854
-461 921
522 818
-198 -825
-283 748
-678 -85
108 830
-286 986
568 -311
937 -687
521 912
-258 -215
252 -731
484 764
63 641
-242 -153
457 532
-701 -416
-916 -762
864 49
-986 861
-575 495
211 856
391 582
926 -269
549 502
-161 -779
319 -698
457 28
913 -564
-915 599
12 959
967 -327
357 -881
330 756
-548 -205
-192 -356
-341 601
452 -756
782 405
-51 194
482 -68
-500 594
888 637
449 896
165 588
-931 -704
-905 -94
125 -263
854 -577
209 -550
966 516
212 910
669 89
-936 -238
100 -885
952 345
441 174
6 -86
-374 -735
-462 -299
467 -182
780 -638
75 -181
-58 -173
-26 522
-288 -390
-361 264
-75 356
-679 995
-963 -348
-906 -370
-431 -374
-587 -666
216 -878
-91 122
-900 -843
-599 193
-709 155
-720 -516
909 -983
-796 -126
41 513
636 -903
-935 313
-635 706
-1000 -175
-350 238
-813 -768
509 452
-503 -18
-218 -393
-19 -270
-317 319
179 560
-267 -595
-368 -124
-88 -733
782 -61
-978 -218
-471 -601
-442 946
254 -37
2 -747
-153 67
198 -901
332 542
86 348
-584 284
-922 981
765 645
-730 -944
155 685
-592 150
395 234
-535 482
988 911
-944 667
651 476
341 -225
-143 4
-371 -160
-692 -510
-869 -392
874 525
-645 152
959 -24
514 731
-17 -345
897 484
192 -506
-11 532
-55 -438
585 -396
315 115
292 463
631 200
-721 -423
-655 818
-282 946
306 -639
-252 241
42 410
-297 -168
-309 903
-561 72
852 -224
33 -896
622 -832
-804 -123
267 981
-494 -536
-243 857
406 510
-86 -561
-853 967
-432 -833
-953 -557
-364 -149
296 -767
-793 -346
-434 870
-545 765
-651 -205
698 235
-989 -890
-796 -918
-689 -57
746 -961
944 -306
631 421
-597 -818
509 813
662 829
-784 278
-171 666
-164 -475
286 -162
447 -435
75 -590
663 789
126 -842
-148 -849
832 -927
-397 649
159 288
-791 789
-747 -86
-220 287
595 353
365 -434
-13 -920
-489 -46
-134 239
-671 977
905 -678
-646 823
-132 742
-404 934
-977 143
106 -132
224 135
467 -521
26 315
-539 518
-178 385
353 607
988 729
598 804
-526 -363
977 443
516 -345
-994 902
-25 108
-459 231
-526 -362
-240 -880
-163 -394
-67 355
158 -215
-74 -274
-699 738
352 859
554 -899
235 -166
-966 -707
928 231
111 235
-900 544
662 -713
-356 579
-820 -994
271 79
337 689
-538 -583
218 637
-959 43
-343 -873
179 -579
602 547
193 443
40 -262
-253 119
77 -69
-380 -601
557 -349
-663 15
-407 -866
-594 -114
193 408
348 595
255 -644
674 825
282 -132
248 -552
665 272
402 19
523 -23
-727 -348
841 -637
-734 -224
555 -304
471 203
-863 -758
100 789
435 975
757 -728
492 -115
785 368
905 307
696 -367
-629 -222
169 955
-588 -701
-469 7
-783 -116
180 995
-848 -679
696 4
354 449
918 228
979 864
-120 86
105 -232
-552 264
-983 696
-610 367
151 988
815 153
-407 -218
-874 -25
-893 270
361 173
279 -267
-181 -622
628 945
-453 425
800 -606
-957 -948
767 -382
586 74
-735 442
957 866
-43 722
-555 914
-12 -454
222 770
-599 -800
568 -775
802 -19
108 -421
-300 754
512 -536
-833 -155
-754 476
778 -532
518 539
182 800
828 -482
832 -801
731 -584
-404 576
921 -569
-62 -643
-977 -184
583 620
-965 -290
541 643
-98 517
60 45
302 387
87 464
-408 -101
358 -361
82 391
598 -725
178 880
-866 -321
542 -133
981 -823
-985 724
-437 244
827 304
421 -625
-51 793
308 881
-262 -25
396 578
317 602
645 509
-387 73
218 -461
617 753
-687 -823
15 692
872 -452
-865 -457
-382 822
326 -423
11 -617
-885 237
465 825
-190 688
-774 611
39 -475
-433 345
-23 409
-444 -621
-896 575
-329 186
-769 374
216 -744
-228 158
830 -371
-487 -291
-148 -385
293 -499
-281 2
-423 109
-576 -481
-610 970
-186 -585
-682 647
250 -39
312 -97
691 -568
534 621
-184 823
450 -10
-257 -599
607 -370
92 821
-479 610
671 398
-370 -76
740 -426
-631 674
-381 215
52 469
-890 -968
205 732
-41 56
-89 601
556 292
-298 643
228 18
-700 -521
914 -376
-465 -435
-142 226
-892 -101
-687 950
1000 23
-430 -740
-591 -528
748 13
-433 586
-222 -399
-483 -534
-815 -640
-362 650
172 -847
940 -996
588 -624
443 -183
-931 286
441 -456
890 891
-996 217
333 887
-398 90
167 622
-281 458
58 936
-254 -692
424 -743
-726 813
200 -642
-188 287
817 402
93 -344
-854 428
-235 -25
-515 -447
924 -80
-373 -942
-141 -641
-49 -531
-321 -378
547 -457
471 -268
-155 -992
817 456
750 -628
906 594
172 945
600 572
266 336
-810 -382
783 -104
93 248
607 -245
169 -448
275 -877
857 -425
-626 -800
974 -922
-361 -969
316 -508
-240 394
844 -569
359 -214
-155 -685
-321 681
-140 -107
913 -181
382 -636
587 -742
940 -648
100 -629
133 -799
-98 215
592 -114
562 150
-345 -914
-576 -855
175 768
440 -828
-238 353
399 281
-537 -99
-969 663
-558 169
996 511
-55 -297
-880 -731
230 311
-6 372
339 631
890 -327
-351 -382
-270 77
-32 -720
-649 -315
-988 329
623 -600
-555 273
-695 -76
40 -950
-914 864
-791 694
255 397
-189 -351
-105 47
-226 769
-649 -136
-672 749
693 -788
347 162
730 721
-452 106
-443 -544
-252 -31
545 803
42 581
809 -644
-30 -428
134 887
-645 236
586 -736
-103 -448
731 835
913 36
-227 605
503 -616
886 -422
-975 296
-900 -127
57 917
-79 -195
791 -921
248 -50
-798 61
-213 -352
-915 -279
773 -8
186 -151
-306 -341
-508 838
243 106
483 -556
207 625
190 -306
-949 8
840 -989
470 335
277 -547
-89 505
-497 -99
-36 -325
276 -866
358 600
496 -287
937 660
-489 -13
-795 30
-125 -928
278 161
727 -559
487 -685
850 -330
-255 214
729 887
-244 -495
694 -441
380 605
-587 191
-589 629
794 111
465 489
69 435
101 -999
560 687
0 277
258 -121
428 -649
-574 -897
-283 -522
-225 682
375 55
-97 -71
405 281
-294 -962
-80 995
621 -626
498 -683
-306 822
-6 141
-584 -681
-675 558
1000 408
-526 189
-1000 -570
582 257
458 -804
-530 981
-109 108
-194 -22
883 -405
-802 582
222 -549
-2 445
-707 -376
-533 991
-717 22
-133 -569
-216 -504
-469 439
-641 -286
-296 -677
-74 239
-321 -624
523 73
-885 816
646 -789
-766 96
128 476
-4 -581
199 -871
101 -777
963 -730
376 -783
246 -28
930 785
866 -196
579 786
-10 -590
-599 -437
915 319
979 779
562 -793
-431 848
574 66
501 -416
333 -265
-650 -199
-382 -799
-560 -479
277 146
737 845
-206 20
150 608
628 -724
-197 898
-23 151
-368 416
-172 813
-369 -577
312 210
496 835
257 726
444 494
971 -157
631 -637
-160 348
-213 887
-706 -493
918 827
370 761
260 -892
30 604
-1 281
271 513
-564 164
-813 -218
-654 177
287 -225
11 267
299 773
909 658
-116 -385
914 803
-748 400
752 -302
101 777
-644 -236
266 396
208 -586
-184 446
-617 963
67 118
-607 -123
-534 811
275 539
-146 -420
471 -314
113 503
856 -647
635 -935
417 439
581 786
993 567
386 296
234 525
429 -722
-997 -814
-878 -626
891 -729
-703 625
726 26
-373 -715
-876 -33
927 394
368 577
871 -853
-342 586
966 -558
936 808
-243 -888
365 756
110 972
-175 646
539 -351
191 822
474 -222
-454 -481
439 -395
997 -91
703 559
639 159
162 463
-768 592
251 17
-168 61
-38 -496
-536 197
-910 350
-790 -121
480 -7
-627 966
-320 363
-737 640
-299 -623
-999 370
701 -149
-597 878
-540 362
-150 451
-159 633
-489 47
148 -136
1000 -408
-817 -170
235 -781
-821 -44
703 135
404 988
-576 915
865 26
349 -975
723 474
661 100
-495 798
-50 -549
617 -864
-242 -678
411 937
460 -653
-336 162
-497 167
-489 -552
843 4
497 -332
-398 229
-276 -576
50 979
563 259
448 -799
129 436
54 -908
840 950
271 437
528 -11
490 -715
752 -741
-739 -300
673 -768
-741 800
691 -474
-449 38
-370 -652
553 -495
401 364
-167 1
-594 -694
904 -679
-862 524
-565 402
834 -323
102 661
-907 864
18 -904
600 -570
-480 394
280 370
166 599
927 188
-678 -610
-675 -237
754 867
-112 980
182 -33
932 -549
-810 -510
341 213
920 265
985 -541
982 46
132 -751
-119 -865
643 -766
293 634
-782 340
-18 370
914 352
950 -571
311 -500
402 730
50 -409
-873 789
-140 -137
616 -905
-300 798
-556 3
194 -473
-930 16
646 -823
885 -172
811 -274
1000 995
-217 -730
-119 -58
-715 -55
123 396
-161 -530
977 916
53 -184
399 234
314 -540
-937 382
-941 -945
401 -540
646 -502
-62 674
994 -99
-662 737
-177 -223
-889 252
704 301
-300 644
-517 -706
-501 574
-318 -130
978 -749
461 -929
849 801
-857 637
-202 368
-433 370
-399 891
658 164
779 679
-836 542
-218 86
103 12
-87 -772
917 745
59 -699
-759 -887
149 410
927 10
-931 -323
123 682
606 -986
-102 654
304 651
-540 -772
-191 -531
-278 644
241 -634
765 -280
922 -923
-696 766
386 -345
623 -918
392 719
-897 238
975 -79
945 663
684 796
-875 -50
-154 -193
-745 320
-351 -956
-888 -921
-300 678
-659 -275
-214 282
-63 -332
727 370
968 182
-724 349
-456 607
-697 751
-188 305
78 -409
-395 321
-459 -973
-351 -847
-242 -15
538 -796
-151 -362
-118 759
681 459
928 263
598 -122
-343 -703
137 -215
-290 536
470 -621
-524 321
-699 985
65 -146
-192 556
-728 -785
733 820
-410 -220
311 -804
-138 -392
2 -703
-710 547
260 117
-545 26
916 -425
-747 547
-174 -193
-686 544
-313 83
305 155
-19 -479
842 -321
585 701
-691 195
835 409
-270 -997
159 501
-787 -447
449 -368
459 589
456 -853
573 657
-356 583
-237 -781
-464 887
943 823
-857 597
-386 -73
-408 906
721 499
-700 -563
467 596
-73 175
-490 385
-441 936
-509 -257
-193 98
-590 346
257 508
810 219
686 96
-661 252
-376 742
97 -165
692 142
946 -340
-416 197
-170 -329
888 776
-504 -955
-208 -923
-720 -182
-617 -863
-409 -668
-195 -830
357 -599
-683 327
-209 -790
-738 556
401 -371
-205 -478
-909 -655
-865 -182
-938 91
857 36
-737 -787
-100 -709
495 870
-302 -681
8 -259
427 336
293 512
-811 -742
936 -561
654 -820
-173 -329
306 517
36 -309
-22 -771
-907 -630
441 -998
-291 794
-879 399
775 155
187 -314
-982 -433
-422 -977
-758 847
-930 196
-914 -587
813 929
-512 720
129 196
676 717
569 -2
550 234
-294 811
-894 610
-378 36
44 394
730 -957
184 151
480 727
-916 -374
-373 540
862 136
457 -855
-928 281
807 722
-474 305
-573 -267
-23 354
-443 730
-378 -739
211 250
-487 -628
528 -606
207 797
69 -659
99 369
843 -997
6 -449
-581 5
-618 512
17 -816
-136 -230
-255 406
-45 549
-290 15
720 -534
-933 -307
147 774
-116 255
169 454
884 -5
19 626
123 -981
-424 -495
-496 608
-340 -18
825 821
-336 223
167 -51
-843 -124
174 -610
-445 -107
865 147
-892 -613
154 767
-577 -428
-476 914
-565 711
430 -362
288 999
-561 -6
9 -964
-84 -52
-537 -886
118 671
287 478
70 -931
444 -349
-215 468
850 713
854 0
-79 -305
338 -86
583 -412
-396 -245
-775 755
-124 -492
133 -919
-345 -991
963 927
558 920
43 161
-977 356
-101 -123
-316 -758
-472 229
-707 -526
-841 -107
-276 -420
906 -51
221 184
140 -208
988 -97
-829 -612
-855 145
772 -351
-49 7
582 962
526 482
827 34
206 520
-116 874
823 204
250 653
-173 -308
-357 694
109 -406
683 -5
463 77
247 67
-927 721
79 623
541 672
-289 601
147 -855
347 -637
98 844
-736 171
-694 -358
-495 -765
-547 608
-943 711
635 -341
90 -518
-474 -86
-787 -473
-618 695
-647 -743
-376 -125
-152 -773
-422 323
239 -218
-111 -227
-104 -37
124 57
-357 -555
532 -13
-174 -362
-850 192
706 -590
-317 799
437 91
-617 133
-844 -754
-751 -531
360 482
-699 -227
43 549
274 872
-876 167
371 954
-848 344
-657 -340
-889 -533
-730 125
-54 402
221 -201
-171 871
412 395
-681 153
-798 992
930 -37
516 815
691 -194
-917 822
830 338
325 -151
667 424
-669 862
-50 40
-115 281
-540 -528
-675 -905
-876 -492
370 -784
142 -281
-240 -284
-489 -687
936 367
186 818
215 762
-540 -628
-37 675
-385 -103
920 -530
-168 -424
-920 -622
-932 463
987 -464
-474 -599
-623 959
-960 765
971 -374
113 429
-892 -939
855 -133
-698 -123
-469 -142
487 168
674 -54
619 -839
-328 102
-76 25
616 -604
-635 -714
-333 -923
-852 -533
-953 154
649 -565
-566 234
784 28
-719 326
421 557
357 204
438 -428
198 -499
865 -256
-413 -731
-728 884
-783 180
-178 683
110 -295
206 382
-206 -940
635 8
943 -912
-121 520
924 63
-388 -786
893 803
473 -458
777 361
507 -863
-241 146
-239 -876
350 93
445 390
4 -337
-168 -328
304 -997
-335 -595
578 -634
662 -806
-751 279
148 702
605 -615
13 -437
53 976
-871 -8
-181 -754
-41 -713
-499 593
-849 -438
-424 -997
-514 407
254 -417
497 943
361 -9
690 -641
961 -529
319 -871
-962 -917
787 145
727 -642
-24 546
-606 995
-307 262
-898 487
-972 98
-440 -519
-442 -841
685 35
283 892
637 805
-951 -698
-434 -376
-658 803
-267 870
651 756
-594 152
-55 698
-401 -165
399 -495
517 -786
527 499
65 -324
474 68
704 60
-885 879
345 989
-855 -753
924 -220
779 -646
-308 -625
826 587
-745 405
-24 -280
14 682
-518 345
490 -137
595 -978
754 574
26 555
55 513
-201 343
127 143
578 135
881 952
-159 528
-720 948
883 868
-709 649
972 -253
-663 53
319 821
-965 -717
-420 478
157 110
-865 989
-167 -319
-642 359
798 312
-50 20
194 359
176 -871
-881 -48
-293 -694
494 570
-743 -448
316 -226
201 367
-200 803
774 -472
-694 751
814 -806
-498 -65
-973 -31
-288 -911
-396 399
552 868
340 354
-565 337
74 645
-584 733
-891 -233
-355 -633
694 707
-525 -447
778 371
844 -353
813 -230
756 -55
219 -430
388 -733
951 -986
120 -640
-286 -869
-954 0
-509 755
503 775
-271 -182
-316 996
-287 -707
705 -589
660 602
-925 908
-655 -143
-163 -295
306 277
-365 -796
444 -113
605 614
742 555
87 850
50 -681
-12 248
-987 281
-901 -736
455 51
287 993
-288 -568
-332 582
-18 122
-652 152
-488 84
-686 561
923 -108
812 -320
182 -527
-350 -516
891 438
573 950
927 715
16 -841
-690 -797
-444 408
603 -8
-762 -377
908 237
466 829
335 853
-817 -935
-449 734
179 -5
-851 370
-541 109
651 -340
-559 -247
237 655
890 626
152 -342
-461 -301
-261 384
270 -15
-621 -786
97 659
622 -261
105 -824
-405 163
181 -863
-795 -850
758 -846
522 -875
872 -29
-695 604
927 -766
-951 -775
679 469
677 -976
-628 -204
620 544
325 -316
-616 819
58 122
-220 271
501 -110
149 343
-573 -651
-630 923
365 -378
237 167
-857 -542
789 372
-870 -919
981 -847
-760 -334
-115 -271
860 1000
-295 -136
-754 -70
775 -984
640 351
590 -98
-938 -289
-726 303
-425 347
-285 564
85 -373
745 -288
261 589
137 760
-151 214
-555 583
-943 -520
248 -541
890 831
459 -774
-559 -332
107 -922
869 68
-576 777
-779 -91
132 943
846 365
557 -590
69 876
-124 868
-857 -139
-489 31
840 742
155 727
-23 -199
233 548
-300 738
866 534
-365 608
-464 -86
-135 -455
-561 917
-976 -214
-402 -647
-171 821
-165 -693
181 -746
-470 501
-136 -886
45 700
-784 -44
710 328
-220 845
438 -60
-736 861
225 215
-318 -405
-256 560
-788 -461
803 -491
85 -984
-270 -414
-11 942
252 -706
-182 681
246 840
47 -883
381 964
757 -701
359 -51
-110 104
727 153
388 375
-733 855
349 -186
-185 225
-123 741
512 -17
214 -176
-440 -223
-656 -969
-490 -2
-645 448
-365 502
-392 213
-463 -905
279 787
-894 837
152 941
527 -589
662 -60
242 -302
337 -562
-599 0
-330 549
118 46
-966 56
-629 375
364 258
-242 2
-995 14
602 -111
74 412
320 -597
-615 770
170 923
-762 71
829 371
-826 864
-57 -844
402 158
96 -706
-453 862
-137 230
-466 400
979 754
-606 -393
-776 -436
73 -689
-198 -261
926 813
818 344
783 -953
-448 -559
665 445
784 -540
-133 302
-360 -15
664 637
-988 974
686 702
-679 873
-696 -895
792 238
723 -579
-409 -716
-250 -362
-765 828
44 -791
757 -190
314 -105
874 -91
99 595
-822 -8
96 -307
301 731
-667 988
-47 26
-948 201
367 496
742 -995
647 78
882 -411
528 455
-535 -625
-442 31
455 983
-901 802
-413 -354
-824 513
566 -824
-569 95
-578 -46
476 -392
-380 -367
285 -482
-425 372
-73 67
849 -340
-290 824
-832 -164
562 878
871 -522
613 154
754 917
491 897
-829 315
-654 -838
