6054
148 329
-772 -441
162 -681
148 -750
831 -688
-95 -106
550 342
934 917
-663 24
-748 -314
499 -91
-185 -102
-207 613
-168 273
187 -615
-588 -746
-929 188
-340 -667
-801 306
382 -947
885 -204
303 620
829 125
-368 922
497 154
380 -838
-242 -479
-265 200
-389 -586
878 -169
-791 136
-368 698
-524 968
-675 856
313 37
-285 -680
-377 -622
672 -629
865 -346
-22 651
118 -844
-128 5
317 388
141 -410
976 677
-438 614
-118 -87
307 64
-419 395
585 -375
218 -179
-994 164
-149 -629
-596 527
383 712
-117 171
847 709
176 324
-921 -471
99 273
455 792
-398 -265
-220 617
-883 -850
969 218
812 560
-89 965
-700 822
201 -790
-117 -483
-495 -290
-420 -654
934 -607
-735 125
344 884
-168 -855
863 -381
841 -939
-586 390
134 -647
-187 -877
-463 -220
499 940
-927 418
-25 504
332 970
-105 -219
99 -975
-10 -586
-422 598
25 -368
22 -262
-557 -479
917 -213
-798 493
-517 -958
-439 -505
-552 861
-333 870
689 -712
-465 743
578 -603
-660 -81
-543 -989
-266 -9
-906 -484
-182 161
-779 -51
58 724
207 969
-843 -325
328 -721
179 -49
835 110
216 717
986 831
-776 572
764 -357
-692 227
308 -124
134 -281
-689 864
734 -987
225 767
187 -245
977 -259
-987 384
779 434
339 818
-998 -67
-594 -161
-119 -548
-179 56
581 135
907 -681
304 250
-446 369
-812 742
343 -6
489 973
763 -336
727 172
44 -156
-821 -813
-126 586
-137 -793
-398 824
-904 -233
781 613
-170 -643
-589 -190
980 -879
782 -389
920 -439
608 -812
715 -833
846 -158
-687 761
943 864
373 -582
-132 -857
-194 703
-396 -145
-489 192
860 71
-842 -574
-948 -865
224 -247
262 476
-28 422
431 -769
267 364
-664 -85
-806 -650
349 -370
-744 461
732 284
931 -370
-316 502
883 -245
813 879
-773 -41
-9 987
207 90
-598 278
-247 -41
-976 -602
-521 369
498 -222
-998 793
-379 764
-183 -164
510 -207
628 801
104 -118
-206 -161
767 -823
884 -647
-221 -488
768 -795
-857 -313
-668 400
814 428
292 -775
344 855
291 -510
-401 967
282 -299
186 -979
592 -655
-797 -928
-476 -348
-431 -980
798 159
-120 683
-436 -760
-566 -451
436 -656
-164 5
-262 -636
-945 -589
-532 543
-625 -488
-62 -41
-817 195
-853 -383
-801 -186
375 113
913 -900
2 -772
620 172
34 -799
119 -262
779 910
698 276
-640 281
540 -242
-756 -660
812 821
938 -870
947 -437
39 -679
-359 649
247 -172
621 -518
-603 831
-279 -32
654 -363
288 771
787 -48
-282 -132
724 -513
72 -268
141 -639
-689 -43
58 -184
954 577
-968 128
-894 425
182 -423
918 -953
821 -31
-132 -474
176 -2
355 135
-586 680
-575 -547
-41 498
-71 -496
-235 -147
-803 763
-528 60
-729 841
816 -472
-912 105
260 -108
412 -294
-74 678
-65 -867
-317 -856
-322 -345
-504 -497
100 503
357 -415
333 -781
-837 80
785 -120
255 536
-852 -923
-486 -205
394 -827
-328 171
-46 -499
-100 -31
710 38
581 -546
717 -725
-141 494
549 -329
652 35
670 -897
999 -799
152 -626
318 -678
-809 302
735 -605
320 -284
-152 476
730 35
810 -252
500 576
803 517
-712 839
-669 -535
9 989
308 -783
388 -919
-95 -679
826 324
-611 -584
59 -668
-651 939
-706 13
-540 -553
-377 -518
-532 335
-89 211
-930 -810
178 -411
-187 107
-910 813
-662 -658
211 210
369 798
-249 -151
-147 814
-637 -736
-670 -168
-462 -65
349 -235
901 682
-54 -696
-363 42
321 -435
-663 723
493 -920
179 323
-39 -552
594 12
33 856
-977 -693
76 -808
61 -165
688 -743
-851 -467
452 -324
939 650
152 56
-921 -249
-648 -38
-106 -924
34 -672
-839 359
-465 711
250 -842
898 -256
-907 -170
-355 213
-4 591
-547 -474
430 -991
464 -527
627 951
628 189
205 503
873 -680
794 -815
-761 325
943 -245
-151 -586
-624 962
-963 -352
-105 242
375 -898
204 -773
-687 811
-28 -584
-923 -627
350 -622
-131 -389
425 -431
406 -501
596 -56
-547 -472
544 179
817 753
218 440
-238 -949
-761 927
453 -727
806 -337
-25 -117
999 -45
978 870
300 -796
-671 -655
-323 934
-842 -508
459 -8
645 -352
889 481
-694 936
-716 -85
230 899
-380 515
542 352
188 -329
-322 -727
-768 24
203 963
947 635
690 503
-425 -412
443 667
140 -543
-982 369
-778 -830
-89 -979
-741 -965
-17 638
586 -144
597 316
-720 216
-757 594
-780 34
-893 -997
-974 -438
401 835
872 721
-984 582
956 404
-69 -58
-257 -297
567 902
917 498
-841 -974
-283 -86
-552 -25
175 878
-752 24
-68 193
-191 -628
-866 40
581 -723
-138 -262
492 161
-580 759
486 -991
-509 -948
247 -633
-243 -490
-429 281
137 -366
91 -955
197 -668
-600 875
-797 -131
-373 -872
615 -68
-450 742
473 -369
834 372
-43 -88
-462 434
745 -188
-993 746
-204 -321
-936 -79
-658 394
-177 522
-784 -585
491 824
738 -626
-775 310
332 -143
-505 -165
-803 -49
416 930
314 -299
692 -423
930 894
188 983
622 -388
966 -1000
-670 415
953 376
35 -612
-906 -419
476 -84
-678 344
-790 -9
-417 394
856 -114
320 422
-215 -567
970 844
-552 -736
597 700
572 236
597 779
504 291
129 572
-995 -316
-214 142
-151 -900
706 487
-191 -507
346 835
-90 -854
42 622
-871 -738
982 -892
-379 -275
-715 -870
533 348
-790 -466
-613 -554
-151 637
575 268
306 826
-20 -659
-167 38
-573 -559
-545 174
588 246
876 360
-692 589
302 -47
776 506
-454 904
711 231
-445 713
-956 728
201 309
736 -524
-635 324
-383 149
298 -679
16 -55
-157 679
-937 583
-224 -66
-926 226
-348 145
564 347
-317 379
758 558
452 936
-864 364
-744 -905
361 -791
10 -4
704 -370
554 -988
956 774
645 -16
-593 534
658 247
-892 48
-824 584
-835 -705
-394 41
-302 -231
921 -813
-350 789
-784 755
601 855
-321 812
460 -802
816 -815
385 683
-731 -253
-21 -581
-195 -681
-510 564
414 -585
14 721
-167 499
248 631
897 575
368 -85
-55 72
232 115
-572 454
-376 430
-560 890
-856 -157
-35 697
143 701
-630 -202
807 256
-584 816
-73 -435
399 228
-12 -580
646 -660
-202 718
-48 263
-149 -631
904 107
428 -232
-951 -427
461 -339
-436 505
-52 -139
-287 943
298 843
200 890
506 -688
-265 712
77 -464
-612 93
-894 525
170 284
722 -637
637 379
-718 -315
-789 -7
366 -286
-671 -918
-573 295
404 -143
467 -473
-145 -186
-863 946
-413 395
-640 811
-865 -32
617 634
257 26
-573 -414
-687 -713
-407 -375
256 481
-601 -989
-27 -292
-378 795
-11 721
653 -598
949 639
-452 -704
996 -226
-534 -617
-637 493
-958 -11
-596 887
-837 527
-693 -678
164 -911
-742 986
649 684
-227 -101
-993 -243
994 -534
-128 -390
-213 -645
406 -210
201 742
-637 233
92 315
854 -949
94 -779
765 387
-558 -61
337 -459
939 -948
-203 817
-153 -275
-392 -551
53 693
-253 -305
-677 558
981 215
-596 -199
-581 -857
-368 173
349 -726
-802 -662
-884 -607
-811 207
-957 -846
-792 259
13 551
905 -298
394 351
-733 238
808 -176
471 -630
-669 -15
109 988
279 -2
570 -293
926 -898
-957 -870
-664 386
683 375
-305 -553
770 979
-75 407
400 -884
252 -458
-58 34
-963 -353
397 339
31 -334
65 769
-877 556
-234 756
-323 -962
-567 64
-965 718
793 -892
540 -497
659 407
-249 -619
478 509
-136 -869
305 -215
-535 -663
-965 -643
-78 -489
963 864
737 829
-876 893
-702 -157
583 -561
-497 915
-775 -573
396 -15
-859 746
679 203
-590 416
465 744
569 -123
-948 -61
-741 491
-111 447
147 607
-194 461
-778 992
951 860
754 964
820 -919
-56 -721
162 -938
-69 550
274 589
-312 -139
240 176
-562 -966
946 -563
496 -55
-688 113
-47 -135
-588 -648
89 743
-995 200
795 -807
-84 0
701 790
-24 535
189 -408
480 780
383 -259
-376 -967
-910 -489
369 699
-472 273
-359 -812
-196 -763
-834 -406
85 -902
-614 -819
-43 550
173 520
-203 156
-35 964
729 220
-544 -334
790 875
646 -205
-794 462
264 -268
-243 -633
638 85
722 -778
-999 42
10 -397
523 -522
654 595
599 929
389 271
-96 -103
-164 -821
-689 -359
548 124
697 -354
-589 725
-897 951
-250 936
357 -845
691 429
171 -639
171 880
71 -211
-781 347
585 117
879 -944
792 -469
804 -583
449 -997
-694 -65
496 236
-664 -731
685 -661
-369 -892
872 -636
946 847
-770 -853
995 770
-599 723
413 -457
82 869
-14 -889
-957 -835
-573 810
-695 -545
974 -172
757 -820
-851 389
173 -594
626 59
-676 899
-698 903
809 -840
892 -179
549 108
578 735
-963 -396
-571 -799
469 463
723 -437
694 -887
624 -3
-508 339
-565 17
854 -877
-900 10
34 301
165 427
-299 -964
-85 694
-78 314
613 967
596 37
-159 864
220 -536
-481 -592
346 -718
126 -647
965 -341
234 -7
-474 189
-242 126
302 -328
23 800
-489 -540
-228 460
-996 315
-433 866
278 42
-910 563
-789 -733
272 -803
-765 -696
-77 -419
-351 146
-60 -921
275 820
-990 -135
817 543
-94 964
622 668
448 -135
253 264
554 890
-538 -278
-845 -701
764 -576
224 -481
798 -46
229 691
625 -412
-796 -913
726 700
817 -557
121 -52
-981 110
80 -646
-831 958
299 947
-607 606
486 506
-9 -54
6 -3
-266 -559
515 258
334 747
331 -98
416 102
-836 -738
703 -430
-886 -357
-425 992
327 -789
-662 1
-1 531
-905 884
-991 -994
-874 -60
298 -131
-320 474
-463 816
222 524
648 234
-474 612
-874 794
773 -604
653 -219
-725 -891
984 -941
392 199
269 221
308 -584
167 463
-134 718
-856 694
-290 124
310 713
168 785
751 447
-277 -844
218 892
990 338
-784 -373
-414 36
907 -15
39 -536
145 -174
-631 447
-86 -616
857 -865
970 326
133 -109
532 648
-320 -136
-645 -14
365 548
401 -992
410 235
-140 -433
792 -558
87 -698
-450 174
549 23
370 -904
-919 713
-423 -304
882 -765
881 37
699 -477
204 -53
-214 17
-541 -418
-208 -130
13 644
537 -302
-649 320
-682 -524
-781 261
-301 799
471 -695
520 -160
427 931
-660 -906
139 -727
612 116
70 -179
-926 52
-585 188
-700 -791
71 750
-120 617
-938 -199
-466 882
834 -691
-556 88
-431 210
-167 949
779 89
99 -940
155 -517
-133 334
-127 744
-52 -650
-97 52
599 375
601 687
-475 770
-759 -745
-462 -822
701 959
95 787
743 355
-90 -180
-179 -91
-466 -549
-548 121
338 254
-857 296
494 46
640 342
229 214
-77 -435
-614 -355
-599 -525
-119 -426
572 -1000
8 -696
27 792
-188 -515
462 -314
590 518
-889 -304
-316 -466
-359 -345
-218 300
401 897
-23 -550
-186 436
-393 -419
244 119
-411 -611
412 688
-81 228
824 442
-599 -68
-648 -804
-37 490
-124 -247
754 -884
139 -47
-584 698
-52 -305
422 93
-410 -919
944 260
-970 -928
21 -530
-506 144
207 -645
650 208
-972 60
193 -914
-771 -771
298 -765
-308 204
-385 964
-155 221
-110 69
706 -39
365 -262
316 200
279 469
803 -296
-284 329
-768 905
-607 115
-820 -798
231 561
-898 -748
-779 -373
710 -706
384 -453
-662 -393
332 -709
-376 -291
-139 -120
-848 517
-171 -296
-875 244
786 266
997 395
814 -508
-430 -913
641 312
733 561
84 -998
28 777
499 -988
363 -453
162 268
-102 -683
-994 -93
-97 91
-453 -565
-915 752
422 899
-731 -747
845 165
-614 -271
-637 -700
771 945
-680 122
978 24
-679 -233
-48 -296
883 -233
29 883
-353 77
810 708
-974 266
574 355
-928 948
-811 -698
-814 52
-105 600
477 -547
-126 -752
62 428
454 -274
626 355
-523 101
394 44
-931 -205
-615 -493
924 64
-732 -520
-306 513
-688 -170
-577 -8
-410 -11
344 531
278 145
-699 901
-123 590
349 362
-933 -305
363 -257
-571 65
222 940
927 502
-814 -255
598 -59
925 197
-316 -302
493 -890
-427 328
-367 -84
-924 757
379 829
585 -638
205 -661
798 211
978 414
-546 29
-265 -800
-348 109
-758 133
972 562
-630 861
631 -54
-205 -671
-341 360
-511 564
-509 28
227 -166
904 56
-564 141
599 737
-15 -185
-469 19
-267 -429
-656 -527
-965 377
701 798
-73 -642
741 797
783 755
431 -764
-181 231
-967 -972
527 -520
189 -635
-946 -641
-838 2
-722 550
995 -8
-270 824
354 524
-692 102
934 -434
-775 -258
947 879
-813 1
515 129
-843 -495
395 -66
-894 -852
450 -541
699 -690
-317 -570
923 -939
-11 -265
881 314
-374 464
-378 612
-975 10
-560 606
193 581
-288 -74
882 130
140 551
558 -715
893 -12
-500 962
772 483
-374 -72
-888 -193
-153 708
570 973
214 189
795 -669
-880 -183
911 -693
305 819
-335 -252
-661 -665
-333 829
-378 563
-852 182
-16 789
-992 857
-280 -249
119 -239
146 541
234 -636
-756 -421
-882 652
-856 191
-861 945
-664 -759
-747 -130
744 763
133 914
250 828
-260 535
388 880
-806 283
709 -99
562 -25
500 -169
99 281
594 -860
675 328
918 -691
-75 158
291 25
491 669
-183 -164
-656 632
-755 847
593 679
373 242
-66 822
-870 -367
-108 -705
107 188
757 -114
781 -459
-310 5
-77 -555
77 -11
25 870
476 889
-521 360
545 -242
721 -785
697 663
257 -840
782 -654
187 -785
-55 514
-63 -375
335 188
-600 175
-27 -705
415 -573
-357 -162
-38 517
-536 -475
77 -729
-327 153
70 564
750 622
-547 861
357 -816
-727 404
-297 -493
55 498
-496 509
-29 -869
-487 693
520 614
-21 -111
639 758
-837 -997
38 51
-255 104
-225 326
-966 -931
-432 743
-712 180
612 -850
-572 661
-579 -41
203 -966
33 362
841 -815
465 626
-138 -720
-257 620
-499 -500
-314 -397
60 -667
524 -475
29 380
608 -26
-276 -59
249 423
801 752
-10 986
-907 896
125 365
180 -816
138 -184
277 360
-592 81
-635 209
335 -417
146 648
712 -420
586 -970
-483 -478
-487 -677
-237 -317
81 -853
17 796
840 -112
861 405
261 -366
-669 582
-102 -8
-49 -294
-164 777
310 -62
157 -933
695 108
497 -183
416 321
266 13
721 703
-708 -709
347 -117
-756 787
-723 -134
-358 -246
351 414
223 581
-891 -367
341 977
-822 380
221 -826
-853 545
-263 -918
-583 -843
-644 981
949 -769
-982 921
-732 994
-62 -236
145 781
687 586
230 -63
153 -832
736 -27
149 -781
-982 -651
-821 886
-129 -540
-688 5
904 5
691 -140
659 -552
-91 382
-85 -584
-973 410
327 -214
804 -571
674 18
-702 -577
536 297
-703 -838
1 863
-342 -332
858 -788
976 -677
-913 -380
728 346
822 -771
497 185
61 -899
195 -229
-521 504
-844 288
233 984
-22 676
-958 -617
697 61
-21 -417
-36 747
125 -171
-279 -671
960 217
491 392
83 -403
-81 -832
252 415
-256 855
548 -351
331 477
-157 -680
-772 835
-95 539
860 69
-540 -290
-926 -201
-838 -875
185 123
-254 -480
203 857
500 -574
-134 -156
367 -460
267 -913
986 909
450 -633
-390 -891
-114 193
599 -664
-328 -966
263 42
-586 854
444 -96
-328 446
355 -455
505 540
134 -673
991 -113
-299 -429
925 301
915 365
-750 -378
-723 -243
-695 726
-844 265
-585 -219
946 316
-78 -203
-336 -140
-545 -814
167 -135
-507 -865
-582 -342
-404 224
-413 297
-485 886
965 485
260 656
-6 -200
-280 -793
60 488
-898 985
190 746
891 88
-13 -519
880 -719
97 507
-559 918
801 632
-206 -364
119 241
-760 722
321 -619
718 -676
29 177
80 -221
672 570
305 -929
-107 543
-312 880
-294 108
-891 -694
-197 -625
-104 -38
-657 608
429 449
108 -851
815 -725
940 509
-233 279
133 -554
434 122
589 -494
-162 -469
-78 -137
491 939
-547 853
758 -131
-517 -387
382 -164
242 -499
-58 -850
-699 -635
-564 389
721 -684
-250 -816
-969 988
-371 -762
-359 -558
463 -486
407 303
274 -425
287 -670
-344 536
-532 -606
-965 -336
810 -420
-861 -993
148 461
961 626
213 652
255 260
373 -179
462 595
-337 -980
-970 379
-889 358
585 -480
434 -549
123 667
-278 515
-68 -938
278 -693
701 415
-533 -171
-627 634
-450 -786
145 611
-16 862
918 -129
-517 483
132 213
956 31
-576 42
-254 172
45 492
134 -33
274 906
-167 -963
26 -154
186 -197
-215 -874
-889 -7
-184 -457
954 -429
574 470
-226 -754
896 -223
476 -962
122 -357
497 -574
259 894
-701 -413
421 611
-5 -809
553 -593
-490 214
896 494
-528 967
513 542
-150 -427
621 615
-549 450
-280 -713
315 594
-938 -936
-417 992
-64 -542
963 614
50 -240
360 -917
-809 945
-153 -613
797 130
-382 -230
-698 51
-776 -476
426 -996
-568 -625
80 -102
547 878
-305 -652
779 378
163 -477
224 -937
-559 419
467 -447
-498 -231
543 639
-27 -451
-380 -802
490 920
272 25
283 -910
-443 -219
-838 -334
91 468
-672 957
795 -352
284 805
944 -359
932 701
-729 -457
276 410
-782 -932
-706 505
-236 -908
-108 848
-439 -24
-410 77
461 -611
-195 -249
-913 831
-859 -211
-489 777
-504 -964
-314 -810
504 691
-308 -603
-764 541
48 760
769 259
391 514
191 177
678 980
-905 273
591 852
373 1
-178 -125
937 -937
688 10
-839 -322
-518 -471
175 679
-505 -416
-328 917
921 912
959 473
883 753
258 -117
945 -139
-961 -347
54 -19
560 660
684 -293
424 -773
-414 805
354 21
-260 190
-752 620
-587 -429
507 130
-99 -432
861 86
291 257
-798 -754
-539 856
53 43
507 -373
-178 942
-389 152
884 916
-978 -559
-827 -516
-555 -711
-929 180
288 -690
-37 -429
984 747
907 696
996 793
840 210
310 279
423 -429
-640 -938
386 430
639 -17
364 -596
-992 661
-295 602
493 -250
-657 -738
886 34
30 959
-612 535
617 662
-294 933
-404 -281
-436 645
-239 -42
882 486
-548 841
-149 -367
627 -761
861 154
-481 -163
-664 -512
539 -679
222 799
-786 429
-442 969
-368 -366
-670 -482
-553 -459
-184 -766
-357 -730
-891 -978
-119 652
-344 -714
-110 -884
204 520
719 -570
581 450
351 206
712 -836
-482 734
40 -224
298 -10
-76 -560
828 -757
-132 309
383 -36
-202 447
-94 819
-548 30
141 267
-276 508
-222 -695
110 951
467 -244
-502 -798
-464 -268
-614 -593
-997 951
952 566
399 -288
337 -227
-163 -951
863 -729
-133 -512
884 -721
275 -262
-338 142
399 -366
-662 -625
754 219
749 404
-111 -99
-490 352
-73 750
653 246
87 -193
-141 89
-523 -987
-55 347
523 -326
-564 -768
527 -71
-575 -856
-955 275
-335 -885
-793 483
-966 -710
398 498
-549 -406
-700 -952
96 677
-136 118
-389 -188
574 812
-393 647
-92 676
-217 105
613 320
922 -414
240 -875
-502 -581
345 113
-882 508
601 52
-804 240
-316 -898
-998 66
84 78
-346 -744
-148 -678
43 -569
971 -17
-625 -373
-94 -715
-704 625
675 -107
-67 929
452 981
542 -941
753 -57
509 -345
61 85
-687 511
305 203
257 -326
579 -648
82 311
773 888
994 -902
303 455
-883 76
-250 -629
196 632
693 -386
790 -828
-877 325
-297 -261
741 -237
361 -111
-164 990
-502 980
496 -323
-656 654
807 248
-405 374
594 -430
336 -171
909 57
-45 -598
-101 908
843 -928
441 -749
985 -447
-777 903
691 -227
107 -632
-256 -788
-611 245
-647 906
-168 -756
74 -504
917 -820
-181 -846
599 953
-269 918
471 -40
-800 404
918 -859
-571 405
-191 858
118 177
-315 -964
917 -87
-874 -762
455 546
-383 950
-835 -517
499 307
302 869
401 108
-898 -371
14 549
636 -308
734 664
-63 699
-8 -442
-318 -69
-782 -860
380 -645
660 -948
248 -2
705 550
901 -469
791 -635
525 -514
628 -176
97 -734
-230 822
-159 -336
49 902
292 168
-381 698
210 544
-526 388
148 -854
751 471
602 -781
629 602
513 -77
149 -850
352 907
-782 589
-557 899
-3 387
-818 -659
358 546
183 333
785 -113
-364 574
994 -638
-519 987
511 752
172 760
-538 -588
-459 526
90 291
408 -550
315 302
-934 923
-54 63
617 -893
-311 -854
-275 -708
-660 -274
182 -631
765 -697
774 841
237 164
942 561
371 -478
-646 824
-500 986
721 124
-776 -795
782 -998
-873 151
6 -767
348 -853
70 10
764 487
598 -59
517 -966
118 852
905 552
-546 -954
-844 643
857 -68
971 -469
-974 -208
-789 -770
753 220
-793 513
-779 372
-636 124
-543 -926
865 -845
-822 330
395 23
-770 236
-267 -969
486 -756
-386 -605
131 545
139 277
572 288
381 -947
-418 62
241 -890
401 -780
-661 79
-254 219
-267 607
282 -866
-231 -217
-912 566
-782 819
345 137
-970 -943
380 486
195 336
-367 406
712 917
749 917
354 -612
-285 -383
-337 177
-267 922
412 646
186 703
-752 222
-778 -400
753 713
-621 -341
345 925
617 561
241 -709
-874 -781
388 515
-972 241
-752 427
553 -970
996 -379
-418 14
181 -688
-422 286
-367 -434
478 -347
-736 -647
250 -221
375 -1
660 -164
270 913
632 967
591 -851
250 -39
-686 759
-642 -68
194 -433
853 840
-337 -986
-603 -370
221 -29
931 246
966 -790
-265 921
-59 -623
231 594
-644 -406
833 -356
-763 -976
881 155
-254 -767
-869 590
617 512
152 -772
445 -249
113 -814
61 -500
958 270
850 -32
672 409
912 479
-380 -137
-812 -587
564 -33
380 827
155 -316
734 312
630 -761
581 -471
-629 -734
244 219
213 -542
123 979
927 -319
150 682
-422 503
-287 -59
-737 -135
-490 628
-79 229
928 -360
-408 -615
669 730
585 -723
988 -975
-193 -775
-913 947
665 870
134 21
19 -910
-2 15
-20 171
-982 486
-793 -891
490 902
45 524
-641 -809
726 530
-340 118
-456 986
182 238
-357 529
124 297
-150 -71
394 698
9 486
469 437
-199 436
-740 -976
-374 -868
-667 628
-96 -36
-233 917
-657 227
313 -989
810 761
-51 -888
-9 525
441 797
-344 -418
491 -986
513 177
178 -877
414 -634
431 208
-30 352
504 247
-69 -735
-795 933
-116 -979
683 713
134 -534
579 -715
918 -863
554 984
989 -415
-166 477
-818 -380
-90 -602
-104 240
471 -442
-477 -94
338 997
-36 341
-420 315
205 -770
509 -930
153 -576
-637 477
-630 294
447 -996
441 -546
-795 240
294 -259
546 779
926 -756
-619 187
-720 -474
-539 -76
346 585
-729 529
-821 700
54 -118
662 816
-298 536
-370 -62
-680 -679
-886 206
-690 953
609 205
-969 171
-74 742
444 -664
-825 -618
-496 -372
-384 383
462 934
-503 -836
359 -544
435 610
391 -502
-170 -843
-505 -297
-722 -754
568 -71
-548 -668
601 -343
-158 -275
69 -848
816 871
261 -264
-611 -951
-837 -552
-309 -639
824 207
-467 -805
-952 -487
819 347
487 -280
-456 569
356 361
-871 134
751 720
809 -514
124 330
-439 -337
684 -646
772 -983
-534 -284
628 825
356 812
880 904
542 420
-546 796
-780 338
-854 631
-970 499
-732 372
705 -601
-151 902
450 -311
-876 -20
903 -134
827 -3
385 -41
-454 912
-716 -966
366 258
604 578
191 -225
586 -729
114 -112
-824 -93
573 213
-823 -760
-664 643
299 453
496 591
-663 578
-275 758
-410 -301
955 -269
635 512
-831 -887
-505 987
910 627
77 540
-674 327
-593 -320
-901 48
-180 -438
-929 -318
-311 -132
-347 895
-357 -425
290 -9
534 -152
-582 464
-996 -779
839 -433
355 -657
466 445
-614 -688
263 581
-356 324
811 730
914 -571
68 -742
-628 -482
-965 -987
237 -483
105 383
251 330
302 897
246 -62
529 -774
-64 -799
-819 966
106 -673
176 -93
-163 236
-876 625
-946 -332
-478 347
-645 554
319 -936
-23 207
-284 -504
898 -265
-887 899
525 -213
-864 -877
529 533
-877 -337
-932 694
84 684
-998 -510
406 757
503 954
33 -408
-347 -597
564 -248
-27 -804
-694 169
-825 618
-25 -232
670 -920
-322 267
-698 215
-959 -865
-688 970
142 672
-150 -818
-148 -408
-485 -888
19 -990
-469 -278
-326 -137
-422 521
-587 -715
412 531
315 803
-75 726
456 -941
136 -495
-761 302
-490 -344
-852 -724
265 876
430 975
-606 -52
459 41
-926 -907
-909 -845
504 467
-486 758
-555 553
-816 -990
-770 759
153 746
528 808
-404 -47
482 -770
-519 10
144 -786
894 944
-334 743
-380 -263
-812 -327
775 -752
361 138
-989 936
892 638
-858 -784
136 -97
-565 435
-531 880
931 -331
-533 -193
-477 -314
376 339
634 -260
-967 -512
81 -909
114 -541
-337 99
858 -288
-832 694
-752 472
-489 987
-216 -260
187 -505
-313 -882
-732 -920
-3 -624
490 785
734 296
-670 -629
615 -564
263 398
853 481
-79 647
107 266
-601 513
-412 -888
-585 340
442 -209
953 -301
779 -329
119 906
-401 503
133 -679
172 926
123 -692
-360 783
-854 -11
130 850
-615 -483
121 -524
154 -852
352 -260
-576 226
594 -453
216 -34
765 -547
-708 -360
-966 -203
-659 -226
-510 -415
-911 -199
-309 116
653 -620
765 682
-503 870
-909 698
302 -110
555 911
-955 -572
77 -810
244 -339
407 462
36 159
176 284
-974 763
-33 678
-777 -277
946 842
579 -871
-100 -846
217 739
249 875
-362 80
234 511
-695 684
420 19
-322 -340
153 838
340 803
551 -536
-18 473
541 -99
-696 -815
-377 274
570 -719
895 -345
988 715
-598 34
-827 -75
-963 865
473 142
-10 640
-876 479
135 821
305 743
751 50
-527 746
-279 623
262 957
-779 -363
588 224
491 57
-879 -106
-773 594
329 -910
712 216
-407 567
953 1000
-992 256
-874 879
-507 -366
-242 495
296 -254
-480 -264
300 732
978 -95
776 5
-70 -989
209 287
-498 621
-222 -376
5 -214
-207 -998
952 -131
66 -82
-184 -289
219 845
29 916
561 965
-334 545
-332 421
-534 -866
-527 -584
992 -806
145 -193
359 222
-668 -211
696 -178
-671 -284
-603 765
562 779
-721 -512
-26 790
206 22
-365 839
477 -492
-462 -500
103 -730
153 -581
3 -254
-445 278
833 432
-14 76
919 -164
-361 -837
-784 886
331 -171
-577 -425
-817 -53
-97 428
-893 915
-342 306
479 -965
-744 108
-225 -687
384 -115
-812 -14
620 -397
500 -839
871 -415
884 114
-936 -470
-132 -438
-291 -203
827 -335
-739 -326
-120 -595
988 -925
456 -947
657 529
-344 926
-735 -680
-844 -803
-693 964
412 891
601 -925
-901 714
-401 -9
457 204
18 -403
-801 -822
450 263
476 192
209 -512
694 -934
363 296
-590 75
-215 118
-829 960
-676 -169
15 534
201 541
154 -572
-365 -237
-691 -730
-950 777
-89 309
290 940
-460 25
631 -911
974 -664
-425 612
-706 70
448 151
-8 449
274 -912
-326 832
347 959
819 -738
319 -860
720 767
-934 670
-209 692
-390 105
119 553
-995 -276
890 802
-261 279
-403 459
-770 391
317 115
781 677
-197 -658
549 498
411 828
-78 611
533 -353
725 872
625 895
549 -870
7 -497
196 290
-65 -224
268 -381
598 -763
-315 -422
771 405
239 -127
126 460
-951 -818
-139 131
682 -852
-800 526
-704 -496
805 963
-593 229
201 -665
50 593
-456 -338
-700 475
-120 634
361 364
-334 335
-380 -255
-167 -362
126 -289
195 -390
853 33
619 -376
911 771
833 -35
-623 -413
-95 -229
684 -139
713 -615
-977 73
-534 368
-205 -917
467 326
-84 -317
-766 463
489 132
-910 397
962 66
-424 -239
-427 -490
-226 714
635 -88
-740 -217
229 -925
746 570
-771 -118
846 831
-76 303
-602 865
401 -407
487 -43
583 -890
359 857
-676 154
-141 791
-690 32
-781 -262
76 794
-828 -599
-818 -253
261 775
-463 542
-475 97
-815 -646
-373 254
-302 886
309 906
-803 -223
-876 -958
608 -1000
718 -900
-628 300
-981 909
409 -367
72 -776
816 148
-114 -315
464 551
-86 -488
-939 136
-280 -299
947 -55
875 -209
297 441
-67 219
614 748
50 -732
-442 541
-556 564
-201 430
839 -168
-876 -576
42 679
-810 946
-527 266
100 121
245 685
-765 -88
-631 -466
-415 -529
-933 -3
435 -642
-708 955
419 -982
-63 231
631 22
-773 -402
651 -15
-606 -669
634 -22
494 70
855 -386
-426 -711
-553 629
775 -351
-568 -237
-296 325
-491 529
120 -497
691 715
-867 592
-693 20
-817 141
232 -321
583 -330
-132 941
-692 -771
-407 17
-180 471
568 817
732 -63
-840 227
-187 732
4 948
-153 -456
33 -482
-70 -798
565 706
763 -967
-850 -740
575 337
-826 -543
737 -648
-169 -313
396 -823
-132 711
372 762
825 145
396 257
437 795
-855 -574
163 -325
313 -15
-879 363
84 -321
-556 -244
861 -863
-530 314
-743 112
-954 -327
822 -693
-592 774
200 926
807 -505
648 -693
-359 59
931 -331
762 846
255 938
-203 559
-845 -688
438 -749
-702 -670
222 841
-116 -201
549 749
-503 126
-11 369
-841 726
-274 -589
378 835
922 -440
-265 -840
875 697
-773 66
-976 434
588 364
-916 502
668 974
21 428
-454 -20
988 837
-952 72
823 -950
490 91
871 196
420 235
912 -398
84 531
789 -536
760 25
-382 25
-60 -559
952 224
-617 344
777 -987
-704 37
-182 627
684 630
758 -453
-38 182
204 -17
626 348
411 -731
-401 61
249 -320
-145 490
-424 -10
-814 -155
-63 -681
-444 -455
-868 555
992 -372
-926 171
212 -219
30 -598
867 895
-711 258
-445 -192
-530 -793
945 634
-444 421
480 -279
706 -190
-86 72
616 882
-392 295
19 -148
-240 -363
-139 -785
-842 276
-809 -3
-841 88
-456 -899
248 374
-309 -443
-311 -185
-779 -126
988 -872
765 620
-949 194
-19 113
32 -105
552 -453
854 367
296 610
301 776
498 -250
-924 -236
350 601
801 435
520 288
-22 225
151 -608
-894 -596
93 -570
-728 -260
-895 182
450 -164
106 32
792 -228
909 -896
141 696
-123 -903
656 178
743 444
-918 -220
716 738
-348 277
-892 -442
249 733
161 -161
-407 872
-967 233
96 -684
548 -205
-267 427
-196 -88
-936 87
-328 508
-268 464
936 455
677 -89
-551 566
17 40
-256 158
-474 -78
930 14
450 487
-583 390
-823 859
-164 -116
859 -960
577 276
-929 326
-335 743
-283 720
-503 -129
-238 475
883 31
943 122
866 -703
194 -355
107 -870
5 -306
-203 -374
562 362
677 399
990 365
-295 913
-432 -871
-91 670
-293 663
56 412
-470 -873
-254 -540
-704 480
-969 -204
-974 -14
-161 557
253 293
148 -405
45 -468
-879 662
256 -431
953 73
-445 -842
409 -146
-909 -236
234 643
665 -828
934 586
-212 244
-57 -528
95 -425
968 -708
346 -837
-587 -684
-302 -391
-261 243
660 849
-676 -185
991 17
-521 -721
-749 667
256 120
-217 222
656 405
-489 814
236 271
-204 -629
-747 678
511 -677
-717 279
-160 96
518 167
668 71
-917 -134
929 -186
-582 954
-800 820
889 321
-94 791
-811 434
102 212
317 706
563 -939
288 347
649 752
670 -244
42 -375
523 201
-162 407
108 -720
-553 -283
-271 36
-876 260
801 -676
124 -712
996 648
265 161
996 -227
923 -180
614 -652
795 -99
-471 811
-211 -949
188 -770
564 364
-435 -378
-244 73
776 164
299 -464
228 866
-754 203
39 -477
318 -728
-676 126
94 848
87 937
716 -301
-439 127
77 837
350 -195
-941 864
-707 302
821 -674
214 -64
-397 655
394 -92
-243 727
472 -767
-89 363
-111 -825
-400 383
-599 -394
-827 76
-63 -94
201 270
-810 -854
-330 -589
900 -674
-25 -984
-201 750
276 842
-420 -319
-828 866
-108 663
928 820
-120 -285
413 378
-541 -458
-337 755
-560 -717
-87 682
660 -786
293 845
633 -73
548 306
-719 292
417 -74
940 -391
823 -873
-97 -231
-392 -338
-507 -945
-832 -56
121 321
732 761
-214 -300
323 -270
-848 274
8 753
940 671
335 563
-700 177
507 -547
-148 676
516 -605
-250 -157
990 536
-13 143
233 -108
635 967
664 563
-33 -757
766 475
-791 8
506 392
-993 -88
-909 475
-260 -796
-955 -59
-4 -227
-371 558
174 -275
-333 -250
-187 -889
730 -201
728 217
64 -585
-757 -48
434 -395
278 -320
-854 276
-668 -139
150 -188
993 498
577 -324
-189 296
265 -651
86 104
-36 -682
503 -889
-83 498
304 101
563 -155
754 -638
651 389
178 -334
162 -766
-844 -562
-548 -168
-909 738
-581 996
969 255
-366 329
508 996
-58 -576
-296 272
548 -724
-805 720
-954 904
-429 192
-24 -472
336 -320
737 -739
-248 247
-996 72
387 -224
789 394
-499 -306
-378 -762
160 804
873 -946
-210 501
517 -349
-58 -81
-428 -293
-688 -34
-255 -415
-716 -7
-286 650
670 -504
-676 -160
991 -555
-148 543
-656 -67
176 616
-17 614
-256 -289
-632 -557
-366 -654
346 835
640 -969
-731 26
-46 -672
-639 913
804 -580
-817 983
260 179
-387 601
156 259
246 -20
952 -903
9 -292
-534 -469
973 -371
150 907
-669 894
390 974
573 -144
284 597
-827 650
-232 -879
399 764
-794 -740
-730 290
898 945
718 -731
-575 -652
-240 105
-192 -108
-590 -827
-685 -27
-830 -843
-465 508
989 186
-798 461
-741 194
870 441
-261 -641
679 237
-330 -378
-441 -327
686 47
797 -534
-427 -244
89 713
-93 503
-486 639
940 131
787 712
-5 -995
389 -825
-385 -774
-429 -728
662 -679
-267 -695
-505 -494
-539 1000
-395 998
-212 433
-92 144
607 -167
-374 -106
756 -676
265 -54
-644 -873
672 -932
953 212
243 -765
198 566
923 6
53 417
275 381
162 -56
804 -251
344 837
478 682
-119 743
864 216
510 593
358 471
-817 855
104 135
277 351
-828 -554
950 673
679 381
-517 932
-522 -186
-607 -507
-84 935
-882 644
-170 87
589 7
-580 103
-617 -46
608 178
678 53
735 228
955 596
-599 909
331 -636
432 -308
-249 -318
241 -895
-884 -629
-616 5
-547 -282
-666 -820
-500 962
-811 567
-471 533
-96 -621
734 -6
423 -891
41 -450
867 -975
-739 51
-16 772
431 -822
-442 588
326 -801
694 193
246 987
-789 121
233 388
658 369
-84 713
382 -320
-85 621
-951 -738
831 -32
-88 974
-67 -292
267 278
562 50
-77 -242
975 -585
-64 -725
-83 -497
-128 -947
-672 841
-973 997
637 342
-768 893
-120 519
-109 756
637 -907
464 -195
-996 87
588 -290
561 -413
-786 -382
-469 274
51 853
378 -204
-173 -828
-780 256
-243 116
87 612
-193 -614
-753 827
-730 -79
425 -973
-652 -123
-104 414
-224 -301
747 1
-46 -811
288 640
257 773
-910 -678
793 647
-841 176
-710 672
-322 -391
506 552
766 -83
557 -598
-167 801
-603 347
-515 -576
-806 -200
635 -65
968 -923
-929 34
-500 979
-222 -571
388 289
911 619
-248 747
-244 -446
-80 -585
674 -511
944 -613
365 -745
345 -184
808 -565
127 825
203 -605
945 -839
-677 908
-472 602
313 502
75 934
868 964
211 161
-224 998
-613 -329
401 -851
603 175
671 265
590 -51
-898 -517
-17 -373
-908 -259
758 117
-623 -395
-405 247
148 -773
-88 -726
240 -772
525 -396
748 -728
-500 -488
610 852
710 -249
-360 334
-780 -493
-467 95
-944 997
880 962
555 299
78 -984
-636 -15
577 895
219 862
560 472
-937 -832
-406 -790
174 -941
-119 -925
-868 -344
601 586
824 -937
487 658
351 162
-284 554
169 -99
-35 -768
914 -293
-698 -781
-856 -953
-606 -82
-119 -379
-326 -314
-120 -731
746 186
-757 63
627 857
-420 444
304 522
825 -89
504 -456
-876 -714
538 270
967 593
450 -711
27 -52
-493 -408
-53 -742
-928 -514
-682 -745
-155 -162
686 493
60 -824
-320 -365
-185 -659
-780 630
667 295
133 -420
-465 153
-65 121
-246 -769
242 762
-318 430
-637 -605
-142 -319
18 343
-968 -913
-332 -485
-73 -390
400 423
-121 -144
880 631
212 557
498 -17
360 178
796 528
-996 -724
878 532
-930 -423
77 252
-184 -904
-421 670
-670 353
352 945
391 620
76 -369
552 319
243 -395
-897 389
571 -899
-524 383
758 57
-16 -689
223 -724
-638 -281
-217 566
532 -198
811 479
-669 -424
-365 157
-695 483
-706 633
496 395
-339 -959
167 489
-285 -347
-479 -976
-865 -601
-32 -125
-440 444
425 821
887 -490
-1 335
401 704
248 217
82 -448
307 -708
121 -83
-383 -649
-765 -541
134 -279
-333 8
-708 -732
-430 404
988 201
-787 -243
-410 199
-397 -382
-524 714
-355 113
-912 389
674 536
-103 -129
467 -849
554 601
-340 -230
78 -78
359 347
-654 -396
698 -891
90 -574
357 -171
539 154
-508 -244
-763 831
-541 -60
648 58
332 832
-443 244
-17 -241
-306 -364
336 10
-81 185
852 -631
792 719
174 -985
402 439
766 49
-605 850
-691 585
853 -71
876 -922
780 515
-564 -918
-414 -654
443 -781
-898 -249
-431 -499
232 3
1 833
-259 -104
325 912
267 -823
443 -714
-808 -808
-436 165
-650 -924
-937 -220
-694 -824
321 -647
-782 606
615 -984
310 -854
-763 944
805 -701
-520 -312
-600 570
-616 -451
479 230
-403 406
-181 283
-592 760
-265 -15
709 -616
-877 82
743 360
-25 -880
233 954
-273 -347
129 772
-568 -724
-331 498
-61 -961
530 -267
-58 -248
555 -599
557 -965
576 -644
187 -562
16 -1000
-670 989
613 836
-957 710
-43 413
-792 -162
-572 -671
913 697
-378 410
-87 218
-671 -550
-151 -514
942 488
543 -359
154 904
-427 -612
-261 -803
601 -935
95 -575
452 902
693 18
-371 400
399 -319
62 -418
-351 571
-569 -821
-798 820
-419 -871
-704 -218
-707 776
-514 -581
-245 -992
-174 988
608 802
388 470
-331 -104
783 -772
188 478
793 500
170 148
-910 -434
-547 -946
914 666
219 -401
106 -262
154 -694
-699 -3
793 614
409 37
119 297
-836 -40
-432 54
-213 826
948 -177
-164 731
998 820
800 -401
-278 611
-799 -578
826 -983
834 -907
27 360
866 -128
-306 -587
495 -549
505 393
-529 440
302 550
-567 -562
-518 -231
-924 -266
39 671
-918 97
-416 -560
-309 -512
-516 488
431 883
-983 523
-282 -928
805 -800
-370 211
-613 265
413 -28
502 -822
-911 -669
396 74
-338 -601
-770 945
-106 95
-361 331
-974 71
-104 173
308 -164
-273 -181
-951 -683
-543 -276
-573 -397
62 124
949 581
568 975
943 582
-334 147
381 779
-525 701
846 388
-528 -806
760 -201
-603 802
-851 -654
-178 963
-26 -277
606 581
854 -24
-897 -375
199 606
137 -495
-148 818
-272 -148
-465 -879
346 998
145 -957
-791 504
877 133
-822 -196
859 -733
146 -907
-483 -987
-511 -784
-372 -416
226 -559
-979 -744
-208 896
-44 61
-138 686
184 -572
543 -170
-790 52
816 582
414 -990
41 921
843 -639
347 -68
224 568
-660 137
377 671
-302 -135
705 -409
-295 479
829 365
-679 -822
949 -490
107 260
-476 14
-408 201
-170 605
-171 680
720 350
-888 -487
-866 -558
578 -849
-592 -813
-922 -369
295 742
814 738
845 937
352 312
622 614
496 301
-154 -818
-825 -488
-165 42
668 -167
-398 238
-189 400
-364 866
364 315
78 -521
-41 565
-146 -996
988 343
590 -319
834 725
-606 -132
-593 736
-811 5
-758 -985
-114 47
416 -981
-337 420
270 -913
-508 255
-375 -972
94 -717
-653 -420
-889 -29
-710 153
969 176
-530 -141
-492 -544
-3 977
404 581
-20 991
-260 388
472 511
-440 -924
153 105
-855 424
361 -131
503 183
903 -701
-753 658
-884 25
-477 -73
-78 -97
-65 915
836 325
699 846
701 584
-107 172
-134 -718
92 938
250 986
705 735
833 -905
-922 59
386 296
-104 -665
771 356
222 859
-293 -553
104 894
-694 -635
36 764
0 699
55 510
-935 403
-838 948
-127 381
208 996
-855 502
193 414
596 17
183 -702
448 -309
-125 57
-978 84
-54 -888
-849 749
609 -393
-872 414
-652 -923
796 223
-115 433
-900 -441
-331 -208
508 -280
86 -17
33 988
272 321
-411 -219
-330 551
-845 -197
774 773
-292 139
-398 -215
-749 398
-562 -86
882 -826
740 -309
277 -787
24 -542
-767 -736
188 774
-796 608
-576 -213
-615 -433
-562 939
-565 -916
297 -892
-124 554
919 -351
-996 860
993 813
644 423
-891 111
994 -852
-612 785
-473 -272
8 -132
440 -379
489 182
959 965
986 -734
842 -511
-63 21
726 852
919 714
856 311
-21 294
-466 -887
-171 267
-954 165
-620 374
321 860
-571 154
-286 978
-348 293
-936 106
836 949
-824 329
621 -627
-107 -25
606 942
-880 808
-601 67
-976 616
942 -804
995 -234
463 -37
37 566
-447 -529
42 -465
653 -231
749 -513
806 722
742 715
-537 179
-815 900
-435 515
-881 -838
-177 -846
-635 -933
391 64
-164 814
-650 231
-818 561
-521 -974
-857 664
-100 655
879 296
616 -912
-195 697
677 -910
-569 142
-756 -612
-465 -449
-538 194
677 626
146 -39
496 -130
-485 -999
-702 501
-493 -519
412 -858
994 425
815 -813
31 933
-113 -800
788 -914
-96 671
-361 634
599 -719
487 -382
232 73
-369 993
-381 758
-520 41
-399 -79
948 -954
779 -902
154 704
-545 998
261 269
-395 836
-893 917
143 175
661 937
-872 -810
-710 -287
-109 -147
-587 -567
821 891
-29 879
677 -815
-561 136
911 359
848 -999
142 975
765 989
-462 235
656 -390
255 -837
373 69
-994 3
-268 248
525 313
-633 -35
123 680
489 792
443 23
462 852
134 -582
868 -841
100 708
-574 199
548 674
-353 631
-920 -765
325 393
806 -231
-385 -902
807 -191
-469 -873
-461 40
-532 -920
-363 113
-32 -124
845 -326
-671 828
-143 -472
47 359
-991 46
1 478
-692 -732
-749 35
276 -912
-890 -577
-877 -682
265 375
-409 986
872 -800
-574 636
-530 300
-262 -829
938 -471
-632 -169
30 687
540 522
-762 829
-22 598
-703 -944
-106 86
-379 51
-73 486
495 841
839 -470
190 477
131 -42
-575 890
823 -633
80 199
768 -818
-184 -73
-259 -517
-517 -160
-997 312
-295 -67
868 -703
-239 -39
-899 -331
-620 -25
995 44
-392 457
-110 -623
154 148
311 759
-155 -493
-268 -261
495 -635
440 666
366 672
518 969
954 785
-307 80
429 -556
732 -303
-817 481
-862 584
-715 603
74 -819
-909 919
-295 -741
-348 -237
983 -219
250 -136
-150 719
858 495
342 103
345 -568
-623 733
-261 814
-17 -971
-142 -579
-669 -754
652 -150
549 297
-931 331
-728 -418
-803 -282
834 -648
979 -418
441 548
175 710
-783 594
-201 -309
-5 -505
459 384
-644 -15
-800 -596
-15 -326
240 -847
-696 808
-653 647
936 292
407 419
-325 -135
-625 -235
-565 930
466 -667
-358 -282
285 383
126 24
937 488
-869 -813
-868 81
-509 -900
167 -995
602 -782
-654 -594
-830 223
117 178
-208 -587
60 -354
549 -521
-632 500
410 -255
621 -223
-502 315
348 91
520 967
-842 -295
-173 -192
21 37
-603 232
-2 -31
-733 -308
761 955
186 340
999 -500
-503 -410
-450 472
138 330
-543 -567
71 255
754 -494
630 -911
667 -432
806 -991
483 -24
111 781
-924 -660
-890 -840
-428 -51
406 548
-742 805
163 -851
468 -506
-247 -76
-347 837
877 791
-392 148
-327 111
696 -191
175 505
-864 -960
810 -746
-206 -24
-172 205
-770 540
-858 -959
850 617
-603 -561
-793 504
-735 24
-564 407
-263 27
-316 153
77 281
525 -795
-189 -413
-968 338
251 -349
931 825
695 236
-498 99
-116 590
502 467
-346 784
-832 -348
34 877
70 180
-904 -105
428 723
977 103
878 -252
392 72
-367 -324
800 615
-193 -811
-991 -717
878 183
816 -760
-570 -843
537 -611
-555 -885
-115 -731
94 693
-387 79
183 352
908 741
844 -596
-808 169
846 507
19 612
-527 930
872 -329
-763 424
782 782
-352 -632
199 885
933 -935
915 -393
552 72
503 -540
411 872
321 -465
-612 432
-215 -28
639 -233
570 -216
862 662
-78 -249
140 159
311 771
921 414
734 822
-362 313
235 773
-279 -624
-901 -816
203 811
-784 324
152 746
932 314
344 -678
-569 869
-157 -242
-438 511
-502 -538
-467 113
948 995
846 353
356 411
-525 313
707 -223
165 -502
431 20
-412 120
-697 -406
-654 127
-267 -885
139 971
540 717
-20 966
-20 -763
-479 962
-738 145
-583 -334
-551 -928
-500 -704
435 245
-901 926
540 492
-357 -641
-524 585
-90 506
79 204
986 872
-985 -348
426 -826
-730 -198
-367 704
315 -449
-468 760
138 -668
-141 281
-919 890
-251 55
-555 288
-456 387
-379 127
138 814
-603 -762
-344 -62
-714 -635
450 294
745 563
932 -371
48 -46
439 -225
473 600
-855 766
-595 676
391 110
-110 -989
-157 691
-926 -933
-563 -937
439 -999
270 549
601 143
630 742
818 -933
861 773
-532 534
752 15
-660 149
-582 115
-219 -36
91 -941
-111 541
868 789
246 804
508 -481
915 -461
680 -913
693 625
-79 178
612 -390
-151 224
-851 676
682 -879
898 -821
183 -47
257 332
898 -256
-532 -12
81 -497
-909 716
-501 51
984 719
727 -857
-50 412
-737 -20
-448 -899
25 274
-375 -934
-323 826
396 -236
-749 373
647 -177
761 -714
213 -566
425 821
289 -41
125 804
-441 -888
559 26
188 -290
76 529
328 -720
-915 763
892 -787
-986 487
756 443
680 775
656 -139
-636 533
-200 -35
-456 -956
57 904
-958 336
189 493
-665 419
-607 553
841 -194
155 -45
15 -589
682 -399
-691 -822
-413 257
130 953
-125 429
376 955
117 -966
-950 157
75 -995
-861 -839
654 -558
-161 -646
-545 725
-329 -604
723 -291
789 -813
-451 988
685 -1000
-956 369
-285 -646
727 -408
152 -609
185 235
-968 296
-89 -144
693 -542
-619 -286
532 308
-645 710
365 -411
-456 227
134 422
822 412
549 657
-321 -695
807 430
-419 605
-148 609
970 909
-539 -471
-664 593
907 610
-478 -845
440 -422
308 -887
-64 -159
-718 0
-314 323
-131 -950
923 955
604 624
485 319
565 -560
928 -309
112 -205
213 924
428 52
416 93
587 227
237 -262
-32 277
-819 682
145 344
-7 -921
-392 -546
-243 -978
-510 56
602 -72
-103 511
298 706
909 -708
-758 -931
-363 683
875 -517
-590 -61
-448 -346
-47 724
-781 -691
-114 -257
40 -100
-469 931
-490 -129
-296 -793
-898 -698
-578 -183
-176 986
-350 -266
-672 -743
230 -438
-707 695
429 -304
221 612
549 270
-100 -362
-321 -527
946 145
177 -67
-708 -602
119 124
-639 331
106 191
-302 712
724 410
401 901
-234 -418
402 -955
-471 377
-321 653
-545 162
-746 911
-781 -256
-980 25
-996 -584
-567 -677
-216 706
825 107
18 -244
914 -920
304 -978
-137 932
664 769
977 -872
540 -200
-251 160
-409 -493
567 294
993 670
-283 328
-730 332
681 867
125 -528
-491 237
878 286
-394 -238
-189 -168
397 -235
-430 -601
888 -282
-882 585
-384 -197
33 89
594 920
29 661
-407 -166
97 -790
-209 -817
-704 899
-813 -618
-578 471
844 -10
161 -475
149 -996
76 -339
-655 -317
764 -233
668 -148
-839 717
316 602
-930 602
376 901
-676 -589
-611 501
-766 -380
-173 597
-630 110
-606 -593
-391 97
-363 -678
-152 819
503 -892
-362 -702
196 -699
246 -151
638 -40
-142 -260
49 -818
577 961
-522 -667
489 -67
-581 -108
-681 -467
-122 -654
855 -355
145 808
654 521
946 -359
349 304
-412 -206
449 -19
-385 -697
-433 288
721 -15
-621 -669
397 187
-654 -418
463 -957
-284 -665
514 -492
-793 -790
-854 -306
436 692
-128 -780
965 252
381 -62
138 141
-403 -857
302 626
-477 -996
907 -733
624 -397
-19 -923
719 -507
-286 839
-448 -836
-260 -695
-541 -273
974 771
83 -592
-995 672
139 -644
-938 -549
-28 -983
-186 807
129 -414
662 -915
423 136
294 430
837 -566
999 -720
-855 -872
-242 -285
-732 -226
414 974
-936 -234
-382 215
-309 -33
-408 -331
696 618
839 44
791 568
79 176
-340 817
-653 915
-918 925
765 58
554 927
549 -476
685 695
-266 -630
60 -89
-176 -932
-413 -257
-800 440
695 640
-597 262
118 998
677 345
610 71
-400 -801
-141 122
-548 -471
-536 -483
113 -689
-970 -402
747 -255
-459 -7
287 -278
-336 423
-949 594
-158 11
487 -355
606 491
-169 -71
909 967
469 182
689 -783
880 -199
-359 -815
646 728
-390 -791
749 -276
79 -369
733 565
466 -467
-697 76
454 118
-288 258
926 178
336 -854
-380 60
513 381
-423 -280
543 -744
-467 985
-380 219
820 150
-888 -734
445 121
310 544
304 319
767 -225
660 814
245 -287
620 964
670 -356
-931 925
-264 474
-442 58
-394 697
3 705
462 327
-490 -601
-379 510
-892 -524
-921 -216
36 -656
18 20
-264 -636
306 156
64 388
-453 412
-818 -718
-510 862
536 71
-505 456
608 813
873 -322
-882 991
27 -207
414 812
-55 915
-844 -984
586 56
-615 176
-552 -532
123 644
-562 -558
360 771
-496 964
324 -680
-654 -935
33 -476
-187 -744
26 -371
-211 -575
477 -538
992 399
387 344
-602 297
830 -808
-730 396
-623 711
776 348
-173 853
-613 -188
-835 499
-652 727
960 -448
553 -548
66 424
33 -193
-950 -133
787 407
-76 812
-264 -702
930 -818
659 -168
837 907
7 557
418 374
-658 842
84 -594
110 773
734 524
685 -588
186 -539
-996 -53
-935 -579
-63 -98
755 -275
637 -290
-141 110
405 -953
-917 -901
-504 -158
786 -194
-851 295
787 -556
672 325
-603 -212
-938 -131
-178 88
-532 982
750 -758
724 824
528 -730
859 -359
-8 561
243 976
-17 530
-68 -19
100 -639
291 778
966 -907
51 -171
-957 -464
-935 872
-4 -656
-511 -758
506 334
-161 -641
910 325
577 -544
-178 414
-662 -918
740 -290
929 -453
-536 -44
415 -644
510 122
950 770
513 -725
-367 -984
-184 153
-600 661
-243 -468
-610 659
-927 -233
-446 364
-377 948
386 -948
-324 838
-663 -486
637 297
-503 329
-203 736
419 -496
-332 974
702 -690
429 -541
-817 -173
190 762
201 -450
-261 85
-302 416
526 613
767 111
647 -484
-53 -311
881 825
-963 537
-431 932
-566 -484
-657 -885
417 -725
155 143
111 -489
401 689
394 -183
898 -530
-983 927
396 -858
128 -390
396 67
959 -208
672 -712
289 742
-472 -292
378 -837
646 12
-221 -26
309 918
-732 898
333 -409
459 579
-805 420
-455 -79
-366 609
789 754
-868 -476
-542 -544
838 299
547 441
-311 -292
644 229
-200 949
-669 -921
124 690
583 801
771 -975
-330 999
367 -139
295 823
974 -403
-711 -643
476 867
99 940
-880 133
567 -812
-518 -5
-136 832
-315 593
821 80
633 -985
631 -336
-577 -491
157 290
363 -491
-351 -519
-729 -387
408 -127
-284 -711
-703 -493
774 810
-573 -599
460 -169
954 -585
-232 844
269 -994
196 515
466 28
-234 -285
-699 322
-249 -490
419 -219
-809 -470
-479 -372
-551 182
-909 -340
168 74
669 -65
958 -982
-996 -886
-594 154
612 751
158 411
-130 -697
127 -438
-994 126
-511 -52
571 -647
970 -425
364 704
685 -969
-182 206
-185 274
-997 591
49 -528
-228 -84
-990 17
26 -450
978 -364
-221 564
-804 -639
594 465
-716 312
-243 253
-979 -216
364 330
-8 -751
-645 19
26 -63
-472 -456
-904 -408
-11 202
-691 738
662 919
-868 937
-507 20
-146 -875
-471 648
-225 -598
-484 1000
-958 525
370 699
-838 53
514 468
-975 -800
352 -957
-373 630
-751 631
600 -206
-506 915
162 -249
-454 635
-872 458
705 -457
985 -525
833 -125
-716 -931
203 180
143 -110
647 -162
-127 824
295 -105
-562 163
-139 87
-847 -510
-652 -31
605 -831
131 -754
-756 668
-797 168
316 617
678 227
-910 -247
-394 763
777 680
87 976
868 -837
517 -110
393 12
110 358
-692 241
506 206
-406 -963
234 298
-541 166
587 -370
-979 -81
941 -892
-791 -892
-552 -110
827 325
-99 -201
-763 -328
-682 448
130 125
624 -298
298 -766
-951 746
971 -327
-183 -809
-254 -594
624 -49
-166 267
-596 184
509 496
30 659
582 -933
807 763
348 629
640 728
285 532
-592 252
-683 940
426 853
266 -500
-645 455
250 612
730 364
-241 276
-508 983
181 600
662 -622
-151 -567
-284 256
401 -211
516 681
-309 -287
551 786
632 -706
75 248
73 -293
699 418
659 669
589 227
568 -449
85 -925
-143 -350
91 469
11 737
672 6
-677 -910
50 445
626 -984
140 -279
342 -7
-366 787
-689 553
-565 -849
-517 -218
-876 500
-378 509
504 36
-234 821
492 -847
913 -108
-489 616
777 -730
46 -925
418 -651
851 217
916 633
716 -973
-30 567
158 251
-759 255
-370 961
698 -489
551 -609
215 944
-360 770
23 79
-45 805
-696 621
-389 880
242 230
226 -988
980 475
252 504
-520 547
456 396
789 -849
419 346
468 -161
652 -678
744 548
545 -928
805 -277
986 221
674 669
-823 447
899 430
950 983
207 -259
-336 -52
545 -468
940 755
174 -526
834 331
677 436
414 441
58 371
862 -378
890 586
459 -870
-638 -782
-676 363
33 773
285 -579
-185 -278
-121 874
727 757
-59 -900
143 -222
-481 638
-776 508
-737 13
367 -912
-117 -978
221 452
712 289
997 -418
-644 -468
-282 284
453 -713
89 -465
-54 551
-372 694
951 767
892 -429
-423 -949
322 -989
-131 -957
-831 401
589 -760
-34 -201
649 553
465 176
-425 428
-77 -122
-514 -317
224 971
-547 785
438 -712
962 -672
688 579
907 -772
994 -590
919 -113
344 368
-596 -59
-583 705
500 -832
910 585
-235 -710
-153 -819
492 575
894 782
-732 343
-481 -464
-759 -751
-462 -621
-8 -320
-159 -93
99 27
-244 56
24 -779
566 651
153 54
-449 354
-164 -295
-176 -229
-960 718
-308 -741
-66 654
495 10
460 -404
14 -807
559 458
509 -96
-323 970
-441 -331
-693 591
853 -951
273 494
-53 -447
742 797
121 55
-961 -231
87 877
-146 738
551 37
15 847
-753 325
-945 -494
92 -579
-277 381
903 -930
-877 -961
436 -530
-543 231
-183 -194
483 765
-130 -651
536 -102
931 -996
591 365
650 892
261 690
715 558
-836 670
469 312
-511 413
-807 -983
152 733
-234 -664
-301 730
543 165
571 129
26 -542
-675 196
484 450
-2 523
-269 -316
-530 28
5 88
-684 -863
804 774
-253 849
513 406
969 -750
656 -496
650 778
439 478
777 413
268 382
502 948
-731 111
974 -618
-169 953
-707 -539
36 351
795 211
184 655
-794 593
-285 -425
-700 105
-339 -134
722 -298
835 -291
543 -204
774 -395
-921 528
598 707
616 36
482 -46
132 735
879 -477
-92 803
-884 -176
350 -560
-351 865
469 864
-785 129
282 363
233 -711
385 -24
225 -765
74 -915
153 -183
718 -356
-699 692
-848 17
178 118
575 889
126 445
104 -129
109 496
-974 -464
818 -250
-765 -252
839 -212
-404 594
-351 949
-26 614
227 -899
-837 -429
-268 979
715 -512
-867 177
809 498
350 -980
-713 -624
-428 -441
552 -783
-775 265
341 -628
-65 -848
-108 -528
283 517
758 655
-3 74
172 278
-329 396
-388 -674
-704 -774
686 53
-767 132
-444 888
-145 -334
-460 -835
456 -700
78 -946
-774 -528
336 -215
789 554
584 -321
496 -623
256 423
-363 -70
-237 -821
-113 654
649 835
915 49
-364 -935
466 83
-847 440
-546 192
-609 260
-695 467
136 135
976 -871
910 558
-605 -710
663 -897
-526 -4
-639 -135
267 249
464 155
783 -726
-228 333
130 437
-211 -106
-385 -806
-175 -419
251 625
761 21
308 -974
114 -462
-738 463
-602 947
-904 -775
-298 -401
431 273
877 600
390 -146
-25 767
-141 20
178 -341
396 -399
-671 -920
-627 -928
-442 -593
504 -164
-403 817
-409 -550
-550 -62
683 93
944 476
-514 -528
-431 873
-724 531
604 277
649 211
86 240
362 -586
382 -291
328 655
-183 94
966 895
-646 492
728 895
871 380
-500 -100
-145 -140
486 -946
-948 463
940 -436
-70 875
-931 -161
-431 -232
-436 463
984 405
-448 141
742 -130
920 -198
524 700
783 -865
131 -562
-248 392
-71 563
-152 -409
-88 89
787 442
-436 -641
305 594
434 752
398 -983
20 664
622 259
884 159
-513 -515
-195 579
732 206
-194 865
106 -205
300 147
-334 -215
-402 55
-357 -458
996 -74
999 991
628 -259
505 -365
-879 -639
-959 58
940 -987
955 -136
277 -19
-851 175
-857 337
-870 682
-485 339
380 329
-224 29
-875 -727
-558 -626
-39 -750
275 -355
-862 482
-858 -599
-446 -441
761 755
493 52
-427 -455
-422 97
624 672
-452 -478
-798 391
336 368
868 -127
823 -691
-580 364
-448 5
145 -745
-351 -239
155 -145
148 860
638 -931
876 -234
-372 -813
103 414
-571 -914
-626 -464
-627 -182
646 -924
688 -736
317 -310
222 -28
-545 57
115 -873
-146 -42
-682 392
631 -298
270 -140
135 865
-156 486
-426 -695
233 -696
37 299
16 -956
770 869
723 283
64 -169
-267 -787
-653 -584
-119 -869
-632 -141
-46 815
229 -335
-680 590
137 3
887 804
248 -925
-255 -656
-682 175
-345 -395
197 908
260 40
-643 -337
597 -363
214 -465
314 863
-373 -544
-547 -857
-54 474
-506 -619
574 -94
-131 196
-282 -845
-557 -303
52 -86
42 -371
-71 -693
976 -748
-517 977
807 -32
287 -818
-235 437
-308 472
-724 -608
-326 -199
-373 603
508 -883
-482 696
959 733
-174 -287
711 -200
-775 984
731 -461
813 296
-60 231
-406 -32
466 -684
614 497
297 -951
108 -726
-648 -633
284 -566
-156 324
-923 -672
392 -88
-303 802
301 248
-878 616
91 -466
514 -974
-536 509
879 24
363 308
255 496
749 -809
-327 944
-898 -397
-319 -340
770 343
327 833
119 -661
148 -129
137 -690
-296 985
-268 2
-231 113
144 543
-821 -88
463 454
537 -54
475 -574
-763 355
-795 -96
737 -168
-24 505
899 -118
792 679
110 -264
99 236
200 70
-210 -257
-326 843
108 -87
-926 864
444 908
967 -293
820 -135
-25 -177
-955 189
210 898
605 182
-98 -859
312 37
765 149
-449 -112
124 -225
281 544
469 -796
53 -738
96 999
197 171
-519 578
-731 -600
-324 -377
-19 956
-851 -612
296 628
-119 -369
269 -52
-680 -888
213 -592
924 177
376 336
515 775
489 870
899 847
798 98
186 -326
-243 102
728 562
-682 443
450 73
-8 171
843 -348
-909 847
968 -538
-753 24
882 -44
-176 907
939 -14
946 599
-844 -351
324 506
302 -289
750 -379
-549 -484
87 -798
935 -566
-690 683
131 44
222 -321
325 909
19 146
-275 195
57 -172
-634 331
-206 346
-977 362
231 -524
-906 -622
556 -13
109 -179
401 869
248 -796
-933 -350
850 -942
-682 -243
-278 658
336 -416
-31 68
542 -471
-3 -584
510 926
634 -452
-664 159
715 -209
188 76
-705 374
694 862
-279 -222
-544 248
-805 96
-667 -902
498 629
-330 616
90 862
-941 -105
19 -898
921 821
-359 -417
193 -605
324 -45
475 -260
-243 123
-667 57
-142 310
854 315
645 -54
632 763
-141 613
-917 -662
754 -376
456 355
-52 51
357 -352
155 -349
178 -850
-312 460
586 942
-739 942
-997 -828
-731 -29
367 -726
758 -274
-449 -896
-778 -88
-152 -731
-384 -543
351 -423
-373 -615
233 -367
-361 254
-943 117
348 716
381 817
842 -930
-55 -615
-790 -769
522 -688
68 -414
615 -788
580 759
1 -854
-329 -744
-217 138
165 -628
609 -236
562 -429
38 166
-136 -342
-295 -555
-646 120
998 -661
-225 876
516 -879
634 901
278 60
-548 -804
47 -764
-819 105
-413 896
-706 -370
-273 231
-897 -912
680 -737
-646 906
491 380
-569 84
-994 864
-972 -758
-445 -582
38 905
452 283
-259 45
-545 939
633 768
-822 -432
-343 35
-193 -626
342 -179
-118 791
966 445
122 561
-798 -284
-765 -48
-248 235
43 -170
-784 498
168 -733
-955 -421
934 17
776 -578
504 744
987 -102
352 843
-529 89
-487 -822
596 -985
-491 995
-201 -682
-492 -934
272 534
100 -321
333 656
-296 -322
-502 -241
-817 -894
285 565
-411 262
716 -138
-309 -651
492 448
322 -793
652 -871
-572 -649
572 192
-47 775
-295 133
-67 943
510 71
-330 -903
236 133
892 -525
-759 -719
950 556
-255 -999
-348 -165
668 -531
-780 630
-919 422
157 -237
184 155
93 874
-288 374
-242 672
361 632
-281 -739
-399 -807
-638 -778
650 952
352 642
-676 -385
337 -977
-214 159
-981 861
439 555
1 -848
-604 970
-162 282
-107 748
330 800
755 315
857 -479
148 436
439 659
270 -124
-71 777
68 226
-652 -785
-354 -924
-251 -190
90 -804
980 967
485 -946
-250 503
318 -349
785 -136
311 997
843 376
743 642
199 981
102 189
-293 -771
800 -932
-357 -111
954 722
618 -324
-198 -768
17 -20
-244 -133
490 -117
-147 425
-444 168
595 -466
-787 290
-392 326
-412 539
308 793
152 -644
320 -320
-868 125
580 -991
-285 -662
810 324
-784 -236
242 163
564 -183
-155 -182
991 711
67 -375
712 756
814 458
20 -948
-266 -508
-305 -504
496 304
212 626
-785 515
-99 543
-355 568
232 -289
-320 668
584 -823
63 -391
417 496
988 -53
502 954
884 434
-392 -203
-606 687
-75 -217
-836 -110
496 47
134 786
522 -361
686 923
-310 466
-426 -424
76 341
542 -478
156 572
-782 -645
166 305
423 -437
773 726
320 -699
-311 525
101 -200
-242 -527
-220 800
-875 383
-799 -182
327 -229
-46 -34
267 622
-53 -854
868 -655
-98 455
-256 419
999 124
879 -197
-985 -413
773 323
-389 -658
756 -509
743 669
197 -706
372 -498
599 -689
-589 764
400 -467
-27 -748
721 -165
-521 -847
902 -256
457 -766
220 775
-822 979
253 -17
-817 -316
79 65
-519 417
792 546
988 587
-766 -607
-855 -956
-495 198
707 -989
222 905
-629 -83
-560 -458
808 330
-67 -110
428 -905
695 395
341 47
286 611
-154 -901
-810 -911
-600 -347
550 -537
382 563
301 713
-302 -455
439 -422
-635 698
-217 805
-174 722
545 381
219 978
271 -335
-954 892
-305 373
576 -76
946 -591
-190 847
-627 -750
-361 -555
-200 0
-694 -976
874 165
-97 527
-886 -314
-638 630
925 -383
-975 -82
490 329
-403 -851
-980 963
-16 -775
-1000 744
514 -679
-920 -651
-523 200
-728 -71
632 81
521 -260
-126 914
-772 -703
863 801
864 569
-102 177
535 -866
979 -539
280 151
542 -802
379 -825
-477 -430
732 201
-96 -101
797 620
944 153
861 696
214 589
695 -379
-216 -576
-203 -681
248 -671
785 -74
