4927
-699 127
126 -540
252 970
-660 967
179 -472
113 237
37 -525
200 428
487 -936
987 106
-329 -408
217 406
-827 -11
-208 623
975 661
-560 -158
-956 259
105 -624
977 -754
-370 -574
-227 612
-362 -9
-473 65
280 -789
870 912
-206 -705
-870 -959
-271 -126
884 -19
651 -851
550 459
466 -991
-385 534
348 -870
891 -835
-662 593
-111 -141
-382 -190
-359 122
488 -496
691 680
-72 -801
-539 -331
66 -338
542 -565
-572 -159
-756 -551
440 961
86 -481
604 -771
189 569
-812 542
744 -102
889 857
968 684
-176 -358
-303 521
205 344
441 -19
-980 -155
207 -160
-909 -249
928 234
-363 -877
92 -219
931 8
-847 419
156 847
-44 -112
-684 899
278 510
-324 564
952 -201
215 433
-127 -368
526 392
-614 -877
-444 661
-991 705
218 679
362 711
415 -743
849 -239
803 -821
-443 -351
-365 -341
241 845
-532 341
395 8
474 -124
125 891
-622 -271
-990 393
511 -150
-283 -290
-471 -1
-885 -495
-75 -118
275 -825
-889 88
-900 -280
214 -42
-100 985
-877 -998
-655 -635
897 83
-260 597
374 -968
114 733
-933 831
-473 473
392 832
702 -397
765 -179
984 -632
695 89
839 547
-838 -613
-160 393
799 -952
-136 56
-516 -291
927 -791
579 -582
318 -719
-738 -120
-885 317
439 -313
-39 -834
914 -446
-761 -988
-791 272
49 -264
-976 901
516 -242
-156 -221
318 1
800 -391
869 841
-320 -381
654 597
964 -658
-985 -52
-229 -806
-241 506
-133 -333
562 57
-543 -798
196 -792
894 -591
547 -199
908 18
89 -660
-192 224
-666 -607
-287 -765
350 -764
-814 973
-233 -838
338 -214
508 -921
-666 229
189 706
-356 -924
414 412
507 598
-157 113
-899 -776
-943 -55
-845 -791
-532 856
-882 367
864 389
-525 -660
-740 924
-918 142
-156 -922
-241 -868
108 -47
22 -101
-545 238
513 -225
450 -27
-822 753
513 863
-20 -967
-992 527
883 -228
-891 403
-594 -428
-517 933
-42 696
-134 -918
-983 -760
806 -537
-603 -477
-933 914
-423 133
-5 992
-54 -622
799 -125
-799 861
522 -691
870 149
-347 -794
-221 890
-412 -693
428 671
-172 -374
814 11
494 132
-831 784
-557 701
415 80
-486 531
-140 -751
-302 -834
-556 224
253 -680
-491 543
-972 382
896 -708
840 -80
-957 217
-502 830
-200 -487
-825 -311
132 531
-570 713
-442 115
495 146
283 804
414 394
-923 640
-695 105
830 -322
955 853
841 -14
913 377
731 409
695 -431
907 -271
412 -72
749 -196
-575 -417
-464 631
489 643
-156 -788
220 -841
858 -403
-542 -540
-464 -144
513 510
-984 581
978 719
-5 -483
-570 495
260 55
-194 859
896 -984
477 245
8 -441
871 269
197 503
12 -684
779 651
618 831
119 145
269 231
913 -220
810 -965
-448 -990
835 -586
-760 -284
297 405
630 -300
503 578
-174 49
-845 -33
945 -784
862 41
-907 67
299 564
-765 -97
292 572
227 738
411 805
-922 -265
-582 -782
163 -295
-984 160
-748 -979
863 938
-887 -508
-71 -852
-9 53
544 -958
467 419
513 -309
446 888
-993 768
-946 -556
-818 365
575 294
416 980
-906 -422
48 526
682 -380
-686 -547
290 -576
-628 943
814 659
-303 -293
433 519
199 -490
454 717
907 700
395 226
569 -471
514 468
370 -871
-315 -296
-741 -441
-590 739
-143 -576
978 -778
-176 -963
-612 -644
369 302
-695 -236
690 522
164 616
-934 202
-653 745
-838 -234
-316 606
587 709
-215 -417
-55 170
354 -512
-952 385
-29 754
425 90
328 77
-72 -270
-408 267
619 -783
622 -753
-238 -361
-435 -786
-536 -745
-344 -480
2 402
-733 -555
-483 -392
-69 218
719 793
-457 573
769 -931
-700 -112
197 -747
553 -785
997 407
-375 53
-380 -603
871 -489
-331 670
-482 -235
595 -879
-177 734
-820 -608
973 -481
802 -203
497 574
161 -271
-436 472
897 833
-833 -242
276 -606
-50 326
41 -366
-491 982
811 941
545 994
46 -852
47 698
-459 -603
-941 -441
215 -531
-101 172
1 644
84 290
-177 -105
906 555
-488 495
621 670
-315 -15
389 275
115 261
316 130
-563 89
-703 -704
152 91
-181 329
109 -509
-267 -521
71 -26
559 472
-302 -147
-344 769
-59 -527
784 866
-804 660
-841 306
-802 745
-304 508
1 807
452 -652
389 -505
-883 944
-135 -851
80 520
697 263
-588 -229
549 245
-741 42
-319 39
997 -503
-20 -4
-153 -80
-921 -190
265 455
-719 166
-743 -181
-382 989
-102 -888
676 -436
-879 835
817 875
22 -412
985 655
-238 669
-432 -873
353 -178
-169 -413
240 713
581 206
387 721
173 -131
-700 281
849 -226
-384 764
-848 920
-711 259
339 153
-622 948
979 780
-623 203
-289 -272
-312 417
-484 -548
398 -373
-932 445
963 -351
-846 -580
-497 783
-346 -450
-849 -146
51 -464
229 372
-10 -809
-675 982
434 285
-288 597
-106 972
-243 -10
-49 957
-379 -186
-604 -610
-834 -831
362 986
-764 -855
611 884
-915 -637
289 -405
-9 -688
952 -530
-660 597
-304 695
-292 -984
-13 301
-906 776
-867 -761
-879 265
851 -75
-536 -126
839 -394
-365 461
467 -529
653 -224
-82 -845
395 -644
761 -869
-919 953
864 359
977 223
358 -432
-744 841
263 -472
721 148
-770 -271
274 979
99 860
-2 -922
-825 -528
-570 -166
633 672
306 496
-630 -257
-292 -886
-735 -100
677 -463
207 385
-947 -406
155 514
707 -83
208 215
-894 835
97 184
-202 5
-576 -111
-302 399
-746 -889
852 368
231 858
-326 143
635 289
105 -648
847 -81
-631 -796
507 340
857 59
-935 -914
131 -633
-497 -231
515 -245
-939 26
-441 602
10 235
-906 604
887 -511
362 -572
-598 114
-948 585
263 -994
356 -14
-134 909
-348 592
-380 436
-832 554
290 -256
341 -381
402 -144
-623 796
-76 -230
-362 8
-997 620
971 35
183 766
-148 400
226 833
997 577
-825 967
-547 -452
967 390
782 189
883 -317
-76 591
548 155
-103 -938
-300 -267
107 -972
-735 -364
-424 689
-399 224
-697 -230
311 -874
-862 626
18 987
665 286
143 -910
-87 233
-422 -716
929 222
-643 149
698 310
-355 360
333 856
-771 928
482 -373
300 333
135 -173
73 565
82 957
-14 623
476 -294
903 828
-858 -843
989 926
673 -761
866 829
451 629
-288 -256
234 -284
-167 243
454 -366
52 -28
146 836
105 -477
51 101
-475 -293
-7 -215
892 355
672 48
31 81
510 150
633 -982
134 787
-82 -948
-831 -972
698 93
-573 138
276 264
857 -720
-1 594
122 -887
-289 75
364 -161
467 265
-438 192
406 193
676 -23
-629 -983
-392 -979
-762 -274
955 573
-924 938
940 -456
-713 -528
-824 -556
-233 -100
-737 -985
-408 -585
592 -418
50 -90
-137 -829
437 -62
-262 782
938 801
409 -612
-235 -567
-400 -853
-614 366
-153 584
126 -66
971 92
-225 763
625 131
212 564
397 253
-822 -217
730 -972
-700 990
-484 184
-411 -423
966 -920
-417 674
-482 694
596 -524
-865 -95
-244 -726
-866 878
-625 894
120 575
-443 -604
995 -30
-762 -777
-198 202
549 316
633 -835
-472 929
-369 623
-465 993
20 924
-612 -555
-533 332
669 -664
143 -231
-531 692
-499 544
-193 -394
-258 -175
867 -452
-82 639
955 -899
-179 519
471 337
-607 -216
-709 -28
747 -754
-470 266
779 660
-395 654
250 -993
188 -413
568 224
778 -336
821 -661
-889 53
485 659
-470 -49
523 319
186 -7
199 -281
563 164
-883 459
717 676
699 -840
-322 259
-792 -692
-41 735
710 -426
728 729
-266 203
875 118
-106 -201
469 -725
750 903
279 982
703 256
567 162
-936 782
-453 -950
-148 -973
-31 18
-169 -688
-826 965
-423 76
-323 147
730 -287
-62 853
-458 -525
-2 -69
-92 -977
613 909
889 -535
758 990
515 -48
867 -906
591 -713
-327 -104
304 538
643 -461
959 -494
-570 -252
-935 -378
-836 985
395 -559
783 -210
632 -483
291 -171
840 -278
-776 854
856 -381
865 68
993 483
-410 160
984 325
693 355
613 -211
570 -786
-251 277
192 245
33 -793
23 419
524 8
-794 -978
925 -662
-163 -59
-484 362
418 678
16 479
-94 652
567 -755
-903 -459
-813 -149
-840 186
539 227
-425 -290
-717 -423
789 148
228 4
946 788
363 -61
0 233
-588 -247
206 -738
961 -596
-234 785
-165 -189
-73 -452
-687 -943
731 -551
-816 -162
-846 -533
-718 311
-367 -58
-470 -694
337 -358
679 -291
-406 988
174 206
-714 -828
146 -970
-258 -715
-699 886
-867 971
-412 776
426 18
-826 592
-832 98
939 869
216 244
-831 -105
415 -291
404 -851
-298 -260
-796 818
-828 -163
451 270
-997 767
62 -965
-839 684
-212 -370
-390 -644
836 -192
510 -448
11 172
-135 729
44 -771
-164 950
-391 -449
-65 59
-680 -584
-808 493
249 -319
371 -814
395 -259
-349 190
878 -959
723 -943
938 -232
-921 83
-73 232
-377 -845
-33 -28
-43 -472
718 -85
-649 575
767 -741
199 389
-815 -278
-544 -47
495 -911
-84 -961
-501 13
972 -622
932 145
-873 -995
-825 -362
24 -847
927 -973
-113 522
-495 -369
-704 751
-362 -524
-424 153
-408 745
665 550
-96 612
789 763
463 -85
-733 -462
-513 -215
-871 -869
-537 594
-812 634
-135 179
473 -135
601 -653
282 -668
-613 570
135 472
-67 786
-359 897
-519 -746
-902 886
267 -307
782 -936
752 -739
32 491
970 860
405 405
-462 185
341 24
958 -459
260 -944
-809 539
381 355
-94 116
776 587
-538 220
16 111
-800 -507
625 750
825 675
421 424
388 452
-96 -245
-680 -665
-407 -222
-360 -790
-31 933
436 -938
-331 -703
-847 948
-75 839
-46 510
935 -822
361 389
713 462
671 -123
-526 993
358 -215
463 114
660 59
792 -892
-210 803
-467 -713
-243 -304
-834 -987
-700 -960
597 -556
21 -703
949 30
529 -330
-288 -468
-947 -480
-550 -610
-628 353
-672 237
407 -961
867 -238
228 -658
-944 -14
-866 -919
308 282
-122 491
-182 806
563 428
-906 -683
-381 -249
545 95
-615 483
-245 -355
-758 679
654 -603
421 282
-430 727
-369 -39
-659 -944
-515 619
-25 419
-942 579
-44 134
231 -587
-717 -716
1000 665
551 -545
933 603
789 -35
949 -295
-272 -565
507 506
494 -347
-774 -274
253 -637
-336 483
-553 -266
832 -270
-678 855
988 -889
-696 932
401 -771
121 -285
-349 228
308 -205
-355 537
-869 143
883 240
902 996
-356 368
822 -595
387 -699
511 -614
-477 654
526 -669
-245 -890
-390 -231
-624 960
310 -542
-393 -23
-976 -884
-251 -463
-1 -979
431 -278
-236 -695
-765 -185
-54 723
274 -96
845 862
-273 199
638 -511
937 -262
-842 80
768 104
-495 966
-283 526
-843 -720
287 505
-375 346
713 82
645 304
-72 -684
-693 556
66 192
-632 144
-641 157
373 754
445 740
-232 371
-782 259
832 -266
349 373
173 745
496 -422
299 -49
24 -338
-126 697
-204 -422
95 656
660 816
-593 590
344 -301
674 -170
609 817
-970 545
-377 -463
-240 -70
12 -322
-163 -654
-730 178
871 459
316 345
-572 335
186 -743
817 -91
847 790
-750 -8
-848 829
-787 -559
-687 -331
-773 -271
544 408
894 682
-656 -882
-433 341
891 -778
132 -343
270 -719
-797 -367
-216 961
-309 -470
-911 -935
-232 -613
-948 -678
-702 -70
-906 -228
-100 454
938 567
-182 -450
342 427
-934 -297
894 258
656 -223
964 -157
-328 -27
-155 436
-370 -242
-639 118
-364 414
92 421
392 -977
148 201
329 -700
675 808
-498 527
137 -65
669 201
-607 -716
-453 89
919 -668
950 920
444 -427
856 -153
-169 -160
327 -784
-58 -339
-725 665
846 -727
661 -415
489 16
112 -144
874 930
-804 -235
202 -698
-903 -55
-252 -55
482 -847
981 -716
464 -385
-677 -362
-249 88
-117 -206
-925 -703
-389 -683
633 363
-128 -782
242 165
-194 604
-867 46
-417 -579
-199 -187
-461 3
-732 -450
-32 256
658 -454
-154 771
49 -770
-749 364
699 -274
951 591
351 -410
-752 528
414 272
-846 -895
610 -434
-482 -688
-872 482
-375 -824
-357 351
558 -329
528 -269
354 -164
-447 824
80 -13
-638 -137
-275 809
935 220
654 752
61 -252
62 -642
12 -576
-794 -991
151 19
93 -633
-509 265
102 -505
-270 -459
-415 -461
-909 632
928 312
769 -275
-893 -650
713 -895
979 -848
739 -375
-790 -679
-155 301
421 285
492 -954
651 517
-848 -54
-904 49
94 -987
647 -701
369 -232
-823 -776
-473 -107
-377 625
828 660
-502 -1000
-82 595
67 553
196 858
426 892
342 -484
588 -163
-790 -737
-840 -155
-799 765
-6 590
835 -65
-589 -638
-850 950
202 931
-943 -230
829 -64
-74 204
117 -658
-894 433
-153 -248
-48 430
921 577
-749 -101
-519 -535
-875 229
-478 -296
801 547
422 984
-616 -155
-992 688
901 77
572 -964
569 515
25 -150
22 848
559 371
-627 332
279 -897
-902 368
-637 -75
45 496
-532 -155
331 -894
557 -864
-577 -181
-520 -678
-377 -479
-591 423
55 427
970 -528
-802 53
-139 -85
386 151
-613 897
702 -171
-312 155
620 395
326 -352
767 -825
-455 479
-898 462
-161 -874
303 537
992 113
-872 681
220 891
738 -437
-554 533
-859 288
-517 703
-432 165
-409 323
879 484
-313 550
235 -675
-779 99
692 8
919 -17
891 331
183 583
-179 -433
-934 486
403 419
556 720
318 41
-255 -421
883 668
588 -493
555 -935
54 850
798 389
-673 -534
-599 -29
818 749
670 -489
208 -708
-629 -805
-958 973
-70 198
-142 614
129 958
805 -962
813 -328
731 630
964 134
895 139
763 -24
-713 -26
-511 -988
-947 -656
992 -438
707 217
-778 239
413 -996
-378 -170
-789 989
560 -880
984 610
226 -243
599 -846
-228 -825
-303 -221
-685 979
-655 747
-657 -17
-773 998
-353 953
-511 31
-665 409
-145 732
895 387
-20 -703
-638 -383
-657 -547
789 595
-705 -597
316 856
194 -505
205 -537
551 -99
-2 152
63 -130
-832 -928
-813 903
564 -324
687 -838
654 -842
62 -23
0 288
598 -963
-3 198
-480 -135
1 715
252 -317
-820 -588
504 278
-235 598
6 905
318 -276
245 77
-384 970
-790 -225
-851 563
-706 665
-811 -209
-843 690
-37 596
-109 -564
521 519
788 858
809 -927
828 -623
-988 -677
419 502
187 -129
844 -206
931 -135
969 -220
799 -463
-79 832
-69 -677
-227 -823
-639 -441
123 -681
226 268
-944 582
909 -127
494 387
-105 -864
786 751
27 -149
240 67
-945 891
505 -888
-676 947
689 707
-654 -683
-464 -395
-44 -637
40 -354
-750 218
366 401
197 -180
-943 677
320 63
-43 130
856 169
383 118
-530 -620
18 560
628 -461
308 -608
110 -617
-374 -74
-839 -202
-278 -7
371 683
563 -858
-701 -651
133 -148
-651 -56
474 558
-72 951
-997 97
553 -400
833 464
683 -277
237 33
344 801
-979 3
-303 -40
-913 16
-400 -112
294 -254
76 962
188 476
-868 -872
-958 -26
-443 729
639 81
-948 956
-646 -542
-633 730
-310 671
-341 -882
-349 425
330 694
613 355
-562 -454
230 -255
447 -201
765 292
-263 367
658 -999
-287 -600
-457 -226
72 -150
210 -795
-362 -969
935 485
538 479
179 640
869 107
-571 935
258 -259
-422 -787
-812 244
-223 829
-777 307
-940 -384
-246 628
-97 471
905 -239
-464 -509
-703 93
-712 673
226 255
-713 275
-745 -794
-869 644
-494 -311
497 -487
-703 -371
-713 620
619 -279
872 -566
-955 397
-397 109
251 254
295 -560
49 -511
-248 0
248 174
-93 298
423 -933
904 406
994 246
823 240
852 54
-322 -130
355 284
-599 426
-497 -328
-713 745
-129 -805
859 -487
150 479
518 726
-945 -343
-788 -324
456 345
-417 -593
-710 648
683 589
76 -251
-303 -28
383 -75
-582 722
575 -143
518 127
-222 334
-819 225
-145 747
-701 -68
-433 953
852 595
-83 824
-368 -163
-249 575
-306 -96
217 -641
-156 -857
790 -573
-144 102
-784 317
658 703
55 -684
-310 -879
745 79
130 544
329 -397
658 431
344 537
-901 -588
595 475
862 822
951 454
740 875
-304 599
981 -438
-74 -435
1 153
667 -75
-591 -635
139 348
-72 -208
408 155
306 -629
-33 450
955 -258
-578 -886
-558 485
-435 630
-752 -504
-469 895
-566 650
-809 5
101 -542
-414 723
-504 179
-803 -968
-559 444
-602 -554
-789 -992
444 -549
744 -928
853 -584
141 825
989 -49
675 -520
-484 484
-108 -871
350 -282
194 -77
-143 984
791 973
915 21
-145 743
-924 -260
3 96
325 799
863 564
570 341
-703 -607
-205 -976
-735 669
487 348
646 381
-479 578
-609 784
-671 -739
559 -407
399 304
-523 -877
-486 -183
-524 512
214 -509
-885 -457
893 -973
680 609
900 277
637 667
-26 804
246 -597
-229 -290
468 298
375 650
863 636
370 179
218 -289
-14 156
-312 41
538 643
340 -942
25 371
275 -676
537 972
683 913
-346 -538
918 352
-572 -618
824 -28
-873 -242
-320 911
-417 259
60 -86
410 23
67 -277
565 -661
774 -345
236 640
-212 -464
499 -846
240 -382
-799 -631
-357 -46
633 -484
-31 594
88 -478
-793 -77
-54 -186
-785 269
892 -558
807 171
671 398
858 586
-384 -715
-510 -894
-100 -335
149 772
-442 -786
-538 -890
-768 165
-167 523
-842 900
213 739
-979 241
-472 -99
-923 -595
422 96
257 169
659 472
-625 -722
273 590
234 -452
506 -201
581 -682
858 967
972 -850
960 -242
-598 300
-485 -51
-641 -518
905 431
179 -721
932 -804
-413 -730
331 -466
741 260
537 280
-407 -66
422 53
265 -730
-819 -121
-196 -885
438 -114
457 520
32 -464
471 187
367 -667
-514 -726
18 -874
-281 -600
619 -122
923 -340
831 -379
142 792
40 907
483 -522
-947 928
34 687
61 -161
-399 881
356 415
-595 -964
-220 -826
-965 -413
424 346
115 -303
-605 140
310 -158
-785 -56
108 -635
220 -870
658 -700
-267 629
-493 157
-937 714
-609 -414
-661 999
-14 -981
-677 604
635 -581
-263 104
-511 897
-120 225
-454 691
-585 -951
887 726
238 737
-161 399
6 -598
-117 -388
-912 881
108 -935
-503 456
-713 -445
672 -912
-889 175
748 589
-140 -916
620 -121
732 -26
346 755
-942 -713
-937 -483
-585 -435
835 936
397 100
-573 -560
410 -12
-507 -50
-819 -887
612 -453
403 543
708 116
-750 193
832 -173
-922 833
-836 -247
742 132
952 -536
-249 -15
-740 471
960 983
565 280
519 -926
887 412
-314 -953
588 954
635 750
757 -716
745 -592
-581 -204
-649 -250
339 575
956 106
-329 -265
665 -866
670 20
-346 -246
701 511
602 589
510 -251
-827 -149
341 989
627 790
-451 -259
494 -727
-808 262
363 187
-528 -827
375 -838
-189 59
-375 775
-491 82
-564 -237
-266 629
596 834
765 510
-473 405
-91 522
-673 -218
170 -854
-284 558
799 -396
51 729
54 456
585 -897
-937 438
-180 597
480 -601
764 668
383 826
34 -97
790 -201
176 -653
587 630
-943 712
620 -475
-622 -835
578 478
283 692
-145 -187
591 -950
-959 -344
612 -273
-674 823
293 235
-982 434
-138 -92
362 169
-509 882
-600 602
823 477
309 -664
-406 -503
870 104
-776 -712
993 996
872 206
-791 730
508 -487
665 366
-673 -852
-262 138
-62 -171
557 37
886 -237
-279 -667
-618 939
194 -262
543 -223
251 -387
758 79
146 -929
470 907
542 -277
254 945
615 -460
372 -208
-647 -268
297 28
-766 88
-532 825
-462 -389
948 -710
-395 767
-459 166
-976 -357
-264 209
-239 -389
410 -743
-69 -489
-264 -491
876 -524
-557 728
-821 316
245 -880
546 746
104 613
15 246
860 717
591 181
-322 163
384 101
-456 -826
134 722
997 -648
-136 188
161 742
296 866
587 913
611 -675
717 679
105 -77
633 -370
-597 667
-401 484
-412 23
-583 830
-640 -963
988 -419
-877 -435
869 599
848 -780
693 160
957 41
640 519
353 580
-686 654
27 -293
313 820
-24 517
-867 -7
-320 -768
-550 280
81 162
309 557
-344 366
118 -803
-531 -955
416 356
-649 940
-573 953
-121 -363
123 -230
-10 196
757 582
607 39
406 465
904 782
-878 -905
-789 -289
537 861
-385 56
-3 -96
-205 545
-990 431
275 823
-835 605
73 -657
769 -734
-194 484
-326 234
-858 -854
92 -320
47 755
790 189
330 848
-125 914
-836 894
-340 851
461 -536
-933 -361
467 19
42 31
16 -530
-452 604
770 602
290 -859
-446 257
878 759
-921 -599
-415 494
-642 765
129 -703
427 -702
482 -628
-486 -909
35 375
-926 243
-196 -131
-294 874
-503 -12
-668 614
522 -346
204 474
521 -26
772 -505
-37 597
123 759
407 -673
-534 826
-530 567
-486 754
289 93
356 484
-325 902
61 -654
-205 -544
-277 67
-183 89
-641 -274
598 -209
-739 -803
412 -463
768 -63
850 803
948 443
192 -491
877 589
996 272
483 257
583 27
924 -427
-936 -221
-647 803
-345 172
-659 436
-179 348
-883 763
492 342
715 203
-981 357
91 -550
-190 -356
-707 -137
-575 332
-935 -833
513 -217
-431 577
252 732
-785 -510
731 -349
668 265
-673 306
936 908
108 -16
847 401
-534 874
-832 -958
-194 593
-224 942
-811 11
836 141
-223 998
975 -892
158 -205
-546 -385
-506 -760
-215 -446
803 736
145 -908
-982 666
-194 -37
-273 -725
-634 99
-804 125
-40 828
-86 -998
-468 609
630 954
-227 -170
-306 317
281 875
-308 -313
836 -221
-498 945
-859 -188
764 -954
182 -761
-461 643
46 -451
-910 -449
-411 -645
116 -144
-59 -653
-965 -165
256 -206
198 -155
934 371
-368 34
28 867
894 -495
317 -254
751 -570
123 -746
452 -597
-340 282
-475 -823
450 -892
-515 -262
11 -1
46 313
-207 920
-319 -500
-401 -21
20 742
338 182
-166 920
-773 731
-338 418
-741 66
81 264
99 721
72 -767
97 -792
234 695
-46 589
737 76
-773 885
-460 -78
-484 -423
634 710
-679 -385
742 642
387 199
-517 541
928 -408
-384 793
-641 -805
-106 204
446 -662
820 -923
385 501
-624 571
284 -119
324 705
-913 -489
-313 -560
-107 931
-762 -140
-340 178
407 -802
-699 744
-374 811
365 874
105 -956
-310 -598
788 763
235 591
529 552
-897 727
-552 827
-556 -31
-737 699
306 193
-980 842
686 -234
-598 781
346 548
588 -477
-353 -501
687 -658
-550 594
-747 -307
673 -887
-61 863
375 894
-717 -474
-154 409
-412 16
-889 -666
-254 609
328 334
-210 -17
601 -78
-844 331
-73 281
-628 -189
-702 -357
763 548
142 -331
266 -275
-268 916
-972 -800
-607 -579
-870 -580
-96 915
206 -650
99 -300
941 -935
90 430
888 -415
-26 -334
645 467
719 824
-591 930
-155 -487
930 246
-424 76
-546 35
-479 -55
124 -395
295 492
-233 558
718 840
-461 727
266 660
-677 602
821 856
-162 -477
-626 70
-187 791
-281 180
806 228
99 219
745 -169
142 544
973 705
596 -346
-462 5
-80 -904
-688 -755
617 -159
812 353
-980 -342
21 881
121 295
-531 955
941 -408
-979 383
664 -872
-594 687
757 59
642 165
172 -207
-350 -610
-953 -428
147 640
364 -922
540 -694
-388 -118
848 -887
271 736
363 -269
-14 80
199 -73
-834 -786
-881 -658
-698 197
180 237
354 670
-759 493
66 978
265 -291
651 25
442 765
-197 873
-150 548
-491 969
-812 827
815 400
353 -728
342 956
815 413
772 -441
-780 -664
263 -854
711 983
615 903
-197 -922
509 836
-875 772
861 893
-650 -355
-785 -877
368 -309
-141 -427
651 653
408 977
985 995
-572 654
261 514
-463 676
287 -919
-261 -35
561 -36
997 755
-880 203
-46 -173
-848 242
408 -194
-592 -826
950 -625
534 -856
53 -622
736 35
-696 -721
677 -707
466 -103
300 943
-929 64
272 822
-48 265
-510 -269
-426 935
417 481
-44 788
-724 -210
-145 370
-372 160
618 685
-184 108
-260 142
489 671
-86 -760
703 992
-533 214
-262 141
959 -829
241 107
615 -393
-11 -265
109 499
-227 264
501 224
-538 -339
821 -516
-823 -259
-730 -147
-911 146
-174 -375
722 632
-586 552
-492 349
-136 575
-521 -630
496 -168
-389 515
-16 -840
-612 110
478 6
416 24
922 -748
-574 749
41 -75
250 -121
803 -473
360 663
545 -336
791 -458
958 -114
691 160
746 -624
-618 -536
-984 -565
411 360
-195 15
-243 -382
305 477
205 -256
-474 844
-254 640
-733 408
872 -708
-116 797
-240 746
491 275
-750 904
-518 -721
-949 -5
-846 531
419 74
-212 294
848 -510
-894 -209
-946 917
42 620
-378 -581
117 680
-715 973
524 553
-435 343
-506 -786
538 -417
-937 -724
-47 -998
44 -702
-515 -665
487 889
-917 -617
-897 858
838 -667
-751 419
-36 497
507 -807
2 -83
444 246
-720 -45
453 597
769 660
-887 -42
442 -203
530 362
272 340
312 -630
-804 849
-139 -174
980 191
-930 -350
-499 -651
782 48
16 89
-279 -913
-372 -402
713 858
748 146
-600 669
515 240
932 -598
-582 809
-466 126
109 -973
-324 -61
811 -309
363 300
-30 618
-706 -965
558 45
-81 785
-35 383
260 663
-379 586
857 -49
149 -426
337 -283
-898 -988
263 -938
544 330
956 991
-95 -879
-743 -718
694 -842
429 -426
58 -246
-197 266
-430 678
76 -364
0 -939
668 -266
-690 302
-804 202
896 -847
-139 10
-81 728
-970 -555
415 540
150 689
984 461
488 370
-199 420
971 975
435 -548
267 -274
492 668
843 863
-427 -238
-962 -674
877 399
280 -730
-587 -562
601 -156
830 780
573 -114
471 922
-37 450
630 197
494 281
118 -116
-316 854
674 977
-749 -813
302 -640
-975 -991
567 -457
104 299
-132 51
373 -228
-274 637
628 199
-110 -435
886 281
731 -22
-697 752
-375 -127
350 397
-420 577
-321 -317
391 3
-441 562
-938 355
700 810
-751 -953
712 -346
-958 945
747 -711
-961 871
-330 -773
-463 -314
468 -597
-419 510
173 292
-986 213
252 -662
40 201
-870 -878
-229 651
-184 915
-868 935
-174 -268
648 -506
-168 425
317 -856
-332 -3
-351 -360
-694 755
512 -489
-777 602
373 -558
921 24
546 408
905 38
785 -156
436 -81
160 -81
798 -403
-258 524
-509 141
-672 657
949 926
853 632
829 -122
403 590
-772 -118
-491 -425
347 -155
-827 -956
-236 216
-420 -273
-737 97
-680 -82
779 50
-872 -871
226 536
-189 -468
-130 -663
-845 -433
-381 -430
220 480
-734 145
-487 700
-660 -928
-240 76
-513 15
6 62
114 827
407 320
547 43
262 -4
405 761
-547 690
209 764
685 -227
327 252
-433 366
-780 -178
-594 -377
599 533
-905 479
-353 -910
-693 185
240 -362
952 442
-236 -440
712 638
265 405
158 523
-787 -465
-844 -29
-210 -278
409 175
349 668
407 662
826 -649
778 -63
-367 376
-882 910
954 718
267 -507
-13 23
-865 340
-927 -718
448 758
-835 293
846 19
453 -977
-29 768
576 665
-185 -482
79 -952
-432 898
-181 -578
519 -145
264 -58
-715 -27
181 -540
-945 -265
668 620
794 519
204 115
213 168
214 -797
-398 356
15 552
-891 -151
105 -253
-812 -173
896 -168
-49 944
-256 -199
-356 -766
-436 745
896 -644
-284 337
-167 -549
-306 -865
491 -86
-16 -458
898 74
734 433
249 943
-686 -408
478 -847
-890 903
712 -169
-971 284
-335 -518
815 -229
-180 -565
-277 -922
-229 -538
-820 -740
-76 -949
-804 -867
-715 -993
632 -651
200 -419
806 567
980 37
-361 -702
-427 398
718 -38
211 100
-246 -583
381 -340
-554 -728
550 -332
-450 323
244 953
878 -214
605 -347
-463 -710
-672 530
386 71
-507 509
962 906
-281 44
-104 672
-29 -891
309 299
-665 258
97 452
91 28
-384 975
931 811
867 -113
95 -237
-154 -144
446 439
201 850
830 996
-946 269
-684 100
-578 -962
61 483
103 -659
349 326
-174 -777
248 796
810 337
998 -348
963 -909
-528 -921
-581 -784
-213 585
352 304
747 75
258 689
639 -7
-937 -466
-313 351
-544 -393
-154 406
-653 -287
577 195
293 -46
265 -231
-913 -606
241 -788
82 249
-90 -860
-80 674
-299 -483
168 -891
-631 -981
-366 -708
726 -524
-149 234
318 -430
-371 676
460 164
468 468
754 522
339 764
487 596
764 584
-165 681
-247 -621
898 -593
-619 191
933 -832
-784 -916
-787 -954
-165 282
354 843
256 -866
-494 741
-129 -985
320 -226
216 -925
519 152
-924 356
-926 -967
-991 425
824 42
-236 746
-845 -978
-644 100
-192 -675
155 968
-355 542
-535 -843
-818 -914
-496 -43
-742 -778
-618 780
-648 110
77 -659
871 -428
-969 781
844 -270
84 626
237 566
-407 -385
-644 710
351 77
947 -320
431 -104
-874 302
974 -665
999 738
741 -246
817 54
448 503
-90 -899
407 -551
924 609
511 54
401 167
-54 -937
-249 -379
-194 -313
730 -181
75 -720
-688 81
-14 411
605 -272
635 -607
-89 -137
679 -954
993 -341
-955 -480
-403 -936
-922 998
-717 697
475 881
-334 -922
-824 -838
-290 954
370 96
-468 846
-529 435
160 261
-150 -876
276 460
393 -603
567 -534
-38 -102
-30 -60
-50 -516
-99 753
-47 -863
375 486
485 294
219 292
-329 919
168 624
-396 -300
379 836
-899 -474
247 -715
-867 -880
67 986
571 -439
10 -28
222 272
-588 -385
-858 -377
-53 -162
338 216
-560 -748
504 848
-77 -486
507 178
182 602
-500 -386
655 539
-199 208
256 -412
-636 9
968 486
-127 486
135 -359
-362 956
-435 -75
664 -527
-840 -54
295 256
241 204
-245 -802
-830 -683
-359 -237
170 -783
-764 842
171 -146
-663 -108
-815 -515
-357 837
243 -522
-352 566
-583 119
512 495
-253 -297
-98 -797
-900 817
-963 -306
490 274
302 193
-628 882
538 819
-264 468
-725 -332
-500 869
-733 481
723 -885
145 894
216 -296
-67 -135
319 -11
-707 224
693 -62
13 -355
560 49
-979 -705
-8 -295
351 -627
-885 -455
115 981
807 -914
488 -543
-850 510
-169 412
208 689
-452 -629
581 861
-615 944
999 42
237 868
-215 -628
55 -883
517 -254
-264 272
436 335
296 -696
876 269
-280 230
421 -579
-407 135
850 -724
-471 -594
-605 219
-492 -412
666 599
-329 -14
-361 -177
-910 -367
-527 827
-786 -864
418 343
-146 -468
-969 592
689 -856
72 -990
-849 -810
-580 -176
933 -45
414 280
-170 556
437 664
185 302
-464 681
-820 -634
-403 -781
426 713
-867 -729
-823 843
645 -742
-655 378
-928 596
-967 624
-189 -965
-270 -767
909 429
-178 568
845 150
-344 -35
-492 47
-742 -148
-229 804
-199 211
-325 644
486 -866
-117 25
755 -502
-309 -811
253 248
-467 -267
503 -555
-2 -936
-999 -970
-351 530
162 613
-981 -929
-26 -201
-569 -593
-493 -720
697 527
-789 -414
261 -347
220 522
592 818
384 -833
-835 732
449 847
-639 432
-284 -647
200 -800
-664 -45
-776 704
-837 -425
-775 -273
936 707
-203 -599
450 -254
105 667
794 -738
-248 -184
-860 828
-309 615
731 -22
431 -33
-738 908
-200 -434
-599 -808
269 -872
850 663
-132 -860
112 975
-558 -944
-379 143
-476 -173
723 -19
-532 251
-497 -812
813 739
-867 -363
-761 -938
928 190
834 744
460 803
151 932
-739 169
384 -698
756 -747
57 -732
196 -839
327 341
997 -301
257 -486
713 -353
597 -140
-970 -893
891 -142
-773 905
-345 -559
-409 -988
-404 -711
440 -458
324 291
723 192
-20 -569
44 409
-723 206
-285 803
-127 -595
840 793
-757 -638
944 -950
990 521
837 -554
-855 -977
-174 744
-575 -376
-589 943
994 -781
153 512
-736 154
843 -42
162 805
-1 -823
-301 877
157 49
-59 1
-582 -199
-248 888
-589 -798
-522 -832
-989 915
-40 781
-625 -353
196 195
726 477
-553 692
-12 939
-720 892
64 432
-763 324
-839 515
-515 843
112 973
825 538
892 -379
423 -664
767 155
-25 424
887 767
-62 -388
629 -150
625 519
665 588
902 -934
892 559
-520 -338
301 -641
-542 -838
877 988
-446 -514
394 927
-900 736
750 -164
246 -841
-514 330
298 192
-927 108
-259 267
-33 28
656 924
749 -681
-959 377
517 286
-848 861
-610 849
-30 -460
824 -125
989 -751
340 -811
-190 -452
146 -340
-405 643
487 -956
-366 -8
507 -690
-34 -598
669 -546
269 -296
-972 -525
747 -424
387 -675
-26 -202
93 -386
-150 783
-551 561
-629 537
308 -987
-59 291
941 810
-970 693
534 467
-182 475
317 928
729 532
-136 575
341 210
737 255
-714 -718
534 -503
-285 437
427 -249
-35 755
132 -980
-919 333
773 -842
175 372
203 576
-200 -506
998 286
208 -794
-453 -932
813 316
-270 -538
-321 -898
-583 -338
-943 821
-286 -584
-712 -360
127 71
-718 720
883 -345
-957 -401
-115 828
511 987
550 -468
981 -131
-611 483
911 -485
719 -119
314 -282
756 448
-494 542
-619 974
71 75
-438 553
898 565
-920 -475
-826 68
-501 -916
299 712
-286 -119
-965 -826
-998 -847
-158 -951
193 891
-616 -724
-827 -482
130 569
990 505
179 432
-465 473
170 -800
-863 -310
919 -803
83 77
196 -663
418 956
713 4
-673 -28
575 -434
545 -443
648 759
851 -364
539 -419
-199 -141
638 -333
849 6
158 767
52 392
-490 132
182 -801
965 -692
531 -894
681 -302
180 -896
813 -539
-349 -665
-833 -795
-406 318
163 604
-885 -415
628 -374
300 114
605 854
430 659
-20 540
283 -779
-189 829
345 111
-551 -756
-244 922
58 503
-870 770
362 665
925 -196
-534 430
-608 544
906 421
-434 -863
-981 667
545 -874
592 -921
-908 557
553 -49
20 451
389 677
416 -35
-296 301
841 325
-908 279
-500 -925
-666 -887
-222 -931
888 980
-971 -891
-319 46
-259 49
598 147
-830 -914
330 -298
-188 291
-755 -867
-161 38
519 -757
211 755
27 -656
-286 936
-609 237
-914 -575
809 914
940 444
18 -871
-838 766
123 757
745 36
-773 171
-836 938
-78 -164
535 130
-285 247
472 911
-563 -59
228 -928
247 -630
358 -989
-317 591
555 385
610 -224
730 -380
-697 -963
-202 -327
13 820
-790 -903
-906 888
400 -453
-591 -833
671 -330
745 -326
81 -954
166 -678
118 549
-63 441
-571 107
-29 -221
209 581
984 -584
256 530
429 -120
-681 -699
-806 -311
-502 -925
937 -920
651 179
-437 201
-498 59
881 -764
419 -896
900 -199
335 -38
264 900
266 679
-649 10
509 430
-365 715
-390 15
897 -129
-457 -238
395 -377
-291 -870
357 267
605 -156
93 -383
-647 -809
505 90
485 328
-442 245
466 491
598 -701
765 -906
823 459
-170 277
191 170
836 -288
-579 88
979 857
-123 -954
698 -28
-341 386
53 -77
403 -709
-284 524
478 604
-520 -399
450 -308
-377 -549
421 243
501 788
980 281
-724 639
595 650
-727 -763
506 492
-457 957
116 322
992 -413
-60 -452
216 6
613 626
150 -330
325 190
743 989
614 -804
-124 -356
482 -114
-245 655
-615 706
308 362
13 298
-998 443
-717 304
377 -317
-367 -351
-720 -676
597 514
-506 -905
-860 66
842 509
-250 -955
298 994
-877 -415
-261 -206
-86 -592
436 109
981 -205
-552 -317
-253 347
-246 219
-621 -695
985 -250
-844 775
463 600
-698 669
976 154
-631 489
751 479
77 470
731 583
-497 941
433 587
-695 -61
-904 -423
-639 144
-397 -808
-780 -321
379 48
-994 -407
-534 694
501 -294
-53 593
-472 -823
-790 -423
-871 -664
110 -692
-522 631
-989 199
-645 219
-255 -686
-689 -78
-681 573
353 994
-175 173
-932 48
739 806
434 -692
-256 731
373 -488
325 669
520 980
886 -140
178 -220
-893 -175
-120 697
-274 207
-678 -339
-384 -442
-769 928
988 -37
-964 505
-186 292
-13 137
521 488
-619 623
-758 208
533 -332
-109 -393
41 -119
687 554
-403 678
-453 582
-807 649
-167 532
-369 -338
-176 841
-959 946
-748 371
-380 42
-913 334
-993 298
-86 147
-513 944
-72 225
354 893
-295 130
-928 636
989 -544
473 882
-782 232
-865 656
-366 -118
-993 -480
280 224
-28 759
372 931
261 -965
727 306
519 -776
834 642
332 720
53 644
-192 545
729 334
674 654
251 577
-384 -474
673 -816
141 980
-716 -209
223 707
-784 -223
217 -397
-437 -941
-863 -253
-578 -96
146 -929
-857 964
919 357
716 276
-793 -714
-217 -283
274 -745
-23 372
-345 -491
-911 23
430 -501
-334 -533
-99 502
643 -69
496 -334
-358 -647
266 -925
236 789
775 -164
803 -65
-714 301
563 31
-172 -94
316 -165
-354 -294
279 -906
-811 834
450 768
256 716
-978 648
32 -811
852 497
-872 -112
383 -412
397 474
706 -564
197 -79
865 -515
507 -897
-71 -389
-892 76
-647 335
-196 444
786 722
-824 -684
-981 59
408 -434
-453 727
922 -331
178 291
-939 438
469 654
-455 699
-302 -985
-648 -196
-590 481
32 -229
955 -50
-289 -737
936 -226
236 942
990 -929
-124 -376
-79 364
-245 -340
865 -327
937 720
708 -364
-210 148
-24 769
-641 506
-266 -139
26 -510
-405 741
-660 -533
464 -840
-523 -463
-878 -7
601 6
-981 319
-894 909
248 115
-952 886
734 -381
388 655
-929 751
-149 966
664 -806
-763 -378
-954 -606
-326 -859
769 599
342 -755
-468 539
-17 -253
157 501
779 -534
-686 -292
-853 352
-825 927
704 -776
-284 320
-737 650
684 -635
-77 -367
340 898
740 -528
878 602
-466 -936
759 286
359 -162
-246 -11
155 -498
-796 725
269 980
907 455
-391 -556
-119 754
-538 -30
-669 454
357 203
887 901
252 120
-450 356
567 -552
-713 666
222 22
226 -406
830 -934
-502 -88
498 483
-749 363
-987 -672
-725 243
-638 738
-216 -714
-560 -320
665 -406
790 470
-657 -453
825 -974
-983 -911
123 615
-425 -661
-319 875
391 790
220 -424
-171 -59
291 -898
-741 -644
-376 768
-2 893
963 677
786 292
-214 -42
254 -269
-444 -891
838 -626
121 852
-556 594
482 -125
-665 701
774 257
870 682
45 849
908 -882
-445 -169
-362 136
-400 372
608 236
-549 -23
364 767
106 890
-858 262
-912 551
638 -871
107 183
359 -62
-155 -1000
-669 825
-265 -405
491 -46
281 535
-218 -686
323 992
886 418
-396 -234
285 346
-267 58
-589 150
292 -137
-465 265
-742 -19
564 -955
-442 -781
-523 -43
128 547
-178 -225
-582 -610
173 379
377 -128
298 813
604 -176
-473 -306
246 487
918 157
330 -526
-474 -385
-939 -799
-427 -434
830 -851
-517 559
-366 -67
64 -138
661 942
-262 -604
-847 -92
107 -537
12 524
980 -59
393 883
222 167
-857 -547
-47 -864
596 260
-905 -986
919 537
-906 111
826 104
213 736
-895 -355
-329 712
146 -60
138 -105
-986 -770
515 -201
339 -491
873 872
-962 665
-152 -302
210 240
515 -420
-749 557
-398 -262
-890 19
269 551
-317 711
-445 698
-945 -703
-44 64
687 456
-300 -755
-708 -428
-920 493
153 -97
-496 -611
99 -433
-850 310
886 -739
-128 23
-587 203
383 591
263 169
389 -44
-140 156
774 -563
182 718
-241 -335
842 799
-286 -619
-452 40
-744 726
879 156
461 -121
-889 -431
18 -584
940 560
-88 -901
240 741
244 366
189 717
-246 726
273 -880
715 281
-85 -785
195 -907
494 93
870 -673
932 -341
35 -919
444 -205
819 442
-732 -617
115 186
425 -287
-994 53
-847 -696
-436 275
-763 -138
661 824
423 -452
-837 705
576 -601
-855 714
-711 -918
232 -669
-281 -469
252 -750
-119 -686
240 -554
-965 669
897 -241
-395 -586
-189 331
-688 -239
-203 -973
904 206
763 944
-939 -705
-671 859
377 -178
-505 130
635 -256
-280 -41
-9 -372
725 689
699 -234
-296 42
649 -672
-521 417
95 -66
847 -698
384 690
-727 -766
-757 -968
-295 -649
725 -289
-61 323
368 305
-899 -33
284 540
15 -572
-326 -278
-400 770
887 990
501 -46
-745 -164
585 -320
25 188
182 664
-870 -655
-174 -734
397 96
902 -198
277 -162
-617 341
584 -553
-822 -134
-664 -189
128 -706
-858 -13
-909 -346
-956 513
402 -640
-228 512
-815 -739
157 -783
460 -699
-160 132
16 479
511 377
-939 945
-707 512
-85 486
-694 292
-180 995
-734 -658
-53 442
-320 256
-753 728
800 114
-9 916
-615 -458
-527 -734
742 -942
-37 527
630 -501
627 994
961 386
-950 -793
-916 338
944 -862
978 782
-74 -677
-996 -704
-380 636
-650 416
-702 -372
-897 -15
336 -926
148 666
-403 342
-183 904
175 567
951 -309
-499 -575
88 -342
-531 344
-718 -951
743 -739
37 -209
803 -241
876 -473
-713 -67
-82 -458
-706 -488
-745 727
498 -34
-357 589
676 923
-904 315
-224 324
-205 -927
-536 786
-165 638
656 930
-116 14
-980 904
-364 163
-114 -940
-777 -863
-783 127
-433 -126
391 -510
-684 -955
757 -289
326 718
457 -595
500 -316
948 34
613 351
798 -218
786 -776
993 -549
874 -499
249 -607
918 -845
-450 429
295 -359
354 480
-466 505
885 -729
-404 -740
555 217
171 680
-21 46
-30 175
518 -957
-548 -812
212 894
-248 148
206 -600
-657 -158
287 -866
830 -896
-354 -401
-960 -974
-501 190
42 324
-467 397
80 19
877 275
-876 -365
-75 219
-538 153
658 -100
665 367
758 -510
464 -996
216 989
-341 474
-860 -279
263 -611
-435 574
-172 -787
336 -114
767 -390
665 872
-160 -767
-441 531
882 -465
-866 165
-379 -82
592 -292
-734 -606
-587 -942
-784 106
-826 938
454 517
34 -114
-398 -304
990 -385
-345 979
-188 -480
-58 801
-647 635
602 -545
-109 810
659 914
120 613
1 386
-848 -8
249 995
810 -369
565 -496
-494 692
-465 -49
516 434
-867 514
-532 -364
62 -459
798 -482
-675 595
-203 -298
532 925
-41 -80
-812 -327
255 912
116 622
170 414
831 -25
359 -822
100 400
-295 116
-897 -34
673 449
-250 640
385 30
584 402
-789 -505
382 -388
-414 150
-689 -809
531 630
208 335
589 895
749 84
754 -78
-142 -86
987 535
336 392
694 -325
-567 -762
384 -577
-108 445
-199 -688
552 176
902 -360
37 -66
-733 703
440 109
12 786
-497 -997
866 596
543 465
-179 -140
994 354
-461 292
671 858
181 -992
555 -367
-769 -542
-863 -483
-650 350
104 -657
-254 82
-608 609
631 658
-694 172
-880 377
115 -993
971 984
343 387
-206 -212
972 525
235 943
114 879
334 594
864 -623
-409 -695
-238 -445
-643 161
641 -680
-67 -248
-571 836
-317 520
699 -382
-247 650
318 226
-986 182
799 -909
264 -475
460 13
341 -59
650 451
629 -115
-878 751
-492 513
787 -121
281 391
-382 840
-111 -732
984 676
162 -111
778 -946
-377 -317
927 -203
-302 -688
800 -658
-184 266
-568 -980
-217 624
707 -41
482 385
-643 -196
-690 -837
-543 737
788 -654
-942 65
950 -959
858 682
896 891
314 -854
494 766
303 -649
231 -395
-904 573
277 973
408 699
528 -863
169 -711
184 -744
-85 108
-627 572
-60 514
863 335
933 522
-730 110
780 471
133 -599
-746 116
-931 209
469 472
-890 972
-545 660
-465 836
-348 -474
-390 -332
-950 -309
-917 -42
445 -861
-705 -29
-978 -751
-775 -969
773 756
-248 18
-710 186
466 205
765 415
45 672
-644 -458
-182 742
32 -62
-783 -348
411 521
504 -338
-546 571
-480 -119
854 724
-227 663
573 398
-6 -69
354 364
398 -588
-487 -950
-363 599
3 -704
-48 -812
411 771
828 548
752 -1000
356 -105
588 864
-881 568
-633 -866
-92 -769
943 619
169 -105
-235 561
-442 444
-759 563
-382 165
-791 401
186 -488
-791 -900
-565 -342
410 -554
-540 553
-263 4
-457 755
773 653
-576 262
231 576
39 -551
-463 418
727 394
797 53
719 -975
-745 814
23 -787
981 -13
-30 -550
-813 407
-125 698
-498 113
13 219
20 233
-222 -659
-803 98
999 -925
-970 -560
-202 490
651 588
-670 -566
-996 933
-611 291
256 -150
-17 599
-524 68
671 924
-610 33
571 611
788 175
681 -766
98 -731
-524 -426
101 538
-42 745
625 454
-923 -48
-819 190
-334 180
791 -680
66 621
939 897
660 896
-742 671
-187 -691
679 5
105 -36
558 328
688 611
-996 331
-825 123
121 -65
485 572
-407 -548
595 -585
763 765
-240 343
-658 -551
206 887
-727 617
325 -956
939 751
-879 734
229 672
-38 -70
-419 -517
867 582
-249 -460
-864 -610
-789 -160
908 175
-602 126
112 -996
264 -339
261 -135
-730 -4
-240 -873
-43 -161
84 -606
677 -383
-853 -4
399 -41
616 -391
205 205
-720 -598
-637 56
137 -400
83 -90
657 -950
958 735
-412 -430
-595 -735
-164 185
15 -756
956 257
-836 207
-882 -144
690 569
744 -707
661 793
-807 276
-622 792
950 -92
316 812
630 -87
844 233
-609 -200
-710 991
479 -60
585 884
191 -159
-586 -396
484 -112
463 -13
421 -356
284 885
-867 -143
-562 940
417 -962
-456 456
787 -149
614 -902
830 41
123 702
306 344
-607 -131
860 525
723 597
338 399
914 880
588 -732
-100 524
-716 -141
917 538
-211 104
-310 297
-775 -731
707 -960
-278 -86
801 -623
509 -687
927 -206
-732 -228
-784 -892
-399 -810
-756 213
-224 -917
-753 864
626 528
502 999
467 752
353 -770
981 298
-726 883
22 415
-611 -725
-878 795
507 -981
16 343
210 -263
-999 -868
499 -999
982 6
-100 -127
715 574
456 -594
986 459
-785 -446
-153 345
945 256
-362 213
-689 -637
-688 -565
-69 -97
-266 -95
-267 661
495 -161
181 -57
991 -724
270 454
-604 -658
665 134
649 -809
-116 846
235 239
-789 -845
-823 927
980 -250
248 -207
-598 783
-817 -555
988 -809
841 907
-639 123
-51 -623
-429 610
-194 -644
-141 224
-858 666
-465 -22
77 419
662 -511
17 514
560 449
-746 639
-301 233
-626 32
-516 -741
910 -801
-464 -252
-118 -396
579 -571
-418 103
955 595
896 -702
-73 -959
80 -95
-475 837
594 258
-257 803
806 206
417 921
-41 57
710 550
-933 988
-701 895
-405 -251
-844 -330
-316 -539
-115 -774
-407 -960
-518 -408
-612 -166
822 -776
-284 -743
-376 456
855 831
-926 415
596 764
729 924
416 837
-772 740
917 -131
288 -898
-450 96
122 767
589 478
742 179
59 -352
89 441
-773 -640
832 706
-801 563
848 677
668 -404
-18 143
33 -871
-665 -682
-5 219
991 -476
70 -698
753 -17
-74 105
779 -519
375 -877
195 610
828 -943
-526 154
-673 67
799 -539
784 -311
-21 -386
71 -377
-63 592
672 376
-488 651
480 -33
455 -138
-112 -415
111 654
-334 -641
-511 -25
-905 119
-473 -343
-410 374
283 125
166 853
-366 536
-897 536
14 752
508 426
-289 -860
206 580
49 -65
-705 -955
118 -190
962 -396
375 -935
-464 -482
228 351
-437 -779
513 901
458 204
-492 -506
384 967
981 -592
-33 -143
-97 -417
153 663
-562 56
-749 734
159 -590
-788 610
918 -320
995 -47
-973 529
639 -405
675 260
634 443
-371 350
-82 -684
670 969
170 -718
-176 575
-888 193
767 -369
321 211
740 482
109 630
22 974
-461 -558
-801 684
569 -415
-8 -910
-933 -375
330 -263
-329 617
266 97
985 -959
533 207
720 -938
-79 -439
677 236
-599 -619
-410 -855
-262 -258
935 -695
-971 723
-320 977
80 -187
-61 135
772 -976
-871 -327
74 591
427 146
-750 -416
216 395
513 -723
-13 -688
676 233
364 -104
-30 343
574 -136
471 -172
-73 -184
-470 690
819 423
-587 746
-401 949
508 -310
348 -34
-421 584
106 97
459 -101
448 -768
-447 991
96 -326
-159 556
-136 -320
-31 -135
-929 306
-709 698
-179 832
241 -217
325 -463
-258 123
844 -142
-42 70
-711 -880
-47 -374
-160 384
321 -931
56 856
507 -643
777 -592
840 -271
733 -8
-571 492
-202 -461
-599 229
-995 50
91 -556
-205 -486
-599 599
28 -137
934 -662
636 -128
901 -347
271 644
90 923
-894 -221
260 716
-778 -339
310 606
291 -635
712 -579
-737 -272
410 51
-915 183
-244 427
-938 141
-553 -155
617 807
-777 127
-161 -43
-81 852
-780 187
-871 -475
597 637
-937 -954
491 -208
276 729
214 646
762 -998
-287 967
647 530
53 -842
-959 -528
147 19
841 -529
198 921
-329 -126
-890 -794
-166 605
367 639
365 -16
-503 -444
159 -329
139 357
-696 -870
624 243
-448 510
776 -50
-203 -703
-981 381
-547 -752
781 21
296 405
-338 944
-512 -333
-577 897
-55 -748
92 -424
-864 -679
724 -969
-143 739
-787 -483
747 354
-834 -234
-288 -238
-876 765
-638 560
-188 -506
-376 -821
695 738
855 949
509 441
-407 151
-687 884
-419 767
-48 482
-290 -538
38 678
719 -825
-886 827
291 -631
-980 -392
-822 -341
164 -966
-758 566
-827 143
305 99
559 -180
712 -980
205 980
504 -753
459 200
536 -664
20 949
-845 -805
28 345
139 749
116 -215
-444 442
7 -507
993 -503
938 -197
412 587
-11 614
-377 547
134 -806
-730 334
-259 -432
-263 -750
807 861
414 367
-164 -211
363 -303
-917 439
71 -669
613 134
-440 -231
-386 -776
927 902
564 -366
-280 -177
-529 -229
-501 -3
202 -566
-208 718
-528 747
-330 -388
-430 -720
163 -126
-311 53
-402 -44
-545 -265
-75 -698
528 -210
800 -229
-392 719
-533 -267
845 -42
116 231
979 623
-697 -620
-228 -734
837 -160
-62 829
-967 159
842 707
-816 774
-617 391
975 -403
943 155
781 -668
569 84
323 437
-395 -699
23 395
-73 300
-739 -285
735 567
-886 650
-39 711
-653 896
-655 -285
-677 208
513 -966
-556 920
785 -833
7 -296
687 -801
704 -416
858 -673
432 908
130 -234
-715 -307
-400 710
975 399
-264 700
225 439
-415 -975
-632 495
632 -677
-375 670
540 -327
-657 666
261 850
429 718
735 270
-591 674
-421 -374
218 -833
-387 -701
209 507
441 400
-166 662
284 934
451 326
-127 -289
-753 559
-948 -959
-134 -846
514 -671
-818 -893
221 -143
-213 -262
-435 -389
-918 -365
436 -52
-505 -679
-104 -485
858 774
-163 -420
-817 469
-321 163
-790 -279
425 290
937 -717
408 572
270 -946
-664 -648
590 91
804 -550
-961 -87
-216 661
415 486
-8 -303
457 -124
655 842
-856 408
590 -279
-966 4
324 272
916 -205
-726 -448
118 -585
-680 672
-997 -676
-797 -500
335 252
785 -510
-878 960
184 695
-941 -158
200 -52
171 -184
518 -528
-137 996
-825 740
839 -457
475 -324
-376 -320
-891 -898
336 737
272 -539
506 -848
-187 69
276 655
65 -796
89 -72
972 452
-55 786
646 -788
867 -299
-675 680
254 506
850 -256
787 -544
596 -241
-859 526
883 240
-837 436
926 -276
580 -767
146 -452
-488 -87
-943 375
-359 -447
841 532
526 690
683 -898
-338 -164
-702 -304
-688 -910
642 276
-563 -40
978 810
904 664
-446 -828
-87 8
-172 899
-430 -676
783 450
982 843
564 -360
622 894
420 329
-988 -784
