7579
864 999
667 778
-954 343
-317 -89
-779 413
912 -352
89 -470
-667 -730
47 297
-158 31
-596 949
131 790
-576 188
894 423
777 -367
-731 213
748 423
-108 146
-499 -536
933 -442
-581 124
-502 -398
563 770
-63 360
302 940
920 731
-998 -492
-671 -390
-292 891
755 650
533 193
728 87
-124 63
827 -185
-390 904
18 806
-168 -379
-430 347
-986 811
547 207
-5 -979
379 914
-489 -255
-151 -721
-818 670
23 -393
75 -682
349 133
234 -596
-826 378
197 -585
389 765
-101 -521
-963 552
528 -431
-894 -136
8 860
442 825
548 961
-42 -256
-745 -826
-846 -263
929 853
764 -382
-555 -466
710 -80
227 69
-101 259
336 250
-745 703
163 -669
249 -353
722 662
-165 -214
307 -171
46 871
960 -908
-552 -76
-208 -797
33 291
-929 -773
392 -488
148 -539
941 -60
-21 702
-648 211
398 -664
37 -711
-321 -844
405 -600
-295 -293
627 -463
-98 994
-874 816
-591 -662
826 -490
935 -432
672 532
508 -393
-924 -406
895 636
241 -848
-418 395
160 -296
-854 42
-677 -4
818 397
313 -72
906 443
-398 -207
979 -458
17 829
-461 534
-34 -298
539 851
354 948
222 855
912 -903
-92 604
-970 -137
-217 -431
393 559
96 619
-401 -194
-215 126
54 -985
-364 -495
274 413
-931 -659
-945 -456
360 -587
82 -574
-15 559
983 -325
399 -921
361 -102
-25 699
-628 817
493 737
-521 920
-666 -78
187 65
963 988
62 -965
-873 -495
-286 -450
76 941
3 939
595 541
-460 280
185 547
387 441
-693 -710
949 613
209 -331
997 379
159 -941
790 -757
-358 413
990 -701
-317 716
-275 -527
-853 -408
-648 -532
-848 -307
-423 759
959 114
316 482
-120 -358
348 -311
858 189
-454 -243
-576 368
195 934
531 -494
-246 150
-251 -571
461 -142
-775 -771
-473 -407
52 -395
823 -255
764 -491
688 -863
-523 -933
108 963
588 -556
-792 -572
448 957
795 -585
639 813
-255 -444
-517 -893
502 -76
-937 -756
714 -259
-774 187
-78 852
-957 813
-605 820
-341 686
-921 -765
891 -135
-13 -60
969 157
-458 516
-212 -987
847 131
-659 885
-304 -62
991 -523
-628 112
-963 -830
450 55
-364 -97
635 -498
239 805
243 -100
-694 -886
837 -200
-261 -904
622 49
584 651
281 723
-830 -130
-382 631
807 -875
-105 -794
201 699
897 288
749 317
-644 -707
-329 669
-545 438
-310 195
-328 -550
-177 -24
133 -909
809 153
-30 929
-91 -621
572 -64
474 661
-185 436
216 307
947 406
-510 535
-704 279
335 -1000
-435 442
316 -314
882 -396
-616 816
187 509
176 -616
589 -86
245 -202
-423 -513
474 777
-161 483
-476 812
651 -670
-132 301
-307 131
-615 76
534 244
-729 -818
266 993
480 -82
381 486
226 -417
-265 -563
-716 -793
-714 9
-398 134
-366 -164
59 -54
591 0
165 746
-478 -976
271 -146
-86 733
194 270
2 341
302 429
-697 681
304 145
495 619
-162 -338
-370 -457
-985 -424
-856 78
710 634
-445 -805
922 -932
376 -986
614 -307
164 840
380 682
680 -862
-956 447
355 674
-512 -723
-907 763
-632 -130
251 778
380 -448
-404 7
-84 185
422 1000
-153 592
-857 -692
584 551
81 566
-30 145
929 814
638 860
378 -358
911 173
-212 -298
-659 -274
-663 -488
399 839
223 115
-401 -86
276 -969
517 785
-755 -826
-904 -79
22 433
128 -844
-568 562
-106 -640
440 859
-997 745
949 -219
267 197
544 -740
-394 -455
90 918
449 713
489 -29
101 -579
585 214
-667 652
821 538
303 14
542 -850
-832 -702
-80 294
557 482
-154 -610
990 -989
-897 225
836 -61
-599 674
-71 666
-811 -430
787 445
145 -676
787 344
95 874
-199 964
-430 214
-271 213
-854 -657
-188 -661
-245 -999
84 911
-425 431
-57 -306
150 541
863 -840
-875 485
329 -139
-69 914
-882 789
881 -443
-348 839
-988 -271
-407 -314
432 368
988 -884
459 94
653 936
701 -837
141 -583
513 -264
19 -238
891 31
-178 -246
243 80
625 951
-383 -19
-838 623
331 -939
-564 -926
194 -280
7 -268
948 106
536 -433
35 74
867 -799
-882 -981
306 658
-743 -502
164 -635
-868 -985
-14 -928
-33 663
-185 -895
-931 -955
-455 935
-359 943
-625 961
-309 137
-589 344
-542 242
238 448
959 508
601 -715
210 167
84 647
-196 -640
-198 140
475 -479
-683 708
-255 237
977 -281
-762 -421
912 -21
287 -463
242 -508
815 -532
107 -881
-84 168
-469 -422
-911 560
396 -591
-207 -156
240 -163
-937 242
-396 581
-813 218
893 478
898 -577
438 850
-63 -149
-276 -113
-681 -245
862 226
-663 -834
-755 70
-386 -113
-284 -940
975 25
-835 147
-958 -631
-222 361
-676 -145
-952 -607
-104 764
433 736
-516 -259
-892 -912
-25 -168
-119 491
637 651
-501 623
373 -351
-313 -427
645 634
-122 81
-513 -923
-375 952
-707 594
288 938
-870 313
519 151
58 986
675 -295
-630 261
-175 -678
314 638
763 -954
-818 370
-280 232
-355 372
966 -880
-765 60
40 760
-812 506
926 674
-299 562
-902 937
-510 734
-764 76
-878 732
296 111
-456 823
823 -736
793 47
743 895
794 -24
-445 -302
-243 -338
738 -115
-69 537
-266 511
496 268
-427 127
-244 180
-347 514
-737 563
718 309
74 583
242 -80
594 -712
577 478
764 -695
783 -707
355 600
-18 719
-886 340
621 582
593 719
-517 210
101 -406
-195 -279
-333 -55
-830 172
-941 616
-333 -454
-667 467
-292 -927
888 -191
334 462
491 962
783 714
-771 31
575 360
-907 -859
-62 861
-294 99
-960 -753
92 596
86 926
175 43
213 -175
474 -324
-881 162
672 -418
505 -643
381 -713
-636 983
405 -316
591 475
-415 8
685 -876
759 448
-830 -976
-433 -638
-442 -232
-182 736
-487 261
-388 454
656 -565
-788 -300
-752 211
805 -210
-902 -898
-683 -589
801 527
120 65
755 -168
841 -737
292 760
267 -254
-264 277
-121 290
399 -639
982 -144
-417 77
-199 580
-84 508
-863 -387
67 -298
517 16
-435 -761
706 321
883 209
631 -883
-82 -4
115 97
877 -526
635 -167
-634 648
372 318
-975 -675
-960 -43
-862 -561
915 502
-209 -840
-857 -931
-912 578
-115 -731
-386 870
595 228
827 555
725 649
-838 813
-849 -289
-475 -889
874 -278
572 966
504 -529
330 357
-725 -844
889 973
-887 938
-334 769
38 926
132 -353
705 -469
808 754
438 -511
833 459
368 237
-627 -60
-679 -865
-329 205
-316 92
253 -991
472 -749
-553 552
-489 311
89 -566
-216 -498
-615 -719
-57 -429
-710 388
553 -48
-342 548
829 -416
865 -535
-351 -547
-391 716
-845 -266
611 -624
-104 -873
521 -229
-557 136
-655 -232
-644 404
994 -826
853 178
-15 -577
922 208
-209 19
-2 -109
-326 79
-686 -172
-408 -743
-350 -798
-643 376
763 -814
555 980
-969 571
-317 595
-571 -749
-496 -312
-153 887
426 205
658 -630
51 96
781 133
-978 -450
757 -848
419 698
-307 -354
-613 665
171 -712
-242 -945
-18 -937
-295 -484
-583 656
822 852
-153 -843
-105 -675
93 966
-286 455
-276 -942
-667 -59
-827 725
-225 -689
-766 894
157 -275
-738 758
-735 50
-39 -670
627 -632
-641 700
95 721
828 338
-450 -749
-575 -376
-475 338
576 249
159 113
805 -272
-205 -417
-663 -366
282 -37
-181 98
-555 485
-655 522
-106 428
456 -825
744 723
-726 -90
-128 -282
-382 -502
408 40
-493 190
-386 -303
-283 -156
373 -245
-233 -316
-832 192
-183 -551
411 490
-491 944
423 485
537 92
-356 -956
179 -462
961 -629
-541 -269
506 294
520 135
-232 -272
852 652
325 -674
-669 -197
494 -731
-96 -999
-373 164
677 -937
-674 401
-504 787
375 47
-266 -915
-380 634
339 167
29 574
-616 725
638 -188
110 -367
532 549
207 -840
-917 631
802 196
202 -703
-812 324
-16 -712
-608 -125
-718 -609
-906 774
374 -660
-229 137
825 696
218 -30
-83 171
-96 524
-159 700
738 277
800 86
-927 437
647 598
45 961
597 277
785 -194
613 -945
9 -33
427 349
-210 -558
436 -323
544 -941
722 432
-9 483
-657 -607
968 -150
-955 -489
287 393
-981 -986
172 -935
795 98
-442 632
410 173
-818 -321
930 -182
-230 -4
885 -765
161 139
-862 -931
22 -927
511 516
581 -639
-373 405
458 -848
-484 930
-469 -826
-594 38
-577 -82
-440 -366
-760 38
-844 982
270 -506
590 805
-957 -402
203 -2
699 -146
-448 450
923 -40
5 -808
-779 -532
976 647
120 603
124 -830
-657 820
-624 683
-632 -851
25 -636
219 -940
-949 -714
76 2
-259 113
-92 584
-610 -312
-136 174
-735 -90
-544 510
-34 478
925 89
504 913
851 -273
-59 -102
-419 160
681 951
916 -213
919 424
125 -89
410 779
290 -391
-804 30
-381 -878
747 -252
703 534
-302 335
613 87
975 11
-284 898
569 454
111 465
-469 -334
-219 363
-567 174
180 -129
-348 287
-732 -4
187 499
-975 957
722 645
541 -149
481 -78
216 -907
94 -728
-978 -536
427 -715
94 450
-418 -634
646 118
-85 -285
-117 359
-117 488
616 43
-614 481
-965 -559
-944 -461
-719 -852
-397 -924
691 -223
-650 -53
283 872
908 895
-692 -607
908 409
677 359
-802 -188
-782 -337
-928 -990
967 712
929 -798
-590 164
54 202
469 -642
129 311
409 -254
-438 -511
-455 372
140 121
-489 277
517 -214
-216 589
-527 377
153 11
-992 977
820 -99
-868 658
63 -25
712 -307
-80 -216
-604 360
-964 -650
438 302
-601 -896
-718 -832
520 127
-829 -795
-355 299
607 202
-640 -834
-810 -966
-293 15
-980 845
576 336
-788 -892
-754 648
305 -64
870 733
749 -273
-398 901
-411 740
-882 -217
233 -726
-777 645
-375 -70
784 1
192 -496
-196 113
334 432
-407 -905
-436 669
-739 -215
314 -397
764 554
400 216
-390 -464
-116 901
-71 348
996 -919
-428 497
574 530
349 476
727 -314
141 -109
-683 -246
-683 512
-616 432
-230 432
-541 -838
-967 -923
-419 837
72 -957
973 311
652 436
-697 395
380 206
97 422
-974 -457
34 429
-973 -13
-666 187
346 -789
574 -39
-597 -828
574 978
410 530
-21 50
-389 -475
-282 558
-730 894
11 -516
-232 164
713 45
245 -631
393 477
-748 946
711 13
568 -549
126 -519
-961 -744
548 430
-314 -716
-346 -193
13 772
65 659
213 -426
434 -72
-420 278
97 323
-554 -412
-876 636
-958 -630
238 203
115 458
-371 208
787 -82
-903 185
316 -237
-111 -406
-428 902
919 979
968 395
991 -567
211 -22
868 -1
-681 -31
-888 981
-328 931
8 -563
-530 -158
-124 119
-409 -669
-951 188
-405 397
-998 297
-362 316
935 -165
715 -30
314 -615
-515 408
545 444
491 -773
79 -426
164 -906
367 -129
603 528
-436 -300
711 -493
976 -779
39 -329
-367 425
56 150
433 -675
-801 -462
157 -627
403 667
-691 717
-128 290
592 -136
15 530
570 -925
-141 911
-509 555
-253 -649
604 -67
-784 726
815 -87
357 360
315 537
-437 -264
422 -185
-271 -644
-447 961
-911 197
-539 506
447 -714
-958 -195
974 -777
33 -107
-745 -338
662 359
193 -514
-50 971
-917 336
-329 -950
450 -134
-120 939
841 706
782 -574
889 336
618 461
367 278
300 -320
78 801
323 18
728 -241
621 718
-427 -515
-306 12
-820 -948
229 486
-622 -807
232 -473
831 -64
843 837
-267 -300
-430 -401
825 -563
-53 -32
302 725
-839 -165
-817 725
607 -843
332 127
-49 570
804 692
732 880
319 -641
231 -618
-527 -407
595 485
866 357
798 207
-913 42
877 -796
-657 561
-86 -790
19 550
-664 -657
-416 411
-990 719
-748 243
560 -902
-120 -178
661 540
183 913
684 213
292 338
368 -668
621 -975
-202 544
282 648
-454 693
-414 -107
-943 -760
-276 -848
456 -595
756 -832
614 138
637 -95
558 959
-852 -305
-304 -546
631 -81
663 -868
978 -764
800 40
-362 815
406 8
513 -505
127 440
-423 284
-740 -178
-463 369
-118 449
-86 402
856 -997
-947 -886
60 -969
-931 591
162 -484
-919 -401
-362 103
-906 -160
-580 -76
-990 -942
911 -434
821 270
468 910
752 816
194 265
365 551
314 455
-282 103
987 -877
910 -307
481 932
-726 884
-395 -258
681 -802
161 633
614 -997
-868 701
857 -531
792 737
63 962
-405 76
-214 -395
845 253
-877 -940
568 90
-513 485
1000 -339
999 -680
-547 -414
749 -975
660 -196
254 286
-688 612
-390 139
-178 -202
-663 -743
-637 -574
-80 525
262 680
-285 -71
-186 473
114 911
599 -651
-80 143
714 11
640 -998
437 -766
-547 -85
-810 -830
-906 -638
753 154
149 482
-795 -351
-328 -801
-825 -693
-877 747
422 62
-382 658
-37 924
161 -602
80 -832
-978 260
286 740
-767 41
37 420
836 -490
-578 -572
866 -877
-829 -984
-173 -268
571 660
187 340
659 115
835 215
175 -386
-139 893
296 634
765 -620
-53 -211
322 -194
-233 369
609 65
-817 -803
-889 824
224 935
-115 249
642 270
-481 651
948 871
279 973
-913 -950
382 698
-630 -980
475 122
839 -657
707 -939
-692 -806
-164 742
393 -795
124 -529
-227 794
515 421
-618 -274
-903 534
-211 488
835 768
656 -929
129 -644
-137 -10
503 385
253 484
957 549
241 939
-600 -132
-712 237
-474 599
665 -633
-600 -67
-297 802
-823 372
-401 -862
-250 -440
547 135
866 -581
948 613
-479 -394
-415 588
-436 169
270 -80
-805 -2
27 -480
-406 -159
410 533
-910 819
554 -603
800 572
-571 -15
-775 839
-232 47
500 791
264 547
-171 -157
-353 -902
555 -137
892 671
-337 -135
-397 -450
-258 -334
828 -834
865 68
961 650
522 -683
169 253
70 565
389 -974
-444 -749
-968 38
727 -2
241 125
-137 202
-886 969
-939 -147
533 336
-496 339
72 -646
336 163
999 45
-536 190
-324 -445
591 568
734 515
154 841
739 896
-459 29
-128 419
239 914
855 -485
103 -472
922 120
982 733
-441 -149
-556 -997
-965 482
62 -921
-477 573
963 933
875 266
-5 -544
92 -760
60 -867
34 -504
83 297
-175 374
-104 -520
-596 -155
163 31
-776 60
-362 412
103 558
-410 82
-495 -303
-74 -865
326 -169
-112 975
11 -772
547 -719
-941 -124
66 -195
-270 801
-47 -356
848 571
-462 -747
972 -426
-309 478
-119 821
-791 454
904 618
-391 -255
46 -554
-722 712
-785 727
-878 -100
263 216
-439 200
-859 -945
855 212
245 -106
-414 643
139 -101
-497 -581
395 -950
-275 -174
-187 30
921 55
675 53
986 740
116 -523
-950 -974
501 -453
-333 -992
-99 -591
272 744
-224 688
-914 793
765 -340
57 -158
-338 -73
-566 409
-310 237
-884 236
431 751
-623 476
106 888
-770 -635
-250 -891
253 -106
135 -913
185 724
-142 492
-730 226
850 -430
-976 126
-670 -760
-835 477
-637 -469
100 -28
-838 -194
-92 465
-428 907
851 -985
-362 168
-190 512
312 67
-685 -432
-215 556
369 -321
835 -874
-815 -524
231 -638
-891 937
993 -734
834 -734
-242 24
-992 -449
-928 559
111 511
-826 578
228 820
-76 -607
857 604
-394 805
-104 620
254 127
-758 579
-228 -463
-878 -664
488 -767
901 526
759 257
-797 -645
-656 -54
328 142
-658 48
26 84
-583 -41
797 -768
453 131
306 -878
-2 -830
542 847
410 268
-219 740
-31 197
-868 729
-224 75
40 -399
198 335
-923 -468
-821 844
-132 -817
699 -913
-334 451
-221 -877
-309 -10
284 852
-115 -534
766 665
-651 980
-747 -869
326 -736
-756 801
318 -862
-983 552
807 -295
-796 449
-658 815
-159 -457
-15 -85
-304 313
-220 -955
-442 -107
220 657
600 -547
116 670
-558 -576
-618 -379
400 843
-33 -627
-660 -183
-829 -444
-92 -370
429 -14
-871 314
-236 829
547 -621
188 -532
399 539
-17 943
661 -925
875 -522
756 152
63 -308
197 701
895 579
395 -88
-914 -755
-820 -979
113 -207
812 -985
310 719
687 -982
-40 -483
-422 -383
-251 37
582 605
-642 118
581 -206
-983 578
-133 925
-103 -167
-366 281
-40 -264
110 -972
451 545
661 629
-756 -342
-512 -717
-868 -579
-200 -223
-382 697
-957 0
456 -610
271 859
-318 -728
761 162
-604 -674
-47 -349
-451 210
-686 -259
388 564
31 400
-51 -175
843 -868
93 212
124 -646
167 -858
938 -428
117 797
408 541
483 634
628 -364
-631 -678
341 -385
-561 -781
303 854
-237 -105
65 758
-745 216
569 636
-429 -723
977 -335
-187 -200
148 -522
-490 859
-237 -414
730 800
-565 -917
-85 -759
-35 -32
-531 915
-285 -74
999 -6
-929 155
-865 -89
695 -354
441 -43
686 989
426 85
-103 -97
633 131
-989 -633
-693 291
479 -273
-947 -891
-426 -181
-540 -139
-533 155
-464 434
-49 -315
-573 396
-898 -861
-373 -314
3 769
-350 -886
-393 -910
266 673
-886 -634
-55 -193
-792 -224
371 -932
-723 189
884 759
-415 67
-385 -683
-658 634
-987 261
406 850
-941 948
65 313
639 73
920 -578
437 -774
-262 -884
-126 -941
-931 -581
-725 -201
-368 -409
-275 -21
-824 -394
69 682
720 40
494 451
1 -259
908 -269
-862 -841
-526 460
151 -982
642 -199
-472 -165
-925 -144
-708 804
302 649
-901 -657
-28 -837
351 672
-816 -669
-861 -241
-4 -717
-432 112
-78 -932
-445 -227
34 -342
-626 432
82 390
601 -726
555 -518
451 -16
51 905
-348 -514
152 10
-291 573
626 865
-286 751
924 -917
-810 364
699 528
-432 229
-953 814
490 480
117 -312
803 87
839 -782
453 387
-150 -603
-936 494
101 542
-909 -129
-761 -475
-194 205
-789 463
-908 361
930 -989
-480 193
587 645
-375 -238
-353 801
-506 -97
425 -169
-468 485
-807 -716
725 812
233 125
-702 -52
-351 363
-895 -787
664 850
-183 177
-294 -451
516 -832
-503 49
273 -533
119 159
120 798
720 720
-6 984
894 937
-374 -499
495 623
986 -670
-174 -698
-582 -1000
-534 -636
-889 59
-228 -500
-203 -675
-213 153
625 -614
-9 197
-710 -350
456 157
866 -826
208 763
-954 435
-267 -110
-52 -151
-425 -906
744 118
962 255
-673 329
556 600
969 779
-25 -552
-350 -648
-241 566
-241 -393
287 -563
503 -841
-397 885
221 659
358 -378
-879 -23
652 -668
568 -271
580 410
-767 377
544 -642
509 -953
344 850
-478 585
-938 405
691 -495
-103 732
-628 985
809 839
-476 -575
816 113
249 -711
17 -797
-611 676
-929 -286
940 91
-2 -732
-166 811
586 142
680 565
-547 -86
-342 715
-668 28
-9 718
-775 -621
-982 133
90 295
-480 11
863 -576
310 943
-362 -559
-46 -453
553 -80
-130 -169
-967 -763
-614 -392
69 -832
-584 -434
703 190
469 -837
705 -805
704 -596
58 259
444 965
-266 456
-220 -592
78 373
969 -412
-865 -996
-349 -259
-644 -615
144 -855
848 744
-308 778
-662 408
-553 847
876 -760
913 -834
727 -33
647 288
-391 -654
-719 957
-748 -388
178 -21
-886 251
88 180
92 872
920 255
876 -275
-655 654
606 -541
513 978
-654 -820
5 70
-588 -154
-499 -300
939 -481
443 -14
-443 495
198 406
-14 417
-568 759
707 577
-735 -850
-86 925
103 -172
95 453
-178 209
-640 123
-910 -612
849 10
465 824
-135 686
345 -27
-849 -557
-74 -348
-366 -298
-373 84
904 -709
795 -737
100 -322
-31 -277
946 34
-25 -734
182 -494
-99 -837
-435 326
383 -965
-941 -599
-859 610
969 871
244 -88
327 -537
426 -586
-620 -513
592 89
-460 289
-56 13
-251 198
225 -87
-438 -974
929 -28
912 434
251 -752
520 -150
-454 -980
893 -890
-716 -310
344 272
964 921
-206 201
-20 -559
-906 621
442 -46
-656 148
-624 969
993 -774
201 -201
-247 557
-59 -618
-46 -675
-797 390
362 939
821 -268
246 -221
-670 -951
-281 824
-680 -196
847 -485
469 342
-892 247
458 -603
-177 -294
76 -656
826 502
132 -210
-126 846
-238 -307
338 -31
269 -115
347 -475
-971 831
443 626
-319 319
839 476
334 563
451 -576
210 -567
-120 284
-272 893
479 128
803 431
-739 -505
252 -468
190 432
875 -110
-915 -583
418 927
784 756
563 -795
-457 -926
-82 627
259 -838
-33 -724
-876 92
-598 -807
284 -967
886 -885
843 424
584 666
9 675
461 -764
-223 -213
508 166
468 -546
838 55
-891 -169
9 -948
222 746
102 -440
770 569
638 -187
-995 -362
-899 720
-670 556
48 503
-387 918
-617 857
-28 -66
-761 796
394 -133
-58 -931
-840 -522
709 -944
-19 847
-435 -769
731 -656
37 -772
-889 870
-417 -451
-232 581
483 -157
-823 -793
-74 -737
78 364
-454 144
-668 527
-313 812
-864 592
878 62
199 883
153 -230
432 -416
-298 363
778 935
455 489
-693 518
187 542
-422 -745
252 732
561 -226
625 695
-627 585
61 -796
-201 659
33 156
33 -331
579 763
776 969
906 -5
448 -126
-980 -530
-15 376
998 -277
96 79
-383 -600
1 142
-953 -59
144 551
942 908
-89 -937
447 -765
-410 -362
-44 212
-833 875
-964 132
-21 -964
373 490
-62 186
781 -206
657 -509
135 -844
604 632
-89 -116
741 -239
-223 863
470 832
262 16
-728 605
547 417
-308 923
789 532
604 251
-379 -925
462 883
-967 393
800 -681
-480 -909
459 523
-364 8
-613 10
-880 -759
-450 98
488 -215
741 -736
-561 -812
-38 285
471 -490
354 -4
-657 -223
-721 -191
1000 667
-555 472
-50 461
493 -439
-495 -211
478 -798
114 -264
986 -280
-537 -85
-641 -526
-965 -372
-356 380
947 -218
-559 -789
-101 -276
-78 796
-159 497
-558 -41
-314 492
-406 137
964 454
-710 -583
203 68
-700 -128
-324 676
-91 -556
-905 -779
-4 441
-534 416
-665 -648
-264 -590
-155 426
-124 480
-334 -533
266 -816
-825 -553
-689 427
312 273
-330 -904
-561 623
-520 -313
-758 910
-538 -708
735 -768
-632 -964
393 -693
872 -450
-351 -584
755 -489
-714 -196
310 491
616 558
-765 978
-140 -698
-95 -132
732 465
980 195
414 952
-727 39
640 -124
-361 547
-358 -673
404 -864
-179 -949
-827 -620
-245 833
891 41
221 381
-186 992
-89 927
278 -502
-584 -947
-207 599
-493 891
-11 -217
423 -835
-508 -190
-239 219
706 780
678 804
404 195
952 587
-537 -409
892 -959
902 63
958 301
-896 -501
821 212
715 810
163 -347
-363 243
-968 -695
-842 -410
187 524
-778 -757
-642 -341
788 -585
-907 78
-625 -23
351 -746
-819 83
276 556
126 -804
-471 -112
695 665
769 285
-7 -986
717 -130
434 -875
-287 -157
928 971
-109 -75
-863 250
-71 938
-876 -740
-750 518
-263 921
182 -107
-42 -454
422 -339
-594 838
474 840
928 608
553 748
-7 867
-67 20
-165 -4
-167 39
-769 787
-780 -806
-25 841
-16 587
-699 329
667 96
215 -48
-921 480
-151 481
763 -466
-337 744
333 262
605 405
-528 5
-648 -617
-261 -848
150 -960
657 942
-822 539
-651 82
608 -533
-281 -182
320 587
477 -237
432 -228
-146 525
648 506
-525 -336
610 436
814 -480
-475 747
19 784
-774 832
-953 866
1 -229
-433 -425
-270 -79
275 911
482 -644
-277 -464
-484 659
-370 -134
-398 -37
-833 431
-294 -632
926 -221
636 -173
306 397
-77 -502
8 -123
-919 256
374 462
760 988
-174 51
638 -609
435 76
414 -769
443 -405
567 -624
23 320
-536 -625
-172 -988
761 821
757 484
-882 -554
-628 457
800 -633
476 -208
961 471
-264 -897
509 -883
-342 -845
131 -115
-394 585
275 818
-211 -699
267 -249
789 815
667 -161
396 -848
252 805
-749 -259
-59 900
389 494
580 -306
881 193
593 178
-270 -435
-780 98
96 550
-472 -46
487 847
337 941
-753 66
-514 -614
285 765
-83 -734
-708 -667
197 -281
441 262
697 -905
445 472
653 -225
-715 595
-385 352
-697 100
251 -486
309 -294
542 -297
-79 838
-900 -868
-794 364
-545 -997
125 574
621 -539
-67 -932
535 725
824 97
5 -266
964 -553
591 -578
518 295
-965 -764
-233 803
373 -421
-170 -529
209 -233
-101 -976
318 -823
203 940
-476 419
742 -199
-829 737
52 -376
-249 -499
-241 174
389 -766
799 -870
-595 -26
716 -252
-332 368
356 334
-687 619
-799 968
-145 657
-295 755
-425 -812
-714 -754
904 -666
-215 693
-725 882
405 733
-185 163
619 751
327 -21
-402 334
-899 -793
13 609
-254 -530
212 709
-314 319
-237 561
-184 845
930 -433
397 322
-827 353
-522 -827
-650 -780
-468 424
281 869
23 -509
127 553
-717 972
866 -40
-944 703
769 780
558 -873
70 -640
-172 -579
-247 -366
-793 -792
216 924
517 254
-478 692
-938 460
219 -985
570 -368
561 520
275 291
-870 -170
-417 256
859 -981
-847 775
526 133
108 801
832 -189
625 364
-83 -35
253 -124
962 -476
377 -305
610 37
-431 -311
-730 466
-320 -243
687 -593
-184 -134
-842 621
-532 -690
-879 104
772 802
-218 954
-368 137
321 657
-472 631
-172 562
954 -386
632 -716
-899 -498
296 -644
518 -878
299 -890
549 741
-978 -203
-600 606
970 769
763 -718
-283 -677
-328 306
275 -138
-609 -646
-69 857
-857 -684
-191 708
-304 -879
924 184
-920 -960
371 -18
-204 797
-20 -341
623 27
868 -8
700 70
434 -368
-755 115
970 -723
-123 435
132 965
809 -155
-763 -600
399 -966
-420 269
496 763
757 544
161 -690
274 322
626 -402
481 289
965 -129
291 -144
196 987
566 -458
-792 29
-289 -781
-424 155
235 610
-203 952
-110 317
-702 -83
484 -135
-615 192
-514 629
170 -24
-296 891
-650 291
308 258
-818 462
220 -505
207 -766
473 440
-375 613
-711 -772
-382 209
-862 -434
-452 502
-891 483
-304 388
-357 -755
705 -861
-278 937
605 876
-509 425
-196 266
216 -998
840 -565
-495 -386
912 632
843 30
807 554
926 -549
-781 -449
-806 621
-444 -863
-779 239
83 559
456 -911
-951 149
805 675
48 -1000
-912 -738
360 247
352 40
355 -190
989 -744
857 406
186 809
-286 -715
91 787
4 -727
40 723
838 782
664 562
-991 329
959 -953
526 465
-654 898
-468 111
511 113
246 -290
160 772
203 168
12 -256
-958 229
865 15
-332 7
-725 -549
734 974
-962 -52
-209 712
-775 -153
-119 247
-190 738
914 -525
77 -403
86 14
-563 427
461 996
399 358
966 91
68 -338
-467 200
609 -919
-797 -618
-539 973
904 579
-529 516
-348 743
-919 700
815 -162
-557 -774
-95 472
-196 151
716 -512
-630 -121
809 869
-368 -841
876 657
-128 -136
214 533
-159 -828
240 -966
-978 865
649 -104
-83 265
955 -443
-49 -968
-958 662
-993 -139
-12 696
-55 143
-314 -703
930 818
590 331
-567 -774
516 207
465 -404
373 -237
915 560
171 733
209 344
-482 943
386 224
-313 -202
-348 -505
841 -733
18 -261
-523 464
439 -783
-54 818
-728 -637
417 -586
-16 167
627 -974
248 564
362 -301
-333 -140
-239 -436
-7 -881
239 -478
644 247
-855 -507
-562 -717
-789 -455
248 349
68 117
483 -292
350 -682
-928 -218
477 607
557 558
-506 -102
307 824
984 364
634 -748
-999 517
-103 -842
-912 -377
-518 -545
-277 202
-212 636
-543 966
-924 936
705 -257
-406 -549
-224 82
-157 -260
-184 208
-130 -913
640 -22
-546 808
103 -233
-626 447
595 850
690 352
-107 669
722 -49
619 -411
944 -718
410 -451
296 799
-208 -405
93 -626
842 979
-191 -978
17 -444
792 -624
776 -279
-446 -741
222 -258
-196 133
525 126
366 -667
-197 959
282 987
720 876
-568 -358
-176 -771
686 737
-76 902
814 -150
759 78
-329 203
-394 -88
-784 693
38 -731
-554 14
970 382
493 480
14 -147
-398 -156
-722 207
444 943
-804 920
-525 -103
-704 -643
227 -805
-515 103
36 -399
-904 -823
548 110
-914 -25
-768 244
520 -151
604 -127
94 414
-85 -615
999 351
685 -489
-695 -149
952 803
690 203
456 -635
-591 -669
947 -291
-194 758
-435 597
-827 -967
-793 -321
275 -584
686 -939
20 -656
-122 -790
130 -832
-173 -104
-821 -663
-651 967
828 596
-335 168
772 266
509 -295
-276 -701
367 589
71 -943
751 664
-694 -33
227 763
986 -585
-834 -950
-256 -917
518 -635
974 978
-535 -370
-429 -901
-435 665
891 124
-181 -471
878 615
33 -779
-653 -48
-89 840
509 575
-649 -735
-682 467
896 -853
235 -999
-788 642
-188 -597
-389 897
-485 -807
-462 -117
490 -222
-397 457
131 -707
847 850
-561 321
956 872
190 -865
-267 897
-216 295
-870 -503
326 810
372 -52
-381 -83
391 -775
-678 179
-810 -269
-962 851
-274 -626
803 860
-388 947
-948 -260
-924 83
124 -45
-385 280
472 210
-119 -105
-904 -987
659 -757
881 -612
-337 -674
229 -848
971 -354
245 391
237 872
-20 -350
494 -242
-403 746
-453 -616
910 556
684 229
-972 1
-624 890
-253 877
-448 880
459 165
363 -90
634 -342
-707 -857
201 136
424 676
525 -730
422 337
298 217
17 864
-279 -656
488 661
955 129
294 11
-566 463
755 -162
-197 -693
-785 -385
301 889
-55 -310
-962 -80
421 238
817 700
-915 497
914 914
-285 -480
221 993
340 -6
-763 -559
109 -507
572 -84
-929 790
-935 -958
668 -603
256 -608
386 374
989 505
-31 -696
9 272
-248 558
165 550
-105 -449
-430 599
-803 -225
-357 -693
318 -48
849 550
-140 915
-604 -446
-242 445
153 -198
-101 -656
137 196
491 -987
507 661
-318 -865
248 -56
307 241
-781 -332
10 331
22 352
125 -647
-104 147
170 686
216 554
454 578
206 239
751 -624
-727 -824
-774 784
661 788
-782 34
-138 406
-961 -328
509 -265
-282 -982
140 331
-419 -662
99 389
399 -351
640 -236
660 -723
448 -216
-516 829
510 -144
467 -377
464 450
844 -668
893 9
-123 652
114 -790
-788 543
408 -45
-198 296
888 841
488 -370
-98 4
359 686
-370 -65
-178 -207
-976 -980
-694 388
-659 522
-843 591
-717 -60
-259 -343
582 944
-127 -40
-458 -789
-849 -711
902 944
-920 692
772 186
774 10
-841 -893
662 -428
6 266
203 -820
337 938
-92 927
-104 -968
-624 -375
183 822
56 204
-104 -236
838 -194
-546 239
695 -665
-656 -136
-361 -728
58 -452
821 -895
552 550
-910 434
-532 634
-823 -942
694 706
192 -879
229 -602
218 904
-286 -299
880 -628
154 -788
549 961
-107 -814
729 -640
-356 178
399 432
-178 184
-642 -418
827 990
-161 88
758 -767
56 -455
266 -973
493 -154
443 916
-345 373
-542 312
-738 -328
-155 409
131 -892
-601 -106
-211 340
-394 176
771 672
829 -574
450 150
267 460
-158 -153
823 586
-759 500
944 -367
372 975
-713 713
499 948
-926 -758
206 476
-652 354
-456 -798
-710 -333
145 506
203 287
168 -305
109 -653
125 564
451 992
-762 245
859 561
414 131
-159 717
-697 240
633 417
961 -597
478 936
-177 -636
704 975
-703 -447
-151 960
-630 -151
215 -875
783 347
151 72
-268 -219
-201 678
188 501
148 -600
-569 413
-619 -705
992 -886
411 -298
-762 562
939 119
-45 961
-840 -970
-671 -496
-651 432
-487 82
-421 -280
965 -998
849 590
803 -665
380 -775
-385 470
-511 -974
-489 -44
198 -275
904 -125
156 536
643 -696
-189 -387
-908 -118
-483 636
204 -399
341 371
867 -445
588 -165
725 -480
-181 -919
562 -503
-126 447
988 351
997 -825
-425 979
-144 541
-907 -549
-711 -139
468 830
293 -540
-132 901
514 -923
57 989
934 -109
999 997
213 -104
-441 -958
-323 -763
58 -358
-151 -579
-832 232
576 -493
-792 698
-188 106
-700 -464
436 497
201 -197
-594 449
204 -993
661 501
-125 -400
561 988
-173 662
-153 771
-744 798
-579 699
-158 -476
554 -914
889 59
701 400
-915 -399
683 -603
-673 -28
-92 -744
-66 -274
-327 341
-220 -119
-405 166
-779 -304
538 -824
-91 -950
-794 -807
543 -468
412 524
-405 -5
-605 -897
-544 643
26 381
-859 151
-385 308
686 -478
374 338
-636 -288
-223 -917
101 932
61 686
683 843
675 -581
649 155
783 252
626 482
283 298
-106 16
708 -877
-11 394
-849 184
126 -765
490 359
570 -97
-949 -763
404 -617
732 -866
11 634
872 -447
-256 -822
296 132
500 629
644 660
605 -821
-368 195
131 859
106 -860
352 -563
-894 33
-269 377
627 -912
-79 -102
-330 115
-829 -163
-71 379
1000 783
655 823
-576 -489
-244 92
837 293
733 537
601 119
-916 -597
-207 983
652 -288
-533 618
607 596
-554 -900
511 460
90 -988
-497 874
-722 738
-71 -128
-148 -237
695 228
97 -452
787 753
406 -425
-103 582
353 -906
819 -589
-221 -826
-488 -982
273 -569
533 271
-671 356
-978 -820
-772 -371
274 761
-556 938
-396 585
998 271
-648 -551
-347 -494
947 -664
760 -710
-103 7
751 -325
265 -164
391 -245
842 -228
330 772
341 -251
444 -522
885 841
834 275
433 214
-355 311
465 187
486 354
681 -987
-924 368
-345 -283
-881 -72
-124 348
-668 0
894 -601
-398 -545
989 546
213 358
-234 -155
-471 -32
-286 165
525 -359
229 -558
-55 239
178 499
-160 890
-718 -313
26 888
-638 316
790 7
899 750
-788 477
-705 107
-384 -421
324 -339
227 -673
-964 -430
36 832
182 -276
305 -145
82 -657
-965 671
-961 -229
623 -785
-81 -954
895 -486
-924 257
550 500
-53 595
-639 -646
-977 -547
-73 -760
-203 278
914 -104
-984 -290
-316 -364
-974 245
-93 28
-803 -234
-615 -383
-650 -471
-240 -414
-696 122
-401 209
-252 -506
-302 -1000
-382 -195
222 314
899 -718
549 472
764 -878
578 921
-55 -669
356 149
-112 -898
53 580
-664 716
-219 839
48 -304
-290 -304
-151 -906
-814 685
-488 65
962 470
-131 963
617 76
324 276
725 422
232 -202
-555 -217
-909 215
-873 700
-907 766
257 783
639 -37
759 786
-740 314
722 -565
551 -436
-623 -965
994 -71
266 -604
-47 580
-187 -528
-947 499
542 -398
-508 877
675 -354
298 581
-816 -998
-100 -821
241 884
-34 -645
133 -948
579 147
964 328
462 307
852 -840
-490 672
-416 -722
-769 -377
789 -346
364 -241
-739 -526
-58 -268
-556 292
661 -480
-520 606
917 324
-237 836
-67 -31
-151 -911
1000 -835
-401 -404
761 398
-236 140
583 669
-649 232
623 -565
-57 -333
788 -750
-560 921
-259 107
-722 976
234 -870
-245 -41
-738 722
417 -911
104 -388
-354 549
230 182
301 -596
-707 -364
452 332
-628 -530
-759 608
355 276
-181 -912
302 401
-290 -156
-629 325
26 385
384 565
-697 -927
10 -574
-908 683
471 -236
758 801
-204 750
402 -95
-332 783
967 369
808 -425
-538 -105
-812 987
-976 693
-746 103
-405 -161
904 184
-43 171
468 -9
-107 -566
928 233
-372 -915
840 -786
694 -185
90 -544
-339 -572
-531 437
381 15
806 594
-532 346
83 296
-445 -57
-937 910
146 -221
505 818
-961 -869
-203 963
-62 827
-264 -228
-47 848
472 761
36 -580
-732 736
770 675
-239 -28
974 98
196 -828
574 304
-329 55
952 -87
-79 526
234 318
-266 175
-556 -526
184 -869
308 -118
-618 -825
685 889
435 601
751 394
587 547
77 111
243 -776
-815 -182
399 -922
726 -992
287 962
863 89
6 -561
-59 -260
24 14
801 -62
-79 398
-411 -853
-78 -768
203 360
305 775
629 -330
586 -707
-60 677
906 -765
162 -99
645 869
-136 515
110 579
-938 982
-601 -664
-743 -854
782 -52
-847 594
-767 -337
826 -344
-842 481
-557 289
86 868
-80 567
-315 180
-210 328
-43 35
739 658
461 -455
-670 -515
360 -761
795 931
127 -463
2 520
-34 275
-706 -426
-39 342
80 -70
-720 -823
801 -750
406 -804
441 227
854 908
288 -213
-135 -188
-141 -315
-512 -506
-135 -905
811 -286
-371 -75
-67 -214
-906 -661
355 548
423 -441
395 -741
-665 -272
-598 -302
-967 225
66 -353
-597 526
465 -780
-393 -492
867 -900
-822 -881
-705 -648
141 -716
652 -89
509 908
862 887
-444 351
-834 388
-39 -199
-588 -357
-872 -781
339 -559
-460 -605
647 -560
496 -708
-782 201
628 -399
-371 324
364 249
985 -655
-106 416
-467 461
-861 468
-518 398
42 180
950 -141
-279 -844
787 805
-420 -979
588 69
-188 -543
668 264
-392 155
-225 -309
824 87
-249 -759
733 -769
-364 443
-60 711
-143 499
130 -470
190 377
654 390
-734 -881
234 89
-858 602
-130 892
-390 -379
127 -721
-811 -663
-519 -248
-643 811
154 788
925 942
102 70
-269 180
20 -202
-534 -358
-660 -358
-756 -14
-270 391
289 -535
-812 -73
754 726
-691 754
233 181
301 712
-433 56
-911 858
-765 -286
-539 -660
350 742
-874 214
44 573
915 -511
-267 873
423 -285
871 -830
-62 221
-519 933
-736 -975
546 79
266 -35
-495 -975
838 504
519 -421
242 321
-602 -769
87 -705
321 -788
-302 -764
-453 499
124 -623
-580 24
422 -601
834 -141
982 -603
-867 -773
787 -536
-864 -912
559 -121
727 -454
228 192
18 794
-712 -98
850 180
-589 804
-204 -558
774 926
-943 580
-813 483
796 -926
832 -824
-883 29
684 -769
743 914
-348 -537
60 476
651 -764
-49 580
-182 533
-441 -670
-653 -424
-448 544
866 198
424 -473
-650 -764
812 -47
868 -508
-431 542
402 -376
-948 596
-826 -318
-753 321
-170 -958
-22 -86
-975 -513
416 885
-638 574
422 -61
812 880
-354 -607
-202 286
730 -715
-851 337
346 317
-894 -192
-655 465
700 721
-596 184
596 -964
-752 -502
433 -529
-871 -993
-235 363
-722 15
-30 420
461 928
100 82
218 -136
863 -500
-206 834
-970 -366
-252 -78
480 89
-726 931
472 -571
-553 719
-870 787
-656 -477
296 -995
522 -660
988 -297
-574 865
581 943
-46 924
327 -66
-49 448
-358 -120
-164 -93
-54 899
496 -19
409 751
328 752
697 -19
-861 -565
-627 206
373 -137
952 741
-164 -871
-959 145
-653 630
705 -943
-12 873
-197 440
488 485
581 558
857 210
-843 868
-469 -580
-879 -133
143 -779
-838 -807
840 876
899 -387
-744 -467
-991 964
-140 936
585 289
870 -768
-123 -885
409 784
233 -618
-49 679
897 -901
-92 880
-945 977
-388 32
-912 498
637 728
-829 -218
816 -138
-106 57
973 964
-544 55
431 960
251 -551
-691 487
859 252
-249 -93
977 -431
732 -620
624 341
-458 -973
-36 -68
382 442
-194 394
-582 -440
-814 452
206 -543
213 -583
-351 -950
515 509
580 72
776 446
19 -233
-82 -400
-288 415
470 -475
-337 -827
299 286
775 396
-826 -363
-292 -9
940 998
-696 -115
-433 79
-780 -486
902 797
698 598
-228 -296
-477 179
556 385
400 -973
-383 -652
-168 559
292 -817
364 -962
-193 -950
213 -790
-219 -983
357 -706
329 940
-747 281
-951 80
834 -9
-614 -552
447 -614
-478 194
810 -141
510 717
-326 520
752 -629
476 238
-261 112
-303 690
894 -220
793 83
-562 413
392 -345
699 29
-418 530
-175 -495
906 841
-978 -200
717 -414
441 -386
-502 601
495 136
33 -889
389 -267
-995 -562
860 -817
-876 690
-239 359
-285 -992
-643 610
821 803
-239 380
-465 -493
-180 636
-649 0
275 895
-889 -536
-815 781
475 -228
-271 -738
29 843
760 806
-216 -908
-568 -378
166 -840
73 144
-403 608
563 176
206 -8
746 -914
47 244
630 183
-416 489
-18 -222
-508 892
-745 64
60 -988
389 -855
-872 -5
-862 990
-683 -113
278 756
439 -320
809 -393
-126 -421
-75 -977
268 979
801 728
587 -581
-385 -161
964 -730
49 -69
-749 356
862 -563
-719 807
-116 85
-244 -40
401 -176
-978 431
-732 539
-210 -337
50 -189
641 285
-167 -240
503 383
706 -182
-530 -142
996 337
-932 -351
-33 -386
-827 113
94 847
841 -255
859 -463
567 -337
419 635
-699 644
266 -168
-725 -337
-38 529
245 810
255 -86
32 -313
-183 671
664 -887
-369 21
-873 -582
495 367
-998 279
21 -804
289 -376
676 99
-404 -596
-586 -987
453 -467
792 -867
610 729
177 -562
823 358
-259 -511
201 -420
832 -106
463 366
-797 526
-445 780
-289 -654
-703 933
376 485
-971 484
466 -439
-655 -277
-853 350
-527 -977
920 -995
504 81
904 -879
587 -429
675 765
-242 338
413 489
-760 368
551 -794
275 489
-775 710
287 -314
-43 190
863 326
-482 111
618 807
-79 821
-827 738
-501 -937
214 533
-901 331
94 346
-892 904
885 -693
-334 58
-860 -558
140 35
-161 -353
-605 724
-459 953
-372 -917
-288 709
659 -408
-277 -138
-558 -874
-9 -62
-110 823
913 -663
-810 -250
-506 -828
634 965
-266 81
-365 -218
960 -710
-464 -854
545 989
-5 781
179 142
553 -495
-68 972
-517 -926
233 -762
-283 -692
-307 797
739 -575
501 -750
346 -997
738 767
-936 -366
-35 559
231 -442
-747 -82
703 870
495 -485
-703 -594
-959 -962
-320 157
-414 902
528 -892
521 522
-424 -612
755 338
-991 490
-985 483
-464 75
-332 -434
-589 646
-816 -217
-564 -206
-460 776
651 -200
744 505
-978 945
-431 -65
309 340
139 -197
6 535
-936 415
181 -414
-972 -168
849 -793
-531 477
174 -412
-363 -109
170 893
691 606
689 975
241 -266
240 -746
-596 39
-697 589
-825 -703
-661 -991
365 174
-169 764
-125 725
-865 798
-551 -949
125 99
-772 817
77 445
692 -89
760 281
568 -575
621 555
-66 -474
-113 -363
207 625
302 613
-402 -95
-43 -896
615 -923
-584 -913
-29 -852
-152 848
156 229
-287 -693
-800 -619
307 -245
620 144
-319 131
-621 51
915 -512
-17 525
700 387
-93 -327
251 -7
735 126
-360 957
-830 -487
-634 -210
-949 40
299 669
-960 -570
-186 832
-226 830
-77 -547
987 309
795 1
-472 -395
-931 334
-77 670
37 -701
859 -631
701 -96
332 446
999 -786
-661 -350
-299 -164
-386 691
941 -232
104 -263
316 280
-759 -386
-284 -438
-821 -564
969 -176
-784 129
929 -617
299 -745
304 -345
-424 -633
-344 -600
-278 232
-370 936
-565 -427
-376 964
87 844
702 53
971 257
-594 -891
504 56
563 -169
349 -84
-848 420
-760 341
303 479
981 -688
-569 351
496 -702
608 -950
-281 291
79 704
-931 -232
374 -190
-731 241
398 -951
672 208
-341 -192
-720 304
-118 -30
-748 -891
432 -195
807 345
846 -643
-148 491
999 250
93 -692
615 663
-367 -949
-55 -354
468 -238
32 584
-388 383
544 307
-979 461
-446 -554
-192 938
-489 -107
679 633
-189 299
-472 -86
-300 -156
-138 734
-240 -546
761 701
-375 -760
-862 -281
-303 -366
848 -995
-190 595
-424 -609
537 534
910 238
1000 729
-562 -48
-728 44
-815 833
366 736
-251 196
-997 -546
317 771
304 -964
784 -559
-256 -141
31 -261
193 -612
-467 -516
319 863
-19 100
366 -187
-131 -337
-630 -506
164 161
942 751
-787 -163
762 -723
-719 -476
389 804
-89 -457
-556 -216
-247 -771
-705 -169
-101 -638
-73 -369
-919 214
-702 -756
-40 -334
448 992
-415 -518
199 417
363 339
369 -247
-573 421
747 -309
625 155
653 -864
-261 -584
782 324
-603 -611
-905 310
-763 61
-125 -161
-61 -519
657 566
557 -980
-605 -571
355 294
590 796
584 901
-48 716
891 -748
-707 -516
-647 332
339 178
-604 -70
-473 847
-742 478
572 478
-685 -225
-125 720
-284 -777
859 388
-673 743
-503 582
-790 -970
21 243
116 -401
-238 -877
886 165
-534 -140
788 193
-365 -662
-691 749
-880 -882
-22 -459
257 784
498 -607
-141 -761
619 -991
-351 -402
398 -933
-69 575
-198 161
714 -196
782 712
-317 362
-303 465
-799 690
263 -205
-763 -244
422 -863
117 926
-836 647
-606 362
866 873
-940 -937
-476 -576
450 -797
-345 -865
-920 281
-174 195
365 972
-438 630
-886 -663
448 216
-140 538
513 -843
-386 -828
499 -579
-673 270
-335 -860
829 518
228 297
-434 17
-175 -755
-359 932
296 286
-106 -112
803 754
-106 -255
724 799
998 484
-952 -71
155 -257
-126 -344
-301 279
40 569
25 -399
113 433
88 -293
181 -284
-489 712
347 707
232 -173
247 533
-772 12
238 494
-84 -701
-39 191
-283 -206
271 -458
306 183
702 -844
268 -86
627 -585
-114 985
533 480
-968 -17
-773 -925
878 -734
-689 -780
587 26
-437 426
450 -681
917 -301
628 -182
-31 389
660 226
-475 340
-751 -898
972 -56
711 971
-932 823
600 709
340 711
-71 546
-846 -972
574 999
-124 679
-779 280
-75 -419
568 -670
870 -655
263 -340
33 -991
-440 745
-804 -400
567 370
166 607
866 -250
-550 -876
789 889
-118 572
-968 255
-897 306
35 -292
703 -194
352 -397
480 -285
-744 40
651 549
59 35
-112 923
-376 -614
-325 -63
283 -528
394 -213
867 560
35 701
-809 910
-796 665
-229 578
958 753
-3 -341
-757 110
147 -320
-909 -83
-644 861
935 -278
490 -393
237 315
573 -822
-923 881
-583 -774
836 -206
-867 836
-873 -285
-75 842
-154 -349
-740 877
752 892
-292 426
943 79
-229 -105
-535 -151
-976 -175
-477 96
670 -485
151 -788
-526 -174
299 959
-241 732
266 405
852 -989
231 175
716 -501
-263 -235
30 -330
-913 -582
767 -423
-1 -441
582 -978
-206 -777
953 -845
-536 -646
416 440
-844 921
212 130
-522 -740
70 -734
-581 180
-299 -197
-26 -784
274 -332
520 -530
-810 280
-948 -707
-720 -423
179 -39
486 159
-952 -949
645 548
-542 -240
-802 447
-959 951
-60 864
-861 353
86 238
-143 69
-867 708
346 -495
575 787
548 531
672 -305
-156 509
518 -462
734 -400
-543 148
417 -655
-273 661
16 -843
686 -688
-244 34
-709 312
-659 835
511 -7
-451 -599
-977 288
-994 648
-720 254
-375 739
-446 619
-755 -464
-792 256
783 85
-369 472
-773 -850
261 -28
-777 223
252 180
-407 -469
386 -101
889 99
-287 -825
-930 -277
-708 409
-885 125
257 -813
-182 972
319 -275
117 -532
-86 -604
-374 -116
-165 548
-574 695
856 351
138 458
267 -544
-818 -172
990 132
179 -203
-627 484
703 350
773 -597
788 -166
457 -49
200 969
700 961
604 273
-907 768
-866 -786
-649 113
-833 -252
-681 -260
922 -634
257 -235
688 -679
-109 819
50 -305
868 291
-382 517
-837 973
284 -573
-321 7
-344 339
-430 841
-901 -382
298 609
-18 -197
-392 -257
-559 975
-258 941
685 515
-420 444
-170 -934
-536 81
-274 301
-278 -149
787 518
-151 749
244 -363
870 954
-62 536
-467 998
591 -950
115 -146
-651 737
207 -276
956 -914
150 7
151 -113
469 106
-32 307
-989 137
647 400
86 -199
-237 -604
-197 -398
-256 984
690 -241
-495 -308
127 -869
-890 750
-293 -872
122 -170
-802 -129
793 -978
999 -709
-373 479
483 -873
-171 -469
218 306
746 540
-196 -597
-680 452
-802 -538
708 428
328 553
-649 250
-51 -981
-944 -811
396 -728
18 664
311 -783
-931 159
-345 -322
355 371
257 545
-146 -759
-412 -363
747 195
140 -544
-415 49
-965 -468
-972 718
383 705
-756 706
-662 390
228 184
95 495
-119 -34
-709 417
785 798
-773 -629
-875 -319
94 103
-192 -988
-205 -890
-149 -885
515 784
482 -577
805 328
541 -145
397 391
-979 -192
-742 829
223 -58
-196 -766
-368 839
-639 983
83 -854
332 10
-32 -408
-824 53
-315 -768
317 996
681 -456
-917 -262
174 -1000
835 -493
252 468
-439 923
-165 -255
-852 -988
3 -307
461 -9
-939 -388
-528 -921
530 743
-443 672
-202 -721
-287 -56
706 154
907 431
230 -496
246 -240
371 952
-246 997
-930 413
207 -102
-583 616
-344 -927
-38 954
832 -594
-40 308
525 672
-528 791
-613 -827
284 121
-182 860
-798 444
-444 -392
-882 -556
-823 894
-183 402
959 686
-80 -27
297 -412
-695 -697
15 187
-771 -460
375 -294
-82 33
-689 40
943 -404
-701 548
74 -133
-719 -97
960 427
897 911
-441 -983
190 869
990 -169
-23 733
-802 892
946 382
462 368
801 722
52 521
883 755
-405 -497
-351 417
938 -494
-143 -596
873 693
-896 -361
449 782
787 243
593 43
-789 -483
-147 -422
-106 -312
591 963
-432 368
336 -907
964 201
818 -924
-582 -27
-27 -641
-368 -337
852 119
-673 609
356 467
30 -194
212 398
402 -34
887 109
306 37
-266 290
662 778
536 733
-714 622
627 -236
-697 147
31 -991
-252 -121
948 -550
715 -892
376 -134
543 886
-563 -906
335 -643
443 -943
-647 727
746 449
766 -454
-825 -438
-801 -107
2 165
168 264
-538 -14
648 -699
-113 492
778 -265
-866 -379
846 -972
846 695
-222 475
-153 -572
-299 422
114 563
-842 157
-496 881
-648 -609
-593 -971
446 794
-303 810
-44 -609
-810 -114
811 -907
792 597
895 -667
12 -929
-581 888
275 882
-642 885
-62 -164
-870 -233
952 -973
-253 617
-174 -978
-529 -713
-792 -897
190 -649
562 206
-815 49
-116 895
985 -908
917 -818
-287 -621
-749 -96
128 286
-933 -138
54 -853
-359 -278
176 374
85 863
-999 -911
-272 24
-997 -673
24 -473
-851 699
216 333
-446 818
-575 875
-921 -876
-133 -410
931 -882
903 562
-669 760
723 -866
743 -106
899 563
-393 -275
-39 429
704 58
-678 887
485 -754
283 -427
-749 679
731 958
517 -579
-189 156
-290 55
-332 -31
989 -515
-226 -402
-400 881
-655 793
826 -610
979 -545
-46 133
-884 448
-90 661
-837 513
586 -217
118 272
-858 -499
659 821
-285 -666
29 -919
556 779
-389 940
777 900
565 409
641 -30
-152 -305
268 -180
66 -442
895 34
-763 161
487 -538
525 -832
-505 -319
-911 505
-743 -743
258 826
262 -205
-37 -842
-217 -746
343 -886
-519 -296
315 986
-34 -652
-816 361
805 896
-566 -483
804 243
242 240
-597 468
605 -811
-969 400
-407 644
-634 868
624 819
-923 -850
-306 -285
217 580
53 600
382 351
587 998
-23 212
731 404
80 38
92 873
-869 -728
415 558
557 14
506 -267
-487 -485
-586 467
285 -317
711 279
73 129
-248 318
-292 140
-651 -325
-243 434
828 470
-345 -539
945 -608
-141 991
-911 742
-231 453
-69 -722
-628 -169
157 204
-511 -671
522 344
124 -268
316 650
-127 -975
-600 -644
489 -231
-816 -965
-348 342
60 68
434 -378
-721 -330
50 -35
-461 -512
-208 767
-906 -564
-753 -707
204 852
-795 -200
-898 -835
296 -745
-681 494
-454 208
-797 -97
339 -863
149 592
-618 314
687 -297
149 591
-94 32
-30 771
941 -52
592 -93
322 250
-852 -195
405 -904
-198 516
913 462
-556 -247
520 -887
712 -629
49 -359
-193 389
-175 -591
167 704
761 335
-400 -331
488 -555
446 784
-457 154
-948 -1
849 875
360 660
-612 -786
622 573
702 458
225 -664
722 -111
300 670
-906 767
454 -367
-876 441
-75 -332
553 -791
-384 -331
-95 586
858 879
633 -794
329 169
-43 779
-7 195
839 208
-165 721
490 549
-976 -449
430 -393
349 -703
-606 855
-325 177
244 -230
598 -158
658 -204
-512 -484
-852 749
996 -604
-908 690
-746 712
-781 809
-88 -173
707 -152
546 -36
-604 -764
-444 363
872 959
-687 921
-670 -680
295 550
-676 -22
-11 477
586 -603
-110 -391
-585 -911
-388 166
675 592
298 923
-945 -794
365 -215
-886 -935
-275 65
-231 810
454 -870
425 -565
-325 -909
-794 707
44 -39
439 784
605 -918
602 -619
-305 338
929 29
-569 525
436 976
-566 286
106 48
211 556
-123 -621
763 60
-546 -644
-225 356
-755 -903
-973 500
-997 895
439 354
333 -258
908 331
-972 -592
585 -506
-290 -369
502 771
185 322
3 29
-542 181
602 99
-498 538
-471 903
450 -335
-444 833
-796 -347
117 382
202 950
-849 49
33 -239
259 -297
544 -686
-635 -125
299 781
363 -402
-841 385
-509 497
67 418
256 -633
-471 -995
555 -753
703 -249
-329 490
564 -670
61 49
-494 -586
15 -402
65 939
-555 -871
778 -30
727 586
172 544
727 453
-918 596
-632 -529
2 -876
-981 -501
-588 92
499 -718
630 344
114 -475
-715 -881
580 -491
252 -30
696 -437
656 326
736 555
91 -167
716 -889
-634 494
911 -719
-913 115
-667 278
-467 546
-950 -632
-519 904
252 -486
998 -549
485 -716
-976 -273
998 -352
237 320
-232 294
-576 -465
327 -244
-404 284
808 -936
8 456
-308 -494
708 217
649 -445
-481 -202
-717 211
-835 535
-103 693
-706 521
669 -351
305 123
-636 520
-580 -627
-196 81
119 -437
415 -923
750 -56
284 473
983 328
775 -954
645 103
-732 -212
-631 -573
-251 -951
681 -785
-358 172
-907 -526
391 -360
-5 470
943 -204
-105 392
-180 -984
-996 -188
764 774
711 -302
764 -946
848 -905
374 -261
221 -529
694 171
-587 515
442 -366
277 -894
-384 171
615 587
-355 89
-874 448
355 802
-835 44
-244 369
857 -888
582 -936
765 -979
-32 -802
469 -907
856 -880
-116 544
308 -163
-448 820
-937 919
-999 -960
502 604
-31 911
-856 -7
440 297
-968 -322
834 -35
872 408
-575 -133
-746 607
71 -485
-316 -943
-146 401
-653 -373
329 710
162 -559
703 -183
-479 657
-563 12
-207 529
199 -897
984 132
68 274
-716 846
-634 -357
193 -62
596 871
-33 -868
-793 644
-234 676
15 465
-162 -746
533 -47
-246 512
-958 323
700 235
-95 246
-990 -59
-586 428
557 -86
870 -185
-144 855
-289 996
-528 598
-529 -88
-429 338
339 356
-953 -760
624 913
-744 -618
959 -540
-115 484
585 122
611 398
-21 -404
645 67
-360 824
-573 722
-354 -820
816 -52
645 -355
-505 -225
-106 877
991 -156
-938 -843
324 143
-593 -664
-747 -433
105 -168
-930 268
-346 -624
-286 401
26 55
-918 -603
-394 -110
-433 247
684 585
253 -294
-264 524
452 663
-131 920
414 901
544 700
588 769
110 539
-217 -465
-130 -574
-91 -28
440 439
11 -289
986 101
-629 18
14 794
762 -752
-663 -216
-1000 -45
922 828
540 -391
273 387
-122 794
821 -881
39 -323
808 -265
212 1
-239 224
-369 -323
555 163
991 -731
84 838
738 716
998 603
644 -484
-155 188
309 -389
374 -613
-320 -209
-772 631
941 -503
551 -326
605 387
-367 77
188 -912
-831 56
-783 -433
721 222
-423 -231
-472 677
-863 -772
-564 171
117 874
-948 -671
-551 764
209 120
594 -342
-397 274
589 355
-97 -578
-154 -694
37 308
271 254
-508 -469
-409 -440
174 800
381 -396
-565 -604
514 -344
182 206
-203 -4
784 -793
-260 -144
-606 710
-169 -89
-72 58
190 -683
-920 313
-271 -393
-360 255
365 -714
548 852
455 -701
871 -933
-176 -992
-945 315
521 1000
758 -948
512 -764
904 270
-429 -125
711 -40
366 55
381 580
409 324
794 970
816 -184
679 178
-484 371
136 269
302 -923
690 795
-725 -121
875 908
307 -117
538 173
-506 466
726 -876
-385 184
523 714
951 247
526 -202
551 -641
-537 539
-47 660
399 976
666 -453
-387 523
-359 144
-273 933
-929 -389
330 -20
-442 48
-726 227
-941 62
-379 476
-457 60
239 960
-664 -338
-932 -53
90 383
-465 -580
865 -27
-162 -604
-978 -495
-127 617
6 794
647 297
-585 844
-86 -610
-160 -802
644 543
-442 -130
253 -534
-404 -952
334 923
670 -929
-762 -338
204 648
-622 -369
198 684
-872 194
-623 -313
-337 -937
205 -445
-94 -827
-798 -506
-612 674
-520 239
-559 -431
-16 -281
370 711
846 672
-146 -946
-284 -78
55 -604
856 -726
497 893
-513 -173
-778 -983
58 -216
453 -164
-142 -642
735 -767
205 -898
-770 175
446 -41
-757 -687
-513 962
5 296
984 -642
807 160
-169 -726
-951 247
-835 -811
868 -900
-805 -988
-336 -847
292 -342
-972 -824
-386 862
-238 625
359 -84
741 -722
928 691
642 -631
-366 744
456 94
-353 -32
381 -237
657 886
-955 386
-932 457
887 89
-141 320
-937 587
-775 640
-689 397
525 -247
142 282
276 -442
-84 242
-173 -635
-104 -198
-744 -334
-982 -176
-192 569
71 -90
644 -16
509 -754
800 184
742 511
-141 21
-663 -590
-723 818
-479 412
537 -542
514 498
-580 638
646 -682
-386 840
-880 -71
-544 44
-236 961
759 -119
962 617
787 -41
-585 644
-937 -833
-863 54
-965 356
447 -10
882 368
319 -594
-60 -41
-543 -708
-283 -817
-191 540
401 -147
-445 233
867 285
342 -161
89 -697
334 -916
-769 577
-15 482
-864 -717
-411 121
-985 -594
569 995
-768 932
540 963
-209 450
26 48
-523 146
459 -333
-1 -746
-105 693
192 940
-225 621
650 891
26 -297
689 -868
-297 191
164 217
-282 -841
879 796
603 884
388 13
-872 -787
694 230
989 -959
-995 288
-382 349
-281 879
-520 -259
685 -392
-437 -434
93 -665
-209 333
749 859
759 572
651 414
-465 -799
439 116
-533 157
192 647
-832 877
-322 658
604 818
87 614
-244 -642
208 236
8 741
813 155
783 208
805 -392
949 -187
861 -345
-699 422
88 -325
109 577
-920 -516
793 -291
752 -856
995 199
-54 -878
13 214
-336 -910
-177 250
-273 852
-972 990
976 -507
-712 -697
-544 754
733 -613
-3 -233
660 -872
-306 139
-427 -369
307 542
572 -590
310 912
826 -288
-512 -91
728 -852
344 -60
975 -698
-95 -290
539 -905
-681 840
-538 650
858 -977
374 50
-255 583
-530 727
388 46
-342 -354
-513 -553
-204 347
310 926
639 -599
655 -146
-906 266
-167 836
-805 289
-369 -359
-979 241
477 -883
977 -314
130 218
-875 -695
-473 850
264 677
436 473
768 -245
774 -749
565 -477
534 520
231 222
-191 845
465 434
11 653
-609 786
21 508
247 83
455 961
915 -15
353 333
-854 -889
-98 958
923 -564
74 -927
480 863
-63 519
557 -126
770 559
248 942
-970 -343
927 999
-931 955
990 -222
118 -10
-252 -197
-353 281
733 -61
-756 673
-327 -174
423 -648
-530 -503
-97 309
-362 -285
584 708
-610 -804
-926 -94
380 -859
871 -391
-734 -688
-970 -778
-606 372
505 -639
557 -427
506 639
-986 285
-720 -125
-75 495
-43 490
-954 -602
-711 633
-181 757
-54 -817
469 805
-532 -732
596 -898
-583 -279
-422 390
-202 209
690 23
761 -126
8 -87
502 -37
-579 -86
-910 403
-143 312
137 731
489 548
980 -64
-662 541
-149 -711
-848 252
-950 -400
986 -707
-912 893
990 -737
833 -702
-962 698
-442 730
428 757
356 -262
-692 -346
169 146
224 -306
701 619
933 122
-455 918
-122 146
799 742
260 -102
332 82
523 364
159 -918
-314 -717
-681 601
-66 548
667 -349
110 538
773 -885
-364 132
165 -227
-97 -195
-61 566
492 998
387 -513
223 -398
-712 702
87 -323
-947 -505
364 -789
-348 513
879 18
160 -269
388 484
8 656
-917 -888
645 -206
832 965
-239 75
539 -278
-942 -494
-666 174
-954 109
-557 870
482 412
703 17
-248 687
387 -621
910 -383
224 -773
595 -587
-470 843
96 895
57 914
-223 -438
-995 41
30 593
-886 234
-590 -845
-958 -439
529 827
364 760
-725 330
-375 837
-452 955
-590 -942
-861 720
-301 -724
-490 521
-561 -948
-156 167
926 919
76 58
277 736
-680 -202
96 -365
-436 -407
368 -521
396 -986
365 -496
-428 -986
540 -237
256 1000
-43 -606
219 -855
85 -298
-225 248
152 313
516 -362
-248 -937
-161 61
754 -602
367 538
-516 543
-655 -810
585 -531
723 55
721 -835
927 -533
-995 182
83 244
-948 -319
-479 -485
-271 -783
681 653
624 -27
-878 -35
-916 277
785 -580
525 -39
-548 649
199 255
987 -855
-319 755
-635 320
661 -381
491 -902
224 -918
531 -234
-266 272
570 -691
-538 367
-446 -799
-307 436
-189 801
-668 63
-421 915
-92 518
759 -773
-842 -968
-318 825
-384 -889
946 -340
-230 -255
708 -657
-560 -487
613 725
527 314
482 340
851 -143
-364 -556
-434 -274
-356 419
532 648
886 120
-485 412
216 -432
-874 -561
82 403
982 529
-513 -805
-691 923
-356 -242
598 422
147 -943
863 467
-99 -187
-879 681
-478 796
67 -719
343 360
221 516
-386 -727
-594 795
-852 -300
-59 387
975 -605
-254 161
-241 -91
-370 -236
-660 179
-650 885
823 208
-536 479
-457 -967
661 -884
-516 -356
-688 -245
234 -171
98 835
729 -218
-145 709
-573 306
-286 -296
-873 871
628 288
74 -667
-544 -633
-814 166
-376 47
-434 -314
-322 -405
670 -878
-926 -268
905 -920
-524 -528
-923 -730
-283 -181
154 -771
-429 722
575 52
221 -990
392 543
-832 273
-255 -737
-914 716
-999 896
198 -659
-569 -249
-402 -736
-487 290
-580 131
264 889
-163 254
941 547
150 468
-627 501
899 -467
918 -745
416 840
898 902
700 861
-498 -31
344 -57
910 -79
-601 178
-440 -296
-481 -327
-514 406
285 -297
297 445
-696 378
-928 592
-520 417
-359 435
-685 -503
-593 5
386 438
-527 154
782 256
524 376
-304 19
-271 -600
869 -620
443 958
-611 -894
558 -937
372 -926
475 759
148 -719
657 -423
-470 995
-635 -951
-942 679
-342 290
292 -533
-243 -156
-634 -979
-602 611
179 -171
-280 -566
-582 -153
374 750
-78 -992
707 -393
-771 966
-864 -177
-185 -252
-962 64
-866 -101
-352 -378
319 -985
-875 853
-664 383
294 60
605 926
-836 -89
871 -131
-285 -598
890 -45
-950 -476
-368 -420
-257 887
582 -719
744 145
-467 -565
-173 -185
-279 873
600 343
384 393
423 835
327 -99
-587 -521
9 225
713 -336
482 -290
-636 310
647 763
-261 -206
967 -996
722 398
630 366
448 -106
403 -713
-903 -253
539 -763
-150 224
-524 -732
425 935
30 -269
632 90
-417 -797
-843 -418
902 -767
46 -667
-461 -541
837 -555
-673 962
627 -194
-55 971
426 302
452 -316
-343 -609
-415 -108
314 -362
892 238
-694 311
-963 -483
-772 450
77 869
814 461
49 -425
700 -278
598 679
80 -270
-951 -275
-644 781
814 -648
263 609
554 119
640 -593
-448 665
528 187
192 974
-604 321
-575 -307
-254 964
27 23
553 -695
410 733
963 -679
969 -42
902 128
876 -466
-93 -490
793 -678
-560 -723
-166 -584
-712 -253
238 -987
-427 -860
140 198
-812 -957
41 -677
132 892
-404 -292
285 -734
-844 983
585 578
-223 45
-743 625
276 -542
911 880
-649 453
91 -180
-497 -431
-384 947
-108 877
867 -167
-811 -773
-389 -296
-597 -54
53 -97
943 -226
-551 205
-631 107
898 -876
-223 -625
945 -131
-248 523
-995 79
40 74
508 650
-28 -697
107 -481
334 897
-694 927
693 -173
909 -357
954 -281
-75 -778
-285 29
-284 292
-570 -96
-588 591
392 746
-419 140
-854 628
-35 -577
-472 -82
-731 -121
-976 768
-516 841
-439 646
387 882
312 47
-151 -478
503 -329
351 408
-318 -919
-932 846
-761 -848
-270 66
356 367
611 223
975 425
-495 -288
-207 173
918 -546
-962 793
-801 12
672 -685
-789 165
45 -423
865 -819
971 -169
-857 399
-473 -605
-367 157
-820 -728
979 -867
-882 199
-22 387
874 648
354 990
186 523
-340 249
413 -286
226 -443
317 122
-665 -586
-423 756
-540 -132
34 -69
193 -61
-539 -107
360 -267
210 -24
-743 327
513 148
-939 787
899 935
-464 491
-206 268
-500 -434
196 99
899 -700
429 -111
778 915
470 761
-107 956
971 -66
565 7
-848 516
-752 562
-701 576
463 832
-52 -68
-701 -849
-268 -807
-342 -723
94 311
-110 472
70 834
-150 230
472 695
-717 718
553 923
-618 508
-155 -376
-413 -115
369 998
10 -153
-310 -593
159 -536
93 311
-831 -52
286 -852
939 -794
946 369
277 490
-697 -933
454 -458
931 601
344 537
648 -699
110 -231
-242 766
195 -273
295 388
-875 244
-987 -307
125 -91
-917 377
846 643
-82 499
671 726
108 -300
636 -623
-198 -777
216 35
-990 -571
17 -340
-1 643
-412 -278
-702 914
983 405
-84 440
-223 -53
-572 -444
386 -516
-381 343
-775 576
-15 -2
-335 -589
-985 471
578 106
-635 109
-373 49
951 -962
558 -394
338 -992
39 -62
-450 -303
-710 966
419 432
373 -859
782 -450
-616 -819
-315 -333
420 -285
-826 -953
-483 258
-638 846
728 -634
231 516
711 222
649 -29
-615 132
772 531
15 860
177 -598
-754 -838
876 929
900 -955
-520 743
-499 532
477 -85
-931 -316
489 760
532 546
-871 477
722 -450
788 561
742 -722
-70 898
-696 -317
288 -627
619 870
-764 -988
327 115
252 53
748 870
660 944
-815 859
-727 184
-520 26
-127 -378
-959 837
-299 -737
480 -258
-496 512
848 226
805 -782
-873 575
479 -592
862 -579
-374 343
-971 -329
308 -944
-468 575
160 -357
-434 -26
558 -982
-994 986
-757 930
-480 -119
-412 900
908 497
415 954
44 -884
543 299
518 334
-872 605
-958 982
34 429
-301 -242
595 308
60 -415
-597 897
-159 -873
564 -90
-997 401
-24 -202
-347 329
-935 -559
-36 -216
-359 -246
-850 835
-11 495
-53 -743
-716 -968
-837 67
-127 468
987 94
425 -507
226 -70
449 -133
-353 -577
-212 -29
-182 574
502 696
662 -941
557 894
-474 -700
-365 -217
114 168
-241 191
334 342
-412 965
994 914
-926 895
56 -373
-588 -587
-644 -818
-836 128
-767 -228
559 -491
246 -199
693 780
462 696
-228 -880
-452 270
658 621
-701 -637
-392 222
773 13
-308 -458
858 715
123 234
845 -371
-32 750
514 -739
-994 883
847 -995
-505 141
-279 -9
-666 -730
-747 -840
749 -800
956 -762
-946 708
-742 -221
-89 770
904 -829
275 -864
724 324
575 -647
-3 -295
-499 649
-227 -353
-167 -759
176 943
-574 204
918 -220
161 768
-929 193
-106 -730
-260 -565
-635 -40
-564 -840
-370 -791
-818 -88
750 -701
913 -489
-788 666
479 518
273 27
129 165
-560 92
-641 984
48 40
125 -313
-301 361
161 680
498 -160
-81 -37
827 673
-899 -583
-978 898
799 -977
-244 -484
-435 342
486 -373
-982 232
-399 -237
-665 863
-45 -807
-399 112
-114 -607
929 -660
253 61
383 58
116 513
-134 180
984 673
733 532
-247 225
88 87
-358 -179
-767 -914
-144 360
728 624
470 593
813 801
141 -438
224 -123
-156 -64
622 -21
218 -181
-266 184
-515 -633
-518 324
-777 -190
713 543
-450 -300
-790 -939
571 -91
-865 383
-452 -440
-64 -110
336 -424
502 -587
-100 63
-190 -354
38 -162
-785 -749
-918 -137
433 -911
748 -407
246 847
-297 -65
-505 -576
-713 180
-288 980
-773 471
803 -758
-202 -961
-239 844
-396 -809
889 -616
824 89
165 -637
-129 561
14 -775
-615 -135
956 -979
-823 -52
140 -600
-162 862
-106 579
-157 -515
867 306
-427 -894
866 228
-346 946
242 665
853 733
-726 -31
137 -169
-984 -852
-719 -404
798 -263
443 -558
-191 -795
36 513
-369 351
-269 -244
-321 -244
540 321
-605 -10
200 172
759 -658
-840 -641
183 -250
-414 -644
307 31
277 228
-761 -478
-644 261
-308 -958
482 839
602 -455
-448 -27
864 -312
197 -901
730 -652
-39 -441
387 520
-355 -942
630 140
600 192
-439 -902
-692 -558
-200 895
-126 557
644 791
-693 -386
21 411
-477 -116
245 -815
57 317
-29 -882
635 647
-300 380
-571 676
-190 -531
440 -770
-191 -883
-34 929
-216 964
812 -699
-119 833
-165 900
-738 718
124 -162
870 -67
43 -203
222 -328
-212 -577
999 486
78 -609
358 -832
987 -324
935 906
23 421
678 -13
-180 -261
279 -594
-459 929
273 211
-143 -564
-205 160
-606 -838
-770 -604
987 914
-434 -788
-974 284
-416 904
-599 -421
-649 -893
4 -994
-671 -962
18 -888
735 -563
874 274
919 67
812 579
784 -255
382 -826
-352 585
-183 57
604 -220
-675 412
274 -717
707 839
182 92
-570 494
373 490
168 625
-362 601
-783 354
539 -581
-485 -864
611 -105
600 565
899 379
-80 -110
403 360
97 177
430 947
-56 -431
-378 -157
-75 961
-473 983
543 505
-438 155
-233 641
-516 -235
292 160
178 570
-203 812
226 632
-438 -450
414 610
-928 -728
129 -932
-882 880
-942 -869
472 219
-505 930
-728 -512
209 -184
816 463
142 642
-553 571
-296 -575
54 956
-57 447
-361 -635
-416 190
-739 -386
-92 -191
-762 -961
830 288
-419 -40
659 93
-845 -919
-667 563
921 50
-330 -975
-178 269
-923 -785
-200 -20
-963 -803
772 299
80 -444
-290 340
156 770
418 182
210 785
-833 -672
-366 -298
-339 -932
804 -975
-304 643
-259 -367
-237 -32
-553 -101
746 -903
-833 -848
161 930
-391 494
-546 71
-606 47
29 -817
-671 -719
-688 105
-698 369
547 334
727 413
-810 -698
-892 -640
-567 408
748 -502
-623 -500
-484 268
760 657
-427 -405
-974 -1
-128 820
-973 -583
422 614
-568 5
649 860
860 -523
63 196
872 -608
-831 -747
312 211
-629 479
916 568
642 -381
-705 -360
688 -204
-582 864
-577 72
433 -297
-170 -453
859 656
22 743
-177 -735
-587 -769
325 -694
-884 -632
171 -791
-628 -610
659 420
539 722
-11 576
357 982
-867 -934
-369 -181
-740 895
-274 -322
879 23
-929 -71
378 -839
299 385
-651 721
156 495
898 120
-872 -833
679 261
-806 -826
384 533
-794 923
949 898
-629 -814
-460 -330
-25 311
-892 -835
972 97
151 -181
-770 306
-397 -192
476 349
294 -470
242 -985
803 -171
-649 419
-277 844
910 -374
704 894
-352 851
-420 306
259 532
7 344
282 376
-156 -949
-543 263
-955 -435
-59 -745
10 -93
-867 -804
229 858
-752 -429
647 -70
-319 538
-209 637
222 839
-38 -170
-813 -259
723 -492
-413 -75
588 439
619 907
-339 -255
223 12
653 768
-199 -608
548 434
-581 -285
871 864
-709 20
681 612
652 882
665 340
-179 773
485 -162
126 711
256 130
869 -937
436 -315
-393 527
-601 -757
86 -367
-752 -957
-806 379
114 -151
-915 473
-373 766
-540 -408
-718 410
-987 313
-928 454
921 177
-813 -464
377 985
-868 -840
922 506
345 446
-348 -463
658 -100
683 -920
-797 -658
462 -307
822 776
510 703
-260 -819
-270 -853
696 372
-363 245
258 356
-730 71
-501 -478
457 667
-245 -79
259 -760
982 112
580 597
-67 -582
-353 826
-594 -794
-147 -581
-310 -817
708 -120
-519 -626
370 51
-403 -263
648 495
-134 724
886 472
-504 -828
903 796
10 734
-366 -222
27 563
459 -102
118 970
901 -103
174 -841
-192 -453
-45 -601
-876 -429
779 -193
-264 423
-558 802
-238 995
-583 74
-691 -827
369 -610
421 -414
113 91
297 224
-533 145
-121 -925
-358 -82
-526 186
263 302
146 820
-729 -363
-730 375
542 345
899 933
-131 633
-327 -505
589 -949
-832 816
-868 -73
-658 -435
-697 -563
-443 -615
612 500
312 -37
-235 -259
818 -4
731 209
-759 885
404 48
-322 609
216 306
-732 -863
-836 888
753 707
-513 -398
-9 379
-570 909
79 453
-935 704
-531 -440
-506 408
415 246
160 973
959 315
-441 -997
-976 295
-930 804
-834 648
-134 680
84 -121
-328 419
271 -969
69 911
293 -946
-778 439
-514 266
-253 7
491 -766
-566 -193
347 -779
-803 523
710 -603
-96 -135
-766 -944
-370 -368
-741 656
862 -709
778 74
158 -266
542 -455
472 -287
151 -595
294 -144
-243 938
-295 -610
731 243
677 873
200 481
191 829
-264 748
983 940
901 -977
290 -998
-498 828
-961 848
412 526
528 -74
106 716
793 -246
-132 -892
459 622
860 -154
94 -675
-786 -774
199 -401
298 602
-330 613
-749 375
942 632
278 300
175 392
722 -660
-607 782
-962 26
-980 -826
-448 -508
-616 283
-718 -820
-515 -283
-707 983
552 140
-718 -452
-610 160
830 830
-94 707
-302 406
84 -488
578 -331
968 697
180 -201
-631 855
176 -936
-661 978
692 -462
403 402
790 -702
819 298
-231 189
-894 -64
-905 -370
-437 -369
269 -590
-661 670
-809 336
-81 1
469 -716
-352 477
-934 -788
-933 657
207 299
589 602
-784 128
-653 199
-557 34
969 -863
42 386
-406 -235
-670 -162
655 427
-716 -209
-312 -517
-198 275
880 484
158 296
-925 704
-394 589
436 -302
-578 -369
-965 -276
500 416
536 -346
724 -966
893 488
791 17
508 -533
479 23
-860 372
6 -88
72 -161
-272 838
149 180
-662 -786
570 -392
-121 66
-928 336
-246 478
985 760
576 72
-756 -946
-69 485
-29 708
-518 211
142 770
-933 -902
-850 -816
-14 -846
-59 751
-796 -371
-992 -846
327 -228
125 -227
343 -127
-340 -456
-719 585
-366 -666
-22 -276
411 641
-152 -255
-59 -245
-340 -529
-512 395
0 -398
151 280
14 -340
292 -181
-686 736
29 -382
872 -609
44 -922
605 -482
-221 161
-34 -183
722 490
-526 79
-254 970
-647 -795
565 -425
-207 -268
170 -529
-142 43
-393 -873
249 -589
673 454
539 24
111 251
-454 -102
593 -851
363 -124
-308 -695
769 -360
970 121
919 698
-607 -916
-487 11
459 -228
-328 -315
-822 724
-201 -916
777 -463
634 832
901 -996
549 -785
-629 -939
-30 -860
-78 -872
-55 685
1000 -75
394 817
-921 -356
237 -972
597 -297
-320 -629
-686 -602
787 -967
-772 -28
-202 -138
-193 557
-216 -856
560 -8
489 399
185 -221
-699 283
986 839
-865 -221
617 -26
323 966
86 -435
-848 251
628 649
491 -172
511 647
499 59
-727 609
298 910
956 727
-582 -764
593 -269
495 -563
879 442
-960 -555
-876 602
863 -954
784 -625
-120 -836
-915 -223
990 -8
-488 362
-184 -918
596 379
-814 41
883 550
-462 -363
-547 910
-848 -154
29 -261
910 -94
-783 -815
985 366
521 615
954 90
-589 979
312 802
547 -111
-485 -276
200 -799
356 458
630 605
-278 618
717 689
386 170
-176 -973
-686 -980
-138 492
-816 -48
-582 201
-505 -88
203 -263
62 -598
-288 -511
130 -91
844 -639
876 -339
323 -666
22 -354
290 -285
79 108
711 536
-794 747
-208 -756
250 -918
-678 266
-271 787
766 -75
-98 184
290 734
-302 726
-542 -989
-326 61
-406 -318
-376 -225
-945 -943
570 -325
59 -10
-993 852
-363 298
862 -308
-631 362
-354 -232
-924 -626
973 973
699 -62
-130 -969
126 350
590 784
678 -347
999 -76
517 356
-778 535
508 98
867 -227
76 -98
-511 -255
-365 156
-740 -797
-151 350
450 30
-467 -409
831 476
847 439
-939 91
-808 -425
748 -741
-710 -428
-447 -263
-814 620
-765 -387
-946 -17
502 -359
675 126
414 657
521 80
-45 -490
-589 800
-349 -856
233 26
869 -811
332 -161
77 297
-557 -206
253 -940
-766 -973
811 388
-664 -891
-739 -422
-583 -683
-126 606
694 -608
850 -618
826 380
488 675
-937 829
-976 -68
798 949
-709 851
530 835
-619 12
693 153
-642 953
-805 853
923 409
-249 -218
411 433
100 -298
-367 59
-3 -920
-196 665
-18 -611
-548 543
888 -428
-513 -221
878 -413
969 784
-288 570
946 -802
277 636
-407 -541
-41 293
-570 -472
-557 997
-675 419
-107 972
-501 -205
476 -825
485 -476
578 932
642 -292
-796 563
54 -764
449 -255
338 451
668 -360
-945 -301
660 612
-889 858
163 927
12 370
-717 821
-622 115
-666 957
518 -938
-459 -28
899 791
-910 734
385 360
626 14
-957 316
-663 163
503 -300
-522 216
623 -522
890 417
246 201
-564 642
-1 208
-728 -252
857 983
42 552
671 581
950 -192
-785 69
50 -206
-663 -420
-797 995
-273 149
870 560
681 -347
-480 330
-898 109
-398 -797
-52 -562
25 591
630 -267
-790 -714
-221 -216
-111 727
833 -576
-797 -306
926 929
148 546
-921 -710
635 75
669 984
228 761
254 225
45 -615
-605 -613
407 -385
260 133
727 -897
-79 374
237 628
-772 220
976 -14
-166 216
-830 -617
142 -982
68 -526
-195 358
-488 -610
-421 -587
-476 -501
-244 -273
-532 234
-75 364
690 -223
-754 729
247 379
54 75
618 158
-528 104
615 513
-872 -400
-417 -189
-113 -59
284 -510
813 607
-835 920
235 657
-977 67
-754 -723
-350 133
-638 -605
-894 -81
237 -378
-812 -988
-517 -994
325 117
287 671
-646 978
-541 100
-442 910
845 907
484 477
361 168
932 57
721 833
240 214
-189 -972
905 -513
419 629
-354 208
29 -3
-904 267
-456 -640
-613 368
-703 407
605 317
-98 -797
-655 300
-559 191
552 -296
726 -882
107 889
290 -470
31 821
-608 33
666 -694
250 24
-24 382
-228 -245
373 -634
-841 -692
-895 983
-195 -717
26 -600
-702 181
-560 479
20 120
-380 447
3 -982
-852 -363
-487 -33
-762 988
-747 -508
-396 894
-348 709
809 -108
-503 -678
440 -824
-731 721
251 167
-767 -42
5 904
543 -621
857 -972
-210 -719
953 86
-565 -33
-884 -46
-278 361
-365 -213
407 725
-302 -513
-563 98
-606 120
-921 681
-934 -479
-766 324
-502 -719
318 789
768 835
-725 -611
-201 -954
292 546
-824 933
-751 15
-243 279
463 725
-875 501
213 -940
-880 187
373 -907
-328 71
257 -318
-436 -570
564 161
-681 -54
870 -567
359 203
-998 -858
356 -611
-254 -854
144 154
859 791
563 587
980 463
-497 425
561 623
-751 -969
-46 -888
202 -599
-910 861
58 -706
605 -448
-225 -685
351 -411
-544 100
39 159
-985 -17
595 -324
-112 -2
-803 -415
-787 -26
349 -469
-64 -616
-647 373
959 264
29 521
-954 -375
318 -858
181 -268
-108 -966
665 648
425 -709
865 -456
731 -884
-605 708
889 -820
959 850
844 -175
-804 371
981 450
-709 -788
854 -324
324 4
709 -103
-952 894
639 307
33 685
451 610
427 610
159 -975
352 -672
-750 -338
981 315
-450 997
301 -513
343 576
-425 81
447 -343
637 467
-892 -730
-350 683
417 -445
941 -855
945 728
7 -2
998 -411
-169 -868
808 827
-394 -475
-3 843
528 641
234 966
-327 164
-644 -295
519 950
-735 48
-17 527
648 266
-509 -666
521 184
862 -583
472 -107
-620 127
-520 -855
-265 -436
338 -759
-409 440
-772 -588
-464 -86
231 397
-117 -19
-479 -604
-555 676
506 83
-643 -188
772 -823
431 -799
-941 384
914 751
266 838
-166 124
868 235
-268 -657
701 907
698 446
109 612
540 -220
911 -179
-647 671
-216 -501
-422 -886
342 -563
-594 -262
-805 -341
-133 340
49 -507
-214 750
-206 361
-543 462
-721 236
-243 460
470 260
163 -761
-657 -610
-67 -51
-355 681
-178 979
-350 -154
909 -743
780 527
-190 -994
-783 769
400 56
-874 13
803 881
704 -166
2 314
623 -906
135 -535
495 293
711 167
-719 -349
332 -571
64 214
-133 809
