5319
765 887
159 -522
680 -404
-140 802
-839 -631
-210 753
-373 351
-164 33
691 197
87 937
521 93
-483 471
847 793
267 -67
-33 450
900 504
321 -79
-454 425
-249 936
579 300
36 739
400 -968
-85 871
699 -133
910 731
-357 -848
814 -737
151 184
-787 -61
654 -313
827 -328
998 -888
670 458
-58 181
-571 -654
-737 16
-4 -344
916 -762
974 90
387 -329
-678 -502
-227 351
477 -939
-754 -442
-802 -352
811 -249
621 67
-872 98
-640 582
-815 -535
-385 -555
-458 482
-330 -980
515 -38
606 -98
769 -988
-816 -647
475 -488
944 -570
281 -83
699 -486
-2 -740
293 -613
558 588
750 -318
-680 969
527 -224
577 -273
832 788
-999 133
288 -706
506 -988
777 815
-487 -105
-322 -391
824 -347
-306 117
424 -741
384 713
-408 738
-401 425
191 -354
-34 -578
538 621
366 -713
-173 564
772 427
-16 -874
-214 209
-631 -930
910 -642
-565 -734
-161 -106
-246 863
-36 -391
489 467
-12 948
612 -27
0 -496
946 -597
-889 927
73 -433
413 187
-705 -374
-83 342
795 -148
-615 331
-959 -545
-242 -763
-847 -716
-943 -738
-998 -955
-887 -436
89 -82
538 653
266 -518
-562 163
110 413
889 49
13 -467
-884 -270
-217 -153
-586 -824
710 -281
-880 -541
-971 -755
-500 -549
-889 -933
-303 45
-486 252
556 847
-92 -910
694 -680
-375 -59
-795 973
-503 782
506 320
-891 -161
951 -778
-208 -468
-364 -904
900 -964
-270 -36
-195 700
3 -702
-175 753
-340 166
441 361
-947 -904
-257 -869
-820 51
-863 58
-348 -874
-228 -833
-249 -373
440 41
317 -668
254 683
594 -296
810 -99
292 -643
-934 -533
-843 -628
537 -282
-540 546
477 159
671 802
135 -309
-397 -486
449 -586
-433 863
-142 -892
974 549
112 -317
592 986
-175 -954
87 896
-281 354
-314 129
814 -280
-723 803
591 -664
-426 -584
733 371
-371 239
359 -293
-108 -484
491 782
556 288
-226 -745
-486 -620
228 471
57 -168
949 239
194 333
-791 -91
-518 -93
592 -865
-383 -836
-952 431
-152 362
-211 -715
-473 813
398 -474
432 -645
186 107
440 898
-87 500
82 -331
213 -789
-737 -974
-419 206
27 -316
-780 605
705 860
180 -999
381 349
-236 394
941 -354
813 -237
-873 665
-389 -637
-233 -484
-486 470
324 -300
-392 -818
-605 184
-382 56
-546 -232
-355 -843
383 -242
396 953
484 -938
992 368
-816 -127
-740 154
797 700
-803 -577
971 847
-626 -637
758 -330
78 -159
781 -782
419 613
218 -569
-769 325
919 886
660 -4
-824 -48
798 629
-974 502
419 -902
180 -256
-740 -506
-557 -684
-501 -852
-530 958
-900 187
-67 469
-447 -396
-129 -847
-960 543
-468 -957
-722 379
467 -639
396 -312
-553 850
137 -995
-931 -369
-517 -376
-872 -637
539 -261
804 -822
88 -374
65 -139
-421 -850
-465 -223
-966 -987
104 439
-280 444
-819 -980
913 806
-130 -205
-616 -931
-953 791
-151 -775
-608 112
912 -544
-778 463
-47 732
553 812
771 814
-632 -797
883 -527
960 -715
585 -957
156 629
-705 631
-880 590
641 223
524 -424
921 209
-954 606
734 -347
-308 699
542 861
411 876
68 -130
161 308
-692 -581
-206 -660
-483 -338
-844 311
-275 -775
220 601
-371 123
940 498
-852 810
-842 680
-917 539
64 424
746 658
900 659
-466 256
508 380
-939 658
697 272
-301 456
648 656
-250 200
-334 134
84 205
-829 615
-182 -554
288 733
-614 -115
787 771
-711 -226
-588 421
-853 316
-620 -976
-116 -263
250 -157
984 -199
423 -636
-317 987
852 -282
-833 362
-991 125
551 335
-457 -664
717 -426
50 973
384 -58
-114 806
371 -688
824 -895
541 -466
-530 285
960 807
-371 -931
-475 322
147 624
-619 95
-218 582
-388 -893
946 -521
640 -543
-166 974
-281 -380
325 135
538 767
-308 -189
335 -895
-631 643
-14 -776
795 806
94 362
-208 -626
670 -89
-198 895
-656 -701
-237 -567
393 -132
-537 186
520 -160
-73 752
371 904
-203 131
627 -115
163 470
-155 785
349 407
348 -175
-183 883
-138 928
-496 -974
955 -504
-598 419
-946 -774
-988 227
-27 -200
281 346
142 414
385 459
-978 603
-739 -413
125 -502
-125 922
-930 829
-750 601
-680 271
902 -623
997 511
363 -710
720 735
-929 -740
-493 961
-945 -188
-709 107
-546 712
425 -68
99 431
274 768
622 402
-817 -335
866 -238
595 -896
-464 268
-634 -606
779 1000
136 -993
-75 -977
-54 -795
500 415
-673 -111
310 -339
-906 -358
55 320
-93 -455
647 375
170 429
572 -956
-297 405
-920 509
-23 -986
-261 -428
467 753
-392 -351
918 809
-281 787
177 -298
589 -593
-830 -8
-378 213
647 -792
347 -603
468 372
-961 349
782 411
-866 538
-128 117
472 628
390 -909
-346 373
580 -582
-887 586
112 434
-264 637
783 -962
346 -635
315 -84
873 796
659 164
-442 -93
-94 994
638 -430
-671 -891
70 296
-123 -572
81 -650
317 -29
-169 -790
275 190
-138 -162
321 -765
-994 277
894 243
748 482
-619 905
-418 -168
-393 154
265 -582
671 307
-695 926
31 986
-408 -190
619 -385
-238 -636
71 -408
301 -469
-477 -721
852 608
-498 573
206 81
-927 896
-325 139
-495 437
-20 -541
-945 860
679 -933
-944 377
268 -110
419 768
232 491
867 413
312 450
-551 297
437 253
-151 35
518 -795
-646 -294
58 381
-957 -670
-160 293
634 752
-702 744
-45 549
694 52
-561 33
-652 829
398 -265
777 -164
-705 -13
383 103
487 862
-362 -540
-961 121
629 828
-690 497
-552 -233
-432 -679
-698 -649
-853 -412
-463 985
991 837
854 -846
-999 -173
-794 596
-830 345
587 771
-97 466
966 434
956 96
434 -783
-580 -130
437 -457
620 517
-924 914
441 -919
-793 -636
-27 -241
-808 97
-205 631
20 410
-18 244
-431 805
972 260
922 447
308 -996
122 567
774 212
-884 -363
899 845
605 -911
436 107
305 614
9 -471
813 -800
-779 -478
864 -326
-978 40
-789 294
-117 927
374 579
-872 350
514 -575
575 483
506 124
262 180
-503 -618
889 -781
445 -792
534 -771
-937 209
-927 -369
103 891
-377 265
720 -328
162 29
469 -293
-489 620
-305 999
-317 132
263 571
-825 474
-822 -219
362 992
-880 -137
340 887
-31 947
585 -281
873 -595
396 351
449 650
-915 -844
-980 -753
971 -734
-655 -979
-72 -179
-678 -678
-519 282
-275 -661
935 -67
317 -235
-602 -469
417 790
-334 732
-415 888
295 887
-885 -916
305 -834
-140 -350
-988 -649
143 807
-352 240
-798 -846
819 384
671 -489
-938 23
833 -94
-523 -885
-7 13
75 -68
-787 -918
177 906
-546 471
255 -830
-952 817
816 119
-276 355
-988 -402
324 -729
-146 -76
254 -557
459 -437
502 -511
-319 -657
96 -805
-230 -677
-68 -88
-296 46
701 -152
-507 300
767 -209
-758 944
-302 234
861 -389
198 946
-628 715
561 -810
-761 324
-537 -698
303 599
-994 642
-385 199
440 430
985 -790
473 -1
139 166
-73 984
24 937
639 882
642 -3
-260 -635
100 -895
363 -833
-363 717
995 48
575 575
-963 -137
-233 47
673 775
968 557
914 272
299 -915
-9 985
-245 -353
931 -949
994 194
-523 327
-431 382
979 -786
-591 -763
-819 630
922 642
401 -684
993 -534
882 809
615 -67
-596 382
-21 55
604 530
-775 -306
-699 -620
363 691
-472 360
-790 -205
-802 434
-798 -16
-665 295
-627 -78
-236 -524
910 583
1000 385
227 965
-859 -393
-927 -692
715 607
642 829
985 83
565 117
856 -396
522 16
972 -934
444 -927
612 245
-269 749
-885 -933
720 213
-241 -66
551 -284
739 -31
847 -164
963 -417
-421 602
348 271
718 985
90 408
-716 830
906 41
388 382
-352 423
-99 -138
6 401
793 -743
-588 -229
637 834
-272 822
-673 -159
-486 993
422 863
-699 816
12 -723
188 -435
-121 631
-177 -304
-700 852
565 740
-954 391
88 -951
-736 -756
981 -438
-585 14
892 -738
238 543
-853 -529
-294 340
318 699
-314 -228
238 920
-844 -252
11 519
-41 -722
134 -68
995 686
903 361
87 734
-614 610
-314 766
455 183
-380 212
764 352
105 779
402 -249
-662 68
249 -274
226 583
949 908
-788 160
-560 127
33 -555
429 53
538 607
-1 928
64 -957
163 354
206 -126
-739 984
668 -561
-465 -59
148 -554
-3 635
271 -252
272 -460
-445 -856
-376 -449
-526 -552
-535 663
117 761
-373 -910
203 -629
-541 -63
-724 2
344 -684
-122 446
676 236
-459 800
-641 -444
994 -395
-762 578
969 -651
-219 -873
769 -147
-617 -750
1 391
608 985
-452 962
-190 -159
-348 -877
710 167
1000 -590
961 917
892 -636
-549 795
228 399
-200 -489
-994 -646
781 35
-885 4
35 -802
-233 -123
699 -416
-505 -451
-518 -34
-43 340
3 971
819 -393
244 344
900 -723
-726 228
-324 70
858 -50
419 937
583 -995
965 -795
193 831
624 160
586 -455
-460 -687
413 75
122 -976
387 -240
975 146
973 356
427 980
-127 693
906 527
-592 -190
144 -480
-987 207
-526 993
477 564
-399 342
-301 789
173 991
-284 -692
748 978
-172 -50
-385 8
-129 -710
623 -999
755 126
-32 384
-598 -390
-338 -9
-716 -311
-376 -112
854 -345
434 9
-970 572
801 -74
735 969
356 -902
-107 573
903 787
821 125
769 -294
-185 856
46 -267
670 -187
741 -662
-847 -247
85 210
430 133
124 119
-398 349
559 560
-115 -884
656 -14
-313 -367
-428 41
-679 757
-952 79
209 -958
603 639
-927 -128
-934 240
320 316
78 -822
640 -298
-929 978
903 559
-977 436
-558 556
106 526
-766 -278
469 761
269 563
-708 -517
-476 -190
334 -973
-731 1
-324 -918
450 337
211 209
188 585
-956 -322
654 62
-496 709
-616 694
-972 -596
395 -31
-555 85
405 -202
329 118
-7 237
576 77
-340 974
-545 -301
302 156
62 -765
-846 -40
436 -137
219 -201
-655 59
-993 -700
784 496
-273 -157
706 456
-611 761
-998 -364
-494 -778
891 797
382 -10
-92 850
-379 -206
-933 695
33 892
-371 -609
437 -499
-321 532
-34 -696
-710 -376
207 894
567 972
100 -740
-651 582
127 -447
448 -903
-805 653
-44 -732
628 -242
-342 -832
-117 699
-247 -106
-866 685
950 591
491 290
-53 353
-734 -391
-96 307
-213 -905
-419 -738
375 323
-543 -148
-531 604
966 -681
-412 -542
490 -460
929 -602
29 551
624 427
982 364
-475 158
-406 427
401 296
-38 473
-114 -689
-754 -334
371 -481
670 -525
589 -932
-187 -251
-158 347
209 -58
-379 374
896 -107
921 -970
-521 -854
-25 88
-555 662
146 -897
-829 -280
-497 -189
515 377
838 815
-535 -436
957 734
310 3
-72 673
633 962
112 -574
207 -35
-11 469
78 858
-276 -343
768 659
-334 896
258 413
-134 -863
833 -637
-367 444
987 -112
489 41
-146 -741
-899 -304
622 531
-130 988
-919 767
-711 134
277 929
-262 -408
145 742
-738 445
-528 164
-457 -310
-248 155
-261 -372
-826 743
626 331
146 334
777 98
-402 -838
939 250
283 588
655 -139
-527 790
612 -126
702 585
-39 -491
438 -231
-121 -233
75 362
793 -600
366 -29
851 -487
443 -32
-747 720
-988 -706
-656 -796
185 168
-410 930
-77 13
438 967
-538 104
-323 428
-992 153
642 -395
468 -915
-991 639
-586 14
736 -533
-912 -592
-955 -729
778 387
2 -955
-632 734
-204 662
-803 -49
148 704
-552 -402
979 -119
-345 -754
-470 180
-935 -986
-867 -443
122 -711
-795 79
-687 -222
920 771
-635 -506
734 -437
336 430
487 -251
-693 282
747 577
172 -810
653 -80
-115 -329
-81 290
-173 -548
688 358
-351 973
347 646
474 778
357 775
301 -501
183 570
19 308
925 601
-928 368
-92 -946
-866 17
772 905
99 -577
450 -130
409 -10
-191 97
746 691
-813 82
115 585
789 909
747 -354
-665 44
870 -215
922 -210
-683 396
-213 -664
-895 527
498 106
709 -236
429 -748
-305 345
790 89
747 -73
-840 -786
-158 818
287 180
-923 -913
-562 -323
155 279
-850 -272
-372 -630
86 -511
988 -270
-907 -449
-794 111
24 728
622 476
564 -893
917 391
-738 836
-991 95
-377 163
899 -193
528 -312
90 737
-563 -111
-27 127
-861 108
738 -185
-483 -776
108 -235
-317 -406
-527 275
257 32
-780 -260
836 822
251 433
-899 360
-321 -567
403 688
-619 -380
799 -181
2 154
-189 -12
974 -670
528 -387
616 -228
-702 -542
85 -741
291 -754
325 61
444 302
-228 426
738 202
742 992
227 -75
-202 880
484 -363
352 400
25 230
-815 962
-650 344
-199 -272
-924 -629
-701 90
-562 559
-735 43
673 982
488 -691
-557 305
941 -159
603 -864
-277 46
23 619
617 871
-805 812
600 -482
-706 -694
-470 -98
-53 635
-393 747
565 -861
779 453
-172 442
-581 125
-121 -645
401 -198
-206 -95
-718 651
-568 -91
-544 -570
-647 -223
-375 505
-19 478
39 -610
144 -95
-830 129
306 847
702 -785
77 -714
-114 -662
795 675
-730 16
215 -403
-321 560
439 -260
312 619
422 -740
963 -300
167 196
-982 874
191 -877
973 667
778 496
-460 -894
657 248
-362 -671
475 -602
317 -721
-893 456
-493 848
-98 649
-699 533
-535 262
407 -485
-457 491
-57 -387
-165 463
248 634
198 328
-494 -717
227 -218
-475 261
-189 -375
-418 86
-579 -876
60 -368
269 313
-890 -807
976 603
-825 425
11 412
-887 -174
288 -419
600 -60
126 -216
-59 367
972 223
455 1
920 -251
257 -239
291 -149
12 874
-948 73
-988 -114
-764 -558
146 -46
775 -895
-803 -989
226 -506
928 -497
-836 -925
-72 -664
-295 -436
-85 976
979 151
688 -577
803 -487
-364 158
-108 -126
648 -571
264 677
448 -674
-86 -381
413 -882
317 804
874 320
394 103
-505 -385
834 -122
964 812
841 200
-479 251
-984 161
-393 -957
-621 -628
778 -188
-324 -102
343 382
-356 -592
-812 -265
-204 518
496 -109
-488 -551
-415 -159
-453 133
535 414
-31 -226
-510 -541
692 -587
-567 -339
355 -668
744 573
532 668
-969 813
735 -234
549 151
-245 -150
842 682
-408 396
302 493
16 964
-726 -61
468 979
556 984
-180 -506
-392 488
-701 409
-585 62
560 514
531 -405
-213 199
712 -170
933 -729
-206 -491
298 -122
-816 743
-378 -744
-976 -509
-312 921
-677 4
-815 -647
-136 -860
-565 -4
285 -994
764 655
897 -599
-699 -64
350 -389
-217 -864
630 -886
141 669
-430 808
-35 258
924 279
-550 385
666 -554
-736 551
-226 -6
554 826
296 -564
-150 -399
984 54
303 557
452 -85
-701 184
-111 715
60 169
-219 764
-795 833
-343 674
355 839
-25 -775
39 -598
-203 644
498 849
-962 -269
-63 -183
-938 -481
267 -715
-696 -657
446 90
-743 -444
-182 51
-272 237
845 573
751 -581
-697 114
246 902
521 -709
-307 112
287 406
964 -717
-363 438
151 -127
-386 237
-421 966
758 299
-672 -396
348 -46
286 902
921 -713
809 -473
775 -762
944 254
-818 280
-997 83
-106 1
561 -320
-185 -143
322 -917
268 936
30 -167
-415 -298
934 976
-362 -499
441 -315
194 52
61 327
-402 686
-363 -685
-318 -827
749 -364
898 878
-269 -113
-522 -611
-422 -606
-407 -508
-38 -8
-627 45
-845 -849
-485 -127
-18 -257
465 699
747 -331
448 277
522 444
705 37
389 -903
-98 105
-691 -828
932 -454
-167 707
734 -272
727 -754
-813 -990
88 611
921 -72
830 -949
-330 -898
888 435
284 -672
660 675
-314 454
-539 -859
-894 605
904 406
-483 -272
-802 -148
-332 889
-445 -865
-208 159
519 770
388 531
660 403
-959 141
348 116
-320 -703
-521 814
458 -760
-858 462
-760 -478
325 -507
590 -643
129 -678
442 -513
-967 291
-187 196
-217 48
-637 -155
-965 484
-227 -767
686 -108
-941 439
-549 964
76 -687
-685 434
6 916
-918 -930
848 -977
-467 600
-864 656
-272 95
439 -126
609 -229
905 -514
838 -180
483 372
565 341
-32 -358
-281 -56
117 720
-774 696
128 874
-114 -193
-152 -702
-948 875
615 348
308 -905
-145 -986
149 107
-481 868
470 898
-162 -105
-482 -491
309 341
528 834
996 318
414 -930
-954 417
800 129
298 -538
894 715
-650 287
-822 760
369 -47
722 71
989 -590
91 518
-581 -722
-732 795
-204 -282
-715 -831
962 -457
303 -985
104 -19
330 -725
676 -384
991 -861
855 2
-130 -383
-722 -120
633 307
-560 -684
-450 -286
-337 387
-165 -772
774 603
-396 146
-72 -946
73 -595
816 322
-599 -288
341 -588
-645 -596
194 -237
-112 -459
488 -450
370 -476
106 632
816 -994
47 55
202 -715
276 410
356 -806
-262 168
-128 -434
208 156
263 -603
-483 225
77 489
887 -187
-553 -827
750 -259
-482 -946
878 -23
-400 -13
-746 728
-303 -195
157 558
-685 -292
-285 -770
885 -893
276 -718
-729 -512
-237 -375
-29 -9
803 726
656 -409
664 -850
804 372
-516 260
604 618
-585 -337
-647 -576
146 -467
235 340
-587 634
947 603
-304 -379
486 -841
148 11
-312 -143
87 -426
-49 -878
716 463
-803 155
540 -823
164 -311
-834 892
206 870
-795 -577
215 -575
-972 947
-914 -398
878 247
-22 -273
-714 215
247 665
496 235
882 643
-95 3
-524 -709
-628 463
-684 397
162 -782
-27 946
30 97
28 708
-207 515
237 -30
-141 984
-265 -749
786 -716
594 -320
-344 -359
834 -257
-362 -579
352 524
44 -500
414 493
-523 427
-864 369
-154 -916
101 334
-149 194
-235 909
211 -189
-68 -999
-322 -97
459 503
54 -841
567 -317
959 106
-469 114
213 -265
670 299
-667 718
51 76
507 -879
-553 617
-53 624
201 787
-480 381
425 906
-954 937
463 587
920 -272
132 986
467 -570
305 -582
-354 -802
-256 354
-375 88
-969 653
-614 334
-880 964
-431 432
-966 -721
-488 -973
-936 -981
-239 812
-427 885
851 500
-225 -985
436 -725
814 -340
-264 370
-180 -641
568 -942
100 27
917 -842
-195 -256
-149 222
-504 -127
197 -815
-816 -631
-427 609
-896 629
-242 724
-109 547
-719 902
579 -261
635 -316
-106 691
952 -322
253 690
929 514
-424 549
-665 577
-36 529
359 477
-934 -417
309 1
-682 510
-120 -588
-662 993
395 -170
935 -60
-595 -673
71 -924
92 -628
-159 492
-516 576
938 456
-273 82
-616 -914
-435 -723
-726 -277
687 -233
-849 -32
645 -440
837 -801
-848 644
-949 728
-306 -384
96 762
847 714
567 -787
812 -954
-335 820
-111 401
741 -827
-845 99
678 661
-227 -307
738 -455
-536 -16
171 -485
381 494
-516 -53
832 -934
-461 669
763 312
286 -644
-687 810
263 471
-949 -139
-824 777
830 786
806 -13
688 -326
739 -891
-928 -107
582 891
-273 -680
-853 944
69 -217
-230 -867
549 622
472 -501
0 -679
323 -245
100 439
-17 -391
671 201
-936 958
79 492
-395 -982
-667 24
-376 600
-68 -4
675 660
551 -362
-943 -544
77 -128
194 378
86 -424
-268 -287
-596 676
988 -34
290 17
87 789
820 279
-966 141
243 278
580 -258
-285 -185
515 425
550 81
739 295
-139 683
-708 -895
818 -474
550 878
439 -582
-962 -79
-888 -914
-919 795
243 624
-291 -940
276 211
957 -582
769 819
-680 -615
-468 945
341 -558
733 -542
-339 107
701 605
121 162
922 -844
14 62
722 -426
-471 -526
605 555
550 687
413 -321
878 115
-673 7
-692 -413
989 907
568 859
-842 719
159 51
265 -621
489 6
-638 -169
-243 535
-534 531
579 -819
-129 -533
-586 -353
-607 414
50 -750
-450 -897
318 46
490 563
752 -607
-885 140
550 -633
629 755
19 201
-217 81
174 -246
955 -346
-388 -710
193 -259
-657 -140
-547 672
957 916
-408 -801
973 344
540 -975
-362 711
474 852
384 533
-498 -922
110 19
263 -182
590 -842
-435 -483
-424 752
-864 -710
-763 617
-732 -645
-135 -702
470 359
-643 -913
-912 978
732 -186
561 904
-319 977
-96 309
624 -516
-130 952
-339 -339
416 38
834 -146
-478 147
432 -82
701 -999
469 -580
-107 -286
313 -173
-429 980
457 768
35 -730
-428 680
141 -127
-264 243
-901 -926
-480 980
272 17
-567 -157
185 -388
-912 131
985 927
-538 312
145 318
774 363
589 177
675 -521
53 972
793 -629
-432 92
-164 -711
-709 481
-585 78
-847 -965
-973 -19
-968 -819
-358 -465
303 -818
-29 260
626 -635
-440 53
-627 -368
-651 183
747 267
-981 556
-418 -38
168 20
771 -351
-976 -219
849 673
-573 -927
879 157
368 -853
-43 -43
297 888
-714 -980
-539 679
610 -246
-647 125
-628 433
-745 -120
-539 -678
-414 0
-623 358
230 -117
-619 -971
514 188
971 574
-149 -452
-454 604
-559 447
565 600
168 -93
82 944
79 -994
25 -850
156 -140
-827 -751
-200 -322
-944 -722
647 251
-596 926
-644 -256
197 998
604 875
657 -802
-666 -147
43 167
-1 -79
-434 357
643 728
16 -992
478 454
-751 204
39 -200
-673 474
350 -264
-797 -876
-910 -80
661 -237
417 445
-728 -433
-369 -715
-474 -503
347 292
-17 345
-549 -553
92 -551
166 449
-736 277
951 19
-503 978
718 -666
172 -57
-359 -573
852 -65
310 75
484 -222
87 -927
21 547
-984 997
-494 -694
-49 -149
-83 -175
-636 -129
-409 -996
918 -58
-856 -934
42 794
-512 -200
-203 -72
-268 95
125 990
840 559
563 719
652 37
-621 134
-153 -2
244 -733
119 601
212 -928
920 440
61 11
555 -709
508 287
-633 -144
-999 491
927 -104
-880 -523
-892 725
91 -757
-468 600
33 689
852 -718
-321 824
527 589
-26 480
-777 254
-436 -438
681 319
-661 553
590 397
-612 493
-868 -650
-49 962
966 461
655 620
-883 -759
-654 705
-749 -81
286 657
-97 288
-977 729
-221 756
-218 776
748 -867
783 -567
-144 -14
-132 331
-625 -519
325 -988
-525 -17
746 485
-356 -189
-24 484
573 896
648 -504
403 259
-357 434
-584 -568
80 -613
-188 -220
-957 -50
-492 717
425 958
-460 -177
-784 252
-124 -286
-200 -141
-999 -204
-465 394
-293 -347
325 359
551 -615
445 -980
680 741
-812 -94
-378 902
-416 413
-674 -822
-880 -901
797 453
-380 35
517 288
21 160
476 -651
-895 91
-280 839
993 -400
576 -459
590 -844
808 -185
-932 735
428 -512
115 959
659 -874
752 708
-190 -67
505 768
947 -474
-255 -727
-303 -800
-11 -376
-124 612
-466 -936
-523 21
-238 909
222 451
550 -921
951 -747
-435 -657
-318 708
91 274
118 436
46 282
447 777
575 -414
422 -326
-961 964
-366 -380
921 -752
-737 909
557 952
-563 188
-851 -669
38 -965
501 839
-618 -89
739 -984
-245 268
-772 -687
411 331
441 792
-152 978
761 -651
-669 847
-509 -446
290 692
-93 -136
-899 906
-912 529
666 460
880 -152
-48 742
239 990
357 491
-910 -793
-9 768
828 249
127 -48
72 -139
205 -213
-556 -717
782 435
816 398
289 620
-162 331
-424 838
476 673
567 690
-682 405
-951 860
-41 -11
-783 421
-616 -31
166 64
446 -528
-99 967
39 248
-478 -688
-335 -320
548 -384
747 -5
384 57
-60 -372
524 649
-960 -234
-46 386
-623 521
401 -918
306 600
-721 707
956 473
384 973
-181 85
660 -699
-630 752
-539 916
657 -373
-463 -336
-745 -898
85 568
-1000 -619
-256 -231
-403 403
-987 968
297 -633
825 945
721 -230
671 -311
34 -149
-261 -448
921 162
255 148
78 -154
-718 -382
948 427
-446 -739
-328 902
493 131
-183 172
-232 -215
-677 830
271 653
-228 -15
-928 44
853 819
527 302
88 -80
-603 -618
-675 -696
-278 459
-431 -527
-436 -382
-524 -450
-172 -121
43 217
101 870
367 -375
568 698
45 -847
-391 942
-304 401
785 50
-481 134
245 -145
269 184
85 -350
-102 343
142 -608
-975 -566
-105 758
14 386
824 663
574 137
-152 -617
661 -880
-931 427
-68 -926
-652 -147
-43 253
894 -357
575 455
-344 98
45 -122
-636 -270
442 -82
892 -66
543 523
-662 833
780 158
-68 -416
499 -411
207 -656
490 643
799 -623
-435 999
603 619
941 -860
817 885
-980 -144
-761 671
-108 562
-629 806
580 -789
112 828
430 -209
897 -636
51 -355
268 -298
-203 972
-949 -474
499 -734
22 303
756 580
-15 -654
337 -80
287 -935
-461 -591
-623 873
772 663
545 -109
538 -963
264 -703
461 -126
336 623
-583 -368
-188 -604
-378 618
-889 -343
92 -68
892 112
-191 -77
893 912
436 -123
838 -927
-66 66
620 847
-188 836
-151 -61
227 269
-38 -226
-927 270
-166 -89
-133 -794
-411 -321
-75 -145
-730 -680
248 463
704 313
-500 450
865 300
-953 198
537 371
-867 -555
383 905
-678 -703
304 109
859 54
-665 412
793 -44
-825 -62
-456 730
-364 -701
214 940
-221 252
-930 -406
302 184
-243 -602
-671 601
-34 -498
307 376
-147 389
378 -534
-64 -950
-665 -953
560 -979
-772 -189
-495 -944
51 -208
-405 -579
-630 58
-686 -176
-373 -440
-216 -806
906 -111
728 -464
-97 773
-492 -389
-921 129
-275 574
-626 -72
-83 -15
-679 -549
-609 330
950 -372
162 -845
179 881
511 -160
-830 702
-928 -486
501 -738
60 20
905 755
-690 778
-878 -278
669 472
-372 351
-168 39
661 -673
-14 841
253 137
-702 -79
-488 -642
-310 -817
35 804
982 27
265 802
-186 647
289 -655
-812 -442
-104 483
537 671
83 -683
-935 -429
716 451
178 512
-291 685
-398 -962
-416 157
375 774
638 -885
851 -680
515 478
-14 479
658 -313
358 -31
-23 618
695 493
54 567
-266 -785
838 -468
-570 805
537 781
893 569
18 219
-443 499
783 730
798 892
-806 -180
-821 -202
714 795
5 -818
82 756
219 924
-48 -326
-109 991
810 94
-333 875
-704 -718
674 -571
-198 -80
683 935
-759 -841
631 -30
-199 911
863 365
-919 -335
-939 698
615 -892
-828 -990
-137 272
743 -875
294 -614
151 952
171 -535
-555 -635
536 -42
-531 343
-208 899
624 -166
400 -71
-426 747
-983 889
673 -589
-377 863
-68 609
-751 38
-341 -505
-412 91
257 -577
-176 -150
-928 -222
153 231
15 378
688 1
713 722
234 -685
63 122
308 614
-960 -550
73 -13
-559 -530
822 -971
-903 -916
-136 -584
-51 307
719 726
-965 -484
334 490
109 961
-994 915
-92 -43
-916 25
-689 299
609 -58
246 394
-602 927
-986 -920
-643 -309
131 -422
-215 -888
-74 413
-455 157
690 149
-131 -341
-44 431
873 668
-211 -447
-828 286
331 -925
-622 -122
-272 -546
742 684
453 -259
716 -486
607 78
275 -963
-905 716
867 557
913 655
-896 238
538 609
-173 -46
178 -24
95 -654
843 -701
253 -821
-199 -659
-948 893
879 -551
-378 -859
-918 -902
-676 -451
932 549
-714 6
443 -42
692 -6
979 564
337 -972
-722 -113
979 -857
-649 -692
-711 214
-120 308
-700 822
-407 857
-469 103
856 -106
-312 -274
-650 249
-719 577
186 246
-557 55
200 -529
-254 808
255 229
752 -245
-961 -987
694 -6
-244 658
358 952
177 -151
-240 -64
212 -632
-375 -928
-198 717
125 -827
-714 814
924 890
-320 86
790 -597
181 676
327 -341
708 -191
926 435
411 613
-259 919
-226 715
651 -440
72 75
462 987
233 796
-161 -389
678 -390
-234 793
-499 -289
733 415
666 -791
-494 730
240 155
-262 500
-634 161
-710 -889
214 -905
912 -548
690 -115
374 -233
934 -166
-330 -592
228 804
-747 -165
-862 314
-232 141
-539 865
922 -173
429 784
396 398
512 -549
-969 972
-624 -451
-245 -944
141 -133
773 -202
660 465
810 301
-387 -784
-366 -580
-115 45
56 140
697 363
-797 114
-613 -955
221 -143
908 933
-646 -78
-457 548
-252 -855
595 311
964 -894
-540 -463
641 49
299 -929
-908 896
-142 420
-673 774
932 202
-681 -846
-192 649
-334 -723
27 -633
-159 -891
-621 -69
-370 363
-801 615
97 391
33 -765
618 627
223 385
719 -782
363 -637
-149 479
-479 475
367 -540
-148 165
-842 501
-738 -285
-470 -551
62 -398
-798 553
-548 912
88 -565
367 554
320 -344
-684 682
925 399
-309 298
-136 231
482 312
-119 -575
104 -475
145 401
364 705
-734 66
-611 398
-832 -355
-933 755
-470 417
957 -169
-21 291
313 -782
803 -246
-991 886
819 -993
147 -693
880 -322
347 174
588 427
-759 254
-768 909
598 -50
226 -907
-565 -963
-390 499
-728 -660
533 -6
535 -207
-253 -43
430 563
74 -278
654 -494
81 632
688 37
954 -445
99 509
-909 -842
-762 -135
400 31
-899 235
563 153
244 -986
118 -610
-333 256
96 -522
74 440
-390 -755
408 -590
731 682
567 -594
283 -146
-527 -882
-731 711
-492 -272
-188 289
-100 -546
360 -42
452 786
139 -876
97 -738
510 -485
107 -943
-970 718
864 -782
2 624
-469 -549
-479 137
-462 -168
853 -815
-740 441
-780 334
30 -593
182 -800
787 700
-366 624
247 -200
-977 872
238 -761
750 -235
771 263
590 888
-748 43
-624 -522
264 561
-747 -362
-283 776
661 -818
-981 734
-570 889
312 550
-375 353
350 386
653 -16
-916 -739
-747 78
25 248
-82 673
866 561
-191 -262
127 -841
623 207
-487 -774
-4 -72
-465 -511
-496 -381
14 -979
53 871
127 -418
259 51
472 -618
-276 -438
220 -82
-93 -139
-393 409
564 210
-817 136
-221 -198
-406 184
-846 -471
-12 893
-782 597
607 -518
728 235
-305 -802
699 -73
-631 -820
-387 -394
-490 817
-14 805
7 556
849 775
5 -332
972 611
533 -669
-646 -325
665 981
884 -740
-239 -37
939 -376
20 844
807 503
-108 -568
938 243
939 -217
-235 83
-763 817
-23 -273
-681 -718
-573 435
55 925
398 -338
659 -71
-40 -585
378 -526
666 972
-734 171
-834 -24
-718 -593
597 -574
-676 -406
-363 -779
-87 817
-307 -574
979 -883
567 -875
-624 438
947 -474
-197 -57
-339 731
-664 -708
-985 -703
332 318
-82 -753
-171 917
-322 54
-985 558
-15 -262
-399 846
-986 -762
147 881
289 -83
990 -648
-16 126
681 -211
793 991
-872 -480
-329 -249
775 -415
-414 609
-553 178
310 -244
941 282
217 -588
-648 380
10 -666
681 -783
966 -147
234 88
-26 -164
199 -387
992 312
856 173
-75 -424
-903 -842
375 158
-356 260
-925 740
-899 -263
-423 -490
-470 -252
318 -542
-337 944
-698 640
-223 -640
-280 -89
-933 -629
827 -397
-380 -771
-84 -378
-765 -313
-251 -811
-734 -271
521 -787
336 252
-214 115
-348 680
557 -291
203 -192
-952 174
-750 -453
-556 754
324 841
-932 -490
764 800
-185 109
-315 454
197 -240
467 683
-270 302
163 -911
546 722
-405 830
-753 731
591 -709
-914 -849
559 517
-375 -484
-112 379
-238 324
-178 -60
-718 -88
760 -435
553 212
404 921
-233 701
990 -904
-328 537
-829 -488
-377 118
-462 657
-694 294
307 7
694 345
29 62
6 -869
608 -384
185 571
-48 176
879 848
110 436
57 808
876 375
-825 -440
905 -186
-71 404
110 -668
883 219
-364 804
-500 968
155 970
-112 -190
298 -732
-759 -278
-52 -853
434 580
-224 -799
-942 -243
293 -332
709 -306
-318 102
707 262
81 -976
827 424
150 -274
-357 -926
715 -954
297 -712
-486 281
378 54
-969 -501
315 -477
-283 93
-291 117
-139 192
-371 268
-648 -662
-601 -65
-279 -863
168 926
-565 -270
-232 -316
-89 51
1 934
72 463
683 117
422 588
-640 841
66 166
-899 828
953 -219
371 698
-425 -880
902 710
-80 752
410 700
-585 -157
9 -36
-670 674
-7 -210
-806 954
-319 566
-747 219
-800 -865
139 -919
-478 -686
-83 -203
-591 -798
-606 809
510 -315
711 -40
198 -777
127 906
458 -961
544 -237
-173 726
444 495
658 -458
200 538
420 510
-587 973
-5 -982
-48 328
969 -493
584 648
715 581
-793 922
-386 -188
-854 465
-912 593
-930 -475
-227 -787
455 -454
-455 185
-569 195
-402 401
-312 -459
-551 -896
635 972
-300 929
652 209
466 -262
-799 -841
-351 -739
973 -221
-396 -148
650 631
419 -896
903 406
444 -277
20 171
234 359
-169 180
32 182
-616 912
927 626
-171 294
353 18
615 -802
75 921
-488 701
-918 706
-200 -287
939 521
-271 -453
615 -725
794 -47
-562 -202
714 371
-702 490
329 -409
-549 556
535 354
582 -533
-296 507
234 -84
-121 209
786 607
-937 364
-513 -969
-240 792
-761 -205
846 -974
-247 793
-504 983
860 361
123 -921
-139 -517
-325 -511
-397 53
-578 -165
-588 -248
-646 -780
-820 -898
569 47
-491 -970
-689 -515
-332 63
701 -148
-298 -506
194 161
675 484
-168 -599
471 996
-655 -119
-895 -823
-942 220
508 29
290 -373
-527 843
-873 960
-16 75
642 354
306 40
555 219
295 -169
278 611
-227 466
549 472
175 -278
159 949
-777 904
-905 -647
274 86
-42 -507
-740 -493
512 236
-368 -659
866 509
837 -828
-760 -366
-19 111
-6 -915
-15 274
800 -947
-276 223
850 -448
-245 -659
-804 -874
-523 -730
-589 -973
-384 -462
-749 -438
441 782
-744 809
-911 239
325 21
-9 786
512 -651
824 -750
936 -577
686 -30
-510 -538
613 -816
343 -946
-576 -526
-135 -662
-829 747
-867 -726
822 -825
-764 305
-415 -372
-174 -806
534 565
246 483
899 819
-551 -892
78 494
-629 355
-594 447
388 -736
652 -852
-204 -69
603 798
-897 757
524 961
-198 -610
-631 354
105 -330
-892 148
-580 -550
-787 149
302 -682
811 -905
261 956
778 -214
463 238
40 -876
772 102
466 -537
401 -901
-244 -873
-432 962
160 -714
352 -328
-683 -775
170 -706
450 791
-118 -678
458 875
466 681
-980 -571
193 -242
-732 388
754 -136
427 -916
147 -955
-715 -549
-374 -241
124 523
-209 -462
972 -85
-611 342
416 -265
-106 -202
166 10
735 514
543 536
-245 -167
915 -577
-626 218
-606 214
-858 -125
-359 -262
-177 489
-124 763
245 -843
-391 570
-972 -364
-615 231
963 -944
-459 138
987 658
-47 -68
-802 270
755 -302
-428 884
-108 -54
-252 453
-970 -727
-332 -432
-313 -169
-344 561
144 731
497 822
-898 -790
957 -900
590 63
80 -462
105 -12
-430 488
-517 -898
-875 -976
887 875
-624 -862
67 506
-346 574
58 929
-531 515
-281 -965
-903 -455
-580 -405
-30 -176
197 40
96 844
903 -68
366 246
-882 421
578 736
636 -933
422 -522
-935 -318
-107 -144
741 469
329 -704
118 17
-854 402
56 -836
-851 -828
317 -573
40 -171
652 -586
-403 778
-571 -417
672 267
694 467
-43 234
-19 -811
-227 -828
-160 860
884 -185
-625 869
791 510
873 421
-885 86
220 679
-475 -314
173 260
-457 -89
136 457
749 -306
-159 -9
789 -509
242 957
-971 -207
930 -477
939 309
-485 922
660 858
614 837
-2 628
-823 -740
-990 716
-963 323
212 699
790 212
733 -573
-689 -368
185 460
-368 -325
37 -428
-543 -527
624 -343
172 461
959 514
-876 529
842 -335
-617 778
777 -971
-724 -531
-512 139
-439 931
-593 -810
687 -946
-204 919
716 784
-651 91
-555 -570
322 -31
-199 873
-606 760
86 687
-193 17
485 357
875 -241
-973 484
-47 65
697 -530
-522 174
829 94
-312 -492
-778 -107
445 -671
-173 -451
806 -662
360 817
-749 -693
252 -275
-660 -197
533 -929
63 517
185 122
239 -270
-331 -22
883 543
583 -986
-970 968
300 743
-20 895
165 844
259 -228
821 -439
-278 695
-915 484
897 -997
-357 -14
670 978
-894 -926
-84 982
260 -87
-359 856
902 303
434 446
888 -480
815 -163
-852 -465
315 -637
-750 45
-303 -310
8 541
-314 936
-465 24
487 358
-251 370
819 -426
178 438
62 -436
870 -373
-579 -958
670 588
915 -471
410 -842
-837 705
269 561
-198 -222
-275 -923
449 740
-982 -249
-116 -529
283 160
-616 -256
-874 374
-751 -27
918 -758
-378 130
-151 -449
-44 -625
674 -542
-807 -295
83 496
399 600
-84 461
-983 -969
323 -281
165 538
902 -935
590 -21
398 -536
-64 415
-963 -971
912 580
-558 98
52 585
477 828
-976 495
630 -762
-385 -404
271 654
816 0
-492 120
-321 160
-350 954
317 -754
-534 -56
982 944
974 906
-650 338
171 779
592 598
894 -420
-455 -994
-747 577
-235 560
-826 870
89 646
-465 646
-365 688
317 -719
-425 399
-649 857
-556 -452
-535 760
669 -79
-536 726
668 -425
764 -699
-501 542
-552 -486
-40 303
-367 506
188 -237
-106 -775
-803 425
237 435
-305 -657
149 47
-27 133
495 14
905 772
411 766
509 -819
-775 -290
92 -605
-259 -102
74 981
-906 812
361 601
240 833
879 216
405 -514
-326 58
-673 -132
505 774
-302 -192
992 -2
-904 -368
775 -693
-808 385
551 -997
-336 -375
-269 -954
872 606
175 102
278 -847
-582 510
-817 -570
318 918
781 929
581 -89
986 824
439 -177
-784 -515
2 -194
-675 873
-973 -747
-492 145
391 -492
-315 -139
228 -385
773 285
-914 716
-735 876
196 540
-746 137
213 287
-482 -221
-469 -650
563 555
-764 -68
857 60
-99 960
-378 777
799 -22
-839 169
-127 654
-953 -496
-219 677
-978 54
-544 21
-632 -781
336 673
-100 -894
-310 -148
-569 -459
582 -256
903 -363
-759 685
-274 974
90 -708
457 901
-293 -119
364 -639
405 845
-883 146
102 -501
-529 920
956 565
83 -891
-333 -94
-693 903
-305 -885
-662 413
379 -63
-191 -605
-850 -315
476 -924
944 -890
-107 52
-187 869
-229 42
-817 581
651 410
-169 -16
562 -359
852 -277
-511 -4
-383 -269
994 -631
436 -714
-158 186
-760 -261
288 -516
265 904
-834 851
-458 -432
-165 -909
498 -970
-201 -461
-906 961
-760 -369
-341 -723
-808 -518
-664 163
982 495
247 -985
-295 -602
165 358
337 423
906 340
344 -865
497 573
-774 628
110 552
487 -953
-479 -153
-86 -296
394 316
-55 -581
-791 407
392 66
-7 666
178 -349
-89 333
-282 531
-791 -851
-276 949
-1 56
-23 -947
-743 243
24 -420
870 -386
-190 72
721 -560
-691 780
-726 -512
160 180
689 -690
-259 -952
144 -545
74 504
-201 -410
-469 -842
5 -42
-800 -413
825 162
239 936
-208 388
-924 -533
-988 -919
904 -506
-640 -758
270 -618
808 -987
979 -274
314 19
745 54
200 -508
589 576
-842 -468
988 896
-795 699
-471 -382
945 775
-2 980
676 668
27 -144
862 168
806 -681
-767 943
979 204
-459 220
-634 603
-254 -627
-853 -898
869 72
231 -590
89 -247
949 -407
-5 494
-624 878
-446 -865
551 100
544 832
273 -44
-663 -150
-368 -904
224 554
-923 618
-88 -289
550 932
-765 -975
-189 -886
7 683
637 -149
751 -134
-177 951
925 -324
-93 179
-760 -554
-711 -279
-754 802
-130 -127
551 188
-169 425
-443 527
-801 -786
-689 592
-301 619
311 -97
958 626
-580 -23
873 661
510 -860
-505 152
-861 190
-130 -522
-753 -520
619 -283
-289 -921
408 852
-148 -877
566 855
-152 226
610 6
-648 937
420 -141
-721 98
-853 -473
467 -117
866 -219
-395 505
-943 352
971 -500
-458 867
-780 857
-800 489
418 -103
-563 -324
889 846
-271 552
-248 -418
-473 714
973 738
-939 365
-231 -172
698 885
298 -861
760 201
-413 -736
-292 451
-958 718
463 -745
336 269
-222 -755
973 -536
-980 429
905 286
228 -82
460 -723
-806 -576
-461 -175
-630 140
-662 -213
705 -171
-628 855
370 33
909 66
615 639
-388 94
-283 -627
-525 -931
153 60
-613 -525
-326 33
-390 -262
764 -188
445 793
-373 147
-280 573
-377 925
-945 341
848 493
67 -866
-74 182
-885 -108
-228 -349
-350 791
611 -6
-890 579
-967 -947
-930 -953
940 478
-650 -123
-396 661
-904 -847
-791 592
-79 303
-490 296
291 849
-726 975
-88 -876
-363 -247
-80 -759
-655 662
-140 774
822 624
900 371
810 873
-55 -77
-469 -335
704 902
-185 -243
-352 -867
-70 101
-756 558
135 -16
859 553
741 -451
156 817
-391 -260
452 511
171 -731
390 -901
-22 254
-301 124
-176 79
0 -233
584 944
-948 -660
433 271
598 250
-884 -794
-971 -32
308 475
817 65
-797 61
-885 -410
-159 -188
-710 -626
727 169
-729 -935
490 10
741 26
887 -605
386 -555
119 -810
83 -401
280 219
731 -367
534 -776
-676 272
-877 -928
38 -754
492 -892
-878 -992
-518 27
841 454
48 489
362 -17
-1 -131
-57 -652
479 -788
782 295
74 -456
-290 581
-852 -356
417 508
52 632
8 812
735 238
313 275
-693 -103
227 -231
-132 -822
106 511
-552 -128
-206 675
-865 888
-650 -578
482 -384
-348 -564
213 -112
-891 -758
-974 -259
642 278
256 -3
151 143
709 583
845 -971
189 -398
-706 -703
511 -473
-33 -546
-535 581
576 -938
162 -499
-980 712
622 -368
229 676
-465 683
323 872
445 -33
784 -843
856 -836
-838 -784
-503 92
-230 818
992 -48
-286 -554
-739 375
657 -207
593 801
-209 -194
-249 -458
810 56
-85 508
102 461
162 -172
653 782
-26 -766
-843 523
-690 347
797 -198
449 393
-632 735
-669 848
-105 -322
104 -914
179 178
-365 -226
25 -220
-341 -185
-760 -361
-826 987
-42 882
110 801
183 -264
-387 -397
7 -631
-728 -827
-115 99
22 942
-799 -938
-169 310
-978 470
-907 73
-693 535
-682 616
-324 925
521 558
-28 -445
-307 782
533 499
998 -121
352 -288
501 -812
83 -587
208 142
-825 -187
761 595
-358 702
-293 -201
352 532
-916 973
-797 498
657 -158
543 808
822 705
473 -677
-659 -753
-98 -575
-829 845
-497 307
915 461
-600 130
-772 613
-732 -616
283 -920
252 831
766 417
465 311
-786 967
-350 771
-259 391
-239 -869
100 -174
-74 -190
221 -815
-383 -406
710 -182
-969 -386
-825 640
-828 -237
-996 -626
485 358
258 731
-67 -951
-872 817
346 692
-86 -973
-563 737
-832 356
-520 31
164 207
-62 837
-403 -904
576 -269
-683 -279
-901 -811
-813 37
262 781
413 -623
-366 952
-878 585
618 923
110 763
872 -208
-873 647
628 -114
-946 922
-740 645
775 605
531 -612
234 660
-108 594
-700 288
-448 -470
-667 416
-321 -618
151 -139
711 -584
-255 46
-171 258
-282 963
779 -713
-192 197
555 768
640 -818
559 -132
-940 -598
637 -126
556 -184
-656 399
-929 43
-169 579
-249 -785
525 -663
-490 223
-761 -106
-484 -12
667 664
73 959
-115 -144
-270 -568
61 -103
-828 -47
-160 697
816 -460
475 -373
989 601
-947 -961
995 981
-992 82
286 -231
-180 640
-847 44
-864 123
-788 48
38 642
537 906
-520 783
487 -127
646 339
907 -351
70 -19
933 75
-345 -511
722 72
263 -694
-474 298
-669 -221
700 990
-439 -688
836 -300
-324 -120
630 823
-670 119
-88 183
848 545
855 387
-745 -724
367 -607
866 -320
202 -315
872 759
313 -373
538 -576
395 -507
578 -276
107 -680
-810 221
72 -992
566 -50
63 -971
205 -116
991 -429
-18 -167
-593 -637
-914 717
783 -126
-299 -522
884 142
-446 -896
-705 -702
-48 -238
319 943
-558 -982
332 422
-699 137
-383 370
-707 684
-965 289
-226 228
-360 145
232 474
-107 858
369 -699
881 -857
427 985
-637 620
600 -74
578 929
934 620
508 72
307 -944
68 877
758 873
500 311
-631 608
-370 510
212 543
822 829
-612 -14
282 -201
-147 26
457 -154
892 -34
-256 120
867 759
691 -362
-85 -916
-672 750
-258 -539
633 -98
489 -919
365 405
-704 -103
-928 750
-279 328
-372 -176
-353 -467
992 946
808 -886
509 -960
496 -246
-968 812
762 597
794 -948
-922 163
-829 580
-516 249
-77 121
-888 -575
-568 -113
-137 -333
547 -573
122 172
-164 -284
-77 34
-868 997
64 -384
-706 -263
995 654
966 -302
-343 266
-409 172
915 -238
-306 250
-387 385
-489 138
-107 823
-629 -823
-774 45
-948 -295
-981 -616
275 -720
-784 212
962 -718
620 911
709 -688
122 -979
670 892
247 -274
870 821
-762 985
-175 -998
835 853
-311 466
-920 -272
-828 -526
-64 939
512 -446
180 464
-285 -956
-736 -239
550 -191
-554 118
-704 403
-813 -432
-58 -957
-406 -778
507 -1000
-484 677
894 -113
-502 -26
-972 372
-666 928
-621 -584
-557 717
-378 -43
-722 398
124 -467
947 -254
318 -940
-70 -533
217 299
-963 113
831 212
730 -825
79 267
-928 312
468 -312
-551 -788
-443 206
848 197
198 710
-709 -832
-869 891
652 49
777 -632
248 683
506 -41
476 -795
443 185
943 613
-111 471
-41 511
-568 660
689 -811
-721 142
375 -618
666 462
-869 301
-439 -525
-693 -686
-224 495
331 831
662 -958
-951 826
745 692
-950 -825
355 947
521 61
499 260
223 -965
518 -231
-974 505
520 -852
640 -615
-317 -908
709 20
-243 940
-519 964
5 -976
-301 430
862 -954
211 456
116 -518
704 463
-435 724
-463 906
38 -260
-763 -102
-383 783
-80 97
492 -546
81 -94
-223 -850
153 -661
-470 -423
845 -606
-312 -96
58 122
489 625
-102 661
-599 -62
169 614
328 851
-379 779
-211 -517
-920 930
816 965
629 588
600 -659
-550 755
-109 157
298 646
378 -73
924 -194
-964 488
-246 940
206 -329
-492 19
-471 -91
-454 -247
-633 397
-983 -615
126 660
357 959
-230 892
-658 194
621 -502
547 884
-641 -923
-638 -827
-300 -138
-714 33
-576 -269
965 178
-11 -532
311 -254
190 -633
-17 181
-219 -476
435 -579
-881 -72
-126 694
-586 -70
-569 -676
544 794
367 -936
390 785
806 521
-769 895
-377 -431
-975 -622
1000 -850
-719 -625
916 -580
365 -674
-819 -646
253 -486
-777 -512
-367 346
529 678
832 69
311 439
997 -471
-767 -678
427 -770
112 -114
903 195
-159 -649
160 576
973 419
427 884
794 321
-314 203
-199 492
172 957
-469 800
973 -224
-791 -845
320 373
-728 -165
400 -276
986 -809
93 863
359 -312
420 710
596 981
-29 414
823 550
-550 242
601 -252
-748 -284
-377 582
128 489
-438 -199
225 -823
-511 -311
934 409
-596 -104
-540 -810
545 -962
-654 -866
-753 -824
-401 548
-216 -109
-152 694
-19 -477
-457 827
148 98
-72 -420
15 11
944 411
-91 -12
733 89
826 706
-103 10
-82 -533
-837 161
300 856
-425 -402
-834 -235
822 -315
393 613
640 357
-993 211
158 -108
-394 -768
717 177
434 -732
-546 231
-931 -798
797 -670
84 608
-47 628
291 -968
-133 308
480 156
935 -101
557 357
996 -220
647 -185
-250 17
306 570
458 -859
836 -806
-30 778
528 -306
369 -988
870 776
127 -227
-368 -282
757 -1
636 -113
743 156
380 662
333 549
-545 -19
706 603
-67 -772
-63 950
847 108
281 25
941 -923
771 15
194 969
-617 -600
-48 -767
-400 -413
-886 206
810 60
799 7
-299 407
-622 -550
-711 323
267 212
-744 -73
583 -205
263 625
-536 686
-481 909
-704 156
74 404
931 -252
-674 -105
-727 -260
-906 655
116 616
-283 413
758 -561
-498 461
-395 259
835 -390
-436 -403
-677 404
-870 340
-768 -412
-512 -730
437 -735
694 -558
119 503
-74 -867
-570 718
-186 200
734 -272
-15 690
-852 641
-383 691
-457 -112
-306 -361
194 808
-234 -520
-480 -408
500 81
987 -524
-123 -10
-850 -744
259 -706
429 648
473 0
-369 -406
-157 -178
44 -624
163 -930
-80 -206
551 200
600 -982
-569 -248
-458 -923
301 250
162 -966
-495 -550
18 -488
-84 -59
-166 -279
-601 -408
64 933
103 179
-506 829
701 -148
861 -257
850 390
967 532
534 -66
-842 552
-683 137
18 -212
-953 964
-737 549
-277 78
133 535
-376 -613
-629 598
341 -251
927 757
776 517
-171 36
87 -566
572 883
62 -869
290 991
4 417
147 303
-646 52
18 -709
505 -555
-205 100
385 733
-527 841
139 -409
-741 -614
969 -160
831 415
495 644
-175 -141
643 -70
-379 22
443 236
-828 828
-946 128
-333 -904
720 -4
802 -682
-67 -780
-617 -648
676 86
27 569
458 -898
66 737
481 818
925 8
956 324
-11 -983
-211 651
-351 -961
-446 177
-3 411
-731 231
301 -230
-609 -160
480 914
804 59
475 40
961 342
-39 -734
365 -26
64 319
-563 -677
-911 -394
-363 -232
-365 -792
-388 757
453 -534
-132 419
555 -684
217 -477
355 486
-833 915
-457 455
800 -875
-192 -7
-668 -367
-501 72
426 482
-901 -803
-462 -914
-374 -198
1000 -503
38 970
374 371
-579 402
-723 -940
490 559
-883 164
-421 -232
895 228
873 986
-641 -291
-489 -307
150 -310
-94 313
996 -770
715 -29
-447 -513
405 -524
225 672
849 460
336 50
44 -364
326 756
-542 64
-414 -615
609 999
-175 610
-192 834
-536 -873
-225 990
300 233
735 542
-246 -537
-535 -300
-956 -98
278 57
-234 -443
831 -456
188 -628
-244 -125
122 589
501 -726
664 235
-655 452
675 270
468 -525
-538 63
-984 -215
-872 916
458 -78
706 888
139 -376
-362 37
700 684
831 193
782 -768
217 861
-539 -992
-763 458
-374 -621
454 -43
144 185
947 61
406 245
-642 466
356 -367
-904 -189
797 611
-722 -751
-777 -661
-555 -470
-965 -61
546 381
-808 736
272 938
-270 -205
94 -271
-690 -795
-821 -427
-996 23
783 -902
168 -532
-770 -285
652 49
-659 366
-864 -589
-967 -307
-248 561
-884 517
-535 -263
929 -711
342 -514
-416 -871
600 151
876 754
989 971
15 141
718 336
713 358
-414 -606
174 567
-390 -76
-997 204
530 -626
645 -586
-689 -903
516 6
848 -43
-273 -827
-859 -621
747 -344
-102 389
900 991
-297 -728
698 38
-316 734
143 -417
230 71
-75 -505
-848 551
248 748
-285 -719
135 -89
-998 726
-599 -771
-898 348
84 -506
181 647
520 -573
-994 -671
-570 -834
468 -597
666 943
-560 130
732 -227
355 -575
436 -831
-105 -453
191 524
621 -426
833 -137
1000 216
-661 420
405 -119
-286 644
-502 -378
-5 76
-161 -574
-576 597
-442 594
466 947
-109 648
-833 77
-412 -335
-280 -281
447 675
1 918
958 -929
634 839
-233 -357
-671 181
-670 -187
193 617
955 -948
-225 767
-417 -525
929 -819
901 -138
-203 533
894 -467
499 333
444 556
-875 -409
-93 -1000
-217 -844
-812 291
-211 -599
205 -66
244 -253
577 -597
-172 -857
475 -396
-846 -174
115 819
651 -475
684 -939
862 810
-278 -384
-391 514
153 353
-46 -617
760 888
-267 -133
-319 -496
748 877
678 -461
565 -533
699 679
877 577
799 747
-638 618
-438 -451
336 -275
524 -176
420 -343
-920 -70
-595 458
-246 -410
1000 427
312 -783
-8 -576
368 840
-24 -579
211 -327
541 -131
121 234
234 -74
632 819
-187 -335
697 -16
-799 -308
55 726
-641 643
227 -732
-628 -880
321 545
-23 -401
722 -327
255 -367
143 54
992 53
741 -884
-135 -506
-922 824
917 140
-16 -28
295 -421
64 840
-677 658
-603 346
2 120
580 13
-795 767
-632 -476
-863 -23
-747 -928
-261 480
834 -515
221 -175
-589 -327
-553 -590
-878 -397
-347 -814
-293 -506
-843 511
611 552
848 -399
-974 -759
-360 923
121 890
964 -642
-287 -493
876 357
-789 393
-781 -500
-823 -458
995 983
-365 -344
869 -527
-792 426
582 -168
-681 115
386 -799
-251 892
-340 2
763 -945
-477 842
-470 47
-671 -163
924 -623
890 -950
482 138
-13 608
287 -615
15 501
-754 -556
876 699
139 -903
-263 -815
91 208
46 -277
12 -846
-420 -217
-3 -630
-45 136
44 -1000
96 -692
267 -722
828 981
800 -727
88 -265
44 -117
-139 -994
-551 -469
959 669
873 -349
-838 -595
-752 -724
135 658
-1 907
295 563
71 346
-397 -455
-245 -958
297 -617
-630 -254
-593 139
-16 -872
837 841
528 887
668 -445
-919 -169
179 7
374 -868
939 903
-9 994
197 -605
-153 468
-963 -95
978 101
-106 484
-99 178
774 773
822 -178
594 124
-829 661
-563 -755
-322 -804
235 -29
904 312
791 -58
-325 432
451 -18
512 763
-235 -472
69 558
-861 -938
-535 -698
833 26
403 -915
-941 538
-776 -395
-865 798
360 373
-718 206
96 -338
-674 -696
585 -675
486 -141
-742 -11
983 484
750 208
921 472
-400 403
-560 776
-830 -980
666 453
375 -643
810 -768
-973 -142
-608 -227
65 -139
995 -647
-898 106
-192 664
-835 -460
436 284
496 -619
-961 764
870 761
-652 -967
938 250
596 -784
502 -65
765 -951
-885 834
161 -468
-868 450
-254 -710
-271 704
-801 769
404 18
525 561
-998 631
557 903
602 772
561 93
185 184
151 -992
-329 215
-141 163
-360 -548
-551 -703
-487 595
687 765
671 -292
426 692
-933 845
-131 -852
349 -571
-743 -289
143 290
-818 305
-567 561
-631 320
773 -846
-829 -37
956 290
374 -84
116 474
920 -539
-147 -54
-995 305
-830 598
-256 639
482 381
696 -617
67 80
375 979
825 -821
-121 -864
170 -399
-892 -609
253 -704
357 -601
829 877
579 -961
126 -952
-313 423
-512 880
133 -12
-921 -741
-908 -966
-811 624
722 857
-833 -382
338 -33
-646 238
-187 -162
524 383
548 354
-393 -241
561 -46
569 853
-976 -881
265 -207
956 910
247 118
82 783
463 890
708 -823
402 666
-613 607
-961 867
478 -677
-494 901
59 351
330 195
-965 766
399 -606
643 -339
-428 910
-873 -737
-112 -487
135 -775
953 -830
-67 372
-446 -307
956 -682
441 29
149 617
-43 224
-723 -452
962 -753
-189 -998
-592 -271
525 -262
861 -127
409 -871
-934 -922
283 -581
-593 -957
468 -266
-478 33
-650 -710
-229 791
165 -421
680 -353
-757 -222
-262 -88
-553 -47
264 -782
464 306
-90 -269
-307 462
-265 829
111 -325
-468 390
47 -794
-738 725
-918 -757
-236 597
-172 -200
757 -573
330 -831
-753 702
-305 746
-7 714
-14 -231
661 791
272 -715
-696 -797
150 80
304 -709
866 287
959 -302
958 -216
111 591
-344 271
-825 768
-982 -681
291 -887
40 726
-49 -381
-184 -378
129 -987
876 292
-452 542
-303 -413
199 26
880 -218
-658 -662
-618 11
98 857
-726 698
-250 392
717 287
287 591
-860 838
-967 250
-647 627
-598 -104
216 554
987 -835
458 533
202 33
-780 682
-870 88
-912 98
624 -240
91 61
240 -728
-287 993
887 776
-372 -236
-340 852
-381 953
687 188
-632 -454
746 324
543 695
963 385
140 -902
-483 184
746 -486
-360 -893
259 38
749 -379
95 628
-359 -93
87 505
599 927
-503 188
463 -361
128 344
314 -524
294 849
538 -65
-800 276
42 340
-1000 346
216 272
-590 -671
-847 240
347 -975
192 758
232 304
85 725
-472 507
-247 982
-563 -801
-475 -361
-242 329
-344 -334
646 987
384 -784
756 -576
413 104
-117 655
316 -591
569 -227
-857 -103
377 -180
-806 -889
121 677
-699 -567
-846 -205
999 -529
-251 -812
645 -617
62 -979
-260 -17
690 973
-347 -980
688 -889
788 -904
-941 -409
797 -187
-933 950
203 824
-109 588
-363 712
60 -473
555 949
131 599
177 33
-911 686
50 -899
-145 970
275 -464
-173 -333
-933 -360
