9557
744 -957
-892 353
94 -838
726 917
-673 969
-75 466
-943 4
-624 822
-189 203
994 -462
-212 748
-540 852
878 -180
803 653
601 157
-592 582
-109 -302
612 690
-203 -478
100 -836
789 -624
-510 -834
914 -504
-778 -517
-353 381
628 -916
488 -118
559 500
996 291
984 -991
256 882
333 -815
43 -425
556 -852
926 -799
-330 449
-798 437
-891 371
-399 184
647 750
859 -956
-470 -700
217 -821
884 -720
576 193
668 -548
199 -435
-916 710
887 441
-482 62
712 -968
-52 8
696 -437
-819 -172
-308 -969
251 669
528 228
704 -634
-88 444
913 -263
-776 -866
434 765
-407 -133
-305 -460
277 -946
9 600
317 830
884 -555
-859 -738
-779 67
901 870
-276 -876
-397 -641
-429 951
-9 817
720 -25
751 858
947 170
-989 -107
123 -135
51 -192
-339 682
754 -418
953 -988
-147 517
689 923
848 -70
143 -464
-703 -359
595 434
-690 -382
-880 867
-984 748
-964 -166
718 -62
841 592
223 -360
460 204
-595 101
659 -9
-395 -544
444 -420
-877 288
316 -86
262 544
37 22
-396 -750
-518 941
-956 373
994 375
-646 581
-505 -584
942 694
769 240
245 523
947 -37
728 726
-177 -46
867 -681
-140 -553
327 -308
192 -320
-364 318
-744 624
78 374
-661 559
-214 -385
-187 -370
-221 968
25 -81
235 -466
-493 -419
310 565
89 -628
820 -269
708 836
7 589
-774 -35
-400 -481
-404 -593
-436 831
-923 -410
821 -284
-744 454
-927 836
-153 341
-746 836
-585 77
875 493
75 -981
-210 673
527 -488
-841 -204
-191 -416
-754 620
847 -976
10 462
-884 489
-629 638
673 -45
955 954
476 270
-878 658
-971 -655
-522 633
-995 944
-197 -232
-367 485
716 -940
-648 -401
-69 319
45 -186
-700 10
200 -634
-943 -118
429 -974
-319 -617
173 -221
547 735
593 170
-349 -809
867 -336
761 -861
-778 -238
-680 -908
963 -959
-224 388
971 -271
-289 -690
533 -877
-838 -679
-964 377
-480 -710
456 -784
244 -640
-507 -148
260 763
679 404
451 -862
-234 -523
-156 478
-615 2
-323 -865
398 -2
578 335
-45 -933
-770 -647
-501 410
99 -432
582 -770
665 103
40 607
647 -440
912 -905
-165 698
-963 274
822 553
86 96
580 942
763 496
-439 889
-45 550
425 -66
919 -416
-488 590
710 416
222 593
-705 469
180 479
902 839
-761 -835
905 124
958 6
399 -746
882 337
272 707
-493 922
-244 -996
-60 607
-502 -921
-495 978
-699 861
832 -77
61 850
-764 -329
4 299
195 -594
419 -509
-338 417
184 -735
235 845
-817 -404
447 653
996 -867
90 -555
-736 -467
-648 -252
45 -838
-138 -160
-550 -872
-859 -617
-894 63
-720 -865
-872 871
5 -254
973 425
-806 -982
51 -762
-720 -783
180 546
-27 848
820 917
-324 6
883 604
-981 109
-986 -216
-39 864
-218 758
119 -34
-995 -958
-78 -228
-6 -387
90 307
-325 409
-374 -991
-872 -723
553 -148
288 28
491 -382
167 -839
518 525
-824 -562
-36 149
543 59
335 -798
0 681
814 -903
-435 -813
549 890
-37 -889
-173 -392
120 747
241 432
862 -299
931 944
423 -169
213 550
-978 685
-261 425
-430 738
-662 961
751 783
51 686
634 -550
-572 194
729 -580
480 949
-258 569
80 -850
-476 -818
581 249
664 -279
567 40
-427 -667
-950 574
652 878
-624 611
247 250
-859 632
-187 -208
130 -478
17 255
-205 -776
-211 -616
445 -751
-650 276
975 738
-990 461
-691 886
-814 504
161 -310
-210 762
-831 -923
-76 -708
697 -15
487 -694
289 897
984 -586
-497 -351
-484 -681
-584 934
832 308
481 953
-97 526
397 -319
-284 513
-801 -14
-232 -625
-927 -80
-97 422
-99 371
237 966
601 593
-706 909
280 -257
-288 -996
-234 -430
-446 -151
287 165
543 783
275 131
-708 -379
-601 844
-569 -909
759 -329
417 55
-366 -836
676 -71
957 695
-372 798
389 24
-425 131
249 -222
-315 -663
-158 -134
945 205
336 -666
-667 768
345 147
-358 -606
229 -483
-506 -609
43 973
-878 437
-262 19
392 711
-114 647
-264 941
776 512
437 601
403 -287
822 -672
644 107
-742 0
-183 849
87 -237
618 -28
-385 -283
-123 -486
-125 -62
998 -914
33 475
-591 231
-550 -276
398 625
-935 402
776 809
231 446
861 541
727 -748
-82 597
-662 980
-381 483
-185 -2
843 838
-211 985
639 -518
154 -632
962 -216
500 10
214 435
950 -526
120 -298
-807 509
-423 954
-692 668
745 -509
-61 881
-82 -290
-95 -844
-12 201
-714 174
-668 -991
414 699
349 683
-218 76
527 790
-775 660
-996 905
100 375
1 -177
920 -174
-18 -430
-147 605
-593 -751
768 560
992 461
964 797
874 -737
-104 -805
760 -494
791 -889
-241 709
-1000 -209
561 522
539 -238
944 -547
-277 868
-88 -667
411 -812
-106 5
-33 -21
634 164
-93 294
-585 448
-930 -541
510 -167
-716 -291
365 -638
-166 161
183 -988
775 -659
772 218
150 750
785 848
-938 561
-281 -676
-922 -219
186 -352
-526 597
719 -78
-531 -665
-914 -363
142 -996
-738 -750
-559 -156
90 -497
488 423
663 567
-26 802
991 531
745 364
-462 -324
-667 -2
-571 -618
629 708
725 -919
781 654
269 -98
-838 719
-735 -320
127 -53
-757 345
-33 326
456 179
428 -40
-477 -440
105 0
439 852
766 -616
933 346
417 963
-602 543
808 -647
630 -858
-945 668
328 -780
833 581
-795 97
223 -78
-511 -361
-68 405
46 868
-608 225
-481 -35
258 39
-963 -458
-938 -781
-753 136
397 -128
326 170
324 769
-601 298
-605 -974
722 614
-202 473
-77 64
884 -555
25 791
-57 894
-817 961
-122 -948
-165 -334
870 -820
339 872
470 -353
-438 807
-382 -50
-17 614
661 91
918 -686
842 -804
-392 538
-690 -597
-417 -278
-964 944
164 -154
-19 -508
-182 -932
-778 149
550 -755
900 -107
440 -394
-224 -708
232 1000
214 -525
-664 -469
-208 208
476 633
-35 854
723 -606
-273 772
956 629
187 -750
-696 700
459 -710
-927 -611
513 48
-872 -497
400 -103
-149 -359
389 90
-875 -528
-883 232
361 -45
-721 604
347 -729
-628 -273
304 620
111 -233
-353 959
-136 879
-412 83
-463 -399
81 -654
-594 450
-87 -952
777 149
909 -263
-818 -152
-434 -298
-738 -632
-780 134
745 16
708 -935
-763 -619
80 797
-166 775
730 -148
-105 -906
-479 -420
-334 572
685 854
363 345
518 -636
585 316
-199 -426
-354 703
-117 -289
-125 384
-799 616
-222 -642
589 636
417 25
166 311
226 -73
-584 -380
-588 -253
-51 -749
-864 -716
991 -932
548 2
706 -738
-325 -271
848 -602
176 555
804 -738
343 -303
-408 -624
851 156
-383 647
354 465
409 -105
619 547
-791 -183
943 919
-412 -581
-9 -480
584 -834
764 48
-72 -828
-896 -339
-239 579
905 -163
718 132
-469 -938
539 -225
515 -988
965 705
768 -547
-327 -141
-650 61
949 -263
527 229
646 703
546 -881
815 -609
-233 564
-249 -307
-345 60
-902 -850
-364 894
382 719
680 492
-128 797
-318 -520
360 -536
287 -752
-592 29
-261 892
73 -420
-568 -807
868 438
489 -509
592 853
286 945
-300 153
531 -30
816 431
778 -257
817 -116
879 779
131 -405
648 245
829 -425
363 781
-993 334
674 -147
-307 -181
843 986
-308 474
-947 -335
-218 317
309 -61
-106 140
67 -190
-242 378
-821 99
941 -590
271 153
457 374
543 -100
385 -181
720 220
656 -551
802 804
-694 805
-38 -945
-742 -417
-188 526
-429 -599
196 619
444 361
778 913
411 -468
-374 -332
459 -505
-305 835
809 -840
932 -459
640 491
620 67
-174 -37
-357 -335
437 719
-985 563
161 -742
-920 788
842 -13
234 820
-515 -327
395 -283
43 806
346 -587
352 732
-856 -105
-464 290
623 117
912 -325
-399 -46
-288 -731
-843 132
-984 -416
-959 -893
-152 -726
269 -330
-178 -32
994 60
-444 -386
-827 -636
514 -524
543 -667
194 -444
706 549
64 -432
-893 565
753 -800
708 -73
-203 962
-184 -651
637 -403
-535 979
912 -704
-6 293
-61 -433
-943 472
236 190
7 671
-330 -362
971 -560
-762 -809
444 648
-335 -862
-28 -415
472 -776
-833 534
734 45
-775 -347
-496 455
762 32
551 722
594 -54
306 -297
416 -227
454 -663
-866 -838
-666 679
388 142
812 346
-27 256
765 -279
708 -254
-414 640
-636 900
657 -954
490 -513
-421 155
485 470
565 606
395 -853
-924 -539
-937 -51
19 939
-920 955
938 -78
557 457
-175 -377
-206 443
161 -222
644 -450
812 -195
-267 -42
979 -261
150 -529
-205 450
214 566
-945 -846
218 680
-442 -753
-424 -14
-52 -688
-795 -631
1000 995
276 679
838 390
-124 259
-701 -246
-796 347
-430 953
-677 19
120 -552
415 922
-643 514
-42 632
869 185
5 282
-307 -819
-744 505
-775 -98
-625 382
-543 960
-436 215
-374 -578
639 -966
406 876
784 -640
193 861
-825 902
757 369
-462 490
-784 -182
-900 -777
-196 505
803 585
735 -90
601 -231
233 86
494 440
70 159
369 573
-5 182
-957 349
277 -9
1 21
-493 -676
-968 -168
-867 -955
-200 -271
-105 -11
6 732
320 -915
-330 500
993 213
-991 612
-896 -690
-83 -290
-983 151
-913 945
-36 -140
702 -962
726 395
129 740
-982 393
683 460
880 -43
926 399
-378 953
920 594
-246 -947
-549 -230
-544 540
168 -484
786 -282
-277 -990
554 -83
-842 -403
770 -69
-599 96
285 -600
403 258
597 -489
321 430
320 649
496 705
265 -934
-668 -26
391 -105
-786 418
878 293
-255 -444
579 996
-42 582
409 -325
-348 798
-160 197
-424 -428
-125 185
-773 877
-759 686
446 -852
-283 -510
751 -262
946 267
-857 571
-317 759
-681 -883
1000 225
-840 28
-194 -239
228 -695
869 560
-703 753
-192 13
-365 -376
395 -545
-93 -374
-922 -189
-318 -385
-939 167
533 -242
288 -259
-965 866
382 -775
-958 153
423 865
358 896
-59 681
-380 -620
-370 829
752 152
-714 892
-136 317
-473 -309
-407 -32
905 -194
965 555
881 455
825 -106
-996 -180
-142 265
260 458
-827 525
268 244
-74 744
565 -209
575 780
-649 622
-255 866
385 33
-849 -116
-93 289
676 -1
186 -286
-944 -938
34 -575
310 579
148 -473
-100 250
-576 -276
-723 105
-582 -444
59 520
-828 273
-578 899
473 918
-31 807
-286 -217
835 930
-896 -297
125 -47
235 332
508 -308
-766 299
72 -133
682 -6
65 -257
154 -925
-512 375
883 689
765 293
-79 844
395 714
-125 -842
556 -488
-979 714
728 810
-953 -167
-727 -88
821 -759
-778 232
420 890
-243 -575
-763 -776
920 -187
-464 -911
-879 95
327 85
375 -727
703 501
607 -395
338 -685
850 979
776 -283
-280 -72
505 314
-518 -720
-99 -196
-530 -938
787 469
842 994
-641 -349
662 184
316 123
-793 555
-441 -633
681 489
762 -223
933 -299
-509 802
875 -540
280 637
371 -835
-21 550
-965 -629
274 168
7 -59
-260 762
214 632
-256 810
-996 204
513 -965
-472 582
-470 235
540 127
-806 652
-820 -386
-100 302
-211 -674
840 886
-539 163
19 599
-887 -469
-316 465
289 -587
-47 665
-220 689
340 -80
-840 683
300 266
-428 863
664 -333
-53 317
825 31
887 -953
-411 968
281 941
753 566
-192 795
530 -198
447 -205
210 71
41 -528
-939 756
-366 877
-627 393
-813 369
423 -875
921 345
635 385
970 420
-336 747
-64 -254
477 -657
749 119
243 -149
-354 -771
191 696
729 -336
-269 67
486 669
-576 -9
-564 -308
-945 119
524 432
690 344
794 376
-986 -331
-334 347
236 377
-704 72
843 718
-561 -63
612 437
-252 748
915 464
637 -136
-297 997
199 379
718 671
-729 -400
-794 916
679 183
-583 238
483 194
531 -820
651 535
51 705
-375 531
872 -572
517 41
319 -778
750 -327
625 -96
-502 -566
-479 -739
-486 564
119 -38
-402 900
522 180
-485 498
-128 -929
-841 535
42 890
497 753
1 716
377 488
163 452
-113 -156
-933 -682
234 224
837 660
513 637
152 -98
-866 777
-203 -390
-768 766
869 -871
655 -116
762 983
-95 -844
-18 217
736 -492
-523 503
-616 634
-606 784
505 335
495 -171
67 667
622 525
-663 -384
-878 914
643 -573
21 -869
-509 -887
-790 4
-751 -625
-920 735
97 585
-914 965
-945 126
-834 987
106 477
-417 315
-685 -786
176 748
405 -213
172 -855
-514 989
964 -278
650 329
-717 942
-171 260
-656 303
-586 -406
670 -947
274 80
-727 -864
462 -460
-987 100
89 -446
-836 602
-157 -506
591 -713
-783 -934
73 693
-791 869
-585 -947
-103 -816
-272 806
709 -184
-2 -238
-227 502
-260 944
4 -440
411 30
-999 505
693 -348
440 243
337 -789
758 598
352 245
-672 -773
-1000 -784
-884 -814
92 -555
252 -542
-970 886
411 -964
-335 -615
-603 -370
396 -420
-949 532
-740 -357
377 194
-888 169
536 -782
234 523
921 883
-577 379
118 545
75 -970
-988 91
-339 -161
713 641
-928 510
811 -360
211 -949
-680 64
937 -194
873 -591
-849 -564
27 -908
-921 688
407 -676
263 557
922 463
-921 -556
495 -139
268 604
918 -452
-569 405
-863 -278
161 -967
-877 739
-475 -512
461 915
-419 939
242 245
-134 -565
-957 209
821 -752
-25 -864
721 -299
677 -336
-743 -398
-879 964
-514 742
-356 -625
-69 511
727 -165
-713 885
5 -13
-86 647
298 -798
959 49
223 70
687 248
-653 -657
-814 -117
156 77
-11 32
-796 -89
900 -494
-888 998
894 -278
222 623
-316 724
419 -505
976 -867
-847 833
-494 -155
-419 782
-838 -437
-574 517
517 -358
-617 -939
-449 900
602 128
298 74
675 479
514 -117
-118 -908
84 856
880 -842
-704 -344
152 710
-468 -110
612 823
-508 -707
845 -730
510 989
654 616
-254 -671
-151 63
-756 -801
965 579
36 754
356 -580
-77 882
727 759
314 861
-507 -197
976 613
503 675
-880 165
536 -782
419 -472
465 792
737 492
-829 -290
-761 55
174 -223
-607 -780
-627 513
-14 101
-345 284
-242 157
504 -31
918 619
190 -858
76 120
-665 -167
-278 -297
597 129
-171 -300
299 -194
-833 337
513 -975
524 -608
650 -522
876 52
-305 -286
-335 978
-999 -995
-871 744
81 -901
-538 531
807 136
907 563
187 -404
334 -616
304 102
665 153
348 -843
-638 689
-804 -883
881 779
-806 -732
518 -619
-717 321
-250 747
661 -239
176 -186
-622 56
499 722
532 883
948 -980
733 -845
545 -567
-686 432
-687 582
-896 423
500 805
390 750
-579 682
-777 -119
329 -172
-979 -511
115 -89
-181 245
171 866
855 801
-935 -609
-249 -23
956 39
30 -420
-446 339
418 -919
830 520
207 856
837 -473
713 -608
-432 -493
-44 -726
-355 24
-635 -326
-838 637
427 177
-597 836
-268 -46
-80 764
-862 -584
800 -2
-205 -747
-909 -255
735 716
791 -643
62 -481
581 629
952 650
-808 802
-219 -295
-575 -636
708 998
-268 837
-386 -972
597 627
119 552
943 -152
-368 -699
792 -238
44 -421
470 626
-335 -780
986 675
-614 -467
34 -283
-697 603
-348 371
385 13
-435 -500
740 -194
-86 368
-108 687
48 143
344 14
-201 -474
188 288
603 -983
-820 -263
-519 -364
-981 -878
536 -769
-577 111
-898 -264
-860 984
422 967
-85 -608
547 -268
-181 -490
334 -360
639 -770
815 -975
-974 992
-876 -42
-596 -222
-547 -585
163 -902
-500 -435
-275 -115
608 -381
-143 -236
146 961
-486 960
-860 -908
-186 188
396 961
-806 -799
-367 143
-966 787
821 -929
-16 -708
443 270
235 -250
-403 882
-507 -137
661 -393
-574 881
735 492
-224 -775
-640 -604
-969 -774
133 552
646 -430
-784 275
636 397
-145 787
-579 -265
-268 -835
57 664
-826 -186
-746 -746
336 237
398 311
40 751
743 139
231 858
-581 771
-548 -285
320 -196
-273 -55
3 16
-579 -578
-250 -55
384 -60
-789 882
205 578
-873 422
-49 635
-678 114
-334 -852
-569 -238
610 -905
318 484
-999 543
657 -212
138 758
895 546
-868 -712
763 -563
806 473
-447 841
710 -946
-566 381
52 -35
19 141
-76 -172
-813 33
-543 -216
-411 846
-674 -929
861 -834
914 532
-389 -474
960 832
-165 20
-220 -375
468 117
194 -698
497 309
736 460
138 -31
-553 307
739 -576
583 888
746 -949
-83 -227
-482 674
167 -875
315 -583
-517 -244
546 -675
919 339
723 -715
595 39
520 102
549 -943
-370 146
446 1000
-722 -348
768 281
948 -438
90 684
-462 -804
-732 540
-784 -600
-298 -628
-289 673
257 994
-552 -243
-346 711
240 759
-442 -687
-655 720
396 -103
35 -957
-254 764
948 -822
104 -293
-336 -457
-765 976
86 401
-904 497
-45 914
139 -676
122 -890
972 -58
486 -47
788 -96
-458 865
-913 351
390 -94
632 834
-455 -355
431 316
223 -778
-929 575
273 883
139 -3
-768 -279
-963 -190
-39 995
-520 278
-572 796
100 -882
680 521
69 318
-678 836
846 -767
-181 254
-236 259
-212 -206
-9 -872
561 -643
-173 -34
-475 814
737 493
-526 -470
-753 -243
520 -1
392 -705
-959 -894
690 192
857 316
-419 -733
-756 787
-377 88
-889 740
-419 949
740 -551
967 103
-984 -541
788 637
62 702
246 -717
-176 180
-138 -84
-775 472
-196 -579
864 -926
96 906
-550 -582
455 976
-450 911
24 417
-122 -476
-934 997
529 174
-823 528
455 959
852 379
312 872
554 -307
824 356
879 -581
992 239
-261 -728
-617 183
-232 -980
-130 961
-180 -901
752 145
333 -574
-8 -862
363 50
-791 -616
808 -620
497 -514
656 768
-658 -506
56 -177
937 639
-832 815
719 -563
-817 -530
247 -833
-993 552
563 399
41 891
201 -306
-923 -893
645 460
-731 889
-846 847
-681 800
646 398
-487 485
-315 153
-18 209
570 206
457 -278
642 332
-584 -552
732 -833
-622 -678
462 -604
49 80
-39 -927
-42 840
-113 -338
930 963
923 -483
111 -354
551 -393
501 -20
968 -721
29 -18
-923 543
48 -612
517 824
-438 -946
-249 273
661 65
252 -412
-888 911
-933 -201
581 -648
160 -346
267 803
538 721
-837 356
329 466
891 905
-599 -921
-293 567
-735 -761
-984 605
-60 413
-768 301
372 -883
17 -945
-914 -922
-413 -236
975 525
907 -203
-357 -246
604 284
-876 776
-990 732
-769 -976
-462 -822
292 -70
-986 -269
26 781
-204 -319
-890 350
722 578
954 296
247 96
-252 560
605 -897
-899 332
781 -445
147 -624
-662 -113
-897 -652
-921 939
-399 449
592 304
-672 -150
331 196
287 466
-301 -901
398 -545
-436 -358
-126 -202
-491 -342
682 348
745 -709
-179 -550
-278 -157
711 49
-599 -729
-777 817
77 -967
483 796
-853 -523
794 -930
-109 -304
73 -68
-63 -526
553 -932
-118 438
853 349
-322 986
-484 216
230 81
402 476
-446 115
511 347
657 -533
968 -473
36 687
-911 319
113 543
967 -442
-372 -841
854 -729
-69 -31
-907 -323
-612 -179
452 -225
178 -845
596 -705
-100 21
-300 -495
990 -869
416 624
548 -360
749 -433
448 41
-144 697
535 -808
-713 -635
-209 -533
-614 226
-909 -171
-731 151
741 -838
723 490
-802 587
365 -781
-386 595
769 -530
-433 315
-546 670
320 120
445 -506
74 877
280 -259
436 -370
380 980
-174 -602
-260 822
936 -618
622 79
903 376
-796 -805
-142 -866
-554 460
-513 -545
683 365
-833 994
-853 -294
725 -644
620 703
-479 769
467 269
314 794
-219 -468
414 334
-442 808
-932 25
757 339
243 796
184 97
802 -135
56 32
-999 816
-688 193
-419 117
-839 -386
88 466
75 781
-706 35
-475 499
-449 151
236 -889
-472 961
766 962
429 463
178 -788
-999 312
435 352
-698 808
176 761
728 -446
-786 611
200 90
916 -659
-562 -729
20 743
-623 -939
505 -76
573 879
-398 -130
397 383
-984 858
311 -371
-350 -305
787 -334
-171 433
549 -78
-143 398
-642 699
-582 -588
-247 974
775 773
-106 833
854 587
-391 -492
-445 804
-103 851
-16 969
-515 -665
496 303
197 -333
-137 -417
-996 338
12 -184
313 -173
629 -642
-59 -239
-811 -310
874 -836
-584 -998
174 367
814 687
-604 -430
284 -17
874 -388
-536 -29
623 -551
950 -24
-35 264
-699 260
632 84
-918 697
828 -610
488 781
-396 -443
-946 -931
-867 -739
-329 524
-482 553
-773 185
-438 -538
155 994
-657 553
629 -315
-644 414
348 -566
603 342
682 607
-583 -40
648 130
638 -950
-203 934
-878 -511
992 -913
932 296
-554 -966
-195 199
-718 -160
334 -842
-375 -439
-497 996
869 -905
808 776
-591 974
-278 -568
125 -224
-249 -884
-952 778
-898 303
615 -522
754 202
232 -72
184 -606
-586 -388
-531 -550
127 -816
255 -363
-746 -198
947 -316
891 -658
941 608
652 -31
-534 -604
-56 749
530 119
92 -447
260 312
283 440
-583 635
594 198
-95 892
821 106
-547 697
371 -127
-259 396
822 -983
-549 -148
-509 -516
-614 246
-513 -881
360 -789
-140 -946
714 -472
838 398
-149 -728
364 -223
953 63
-306 415
193 46
-762 -416
-955 826
-158 983
440 190
-335 989
516 197
286 -228
117 -412
700 157
-571 284
-271 -294
-448 -586
-438 -946
234 723
255 -95
-32 -384
-249 543
466 -154
-957 -631
-195 632
910 835
-330 -602
-293 -535
-466 530
-904 739
393 -478
90 -639
-646 -744
391 637
-549 -176
-605 372
659 -325
-116 249
72 562
146 -301
-516 244
120 -930
-225 -190
-57 -855
5 -255
348 -48
-834 -162
-191 902
231 348
-314 208
-35 160
-663 -262
-550 827
-589 -116
-939 959
13 -296
211 -781
-1000 -870
-221 -734
-508 -49
796 684
-528 947
87 -418
391 820
315 757
533 -320
-832 656
469 537
-706 599
428 382
60 -748
-106 29
-239 449
-823 -219
-416 -689
2 677
-686 342
-856 533
862 45
742 -731
34 949
391 19
-958 724
-601 -29
269 365
-95 -38
905 -883
-697 453
-988 -207
-676 25
-632 -568
-897 -325
-791 839
234 -530
-408 -607
631 602
-545 -116
174 -785
-483 -622
-243 988
-376 896
973 311
-898 -919
567 328
452 -887
-191 284
207 883
-939 -798
159 788
-451 26
-96 448
-673 -523
203 -549
-237 -840
357 934
-865 -862
-378 420
-905 -902
-109 -401
888 -177
-989 -201
785 61
904 -713
846 -767
399 -218
683 -214
579 91
-167 563
510 798
-356 -430
-813 900
115 882
782 -790
998 -861
964 -30
-553 -213
819 354
-606 -369
-294 -977
-433 325
-187 999
96 118
134 -932
98 907
947 139
111 119
301 -93
275 479
-706 655
-938 823
629 -679
239 806
411 325
-856 -498
423 -858
423 465
716 -427
-730 -816
-409 -643
962 -626
128 -761
831 -261
-266 -79
740 131
390 -456
353 684
923 -393
727 -561
-270 64
-235 -610
-79 983
-676 -474
176 200
713 235
-709 -879
-397 -797
-152 297
-85 398
23 -503
-326 -131
-291 780
866 820
-95 -288
217 716
-750 795
683 396
-735 718
-943 938
801 433
840 -950
34 -254
72 -241
614 -494
875 -56
635 -380
445 390
964 68
-926 -326
224 567
-756 339
-988 257
651 -81
327 857
-24 230
-158 723
879 -607
437 116
-944 -477
649 99
-947 515
-521 -916
85 659
-143 -914
391 821
566 329
-644 249
-217 682
945 217
235 305
511 291
-824 645
861 -222
-642 -817
318 -970
-526 11
-540 500
-128 288
-470 -148
925 -978
-988 499
-140 954
857 911
307 -126
448 809
-680 88
-473 -764
308 779
-723 986
-688 78
-261 -973
-64 754
-905 563
939 -219
103 -885
-866 78
-314 -674
-820 -49
710 314
-443 -678
-368 -294
363 -798
821 -355
6 158
833 -746
7 390
-636 288
-97 -935
-568 906
-436 -29
-852 744
-547 162
-1 603
209 -535
642 865
-505 -476
-705 -388
820 615
-537 -874
515 27
-995 463
-584 947
-511 -597
-298 -127
-790 -162
-683 692
971 547
225 552
790 463
-215 102
-174 637
889 -671
-363 496
-381 -644
-447 -918
145 -193
927 -460
138 835
-475 -581
357 -690
-809 -206
-989 -524
-333 783
29 -833
-527 -430
-490 145
-971 424
27 769
434 -520
41 822
-979 674
-221 -358
-608 822
-492 348
90 -26
-62 571
340 -297
-92 -606
832 390
86 822
-328 957
750 806
263 76
317 850
283 -410
-893 298
974 482
-896 625
736 -46
-450 -597
564 245
-525 -563
-167 -873
531 362
-353 225
-945 -140
-356 119
133 641
124 943
978 51
-145 -735
862 -831
725 -153
820 846
278 857
757 -884
129 -513
731 563
-827 920
-490 -478
-7 -634
-951 -162
-219 -189
587 -430
-906 -180
-132 -412
724 57
-64 -679
-715 -452
-179 -989
-19 -119
-714 464
-255 811
521 468
917 553
152 -513
196 356
550 863
-876 -86
544 -944
876 915
-356 400
-199 183
-66 -170
-428 -434
-125 942
155 -933
216 -939
-102 -102
429 985
869 -359
89 -534
-491 66
-998 97
-855 -727
-172 -782
-336 -390
967 -473
370 141
-772 977
-940 436
628 -984
-413 -233
469 -985
137 -100
-559 -607
-243 -21
535 -803
798 -524
-789 694
249 -483
643 -943
-977 201
995 -995
-561 542
455 222
-149 778
-585 444
-471 5
-774 -672
-828 -762
-20 96
265 495
690 -949
514 -669
109 671
884 -177
-7 -378
-763 564
-627 870
275 -249
986 -420
-867 515
-829 -813
-591 433
-916 498
757 774
-957 829
961 792
-247 825
-240 -328
824 283
279 500
-784 472
48 227
139 941
-96 -907
543 -419
49 -135
-456 263
547 702
-617 -160
968 439
-946 386
713 523
108 -576
-792 -307
367 270
418 -740
-397 558
-307 -459
891 865
974 -330
936 639
305 -737
97 -646
466 27
665 118
304 -969
700 -238
836 -903
259 -108
-133 208
355 -630
-2 992
819 465
530 764
-930 159
-30 -422
83 644
-447 -152
-6 857
-512 246
-356 119
867 156
-328 465
-364 886
554 -662
-231 -194
983 -363
604 755
-273 920
342 -998
931 966
-987 -10
896 -556
-178 978
-211 -198
701 39
821 514
774 523
589 959
173 -58
814 364
-250 -33
823 534
96 833
834 976
546 441
301 187
-651 -631
353 -553
291 -26
749 -898
-748 -230
560 615
-306 -401
860 797
-533 324
955 -228
473 -425
195 -696
-191 2
411 -727
688 -444
-974 325
-79 -223
-44 -761
562 -680
627 361
-783 -53
-473 497
-728 -990
239 53
-123 -735
586 247
-882 86
-600 378
319 506
-925 -70
-312 -308
612 191
474 212
766 165
599 830
-694 -883
668 167
-470 168
-732 -209
136 264
141 109
-701 -60
-183 -386
-625 -987
649 -778
-334 197
351 -462
90 944
-244 291
988 623
-912 -125
777 -520
-906 -655
-364 -571
-10 513
-995 193
-230 942
12 587
282 935
-19 -512
-672 -946
-267 367
-121 -598
-10 -3
-839 -189
298 -50
-888 0
650 -954
615 -573
211 -877
520 -90
810 -284
-708 664
371 -443
-234 -201
611 -331
33 -48
-687 518
-925 -868
-861 330
-125 860
179 -356
-340 -711
-431 402
329 913
-225 945
141 965
-492 -540
93 -459
-345 -97
976 -783
551 -43
-142 -391
-932 851
837 -403
670 820
517 338
775 493
876 -72
-663 718
-414 800
885 41
-220 730
832 -482
-857 -469
-935 713
931 -871
-109 679
-523 -108
90 -669
-356 859
1000 303
925 111
-12 556
466 179
95 111
-642 -861
868 414
-111 -36
-245 -951
-548 -635
315 577
228 901
727 931
-790 318
323 910
92 46
-535 834
-931 273
358 -278
-608 -860
829 -116
-477 -650
-938 -670
765 -318
733 27
882 -611
-228 -464
-931 710
756 -564
-572 -54
513 -899
999 515
-548 264
747 785
65 -115
334 -58
815 497
100 -317
-39 -643
485 -100
-645 -869
296 210
963 -908
524 709
-922 -147
-573 35
-134 -389
547 862
243 474
-419 567
-674 37
-12 754
-792 357
111 144
525 774
-645 -764
-83 -928
-985 -987
339 289
-111 664
-385 -499
586 286
395 538
-717 362
34 -524
-22 507
-577 -9
207 -152
681 -832
50 841
-807 807
283 -677
-166 -430
-796 130
465 637
487 -354
344 -967
527 864
-998 -517
-206 995
-43 755
-769 -395
870 713
109 12
682 366
411 874
160 618
-541 -940
-450 -950
184 -506
-753 -157
-381 108
-852 812
-728 837
715 406
819 -47
-223 216
-417 228
-404 302
-820 573
763 538
637 -96
908 -317
-924 -744
159 -688
-422 -360
-181 -14
826 -396
95 319
-22 345
-81 570
792 -155
842 -603
-743 765
86 -378
781 378
-35 -180
674 563
-153 959
-191 -344
-105 -948
-809 20
-254 -268
-838 -917
-307 231
-539 795
42 -276
-85 -52
771 977
-961 871
-980 -103
817 -543
211 -710
290 584
578 59
965 715
10 -102
-888 -4
853 516
931 -104
-131 697
337 943
524 2
478 719
977 -683
-445 -951
501 327
925 199
876 -400
-571 -473
-91 -158
257 -805
-310 380
367 800
-276 -686
-475 -345
225 803
-948 20
61 98
-688 -351
-20 711
157 483
123 807
510 993
375 -633
-85 542
732 -130
-484 -66
-97 117
-375 -960
-373 -309
-679 -745
-474 -975
-550 -793
-724 -479
-688 146
996 741
-352 333
851 879
-870 689
-909 974
641 273
-888 616
647 -172
711 -804
269 -17
127 870
-365 -7
385 -792
592 385
786 599
-707 140
-608 -35
-796 184
-340 430
497 -286
704 291
252 733
-524 -4
828 -671
491 -757
-814 -478
577 -89
-467 767
-884 -827
-14 964
710 -299
-697 632
-104 896
-258 -606
147 -7
-208 -298
-270 -58
483 -55
-624 619
-165 -769
713 655
-912 -273
-172 -681
710 -479
-466 -655
126 740
-674 -453
974 -929
-519 331
-640 -916
-950 159
907 218
-444 628
887 -880
304 821
806 -616
-166 508
240 462
-217 -69
-106 622
-130 541
200 919
-201 -337
-103 -73
916 329
219 -650
950 -644
-419 88
-261 -48
1 -573
-288 507
-605 -355
123 367
921 47
-956 -487
840 -276
-369 722
465 331
831 -233
68 293
-665 644
916 -706
-370 -906
-908 264
-359 223
-327 809
-835 908
801 -525
-622 -802
591 640
-302 752
131 490
-110 -620
61 -144
-97 507
-380 -68
-435 121
644 -986
-473 117
-829 457
399 -794
-453 389
168 -412
-960 887
-438 -199
-469 -973
-859 113
25 -585
-528 146
-153 589
-729 111
-735 -399
-326 -391
-317 357
112 396
361 212
-563 687
828 -530
822 86
513 -558
-562 357
287 -150
-154 38
-52 178
428 382
-999 -694
695 512
11 -789
-527 -984
-326 489
562 -853
736 -977
-856 -836
858 -112
995 711
605 -689
-672 712
508 923
-151 -184
-25 -941
907 469
-448 -906
686 44
-459 733
-465 -772
-326 -764
512 833
728 -307
-502 380
373 39
-183 -860
-202 755
975 191
-205 659
686 206
-143 -786
-242 -78
180 199
-692 985
169 -227
-528 140
624 509
-59 -377
296 374
-148 18
-933 -350
-284 935
396 -42
-97 -882
193 357
-646 -621
-604 695
371 482
732 814
-180 -60
868 974
449 924
373 744
799 -525
-281 -797
690 358
37 180
-195 -151
126 -278
-161 -589
898 84
-609 605
696 -27
233 -440
-571 -763
-550 -38
-887 -771
480 -626
-523 61
-518 439
401 -35
603 246
-490 440
926 -535
558 671
-815 82
478 487
-141 802
-430 884
923 448
-320 147
-344 -677
-619 -889
-570 -737
69 819
-403 800
690 665
-587 -996
503 -908
35 711
-304 -161
672 -383
-987 831
444 791
253 589
-177 -950
676 605
754 388
125 -353
491 -100
716 -500
-639 -354
285 971
839 -349
-537 -724
415 -656
245 871
947 -668
-590 211
525 797
-140 -729
-423 314
-17 -286
-988 742
-695 602
-443 525
474 -894
-284 -811
169 -851
-798 -945
115 240
-126 -461
-736 343
-898 199
-631 256
-204 -845
687 -474
-218 -489
-56 -682
-833 752
508 547
319 -286
-6 42
-639 -888
493 578
328 772
984 32
-795 -890
-57 -883
-532 -808
-934 -922
286 -255
406 -364
-663 -498
-73 -86
984 -374
168 474
585 162
522 -322
5 121
679 822
681 -798
-607 -440
-801 -416
-162 826
383 -556
-275 -191
-726 -124
91 -17
-256 327
-826 -185
201 703
37 -926
-822 -269
-89 349
516 629
-613 679
383 433
45 -582
602 -288
-849 257
-514 -284
-241 -380
373 411
-841 -536
329 822
605 464
-615 -459
716 1000
-351 -771
-540 -832
-340 29
-176 -907
985 -865
-217 433
-410 -129
779 -504
-100 -306
752 -687
645 -932
925 553
-979 962
-444 242
-357 -658
-1000 16
-326 -75
-134 -929
38 -93
-49 -352
-19 -216
-226 462
35 199
-912 252
187 306
481 55
-345 -508
-90 864
-230 145
-488 822
82 -738
637 -26
-293 371
-957 -415
-180 -800
-536 -683
186 -616
-514 352
-601 851
-999 -355
-236 -104
-451 816
4 386
-747 -106
558 722
-17 -301
-83 -205
995 -70
-601 -120
773 -743
-701 99
596 37
-1000 -190
-643 -949
-772 -361
-710 -750
-770 584
339 595
-866 -482
-970 -566
-17 582
-379 -432
433 864
168 -439
-341 356
435 656
37 -106
593 20
892 868
21 188
-970 756
-996 -750
615 994
73 -73
-354 -436
265 934
474 821
-945 678
431 195
-363 -580
639 15
548 854
539 -757
-748 2
-790 -990
-483 -682
819 938
-410 388
-339 -372
519 -560
548 -806
417 571
709 -352
646 -341
-607 -173
-519 883
-933 508
480 -257
145 711
114 380
-817 38
678 -317
-810 270
-54 831
962 -762
-869 289
-257 973
-456 -29
-484 13
-873 166
-518 -226
-968 39
-34 -9
876 476
-502 683
-552 -122
77 667
242 -309
247 638
-374 570
-388 819
230 -537
305 -458
767 980
533 509
-673 -657
-782 -802
-103 -27
-96 897
508 -329
985 869
835 -855
567 -618
26 915
27 -934
-642 270
150 -743
-389 -712
-32 -914
-677 -644
-863 710
758 -772
-596 623
176 -643
166 -724
-811 1000
198 23
-152 832
935 284
121 -339
-48 -725
570 125
343 975
314 -855
593 25
-484 -35
-59 -485
501 -26
-789 -857
923 380
403 -389
-37 552
-818 159
990 -25
-313 390
-360 419
193 132
97 -180
827 793
-916 976
-797 -493
674 287
810 343
-938 -615
191 -835
-620 700
-258 -862
-742 -932
475 351
609 908
75 -240
-456 47
-376 465
-244 956
848 -139
-8 -795
-133 410
-496 100
726 -388
-482 -101
93 -562
217 657
-652 -967
-893 54
-402 -654
-194 92
-293 -754
-96 -250
173 -692
747 704
48 614
-858 953
896 923
-121 971
378 -671
-617 874
-235 -791
-861 -654
-527 -674
684 -817
154 943
881 -757
570 746
-289 -34
-731 757
-990 -71
-72 779
567 -637
420 359
137 414
590 -770
-284 874
-667 -992
348 643
423 117
-534 490
-902 798
-446 981
-724 16
329 -396
92 -343
695 -35
-811 689
487 386
659 808
742 -504
237 -13
-919 -125
-373 201
943 85
379 917
-706 834
-355 -811
935 -401
76 780
-954 -864
-576 813
-43 -248
-74 -439
718 -234
41 -621
-257 -516
318 -972
-385 -451
-282 -933
-222 -605
-625 -178
-911 692
-747 -79
-716 446
-665 980
-14 -319
161 419
772 -853
407 338
-509 905
-526 -234
676 -302
565 90
-165 -876
-933 316
302 -147
727 725
-461 114
316 111
985 -51
-670 712
-66 777
678 852
-207 -738
-904 531
830 61
-98 996
453 389
-52 -546
-435 -51
-764 -629
-133 -225
-333 67
-45 110
92 -849
609 442
357 -767
-938 730
-402 897
281 401
-435 409
-562 454
334 -353
-286 559
-770 301
745 417
816 -466
787 324
104 -934
929 323
761 450
685 742
764 195
570 267
-582 -578
314 -233
-694 93
-8 137
-137 593
861 -645
-265 368
933 -573
-561 -157
737 -595
-573 383
-208 600
-495 -709
587 317
558 810
856 -305
-696 -292
499 -702
643 184
-440 -857
-671 571
-698 -975
-992 -161
701 537
277 181
-195 612
-243 887
-450 28
305 89
-734 413
-513 -17
-708 -38
-993 645
382 254
-614 -201
-173 359
885 639
-659 531
621 375
414 -964
429 -147
-121 433
656 -597
658 -646
-169 970
-18 -223
263 -935
-131 631
111 -244
393 -698
-638 -993
710 -69
-633 514
-185 184
519 211
-907 967
-772 180
-831 -863
-902 -739
592 259
627 -547
-707 511
-526 114
22 -799
549 -451
-247 -317
-329 -905
777 -285
214 -4
348 881
-605 538
-209 -183
-322 -562
961 -653
943 744
-212 -920
343 -824
-281 -754
-722 -752
763 780
362 193
623 -677
146 -515
-917 -840
-499 710
-156 -717
218 576
85 -266
781 700
735 302
-785 27
996 -390
-829 109
-876 347
918 523
-70 271
-985 -975
666 -86
945 -105
-546 275
-285 -412
398 654
675 -801
872 808
-448 995
542 -511
-371 327
-650 122
-918 48
-575 -366
-530 -388
115 -601
495 -223
-318 -345
-476 88
-137 264
415 240
3 672
-885 58
-26 354
-129 652
294 -932
521 -885
750 -988
475 501
-869 -769
650 517
967 495
253 -98
720 739
-207 -180
-356 521
610 198
392 583
-463 -169
663 -15
-607 -5
150 264
929 -918
-576 -259
-777 -72
-683 509
776 -659
87 -742
-579 94
993 -814
756 815
270 -737
-602 599
741 648
-131 675
716 -141
328 -132
821 704
999 916
385 64
281 184
608 627
856 -88
-849 238
-887 229
-533 627
-221 -560
-854 43
522 608
-34 -772
121 -878
-356 -843
626 76
833 -746
-507 340
-520 259
372 217
924 -349
441 571
-129 -67
232 -90
553 -697
-505 792
403 -985
-496 787
-385 -544
155 107
637 799
595 -454
-952 -986
117 -823
179 -467
-94 727
-643 976
399 -259
722 -595
-288 577
-345 -168
-798 -225
-507 -867
9 159
577 -111
-246 -16
-964 831
-259 768
-519 482
392 732
326 93
-994 175
408 480
44 -334
-932 -506
-960 -930
317 967
255 -620
798 -846
979 146
-89 397
-849 472
173 -891
-566 -560
528 568
950 405
125 334
-668 -31
759 980
702 145
-362 -841
-306 -810
-163 -631
-638 401
-932 -354
66 142
156 -619
-980 -659
-378 -776
155 616
643 -732
10 134
872 -755
-440 -245
-406 -438
160 508
645 -301
-379 -944
28 922
114 917
-923 -105
85 503
-566 94
788 -436
460 865
-321 -474
-721 -808
-961 -587
-291 -422
-26 218
551 -6
983 -399
381 897
93 -176
-887 -707
927 469
-536 -906
564 298
-174 -911
249 -785
237 718
-746 621
550 -684
922 581
-612 475
-355 294
-404 506
-653 439
-499 925
-881 954
-956 -238
352 -683
322 998
-895 -195
995 944
-859 160
-845 117
-955 -425
162 -189
-635 347
211 655
-930 -397
93 284
411 -795
-815 718
752 -287
709 -53
-159 -644
844 39
-601 759
-840 -128
-214 727
172 -846
493 646
-888 -33
-334 -230
-367 472
-185 740
619 864
550 789
80 767
439 -657
-54 154
-669 751
-911 898
935 991
890 672
700 928
393 608
475 -253
-80 311
668 -756
774 365
-13 -247
969 -944
-939 317
218 -110
981 140
-879 -285
-814 233
-497 122
-335 353
364 -232
-264 899
-453 -1
-561 809
428 243
608 729
105 -812
-629 -891
-444 -636
11 892
689 -763
-682 -543
540 773
-931 -243
-750 -73
-759 287
963 -7
-527 617
784 350
-299 56
-865 616
-280 304
-324 519
-672 925
920 203
-699 233
788 501
13 -740
255 -925
-202 313
-951 -295
537 -609
-329 48
648 -987
-228 -630
918 616
-308 22
-736 -10
920 -552
-170 393
-636 -112
72 -973
426 170
25 745
-895 11
122 706
66 -768
108 -291
810 -779
-196 341
-549 265
81 42
-651 -783
493 314
-568 357
-911 -132
-129 -383
665 39
699 827
-724 482
-796 -136
-46 786
-188 161
-832 -165
-403 773
-612 343
100 461
-254 -743
-721 575
-261 659
75 953
-405 836
448 163
25 918
453 380
-133 -3
-612 25
-5 319
516 69
147 -61
748 218
-824 -954
913 457
678 -40
-105 528
899 -260
75 122
887 -586
874 336
-621 -860
166 949
715 54
722 45
737 -685
884 347
399 243
-307 -884
808 172
813 -485
-469 -60
-645 -48
442 -298
74 427
579 545
-12 948
-110 501
963 232
-140 -763
-175 456
173 175
-53 280
-294 287
-770 -16
-733 287
-855 -222
-286 -693
-622 -573
-430 -562
-644 -789
598 -465
566 105
238 -676
34 403
-857 -138
-613 -922
-457 -96
-273 -317
274 863
313 196
-535 763
223 -553
-725 -656
134 -488
933 -569
-624 -166
84 -821
-885 -670
-236 89
310 916
-634 -925
-166 322
996 475
906 292
451 -595
-604 864
587 10
528 342
-691 82
923 -442
523 873
-421 703
707 81
-307 540
450 -648
155 -788
-59 725
859 549
-546 -532
725 -828
972 298
-350 897
-976 2
905 702
158 -527
-782 73
295 32
660 592
-610 767
188 -106
698 -764
-918 -397
-889 -305
-119 -439
-472 -765
795 960
-520 838
-725 411
-780 848
-206 -90
310 5
707 884
562 111
80 421
-388 559
-138 496
975 -863
43 78
756 -977
-591 -548
708 -182
-899 -79
387 794
-876 699
-177 202
299 -201
-991 785
802 -8
-396 953
-91 -80
-327 -968
80 195
661 -326
254 470
-905 -550
-310 -852
166 -23
-172 379
19 404
-45 -187
890 -296
977 666
-580 -353
720 -56
-701 954
164 815
704 88
3 587
-300 -618
-360 -51
-410 -250
771 959
774 119
-291 -898
-594 684
757 -620
-672 282
-366 666
485 677
787 -963
640 905
-723 -340
-896 520
197 -325
-217 -130
115 91
746 -803
824 -979
-359 -732
434 -994
-815 -48
678 -938
860 933
-61 -695
378 -172
918 698
-464 951
103 -688
917 22
-180 -946
-586 -697
917 -431
120 -371
-714 546
76 -185
864 88
775 131
823 528
761 807
-452 302
-205 -669
-359 -569
68 923
-547 135
-297 -488
590 248
14 -841
-910 -624
-81 94
-716 658
-220 229
19 -558
447 406
156 848
-432 782
170 -741
705 -300
205 -84
-419 853
217 312
-741 -607
-405 222
740 88
-802 -620
-837 -360
749 -696
130 -207
-194 -656
-418 -867
-506 940
335 834
276 721
651 -164
-575 195
74 -488
-544 565
845 681
734 -845
812 838
-910 263
-817 110
732 -231
-579 -637
-166 -855
-931 -48
594 -264
690 899
-444 -444
-563 -267
613 -505
-216 556
41 -338
742 873
-100 861
-986 822
-113 473
461 -475
343 -502
-804 401
-360 -183
-886 -593
707 540
429 -583
212 -414
-107 -13
243 349
489 -234
321 -488
293 -95
-562 187
-575 67
586 -474
-457 651
-919 -178
-628 -448
283 189
-249 -211
-700 -476
592 351
-519 -825
582 -618
601 957
-909 -540
-432 869
-556 -222
-873 -614
498 282
-837 -68
473 -349
-970 833
-975 -825
661 368
-503 690
-328 993
458 844
896 902
-186 800
617 -571
435 -485
509 -220
-56 931
-918 685
-619 -240
-561 937
630 -488
-797 388
-555 -907
487 377
680 297
-526 -870
-710 -423
100 634
4 677
-525 160
544 140
-607 -605
792 808
-930 -802
-745 842
582 -928
642 -958
-560 559
974 -740
-892 226
-243 -500
-767 978
261 -20
409 -347
990 -749
9 -354
523 507
149 648
68 543
-602 983
-360 58
-230 293
865 -165
-821 654
-298 576
708 119
918 -893
-792 -521
-118 -660
67 211
314 -229
961 -953
-910 -905
-752 172
797 -42
-866 898
694 469
810 227
-520 -674
-313 -932
212 -911
-798 751
-851 971
449 18
-839 881
93 672
489 284
-726 -570
483 -791
597 -343
548 -547
999 3
881 -968
-23 -342
-716 716
-80 -193
-44 663
789 -189
-491 930
711 464
698 888
456 -959
-539 -15
-402 817
942 -339
-858 303
-257 430
-807 864
470 831
-329 606
-18 476
620 -595
720 379
828 856
430 942
187 873
-876 -442
106 -209
637 -455
882 -657
385 -501
-335 605
-298 -256
309 -403
-297 -100
833 731
785 -546
310 -502
951 877
-264 -372
208 -900
-777 -578
647 -539
-305 928
733 -768
440 212
158 842
915 -762
-110 -699
350 721
164 418
-549 -381
123 889
265 955
452 -436
-835 310
-783 851
296 397
769 -758
395 944
-449 -480
726 -504
187 -687
-651 77
85 -47
513 185
507 484
87 640
-277 -617
-38 122
754 245
558 -659
179 -27
-339 128
-415 -985
901 -862
793 415
-804 346
965 -163
204 -244
999 449
762 214
898 -293
-728 365
341 410
-968 -806
-554 351
-285 20
334 -597
544 -648
-712 -651
-442 143
-573 -837
31 843
464 -276
-474 918
666 -168
-75 40
615 -61
503 697
-371 320
-738 205
-449 -849
-989 -479
70 -254
219 88
614 534
452 -42
925 -568
-756 -872
654 177
499 -121
433 484
633 522
478 -577
-433 309
-818 -215
-706 -648
358 -938
860 514
598 147
-399 345
415 485
892 -697
987 250
26 -208
573 981
-607 -310
-478 88
253 438
136 -798
-637 -308
-359 92
-584 -519
-385 -338
514 730
-663 -532
-305 988
331 726
-135 -909
-955 808
-874 199
-27 -49
-446 -812
-525 -353
-847 -852
333 782
-38 -751
-813 -104
-404 729
-464 -889
355 817
-591 -31
40 511
934 585
-35 496
-88 770
251 -150
-517 674
311 84
796 303
-720 -495
687 594
647 -815
-876 721
-105 823
552 328
115 -863
-484 -348
-216 -59
987 -25
-394 996
73 -750
127 954
864 98
838 957
661 -316
69 365
249 394
714 -60
-526 984
-614 -571
807 957
-245 -172
-803 127
-1 -225
-710 -370
275 279
-716 -192
417 -502
680 723
707 -21
881 403
679 299
-780 636
-714 821
768 -154
447 -614
-810 476
-702 954
-360 -883
-807 -975
-352 767
622 152
394 -143
1000 888
-161 -653
-71 155
-425 889
136 -527
-271 87
850 -649
-423 -111
-650 214
436 302
-856 482
470 -321
-470 86
403 141
-137 143
-331 49
660 892
-237 276
-771 -556
381 811
-129 797
-364 395
-903 346
496 -413
712 -417
-734 702
-264 789
-88 514
269 -24
20 715
599 9
-153 -182
-937 -987
-841 -574
447 -623
-802 -396
299 -569
-422 -875
-983 982
-623 -767
-404 -537
607 -75
171 978
-106 526
-795 748
967 585
576 743
-64 -836
-951 117
278 653
36 472
787 -422
969 -717
102 -685
978 -356
-895 -278
-674 -414
-307 835
861 -942
246 -883
190 -318
-662 -608
-980 -676
-894 -500
-988 -975
450 -876
-627 835
97 -295
997 428
-747 604
-179 148
671 778
-723 525
556 723
-556 -275
318 226
-953 798
-470 -572
-379 -659
66 947
853 -972
272 936
-214 -108
-198 -982
-226 702
-272 -533
-71 -422
231 -866
775 -847
6 352
800 -647
-88 331
713 722
-261 -564
874 -715
-289 -264
299 685
667 439
-422 100
-6 -336
761 138
745 437
-422 136
-858 -718
-212 -234
252 -842
96 990
567 220
977 632
969 -231
-615 120
733 121
-62 -551
-474 -820
-866 -627
770 971
562 966
-876 579
-469 -552
346 966
729 852
-202 -459
177 -388
999 -463
392 921
553 288
889 -104
-226 -604
122 -855
-230 -172
-985 901
59 -13
-761 -167
516 434
584 478
740 217
354 984
931 -668
-838 70
-591 329
-635 -121
-893 260
565 439
829 -390
382 180
-480 -583
755 533
287 -547
-639 73
-404 225
824 -184
99 513
-255 -30
-258 -907
-519 533
52 956
512 416
-768 234
65 -978
801 -879
33 453
-562 218
-984 983
34 599
-946 276
-891 -660
882 -660
-270 -138
-931 -346
-499 413
480 -860
856 266
54 -810
-225 84
331 267
-583 -657
-656 801
223 177
-912 812
444 -512
393 833
937 808
-654 961
297 -795
228 -443
145 -651
235 519
473 301
586 -152
876 461
995 -386
274 -601
-550 665
383 -697
-149 -273
-358 -967
-778 531
-707 -62
297 -134
-312 0
-493 805
-816 902
291 651
731 -547
685 120
-462 917
751 -631
957 336
-573 779
-638 -967
126 567
626 -354
-738 999
-828 894
710 -389
-705 610
118 467
-69 472
6 722
19 102
-356 -741
58 -175
-582 290
581 1
343 984
33 -502
934 -431
-221 -129
-353 71
290 998
-399 221
332 365
-751 215
164 695
64 -495
-322 -94
374 552
262 -250
711 -63
568 -826
-303 805
328 7
183 -669
-860 365
209 923
664 543
-488 -229
-210 247
925 -385
-430 660
-676 632
198 -655
-287 -306
-877 -765
251 123
-989 -268
70 -575
-984 767
199 -337
326 -112
12 118
-968 860
-779 28
619 -516
-140 860
-327 256
220 853
396 -952
-588 193
-842 -424
83 795
582 136
87 -907
-372 175
537 -941
704 -451
426 -867
432 85
-966 -936
611 394
-182 149
476 819
-581 814
-799 528
-868 -364
359 -426
1000 583
212 -654
85 -112
-363 244
-829 -326
-237 786
-195 614
-823 -190
-887 933
572 288
-831 59
341 944
536 995
116 812
-698 -219
45 627
-932 -786
-376 -51
-461 953
56 734
-685 901
800 -466
245 102
-869 382
-232 -354
779 -250
126 -45
-486 -579
229 -819
75 -589
-721 -520
694 -219
550 -775
457 -466
-200 -984
-185 865
504 660
135 824
-845 -258
-114 745
812 916
-900 -845
402 -85
-543 707
-783 930
-301 959
-37 -364
566 -493
-961 -451
759 -778
-382 931
-140 -779
381 808
123 -709
-718 -299
-172 -222
215 78
732 -918
-503 112
-610 792
-28 25
390 406
239 -209
-417 755
-60 304
-841 943
-171 98
-689 17
-737 825
-723 -635
614 126
-48 -258
108 676
942 -429
-881 862
813 -312
960 -978
763 867
861 610
691 -784
350 560
403 -494
913 -449
-702 832
694 529
-401 198
972 841
-231 812
767 167
-503 -124
813 516
-4 295
-702 -973
-447 373
-851 624
894 180
-397 -515
655 547
-512 775
748 -848
-253 -656
-819 -285
766 331
-521 432
-821 507
-99 -451
367 41
787 -874
-371 41
10 975
792 658
-7 437
-453 153
-905 -921
-451 -367
421 393
504 -488
-900 98
-11 -698
665 350
592 583
557 650
-571 371
-918 -540
-85 938
70 671
-601 -703
685 102
-969 253
-516 -338
245 -147
-981 498
-606 -482
647 37
-271 -330
-902 -361
-331 169
-466 -746
209 690
638 -125
380 611
652 0
-431 -157
831 -678
108 654
341 704
870 -416
198 698
-746 -731
524 -223
-479 -72
-152 -131
-265 690
777 99
-442 -148
722 -682
-361 -85
-779 532
284 455
-301 -874
832 -308
-232 -107
-598 628
900 58
-236 -472
-965 478
-162 -95
-923 719
-855 -917
806 -786
-512 -9
-240 -882
639 -494
243 -46
115 132
-634 733
-101 294
-936 936
-114 227
35 -26
265 -506
-441 84
311 -3
-894 66
270 -765
92 264
-523 682
-524 521
471 -88
-294 -777
650 -337
-51 280
853 847
-3 -440
-960 309
-906 861
-90 470
-570 691
662 -268
905 480
-292 -625
463 -468
-291 -539
515 872
-251 499
34 458
-848 -575
700 127
741 499
-768 712
665 -939
387 449
874 815
463 823
-224 -382
203 -810
-40 192
653 707
543 101
-896 -817
732 -581
441 633
442 -716
503 465
-118 223
423 -738
-918 481
882 -152
345 247
-966 -560
238 918
-942 -209
-605 -781
714 -640
99 -457
-135 -257
897 -685
815 717
929 594
-722 686
315 -303
494 396
-602 967
-854 145
292 -712
604 -30
-340 -999
697 992
275 -990
-609 -417
-744 33
-711 23
516 758
624 471
-552 425
381 847
-213 -474
-489 395
11 -570
-346 -361
-575 -948
-950 773
-355 -233
-734 -515
886 -786
427 101
-812 -346
687 35
-869 -968
-572 -398
61 -345
873 89
-678 -590
-124 769
-967 -923
294 456
740 -290
188 330
-757 928
147 -910
685 155
-371 781
-372 898
-650 -571
-234 12
122 313
666 874
-137 -257
332 -38
-371 -620
304 229
-887 371
-55 -650
900 478
19 61
-544 942
-482 998
507 889
-174 174
-378 -896
-709 -305
970 895
-556 592
-291 -896
698 -882
405 1
576 -557
-336 892
211 -370
863 263
-711 122
-610 -569
-982 -476
-932 816
106 -64
-148 -779
-244 485
21 -171
519 -116
-385 940
-801 -488
949 472
-419 -975
-801 -295
469 -314
-156 -722
-566 -862
-420 -468
129 -707
739 -843
413 -411
-532 -822
-100 594
176 -868
879 -109
-770 -441
468 548
152 690
-621 731
111 -793
-49 909
259 200
-299 711
879 801
-109 -647
834 -668
659 -54
-963 874
617 602
27 773
-646 463
-703 -154
723 905
-257 290
736 -724
-439 30
-102 18
-656 -330
-917 588
364 83
-272 -549
-467 -534
-256 -686
561 820
841 887
-126 50
207 -512
-670 458
24 139
46 738
-966 -189
-470 417
663 -338
-115 -65
704 201
672 -218
-548 38
464 -616
794 156
-129 -322
-980 -139
643 -688
309 992
-915 602
-846 462
-212 181
161 -555
-583 -197
-247 526
-762 -904
787 -643
803 -971
760 266
535 -859
-911 -910
892 77
973 -507
33 -554
324 386
712 963
-893 364
-594 -663
-178 186
-588 -680
-129 133
-668 -986
-663 710
452 931
896 901
159 -421
-785 -700
501 -498
-107 451
-66 191
-237 775
63 -122
669 -104
-767 790
-541 705
109 -87
268 185
-552 633
815 604
-464 866
352 -747
-587 92
-14 -194
442 8
573 785
-990 -388
-617 -394
299 745
851 -834
-877 685
-657 515
-494 -200
-893 -924
-387 384
-979 486
-372 -67
864 39
-609 -439
86 583
132 160
393 -903
-361 740
29 -597
-295 -67
119 -214
-438 913
-445 -465
565 802
-877 -39
835 -469
-279 -408
-58 709
-414 537
-39 421
-13 -227
219 -221
670 338
-229 525
753 -154
-174 -8
146 850
832 -948
-110 -569
-619 -778
-287 482
-249 -186
-99 -307
140 418
-120 -393
-392 -655
458 -930
387 143
-331 119
-111 97
59 -943
673 -322
529 -813
109 -268
267 -314
-897 -296
179 -172
-537 5
264 -865
-61 -759
-310 474
285 -350
271 655
-920 160
-937 535
-700 -860
-34 35
857 -366
402 -709
-986 -986
961 -545
309 96
300 -52
-122 211
-109 483
-580 633
-297 353
430 321
678 -884
578 954
-649 -922
222 -234
940 -355
96 -263
-491 -353
676 -934
831 -232
-469 107
907 -500
-369 870
-840 -433
-646 732
945 56
484 -160
-865 414
139 -874
-831 -516
185 -12
-815 776
829 586
788 927
-976 -291
-459 -727
125 -108
-789 -162
-54 -547
-38 -602
-482 835
-194 993
190 -92
311 -965
745 -324
929 427
-209 -631
-737 875
-986 203
-170 925
-729 82
542 196
-649 561
-250 577
934 -635
618 977
600 882
-306 180
28 125
400 960
711 -7
-248 876
-180 276
-1000 467
847 841
487 -763
-362 377
287 409
96 -937
-739 533
-786 -818
589 469
-543 553
-913 599
-50 474
934 712
-595 -562
594 829
924 960
-751 290
731 39
-103 -275
-469 -152
959 313
327 404
93 -526
27 -876
-462 664
475 -445
777 -908
638 171
283 558
-774 838
-320 -777
-921 36
-850 826
321 278
-976 -797
762 21
-440 -210
318 140
885 268
387 -214
-116 936
531 -407
916 -926
725 -268
-467 -857
28 -291
312 791
86 -56
43 -444
-299 -139
-907 491
-191 -929
-977 270
342 -200
-274 844
991 217
-562 -179
-414 799
-197 -564
804 -40
-736 -577
-444 -493
-978 -807
-517 725
-539 589
646 313
-88 -436
-292 -941
-823 -696
788 465
-161 -501
593 924
-785 -784
-210 -579
-104 941
-589 -5
-421 102
-167 899
-700 375
-437 -690
994 -725
-876 834
672 -928
-929 -871
165 547
-512 -746
-785 989
-788 -860
580 470
423 -562
303 69
937 -374
-834 817
611 -365
-382 -836
107 -448
937 -7
-477 983
-912 -484
3 498
-786 -83
147 -82
84 469
664 -71
-56 317
199 -445
-312 -202
91 -685
224 222
586 -979
196 -608
179 819
-125 601
314 -10
-205 -981
386 463
-52 -381
413 94
737 114
-204 679
-687 327
635 -964
599 -109
681 -711
-984 -677
-445 -602
-685 -224
-330 13
257 422
-763 -803
645 -182
-493 58
-707 970
-855 -840
-694 334
-941 387
333 218
-926 -903
-876 187
-24 408
-616 898
857 749
800 157
-866 -518
363 643
226 13
-700 -195
493 325
-232 -355
-71 -164
471 757
-830 760
-771 273
831 278
-100 124
824 520
875 -717
476 -423
707 -137
294 -853
319 402
409 801
-578 288
-140 -828
-953 61
460 420
-229 -710
-963 616
-419 -289
327 999
-469 -106
-298 -276
345 -219
-566 253
-961 164
-164 -8
-127 -92
-997 514
-739 -855
771 -47
190 305
893 -607
-398 -911
649 -215
-372 848
-88 -219
215 -76
-474 -559
-822 329
-251 778
449 441
-365 -194
349 245
850 131
748 74
639 -28
13 -856
972 -153
-977 -536
851 -956
404 -465
-184 636
-298 -739
772 -626
905 -141
28 -803
-195 -559
840 -983
744 168
-940 -970
-952 705
-196 -202
952 258
331 -567
405 -692
160 -390
200 -918
-690 -27
-329 -653
631 -86
-276 -77
925 946
746 -671
-185 474
-789 329
-884 421
-151 -210
-296 468
989 689
-754 -1000
-826 -289
-183 229
466 285
-49 -965
-742 538
-845 57
517 352
-10 -614
635 331
-658 -352
-135 480
202 -267
-845 72
985 714
623 -98
-826 -686
-203 808
-582 -828
934 11
-807 581
782 -502
340 -883
792 -156
-907 -120
479 22
46 -222
-705 350
-620 -178
-855 828
677 -589
-20 -871
79 248
-556 -30
-330 -168
-611 -452
-989 520
-391 -732
-371 375
-653 -315
348 951
-547 -527
-581 -42
312 -914
-453 449
-750 489
468 -946
-277 586
90 614
-864 821
-613 428
-993 -137
-155 -974
652 -524
818 -686
43 -731
182 218
-155 -291
3 -427
-434 345
-275 645
-432 -521
721 -941
530 -810
615 824
595 -340
86 -176
61 731
-326 -372
95 775
-819 314
773 313
168 991
79 357
164 -7
787 543
523 -724
-886 646
366 -260
-262 859
-405 -753
944 756
-864 178
408 -240
140 -697
-312 -261
-573 930
611 78
148 841
611 626
615 659
943 -497
-25 -617
-625 49
-789 778
-710 230
948 -17
-233 226
665 -13
982 -229
-790 -28
585 -70
618 -568
575 -474
-202 894
918 -569
-799 -540
799 993
347 -414
-619 507
-570 93
288 121
-611 -151
996 -789
-790 -257
180 573
-993 558
-890 235
572 950
-603 668
-823 779
-933 494
453 678
355 868
806 -239
471 226
8 -639
-901 -173
702 -598
10 -914
609 434
-276 918
795 -325
-76 860
-83 883
-560 204
856 -363
258 -57
220 848
720 -942
865 967
397 520
340 -397
-856 178
-895 -609
158 542
875 576
-333 -515
-912 -677
413 76
550 -776
909 -200
-208 -283
123 -952
799 448
864 -938
624 -670
4 -751
998 375
-746 485
-499 -505
910 488
156 403
-979 255
88 -782
-178 -439
-785 -291
109 373
278 268
-117 -526
0 -945
-286 566
-545 35
-993 961
140 768
-455 -104
470 606
270 -311
47 721
-491 -803
-814 -359
201 -536
941 517
229 479
-983 -126
496 340
-633 546
-919 -640
648 -683
197 -973
75 683
841 -202
-647 180
-821 572
949 -699
1 -811
-390 790
520 779
794 -958
632 819
-269 102
651 587
147 619
851 498
-494 -526
-304 -779
-397 -324
-823 600
993 331
-135 107
730 -539
-446 -466
-259 -455
-491 922
292 869
544 -723
19 861
249 -616
-908 -274
805 -347
556 978
693 -256
-158 78
-320 219
1 900
872 223
-142 193
-351 505
-778 -626
731 881
787 -805
-813 -818
-124 941
-377 -180
-815 626
-780 -151
-618 -257
26 -943
-305 -582
-600 -288
-696 -933
-886 35
66 782
-821 -689
228 484
813 888
555 -410
450 677
928 63
-430 -585
-439 -13
685 -979
595 529
502 -934
252 -786
367 -21
293 -134
936 -834
-553 -201
-416 876
-395 980
-308 -997
-816 935
-328 -199
547 101
-237 -271
982 716
547 -790
966 930
159 186
340 -697
-173 -119
-18 -936
997 -937
-231 204
599 -862
-760 894
1000 -181
-349 870
53 -214
170 486
262 -175
-842 -539
29 -178
-811 -586
103 -846
762 -619
85 -100
451 605
839 -971
-113 -76
-23 -206
685 962
287 -595
1000 78
-103 -308
584 646
865 536
-146 -921
485 108
-793 815
-370 97
604 -496
33 -322
-118 -566
595 212
500 -334
-27 106
301 -353
790 -655
768 -827
702 -117
651 -679
421 706
128 993
984 824
536 449
128 -250
747 250
-729 480
-809 928
-959 372
724 195
-938 -247
270 600
485 847
-163 395
776 72
-310 -591
592 83
456 671
870 110
-879 150
-714 -701
241 -508
894 696
251 617
763 -574
298 -55
-910 943
770 -412
724 590
-75 265
993 906
882 203
741 -911
-752 -251
479 950
184 496
-901 704
849 -847
-540 -799
-254 260
-859 -823
63 -351
-67 559
-848 348
286 -249
33 -101
848 -496
-136 174
896 -963
797 -16
-982 -81
200 880
-518 -202
376 -682
9 659
296 518
-289 -17
-102 -449
740 564
-110 331
-602 -674
875 -133
32 214
926 -667
-110 954
-156 288
-670 712
842 316
53 -453
873 -971
-962 -73
712 -824
195 445
819 773
-717 -671
-995 817
630 -348
926 216
385 926
-240 336
-546 -521
940 568
957 685
-493 -919
327 -253
877 759
-127 388
-451 149
638 57
424 -739
-792 663
-585 115
858 951
-120 884
351 -429
278 -370
897 -296
543 789
-439 955
-747 961
-359 -659
-388 529
381 -953
-114 339
-872 275
-760 -776
9 -724
509 677
-806 931
-920 86
-410 445
-275 589
879 -703
320 -507
-434 541
887 209
932 -406
-664 464
-157 -19
240 768
203 -457
-20 -880
653 -659
-383 -132
731 -410
136 -287
-639 959
222 328
607 179
438 148
580 -410
803 536
154 407
-815 156
557 495
460 -798
-130 811
-82 -898
468 638
-288 581
377 492
234 208
-136 -915
196 882
143 687
-929 84
159 979
-58 552
-970 834
648 401
18 967
162 -697
-89 -147
871 -910
642 847
234 789
18 480
24 -243
526 436
100 84
-300 609
-592 -990
-813 995
-490 437
-209 456
3 -986
-609 -678
428 -774
176 -695
-609 749
731 -500
-63 558
562 -805
772 860
202 175
101 -610
680 -410
-27 -327
102 -326
-366 942
-101 123
221 255
125 -439
-868 -122
596 -177
255 80
-363 137
195 266
640 107
7 -162
-753 -49
799 -459
-343 756
709 61
-188 882
652 -378
476 232
-472 236
961 -332
-476 992
-722 35
-994 660
-560 997
882 359
-886 904
-318 -393
221 574
-53 -59
-888 -605
444 878
787 -101
-853 -774
-296 899
-395 329
-768 -261
-761 -732
-215 611
-243 -930
548 -745
102 14
649 907
-885 310
-762 -547
-456 7
-999 189
644 -660
-229 -840
615 -727
-943 -469
118 -159
-345 266
-167 404
-510 722
-783 548
-744 693
-758 445
128 -151
-495 -978
-600 813
633 -502
-181 -851
392 -581
-50 288
-697 579
632 474
786 -533
35 45
-449 -149
991 -94
464 -667
-294 -934
412 1000
-678 830
156 250
857 388
-311 51
-584 760
456 -417
398 338
390 221
-428 -960
-890 783
240 -299
699 -707
399 490
-826 -549
-790 0
-730 684
108 -429
55 -566
-504 743
-505 474
148 -990
367 577
938 -221
930 -254
153 231
-543 -859
688 785
169 944
-609 518
-291 868
360 533
-652 -636
-15 -377
103 244
872 -640
-732 -468
836 48
10 590
-996 -236
-563 -240
66 683
845 -676
-907 132
-1000 541
-239 -919
87 -463
-934 -757
501 832
-187 -342
-725 -232
571 -83
-862 -236
-106 376
561 -850
-894 -53
743 -29
469 34
638 217
976 -517
588 894
66 571
-569 -768
213 -551
802 -192
-864 -60
-157 72
344 -952
644 426
-209 -276
-977 480
-429 554
792 807
12 450
-273 -546
-687 -300
636 -455
433 -290
-418 240
7 -278
506 -272
698 -734
-160 -767
-278 -393
186 823
-893 -967
-555 -152
941 443
-30 613
494 -885
172 771
-804 -158
-326 -224
234 864
630 -303
148 33
967 -980
-383 -432
567 762
759 -980
-416 307
910 997
37 -644
965 439
-330 -618
952 886
811 -704
-419 114
438 -276
533 712
960 943
-980 -291
-925 -986
263 960
100 -554
7 642
-147 602
694 -765
-191 577
-497 353
602 815
-101 516
274 -561
-254 -418
-812 -830
-549 -545
-586 858
-574 -632
-456 702
988 -863
-23 -905
-307 -954
-241 652
-503 -545
605 -742
862 -257
-626 149
-681 -946
-847 -404
-474 888
223 199
638 -725
-719 936
-829 -311
-582 894
693 -97
-588 -403
-211 130
-108 -267
545 980
-540 181
227 -854
-911 -572
-48 978
389 -816
-273 -592
-839 99
103 977
-679 -591
555 -482
981 -143
43 724
-885 -281
-362 -829
-286 -705
-958 -73
76 197
327 33
-84 -463
-193 -522
295 765
378 321
15 819
588 -281
187 -874
-491 43
18 693
-77 50
156 -828
875 -951
-754 158
-532 -598
-543 -366
889 100
-607 360
-798 -787
-169 -101
-308 426
-602 40
-540 943
-303 -467
113 -504
56 -970
-12 978
-783 384
-214 252
449 -463
842 571
641 -739
-778 -745
-950 -33
-217 691
125 299
511 -913
-750 827
-8 480
-634 -233
-715 -892
416 67
986 714
-207 -428
494 219
824 -238
925 -16
268 -747
704 430
54 263
977 441
-921 429
-842 680
64 -500
502 -952
-822 398
356 728
688 -506
197 -783
945 249
347 -714
-250 292
-953 703
714 -895
-54 -730
-995 812
61 -189
19 -892
-511 608
448 829
-571 -196
-463 912
845 674
-383 -75
-453 -624
624 833
253 836
747 -492
576 799
348 -813
-74 703
-469 170
-746 -244
-120 -110
-320 -549
2 238
-589 670
-876 732
207 707
-645 -680
-414 -377
-206 -665
-550 224
-300 -376
878 -413
-43 -702
187 -630
202 -914
-975 -789
807 704
-31 -118
636 106
-64 340
352 -610
914 151
-497 -461
280 -241
818 610
563 -700
-954 883
-352 262
670 -326
-569 -620
186 -312
918 -125
86 -955
-51 437
794 734
-606 848
998 684
-471 499
27 522
274 352
729 -220
-682 154
931 -456
78 487
-808 840
280 -260
391 -474
-95 710
-432 -849
290 269
-273 190
-497 -663
-364 -586
-943 -602
492 855
-362 672
-553 394
-235 -506
-816 450
-895 509
403 519
60 984
369 -816
834 268
687 -537
-63 -512
126 953
296 -218
-51 -306
818 701
337 -222
162 922
-191 -846
-791 -774
987 939
-834 -955
-200 898
-232 369
459 -910
-20 -108
743 -136
395 660
-733 454
-233 -764
-311 87
523 -906
-261 -800
-968 212
369 -771
565 -176
974 714
-911 493
-780 -265
671 -995
370 47
-928 873
936 -69
-865 -228
158 576
993 -505
564 -741
191 -593
-209 870
-783 -603
926 48
-301 -39
128 -502
983 -58
-182 825
985 86
-899 -122
-11 -336
479 497
-407 -995
1000 667
-187 570
800 -497
-991 523
-68 481
938 -596
-890 -119
816 -500
945 -95
-273 446
294 511
-558 -947
-928 -841
-399 -99
227 -609
-612 -989
-764 226
-704 -554
424 -938
278 953
-780 188
-321 16
530 953
-575 -178
32 -944
971 257
464 -523
601 200
808 535
455 -635
39 -673
-920 -284
957 469
-800 -936
481 552
-245 367
-817 -635
-186 269
-847 438
-609 -121
-38 185
475 609
-153 710
482 -3
-454 529
844 -733
-626 284
-676 -178
-516 -91
-890 -576
-527 341
-40 -514
-621 461
99 -447
-505 -832
-867 -25
-822 231
862 529
759 825
-723 -303
-442 -199
136 -496
-416 182
-201 -167
203 -586
-296 -997
-61 232
476 -367
259 -992
-369 922
-22 27
-55 -197
-214 -626
682 729
123 657
-72 -794
41 572
-433 -752
889 922
-154 -187
90 -69
311 276
370 130
38 469
223 -134
-422 631
961 169
289 391
-999 -907
-819 923
-349 -687
841 543
573 108
173 2
842 -787
-606 740
-529 18
855 549
186 -208
963 249
224 392
778 -891
-390 -852
917 -854
-242 712
98 285
417 -942
760 737
55 -238
701 183
-11 315
695 -805
-196 660
-651 141
667 -902
-853 -305
360 875
498 87
562 -129
-693 739
-207 287
-757 339
-136 -27
-276 -400
-254 845
-994 -762
387 868
346 -299
136 767
-905 297
75 -531
738 264
-220 -767
-934 632
-413 -923
-593 -548
727 -548
-945 -829
-956 390
146 933
226 -968
-1000 990
-210 545
-636 -456
618 918
275 197
655 388
702 -744
-964 713
640 -346
-345 41
-295 -207
650 -253
957 -752
634 -942
466 806
371 512
830 476
234 -656
691 -595
-337 -238
-865 -978
260 618
-315 -16
-435 65
-815 -737
89 -65
876 -373
-852 -246
-824 746
72 -823
-907 -755
384 -65
413 -647
-435 -500
-439 -550
31 -546
-623 858
881 116
227 589
-428 -57
-378 19
-1000 659
161 763
809 356
821 712
-586 877
-188 422
-949 -709
349 -179
134 416
-254 -731
213 -148
-785 -78
420 -412
-908 -252
186 301
398 866
202 -381
-302 -523
-115 450
-87 793
525 863
727 -372
693 634
248 210
37 914
311 913
79 320
-358 661
728 37
-891 -564
-76 590
-646 394
86 394
-441 -523
-662 -439
697 140
951 26
-829 -558
987 -43
366 -146
897 994
672 -699
669 -908
-624 149
-812 305
-349 -817
-488 -247
-736 -565
908 704
149 -387
933 43
-421 -407
-178 596
-264 -400
-211 108
-30 -437
-112 143
728 794
557 639
-315 403
-667 -301
-83 922
813 -258
-950 -500
533 565
344 888
-76 264
-67 -714
838 -90
870 -377
695 -167
-172 -250
221 -482
558 158
829 428
-903 182
192 286
376 -455
879 -382
-221 302
-346 -257
-761 700
-234 -302
-179 454
-78 953
-289 -494
93 -272
921 913
357 -272
-564 -977
665 -968
900 -661
626 859
-460 -964
-857 847
431 -411
935 665
-5 956
651 -935
-186 110
674 -296
93 -914
-202 -381
-737 765
17 467
863 860
21 131
-369 490
704 22
-974 932
-896 429
559 -556
163 -337
65 118
-306 540
727 -68
-854 642
-744 -805
31 55
72 -54
-268 564
503 593
783 -509
-62 -393
-292 -227
502 -607
604 -522
692 -110
104 -395
484 -586
897 498
15 -542
486 716
55 392
-779 147
933 -752
734 883
339 -705
-897 -294
269 -649
-833 285
-694 -447
793 91
170 -791
-625 916
388 -190
38 -583
8 -207
-773 -379
399 208
-682 905
-62 781
-476 -156
-411 -720
955 344
174 -662
919 578
-639 -157
-744 29
201 -332
-782 -967
-133 503
-741 979
-136 834
-463 -239
-858 -436
-22 130
-159 178
-674 169
-34 -254
709 569
804 -966
-158 -174
-149 267
391 927
903 368
-189 792
462 -78
64 -103
68 -186
-831 771
-956 37
316 -771
-978 538
-749 -45
-265 -533
-602 -468
864 -685
865 261
871 -858
-86 422
-716 -122
-361 -564
-794 -955
520 460
853 -363
-45 625
344 149
-95 814
-538 932
490 364
-178 111
939 883
-326 -297
-753 -68
643 -500
-477 -12
-933 -655
-790 565
-285 -109
-379 -191
-114 -87
-115 -222
426 -191
926 -902
-559 907
988 672
157 990
100 -623
-594 -567
190 610
-411 906
184 -429
-51 421
-371 -853
-545 -85
492 97
256 -442
312 868
-734 -872
682 -242
862 107
-329 921
-871 859
552 977
866 525
-58 -803
641 326
425 -912
357 -29
-548 353
-982 104
149 598
545 328
-538 -64
-35 -706
-766 -729
307 -563
77 -312
-467 -586
594 474
-515 456
779 903
812 -860
-24 109
666 -354
133 464
-833 -862
-668 301
328 -44
504 -796
-488 -282
-322 -638
-174 -733
113 651
946 -744
-941 632
-849 614
-323 344
-997 -7
733 242
125 -423
-604 118
240 -131
-921 570
58 -568
750 -497
87 -885
653 528
-90 811
324 -202
483 76
537 -674
112 702
-671 -774
-924 79
-676 -882
880 536
-836 -712
-895 337
-330 -545
-168 -175
559 570
314 150
-59 135
391 -808
910 873
487 886
570 725
-896 966
-50 627
169 250
-295 -216
-795 422
33 44
703 708
53 149
492 624
150 -579
-73 765
-10 -43
-554 410
-658 260
568 274
216 696
654 101
-603 540
312 -779
181 283
978 23
-304 476
-827 -262
193 928
759 418
896 -946
-559 -681
-461 -860
-256 972
802 -149
-579 55
636 122
555 131
-22 -321
700 -142
-779 155
-747 612
-423 669
797 -100
-57 -146
460 -734
-800 -863
585 -748
537 -123
252 959
-902 838
205 97
19 -679
-987 619
-706 -639
100 888
-543 -320
-432 76
475 143
374 648
320 -648
-343 678
94 -771
-752 -433
-672 315
-963 513
-855 -878
824 -139
-378 -907
11 -775
666 -244
752 -529
470 445
-531 -111
94 -392
-67 27
-253 827
433 470
47 -973
-374 -408
480 -295
562 29
-492 -55
385 -630
-331 -823
-838 -577
336 -177
-726 -82
-297 -167
136 763
-736 -484
-497 1000
-86 15
433 831
510 -80
981 -362
-91 989
-279 -192
511 497
-248 -29
435 841
-242 331
-523 -838
823 431
930 800
999 331
107 361
560 -284
-848 194
-224 -462
-376 -6
207 -936
-288 -435
-52 770
532 -350
-639 -539
-791 960
-115 -237
71 -760
937 -606
-337 725
-710 661
162 -597
8 -332
-650 629
28 -331
-521 322
-228 608
781 -58
-424 -503
874 -743
-667 146
-340 201
777 -861
-857 -526
120 -312
134 -863
373 103
224 266
287 -520
655 838
-790 -881
404 -414
163 742
-745 547
468 -221
-169 -948
-915 367
-119 -508
411 -405
-857 355
-411 974
-399 -285
157 -695
730 -269
378 -891
150 -920
298 -643
503 -67
32 -131
-965 247
-299 805
-174 -484
-953 -473
347 -920
-73 67
-296 408
-965 -809
506 -283
630 -77
165 -422
-887 990
526 875
-715 -63
596 -105
-827 -96
-404 719
821 -377
-696 865
-120 -370
325 900
114 -397
618 -9
821 -306
787 -728
-121 -114
-125 702
-968 332
-909 -880
399 -418
-470 -617
-362 -80
524 -485
-635 -283
443 400
190 245
633 -202
-175 -63
-485 538
619 732
671 456
-403 51
-928 877
-973 -912
324 532
-330 490
533 360
-258 -815
-92 -773
-776 -997
780 -756
-600 417
-679 438
179 991
-714 -210
21 -634
169 -78
-194 -571
-299 -803
149 415
612 -752
-635 674
661 -88
-531 -380
174 814
-636 -579
9 601
979 -950
645 -573
566 777
442 916
-154 -187
-266 -220
889 -185
309 107
613 562
931 -432
455 -901
-374 279
-370 786
991 929
476 -501
718 20
-435 -304
-13 292
-564 -658
727 836
-552 -631
698 706
47 -922
-811 -383
-854 146
-635 -441
-456 -410
466 427
231 -917
-358 766
686 -763
-164 -888
-494 948
-511 -269
-535 -246
325 367
-683 -152
471 -569
69 652
-404 -453
187 313
-874 -73
-53 -46
-311 -224
-456 77
386 -927
700 61
474 427
335 -416
903 -350
-974 966
588 354
156 -603
745 -539
841 75
-519 -29
876 -809
456 782
117 -271
-864 -366
-984 -397
-745 -419
-12 -835
608 -790
580 451
468 -857
493 -73
-7 -89
557 -595
-890 297
622 -94
-807 557
101 -11
717 -751
-478 -524
-466 722
288 513
999 -184
228 -41
-888 68
860 965
-486 103
-523 609
985 -860
297 744
568 -544
48 -178
910 471
944 143
-644 886
137 -231
15 -534
-477 186
-91 -429
729 811
-771 -293
71 -941
-268 -691
670 706
873 664
380 866
501 -227
-525 -837
948 167
-249 676
375 -303
944 -35
146 -965
523 122
625 900
510 287
-559 -189
40 -574
-824 2
811 -290
-256 967
592 594
-352 457
-127 -514
113 298
-194 -745
-862 -376
-398 597
-713 -16
-545 -520
-842 229
-491 -697
-15 35
-724 -375
-658 571
-956 895
-350 -707
546 86
-277 700
92 -743
316 -313
327 396
690 3
-388 -56
-375 716
585 186
-382 -111
-218 -944
692 274
987 944
-402 -614
-881 402
-745 850
185 -910
773 411
-817 -713
-293 95
-918 -371
-216 239
886 -176
430 -459
-186 784
34 254
-473 522
-754 -384
-910 580
-426 -9
-533 -963
400 -563
795 -710
-815 97
-711 -675
108 145
82 996
-692 -317
-311 -75
227 -439
874 -944
401 974
406 -899
964 795
436 -566
-347 167
-907 -225
-742 -923
-686 -600
921 -107
31 675
-606 510
749 765
-653 -69
-280 56
951 -926
94 -270
450 814
95 140
299 190
-93 -683
-659 -670
-348 514
415 596
-673 -799
-488 -58
954 608
280 144
759 -33
-232 901
277 -124
-5 -694
972 126
336 -477
-804 -430
-15 141
-262 614
-917 -973
-181 505
765 724
475 -486
737 -428
558 -988
660 -156
583 153
-135 -628
655 -920
-150 -579
-691 406
886 -189
-363 -849
452 420
-746 166
-421 894
-387 936
-728 475
-126 34
778 357
-196 -313
-361 679
514 966
549 446
693 805
-284 742
-60 -142
-618 -916
408 455
825 -456
978 83
306 659
41 855
-418 -430
-706 0
517 915
-665 548
-409 -890
-87 -362
396 794
765 -887
-542 598
-151 -534
321 997
-24 -510
170 491
170 -845
158 257
905 75
-186 -434
-912 -833
949 -708
-393 986
446 853
948 451
569 459
-437 283
857 -828
-237 -802
569 735
-240 796
117 519
-537 753
257 -669
-106 372
-450 731
-35 -745
694 -505
-663 171
-573 -962
-763 142
-283 481
-192 -751
281 -571
125 -277
-402 -541
100 -773
384 -14
-263 832
475 523
423 -902
308 837
-887 -233
-803 -120
824 -975
651 519
518 563
287 -739
498 451
828 152
-514 331
852 -606
-817 -614
112 -223
188 -502
95 -410
913 608
-284 846
-714 599
-892 -551
-916 707
-145 68
-449 -585
865 -894
767 -879
642 -713
-578 -123
-56 -292
-719 -302
617 -651
-978 -541
-919 -784
949 -74
970 553
-200 -528
910 -633
201 183
-302 -829
987 -315
-507 -816
-940 -513
-344 467
855 384
-444 -632
561 -946
957 86
664 677
-185 472
-6 -380
807 -566
274 498
648 138
-172 189
-84 638
-371 -624
-443 690
740 253
482 -30
777 462
-16 -428
375 863
861 -939
-849 -755
845 -815
-143 939
-905 968
-416 607
476 -441
666 1
249 557
835 176
908 99
33 -37
271 244
-400 116
-426 319
73 549
-552 115
-356 953
413 -572
-283 -391
829 250
-788 -808
-765 -412
-785 -176
812 -890
493 337
353 -497
-437 771
-967 587
0 670
1000 184
570 669
580 814
643 -440
363 348
-808 285
67 161
86 -534
-357 289
347 -608
334 405
-91 580
643 469
242 959
-804 772
-378 -878
-225 -341
441 -55
701 -619
346 954
625 109
654 912
-561 847
153 695
-206 -395
-380 932
-109 313
-372 669
326 -458
460 -292
-769 -461
-214 -413
-797 912
-410 -181
-566 805
401 -665
-370 -426
-860 740
387 -124
812 -339
547 -901
-488 875
817 -844
-243 880
537 926
175 -827
483 -72
233 -332
-471 -300
40 409
-808 -795
-272 960
747 441
-309 -528
354 253
-737 49
415 131
-802 -278
319 878
862 761
-191 -750
-274 459
505 -562
-422 333
195 -517
752 -229
900 474
-715 -231
-193 -929
-967 -18
889 -662
-631 -466
-464 -273
747 919
818 -226
-7 -763
-440 587
-332 700
-279 -193
-961 -193
529 891
-154 -840
-370 901
67 620
588 507
90 938
211 794
991 -43
-531 507
-991 -136
564 -720
971 -477
-490 -840
-136 -939
-725 -306
333 773
286 -445
348 793
-687 547
-104 -134
-846 -454
-472 -142
-280 -788
695 935
-847 -656
-622 -265
-735 748
-529 -20
-92 -986
671 -789
-301 -842
511 880
-610 90
638 167
168 -942
598 -224
-866 -690
-343 722
-272 556
441 662
-477 -998
-15 -325
368 78
772 800
766 -691
400 -688
150 535
-930 752
776 -241
919 -8
341 -698
607 -514
46 -145
-179 -387
508 343
-921 227
61 724
-799 665
-537 -580
282 -345
-287 -553
623 -764
-997 -392
220 391
-63 524
-310 880
-603 628
693 625
458 -629
500 -852
443 -334
548 -313
-864 -413
339 -865
270 -264
945 -565
-715 464
858 -741
496 -412
372 672
322 -51
-646 691
-746 -234
133 222
-950 -737
-790 -247
-965 942
-224 942
-281 -830
182 -766
-734 708
8 629
898 -84
-925 -769
357 -214
124 350
937 -949
189 67
-691 -500
37 771
812 41
103 787
752 -357
-848 694
-479 -592
-510 -511
-117 -226
106 -275
-720 850
-154 -208
712 -338
202 -633
731 982
109 337
72 93
-674 74
-109 906
-513 339
321 683
68 362
532 519
-205 -823
-872 -424
-214 -769
574 -114
873 -207
102 -59
-284 -635
434 838
789 67
-980 989
-906 637
-349 -195
-768 859
-541 -146
939 455
886 -918
3 225
-306 -429
220 -858
598 -535
-997 446
-256 -553
671 -827
756 -669
-536 157
-628 436
632 -422
776 -466
-44 -304
-275 -639
-298 288
-258 -84
712 -17
133 -751
-666 317
674 897
-891 123
-527 -88
960 -3
-822 -131
212 645
838 399
841 918
-784 574
-491 549
-15 -669
-974 792
-769 613
-567 -554
569 -727
-813 -189
982 -330
-880 -70
473 189
-650 419
-709 499
-987 27
-464 -349
645 -620
-168 879
-262 603
256 379
294 -848
-58 953
905 -421
217 242
126 -545
701 191
-904 -735
283 -277
-598 819
849 -203
-865 463
-331 -52
-586 600
-560 149
-978 -473
-268 430
-609 372
246 441
55 500
-637 -364
197 884
-287 -907
576 -539
502 721
580 -531
-328 -626
446 -871
-876 275
-471 -376
-886 550
981 -619
-538 -273
72 -980
-660 332
-392 -392
-770 -192
-509 479
558 -548
869 -407
-228 697
100 964
316 -436
329 -800
-682 -287
364 462
710 29
142 -788
765 795
242 -585
-553 -451
-83 155
-492 -951
39 -303
970 -511
914 293
-810 396
-697 299
306 138
713 374
-93 -322
-889 590
-863 -620
-741 937
274 -463
-450 411
-615 911
161 912
380 -517
398 808
-698 577
214 743
-270 -933
-331 109
-964 -776
-478 -881
-347 -529
-329 476
-276 -827
-524 473
342 -994
66 24
453 221
124 -212
375 -814
-706 971
976 482
-142 -538
-512 128
-854 691
931 608
-772 771
-955 846
-460 -620
472 -320
-487 20
-345 -174
-730 314
235 -946
309 -196
69 464
-72 601
-933 958
-573 -715
-554 -967
-648 -892
615 790
305 -500
155 -513
-68 -392
-737 -254
544 -723
144 241
-415 963
192 858
390 -131
213 -597
-599 -618
988 504
-23 752
231 -63
-552 -630
723 -867
-314 861
-854 898
-773 -208
541 -239
-34 -874
-271 970
-764 968
817 -230
644 66
-684 477
-209 -504
93 -696
-228 552
483 -2
62 -661
-869 545
81 91
-868 -548
-237 586
278 619
556 593
148 355
-69 463
-601 703
612 -656
-340 626
943 -628
285 -354
948 300
-51 -802
-178 712
-597 -122
-267 -147
300 -798
-128 683
420 752
160 720
-348 904
472 967
-274 -351
683 -869
-756 528
959 -889
779 493
282 18
789 -600
913 -647
-655 -972
-326 -490
-321 38
726 886
953 895
-407 737
-137 247
618 -619
106 229
-859 -829
-279 -292
-979 523
805 761
-415 -496
-267 203
-38 227
-3 882
-479 577
-319 737
382 -307
-177 -708
269 -421
-128 519
-95 946
929 22
-370 -803
-543 -829
-641 645
-592 692
540 497
680 688
-959 -278
262 -324
-213 149
451 977
570 694
-691 723
237 -641
-506 45
-288 -385
-237 747
167 461
-198 -150
204 905
-100 262
868 327
148 583
549 -131
751 782
164 530
662 358
670 790
422 -67
-96 543
329 -734
-459 184
-563 -675
736 352
875 601
-926 673
833 -166
-621 100
754 473
996 -801
-694 447
13 -802
414 -691
952 232
280 257
349 -884
-744 -76
-569 656
810 -188
495 -624
-963 -72
-55 205
82 -806
-627 314
-14 -656
-659 253
443 -961
-673 -385
825 -712
956 -216
-876 662
639 -821
-648 -334
-71 725
-571 858
-305 -672
-335 428
-282 950
133 148
342 -26
315 -651
-221 -848
-85 891
22 671
-902 65
896 52
663 -584
-802 -161
202 443
840 -231
-324 -641
454 222
-83 301
-643 930
-180 -537
-581 -384
-77 338
-227 226
-385 412
674 -939
252 -251
-583 -951
-333 -311
126 -919
585 -553
-419 -579
-522 -682
673 345
-193 -915
651 -73
-168 1000
-431 977
-291 -611
-819 -333
-760 514
-281 803
-108 -989
-414 783
-80 -560
-19 -124
219 -1000
133 489
-325 -672
-465 964
162 -912
-998 480
-55 115
-560 -785
-740 -453
254 -506
-247 955
-449 749
-403 -277
-140 9
-20 450
772 -477
916 246
-25 -482
-103 -310
973 -561
651 649
-564 311
333 967
-43 -629
642 58
-347 168
-893 752
-581 -577
-229 351
219 -543
-981 -700
-564 406
644 -169
-148 -434
-935 809
943 -605
-394 731
760 53
-856 848
85 369
-359 -861
120 -13
552 -942
-983 707
496 432
-227 804
956 -322
-191 850
614 -350
296 -415
-802 627
-315 -290
967 -539
371 -282
-39 -645
298 250
-727 -131
-416 -840
-668 -162
373 146
19 -637
862 35
457 214
701 335
557 -901
-713 285
687 -754
-738 -850
-373 -180
-610 629
-482 -884
456 -758
493 -303
-269 735
-6 183
-60 -839
175 -377
-12 -652
-410 -257
338 794
462 -327
875 605
-243 -100
-645 -91
-110 -782
464 38
667 629
875 -392
528 525
-154 876
-622 361
64 -134
230 -738
782 662
-880 150
577 -362
-79 -620
-174 792
-766 819
450 304
160 -506
-365 938
-238 -388
-997 -151
409 425
842 13
701 -479
819 533
89 -608
-440 -374
785 932
329 695
-335 618
345 -444
-371 -396
125 301
855 96
489 356
-279 -446
897 548
516 457
-201 888
-337 -915
-336 724
704 -39
124 516
293 28
-578 738
-263 -837
-607 270
-912 606
-346 504
-79 998
821 -532
-734 -256
72 707
418 27
-431 692
539 424
283 -6
219 629
989 -385
532 281
-756 665
465 -922
135 -830
562 197
-492 731
-58 -450
235 -132
321 875
221 -892
430 -371
893 551
-700 -230
-510 997
-410 -985
317 658
-557 175
531 301
744 -845
-200 -406
-213 -820
-779 -914
421 -206
-141 -460
-902 -434
262 -910
19 659
-197 -915
-126 -510
147 -687
632 -468
-209 -17
-804 -489
-879 607
-111 -422
-918 -187
-881 -660
987 -503
548 -542
298 512
683 -22
84 -441
52 130
-519 -69
-395 478
-177 -3
-224 -913
-311 110
824 -674
111 -155
-941 -277
662 101
125 -577
-382 -602
333 996
-454 966
962 -305
824 -317
-962 671
403 -102
-401 590
544 -189
-281 657
678 698
-358 -742
594 158
920 -742
873 269
775 439
591 -18
-864 -361
-360 -134
815 946
-930 364
-130 545
306 694
390 747
-737 220
418 -483
-275 -55
693 -12
367 397
-182 976
943 -237
-644 389
-59 617
308 -900
836 -619
746 711
-378 -71
366 -960
436 -226
898 -274
-55 -778
-533 314
365 -746
112 562
574 -333
-720 625
681 137
-742 -544
-546 -551
154 -911
139 -553
387 -435
-188 539
-133 -259
844 -48
758 193
-338 670
244 -507
-42 -903
109 745
-821 128
779 -994
666 52
-189 -300
950 -830
-561 -979
-625 881
-571 -732
-49 581
738 780
838 -126
-262 -582
916 -325
647 340
574 -761
539 -927
-999 -630
706 -220
426 996
880 -955
-456 -266
-831 -485
875 -843
-44 -719
308 -782
-829 -694
-103 -438
849 343
355 -504
673 -809
-75 -538
679 -118
-670 -914
42 847
356 578
133 916
-694 -318
-625 109
80 787
739 578
236 822
993 -579
-277 393
-131 129
687 343
-983 63
-428 -909
588 -697
-221 -38
-314 784
11 25
543 -565
114 640
-780 398
-640 522
302 128
220 145
988 -962
874 -721
-172 637
749 4
-15 29
790 587
-566 539
-596 -420
-11 900
369 -971
101 -324
192 -11
178 -510
-710 -70
-772 48
662 51
-150 98
-792 -390
-277 959
361 -6
565 884
-541 -862
714 -533
-927 -521
368 2
-362 114
-367 438
949 -659
-581 -877
-406 755
679 787
709 445
24 101
-976 140
599 173
637 255
80 177
225 -670
-428 -180
981 695
925 242
831 -877
116 880
-390 40
673 71
517 215
263 662
-671 249
-973 -920
-433 411
509 -13
448 906
835 -525
10 -533
-652 -857
-920 282
-157 315
-986 578
825 -266
232 599
261 848
-752 -516
626 -29
-659 -62
471 770
493 392
-446 755
41 194
356 339
-409 -645
-330 -670
-408 243
497 230
-901 -351
-613 755
-62 306
492 547
-173 -398
-956 514
267 -551
-209 -281
631 -489
792 -522
937 154
-520 -22
266 50
6 -507
786 968
-566 -581
362 -717
823 147
960 584
949 51
453 -905
303 -895
460 757
-498 -305
620 -321
249 -148
362 785
643 -179
-397 683
-137 -587
584 864
-565 353
268 -208
22 280
992 217
702 -678
248 222
294 -595
-284 32
-696 620
714 -356
-50 -793
-217 -486
896 885
716 803
602 -143
247 -498
833 854
-88 745
-784 -670
41 546
-570 517
-371 480
-430 289
-948 691
-437 923
975 922
856 440
195 617
738 -709
-514 -96
499 -819
38 937
20 586
705 847
615 -747
-216 378
-332 -502
247 -843
-232 -847
-38 -885
100 4
-443 932
522 714
-285 915
124 -229
73 806
202 184
-518 -353
-907 415
335 -909
423 -126
872 383
300 -771
-858 326
218 770
-49 -371
389 -669
-254 263
46 300
-726 986
-137 -349
-96 -759
351 108
103 583
523 836
-579 366
-95 -374
-530 -658
-672 -512
-86 -8
-955 618
-721 -332
751 288
-716 -16
577 -989
-483 -710
913 -25
17 -771
76 -559
-825 429
-328 -530
950 -867
303 -555
34 -255
-644 181
-756 -492
-108 388
-239 -821
-493 -116
-620 166
-858 -683
-921 814
60 -285
742 858
-464 -391
657 -850
-128 -811
647 -960
-897 762
-756 534
-981 343
-387 -536
-468 -733
-928 -275
-370 721
-322 -338
17 -680
801 391
-874 331
14 726
52 -86
744 571
623 311
-230 641
-16 -353
-515 -332
97 -472
-404 52
-350 -250
91 -560
-599 668
-81 -750
-182 -62
654 300
120 771
-414 -623
484 -319
-357 -104
-59 -304
733 175
-698 -645
-270 258
215 -379
268 43
845 280
634 -162
-846 -747
-857 -451
347 -898
-467 245
-74 954
-391 -729
498 830
-936 -7
517 266
560 25
-142 -680
-536 237
834 816
924 -79
-779 -396
309 184
-259 826
14 -717
-836 982
822 93
-625 611
142 -92
-636 -998
-908 339
-537 -733
79 228
403 -991
-847 -927
514 904
188 525
-180 877
447 -366
841 746
-995 -622
-47 29
959 218
28 458
698 739
-511 -582
39 374
-199 -71
448 -201
-222 77
-176 601
917 283
752 111
934 -954
141 -469
4 -368
-675 523
937 -119
161 21
-63 728
800 680
-304 -322
707 816
510 -260
-313 -318
630 -675
16 -151
658 -84
-594 152
-16 -253
456 610
-485 636
770 -796
-449 492
-175 -399
839 -528
150 516
-113 -206
887 -513
161 -432
-330 42
-769 926
-110 -577
361 -235
-327 762
-524 969
-8 430
758 428
-61 440
-484 436
799 206
657 -310
-548 722
-78 102
-465 -215
-272 -966
822 -17
109 328
658 939
883 68
577 -134
-26 814
92 308
-270 784
-263 -255
434 -948
834 -632
949 -817
-827 488
-780 -651
891 998
826 592
477 851
-974 -203
682 326
641 -288
272 361
-72 132
181 -537
746 -408
988 358
-501 769
656 486
-530 -816
150 -408
562 -763
-344 144
-423 -390
-715 796
620 -320
641 299
-632 614
968 -312
-857 -388
828 -60
848 469
-520 515
512 287
387 -909
559 -572
-51 946
15 970
575 -951
-794 -306
-820 -582
40 -580
543 738
-173 218
63 840
-168 -258
821 10
708 413
581 83
-318 124
307 -586
626 95
648 434
553 -391
47 -275
883 736
655 -419
-385 -266
153 -183
999 -608
27 -598
405 986
-448 230
204 182
127 160
-498 661
10 774
198 -323
-713 -272
216 -760
586 -488
-184 -906
622 14
676 49
406 594
87 -323
302 105
-441 -342
838 289
540 -243
-993 83
602 319
-47 -513
444 -980
-622 364
-970 977
-619 -119
-113 359
893 844
230 -643
260 -506
-366 -279
431 899
-931 -286
389 -835
-496 -894
-633 676
-412 477
-857 -165
-416 -739
-881 168
781 873
-975 18
-459 -745
-575 -316
-298 -118
-677 -727
-574 696
-26 144
-210 877
713 374
442 -50
374 146
-684 55
-676 792
654 539
-987 -546
-595 -916
-875 -95
201 -901
195 511
-280 270
-785 -227
315 -440
249 -951
-441 -377
-867 -87
-792 -863
581 753
133 38
533 -775
-647 -556
272 -931
946 686
205 -824
343 982
-974 -934
637 885
-619 518
139 448
-319 742
726 247
-592 -67
675 102
949 408
-673 925
-737 -688
-128 409
-524 -383
47 -274
-707 700
-611 -467
282 -936
-633 -980
744 -956
-574 -270
-885 475
614 338
-708 479
902 392
-587 -337
171 552
-948 -460
-338 183
859 -520
-762 315
-959 412
677 547
415 -22
-683 -45
-140 -463
671 -411
-723 80
845 -62
-641 -76
972 179
-877 -634
631 -692
655 -702
-838 560
167 248
-670 868
-760 -503
260 -675
-947 944
399 -318
-73 48
-331 -880
150 795
150 -269
828 -438
-466 -164
-372 -546
-328 -681
-772 177
-341 44
172 836
-809 -530
567 -882
536 296
-319 -117
366 -640
-488 186
452 -96
-258 -280
-905 -384
828 -766
-938 -158
371 225
595 -783
-658 320
37 954
247 -749
-343 485
566 126
-312 83
-478 -514
-387 -355
-649 -777
936 948
-194 944
790 478
-86 -396
-884 -234
901 -142
425 -110
532 -111
-140 534
79 -603
-70 559
78 657
298 931
-536 795
-310 763
77 -780
-47 342
-38 432
526 -374
-574 590
-981 -959
99 251
216 -717
-289 -294
-729 735
954 -611
-287 -682
-728 -121
556 344
-628 -336
-326 -554
301 702
457 -566
-488 945
914 11
-179 253
213 183
-143 69
-160 852
-290 -187
223 557
503 491
-795 -671
207 -271
-846 780
-479 -122
-785 967
-468 107
-841 433
-631 949
364 973
-768 450
-678 704
-812 -504
-244 -213
-311 402
-200 -885
-559 981
14 -487
412 33
-530 -356
731 859
-894 917
940 -340
57 34
519 143
-24 724
-822 -529
981 -801
734 415
796 -618
-575 -211
723 488
-441 473
-262 -940
-101 -841
683 -126
-973 -715
140 -40
-124 46
202 -114
456 239
-938 -658
249 -293
-594 765
-895 950
-588 -200
362 461
432 557
840 427
-268 -772
-74 711
97 489
-658 -827
-258 310
-75 230
-642 873
-224 359
440 -615
-748 -240
638 446
133 -104
-91 -998
300 968
495 26
-285 -324
-334 645
193 597
-856 -494
391 615
-955 671
118 16
351 362
-416 524
-29 443
583 -939
-970 -728
-906 -312
985 365
-996 -945
654 197
-55 -974
-758 -63
607 300
-777 -661
167 744
204 555
-188 651
-295 494
148 62
730 -791
681 -617
-797 349
376 -255
305 158
-585 589
953 558
-9 940
-880 -263
695 188
-414 -237
-589 -132
-78 -632
518 501
584 -67
136 878
-720 614
-147 -341
-78 -798
-409 777
-198 -667
-38 -942
568 -687
933 755
666 -687
837 -72
-247 822
781 40
123 109
205 -475
504 8
-995 841
438 254
-413 -815
832 514
948 -344
77 -580
-855 518
-458 60
-872 -556
959 414
248 323
-13 -809
-793 126
830 602
-742 551
849 544
10 960
387 370
-961 -502
683 -126
459 462
749 -886
164 -209
224 326
672 -327
-762 296
359 -259
790 829
-835 -296
227 699
-475 752
804 197
88 627
288 -361
774 604
745 -907
497 -167
862 -218
923 921
144 -794
673 381
-871 -343
571 -753
321 513
753 691
877 -487
-89 -399
-825 -305
-597 981
242 460
573 -231
-149 338
-69 757
919 -167
-627 19
-936 -705
576 272
-298 124
800 836
-251 242
875 539
-32 -673
-753 -29
-620 -614
-976 957
-676 130
380 20
142 -990
-363 -327
-320 605
135 998
866 -834
-127 239
-89 292
341 739
-836 315
695 -693
766 -320
385 -677
-78 517
943 927
814 322
185 824
199 -425
-54 -762
-811 314
726 -860
-979 293
-359 -732
455 187
-181 928
-18 -58
-717 256
992 -469
-597 -803
-272 -103
-187 -685
-145 651
-930 762
-59 650
773 355
-153 249
-304 -211
-474 -502
349 -667
-402 682
241 -390
183 -464
444 107
27 -939
493 -446
371 608
-832 929
382 476
-656 -591
-777 895
258 -240
905 707
203 -909
285 179
-527 726
941 -201
506 -357
-963 -289
-44 261
-766 -765
399 129
-519 -579
141 956
896 -622
-938 -414
319 -31
-996 -792
424 777
-759 931
939 61
-598 575
448 795
328 200
627 250
950 -879
-625 -40
291 794
-821 140
-758 234
-186 789
-462 315
259 -92
-194 420
-383 -460
-346 -655
-815 13
-481 -81
-144 -910
-515 992
366 -598
-333 935
884 -71
156 -517
-307 600
-396 -210
-19 -390
654 727
-103 -454
-329 -20
638 -681
318 -123
798 -517
382 305
-356 -999
-13 -606
-499 300
-726 777
-965 -165
-416 343
96 -25
-330 -912
242 -388
-123 -427
-382 -212
-384 533
-420 -248
-13 54
-665 -2
562 159
-656 557
-641 297
-820 -282
679 213
729 802
162 -443
657 847
573 -780
-116 572
490 -261
-291 -184
822 922
401 514
-499 -609
-613 -713
-257 184
894 -249
26 274
586 35
66 314
879 -411
-589 139
-918 85
0 457
-391 -606
867 617
827 -555
-448 -890
-574 -680
737 403
335 909
-292 -139
375 258
862 -688
463 512
763 -422
-30 871
156 911
605 514
266 -349
-308 856
196 -72
-665 -107
-767 617
130 448
-785 835
67 -164
-712 883
681 -411
-82 765
-528 -815
-507 -276
-84 405
622 -955
641 -836
843 -77
-854 -22
-420 372
-311 254
550 734
-593 -900
271 821
-865 -226
-720 -488
479 144
-423 -211
-156 393
-687 -454
142 752
51 -18
420 -20
689 -980
-751 -791
-231 866
-458 -697
-998 -316
-732 184
436 869
-191 -189
736 -466
-236 -653
602 515
-14 447
-135 -876
-720 576
-363 602
-724 662
907 411
-352 105
531 -300
692 679
399 -333
491 -68
42 621
-628 986
104 -472
133 -340
-461 -928
-241 -950
-323 -708
279 510
350 284
661 -918
316 22
346 -266
-418 -365
-121 -948
115 -453
469 241
-537 650
-282 -323
502 836
-642 -768
757 -193
-776 566
-385 64
756 742
479 777
854 -665
556 434
519 931
728 609
870 -43
389 583
693 -716
-234 264
-743 617
-382 982
-76 -398
-412 -206
685 115
-883 -114
129 -27
248 821
-177 -40
-543 -838
-928 -528
-209 573
558 -221
231 653
-293 564
836 -200
338 568
223 -537
-421 173
735 560
933 961
-334 -762
155 971
798 428
-177 863
199 -390
-171 -92
-42 709
555 -3
332 -424
-120 -717
465 -504
767 -710
342 -522
668 792
973 -845
232 -697
706 877
86 -155
628 -689
-224 182
-340 430
222 -988
-20 443
116 238
514 839
-937 577
597 728
-441 -874
541 -231
-526 629
902 593
942 835
-220 612
312 -586
73 264
556 774
608 -603
673 84
58 -157
-142 -681
-848 631
694 -158
-224 745
-973 -231
-252 266
-4 195
-738 -10
-261 197
-248 -654
840 -9
-606 839
514 -744
-183 472
842 153
-683 -401
95 -262
-380 353
587 346
625 -806
616 71
547 857
-635 -659
-317 552
995 -873
130 389
351 557
-277 -743
125 344
763 -773
595 -729
438 -992
757 -344
267 784
-815 -652
674 436
-408 810
937 -914
-939 -234
-911 208
-595 682
595 437
185 -855
574 -308
544 979
633 -210
-175 -871
19 742
316 -24
229 955
-567 -427
-776 -391
-640 909
277 659
565 -224
415 -947
-756 -116
706 681
-374 75
-56 234
629 -226
-750 352
-537 -813
67 -864
796 365
554 -239
204 946
-297 111
-676 -317
-572 -296
-372 -709
-887 -430
-587 -277
-434 850
-600 -551
185 753
317 645
645 669
63 -777
-926 -93
241 -346
262 968
-621 -399
949 36
402 632
-404 235
702 183
186 -19
-252 -299
633 -953
312 646
-516 450
-557 -189
-931 -904
-668 437
832 865
-195 40
74 -366
-992 438
-283 450
134 515
-684 597
-880 668
972 -137
-560 951
-29 363
994 993
-167 -344
-55 321
-600 -955
348 301
305 950
-185 532
-770 -987
-626 290
704 -3
690 -836
647 -514
439 -838
-414 510
-413 357
-416 593
-165 17
