564
229873727 16931843 361772872 891319893 98311319 134110733 703293509 967203321 529670665 501249097 78602744 787942097 366203354 474844482 543040465 191357986 280903263 588818028 595535720 47372980 526860259 72063420 617896835 214312050 763714133 727450723 868189273 782370689 89709588 155568909 910369741 527961013 369054154 241486308 356323009 986776195 940036990 28274821 425822910 650488416 900303819 388522570 937446343 238599145 714573164 277249871 555827460 683489171 405603799 691941952 176370579 75357484 496993494 582621969 403122288 450706388 714246122 724383217 307401327 492004610 962552827 209588487 294826134 62573067 488833624 545784395 598308946 810401014 363761888 998319919 569184819 458884821 266682545 952112501 186264320 261385181 58458247 157789068 562793888 52899417 626036609 955058513 628015214 249702421 255536053 791130148 213313315 162976630 60055634 286542318 435521914 990634294 334874205 888433939 736966865 643488490 946163416 256478399 350766761 331702642 112857160 601590628 757456109 746548711 785360322 396131480 260383010 100527067 722761625 701970185 826793468 27145475 268536255 807543986 406981476 724908810 647794412 455795884 100235760 285226914 936067490 645597654 731539407 346832367 234572230 529406135 55983866 323942516 564994401 796602089 795469761 599228813 133348480 344190018 427027291 194649453 410198686 894481438 925856545 905110272 650084621 999396201 552833971 613709466 858005162 290682302 146705497 700294826 351707872 299131363 125827798 841115504 971562307 306053489 752094945 119044152 875978551 765814875 521718743 116806718 515312431 816168644 471485223 362220831 107831539 964708742 950822282 2751606 517278670 697590235 678921963 33342145 19067040 656614064 265306310 242448379 902672470 363379532 817891843 486226047 186443535 152510456 604137607 488515900 71604540 955879726 916062791 615901836 906514809 533046116 337145906 27838128 859296173 555066400 331017211 123828170 104294098 917117974 250637816 575612810 705858764 121277767 547788040 263739052 310845040 779032933 631093681 76517975 284060421 150529314 641958547 66356470 145264860 914380185 4189173 65691161 402305195 935530372 192992862 180856639 262159653 144376082 655702254 561541925 559598526 678479280 477313467 924227875 825782897 699208426 551532456 841802813 712897183 666339250 811460627 228298861 543610405 600549244 401020950 160889453 674949608 165275317 380976114 202775270 358390030 159511055 883055756 282774291 790446287 198002192 610671790 354744542 651272256 258589439 36522249 114759954 832654903 44763184 671594050 656136156 772196249 725516837 840520551 462452483 912495990 845906895 787397046 179258967 376390441 497901864 922828079 736215835 206545383 793705466 313575551 842871338 87539297 588460923 590625438 693677773 378464227 520191193 783565305 609396550 865337074 852642166 405121261 992665389 305626084 478772852 469472869 274047241 67793376 419392802 93567731 400013634 447645161 112894715 513216388 649263751 24669613 855987585 428786869 132573656 371480651 799516690 111788940 102724154 499813415 813874121 6280841 733669823 854307959 768946065 239597583 437108347 123153255 145125613 33905816 353529296 548708382 318327872 329578999 522204941 518134898 975376735 795187830 114449919 606094047 190336472 690123641 846097835 52149983 742437302 586247921 688108046 928588370 473292695 976672145 271865164 349600031 70797468 748839238 854878130 170255702 717621264 947097258 960487863 490863913 60546423 443864218 293043689 788837420 49231858 741745917 110330445 842161361 281545414 979034228 878686507 164798427 36080697 367682964 35609758 229121539 188418201 633677159 443496111 759034141 819910538 321908077 201374193 572080176 425078646 975703576 467096354 708082247 371815023 8508427 105809350 21397501 413265325 138694107 896071835 744382787 851103520 226414154 153891077 538392921 718823566 542425500 822982909 32450823 247795469 609943801 391270836 973934913 126966003 580156573 101264698 612743342 9819639 61864248 695888376 507365076 963397763 227683313 302045865 493671174 417267283 654669586 669830553 231169848 692488269 57994516 218039514 830673928 383182847 332654848 9045914 781625464 455486646 991725438 384534244 885720565 295707350 932169849 541248811 948338754 415585198 761059048 414652810 512582011 480994307 754334734 200473312 238108401 73156125 970367792 596430928 621257919 516687003 99560185 629645025 134746188 259814463 433810657 360018476 292088066 866973837 247204874 193895 14656045 297883289 334172311 767798212 552080505 828996148 666488404 608616249 393673714 379646319 753070302 216148029 296514375 311419061 554537047 850675162 140782964 26628392 831357628 432503487 300982489 161822179 558693543 870798505 801561311 827194577 223950882 904313684 638249887 339963234 301215971 196636117 919251791 786552112 957728574 881625968 710627976 309698419 592147033 658080402 837554667 945094630 639261847 577061132 602235612 453443808 525389385 495255215 836213523 287939958 684972443 373281344 128746397 861156664 39040472 275001802 775950610 901577070 508625490 421933422 800120233 668243207 230565317 664192083 866500239 737828169 978441618 716898475 767184757 770254364 173613970 707158001 940989184 424267706 612093274 426729860 326596882 501878405 734606509 938965035 505160249 973478718 423692694 803037110 446063317 740293745 336881368 965869887 989940514 149338382 253565108 892864032 898987550 924713074 359350085 84286431 983541740 845205135 671471810 477240073 747505446 564321336 308530129 660504468 152842536 235237011 905911951 600334110 427854138 773017592 93193361 246547283
611983647 612214502
794528135 795389220
212411497 213418573
419070134 419906786
274474052 276285061
839447260 840771827
650052888 650257498
350354749 350805471
57772099 58231860
52522039 53214572
609251414 609816639
395852905 397023166
786546257 786645338
358224724 358884456
371690537 372887730
2633124 3920775
429318959 433140024
714568630 714721947
997784639 998370076
894227680 895513488
564940674 567427438
338982265 340072975
692464632 692654133
445976264 446657811
264832401 265442058
543556448 544086256
247602307 247811524
737425018 738056294
355570491 357229856
666452593 666497000
855383291 857386496
555732591 555877149
852484654 852853238
562558138 562795949
373194957 373310952
139715671 141076853
858004487 858709701
602048552 602406840
9237712 9848177
38159363 39901501
137447405 139148089
593912317 595747464
777631085 780226694
529598252 530986528
889483882 892216726
637819636 638805489
111668032 111815843
804946527 807796598
308619854 309802273
100234681 100242231
403025025 403220926
600569044 601926715
600247260 600423617
613487390 613729173
134712068 135341684
701862312 702389719
895868900 896131458
294665456 294917950
812615173 814717593
153807199 154042330
74882083 75857278
842140684 842170406
695192779 697057810
905110080 905393434
772874281 773055394
754311100 755243752
655602529 655889595
427255956 428007282
196406534 196818606
936230995 937477984
227506265 227824599
552149320 553119278
628976025 629785152
589852546 590631419
841599766 841949985
253547844 253706759
262076219 262612573
678364544 678483189
124200258 126176262
595918553 596806058
168984903 171611071
741420677 741760983
705303483 706216946
261324164 261578681
259607224 259919915
600546647 600557394
502384595 505740958
126771005 126990161
638965531 639759618
164641487 164860327
800047760 800356516
640079215 642465575
496872068 497017914
488747394 489021815
423410663 423898322
268482235 269500011
512972992 514949447
916900702 917964753
498860923 500331765
945679714 946369484
909206461 911954470
114305118 114508606
93564679 94035209
495249914 495490528
615585862 615961984
576723254 577963521
242428181 244172613
436209863 441514287
975371010 975403173
796582483 798738718
301193533 301250248
108454101 110369133
190551385 191549177
427002614 427059022
718562381 718871776
795400509 796474516
832288364 834856110
714162850 714306817
366000428 366448219
330847253 331034289
937824144 939317028
952102936 952200640
70114152 71472011
591441555 592238038
653614704 654779923
666952405 668542338
992406397 993217889
691769236 692162710
965211865 965931452
305754576 306667220
33606016 34409137
511615801 512808080
371253189 371482616
724688194 725173419
277007486 278202740
20357364 23024409
4112128 4200738
799269912 799793827
671581291 671670142
198827619 200862972
651215359 651292737
239567394 240105625
947061186 947218559
923470485 924599989
71548803 71629092
846059597 846462680
345585548 346867997
209542982 209612878
784527917 785790739
60052892 60428609
410127075 410628335
433663067 433895876
706917267 707505051
485584453 487433189
112551410 112882515
525232066 525582495
717355542 717836548
7135688 8628739
782116704 782921139
736875150 737050760
955847579 956381373
518037711 518687188
703197968 703330048
609942574 609943842
478935345 484709974
452939720 453515816
412710460 414102609
222360985 225611235
698800714 699460950
266025858 266939855
656487442 656826967
188163832 189510707
379984472 381857220
300400417 300997305
978970575 980297102
854016182 854379526
643270662 643815507
121118050 121408141
102492219 102883982
228102067 228743384
780256117 781771348
180822419 182139976
584218747 587746296
692946077 694241458
733657044 733698363
875855921 876910775
515145938 515668302
720402401 723795776
172790177 176100518
575118102 575945082
612598485 613229359
186135624 186283978
101251474 102317014
624988254 626529558
493534414 493767574
192947898 194433352
134017262 134404955
296204231 296597165
152826925 152952009
801309496 801594058
558643189 558698608
61188519 62298399
165254827 166068904
671735334 675631837
201261709 201908194
230944194 233421732
230518341 230611117
968040229 971136704
991485418 991732935
964481480 964799944
669438420 670665101
284975347 285489685
404807358 405199940
318304009 318489163
864717920 865428708
931956428 934450455
815087402 816519184
273833122 274303888
349475061 349696966
766748151 767443144
753064267 753158894
605548906 607694847
307012802 307643555
842609167 842909663
990446698 990641617
975981032 976770374
424748254 425331054
547609417 547949919
240815348 241698744
351618227 351708745
24575967 24867130
773373135 776012633
477307026 477313969
450608544 451227530
176273012 177075696
936058069 936091198
286271686 287508601
884507290 886844472
999386719 999502062
961239096 963005755
127121781 131973233
656133497 656260167
633184019 633850506
145247133 145665968
854801742 854887750
93083745 93508752
734497713 735218862
97150699 98389416
711575807 713213169
323927324 324003831
973786666 974037280
47233586 47637836
748368695 749157176
414240721 414886745
381883735 384042762
922668036 923173817
132302483 132616866
954905523 955172239
336822040 336987722
489333471 490874596
32438301 32822549
255459787 255668928
568575784 570218374
238220193 239316411
760398285 762683210
455413200 455567394
716851346 717069032
160859366 160963165
354700200 354751732
229068972 229200669
114755802 114769637
620782726 624571697
278890054 281023473
263200429 263835040
34446839 35720066
145109833 145142118
758850438 759968868
478476464 478822614
727414510 727478355
83973142 84386538
308171094 308535298
817734735 817899514
771306611 772836444
106530322 108174598
671428498 671480498
260221377 260557908
851002780 851585360
940611283 941662466
977869242 978773891
194596488 195114787
527211611 528241069
950721317 950952937
133334700 133378232
728492337 733384668
906323613 906971611
225646321 226598494
647303010 648158897
545410126 546096316
363737260 363821293
571454555 572913591
579612162 581095383
751808475 752682905
368807991 369705535
89636168 90980934
149041687 149413635
157736835 157919063
828597228 829270654
975521636 975884265
36493490 36540389
473037274 473533245
526032679 527143845
770008038 770526343
27091001 27188366
64374214 65698563
825771928 825817939
290641486 291091913
299028460 299909076
629885471 632907041
283801861 284125059
939963588 940594124
415532708 415978605
25967398 27085357
789799099 790745214
608586814 608979935
986284153 989766406
52096806 52398670
326462646 326738188
359986969 360090238
788718821 789309818
539164587 541639433
644505204 645787144
146456787 148075981
841003800 841253299
447057867 447891503
868623872 873077845
697091619 697752152
700286196 701738966
548219622 549487615
763279331 763772665
384410700 384677304
522135072 522250633
213748029 215245982
458241503 459371585
424033810 424334074
822804771 823060718
100452637 100683571
563997915 564505094
599172543 599271872
98395820 100118031
660330759 660940164
425612687 425953536
725422471 725935710
281447860 281728014
844806571 845559891
14327729 15139806
898452097 899794595
443848444 444028163
229835501 229886394
477228278 477274204
989817855 990116785
55741697 56215244
756844651 757576493
116087554 117515506
16897377 17299933
117863161 119544074
487899129 488736520
295586730 295901657
554270472 554558291
516658180 516843914
455611733 456139902
257865834 258723478
915779108 916394994
105803150 105818473
507505542 508626727
72018185 72227270
361686763 361885030
331115089 332149199
963198568 963413182
678849268 679249501
234273503 234703148
767788105 767802907
334705487 335732116
379088580 379736398
707935727 708177399
310795236 311148764
809595389 810547633
367356402 368032247
393646903 395002057
337082168 338147673
542274869 542537123
610360850 610758811
18489817 19180799
123472355 123975853
86132106 89578360
648821488 649577094
332520117 333011543
171048 194548
905866781 905963884
333203988 334378750
122877610 123283799
581652143 583329377
888409705 888691707
865660732 866504119
877104334 880197730
297274380 298632031
72944089 73289152
311313482 311631131
363338186 363444791
559307671 561089950
60520567 60602044
971369864 973147382
912355113 912580254
543017078 543058159
810595411 811863765
197889528 198712585
501110968 501456635
36067583 36083919
723846068 724540172
689905701 691618114
282147549 282818527
301451619 302764679
740289794 740851159
76147632 77108614
765767220 766680752
736002559 736487579
420447662 422425250
826690361 826813514
460484495 463492894
973171698 973618750
791012764 791292859
742666094 746060358
474533463 475900249
390423722 391752361
892531818 893613091
58253270 59865560
27317932 27879816
376000401 377266447
270064203 272355292
186390045 186500250
957662510 957744691
627996482 628847832
400995955 401287696
256229417 257350123
9029109 9103181
159375284 159768753
501623103 501996043
465059709 467876180
405415347 405659063
426240724 426773232
152334797 152525817
238063143 238127990
835656791 836300623
882591309 883199070
983339656 983543632
709902352 711527387
818127340 820563140
359310224 359392617
554983344 555233778
205220253 209209427
353523326 354541484
787508619 788537159
901537379 902090555
551859147 552132476
179135957 180187000
549679794 551656287
215959512 216364009
900149709 900443384
48820434 49831293
682579390 683490372
947832232 948837498
378038596 378491198
428642993 429164141
141362633 144768740
5792000 6310901
945000525 945518099
112892726 112901536
62358171 63240534
684940310 686016522
149491596 150545863
535599375 538793496
827176034 827681811
902301056 903401796
666338715 666425399
657531350 659019761
924660314 924725903
868186878 868208449
830630382 831057787
491991665 492207012
161693468 161910068
28179751 31449031
903491221 904373663
326933836 330143449
919123904 919385412
362025295 362679717
235026846 235399580
155245779 156635252
787106666 787452389
934499922 935893005
202075091 203349923
529165574 529563833
471131052 471584218
305590618 305689619
311681003 315655559
650472800 650594386
78555440 80517981
401573653 403003625
831217089 832211893
162423027 163206915
507317978 507394907
881401488 881960763
469212857 470449743
836837269 837684502
33188749 33529428
801667948 804372519
497662139 498805850
928523355 930285002
861130282 861173062
966873782 967410481
845820491 845971255
517203852 517652225
793302705 794375892
661124370 664779783
531780781 533503383
866807528 866978573
287676619 290143791
442637500 443516703
588134936 588470917
406447325 409855479
588792519 589784947
292349413 293170515
67761777 67953596
42878435 46504878
914233201 914698788
521587777 521766782
320035821 322754921
602867418 604157224
190127016 190449419
960447954 960691073
561380837 562094673
850477030 850831977
783093097 784038007
292074577 292288853
246310909 246673923
518960798 520568260
66207843 66399406
342565611 344627140
924968509 926749743
417222062 417410354
747286391 748247975
434404823 435729476
399882078 400078983
103345463 104387394
687611432 688504233
250628339 250806386
247842802 249808860
217501861 218555282
742431858 742511739
387956673 388703181
768613516 769372521
746177415 746916483
596986154 598491286
247158766 247321018
858799001 859477467
616243880 619362046
