129
459556291 743750175 839965766 715436292 993310126 8400525 497872370 854748701 929563698 84709882 201519473 27989179 795521237 570823486 488439930 657951994 451234942 896772652 222513611 541336997 235404675 98174929 902172552 697513587 668979684 518470012 431846963 583492815 90157652 234962070 148982784 172567255 177140333 910054248 80556538 297536066 411590505 890547455 14766917 550182981 40457206 638602251 173621454 75818155 709715095 978263732 700892941 404615997 361418137 37448971 766474416 625014286 344925063 712931098 801079865 635794608 868880634 592186749 817883198 805321714 188595506 876465386 340711336 813934927 727632471 981074876 315174204 915901519 874822754 719822054 334885732 440704797 239275821 100674898 20783775 942254089 554697169 692885041 264999412 352283728 61563958 119571621 893894240 423660846 103508042 284338956 851524258 427174507 971031149 906405301 632660731 865377636 29390197 539421837 853145566 1212999 736272675 749791308 464604923 987078330 230327398 484530119 687647271 171640479 225721410 31852807 613983759 474120972 676964563 821353100 522207306 438924740 75024999 157101050 760251745 646517685 132043249 775480311 79802441 779250653 710298848 23039869 457907020 390549556 44895498 260652659 755517521 308045915 110843118
417233458 424974139
172931743 173864401
344715024 348310389
403879899 407283068
726748063 730893480
425117891 427440017
859124633 866590325
854720852 855962027
773697800 775577771
521950993 522869993
89795456 90495595
778104232 779315101
98019230 98389878
356412539 371988181
941693902 945551742
230125720 230929719
80265618 80681761
308007922 308569064
960648888 973636207
793794432 797053843
631096895 632950332
20643859 21252059
457693410 458518559
251816159 262390392
806558537 817258866
431348484 433968319
438502392 438994875
646342337 648459546
100466072 101014893
539318478 539436544
279687965 291271049
907736728 914821171
977049191 978950932
101358827 104094547
578316442 583752654
666861262 672991999
797703621 803815780
915399499 916773181
852895096 853502971
238415731 247173875
699943359 701478735
474061732 474277065
488042366 493938278
459203401 460161695
109928136 111643316
115028641 126352429
715027092 716802256
34811910 38061440
7654127 9172565
513953708 521349664
586439796 612901678
390204111 390774823
334453392 335532658
621874974 625896819
83315460 86563286
900388678 902447421
294538267 298073809
1094044 1236688
697276422 697610364
314396806 315306821
748910676 749850164
552871550 564585611
199281919 206273372
569376481 572823368
172423661 172735357
13483490 15082819
737927964 745052024
851330995 852312996
868402784 869079819
451066534 451599722
29354910 30165860
887331135 890685175
235065564 235802081
440554139 441252503
638379732 638879153
30828714 32089591
766384921 767098629
710004361 710642485
734401278 736821720
339715856 341106945
819080293 821632640
754748520 755866780
27475238 28596324
144422627 149609207
21756502 25332233
130692580 134045979
804895447 806097657
40286545 40552420
903077555 907596698
835468848 849914691
891221401 895538715
876134972 878226165
264066211 271946716
44100794 45414696
462435292 465629529
719211946 722865833
411064983 411921708
687455115 689032174
759518984 762537442
75810361 75828849
692852898 692933341
817519367 818644020
156588113 157463244
676435157 676973468
980775663 981786140
224683912 226209894
55193822 69202480
165496668 171922322
350223412 352766823
896735630 896949147
990685489 994168487
540820664 541772458
927961160 932878908
613945749 614532743
497475579 500068367
546896175 552044993
188457815 189476999
233047499 235013114
709440823 709752823
712329395 713137001
874650843 875304509
218382784 222620417
175756942 180075593
657887843 661396510
635341306 635969495
482838480 486262966
76120719 80036273
74934486 75190543
986316795 988597685
