214
879707859 694294108 828311120 757181387 427302989 368140465 57285968 716884342 954583169 542835248 746590711 230787135 619525190 523368617 101317427 191575817 454208048 481734340 371900313 261403479 271114994 400477264 252676589 623600566 566544773 823643317 292526849 352308735 307913221 500956202 156648855 638962307 172334592 526949583 984595013 23099777 537685625 524002232 925403734 854941253 808579362 611156099 989894983 254701083 499448060 993294187 603998560 186298689 810645546 383169411 17700658 548516662 614119690 768359040 165127761 212477909 479080889 521889252 699969546 819626806 502212757 485738022 245830727 272941948 464787370 494853084 508813373 814982527 832345402 200974980 213495310 938424785 327849361 867142219 559274934 842671375 456107495 73417026 579456559 557156540 323839995 300418294 961026001 912197913 294533914 875925958 169077055 791887762 184045748 194929559 142678494 377023133 442196242 870480523 904279737 362224567 491639234 85568635 437597268 344302557 858921395 242358776 793711181 356258604 682547318 505707732 753671822 440907691 674476312 469072634 54601695 383912316 931220480 513598149 788928535 592249324 705154443 926460336 12262998 227525081 53233688 48933985 648372800 430935033 404689552 660382272 163683666 110656209 652312211 637122979 910377184 503009817 895660497 346901760 189796616 406599922 443776559 179107482 459163626 118699069 281420087 856066961 570659132 555799676 595645570 848289871 971136605 138570144 812643314 325716433 561316680 713194541 976578618 573757206 532849990 298892520 285491506 62619065 375652775 659628557 981064528 631537293 724371904 24978096 462072138 108223306 8882295 538285394 334889013 740803660 606190914 773798830 205889927 366470716 331510811 760497213 433948142 158561894 664334926 928062797 874395605 339465581 68783936 217644061 891535207 249153682 837906130 799451593 507587572 581428160 47793430 588133194 45268663 30610053 914099066 44978924 65873930 475968773 39073464 420787630 900129067 657334977 782015765 89358916 81421651 952255849 927725209 317960466 417076075 393055251 303139128 391841493 653962970 816317300
638532357 641202883
459606019 464178436
699584592 703918942
535890916 537862855
442177501 442292923
157391819 162163724
559269586 559309329
16353039 18618513
338442875 339716630
925288571 926239087
491578379 492416303
634624396 637532584
439677572 441226035
280478485 281777588
655541443 658307312
458560897 459214629
56466756 59391590
185632199 187796157
812589446 812768113
437328886 438080701
104294430 108780684
200881507 201113124
793400050 797738711
745529591 746766238
6912044 9653941
516794993 522498011
573233179 575246955
703955367 709665735
899963380 900158517
594348633 600827225
300167087 300635685
526873254 527323818
541921224 547020797
710107146 716154706
252069067 252730472
346762047 349945529
927478047 927770207
140773613 143587582
223874432 228010876
301810856 304586320
40514654 45027892
913529247 918986920
858395836 859061696
323805583 324055075
664238532 665369688
642779480 650363636
927872564 928137496
522515443 523517489
982244013 988546677
229364870 238031735
371895025 371906352
355094198 360590878
512709722 514782804
324681988 326559366
658326880 659952873
841647303 842837621
845678801 848805307
54565967 54629853
910751542 912878419
773552066 773820481
47779616 47871478
556144008 558704552
934077696 939019037
164449030 166928495
258975359 262044317
508665242 512033274
821422326 826028631
479978844 482459879
895407123 896613673
110560424 110813200
974995282 979576130
890425463 892692320
901521856 905947770
523520352 524091730
61923286 64490584
272488567 273505360
362180092 362466713
48015782 49670959
87561567 89864407
403874585 405708993
22540560 23695078
393031365 393131325
606037195 608754820
478902329 479327429
879226464 884241207
189541693 189878840
570654105 570721669
809762434 810729604
501157004 502460160
980656266 981355907
498934234 499538665
560797667 563525656
464741556 465086887
332795023 338375880
954503598 954602220
344124071 344472878
722386064 730062766
716269943 717117566
203213224 207783302
443705951 443947948
603250022 605096108
504644035 505825330
475442490 478374778
53132098 53247756
38237788 39294704
790630824 792696051
156638672 156655756
298623450 299337726
466110507 473039950
674372494 679594945
679729529 688192784
163622938 163900885
537938796 539029244
622196855 626179277
264962034 272221841
191220473 191860628
326766936 329453203
382920330 383295940
652600802 654470875
815962687 816882979
960006905 964865476
383692011 384098968
853502039 855416041
868706847 873301204
817436277 819792113
376332159 379857253
873906402 874552308
390797923 392587327
85299634 86181170
293234874 298045986
757121443 757301986
660075208 660673004
759520806 761468977
780571375 782678111
583404486 591346203
68688668 70311288
11006752 13235865
213293209 213679543
988576499 991019559
910143335 910615696
315134651 318699955
214228932 221416757
28062138 37284099
306170786 314443111
65147259 66966287
926343078 926466488
548324183 548793076
455587323 456189950
730455992 744725502
247453759 250575284
446577850 454474677
493207001 497922454
787961892 790064764
813314289 815304041
430401902 431678828
651268740 652335697
836477253 839942302
414408687 420238933
866210062 867874715
966012388 973257401
171196038 173272955
832125087 832417277
45179336 46061807
502930292 504468233
855569188 856584037
117146802 127590234
331364178 332033593
484436233 488519944
610825514 612397077
613445617 615619056
500912184 501008639
254019938 254725363
808386069 809306140
284999446 286720685
768027394 768674689
427124326 428708679
798544728 804779804
192332626 195238962
245580436 245958902
177830261 180431640
182481639 184557363
211343859 212951451
70864671 76713127
506651262 508441808
553670744 555866827
420393768 421691402
406306929 406940743
566081892 567302458
580499335 582432261
365840155 366603785
95013942 104182451
875409438 876100759
616964129 621106909
576735146 579954381
751068782 755030209
241802388 243024742
931213231 932705919
628724448 633005747
350022829 355024538
690518284 696933548
948338982 953773188
433546188 435412041
168966105 169300294
991732310 997270786
826607229 828602987
79323993 84109073
591774536 593734149
400317607 402763935
530905017 532987938
23930445 25823577
367571284 368886859
131891256 140122250
373748623 376283350
292307284 292564685
