135
743350418 64256574 741858302 780549655 283350337 364680650 702189123 265920501 823705084 374839215 535167783 66608973 728021023 218046951 762774581 932444319 748776724 118655738 773646051 658383888 348793890 802483410 470406955 431170694 427568419 98536110 157329302 512822229 277001596 354865652 427755422 669785499 453276407 416709107 36229229 488922392 460363269 613982797 357550237 308815127 205352336 642929336 566704881 467857215 900696451 416836749 274615645 334035049 783083641 653101836 775617634 534296157 905104326 146314448 528691771 533572405 480510105 566067364 698527343 557406519 534051652 479504250 745151525 859238828 675661803 745360650 409378844 666298644 380781808 832484856 109552392 661736962 878583193 317152979 57488557 298743539 700948197 562684366 193606323 91473143 422293201 521832637 856702554 465449962 218507746 836845061 180656520 164981726 724907170 217866055 206334062 542901016 166070885 808476191 240101091 482244788 11372357 446749206 34095578 625342332 677844955 539100708 791966914 515736489 851893777 299689206 497647935 886245382 448354770 313090800 569880883 173337531 305411540 881575095 691028218 328316208 749849751 312207429 716204893 616786774 450051399 487309037 716479017 733621382 203119297 674094266 427506190 984169087 281673056 332302072 847809994 829910904 757411578 659887091 530420351
34369051 176528294
136887928 862461142
10589106 686550006
140345562 591193031
83708746 189759864
625731396 926771616
982772736 986219741
372643735 965913674
149231253 263120565
410772159 480193397
335852008 530230195
349462579 478680595
88662786 569845752
514736325 713109400
468913743 757419052
188359655 736496195
53131937 544423619
581166534 984237878
161728030 871425768
186764837 632805726
71450992 734141554
225336664 559887885
62227266 565986221
675340835 759015153
195330509 302124883
653875802 776316558
602709211 888683206
330263468 663509355
392299180 845839496
446969793 804504820
846292766 985568752
123594842 618156272
184472493 417816775
84707617 296406795
282670805 835725119
673959034 712533387
9805221 781816663
506914886 877673813
691920858 789773895
813868618 860528728
98938574 348009774
529218444 551671020
260524194 483658018
272705379 437523035
444787062 486963063
231118280 627746742
403749977 787792375
769587696 990508581
524456809 761503446
23938835 527807262
279364062 475582823
456760138 798031467
17171494 835414279
467976543 711087389
795577234 935997392
212737257 401067544
440094645 978519416
361492819 883953176
348091926 579762865
203166573 750453953
835681310 882711362
534445103 758223410
96245157 134216489
353070237 811692873
87666557 186340369
603890911 876510286
107433425 488457596
208652217 260897827
268913174 559833453
598956533 879124095
435994885 592787096
5502070 449420585
203589252 490483766
214536014 565261310
694374989 756412435
354764739 364937660
195902998 884884411
336480118 987222339
120138059 644292711
419882095 816445212
319090588 551538628
27748783 269037765
635200631 680614158
719145149 857281339
749197113 870056801
170812705 351671750
260877623 717886834
203403448 227995108
113004954 987383556
898180941 963292019
89911528 518954556
299870129 956141660
299415073 540734007
755784137 774945633
429439637 645846284
66507120 192528491
555303566 970709485
308808102 333520983
111187974 975148159
489788902 806760112
606880637 905682741
244676100 483122910
513701078 747705207
4601286 218384705
163997016 588647579
51775173 514542172
523130614 618843326
740114791 811509047
140752313 326547439
376636477 721629973
407395046 569691479
362404700 910272964
466498971 863455417
422763266 933871027
130819886 923270862
836213054 964988460
349520497 720354858
243949680 896019480
372327628 757077267
14673111 552920870
17010587 489463563
206496094 332435410
11319285 140217291
283507864 432315023
30332083 622729315
389670176 839653957
683156774 821837244
41225748 483040698
80927125 248241334
772708513 897088095
417959412 694984245
429014291 888995525
49049669 225986945
586955872 822124161
234253337 541604905
