243
184028717 455714035 713615071 517697926 631468407 537609423 147336160 435290960 750882894 494352795 397650426 685483458 205070813 546653591 302762162 442527937 247449564 374856104 278425749 339421503 53934390 733251146 974266576 522857490 607101049 878299630 822249956 98255543 516444454 788286828 517607061 928897936 408175652 697814861 609149782 217386481 223199064 611471266 85916391 593321272 89433757 388212716 740702538 394244575 905393530 706260956 745737702 463319913 586779631 148648862 656187995 338335605 766771931 478661283 560827824 324942910 688837093 279239880 774493288 652191140 336296222 217151524 793843165 580336093 288733639 447993603 786351307 618903435 621848574 383510142 105201315 176119203 396348825 174632464 442897075 581827280 771156722 70532055 398445732 375897518 802897960 933245574 870767958 714010357 892289974 121831229 765903503 616071722 354596641 316470585 555327996 923752883 376317247 315312780 715127760 296680226 433413847 820757952 529361535 311194063 878618816 528786086 109459672 961412096 615616246 46602937 660102912 334333079 750480591 41088182 564096188 667407159 616120590 169858773 279027993 395311395 485824571 812995138 620600286 691662814 320311082 575788083 724282057 976383830 511223224 761084828 406527968 738008817 642571598 725225649 283642366 718964802 587410479 415037228 816453830 98040613 704689745 625226147 772244227 721735244 323240510 631096152 797383248 576500984 517006247 107188648 663154422 329573155 796276182 503904053 599714347 820124269 922067904 205698961 829891788 636930296 493406141 155703799 9683067 461241496 395376071 545844468 387645759 370480992 342021799 856309499 130469382 516488726 76198420 745700207 813806365 31187809 664034611 839032831 102517862 272965244 484558151 538844098 348155307 322439303 145569192 320917419 627837505 402968950 645940770 768268042 235474675 563115255 304210518 848036296 791690302 407775911 99036762 576960163 652436152 223080971 330487280 476238812 743677948 821907124 556538019 683552348 401077154 487973668 346378498 837743908 104729294 219252664 531012971 60505506 297783737 230209265 613785800 650938342 61067368 151566932 744525406 830337066 769631667 589272603 697089123 380323193 902415403 153624639 335036205 436482143 468527010 484335081 650743716 762017054 586785508 575537323 420120225 371767571 568152015 698794919 150506880 470765629 457528790 869911015 207873780 393420523 376395864
316861666 821322497
710365388 721177939
87451570 499057404
363282010 694685017
433474589 444302407
282532871 585887682
694745913 821531381
413856366 857776593
502189569 569848485
538214584 887801232
760166377 953791996
286814011 670471908
846860575 956384620
24618717 688752469
589443931 735111914
626561524 946708601
122853323 829462801
48409573 880952255
138956366 171110718
323915749 429424250
42745074 483975563
313967513 364195268
469891810 681041998
36594096 314998201
75449216 78340149
15176724 75451289
277835845 917561089
145351858 314777974
254239639 938304508
409804631 884809718
15595791 331232935
95906831 354641736
541323935 648022236
76320013 865473530
93159541 430789621
456173809 731876984
189391251 718099863
635682245 976046676
498899752 811578717
241022608 444595591
617442727 996573745
121307383 990378622
142529003 697443537
135669655 590664878
668233988 834002197
70086994 131997651
315716397 934895222
133590730 329310817
850926069 876853269
287331781 871371537
81517346 905364362
266725840 921098871
28113351 611621586
366936459 399163455
235002617 473260099
456790880 528084997
467491498 993148167
73984169 243008794
89505193 490104844
208274547 911696266
674553756 787328026
550387420 981553715
159303619 180345861
606448221 682859278
120229550 328494633
130264833 199478507
182906457 504068432
573721751 758201995
359415709 397507105
648113741 982138388
403487205 788185424
652412481 894392139
669028885 727050710
62953157 159162996
617730419 662383910
325285225 425411033
423875341 529731728
310561239 824583909
426187400 931850430
179510693 555388630
375847763 572870890
181557918 802557406
30289813 978638137
392517347 673437945
644914991 902678916
833866337 840956965
405855807 671109455
440181012 867807384
195791190 984293787
157296799 571618038
35108120 783079504
135234716 918894475
95494680 335843453
158726867 446589423
212967608 695251361
183090652 669754277
333776729 874398530
78204881 999567672
398840631 774373238
313606787 522001413
71855947 149397832
54646380 249796149
560799855 960609403
11178896 618327828
860048359 914735926
370171253 393728087
463203215 975410501
378134707 630346470
251883768 361619004
807495998 854050007
127361096 725974695
409981074 703532246
41289408 48039700
738949338 917885296
315446618 702656612
194253122 874680094
254732453 619677727
122694080 887689072
778949316 817410390
449839122 705812443
331506007 821291101
248567730 610802178
154911182 399666496
826997686 888488862
751040108 826783090
577128914 902564158
101677333 124121157
30675835 557495377
217440464 859458547
311667015 663118377
216388013 762149397
275650666 862459223
260503538 739536787
1699501 83708726
53069368 968113671
160378840 484623942
559469344 617224380
702801601 869532118
668806162 862761813
605959218 800281939
627393585 860342254
415651189 802773822
584438973 655248895
20976560 202484185
772841339 914453035
25594842 93678650
316292405 316507223
289916583 903453760
199706360 502240298
42499703 959608850
28697263 506752710
458555210 890523707
728068718 802428261
225555996 697483352
471091113 718392353
88645234 303845493
647297489 815035746
229823832 920821549
37859781 870727914
432400080 435565211
140657218 438340657
525651982 622916350
132360701 459397356
281559528 949081633
519338682 924174744
67340236 644243040
40439891 344577480
369771580 827266743
19987303 559931036
202470982 752512415
440805222 990235207
324860623 651581742
539860773 830407290
653742028 991677292
146692917 778219356
495932545 721281879
256228524 487976924
515306384 962225992
173393895 936827802
648879201 808060482
7544667 242358637
521758897 851477697
318530268 680212976
463381616 574033632
300281313 331492477
641614447 980670660
379186723 491289562
531492783 695044009
293267342 525665711
584328941 867537533
384899291 400878052
962888252 979628635
139344404 997905250
106747094 857349657
586587305 587415555
259908204 838807799
16569867 695670221
272585430 889394986
366047603 529076610
164544968 505979770
685322694 719131175
134300941 403336184
148267266 948217669
532444234 677166144
219982180 377877760
356481689 839624438
295965916 426255911
44590777 738537306
113667606 550932796
54064390 324549856
123196358 544108481
315673852 576380231
566968624 576232722
328319022 550012335
185889636 624866349
447643458 685735602
108680305 633119583
51818819 223671759
357638879 830154501
453743818 546178824
122731461 620136542
975691379 983790825
435399983 829101555
201967104 539203097
221447592 966008227
82982184 671458914
79861731 148299826
439686766 772101753
277684505 504006230
23310507 923652848
76760814 275778440
64861932 270031583
799937932 815836525
478801341 722830827
516523289 527440454
145412706 826180096
302256190 872707545
188881616 383997276
80647979 411633923
255413128 588271038
168085009 446449669
351192821 923769555
485981798 802935446
