25 39
-32 -25 92 95 100 40 -67 -33 -51 -44 -9 42 44 -87 91 -96 91 3 99 13 92 -66 -23 -75 41 -84 -88 92 80 -73 63 -47 -13 -87 11 -50 -20 -99 90
42 94 86 -25 25 60 -36 81 -84 65 -44 -35 -87 -14 41 68 96 94 -99 -70 98 -94 -78 -53 84 -22 -46 -58 -19 -84 58 17 -40 62 20 38 -99 -81 0
70 -55 -17 27 -75 -24 -54 -51 72 -24 -87 -40 9 -86 -51 -80 27 -39 -41 0 84 -30 -20 72 53 -1 62 74 -77 1 -39 16 86 55 -90 58 16 34 -37
-61 -96 -31 -24 -81 -43 -58 -77 -40 -52 -72 -77 -25 7 -54 -54 60 58 49 29 32 -94 -19 -38 54 62 -33 25 11 14 0 66 58 86 99 48 -98 36 -98
61 -93 -50 58 65 -46 92 27 29 -68 72 -70 -74 26 -47 -3 16 -96 -46 56 -44 22 -38 87 85 -48 -98 75 98 -90 -94 68 -76 -90 -32 -41 52 99 -99
90 34 47 82 19 46 -79 -55 -95 60 -34 99 44 -30 -42 -58 88 -83 -14 -15 -30 -81 35 -14 -66 -25 -89 73 23 -72 -8 -28 -17 10 -16 94 -66 80 41
30 88 97 -26 49 27 54 47 22 79 46 -36 52 42 4 -14 98 67 91 -28 -25 88 80 -76 30 61 -93 4 -32 -61 -95 71 -68 -71 3 73 56 87 32
-36 71 54 44 75 41 72 -58 64 77 -20 -92 33 75 -69 83 99 68 56 39 19 -79 96 -44 -14 61 74 -87 12 -36 -92 -23 0 98 -57 -78 -51 -18 53
11 89 95 38 62 -50 -98 -50 25 -32 5 -30 22 -53 -44 12 78 -44 58 46 47 -48 94 -70 -33 62 43 -43 46 46 5 -26 67 50 -74 92 -50 0 -96
-99 -40 -61 -22 85 22 -33 46 98 18 12 -13 -98 -66 52 96 20 -28 -71 -52 -51 23 -71 -91 -69 91 -34 26 -6 -22 -18 95 88 -80 21 71 -79 -24 -84
74 43 -39 8 65 14 52 66 61 -11 -60 82 85 -6 -71 83 -22 -21 94 -30 4 -6 92 -40 -55 -97 0 40 93 33 -13 89 96 -83 -2 34 -12 4 79
-94 50 -81 37 -55 -33 55 -12 23 -69 52 7 -28 10 -36 -45 20 23 48 70 -37 -32 31 -65 -54 34 -61 -99 -63 -88 63 -60 96 2 -98 -95 79 9 92
66 61 -90 15 3 -61 -2 30 -89 -49 -56 -60 18 88 -28 -59 -20 -35 -89 1 -46 99 -90 -37 -39 55 -89 -82 38 7 52 46 -1 82 -96 -15 -100 69 94
6 84 60 -18 -31 13 -63 -77 94 59 -22 68 20 -33 -85 -25 91 -31 82 -100 -74 -37 45 -69 -12 -18 -25 -2 -50 53 -2 -11 12 49 94 97 -19 41 19
84 37 -20 78 74 -75 -53 80 96 1 63 -49 -13 -58 -38 -56 78 25 14 57 -55 -94 -44 -48 74 -51 -27 65 91 82 -10 -29 -8 47 28 41 -16 -7 -68
-10 95 15 12 -11 59 -22 -67 -66 94 -97 57 -23 -30 70 46 -64 43 -63 -78 -84 -55 81 78 -42 -4 88 -99 40 68 66 -24 2 17 -38 -24 33 -15 -42
-68 55 6 70 -74 69 -78 40 38 70 -4 58 21 70 95 -32 81 50 -76 -36 -23 -76 9 17 47 -12 -57 -34 -36 54 -87 -62 78 50 -71 -24 -87 -10 -38
-81 -1 -89 -16 43 -70 -78 65 93 11 -98 -54 26 81 79 -11 51 -78 39 -89 -100 27 23 52 71 78 -78 96 -78 -31 44 -12 25 -3 -32 35 -65 65 84
-15 -26 -39 -77 -83 -78 87 55 27 95 -29 -29 -75 41 47 -8 -86 68 99 98 12 93 -1 -82 80 -28 -85 -78 -38 0 17 7 75 -8 -43 64 46 -14 -50
-51 30 80 -2 85 95 86 -64 48 14 -62 -31 70 88 70 -22 60 96 -30 -53 -99 -92 100 65 -51 -19 -31 -81 -17 -56 69 -66 41 15 -17 22 70 -7 59
-3 -64 -91 -65 50 -49 -1 30 -41 -30 31 -20 -96 -34 55 -88 14 -14 39 70 39 -37 -94 -74 89 -54 -93 53 80 64 14 9 -75 -54 7 -54 -86 73 76
68 -60 -31 76 76 18 10 56 -81 -37 -47 52 83 -19 26 67 -48 95 -72 -31 -69 81 64 47 23 -74 -46 98 -84 88 -34 69 -36 -89 47 56 -10 14 0
-35 -82 85 -16 -77 -38 72 -5 -63 87 13 -49 -80 -39 -21 -19 -72 -35 85 67 -27 -95 -51 38 98 -81 -67 -30 95 -23 -40 20 -42 11 80 -4 41 94 -79
0 82 -21 -35 43 26 -86 -73 -50 100 -59 -38 -8 75 55 -1 -29 -98 -32 -94 -30 -23 -61 27 69 96 -63 92 -95 -90 52 -27 -21 77 -33 -90 -8 -89 46
-69 14 -51 -23 66 -3 94 3 15 -50 78 12 -26 11 -96 -56 -52 -50 16 -3 14 32 -86 20 -30 35 23 -47 -63 45 48 30 -50 17 9 -39 64 -93 76
