96 78
65 -55 50 -61 -87 -43 35 -76 51 -26 -54 24 -18 -68 -64 -80 -6 -70 72 -11 74 -30 40 12 75 -32 46 90 -84 -73 -52 37 -4 71 -38 18 12 -75 69 -85 -83 -83 23 -1 3 0 21 96 22 -92 -14 81 25 25 45 -23 41 97 85 -40 -62 57 58 10 -52 -80 -1 52 -5 28 -90 -62 -40 21 -71 31 90 -20
-50 51 -22 45 -64 -68 -25 -47 -15 67 -8 86 69 -53 -84 -6 49 -36 11 -18 -82 -41 -40 -68 96 -36 -45 -16 20 -54 -11 -13 -97 -46 -92 25 78 -56 93 31 -55 3 -73 46 -47 47 -71 -3 -3 81 35 7 -68 59 -46 67 10 -97 -31 61 70 62 81 -33 41 -14 8 79 -98 12 -55 -82 84 32 68 77 82 35
-83 56 34 30 31 38 56 -12 -99 -54 -58 71 85 25 54 -79 70 -48 -22 -88 34 28 -61 30 72 -91 59 44 15 27 -61 -9 95 -95 -43 25 -57 86 86 -71 -75 -45 82 49 -20 -13 65 -2 -47 34 -93 78 -18 91 46 74 3 79 -18 -5 77 99 43 0 100 95 42 -100 -67 27 47 79 -34 -50 -48 75 20 -57
24 3 -97 55 31 3 -22 -32 -86 97 7 -53 20 -59 -75 81 63 61 -17 -88 31 57 -43 38 -63 56 45 -21 65 35 -31 -72 30 -42 51 43 89 11 10 88 -97 18 -7 89 63 -22 -56 78 -86 -47 -35 84 -89 -97 39 -34 -81 -51 58 -99 -12 -24 80 -53 77 -73 0 74 99 -54 99 89 -74 -28 -45 27 60 -57
-12 86 -52 -11 -11 55 71 -4 -58 21 64 63 63 4 78 12 68 -31 69 54 36 -50 47 100 89 -16 -20 17 42 -55 89 92 -60 -11 69 47 7 56 -38 73 85 12 -98 -70 -75 -10 22 30 95 -99 -58 -8 16 -95 -24 84 -26 -30 53 -23 30 -86 -50 -60 -47 -57 91 -22 -57 88 72 -46 90 23 -2 -58 -37 -64
29 -98 73 26 -67 -14 8 -87 -67 -15 35 -31 -44 50 -94 92 -1 -56 -33 62 87 -27 68 60 -27 60 -88 47 -5 -93 17 -49 -77 27 37 28 -78 93 93 75 18 8 8 12 -75 96 -70 74 66 -35 -80 84 9 52 -53 80 74 33 -33 44 -92 33 -98 -75 94 2 -46 -59 10 77 49 -93 30 96 84 -11 1 42
44 -94 -37 -31 12 -80 0 40 -1 56 96 -35 -76 -94 -44 -21 -68 -61 -99 -50 52 -49 26 41 -4 -83 95 -47 94 1 -40 -65 43 -92 1 -45 72 -45 95 -83 -22 -63 -47 -46 4 29 10 22 -45 18 87 53 82 51 -19 11 97 -65 -71 -45 33 -93 98 9 76 -60 63 91 88 74 -28 17 35 -10 -10 -99 -68 -8
82 28 66 96 -58 -36 59 12 74 26 -89 -78 -59 -61 65 27 27 -33 -55 18 -35 -81 -86 -53 -41 64 73 -72 27 67 -92 32 -25 -32 -59 17 -60 19 95 -60 -55 62 -99 -65 -44 29 -41 -100 -17 78 -10 -79 -23 -90 55 87 -2 -22 -9 -47 -95 -10 -77 1 -13 -87 -45 -76 -12 -3 -22 33 20 -50 -58 -84 68 -63
44 -86 52 -6 3 -19 40 70 26 -49 -52 -78 -6 4 -38 -4 70 89 -13 -41 19 29 51 20 -27 -58 2 -28 -23 49 11 -37 -13 61 26 -60 -86 -33 -10 88 73 3 86 62 -99 37 -73 -75 83 89 -68 -5 -87 43 -37 -86 -97 11 92 -61 29 86 10 54 -31 -71 -50 -50 -80 92 -90 4 73 -33 -97 -15 -94 -36
23 60 15 16 98 -51 -78 -83 72 82 -35 -68 56 -77 -76 7 95 4 -23 -26 50 74 49 -2 52 53 70 -69 66 -91 62 85 -77 -20 -95 -79 13 1 14 93 51 66 -27 -42 39 95 -40 -38 69 -50 -83 48 47 -99 7 82 74 -55 32 49 -66 10 90 51 -2 -60 29 -52 74 -38 31 -66 -33 -48 20 -39 -37 47
-40 -54 -30 53 -74 24 52 41 65 59 -20 12 -18 85 -9 -76 59 -53 -75 -41 98 6 -35 44 48 -47 90 38 -50 -81 -69 -56 -7 14 86 -14 -17 -37 99 19 10 -31 -72 76 6 -16 -19 89 -64 34 -46 59 85 77 83 72 60 65 25 -99 54 -15 -91 -2 34 -51 -78 -40 43 -15 66 -96 4 -15 -27 -61 9 78
-80 42 -6 -67 -92 -78 -5 -53 100 85 -60 41 -57 -80 -70 -52 -14 58 1 99 -44 72 -69 -60 49 -37 5 88 -10 -70 93 -77 -59 -85 -35 95 18 -90 63 -79 -13 -41 7 -67 -49 46 -60 -38 23 35 -1 54 80 19 -52 65 -76 94 7 -48 37 -18 46 29 -42 -30 12 -55 -97 -40 -21 -66 -87 74 -7 6 0 -4
-88 26 -47 71 -42 -64 -61 -100 -87 -27 80 7 -82 -54 81 -28 62 -93 -66 -82 -47 49 -85 5 70 -34 44 -91 9 -70 49 100 9 50 -45 41 -50 76 13 9 13 -50 -64 3 33 73 47 -56 -63 81 -39 -20 67 -82 55 -30 95 30 -82 96 83 -92 30 93 -85 -76 -67 31 73 8 46 99 11 3 -6 -74 26 -51
-11 -11 90 -2 -45 21 95 33 -67 -64 -28 -50 92 -65 77 -34 -49 -94 12 -1 89 -43 33 80 68 53 60 64 -92 1 -36 -78 98 -67 54 -16 27 -56 9 32 44 53 46 -92 80 21 75 -22 0 -85 -16 14 39 18 -9 0 27 -19 1 -11 -31 24 25 -59 -93 -41 -71 -19 75 -42 98 -92 -17 31 83 41 95 -35
69 -11 -83 1 90 -72 -35 -82 -24 -87 -72 57 97 -36 19 -89 -55 -25 -59 -97 58 -52 58 -79 75 -29 87 -48 95 -46 5 -29 -10 -27 -82 -28 -45 42 44 57 93 -46 41 78 -15 -96 99 75 32 22 -59 -28 -28 -47 -56 -37 -39 74 96 10 -88 48 -43 70 -23 32 -87 70 29 87 -14 -28 27 71 16 -97 -14 86
51 -57 51 -70 55 -27 -29 39 49 81 96 -63 -11 50 -41 74 -1 59 74 -1 -43 -26 -57 18 -73 -14 57 -72 -86 22 -91 -23 -98 -66 28 -37 43 20 93 -90 -64 -91 -41 -81 85 0 -15 10 67 76 -85 -33 31 -95 90 18 80 15 -81 23 -10 -50 36 -97 -17 29 76 97 13 84 -98 37 -41 53 28 77 45 -51
-45 -10 15 19 -17 65 53 -59 32 -5 -46 -58 -63 50 -91 51 -21 95 17 -68 -60 59 49 8 74 1 -21 -93 -28 14 -12 44 10 26 78 16 -4 -95 72 -73 -58 -92 -24 31 -43 -4 2 30 -33 1 -57 -82 -23 -43 41 78 -3 -47 92 77 -64 29 39 -16 -40 -59 -58 41 -18 -75 22 95 -58 -10 -48 78 -45 29
-28 -36 -21 44 -95 15 -10 -78 -95 47 69 7 -30 71 94 69 -15 -56 -94 -57 49 -22 -83 61 3 -66 -91 -30 86 -35 -80 -41 35 -17 30 100 -29 25 24 27 -99 -62 -10 -99 -71 -79 -95 64 -33 -57 98 84 -29 -18 -66 -12 -81 -95 -68 -20 -21 23 75 -2 -86 -29 4 67 -77 -15 -97 6 74 -38 -86 -82 94 18
-5 86 34 -17 16 -3 -10 22 -45 -61 -72 16 -84 31 43 -71 -53 37 -26 -45 99 -18 -53 58 -25 -40 58 25 28 33 -41 18 -13 -68 -57 56 -32 -77 -94 -42 -80 -55 -35 28 86 25 -93 76 -38 -88 -49 52 -15 75 -66 22 39 72 -14 9 85 -90 -26 51 27 66 68 76 -94 23 80 -96 -42 -86 73 -31 -19 37
-82 -29 -81 26 93 73 -84 -87 -92 -84 -81 -5 55 -96 69 -23 27 -51 55 60 4 -51 -78 68 10 -89 -3 37 -78 -63 -38 -100 -7 93 43 -18 -8 -75 -73 87 78 -58 -4 -70 89 77 12 71 -91 -60 -84 19 92 20 33 38 60 -41 4 8 73 59 -37 -9 87 87 9 -75 97 -41 60 60 -92 -45 -100 -83 11 -54
56 -76 3 -68 74 -92 -10 61 -36 68 -11 21 -76 81 -88 -87 31 69 35 12 -91 -40 -76 91 -17 100 -17 93 28 56 -52 90 -74 25 58 -87 -85 87 83 25 -35 97 -76 12 -42 -100 -40 -71 -48 96 -62 33 52 44 9 45 18 72 -61 -71 -5 35 -97 -12 69 -88 31 -82 93 94 39 31 -7 76 -44 100 25 17
-68 40 -52 -36 97 -32 -85 -42 9 -81 22 -77 73 13 37 -57 -22 36 47 -60 -25 60 85 -23 -85 40 97 92 83 89 -6 -29 -73 -21 -77 45 -87 0 -30 12 75 -11 87 -34 -73 -36 -77 84 -10 -29 -68 -98 -17 71 -69 -27 -62 -83 -55 -43 32 -17 -91 7 -66 45 -53 -76 77 -96 -44 6 -86 -81 6 -61 25 -21
-87 20 -13 -10 39 -44 3 14 20 82 -20 66 -99 78 -96 54 78 62 28 98 44 -50 -93 -80 49 59 -22 80 -31 -5 73 -52 -33 76 -59 85 25 -83 47 -45 -99 14 -58 74 35 22 1 27 26 -65 84 -85 26 -7 -2 63 -59 -65 -78 -79 18 22 -21 -70 27 -66 87 -65 -31 -38 37 -69 33 -36 96 21 -93 25
-14 -63 -62 -31 94 -83 -21 50 52 -82 -86 52 46 6 -9 -10 77 92 -17 8 55 1 39 33 93 93 27 71 14 94 24 -87 7 -86 -63 -51 -51 66 66 45 14 93 -37 20 -32 75 9 -90 -29 -100 -42 -25 -44 4 -84 -96 6 -64 -38 45 -6 2 58 79 -80 91 -55 -48 -50 97 67 29 -83 74 -89 -62 14 69
-27 -35 -53 -5 31 74 -63 -44 50 -79 -55 -6 80 -76 -8 35 -61 63 54 12 30 -83 -19 -22 30 18 19 5 21 -11 0 -86 -17 95 -5 -72 -88 93 97 -54 25 64 14 14 59 26 15 -29 16 -90 88 -64 -100 -42 31 40 -13 -50 59 -70 -17 95 96 63 -38 -5 4 -47 75 -99 -39 -7 -45 39 38 -100 57 26
-6 95 -25 85 -42 19 -51 59 34 81 63 -50 -17 97 -72 -90 -24 -50 -58 -16 -24 78 70 -13 -57 -78 44 -83 61 -17 56 -97 37 17 -68 -32 -21 -18 -29 0 -90 -90 69 -32 27 -53 14 -4 48 95 29 -58 -11 -97 -24 -26 28 -8 -33 43 -90 -43 95 -55 -25 62 22 34 10 -21 90 -79 -77 -31 53 -69 -29 32
95 16 13 -71 -3 -78 -56 -79 -15 -91 31 -97 55 -28 -6 -14 81 41 57 -69 62 76 37 -28 -39 -71 85 0 22 -29 40 -11 41 52 25 -32 71 50 -81 11 44 66 56 -74 30 -40 75 71 7 -69 -6 16 -54 -20 91 95 -68 51 -84 45 -41 -16 -17 35 100 85 5 24 4 -86 74 -95 -25 40 26 -21 46 -68
-41 28 96 -60 70 -7 -24 23 -20 94 -71 100 4 57 34 -33 35 41 -31 -9 57 12 55 -67 48 24 -95 10 -44 -17 -36 -76 -87 -24 91 -95 -19 -20 -30 7 78 32 -99 75 -94 -31 61 49 -9 73 49 47 -41 85 1 -20 13 -14 34 -2 64 23 58 -55 88 76 -91 5 -9 -15 70 35 71 67 17 50 69 60
-19 21 27 -89 81 -68 58 20 -7 51 -2 46 10 -29 -56 53 -41 72 -91 98 49 27 57 19 61 -47 -64 41 -4 63 56 -94 -27 -64 -42 45 5 20 -30 95 -66 80 -50 54 54 -37 -77 -75 76 78 0 -28 -94 90 -27 72 -80 1 -6 -68 37 -85 91 27 13 10 63 89 93 -67 47 14 -14 -65 87 -95 -70 -85
-92 -26 -16 43 -32 -62 70 13 -69 6 25 94 36 -86 78 -53 -33 -43 51 -18 36 94 92 -2 -12 6 73 -37 82 51 -10 -64 54 -1 19 -28 -5 64 -15 45 -19 23 -91 79 -49 83 35 -2 67 -55 -26 21 -100 -36 40 83 -88 -79 -80 -74 -89 37 -87 58 76 -2 -14 32 -95 12 69 92 -71 83 49 77 -43 -25
49 99 -3 86 -14 30 39 -20 53 59 -21 -44 94 -26 -29 -87 -19 76 28 -22 -18 86 -94 10 87 -61 33 41 -42 -10 27 -72 31 32 -4 -59 -57 41 47 33 60 29 70 -8 -62 -83 -19 94 19 -38 76 11 -42 51 -79 -41 -27 12 49 -7 28 70 28 97 -32 81 -8 68 -43 -36 -29 -16 83 49 -1 21 33 33
16 -63 -52 98 21 87 -90 94 41 75 65 -14 55 81 -29 -18 37 81 6 -47 49 -34 17 -18 -23 -47 -86 -38 90 -60 82 23 -24 -65 18 3 -4 -29 54 -32 16 -22 -11 -61 -61 56 -85 -71 73 -43 39 -52 -88 -8 86 42 37 -2 -81 -5 -27 59 -48 -2 -76 -6 -92 -55 -9 -46 -79 -71 64 77 -93 38 26 72
-61 -33 -9 -25 63 -24 40 -89 -74 -10 -56 -91 -39 -34 -56 37 62 56 13 63 -40 -64 68 -42 -77 -83 -22 53 -67 -22 -20 94 84 -25 92 71 -15 -100 5 22 48 62 61 75 -78 55 73 -40 7 -96 -86 -16 69 -65 72 -21 -58 28 40 -53 87 -97 -69 46 -32 50 -43 23 -23 -12 -40 -35 80 26 -61 20 78 5
-97 94 -90 -91 -83 95 37 59 -24 66 -85 -48 95 34 -1 86 -21 -46 34 91 -49 -32 -18 89 25 -70 -46 25 -98 -27 62 -57 -80 76 98 51 -98 -100 -3 -50 18 29 84 -90 64 -86 54 -84 -36 -99 4 47 76 -35 19 -47 24 -2 29 -43 60 -41 -14 -75 -82 100 -61 -96 -62 -40 43 99 -100 -72 54 -72 -2 61
-8 -87 70 -28 76 2 -94 11 -94 -38 52 14 -96 70 -91 -19 75 92 -94 61 -27 -18 94 1 -76 -58 3 -70 37 -5 -89 -45 86 53 25 -31 -20 26 40 -29 8 2 -59 43 68 -71 83 -93 -22 18 -85 15 28 -65 -37 -14 -78 -72 13 4 -99 -4 23 -84 79 -91 -41 28 -57 -36 18 13 -98 -40 -92 53 -28 -30
49 -19 32 -95 -58 28 60 -85 -76 89 -16 37 74 -46 76 -13 73 47 14 4 45 -63 9 4 37 -29 -81 -45 76 -72 -93 95 -32 -94 -51 15 6 -17 -53 -83 58 11 7 -94 83 56 -60 -67 5 14 69 -68 99 100 49 73 -57 -51 27 -66 38 35 16 79 -27 -30 75 -44 -92 82 -77 -43 74 77 -28 11 -10 75
-45 -88 -21 70 -31 85 37 37 98 100 93 15 -55 -69 -64 83 -71 -11 -73 90 -40 62 56 -81 12 47 37 -76 99 93 88 61 -70 -46 26 -36 40 -12 90 9 70 78 46 -29 80 46 96 7 -7 0 86 3 -8 -8 -11 -31 -60 46 -4 5 19 74 -32 56 -43 22 -32 71 35 -61 45 -57 -71 27 -23 65 -49 -88
-91 7 -70 -52 43 -3 5 45 -69 37 -88 44 -92 12 31 -24 -10 -62 84 91 100 -30 -70 96 74 95 62 63 -45 -35 -98 -23 -24 54 93 21 -36 91 71 -88 -57 2 28 -45 54 62 -26 34 -3 68 -79 9 -10 12 73 73 -77 69 84 -51 23 -11 -5 89 -69 7 56 86 37 -19 -75 -15 -26 -66 28 25 72 47
-35 5 46 46 10 -15 -50 31 59 30 -36 -37 62 94 -57 -64 -61 49 100 -5 100 25 21 87 -67 30 -25 -73 97 -4 -73 -75 -9 80 22 -96 -66 -57 -42 -16 -66 6 95 -74 26 99 3 -55 44 -62 88 6 -24 -22 -66 69 77 40 -18 59 -42 50 -13 -94 42 43 -80 -22 -25 83 63 -47 84 -60 -3 12 20 16
68 -70 58 80 9 50 -80 98 50 97 8 54 -30 5 88 -47 67 84 -83 -43 -2 -33 1 60 65 -24 -31 -6 -71 68 -92 -24 72 -80 28 -97 1 3 82 -50 -98 -21 40 78 -54 96 27 -48 -28 -82 -63 78 52 -74 89 -56 -77 97 -63 -71 -32 9 -86 -84 -5 -88 -63 65 -83 64 -95 -52 41 7 -95 -84 -26 60
-2 10 -98 94 56 -25 4 70 -4 -35 15 85 -9 62 20 80 -50 -42 82 76 23 73 -36 -7 -14 87 -67 64 45 -25 30 -74 -94 23 81 -82 97 -81 76 -62 -98 46 8 87 -68 95 -74 -62 56 -19 -18 -30 36 44 23 -84 6 30 -61 49 -46 27 80 -44 -86 86 23 44 -40 96 -76 8 -61 65 97 -19 49 97
-86 -34 -8 -54 -19 52 33 100 18 -83 -51 -71 -56 26 100 82 91 -100 -88 18 30 -14 -92 -46 25 -21 52 81 -18 -3 -100 -55 61 71 99 -5 61 -1 -75 69 7 -75 -21 -45 10 59 60 -39 -84 -37 95 6 40 94 -68 37 -99 43 -59 -42 -70 -51 -85 -84 22 -98 -62 19 -73 -23 -40 -52 -49 53 -18 6 22 55
60 28 61 -75 -90 40 -73 39 -52 -35 11 -40 -21 100 -41 5 -30 -2 -78 8 -18 41 24 95 -60 25 -70 28 52 -53 11 -27 54 -46 80 -50 61 -99 100 -94 97 86 -70 72 78 66 84 -59 98 27 87 21 37 -64 -26 34 92 -91 -61 14 35 -87 -54 -93 -41 -59 56 54 -35 -37 -51 -48 31 21 -8 63 5 -39
-57 69 27 -23 86 5 -25 -66 27 34 51 -77 -66 -95 -78 -5 0 33 -88 23 -89 10 97 -40 58 -17 -24 -4 50 37 83 -54 33 22 -61 9 -42 -57 68 69 -98 -3 88 62 30 -38 81 -26 61 22 -40 -67 90 77 -53 -83 -14 -96 43 -91 -57 49 -55 96 -17 -3 78 87 -22 -6 -12 -97 13 92 97 -10 2 81
32 30 -99 -8 -10 100 37 49 -87 -31 -38 -37 11 70 21 -65 -15 -28 -87 -32 -49 -20 -28 -58 24 -13 -47 70 -45 -29 88 81 8 35 11 43 50 48 6 24 -51 29 -51 -83 -23 -100 -89 57 -68 -99 -11 87 -1 77 0 16 94 71 82 96 76 -3 -24 17 -80 38 17 -75 -35 -16 79 62 87 -99 -16 7 1 30
-31 -98 49 -11 -93 90 11 64 -68 0 79 87 17 9 63 -94 39 -75 36 -96 0 -78 -43 -56 -33 18 -58 53 -2 -44 51 37 72 -15 -99 -83 53 17 -94 -51 -72 -58 18 63 -20 54 65 -83 73 -60 -29 -22 4 55 -58 -47 -44 67 -15 -13 -70 19 87 89 75 95 -68 -80 50 76 44 20 82 41 0 20 -100 -52
-93 -22 58 70 -22 -89 -38 -43 -15 25 -72 5 19 -45 -3 23 -83 7 -61 29 -72 64 -59 98 31 -75 35 14 29 45 -49 20 76 65 -49 -68 81 -63 -28 -67 60 -86 -30 -49 -46 -88 85 20 -54 77 -25 -12 -41 97 -23 12 76 -10 -91 15 -53 -29 88 -52 -67 14 65 97 65 -70 -85 -55 -51 -17 -83 -20 31 0
34 -49 -45 5 -54 -11 44 44 46 92 97 -22 45 15 45 -15 96 43 79 54 40 30 -40 -33 -84 58 -7 -51 62 -58 16 38 0 -75 -38 13 42 29 42 88 57 61 1 -63 83 48 -65 -15 -46 -95 -41 51 72 -56 -22 57 -34 47 -91 -42 36 16 42 -48 -56 -49 -34 28 -88 -76 4 47 32 -85 48 90 -18 56
-30 -34 -97 2 -84 75 -79 -58 -32 55 95 -8 -99 82 21 21 -52 88 -41 -50 55 -51 99 18 21 59 -22 46 72 -85 43 -20 97 48 37 -81 69 78 41 -77 71 23 -45 -68 -27 -45 56 -89 -25 -83 -78 55 -35 -60 68 -89 -79 -82 -3 -89 55 30 -86 -23 63 2 33 89 -16 69 93 -73 70 -65 -11 68 -23 -89
-75 -84 7 -34 12 -63 -77 36 15 -17 -86 64 90 -99 -86 17 22 -33 -6 -63 -63 -87 46 -79 99 -71 11 -3 40 -52 -85 -80 10 -3 -92 -65 -40 54 -10 92 19 -44 -93 73 99 3 7 24 -86 81 -43 -61 39 -58 18 22 19 55 26 17 17 -69 -69 -68 -78 -61 -40 -81 -33 -100 -8 12 51 -40 85 -44 -61 78
21 -92 93 -54 20 -68 58 3 -7 -3 -90 -59 53 77 -71 32 42 -51 56 34 78 96 17 94 95 -8 -16 21 -81 -12 18 64 -71 51 -40 -47 -61 -57 25 -50 -81 -6 -45 42 -33 -71 -85 -69 62 -16 39 -50 -79 3 -99 -55 45 57 60 -86 26 -78 15 -95 17 -99 90 93 -15 0 -68 -53 72 -94 93 -26 -83 -69
44 -4 -85 -4 44 57 46 60 82 -50 23 -8 36 -66 51 84 -81 -32 46 97 -59 40 -22 8 -57 -10 -87 -84 -73 87 25 -97 -63 96 76 -59 -79 -81 -78 84 -44 -10 -76 50 -66 23 -2 37 -56 25 39 -27 -44 -3 -3 -72 40 51 -30 22 -18 100 -9 35 92 -96 23 -43 -70 -99 93 98 -8 -69 71 99 -99 36
98 40 -35 -19 21 56 23 70 10 31 21 28 75 -62 68 -1 -82 45 -66 49 -14 58 51 -93 -67 78 88 31 87 36 5 56 14 36 22 -3 -2 -67 78 42 -5 94 -61 -75 51 -39 91 19 -47 83 41 -46 -25 -87 -69 -20 23 32 100 100 24 88 77 -88 -12 -6 82 36 -86 77 38 -16 -9 -55 -32 -56 98 -4
-98 54 -64 30 46 90 -86 -41 90 34 37 43 -19 -31 91 75 -57 54 -92 41 -38 5 5 -83 69 -27 89 40 -37 -60 -21 -39 15 57 89 31 39 31 92 -40 -41 -29 -2 -7 100 14 -88 76 48 88 30 -71 -11 36 46 -4 9 98 -36 77 88 -11 76 30 -20 85 -15 19 71 -27 99 54 19 37 75 49 5 -31
-38 -44 71 -56 81 60 79 38 90 68 -86 -87 -38 43 -58 -76 33 57 -27 -45 -26 -38 60 -83 -50 66 -16 -23 -7 27 -61 -15 60 -52 -65 -83 -50 -46 -12 16 75 22 -20 -81 -53 75 40 57 90 60 20 28 1 11 -84 45 24 -54 1 -40 41 -9 -65 53 -77 84 48 65 55 21 -92 -95 -69 -3 5 83 -6 49
-83 -46 -43 34 -60 -84 51 65 -5 -88 64 -96 -27 97 74 -53 -79 -98 46 -77 20 63 71 51 -93 -84 -66 7 83 -81 23 -49 25 10 10 48 -28 -26 -3 -12 -46 -41 74 -42 45 -100 -31 -92 62 -80 -55 43 -67 -99 -88 45 -52 -70 -68 -62 -46 -78 60 2 59 -37 39 41 61 -15 -86 -32 16 0 -45 -12 40 15
79 64 88 2 16 -70 53 81 -37 -51 -82 60 97 48 31 30 -84 -12 -74 -6 -55 18 2 70 -24 11 25 -82 80 3 -83 91 -41 21 -43 -63 -69 28 -25 -4 -95 -45 -87 -68 24 31 -20 -74 42 0 -72 8 2 -66 -68 7 -97 -6 -47 -50 -49 94 -44 38 58 28 -18 23 16 -54 6 -16 -96 -12 -25 -6 39 -62
86 55 92 39 11 -63 18 -66 -97 71 -51 -36 -2 88 100 -79 -91 55 93 40 -6 -42 -54 -79 -51 89 60 -98 -12 84 10 57 5 28 97 -13 40 99 -84 91 -76 -84 -61 16 76 67 56 71 -92 100 15 -95 -93 39 -29 -4 -4 79 -77 1 -43 -55 -58 -39 52 -99 2 55 -62 15 86 48 35 28 -45 41 40 -19
-67 62 -81 -60 51 -80 31 -7 28 -64 39 -79 87 26 43 -12 -38 32 -15 -39 36 65 -92 -65 -51 92 76 23 -85 -39 -42 -29 44 50 -44 -69 -30 24 70 59 39 43 -33 35 75 88 29 43 79 -17 82 41 -36 -40 39 65 49 2 41 13 18 69 -6 -29 -63 14 -80 -9 -94 -32 -67 43 85 49 -27 -19 31 -72
-94 91 -38 -70 -90 -19 -24 72 -21 90 29 70 -44 -51 4 -83 46 -1 41 17 -7 -65 -92 -92 60 -74 -16 70 65 -57 -93 -41 -2 31 86 -85 -5 -22 -69 81 -83 86 -81 -76 -65 97 13 28 -81 -96 -33 29 -44 -55 -91 -12 32 93 -100 -78 -18 -5 -9 46 51 54 -23 -17 -67 85 1 -4 30 -46 32 75 97 -68
21 -52 -99 -70 -47 -18 -7 -49 59 41 -76 -26 100 29 -4 -34 47 77 55 23 36 -43 65 -17 -54 53 51 24 -91 -80 -53 -81 -23 -93 69 -31 -48 -83 73 47 -78 -44 3 -25 1 -93 3 -88 97 -68 75 97 12 -85 42 22 48 -23 -83 -45 87 73 -70 39 35 -100 -69 -4 -89 81 -67 32 -62 -28 59 -85 67 -77
-63 90 45 99 44 82 57 -62 52 14 50 -25 32 2 -17 -42 -7 32 -34 99 -20 87 -54 -11 46 -99 59 45 93 94 -26 89 38 -14 59 55 -4 39 -12 -66 63 -71 -91 -46 -29 27 78 25 -36 -72 -7 70 85 -12 59 36 68 74 -29 32 89 -42 17 41 25 58 67 -9 82 -73 59 -85 56 -55 -75 -39 46 99
63 -94 53 16 -85 94 77 82 -27 -43 -12 -23 62 -58 -28 -45 -69 39 64 -35 47 17 12 90 30 -54 -90 -90 -40 -68 12 83 16 39 -58 -73 -31 -43 9 70 78 -55 93 92 53 57 -99 91 -81 56 3 33 7 12 51 -100 76 -25 44 72 -17 83 95 89 -45 8 47 -74 34 93 -40 -27 -9 32 49 64 -57 14
-22 59 24 6 63 4 80 -89 -15 25 -54 -82 -44 82 23 53 -77 43 55 83 -85 80 -5 -67 -90 -100 -53 -49 -4 19 60 82 -53 14 85 32 92 -44 87 -84 100 99 4 -38 -10 -81 82 -34 58 -61 91 -5 66 1 -43 45 23 -4 -22 36 53 95 -69 76 -47 -17 26 72 29 11 33 25 31 -17 -63 31 38 -80
-96 21 92 14 70 45 -9 46 -56 19 85 80 86 -63 -37 87 25 -92 -5 -46 98 52 91 70 87 -40 61 -41 -24 -19 28 87 82 -66 81 5 62 -21 79 -2 -100 -8 61 -16 29 -59 -48 -91 32 -40 53 -15 -81 19 46 85 68 -90 4 93 70 28 42 16 77 -81 -100 11 58 34 -75 -26 31 -97 -28 -61 37 -49
-69 50 50 -69 53 50 90 7 -72 -32 16 -17 100 10 2 81 -26 60 -79 75 5 -68 -43 -3 16 3 2 -24 -58 -58 77 -71 -21 49 14 -38 -7 3 -99 -80 -99 70 -84 3 -77 -75 -55 -7 19 -88 57 -55 -49 86 77 13 70 66 47 -30 24 -96 -53 11 -100 25 70 -47 -52 -45 29 -63 -10 72 -1 -29 -53 93
43 5 -86 -25 57 20 2 6 -12 -23 -94 79 -15 -30 77 -5 94 -98 -39 -30 78 -32 -100 65 -89 43 -48 -96 -13 -16 38 -35 -54 -78 13 -33 95 -20 -45 -57 10 -76 90 -10 42 -21 69 53 83 -71 37 -95 -72 -32 -14 -44 -2 39 -22 -84 29 -35 -82 26 -77 46 -34 -21 -99 32 71 6 74 -66 15 69 -49 71
-48 57 99 24 -52 -82 -27 -85 -68 63 17 -35 -81 19 14 92 33 74 30 72 44 79 70 14 92 100 -38 20 6 10 -42 -33 31 -17 -31 24 -72 -60 81 93 -23 -36 56 -17 -42 -58 -10 -42 57 19 6 -80 98 -3 -56 -41 90 89 -51 -21 55 44 54 -37 60 -42 -85 13 -39 5 34 33 11 -7 -43 52 -19 -11
52 -84 -14 -76 -3 15 61 -17 83 -52 13 -81 37 31 -14 -31 -96 -12 -83 73 -50 -61 38 96 -92 84 5 -76 -44 -31 95 -57 40 -93 -89 -37 -86 -53 -76 -1 10 25 82 -87 -10 40 30 37 -38 -7 53 64 16 -74 -78 80 -47 -37 49 -51 -62 -23 18 -60 11 -3 -93 46 -68 -52 57 -36 86 -13 -26 -98 -25 -67
20 59 -94 92 65 46 -75 67 81 65 85 -47 99 -38 -57 -95 7 -63 63 -49 74 -81 -66 72 82 13 -10 -61 40 56 -61 -44 -32 -29 25 1 -93 80 -34 9 48 95 13 78 -67 52 3 -77 -79 -94 -36 85 69 10 -92 47 100 60 98 3 -2 16 -19 0 24 -32 -39 25 83 77 -94 65 8 -30 18 -61 98 -78
64 -98 93 91 50 -3 -24 -34 0 -46 -34 -24 86 20 -77 76 93 -40 -14 -89 65 -83 -3 97 22 4 -21 -7 82 97 -74 35 -43 71 97 -68 -33 3 68 -44 96 26 -16 -79 -29 62 50 -50 -42 22 100 38 25 -80 71 -70 55 27 -12 -40 53 10 -80 53 -95 65 -75 -20 -7 -25 -9 -16 43 68 -32 -4 -94 16
14 -90 77 -97 7 37 -77 -93 -96 -84 55 -94 45 25 -85 59 -29 14 -10 -50 6 59 -50 -4 -40 -11 84 -3 -7 -25 -4 -33 -10 9 -19 -60 86 -86 -19 81 85 18 67 80 32 -3 -30 -40 -21 -43 -77 11 -75 -51 -97 -31 -96 -41 67 -52 -89 83 -21 -40 -36 14 -51 -3 -23 33 -52 -77 -11 55 68 -56 95 65
-64 -85 -83 72 31 81 4 93 -82 32 -70 25 -88 -7 -69 54 -47 66 77 -34 39 73 22 -89 -30 73 -10 -75 15 60 -23 85 -10 -60 -85 -49 72 29 -4 7 88 55 -8 -6 84 96 -90 22 -29 -8 3 -33 -45 80 -51 43 51 -3 46 56 -19 82 -59 -80 -66 -37 -54 79 68 21 -18 70 -97 64 -23 -54 -13 -93
-53 63 -80 51 -84 -81 -44 78 16 22 73 -74 51 23 -31 -73 11 -67 95 -84 71 0 -45 7 -88 -88 34 -32 -53 -94 -35 -62 31 4 -54 -42 5 -72 11 24 -86 73 56 -75 80 71 1 81 87 100 8 -47 82 82 -29 51 39 60 38 17 33 29 -93 -96 -59 89 49 -13 -3 51 66 -33 -74 86 -71 28 -11 92
35 -74 -22 66 73 12 -47 -38 -68 -40 95 -18 -55 21 -16 73 34 89 78 -64 -54 -47 -32 74 31 -47 -35 42 -18 48 45 -51 -97 -60 -45 -78 41 79 63 -57 65 -5 -33 -76 -46 -81 -42 -23 -79 68 -3 -68 85 -58 -89 47 86 43 -71 71 -65 -22 -21 -16 0 -66 92 72 -12 19 79 53 2 -14 100 21 -63 -26
67 -65 23 -78 -25 -49 -6 -75 76 40 -39 -56 -8 69 77 5 -77 100 86 59 20 91 -74 8 18 -54 -46 28 -96 52 -40 79 -42 -41 -40 80 -82 80 41 51 -23 57 26 7 96 -62 58 -68 -8 41 1 26 90 -29 -97 -38 51 -91 -41 37 55 52 -77 -93 83 -85 59 82 -43 54 -66 67 96 58 -50 58 -56 -58
-26 -14 -35 48 -44 66 -79 71 65 -23 84 -62 -25 58 35 58 -96 -11 -64 95 78 19 -20 -91 -94 -38 71 -42 80 12 70 -91 99 -72 4 -17 -16 64 88 97 25 -76 67 63 -67 96 77 -10 32 29 -31 51 59 21 21 45 -70 -30 20 58 -13 -62 14 -35 -69 75 43 66 35 65 18 33 -26 53 8 -27 -77 -58
8 58 75 -53 83 -53 50 -46 23 -95 71 -72 -43 -99 -97 7 21 -89 -90 34 40 -93 88 -8 -34 -60 -70 50 82 -29 -33 -81 21 5 58 79 -51 55 45 92 54 34 97 57 52 -88 -69 42 75 -47 -85 -45 -6 61 -2 68 12 89 88 -89 20 -32 -92 -93 26 -84 -62 -100 -45 -96 -40 -3 16 -48 -84 -22 -12 -80
-84 -82 42 47 71 94 7 -70 99 98 44 70 -66 91 34 80 -65 25 88 9 47 -59 -50 0 83 -97 55 -52 76 -72 85 -57 -1 64 -15 33 -93 -8 63 -67 -15 -99 13 -76 -55 -4 -15 25 53 6 -96 77 -38 14 84 -57 -84 -85 -26 -95 45 -4 20 27 -9 -75 70 8 -37 46 6 3 -8 -37 71 50 95 -48
-59 -9 23 83 73 16 -21 -7 -18 -39 -66 -90 -16 -44 -26 84 -87 46 -18 25 52 38 -59 -58 47 -37 5 1 8 -68 70 17 2 -85 -47 98 -61 -60 -77 57 -10 -53 -70 -36 61 -31 1 6 -29 28 69 87 22 77 24 24 -56 -62 -34 15 33 -37 100 45 -86 -58 6 -31 61 -94 -35 4 -57 -96 -62 -83 -71 41
-68 -5 7 -55 35 28 -23 42 36 -42 -75 -10 -93 33 -4 11 60 99 -84 -28 -17 19 -68 72 -36 -59 25 47 -80 57 -79 91 18 -78 -45 -30 -36 -9 39 64 77 43 -52 62 20 63 77 -11 31 60 90 20 -82 16 -50 89 -42 32 -92 88 9 -24 -15 -39 -15 -6 -46 -39 -64 -57 59 26 -96 65 -51 -33 -17 79
33 31 61 12 -61 -85 95 26 -66 86 -18 81 58 50 -16 -40 -82 -24 -77 -69 40 20 21 12 -7 63 -65 78 -27 65 99 30 6 7 40 43 -90 4 10 -25 4 83 77 -16 -88 71 -5 76 17 38 -52 -20 -58 -88 34 71 93 -53 79 61 35 -50 -93 79 -15 -87 51 -58 95 -52 56 36 4 -7 86 83 29 -71
-24 -66 -20 -48 94 34 -30 95 -7 84 -27 -13 64 -89 -53 2 89 32 -84 5 34 -3 -71 -10 -92 48 23 -10 34 35 -39 78 -37 -47 -51 -24 71 26 41 20 -100 48 5 78 -88 55 74 56 16 33 -21 78 65 2 20 4 10 92 21 64 -58 -95 40 28 48 19 12 -80 19 83 91 -57 -81 -26 40 -71 -13 61
-86 13 50 62 8 85 34 83 96 29 80 -6 -65 95 -95 17 -10 75 -8 48 -27 -76 -59 -91 -49 29 -88 -68 -12 33 -29 -1 15 33 -75 28 73 -81 -43 4 17 -34 -24 45 -49 -47 4 -28 22 -78 47 -100 36 -65 14 -70 -13 67 13 86 1 -78 26 -19 9 -49 86 -48 69 23 16 28 -67 13 -87 -10 56 -58
26 23 49 57 28 -67 3 -53 25 -2 -29 -29 43 -21 56 -89 58 -43 -82 85 -66 50 -41 -15 -27 -55 28 -52 -16 -10 -59 -16 68 -74 22 22 -91 33 -42 73 -81 -9 -59 60 61 -98 -65 27 -41 0 12 -27 48 93 43 -58 94 -17 38 -68 88 63 -99 -86 78 -88 -97 -98 94 -91 39 -4 -60 -65 -60 -25 58 48
-30 -43 -30 -12 -3 -44 46 -67 68 95 21 -33 -4 -83 -89 23 -99 29 63 -7 -26 86 70 27 14 -79 -84 73 -33 60 -50 88 47 -36 -6 -2 -82 65 -19 -91 -20 -57 50 -72 46 -44 -99 2 -8 -78 -87 -35 -60 -24 64 73 -31 40 26 82 2 -29 6 87 8 41 -51 -6 -88 -70 -45 -38 49 -64 -13 -64 31 -29
-60 -41 -75 -67 -31 -39 -27 100 -59 -82 -1 10 77 -71 -65 -44 -4 64 0 96 -62 -39 98 -55 49 62 -22 -90 19 41 21 -2 -92 -16 83 -12 -100 10 -25 -38 -80 46 5 12 -80 70 -72 -8 53 23 88 94 78 26 15 -45 -85 -56 95 39 97 69 82 6 96 75 -68 2 -92 98 47 3 44 -90 -39 67 28 0
90 -97 20 -49 -65 61 -14 15 97 53 90 24 69 -88 -99 -11 98 54 -25 76 65 73 -87 34 48 90 -48 91 61 -64 49 -48 -43 -93 -2 -57 -83 5 -24 35 47 -31 76 21 -94 62 -30 20 24 41 86 -42 95 96 -38 87 -99 -77 43 -6 77 80 -41 -37 -23 18 18 88 -94 67 -83 -20 22 -58 1 19 86 73
18 -34 -32 41 58 -23 -62 21 -11 65 67 93 56 -4 95 -50 34 -30 -61 0 61 -91 100 48 -97 17 -89 24 -87 98 13 -94 74 -72 50 -81 -8 64 47 -28 -17 76 39 30 82 -98 71 11 82 32 77 68 -56 44 -42 -37 49 -18 -76 91 -94 -77 74 43 -34 16 -74 12 -25 11 -98 60 -40 -13 -53 24 0 39
-33 92 100 58 -10 98 -13 -30 27 -35 24 46 -48 0 61 93 16 -75 38 12 93 -25 40 15 -58 24 -61 -55 58 86 -5 -13 -47 20 64 93 70 67 75 -1 68 -25 61 -5 -34 -73 -12 -69 75 96 -47 -44 -11 39 -50 -2 36 -77 -24 -48 84 -28 -75 59 77 5 93 31 5 50 -89 -55 56 -36 -27 93 -11 -64
-55 20 -17 -73 3 59 44 -71 51 87 47 81 -73 -34 48 59 -89 74 14 98 -29 88 -28 26 40 86 68 87 86 64 -84 60 19 55 86 -9 -9 -97 -11 -1 30 85 -67 22 -72 28 79 51 1 60 17 86 -92 -29 -47 69 95 -17 7 38 80 -34 4 33 -39 -81 -36 -19 65 -79 -27 49 61 -17 21 88 98 20
37 -88 -28 99 74 -68 -55 42 1 50 -60 87 11 94 72 -44 50 76 -57 80 31 15 99 -80 -96 -1 -60 -15 95 -92 -93 -8 22 -41 74 -74 -62 -12 1 97 -83 59 -71 -25 86 82 38 -75 75 56 25 -31 -95 49 75 16 74 -16 3 -42 -82 39 77 54 44 -83 18 38 -96 66 56 -24 38 -7 28 91 49 -31
45 -63 -91 -63 33 -7 -99 14 65 56 -23 83 -20 63 -36 -2 -83 45 48 23 62 -36 -56 -6 1 94 33 21 -48 -5 7 -56 -51 -57 64 53 -43 -64 41 -65 68 -8 -62 12 73 63 -43 59 93 25 56 64 44 13 90 -50 -58 -41 -70 -77 -27 26 41 -50 -27 -63 -34 -33 -30 -45 -71 -43 -82 20 15 6 -4 15
-17 66 -74 -96 -25 -57 99 66 -93 51 11 -30 40 16 -83 -38 37 3 -43 -51 -87 -81 -32 -45 42 -91 63 -9 -83 -29 0 50 -50 25 22 16 43 -69 68 -87 62 -52 -80 68 -11 -70 -67 4 72 -4 49 21 25 -53 74 43 44 87 -97 -82 -17 35 -50 -43 41 -23 89 -43 99 78 85 13 -71 41 -82 -50 -1 -55
9 -89 -11 -32 -5 95 -8 39 63 1 16 27 -21 4 -98 74 -49 58 36 -55 51 -58 75 75 100 -34 -23 76 12 73 -76 83 -65 -61 -42 -58 37 85 77 59 25 -19 -92 88 95 54 -31 68 71 36 71 11 83 79 -10 -82 -3 -71 -68 18 84 11 6 28 42 14 -43 58 70 -51 83 -19 61 21 -3 -50 -50 27
52 -84 -47 -44 13 -7 26 -53 15 -44 33 -32 -21 -5 13 92 -21 96 -65 82 94 100 0 -38 -20 100 100 37 97 -59 82 80 30 73 -28 21 31 32 37 23 46 51 -57 -46 -85 -20 81 -69 51 2 44 58 56 7 -65 -11 27 -89 -83 97 -78 9 -6 -49 86 -83 -55 2 -65 -26 18 -66 2 100 84 57 -72 -85
