19 41
84 84 51 87 -62 -7 -76 -80 29 -30 -93 -59 -79 -11 75 37 82 -42 -95 -75 -96 81 15 -72 18 77 2 23 61 -76 -1 53 34 83 -85 100 94 -52 94 -99 -8
46 -42 -60 -97 -5 -9 30 97 -6 -74 -62 -60 -32 -7 -33 17 -27 -79 -94 55 48 95 -52 22 68 79 45 -30 69 -9 -33 -26 -97 76 19 43 -50 24 -38 -51 45
-22 52 -55 -62 29 31 -8 -9 21 13 -36 -95 33 97 0 99 -61 32 -1 4 -15 47 -31 8 -50 28 -75 -78 71 -67 9 -30 -21 67 -42 -80 -64 96 57 34 -71
66 -10 54 97 -43 -98 -42 78 -78 -46 -1 86 17 -86 92 -78 10 56 -55 -95 -42 20 59 -34 43 -74 38 8 -57 91 -59 -17 42 67 -33 -32 -53 43 90 -85 32
-42 -80 -21 -73 27 49 -1 76 80 46 64 -45 -58 30 -34 -31 -10 -90 -54 -74 -4 -42 -48 76 -20 83 -98 99 31 51 -42 -6 24 37 -31 -76 -8 -93 -87 -63 99
49 68 56 -96 10 -27 -100 -15 -91 -71 76 -88 -63 8 26 -81 -12 -31 -66 14 -42 36 -37 -85 22 -83 11 11 88 35 76 42 -80 -5 24 -89 -16 -58 64 38 89
85 -62 31 -76 -20 -45 64 53 7 -92 -51 -30 3 -37 42 -33 97 52 -20 44 24 -27 1 -61 -4 12 -17 -10 85 -65 52 -72 51 -13 6 74 93 84 34 -24 -34
-51 -84 20 -91 99 73 -10 -89 -100 67 63 -50 -38 -64 -17 1 -21 71 -91 39 22 -10 71 78 98 68 -21 72 98 6 15 84 -62 28 49 -72 -59 -18 42 93 70
44 68 10 -95 9 27 69 8 5 -4 41 83 -18 -66 8 -67 26 -35 68 -98 -28 75 99 -29 -59 -11 -54 -12 61 -67 -49 24 72 94 -89 26 -63 -75 60 4 -12
-40 40 -59 -56 -19 -64 -46 23 66 -68 -81 67 46 -73 39 20 59 38 75 73 29 5 39 88 -100 51 70 93 -66 -25 -22 -38 36 76 33 -63 3 -43 -17 48 -34
63 -53 -16 13 -67 33 64 13 19 53 -22 42 -82 -98 22 -21 31 93 -84 64 -93 92 89 12 52 100 -76 59 39 53 -95 64 -93 -50 -80 -46 78 -43 -59 8 -59
-8 -50 34 -88 -13 48 51 90 76 -3 40 72 38 84 -100 38 52 -22 37 79 -62 21 100 43 5 100 -39 56 -36 -33 62 -91 43 -43 -81 57 -19 -49 -38 -79 12
-30 -2 12 61 -54 -18 28 15 -83 33 34 87 -31 36 -36 -70 -90 34 -44 63 -33 -19 -13 0 30 73 -79 -46 -68 -8 92 7 -67 24 -22 36 0 -1 33 28 82
26 -4 79 -15 -92 -60 4 92 -70 -49 -92 -20 19 -89 2 -55 -82 7 24 96 31 -53 57 -32 42 -97 -96 -76 67 89 56 -99 31 -36 95 78 -90 -26 42 41 -1
-99 -21 78 3 43 3 -20 -31 11 -66 76 56 -10 -43 50 -89 16 -7 -74 -30 -9 -3 28 -85 30 43 54 -1 -50 -97 -96 -57 57 88 -100 54 79 -73 -2 39 -91
38 65 80 -90 -92 47 -8 38 -1 -27 -47 -54 61 59 83 -74 23 82 42 -73 33 62 84 70 -24 -46 55 27 -84 75 13 -14 40 -49 -75 -60 54 -26 54 -33 2
-3 84 33 8 -73 81 6 -65 60 18 53 -86 -12 26 -56 -35 -54 0 85 69 -86 11 51 48 -89 -5 -82 28 91 -33 13 23 90 -64 -57 -17 90 17 -56 -95 96
58 -90 66 -83 68 -13 -42 20 -96 -23 99 73 -31 -89 46 -63 -21 33 -1 26 -66 36 31 77 -96 -81 31 36 -87 24 -86 -63 -49 -15 43 -24 -44 24 5 -72 22
99 -79 -93 61 14 91 65 43 -35 31 -84 0 -92 -47 -93 57 36 19 75 25 26 -2 -45 -73 77 -46 16 53 -51 -67 -46 16 22 10 -42 52 -94 54 10 -70 78
