100 100
89 54 23 -68 58 -59 11 -61 -91 4 -14 -28 -44 -76 3 13 94 29 -60 30 -22 56 -59 36 17 44 31 88 -57 95 25 -19 -99 -43 -74 73 -47 -94 19 70 65 -92 -53 -62 -59 32 47 54 -22 41 -30 -35 -93 -30 36 24 -90 28 30 -55 41 4 100 40 -70 -13 70 92 -44 -97 -82 -43 46 57 96 -60 27 85 65 -40 75 16 -94 -37 13 84 99 52 -19 44 -64 71 -77 -29 -4 90 91 82 -80 64
80 35 67 -76 -65 -90 -91 -54 -12 22 -10 -63 64 64 0 -58 -23 33 50 46 51 79 29 92 18 20 -32 -35 72 -53 76 -45 -100 -85 42 -51 31 2 43 -91 92 -8 62 -58 81 91 -11 -50 -95 16 39 -58 -53 -63 -92 -98 37 -15 -51 68 -13 83 -43 -41 21 -1 49 -9 -11 -74 -79 -84 37 -95 57 -33 69 69 49 82 97 -31 -91 49 91 20 31 -44 68 67 -30 27 -7 -45 69 42 -26 -89 17 -40
49 10 36 53 90 -17 -47 -89 74 12 31 -41 42 36 -96 -64 79 64 -56 25 -16 84 -17 84 -8 -77 92 70 70 -9 58 -74 68 84 -19 -65 -74 -20 -5 0 26 68 32 -30 -94 39 -62 43 -49 52 85 -92 -90 -19 32 43 -8 -25 -12 5 63 86 37 46 -37 -75 0 -25 -91 24 -25 44 75 42 -32 75 80 45 -60 -48 94 -76 42 -79 -93 47 24 4 1 83 -57 50 91 46 15 56 38 96 88 60
-46 10 -92 26 -92 -29 -26 41 -16 39 25 73 -25 -20 -23 -97 94 -43 31 14 -15 -83 41 12 -43 -56 -47 55 19 -43 -40 -66 77 -34 -5 -68 13 -19 -14 -49 -2 -94 43 -57 -49 -56 46 -27 -5 -11 21 29 -11 14 -9 -75 27 -20 72 43 81 78 76 86 -27 -49 33 24 43 -80 -12 65 -94 -32 78 -26 -77 28 12 78 3 -82 -52 -51 77 52 -3 31 -42 26 24 -81 94 -34 49 -53 -31 69 -66 70
-77 -61 23 -40 -61 -79 -68 -4 61 28 5 -53 100 -37 22 45 51 -92 -65 34 100 -20 -75 42 35 37 -11 6 23 72 23 20 69 24 46 59 -63 -66 -25 96 0 17 -84 -37 34 28 38 -86 73 94 88 -2 24 -65 -6 -35 37 4 -19 -64 -83 71 70 98 40 -87 86 -41 81 -66 77 -59 -79 79 88 -99 -3 -69 93 80 58 -8 8 77 -28 -91 35 82 89 -35 88 71 -27 -64 22 100 -75 75 26 79
-53 -86 45 18 29 -86 -82 -61 -96 65 49 29 5 -33 35 -7 -21 33 16 70 -74 94 37 78 -31 13 1 -44 -32 -78 -49 -60 -26 -99 9 44 -36 79 -65 -22 71 -2 53 73 -27 42 -57 -46 71 15 9 -37 23 -78 41 63 -5 57 -32 -24 -58 -27 24 -82 49 -24 -52 0 -64 -70 98 0 -50 43 80 24 -64 -57 66 -92 32 15 -53 45 28 16 -40 12 -53 -62 79 77 -78 74 -58 36 42 16 61 21
56 38 -80 -5 44 92 70 -67 43 -25 81 -70 28 -39 79 -65 -24 -59 41 -79 -21 -33 -100 -93 -54 54 -61 -24 -37 -24 31 -22 87 70 76 -69 -53 78 -54 75 37 2 -69 28 38 -44 50 35 51 53 94 81 -46 36 31 32 -71 64 34 -90 21 56 -55 -5 80 92 27 75 53 -67 -31 -6 -9 -46 45 99 -41 83 -84 -58 -35 82 32 -2 -13 -38 37 -49 11 12 -15 -71 -90 96 -54 -49 -19 52 67 100
-35 6 60 42 -85 -87 -32 34 -34 -83 -43 -57 91 15 -27 52 -6 -56 41 68 -33 -93 -55 -32 90 -98 2 90 -48 46 -16 -74 -25 52 49 96 46 -89 -72 74 -33 95 -53 -81 64 -29 -6 -67 -36 -53 19 -50 -61 -96 92 -15 49 -74 77 21 18 -94 -30 -38 9 -72 74 -6 39 -73 -39 -54 75 -39 44 29 -36 -37 42 39 -7 -51 76 94 -51 -42 8 -89 24 1 -29 21 49 68 -13 91 -68 -16 59 -4
20 -83 6 39 39 70 -56 -24 39 -71 -55 -56 33 -14 38 -84 -9 26 -54 62 -51 48 74 -10 -68 -86 24 -54 -98 -37 0 36 18 -77 -62 -94 -16 -92 -13 -25 -60 -91 15 -30 43 -74 56 98 -21 22 23 -76 -69 -4 -75 -84 -41 15 -79 42 -89 62 49 -78 61 -37 62 -98 -65 36 -66 -100 -51 36 12 62 68 -97 -81 41 36 -35 -42 -94 -65 -49 -59 68 88 -53 -92 56 32 0 -100 -3 20 -38 -66 38
-16 8 55 90 69 86 30 -60 47 78 15 -17 96 91 -26 93 11 -52 -76 -47 82 90 75 -74 -99 66 -15 -13 81 -3 -25 -53 -100 55 -6 68 76 56 -25 -15 90 23 -40 100 -92 -100 85 -8 7 -37 -33 16 -63 100 -13 -94 -45 -50 -20 -15 -79 -61 -21 -53 65 -65 0 46 29 27 -97 21 80 -38 -20 -1 93 -32 66 25 -30 21 72 96 35 -76 -63 -38 -61 -90 40 93 -74 87 -24 -7 -88 -14 -44 -95
75 -2 72 97 -64 -41 -38 63 -87 7 -17 -83 -56 -9 -77 -29 -57 -83 -50 25 37 3 -55 -57 27 -41 -9 -31 11 11 -18 -17 62 -37 -28 -72 19 83 14 46 84 82 -16 36 -59 53 -57 22 30 -92 69 31 -49 -40 -100 34 34 75 46 77 -59 8 68 6 -51 53 78 -71 5 -47 94 100 -48 -39 59 38 38 -86 -21 -75 -89 2 -31 32 96 16 22 56 -82 46 86 84 -1 -1 81 -12 -30 31 -15 -83
75 -60 -45 63 -57 39 -68 40 -55 -100 -62 22 -72 -33 -30 -38 -84 -87 78 45 -95 -9 -2 8 -72 -96 60 -71 -81 88 13 41 -6 -89 77 30 -38 -15 -71 -82 -21 42 -63 -58 -31 -95 97 96 98 -81 39 82 -8 23 44 -45 60 -3 27 36 -2 -90 37 29 -76 56 -19 -47 -61 81 10 23 46 47 67 51 -66 57 11 -4 -95 -69 100 -51 -95 -15 82 -64 -11 25 43 38 -39 8 -25 7 44 4 37 90
-11 87 -63 -26 -56 19 19 2 71 -59 -9 -54 -38 -72 23 94 37 83 46 -45 0 47 52 86 86 -71 -4 -74 29 -85 22 12 58 -57 -6 -43 81 -78 -51 -91 56 97 -91 34 -74 12 -23 64 11 19 -80 40 37 57 52 95 -89 -42 31 56 -72 -72 70 54 -22 65 -64 -34 14 -11 -7 -78 62 -85 -34 19 97 41 -56 -68 68 95 74 73 -83 14 -11 40 -78 80 84 26 65 81 45 8 -88 -87 27 -26
-96 93 7 -70 -26 31 -82 -50 -44 3 -65 61 -13 -93 53 -22 -86 -34 -84 -26 76 10 84 84 96 -14 98 39 16 -12 -27 -7 100 -70 27 -62 -60 96 -10 -76 87 85 -80 -95 -31 26 33 -39 41 -80 -65 -35 -58 41 16 39 -37 29 -25 -40 9 11 2 88 34 -53 -76 61 10 -87 10 -69 75 -50 -90 26 61 -3 14 96 1 42 79 -32 -96 -41 -90 33 48 -62 27 -36 77 27 59 -81 87 -82 86 -39
-25 78 -12 1 -66 12 -64 59 9 24 80 -13 -25 -19 90 35 -54 10 -14 45 -72 33 -98 76 -96 75 -40 54 90 -83 -14 63 -26 25 -77 -4 45 -46 48 12 62 -37 -54 70 -79 -75 19 59 98 -74 72 85 21 -69 36 64 -86 -67 22 -67 -72 -46 -38 78 -41 36 3 82 -3 44 74 61 73 -63 5 58 -73 -30 -16 29 -46 -20 20 -38 -58 -65 84 -24 -69 87 91 -30 25 -40 99 23 -3 -93 74 -43
71 -58 96 32 100 -76 9 -54 39 19 6 -37 91 -28 82 68 -88 -62 14 -22 84 -54 -30 36 -89 -32 13 -5 -94 -98 1 -75 86 39 -61 52 19 -25 53 -93 -81 15 100 -10 -73 55 48 45 21 -89 58 -61 86 68 -91 -66 -57 -91 29 34 -28 78 -97 -86 -88 35 41 -55 36 -42 99 90 -12 55 74 -74 -91 -50 25 -88 -60 -64 34 -68 28 -14 -16 -72 -64 52 -54 11 49 -15 -12 -63 -40 -44 -13 -11
-30 -81 18 -42 97 -87 5 -55 -60 99 -87 -18 -72 20 21 -96 21 -48 48 93 -59 -83 96 11 99 69 42 95 68 33 -72 43 -44 41 -77 24 91 37 -27 17 -76 -40 -44 15 97 -56 3 -1 45 -8 -67 -77 0 30 -44 -54 82 -63 -51 -91 89 17 -36 -3 67 -43 -78 10 62 -11 44 23 73 -8 5 100 -91 16 -16 2 -7 98 -74 25 91 -86 93 78 66 -16 -2 23 -30 -54 35 55 98 -9 -46 -64
-19 66 27 81 71 30 45 74 84 -32 -97 -11 33 26 67 100 -53 56 46 39 82 -86 -86 72 -39 46 24 -86 8 -38 93 -5 -10 -50 88 15 -81 -67 27 17 39 0 95 -99 95 -61 -100 -35 -23 -15 38 -53 -1 -85 15 63 -49 24 71 -52 81 -79 19 -32 51 -74 -87 98 92 44 54 -71 -93 96 2 -16 -22 -76 32 -21 94 26 -95 66 -45 40 86 -52 -6 62 39 -31 51 -57 -74 -43 -64 77 64 6
-44 -56 42 -22 70 -54 -79 -21 -9 80 -2 -47 -41 4 4 -50 -44 11 3 -92 51 -29 -95 8 48 84 17 -9 -14 14 63 42 -3 -27 -90 -22 62 -30 75 -70 86 13 -36 -42 39 95 -10 -98 60 -33 -79 77 -63 -88 -12 71 34 32 -27 81 -89 53 -95 56 79 44 18 -62 -42 1 -23 47 -77 -70 -4 16 43 -44 -6 58 -75 -42 39 -65 97 -16 32 28 72 93 5 30 2 -73 5 34 62 -7 75 59
87 38 54 -31 53 -31 15 68 -94 57 64 10 50 17 -65 46 99 -71 24 -29 -33 -24 91 98 -27 -1 99 37 -50 33 -67 35 -65 -13 -34 -91 41 66 45 -87 -94 -63 5 -64 -79 25 21 -17 -6 -75 47 63 17 -28 -89 -57 -73 -50 97 27 12 -58 46 -62 3 85 -56 41 67 -33 57 -90 -1 66 -87 83 38 -78 -40 0 29 42 -1 -78 73 98 -6 -36 -30 -62 -40 -62 -7 7 -74 28 -28 56 62 -97
37 -67 76 25 96 69 46 63 18 -60 2 88 -59 62 40 81 72 56 -80 -7 -74 -34 73 -77 -88 41 20 -98 -100 -68 -31 80 53 62 74 5 47 38 -77 -88 46 -34 -87 92 19 -8 54 -10 97 20 -70 69 2 -92 38 12 -13 -17 -90 87 94 24 -32 56 29 -99 -63 10 -60 -88 -54 58 66 -15 -82 -79 -50 56 -18 -19 -81 -98 46 -20 -16 -96 -76 63 42 18 39 -58 -97 -80 68 11 83 -86 33 -12
70 -3 -51 -40 13 62 56 -67 -74 -3 -51 -55 42 59 -18 -69 -50 37 55 61 -63 -13 91 100 2 -52 -71 79 -53 -53 -26 -1 69 27 37 -19 62 64 -29 -66 -92 -36 -43 48 -80 -23 -23 -58 1 -61 5 -98 -84 88 -56 99 7 -72 -7 16 -53 13 36 -58 -4 -47 97 -12 -54 10 0 57 40 76 68 -54 87 68 71 23 98 -57 -21 -86 15 60 -28 -14 96 60 86 2 81 -50 -24 1 39 59 64 -78
-46 -69 -81 -26 20 6 -82 -2 1 72 -24 -6 -72 21 62 86 -91 -38 -13 -80 97 -53 -5 -12 46 87 26 -33 85 32 9 89 18 -8 -18 83 68 22 -36 42 -27 8 70 -6 -33 92 -43 -37 -23 -58 -15 70 -13 -50 -35 17 6 -83 -68 51 -76 58 -16 -81 -74 -34 30 68 38 38 -56 78 -19 -18 -63 83 86 60 20 16 -31 -2 -80 -89 0 91 51 15 78 47 85 69 58 79 -22 -92 -4 -20 54 0
93 -30 -11 5 93 92 7 -69 -89 -41 14 13 -12 54 -44 76 35 28 -75 20 7 28 48 80 31 -55 1 12 -69 -18 42 -71 19 -78 -32 -20 -50 61 -36 -100 -67 19 66 -5 68 15 96 2 -62 67 75 -19 62 -63 -95 50 58 42 -36 96 49 -38 -77 -53 -93 5 -7 74 49 -15 -31 87 -27 -90 -55 40 36 13 87 35 -80 -71 -44 -37 5 67 97 88 34 68 -43 -16 -15 89 -71 -14 89 -54 -93 -79
-67 -77 -12 -35 -26 -55 11 -21 -30 62 -2 -1 13 48 70 44 19 -27 -11 37 58 -5 -27 -49 92 -72 52 -56 -91 -19 45 -53 -21 75 23 13 74 1 36 88 -53 -7 79 79 31 53 90 -15 -8 90 34 18 75 82 -29 24 -11 94 -77 -74 -86 -23 67 -93 -19 -37 31 80 69 -77 -61 61 51 -71 -74 80 -81 -14 -45 61 -61 15 45 96 39 4 47 -21 -27 -83 -55 63 -40 -18 52 64 28 -67 14 -43
67 58 -21 -51 -82 1 -32 18 -87 -29 -32 -78 77 49 -34 40 -54 -99 -95 -9 99 50 -11 90 16 51 -33 58 -64 -36 -53 0 -89 -15 -28 -67 -4 26 -44 -83 -26 34 71 -78 82 -31 48 20 48 11 64 3 33 17 -2 -59 13 11 44 88 -54 55 38 71 78 33 97 81 -25 -20 -50 -18 -54 -42 71 -91 56 14 98 25 -22 -59 -69 -18 -41 70 20 43 73 -4 33 -98 45 100 49 -5 86 98 -91 -52
-57 20 61 37 -91 51 -75 27 0 70 -66 92 -10 49 38 54 -72 64 -5 27 44 58 51 7 -19 76 -79 -20 -37 -64 -25 100 1 33 83 -82 44 32 19 -3 70 33 -73 49 4 71 -60 93 -65 -65 -44 -55 49 2 -8 -48 -25 29 92 -55 -4 44 25 77 -60 -32 87 28 82 -91 31 54 -72 53 68 -59 -70 37 57 85 38 52 -2 -60 -1 -46 -60 43 -21 75 84 -62 74 39 75 86 58 -55 29 25
-100 63 31 -12 -26 49 -23 -30 -82 10 91 -95 49 80 -66 51 -15 -8 -56 -21 38 -19 -13 95 23 -23 -17 10 48 -35 66 -58 -13 84 26 89 -5 6 97 -29 7 51 88 -59 -11 96 46 8 73 -80 97 32 -96 82 62 28 88 -42 -48 40 -20 67 26 -74 -17 33 -10 30 18 -38 -86 79 49 91 95 92 12 -42 -8 -71 -89 -85 -21 -1 -61 40 71 14 -18 -47 -89 -86 49 66 -50 -48 66 -68 50 65
4 7 -56 16 -74 96 -1 -2 62 12 36 85 34 51 -51 0 -67 -59 -41 66 -68 49 6 98 -53 -52 18 -36 29 -83 -49 11 -11 59 5 48 18 -55 63 -60 -24 100 46 66 88 11 49 -53 -23 -43 -48 -40 65 -61 35 45 62 12 -63 43 61 -42 -49 -57 4 -58 1 21 -6 -100 -14 -34 -17 -58 -49 63 75 -11 -50 -86 -25 -72 -31 -34 -35 -40 22 73 -91 63 -62 -16 -35 72 -74 -97 -20 -70 -11 5
-42 60 -18 -48 79 53 60 45 -77 -33 32 37 15 67 29 -75 -42 -18 -23 20 98 -41 8 3 67 81 97 100 18 -75 51 2 9 -66 -60 29 -58 5 80 43 40 60 -86 32 94 50 37 42 31 93 67 41 66 -80 55 95 -61 -45 4 85 -30 -40 -49 -41 -53 -42 -24 -92 -11 81 53 87 91 -44 -65 19 5 -39 -90 -79 66 3 -35 -97 100 -47 100 60 -89 -3 61 47 14 91 64 57 -32 -49 55 -61
69 -88 -48 -15 56 24 -47 62 -51 97 30 32 64 -29 79 -62 -63 87 -54 77 24 -3 -10 -23 91 86 84 97 15 -7 36 -66 -99 -48 -47 16 77 41 72 -59 30 -15 -3 65 62 -26 -8 -33 69 35 -64 9 65 -72 -93 -78 -91 89 6 -5 -43 84 -66 83 -17 -22 12 -93 -86 -24 -62 -16 61 20 34 -59 -68 -77 -14 -56 -65 55 10 -35 -67 -17 -87 -18 60 -88 -100 14 -32 31 -79 12 91 20 77 -10
81 -70 -88 -25 -81 -58 55 -78 -85 -82 2 17 -36 11 47 -87 -93 24 -66 70 86 -28 30 -79 -46 94 85 -32 44 -91 -64 -37 79 23 41 -63 43 -58 -66 51 73 -61 82 57 -43 96 20 50 26 75 25 70 -34 82 33 -27 -23 -46 -11 -41 -60 -51 49 30 -51 -15 80 80 -12 67 57 33 46 -33 78 -95 92 21 -66 49 73 68 66 38 32 6 -60 -60 26 -54 -64 -96 95 94 7 -29 63 -19 34 54
86 77 -4 -78 8 -20 61 -17 -70 -12 -54 36 40 39 -59 28 14 -97 7 51 -83 74 -57 -23 -75 58 -16 -22 -87 -68 44 5 97 52 -65 -59 75 4 45 -19 -91 78 -94 46 91 65 -90 47 41 7 35 75 80 -84 -69 -80 -59 18 16 82 -30 -60 85 -77 -98 -10 -13 -58 -59 2 44 -47 -26 79 -76 -46 -79 -68 -38 -47 -3 38 75 99 8 -75 -90 -95 -19 56 -96 7 18 90 69 24 -90 -82 1 72
2 -51 47 20 -11 -43 -35 35 -63 -20 -30 4 97 67 95 69 -36 9 49 40 -20 92 24 -54 -87 -32 42 -42 81 66 -99 59 -36 95 53 46 5 -7 -4 -20 -5 -8 20 -4 -66 13 91 -7 -19 -6 35 -62 4 65 53 30 12 -16 7 -44 19 -8 59 -50 -44 -63 15 82 -94 -45 22 -13 12 36 -67 13 -38 -87 -56 69 -43 -56 64 -58 94 26 42 78 72 79 62 55 44 -52 2 52 -20 -87 94 100
95 -60 83 34 -76 19 59 -61 25 -89 -18 -52 55 71 7 49 -85 79 -64 -16 12 -5 61 2 50 80 71 27 39 -59 -24 -89 -1 72 -82 -94 -95 -75 58 -1 -90 -63 -98 85 -32 -60 -20 41 43 15 -92 -37 29 -25 67 63 45 36 -78 -90 -35 97 -24 -43 3 1 -64 39 -20 67 -48 -93 -8 -99 -36 -28 56 -60 7 -23 89 -3 1 69 -50 93 -81 -92 -66 69 90 -43 38 29 -95 -44 -18 60 97 44
63 -8 11 -58 -29 -75 29 -47 -24 -35 -64 -8 -66 -3 8 -54 -33 -48 97 37 70 42 43 -83 -10 -84 -14 37 72 -70 4 -40 -92 55 -30 99 -79 36 62 22 94 -72 -86 -14 -67 -29 33 59 -87 64 -17 22 -44 80 -61 92 -15 1 -71 32 97 -93 -97 -25 -38 -33 -45 -43 58 84 -54 -17 9 -74 -60 -73 -48 -3 -74 -98 -77 -49 1 57 9 -6 -82 -72 -16 24 -20 7 -27 -73 17 4 53 -76 -61 13
64 9 -42 36 -79 99 -89 -16 -38 -95 -7 39 -14 54 14 41 64 5 -91 -74 86 21 95 -90 -96 22 41 90 7 97 -67 50 81 -65 67 -35 -4 -49 12 30 51 -47 81 26 76 72 67 -59 2 -85 -37 60 56 -39 -49 -15 -80 -99 68 -55 88 -18 -54 -17 85 43 91 -18 -90 17 -9 -99 -90 -66 45 -64 57 43 -56 95 12 -64 86 -73 -67 -36 20 -2 27 98 19 86 100 83 -64 -67 66 1 29 98
-54 12 70 -56 -33 -26 86 -56 -20 -69 -72 4 49 -41 -94 87 61 12 77 -34 69 87 -29 -3 -90 -78 -4 -42 -95 17 23 -29 -64 1 71 37 55 7 38 76 -89 27 -70 -83 93 89 -77 -73 -3 -82 -12 83 46 -28 0 -19 -91 -15 -2 99 24 4 -86 26 30 47 -84 30 -12 14 -60 -21 -48 -96 -100 -93 -85 73 68 -78 91 38 84 77 62 -39 -65 9 40 73 64 16 80 70 -66 92 -86 79 -88 18
60 13 29 35 -64 -64 71 -29 -64 -33 18 -26 79 -31 -64 47 88 40 -70 -82 -54 -87 50 -15 -17 23 -62 -29 -85 -32 50 -43 14 1 -48 -69 -13 58 88 58 0 28 68 -34 -54 67 18 1 -86 -31 91 -1 -68 86 61 78 -14 33 -58 40 -78 82 68 41 -25 -27 -56 93 47 20 -64 10 58 -70 -72 -62 -1 28 59 16 -49 -56 -89 -30 24 1 57 -83 21 55 86 5 90 33 -73 -93 -89 -9 59 -44
-34 -32 75 -17 -89 -73 -68 22 49 -14 -86 79 25 5 73 45 85 -33 49 56 96 -82 49 -94 3 -45 -26 96 50 -77 -18 -15 6 82 55 -56 -14 56 -23 21 -97 68 -68 54 10 -34 54 -78 -9 -4 -100 59 30 -75 -60 15 67 -95 -26 22 -19 -38 -8 67 29 -71 66 85 -68 -96 34 38 -46 -29 87 81 83 -49 30 -73 -24 -68 10 -51 -4 30 14 66 6 71 80 -22 100 -86 -66 67 95 -21 92 -58
-44 -75 -9 78 9 54 -31 51 -53 -66 46 58 29 -58 76 36 -100 -56 98 -84 23 -37 35 -24 -48 86 24 20 -97 -1 61 -49 67 74 -78 14 -65 97 -60 -48 -6 -6 53 -12 25 40 -20 -55 39 70 23 -46 -85 -23 30 57 -77 -44 -84 -68 -19 60 -30 76 -52 -57 21 -92 78 10 -35 -39 68 -92 38 64 40 -96 -28 3 -42 35 -10 81 -40 -37 -30 69 -25 -42 32 -43 77 98 88 60 -56 59 -56 -92
-72 61 -34 -59 -31 33 67 -68 14 -35 -85 -68 -43 -2 5 -80 -55 -65 -45 -90 12 95 -36 32 88 60 99 95 100 65 -29 47 -96 57 -20 14 96 -81 41 -24 89 88 -2 48 98 -86 -100 32 27 -87 71 36 64 49 30 -11 19 -29 -14 -82 -68 -37 -72 -10 -99 42 -44 -47 71 66 -2 -10 74 -72 -84 4 -5 -5 -63 -52 -11 25 69 -53 -42 35 90 95 42 64 6 -67 -16 -44 64 -11 49 -70 59 22
31 -34 -54 43 -12 77 -78 17 -40 97 26 -65 45 97 64 -78 26 46 -27 12 2 -57 -96 -92 32 32 -94 59 -15 -7 -1 -69 71 -80 19 19 -78 -26 -36 -54 51 -59 38 -50 57 54 41 51 23 53 -67 15 -34 7 22 76 39 -69 60 -94 47 -36 98 7 36 -76 24 46 -3 30 26 72 47 -82 -13 -77 75 -37 -57 -41 -64 71 -12 24 69 64 -28 -49 46 78 -14 -10 -47 94 -78 -54 9 -52 -24 -92
45 -47 84 66 -62 0 21 -17 -34 -62 82 65 29 -29 95 -53 -73 -43 100 26 -7 -33 -33 -77 18 -17 68 -51 -95 -65 91 -41 74 19 -94 -70 -95 33 77 -17 37 86 33 30 43 97 26 94 -12 -21 21 -69 -28 -64 -6 -44 -96 15 -41 100 -61 -87 -57 -21 -29 -86 33 96 -97 81 -85 -39 43 -98 -23 -63 -33 71 6 -51 16 -83 -15 20 64 21 90 15 69 29 46 93 -62 -29 10 -72 -31 89 55 73
-96 -67 42 -4 41 74 93 8 32 60 70 -41 -59 -25 -48 -79 73 8 -80 -12 2 79 -6 -70 -30 55 -62 31 -21 92 77 -33 -58 65 -28 55 88 -82 5 64 -68 58 -78 13 -89 -86 52 3 -67 -27 -17 68 -76 -90 -95 -65 -9 -65 82 95 -33 29 8 25 41 -86 11 -32 0 30 35 -37 26 99 -93 50 -31 -19 61 -90 20 40 29 79 -31 36 -55 56 -9 -13 99 -21 34 -42 -75 22 -59 80 93 -33
-11 -44 88 7 87 81 -30 0 33 62 39 -36 -57 -38 -63 87 87 -98 77 88 54 -95 18 88 -9 -92 -10 38 -31 -8 94 6 -27 95 -50 10 -97 13 21 41 -47 99 -69 34 53 -76 60 79 -41 26 -38 43 19 42 15 -44 61 23 51 -99 87 -39 35 80 -76 65 8 -98 32 4 -81 69 -25 51 37 47 -93 36 -62 1 85 69 6 90 -54 -87 -82 -79 -34 99 -2 92 2 36 7 -45 87 23 -80 -50
73 -32 -33 95 94 63 40 7 19 -24 -64 4 57 88 -20 -77 -86 -46 28 -43 68 83 13 96 90 6 -13 -61 -46 0 96 0 20 64 -34 -74 -92 10 -82 -10 1 83 78 28 -100 23 -82 26 -42 -74 75 -97 -46 -24 -35 83 54 -72 3 -71 62 -46 74 -17 -71 -77 61 -58 53 99 -52 28 -7 -60 2 -17 98 71 -13 92 -66 -15 -28 -84 -63 -74 -54 24 -12 11 51 32 4 -54 78 24 57 -76 87 -47
-92 -11 10 -89 55 -59 11 71 -48 15 92 -11 -51 44 -100 -89 8 -37 -22 23 -6 -64 -30 -50 81 27 48 -23 67 -48 84 23 -22 -42 -77 98 91 -38 54 48 -17 15 -55 -85 -100 68 -96 60 -49 -69 83 -41 38 -35 89 -91 -64 -86 -89 -16 -48 57 -48 -13 -1 79 60 -32 48 -10 -40 -87 80 82 63 -88 -100 -42 86 -71 26 -93 74 43 -15 65 24 -71 39 94 -57 9 -79 -21 32 11 -82 -66 94 14
79 -44 45 -14 -60 -41 -83 -68 65 10 4 -20 68 78 -56 -94 60 -83 -9 -89 -32 78 -31 -53 -46 51 55 -39 72 84 43 -27 98 50 -60 33 -2 67 56 -1 -28 89 28 -66 83 54 77 -37 72 -15 -23 -16 -86 42 -49 66 17 66 52 0 34 -78 6 1 70 86 63 91 -58 -50 14 -55 58 10 -22 7 1 -65 -85 43 32 66 -95 -73 56 -62 -73 50 -83 -81 -3 -74 -66 96 -38 65 -13 -14 85 48
27 43 84 59 82 22 -85 57 -72 -87 49 -94 40 35 13 29 -10 6 -79 -58 -44 -14 18 -72 -19 17 73 -86 -46 44 26 -53 -19 -34 51 -37 -91 82 -27 100 39 -29 71 7 -64 -94 -84 -28 81 39 56 -82 -34 -38 94 -40 71 53 -82 85 -86 36 -19 -88 -51 -42 14 -76 -83 -55 57 44 76 23 36 34 -23 82 -65 -75 54 67 41 -73 -96 44 -77 -49 -39 -70 -97 89 56 -22 47 -42 -22 64 -29 26
20 -20 -34 -57 -50 -35 32 -89 -81 12 70 47 5 58 44 -70 63 17 86 16 -2 15 -70 56 -24 -80 65 16 -4 65 -7 31 -51 -30 10 -71 -31 -52 58 84 98 -30 24 -47 -29 -35 77 -3 87 -10 -23 95 -58 27 -28 1 55 48 63 76 28 -4 -82 -15 64 -21 -39 100 21 29 -53 -75 71 -27 39 -43 -40 -14 -59 -61 10 88 -4 11 95 87 34 -25 -40 29 6 89 -99 -29 29 -90 8 -16 -85 1
-46 -11 -50 28 66 -11 49 -34 -55 6 -23 100 -86 -34 92 38 -63 19 50 47 -52 -22 -81 -88 57 95 -1 66 64 79 -40 -80 64 69 88 46 5 77 -7 22 -17 -15 57 2 83 51 -40 -33 -29 -12 -71 -26 -87 48 4 -39 -25 32 85 53 -65 -3 -46 -36 -46 -15 -67 -9 93 15 -48 82 -54 23 -63 27 -70 90 -90 43 45 59 -46 15 -74 2 -50 -97 30 -5 -80 -66 78 -8 84 -43 -43 63 -4 -65
-86 74 82 -1 -39 92 -90 -78 4 26 -56 22 -46 83 -16 -80 -49 -20 -55 18 -82 84 76 40 22 65 -70 35 27 24 58 44 -17 80 82 41 9 -65 44 37 70 84 93 4 5 36 -52 -34 59 -87 21 -77 32 -94 42 48 21 43 -2 11 13 -87 78 -78 13 87 -38 -82 -86 -40 -10 27 -92 50 -24 43 72 66 18 28 -27 -67 -31 -47 -58 -23 61 81 -48 -56 -17 18 -58 -37 95 -20 40 23 -6 39
69 -50 1 -40 -62 43 -43 55 -69 94 95 9 80 41 -48 33 -51 63 92 -16 -32 67 -46 34 -18 -16 75 -61 78 90 50 -54 -44 33 -92 17 28 -64 6 -77 19 82 98 97 -25 -90 32 51 -1 70 7 -12 80 28 56 60 94 70 79 -44 -40 65 20 0 2 55 -41 55 98 -60 -7 -69 -76 -72 -56 78 69 -40 38 -90 64 10 61 -73 -47 6 24 32 21 38 -53 48 76 92 18 -57 1 48 -73 3
-35 -74 0 -52 64 26 62 67 14 28 31 18 43 -57 83 -80 96 65 65 98 34 -94 26 -34 81 85 82 57 50 -94 56 -55 -33 -41 -93 -20 -62 29 61 -63 93 85 -88 -97 -39 38 51 14 20 36 26 -7 -29 82 88 -97 72 13 27 18 -27 -88 40 6 46 82 32 18 -40 85 13 78 -82 49 6 25 -80 -7 -11 28 -15 -30 84 -61 71 -3 -1 55 47 -5 -78 -11 84 12 0 -54 28 -19 87 -3
47 -19 15 -97 27 77 -81 -68 62 -12 -82 68 3 -96 96 -81 20 -8 51 -2 -40 -83 -95 -39 73 16 14 -18 -3 25 -11 56 87 -88 12 -57 -94 -30 -38 16 -20 90 -70 -25 -36 -1 -75 76 28 7 -40 -44 77 -62 56 -89 -77 -47 12 17 -98 82 -58 73 63 63 15 -80 12 -53 68 60 -40 -3 21 15 7 51 47 -40 -44 -63 37 57 42 -81 41 96 -100 62 -10 28 70 98 23 -25 64 -90 55 -17
32 -80 -20 16 -84 65 76 36 -63 -11 -35 -92 81 52 56 22 80 -45 -54 87 30 -85 -16 -3 -20 48 38 65 47 0 -55 -97 -13 12 -4 72 51 -7 41 -37 -78 -54 -75 -68 84 -5 -84 86 75 -52 10 31 7 80 61 58 71 -40 91 92 -42 -47 90 57 41 80 -82 95 24 -24 -79 -82 -73 78 -20 -19 49 90 -9 -68 17 -46 -83 83 -79 -1 -64 97 63 -5 72 -68 38 -88 -80 -58 -32 -31 -43 47
51 16 -91 -54 11 -99 -43 25 69 -19 -15 -77 91 -45 8 77 36 77 17 21 -33 -17 -33 -21 -73 -8 -2 61 -81 -1 -65 75 -97 -65 -89 64 50 45 54 -16 34 84 -58 -55 -51 2 29 96 45 -9 47 81 -64 19 -82 77 -34 32 99 59 15 -99 -41 -66 -96 61 -70 91 32 -78 27 -29 -12 -56 49 -56 -18 -4 75 -88 47 -64 -21 -2 -71 19 -89 44 -4 96 12 29 -57 -4 -73 73 -62 -77 74 20
-18 30 41 32 -70 27 -78 -6 82 22 -3 68 -31 -31 70 45 -34 -14 -94 26 -2 -56 -57 -100 -94 5 -79 -46 85 -55 -54 45 28 -75 -65 -86 -2 15 -88 -17 -73 -7 -27 96 56 80 70 6 -39 -96 -90 83 82 -100 8 -90 27 18 -26 -4 31 -19 52 95 -91 93 -69 -16 100 -8 5 -32 -31 -21 11 14 -77 82 42 57 -35 -94 100 45 82 -40 -78 49 71 -88 -46 8 -94 57 37 2 13 47 42 -13
-95 91 -44 7 -62 62 -17 90 16 -36 75 44 -51 96 -12 32 100 9 -33 81 19 58 57 -19 -57 28 -18 10 7 -96 -9 92 44 44 -4 87 52 50 89 37 78 -89 87 73 0 -48 30 66 87 29 -14 81 -6 25 39 -93 -7 -55 17 -95 -49 93 -13 79 -9 98 81 -52 50 -68 31 -64 -20 -98 -63 -67 55 -28 -61 -76 -18 81 -72 -76 -24 18 21 48 6 -37 16 -64 97 -79 -39 -55 36 -42 -100 9
65 8 -41 90 77 -85 -85 61 -84 -73 76 56 -6 96 75 55 80 -60 68 -81 -37 -98 -18 -29 -6 -85 57 -68 35 -56 43 -73 5 -14 7 -23 -63 47 -45 -73 78 -80 75 99 23 -8 14 -70 -65 -100 94 15 -97 -98 -96 -83 -59 30 27 -59 25 20 17 16 44 -66 -21 -79 12 0 -75 68 -86 27 -7 10 69 23 93 19 21 27 -77 60 62 -80 6 -23 82 61 -24 6 39 43 85 -24 27 -28 -59 51
95 -13 -18 -48 -78 6 83 -74 -20 -3 -25 -32 -11 -28 -16 -79 77 -8 -50 -85 21 3 56 -48 -73 -27 -27 -73 19 64 -34 4 2 -32 62 66 -55 -32 31 -6 -88 100 -24 98 -22 37 14 81 87 -66 30 25 87 67 62 23 80 -18 -62 33 77 11 -7 -2 98 5 -1 -10 -89 -49 51 82 2 63 -33 49 -54 -92 27 55 47 -10 -70 15 3 -18 -60 56 73 64 26 -68 -9 68 -9 56 -83 44 -71 -73
-39 6 -7 29 21 56 -88 89 -51 -57 90 9 -19 -93 90 -16 74 19 -3 75 -72 -94 -19 5 -52 -26 -65 -43 28 96 39 -32 -85 40 17 19 80 -72 6 -65 -81 -76 -29 -50 87 47 -20 25 -12 -62 -95 -52 33 -31 -13 27 75 65 -81 -9 -71 48 -54 -29 54 21 65 18 -99 76 57 9 -51 -83 88 -85 4 -29 55 40 13 31 -99 49 49 -53 63 63 -72 3 59 -29 37 -42 -44 -73 71 82 42 78
98 -38 -48 -21 3 -18 28 -90 -6 -28 14 -43 12 49 -4 11 97 -60 -30 -79 76 -61 -89 -50 -7 62 -86 -94 -31 -67 18 14 -62 -5 42 -53 18 -26 -87 -85 75 -50 2 44 -48 2 68 97 -37 35 83 -64 -14 64 6 76 75 34 -10 85 64 -42 -45 -43 -52 82 -32 -2 71 77 -87 16 -87 74 -32 98 -24 -89 54 84 4 24 -19 4 5 -88 -69 -63 78 30 -64 73 -21 12 1 97 91 -74 -3 80
86 -33 -57 -63 -50 -12 -97 -44 -57 -34 -91 17 29 -5 12 79 39 62 -45 2 -71 11 89 91 -48 29 -80 59 -1 3 86 34 -30 -15 -32 -48 97 86 -2 -5 97 -73 -57 -81 21 58 -28 -28 34 93 73 84 -33 68 -14 -45 -89 -9 -2 -72 -51 64 82 -96 35 61 28 -50 -83 -52 59 92 -77 -59 8 28 70 67 81 -87 -31 -84 55 -85 -5 71 -12 -57 -63 -67 -84 34 30 25 71 -55 50 -66 69 -100
6 -7 27 90 6 31 -58 -6 -31 36 43 75 -14 -2 89 -68 -22 48 -26 -11 -46 -68 -57 -9 -42 -18 -90 -10 30 89 56 -72 8 95 11 76 85 -87 -98 20 -38 27 16 42 34 -76 10 -97 31 -62 76 -47 22 -9 -37 -85 -3 -1 -34 -38 -16 -35 -83 40 -63 6 70 -42 -71 79 -43 -14 -70 -88 26 -71 -34 -82 75 -29 96 -13 -82 68 -18 -84 -64 20 20 91 -36 -53 -81 21 -40 -55 -14 45 -78 44
-57 72 -4 47 -53 -1 83 3 -2 -51 -44 94 2 -86 -8 30 32 18 -1 1 -97 -94 15 -8 87 -30 16 83 -34 17 93 -21 -31 77 -83 -79 44 -76 70 -99 42 -98 -6 1 -51 -87 -31 -47 57 75 90 -43 -12 -36 87 79 -93 31 -2 -59 39 -70 71 -37 -43 2 -66 82 -26 -3 -77 36 -13 -67 81 57 -26 53 -4 -55 -81 -92 12 21 22 22 5 -14 -70 -37 38 12 52 -66 -50 30 -53 36 -22 -23
-98 -39 14 96 -6 100 -73 -88 -97 -63 -84 -82 -91 13 13 -75 30 51 5 -63 57 19 65 78 9 -92 -66 9 -15 92 45 52 -25 3 -80 44 -49 59 93 -74 -74 15 -14 -26 13 -49 -26 5 8 11 31 77 98 -54 69 -44 31 -90 -51 82 13 -26 33 68 98 87 35 43 -66 -34 50 30 -48 -74 83 30 -95 -55 70 -93 -75 6 -33 -77 8 -66 43 -10 100 89 6 94 -22 -73 73 -61 -69 -62 48 40
26 -7 6 -34 98 61 40 33 42 -82 77 -25 -25 -68 68 -6 47 -68 -69 -71 66 -18 -45 74 53 -21 -64 -20 2 54 -75 82 -67 -69 -45 -21 -69 82 -58 20 -54 -38 -23 -77 94 -91 -72 -3 66 36 86 -69 -92 -18 27 -75 -5 8 -17 -63 -18 49 25 -52 0 -57 84 92 62 34 -56 -48 -11 15 -69 -52 -15 -51 0 33 -69 18 12 17 -63 16 32 57 -11 66 37 76 -21 40 -23 91 -97 98 -79 -12
51 -55 -8 57 80 51 5 94 80 -2 -87 -13 12 13 -72 93 17 -62 -63 77 40 33 35 -7 -79 -89 -86 -59 -85 -30 3 45 -25 70 -76 -74 35 -18 -49 -31 73 86 47 48 -64 -41 -17 -22 -60 -79 -87 -31 -1 61 100 -27 20 -30 28 -88 92 5 -14 61 -45 13 50 -68 -23 -75 34 63 47 -83 -19 50 -25 39 -46 -43 -81 24 -4 -18 64 -66 4 -12 44 46 -71 55 -79 -59 -71 28 54 -23 88 15
-33 29 4 -77 -62 25 83 15 16 27 -84 68 69 99 -86 -17 52 5 50 40 14 -82 -75 -6 -37 72 -17 -68 -5 -47 -1 0 46 59 -52 -12 0 70 -93 -95 -48 -43 -80 -19 -48 34 21 -2 -1 11 45 -43 -94 93 72 25 -14 -96 0 -16 40 -56 12 -90 -91 8 80 -85 78 -62 5 3 -32 -27 22 71 -65 -86 -17 -89 -15 62 7 42 -34 96 48 83 68 -55 72 -7 -85 -17 -85 54 48 32 -82 91
88 -37 -27 -57 26 36 19 35 1 5 16 93 -68 -40 66 37 -20 45 23 -37 -20 -63 33 -99 58 66 -96 66 24 90 57 26 -32 64 9 48 18 91 -56 -47 -95 37 72 16 -29 3 51 -66 -59 1 7 11 12 -4 -72 0 93 40 -14 -88 -98 -26 -74 -71 28 52 51 47 40 -48 -76 57 -13 -37 82 -56 -31 63 73 -41 -76 15 -83 50 -36 46 45 90 -30 -2 76 39 -49 -39 -33 -4 -80 18 -87 -70
56 13 -12 -17 69 58 -12 37 100 -53 88 -70 13 -87 49 -92 -34 -5 -45 66 29 -46 -33 -19 -3 10 89 -6 -98 -26 -91 -70 16 53 -11 -42 -58 62 31 99 58 34 -85 68 55 -75 -93 63 48 1 27 -80 -95 89 45 94 -52 -72 -59 -15 -85 -56 12 49 -53 56 76 43 -15 60 -40 56 -34 36 -89 -51 58 80 -94 1 -66 18 -34 9 83 5 -37 58 -36 -33 -21 61 -17 83 52 -22 24 99 -78 85
73 29 30 66 -92 -47 61 44 81 10 -62 -18 90 -74 -15 -84 -76 72 -78 -51 64 64 18 84 32 67 73 -50 -97 -47 51 7 98 88 23 -17 37 -42 -55 -16 45 69 -100 13 -27 0 80 -16 27 14 -31 83 -91 -66 -94 27 90 17 1 39 -26 -97 19 100 90 -19 -50 36 -7 -66 63 26 26 -11 76 -95 -55 -89 15 -56 -73 -71 19 -50 -13 16 -65 -57 31 -97 93 -88 -73 48 -85 -37 4 -67 -5 31
-29 95 94 48 54 -99 -31 -80 -70 70 68 -58 -26 74 -74 -3 8 2 84 -80 -5 56 -25 -96 -89 -5 -76 8 86 -43 26 23 -69 -13 -16 4 -87 -58 -48 -57 -65 43 -71 41 25 -20 41 -9 -53 -58 -95 -37 94 -36 -63 24 87 -38 39 28 24 -62 -70 10 -20 97 23 19 -77 12 50 14 -25 59 -97 74 -30 35 69 -1 -88 -56 -13 -28 -13 54 85 93 35 13 -4 11 -7 28 96 -73 -86 96 -85 -16
-50 77 84 -54 -18 -26 -46 -32 33 -64 53 -46 -45 85 -58 17 -97 -68 100 -29 87 -71 62 10 -25 63 17 90 28 29 62 12 -78 -40 28 58 -97 -17 -81 59 55 25 -62 65 -20 13 -43 -21 -21 81 31 -56 7 25 -84 -2 28 -20 -30 23 -43 -86 0 -17 97 -30 -48 -83 -67 -69 10 83 -58 97 -30 -70 -33 24 63 -15 63 -1 -10 -95 34 -95 -17 58 -77 7 -99 21 16 -97 -100 -80 -63 -15 18 7
25 -10 -85 -65 66 -49 -84 49 29 63 51 -84 52 39 -70 1 -82 42 -19 77 46 -94 9 37 -61 -43 25 22 -30 11 37 26 -4 20 3 9 95 96 44 -22 85 -60 -1 34 -31 60 -31 -85 -22 92 32 -67 20 -85 -69 -92 73 96 65 86 73 69 88 -95 25 -1 20 -96 95 49 60 42 -86 90 -78 -19 -31 99 -6 -38 12 -28 -28 -24 6 56 -59 84 -22 73 14 -56 42 -92 -77 -79 -8 -3 78 -52
-82 95 -96 -19 -69 39 -70 -14 45 28 52 -99 0 -77 59 95 87 38 -13 -46 -61 -67 -87 93 99 67 62 53 -66 53 65 -50 -38 86 -28 -37 -75 -61 -67 -82 50 -8 -90 -70 91 41 -100 -23 99 -47 59 -3 -57 64 -96 -94 -61 -61 -21 38 -62 -15 -39 74 43 -39 94 -15 28 -32 67 -53 -7 -62 87 -46 62 -98 -37 -19 -63 97 23 -63 46 49 -2 51 47 -62 23 -82 8 -84 -82 -10 -17 16 -73 -12
89 -80 -34 -31 -95 60 -32 -21 59 81 -93 -26 -43 -73 -67 86 91 85 -29 74 57 -58 -96 -62 -70 -74 -100 -53 -73 -15 75 -61 -93 -99 -53 8 29 84 -65 76 86 -3 35 64 34 -22 -84 -28 -86 0 -80 -86 -53 7 18 12 -59 -3 70 -75 -52 19 -62 6 92 -25 32 87 -49 -31 -92 -7 59 -38 -7 -49 96 -8 89 80 15 -79 -30 -14 -81 74 -54 -41 87 -44 77 85 -79 -66 -59 2 47 -23 -60 49
-30 -55 89 73 -6 -39 1 88 -92 29 -68 75 -14 -49 98 -84 89 -30 53 -78 24 -28 32 -37 -82 20 -72 -33 -69 -91 -26 13 -14 -65 -10 62 98 36 12 59 86 49 30 9 19 -22 79 20 -19 -26 84 59 -47 -34 20 75 -36 -33 -75 74 -82 50 41 34 5 -37 77 -29 -78 74 -32 -59 -63 37 86 58 30 -33 -100 84 -76 -1 -43 -41 -39 64 -77 50 -53 23 -37 53 56 75 89 -20 -75 -33 -56 5
52 -97 3 3 -8 22 22 91 7 81 69 54 14 55 -49 -67 28 -52 46 90 -28 83 -85 -33 95 -15 -87 -6 -92 -57 -6 -98 17 16 -62 -100 100 55 -28 66 -3 -47 62 1 88 -42 29 -82 95 16 -13 92 -43 61 80 -39 -83 -42 11 -27 58 -6 34 -50 82 66 -54 -24 -19 -78 77 65 -45 -37 -31 22 22 83 55 -79 34 -36 60 14 29 13 -13 60 -93 -85 -46 89 -41 82 37 18 -92 -51 30 -7
34 37 21 39 37 85 -35 -40 -100 -65 63 -15 -84 -20 90 48 35 88 -18 51 26 28 -27 -59 22 -43 76 -100 -38 35 -4 -52 57 -85 58 -9 59 -66 77 30 -81 -9 -71 -19 -51 -34 -69 -15 42 1 -24 26 -64 43 29 25 -5 -84 64 -12 -41 19 41 85 -25 -12 65 36 30 -36 27 7 25 -15 -51 24 26 86 76 19 -51 -83 -8 83 1 4 -45 58 29 -26 -82 -39 24 43 2 40 -18 -50 58 74
-24 55 77 83 40 36 -35 -81 22 -29 -44 -6 -21 49 -52 47 -48 48 -14 14 63 -45 -34 -38 54 53 -98 84 34 14 32 -20 -19 48 37 7 29 61 -62 -96 87 -38 26 30 99 87 93 10 59 57 -62 81 46 -12 74 35 91 74 -74 -86 -53 -100 36 -44 -41 34 45 80 58 -73 -93 -2 -51 10 -75 36 88 50 9 -65 -74 -12 -13 19 25 -30 -37 32 9 64 -58 1 92 62 -19 61 58 48 -96 -79
60 26 34 30 -1 54 61 15 0 -20 -84 77 -51 -40 -20 -78 -35 48 18 -65 -17 -61 -33 -97 -12 -27 70 -68 6 92 -93 34 -44 50 24 26 9 63 28 41 19 -79 -74 60 58 -36 -95 -51 39 24 -55 27 94 100 -43 38 63 -23 36 -68 9 14 -35 -40 97 77 -34 -71 96 -45 83 11 83 -71 71 -73 70 97 -87 7 -82 -90 -78 30 85 22 -37 -59 69 53 100 -61 -64 -21 59 -100 57 35 -35 51
-98 -52 -50 -62 -3 -76 -60 91 -94 -38 -12 84 12 -14 -93 80 -63 -17 17 7 50 -22 -53 36 56 -12 81 -50 -23 -98 64 12 -44 -17 70 69 -23 98 51 79 -36 -42 40 -72 -57 -33 -31 93 19 50 61 10 26 97 -77 -91 35 -83 -49 83 -32 -19 -78 -74 -71 -56 44 6 45 -84 92 17 31 -74 51 -24 -38 -76 70 81 -45 81 -28 -78 -100 -3 34 52 -25 49 -9 -52 -71 -13 -57 49 -44 77 -18 -57
77 -57 4 47 38 34 49 54 39 -88 -44 70 -67 -61 -59 81 27 -79 -87 -20 -52 -54 54 -46 26 -91 -87 53 44 -92 86 98 54 61 49 -16 15 -24 -4 -25 -99 24 -86 28 -13 -11 -84 48 55 11 53 60 -40 -56 54 72 92 56 39 72 14 34 24 67 -69 -12 56 83 -48 -3 -2 15 -11 -73 -13 90 -34 9 -2 78 -95 89 -69 18 56 2 51 -71 60 38 -87 10 52 -92 -44 57 78 -6 -74 -24
18 100 -88 42 4 -73 68 -76 95 -24 2 34 45 -7 -33 -3 47 6 50 99 79 -64 59 -59 -87 66 -90 -30 -12 16 49 32 -86 -56 77 -72 -97 83 88 -94 27 -38 30 -92 -95 14 -32 81 9 64 91 -4 54 -98 -56 -72 82 36 -38 -80 38 14 -72 90 -91 -71 78 67 95 -13 80 -41 -22 13 -30 93 -97 -87 -49 22 -21 20 92 89 -69 9 93 -14 -11 -6 71 -77 -60 -3 -27 -16 34 95 53 -48
86 80 -69 -75 99 -22 60 21 -18 -11 -32 9 -60 88 -3 34 47 56 19 89 -25 -97 -26 43 -42 -91 -81 -50 93 80 3 25 48 -97 -45 -34 70 82 -86 -68 19 38 -84 51 -68 55 -1 28 -78 -65 99 -99 58 34 72 -80 46 -9 -1 28 -78 -27 43 -48 31 -59 99 86 78 60 -13 -72 -40 -11 -76 -38 -96 -45 80 17 -52 87 -48 67 -31 -42 -84 -30 -83 41 77 89 -5 -37 -22 91 54 85 6 98
-4 39 -71 80 -96 -65 15 40 24 11 -75 -90 72 -13 -75 -92 -26 -47 36 -73 -67 -22 -37 -85 69 89 -78 -66 34 -51 -13 51 98 2 -45 -1 -18 -28 96 -84 73 -31 86 77 -63 -100 -4 -52 -96 55 13 -60 -30 90 97 9 -35 83 32 -35 -4 -9 -46 80 20 54 -91 76 71 -35 70 91 35 94 51 10 -84 47 -96 -15 69 25 37 -44 -25 -41 44 40 64 -16 81 -72 -58 -6 -78 24 78 95 16 -97
-84 -95 8 -14 64 -98 -13 -54 -7 -21 13 92 23 26 95 24 32 -21 -38 -5 46 14 5 39 -40 17 26 -18 -84 78 -30 -87 -22 -10 18 -14 -43 -87 62 -76 28 82 -54 9 -70 89 71 1 -75 20 -7 -18 1 -19 55 41 88 -63 -97 44 -58 -58 45 5 -5 -84 -84 59 96 48 96 -72 48 90 27 20 -98 -78 19 67 -76 -63 62 -29 82 77 -44 -23 -64 33 56 -87 -38 -85 72 -18 57 -95 -21 -86
87 58 -100 -85 96 -82 -57 10 3 -80 58 -13 57 -47 -9 96 -56 -49 -19 -91 -38 56 -49 -8 -79 99 40 74 65 -77 24 -75 -30 69 -89 51 -52 -84 -51 99 -72 24 80 31 -56 -84 -65 -85 32 59 -22 -39 -68 81 57 36 16 -44 -90 -82 51 26 72 64 -39 80 -67 -95 93 3 -81 15 -14 82 -92 -23 -73 40 -9 32 -72 48 11 98 55 -9 93 -44 62 66 20 -38 7 -3 62 29 -59 -49 12 40
-62 10 -66 -98 -52 -45 89 78 -21 -47 -5 -22 -93 21 -79 16 -52 75 82 -16 95 -4 14 -33 13 35 28 58 1 36 -7 22 -63 92 -5 67 90 -43 -97 -46 58 53 -87 97 -21 78 -42 -1 20 15 -96 8 -18 18 66 87 -95 40 -76 9 -21 84 27 -31 -28 81 -63 -20 -68 -90 -50 -83 4 22 -86 -33 -45 78 81 -73 0 36 -73 -57 96 22 -28 -34 82 -94 -75 -59 -15 -81 39 -10 44 96 -64 34
57 -33 0 8 -12 -92 -75 -87 -46 -8 -10 -45 -88 -7 -97 -39 12 87 27 100 -58 -36 -66 -3 12 -52 -100 19 -35 -75 -34 -98 -31 -31 26 51 -53 70 -45 29 83 69 90 28 49 36 -63 -72 -73 -9 52 88 -100 -32 -13 -88 -7 -11 75 47 -45 26 -93 -87 -19 -69 17 5 -21 15 22 -60 -47 30 -99 -33 14 42 -84 81 -94 -65 15 19 -14 -52 -21 53 -9 -41 88 46 -90 67 83 4 13 15 19 -57
50 -83 -42 -6 12 48 -98 -34 -34 32 85 12 -63 -35 20 86 43 12 -12 20 83 4 66 42 -10 -59 81 29 -60 84 -27 -73 -32 -56 91 -9 55 -66 95 23 -35 -90 47 -59 32 -89 -55 91 5 -25 -89 11 -24 86 16 -65 -53 -97 68 94 -38 -50 -86 -44 63 -27 -65 38 70 96 -2 52 84 -58 -74 -97 -42 69 35 -72 -60 -39 -20 -7 82 -29 12 -34 -44 -26 -41 26 44 -85 -53 77 16 91 -45 36
-61 18 70 66 -97 77 -73 -23 -54 -70 18 4 29 -100 -94 52 75 -95 16 84 41 88 -16 86 54 -1 87 46 -12 -11 -47 76 100 87 -92 19 9 12 -86 -88 51 -70 -5 0 26 -95 5 -14 22 47 84 -74 17 -71 -11 -31 -26 8 -15 -4 13 44 -64 -23 -91 71 -71 -72 44 91 -23 44 57 -25 51 85 22 86 77 99 80 -99 15 -5 -93 -19 -42 -8 91 2 -64 60 -85 71 -86 92 -47 -6 79 8
35 -79 78 10 -80 -39 42 -5 -71 15 -1 41 91 -10 -95 -43 95 4 -39 -82 58 87 -92 -39 95 -30 20 72 -6 10 -45 -68 55 -75 33 -10 40 31 16 14 -12 72 -82 11 73 39 -51 4 -23 -41 82 44 32 -48 -49 83 33 -18 63 -3 -52 46 -49 71 -33 79 -14 90 -81 -91 41 -9 -43 14 -24 25 91 73 -1 12 3 4 33 13 -35 -32 -34 17 -9 -72 46 -82 -74 45 -53 94 -72 4 -36 -24
88 -72 -64 -58 97 31 28 -26 -78 -6 40 50 83 42 -53 -44 -77 93 28 24 100 63 -50 56 67 -72 50 26 84 56 -32 -76 28 -13 11 -11 84 -65 19 -2 -67 -99 69 26 9 -35 42 42 79 43 72 45 -13 32 68 100 -95 95 -77 7 -12 6 87 53 98 35 -3 38 -64 74 86 -87 -15 -29 -33 -31 -60 88 78 44 -60 -14 5 42 -47 -37 -51 -5 -29 35 74 20 -4 92 46 -5 67 36 -60 93
-6 -47 -37 -61 -92 -36 -18 1 97 74 63 95 -82 -80 63 -64 19 -87 75 77 -73 39 -98 -30 -85 78 -37 85 -85 100 -57 -24 58 33 33 48 15 -91 66 74 -5 -41 -32 -24 84 -16 78 3 46 -90 40 37 -52 67 54 94 -8 78 76 13 2 98 70 -34 8 -69 68 6 48 -70 -20 -42 -23 -42 -74 -59 3 -77 -19 -51 21 17 86 29 77 -36 -88 67 -41 4 62 88 -19 16 99 2 -31 100 64 -44
22 40 -63 54 16 -25 -34 -32 -14 -18 42 -90 21 -7 72 40 -39 -100 -58 29 78 -4 22 -3 59 -57 88 80 82 -13 -74 -14 -93 -69 40 -54 -18 -32 90 -6 14 1 -17 -99 65 2 12 42 32 50 32 37 67 1 23 17 -99 58 22 59 23 -15 -60 -14 -96 -40 55 12 97 -98 48 52 2 -7 -100 -12 -78 97 38 23 25 68 68 51 55 39 -22 -10 -37 -32 -31 24 27 23 76 41 99 -56 10 28
99 -38 58 -13 -76 99 27 75 -32 61 88 33 -90 -99 26 23 -33 -75 -14 47 29 -33 -26 -32 5 90 -16 48 -19 54 -13 -93 86 -43 -95 -28 -27 66 -53 92 -48 26 -18 -26 -44 72 -29 63 -33 20 -44 -17 -98 -23 36 -36 -63 -12 97 -55 -1 -8 -12 36 21 58 -81 2 -8 -15 68 100 -56 -58 43 20 -99 64 -94 86 -15 -95 -32 42 -70 37 -79 -12 56 -67 -89 -64 80 9 -94 56 98 33 64 24
