100 100
-41 19 13 6 -72 21 -30 69 -50 -67 -83 51 -70 45 -60 36 -25 -14 -67 -1 39 15 14 -46 8 78 39 75 -72 -84 -5 -82 -86 80 9 43 73 -37 24 67 26 35 -10 1 99 28 13 7 -78 -94 11 38 30 -42 -44 28 26 97 25 -19 -53 -7 89 0 27 -56 -38 -97 8 -77 -5 -71 15 -87 41 -74 -17 -23 84 10 26 91 29 -18 -8 37 -87 -46 -73 51 47 48 -83 -40 -94 -67 -100 -60 15 -41
-48 89 13 -34 86 48 47 -98 -98 2 26 -83 64 86 -99 87 53 20 -92 76 -51 -83 70 -60 -81 -90 12 -22 12 27 -1 -70 2 60 31 -8 22 -10 -51 -86 -26 90 36 -79 70 62 59 -61 -84 -60 -17 -39 -37 -78 -10 -26 -2 3 -45 35 -90 71 -34 1 36 -38 17 -1 -29 -65 98 34 -1 -76 -60 -60 -100 52 -60 24 -78 96 18 -31 89 -27 22 -26 -65 -21 -63 -43 -57 -62 26 67 -63 -62 56 -60
-39 36 -17 -79 -31 -71 0 -49 49 25 43 8 -80 14 -76 -69 -38 32 88 2 31 -58 -22 81 2 34 -16 70 -96 -30 -35 -30 -13 -63 86 8 56 -86 -93 71 44 -46 -77 36 65 -93 95 65 -40 12 36 -9 41 76 2 -1 71 -25 -34 -31 32 -51 -1 19 -11 81 82 -100 -49 91 -90 -34 -43 90 -6 32 -97 22 0 -86 -32 91 51 31 -38 -7 87 77 -84 93 -54 19 51 10 6 80 -56 -99 64 -92
-23 17 -64 9 99 2 19 25 -62 -36 58 27 -40 -70 79 -30 -80 49 -14 -53 17 17 45 59 58 41 91 -84 -64 1 -8 -28 -42 21 99 69 -35 -26 -1 -17 78 -28 29 -53 -95 49 19 52 79 50 -59 20 -97 -66 -19 -99 60 69 72 89 -91 -57 -95 77 -75 -25 75 93 39 95 88 59 95 -95 -60 100 11 38 -44 85 -67 25 -65 23 -20 -1 63 -82 30 -12 71 41 -43 -46 -46 -93 -5 -49 9 86
1 -75 72 -2 31 -35 54 13 -86 -5 -76 23 63 32 31 14 -27 -45 -85 18 91 -11 -14 -75 -53 -2 -71 -54 81 -8 -24 25 -79 -56 34 -93 86 -57 97 -47 -1 35 -3 41 -3 16 53 55 59 -29 81 -33 -21 -75 96 -72 100 28 100 58 75 17 48 14 35 29 68 -74 -86 1 -66 73 58 -61 20 -66 97 -79 75 56 93 98 -81 40 -10 39 -32 21 -29 9 90 -34 91 -71 -54 -37 1 24 86 -80
-66 -42 41 -10 -4 78 55 -69 77 43 -45 -73 -96 90 -39 80 -40 -23 -7 -63 20 -22 -23 -41 6 46 -7 -48 -3 69 -92 26 50 -66 -85 17 82 16 26 17 56 28 57 -71 -73 19 -14 17 -64 -20 -69 66 79 57 -39 -64 20 -79 34 2 62 -30 29 -96 72 -57 84 87 30 37 -64 32 29 55 -78 88 55 -15 31 28 -96 -25 -86 25 31 -55 59 66 57 -90 37 -27 -83 22 -65 -75 -65 -70 -37 90
-8 -3 -41 -72 33 88 12 -18 -98 -33 73 42 -92 6 -69 11 -64 -85 65 -9 79 -14 -36 -40 34 79 42 3 -49 -5 18 81 98 -54 80 99 48 -11 -72 47 93 -86 -42 45 58 -66 71 -20 -5 -58 -87 -19 89 23 95 62 -44 43 5 -59 79 -58 -93 -37 55 41 68 49 -49 -22 -65 -96 -2 -70 -8 57 70 -65 -17 -22 42 -51 -85 -81 -41 -43 93 77 42 95 -98 55 43 -80 -36 -88 -94 11 -10 -70
-74 85 -35 -71 30 87 -20 82 -46 4 -82 76 -74 -34 4 22 -56 -16 29 12 8 54 -30 -36 -34 61 -51 90 -43 -47 21 -73 58 -11 -14 -6 -10 -48 11 -93 -54 -9 80 91 49 9 94 58 79 -81 -9 -10 19 -47 -41 -20 -92 80 -6 20 0 -92 -20 -19 -34 -46 -8 -75 21 96 78 26 6 -64 37 77 65 -3 39 -73 -17 -90 -72 -75 -71 9 -58 97 -15 -85 -62 86 98 -27 29 43 31 5 62 53
-30 -83 -100 72 32 54 -36 54 -63 73 58 61 37 78 -79 16 -98 89 -70 64 -42 34 31 62 -57 -82 7 59 -8 88 45 -79 62 -60 -17 -52 33 79 52 11 -16 -49 -30 -78 -82 -42 41 13 82 -83 -59 63 60 -17 7 40 28 -41 98 -99 96 -24 -31 100 84 -28 26 -1 28 -30 68 72 46 6 -4 48 -97 65 14 -21 -81 -61 49 -96 58 -42 -31 28 74 -90 -61 80 -50 73 -84 59 -37 21 -91 -19
62 -71 34 -53 -82 -86 48 49 66 36 -57 95 -96 92 -34 16 -75 -60 6 83 23 -16 -67 29 30 85 68 83 -46 53 91 20 -74 10 -39 80 96 17 -82 25 71 40 20 21 -98 -1 -48 29 95 -23 11 -23 41 87 85 -10 14 -66 -53 -43 -72 29 -43 83 45 14 -97 -1 41 67 -14 -80 -1 15 -68 -93 84 38 -24 92 -65 57 -94 -75 40 26 27 -27 80 53 -80 -5 -82 58 89 59 93 5 75 -68
-86 -14 -52 1 -79 -95 11 -42 72 -72 98 -28 60 57 98 -92 -17 82 100 -67 -20 55 0 -13 -4 -48 -85 21 -92 47 6 70 87 -23 -22 -55 -54 46 -24 10 -63 -12 -9 -41 -84 -54 92 -68 2 45 79 36 10 -33 -1 59 -28 -22 85 88 95 90 -73 -64 -82 -47 -97 -34 -12 5 6 -76 -94 29 -28 -54 -46 78 90 -43 68 -48 79 -66 35 55 58 38 65 -11 75 -51 60 72 -94 -98 38 1 49 -29
6 -96 -30 80 -44 -99 98 -30 73 -10 -78 61 8 -57 -34 65 46 35 79 -57 -36 -100 8 -9 -91 32 -25 60 -75 -22 30 97 -77 65 94 4 51 -51 -51 -33 19 37 -65 -51 -94 -74 67 -34 14 -13 67 -83 -26 -16 -74 -73 52 72 73 81 -46 72 91 2 15 29 20 72 23 -51 -6 69 -69 15 -84 -47 53 22 48 -6 -35 -80 25 -22 -77 29 -90 35 71 -92 -65 91 34 11 -63 93 -61 93 71 -33
-87 -55 51 49 46 -62 -51 -95 65 -29 76 -5 61 49 -32 75 -31 39 87 63 -18 6 -3 -90 -19 -90 -73 71 -1 15 -36 -50 -8 -15 -63 49 72 5 -32 21 -13 94 29 71 98 74 0 -36 -80 4 57 77 -60 4 -86 2 -9 -12 -51 -96 -22 76 -78 -10 19 40 -2 19 47 -10 -22 -29 -20 53 -73 -47 -80 -65 -35 -42 14 92 77 4 44 -73 68 -42 79 44 -69 -67 -43 62 -9 -47 -31 26 45 -3
-26 73 55 -56 -70 -67 -87 67 -72 72 94 -46 -86 -81 -55 -100 18 -86 37 82 23 17 -87 37 49 -47 -85 21 -50 -58 -3 -47 -68 24 71 -21 37 57 32 -83 55 -62 -46 -5 39 -71 93 -89 83 52 -41 -53 57 82 65 10 92 73 -48 -10 100 -68 18 -20 91 6 -79 26 -2 -63 55 -86 -10 87 3 28 22 56 -27 89 -55 66 -47 -23 -39 -57 94 -100 48 90 34 41 21 -1 82 27 -19 -65 -74 -75
62 12 62 -21 24 69 -96 89 91 -17 -36 -4 -24 62 -54 -93 -47 -50 98 65 27 1 -44 28 7 2 -31 -27 65 -82 -48 66 -35 79 1 -10 -100 59 -5 44 49 -85 -48 9 40 79 -99 71 -68 61 -22 40 -24 60 -36 58 -99 29 -94 8 83 -67 24 -47 71 -9 -35 81 -82 -33 29 45 -23 85 -83 88 -43 19 -68 13 32 22 -72 -41 92 80 54 -94 -4 40 -39 -81 29 -71 -22 73 -77 -40 56 -69
-24 60 92 -19 36 9 75 81 89 16 -57 29 -80 18 41 48 -78 -86 -31 -69 -13 94 63 79 77 -83 -28 -76 -84 -12 30 -86 52 56 -20 -31 -84 -13 -90 24 3 -78 -31 36 25 -86 68 -9 16 -34 -39 -60 -28 -20 92 80 3 21 -60 -79 -58 -83 -40 -3 -96 -11 52 16 -79 -8 30 32 -4 -52 -25 -98 -54 -66 -71 -6 -13 89 62 -2 -36 30 5 -38 10 -71 49 30 70 72 59 -11 40 -78 42 -91
60 -59 82 76 -27 -61 -78 60 91 -93 -42 -96 -72 27 86 93 -4 1 -95 -41 4 23 44 72 59 68 2 43 28 -41 -25 -44 77 59 -8 -34 -93 -68 56 26 -90 59 44 33 -66 -64 -25 -74 -53 88 10 -34 73 25 -34 -45 52 47 -6 40 96 80 43 -55 -93 -91 65 37 96 -10 9 26 74 -84 81 -31 -32 -51 65 20 62 -20 39 11 15 10 40 -95 -82 -63 -74 -20 34 88 30 81 61 -12 36 -22
-75 99 -87 70 -69 -67 -66 80 -30 -19 46 -86 -57 -95 76 -88 -10 -77 -25 -21 37 -58 18 9 63 -56 -64 41 10 -68 94 -32 56 56 -66 21 87 34 -76 -31 96 -48 -98 67 3 -5 -24 65 96 -32 -9 40 79 78 91 -57 -62 54 -85 0 -47 -41 95 23 25 -76 -6 81 4 59 40 -53 -83 -37 92 -5 20 22 -67 -33 98 -28 -70 -63 -7 -52 -50 -80 -26 6 -7 -18 -96 83 -6 79 83 -26 6 11
-82 -41 29 87 -45 -37 53 46 -44 -100 -57 -37 91 49 50 27 -63 63 89 -8 94 -25 -13 -93 -36 56 -57 95 48 -90 2 91 14 -71 96 16 58 -64 -23 -56 -24 55 -9 -82 54 37 43 -19 -14 1 -94 71 -90 -57 -81 -24 58 29 72 31 44 49 -33 -95 68 -51 -25 65 16 71 33 88 -74 48 -90 -78 -6 85 -57 -93 -67 -57 -47 -73 -100 -58 -46 -94 -46 -99 -14 2 -22 62 -43 46 7 78 56 -96
13 79 19 50 93 -60 -58 9 -92 69 -45 -2 -91 -26 -58 68 -87 35 -22 39 48 -74 2 89 -27 -62 -7 -52 62 -8 57 -27 -8 38 3 46 -35 33 21 -92 -41 -10 -95 -75 78 44 66 -88 -36 21 -96 69 -30 -34 62 93 -56 50 -33 14 43 -11 71 -7 -76 60 -57 11 39 -28 -44 -81 -77 -64 18 16 76 76 0 -22 44 -35 1 -19 82 99 76 -28 50 51 -81 84 -49 -31 -21 63 -91 84 81 60
-55 20 -84 -64 86 88 4 58 -65 79 -67 -46 84 31 -23 0 37 -87 -26 25 -92 -87 -64 71 -63 -90 18 36 54 93 27 77 37 -98 2 -87 72 -68 18 83 -31 -83 -45 4 96 -18 48 11 91 12 -60 36 94 -27 -8 -7 -67 -79 -80 95 88 -46 -40 24 -89 61 -29 69 -72 75 61 90 50 -16 -23 -97 17 38 3 32 -34 84 -77 65 -74 -81 54 -59 63 66 58 70 -77 -85 -5 -100 -11 66 93 -9
-60 46 -81 32 7 -30 88 21 16 58 -67 -62 71 76 23 78 -68 79 69 -61 -12 91 42 -73 -65 38 28 -74 -83 0 66 45 -25 -5 16 63 -23 -29 15 -68 -13 -16 -28 28 -66 20 -46 5 -28 -51 -34 12 -18 84 -5 100 40 20 78 15 80 -60 -7 80 -88 -62 10 -54 -7 59 61 89 -51 30 62 33 -61 -55 53 -52 -19 -38 59 -24 47 -58 -43 -92 -36 90 -82 -54 -72 -91 96 -19 8 93 33 1
21 -34 -62 18 57 35 58 44 -71 -100 59 -64 -48 -82 -72 -31 -87 46 72 -99 82 78 -12 63 88 -65 80 76 -43 -18 14 -78 77 37 -95 -15 6 38 -44 62 66 17 -42 34 -40 -63 -55 -73 -96 39 -38 42 -67 64 -42 45 56 10 23 37 -9 52 90 71 -16 -55 -79 60 68 -54 9 56 -52 -33 72 -83 35 -3 -12 76 -77 -88 -78 48 41 51 88 -24 -7 -23 94 -17 -10 52 66 66 26 80 -41 66
-90 75 -27 30 78 96 -49 7 4 12 99 46 9 -23 -78 14 70 -65 67 -49 -15 43 -26 -12 50 63 73 -64 -96 -41 -23 -17 72 -57 73 -87 -68 -27 41 95 -88 85 -54 42 51 -93 37 16 87 -75 -64 -52 7 -46 -53 86 -33 99 16 -73 58 46 4 33 -77 44 -35 34 -57 81 -73 76 -37 -2 44 73 66 -29 -83 75 81 -48 36 30 85 -22 34 23 90 45 60 -54 82 -12 -32 7 -1 -63 -95 -69
88 -70 100 73 -90 -46 60 -10 -80 10 -38 -65 0 -32 74 21 47 -85 -69 -8 -98 90 -88 27 -72 76 17 -1 -33 47 -32 55 91 32 32 -12 66 21 88 58 94 87 36 21 80 88 -90 51 27 -35 -29 -90 -82 -63 -14 41 73 -41 -11 -25 35 85 69 75 98 -15 -19 72 52 -11 -39 -34 34 -61 32 -33 -36 -90 -16 72 22 -96 -85 -59 93 -69 16 -90 79 8 -41 19 -91 -90 100 -72 66 -11 12 76
15 42 -63 -4 -60 -76 66 34 4 -62 -22 69 -70 52 80 -74 86 -24 -19 71 -72 -49 -96 41 27 -17 70 95 -75 50 -77 -31 18 58 66 88 100 -36 -22 22 -96 -25 28 55 -28 -56 -49 84 81 -84 86 34 -22 15 -4 -7 69 68 28 -84 77 90 -41 59 57 38 47 -28 55 -7 98 82 19 85 -67 -25 -98 35 -66 -12 -70 86 -27 -28 -46 15 -75 -6 -16 -89 23 46 -48 12 -33 -82 -61 -32 51 -55
64 -13 -30 66 -47 -78 -45 76 83 12 -91 40 -33 47 -61 51 7 -93 2 -73 6 -59 -18 54 -82 -67 -96 79 -92 1 -66 80 33 -8 -63 80 -1 -2 -3 96 19 50 25 42 66 11 -72 50 -75 -63 99 -13 53 -34 -43 -62 -61 50 90 -92 59 -70 21 -60 -12 60 -90 55 -56 16 1 -30 10 17 81 81 78 0 51 46 -29 6 -97 6 -95 84 -50 3 42 53 38 -61 -42 13 -89 -29 5 -98 37 -27
-84 84 -57 10 49 -20 42 26 -65 -43 -64 -66 -72 20 -40 -1 77 8 -61 -98 51 -35 37 88 -95 -48 91 -53 -72 -62 87 -71 47 24 -65 79 1 19 63 -17 -62 51 71 -50 74 -76 68 -55 -6 56 -33 -54 -37 -22 -15 -83 -83 -79 48 -90 -9 -44 70 -34 -88 -2 -28 69 53 30 64 97 96 -19 -52 1 67 54 -20 24 90 29 -16 -35 88 -72 -20 -42 -3 -10 2 -98 -51 -86 -11 65 -90 -39 -35 -53
5 0 -42 -24 87 -17 21 -59 -81 93 -25 -91 14 16 -26 36 82 64 -12 39 52 -64 -78 83 -98 -51 40 53 24 -98 -99 84 -44 -91 100 -99 70 -49 6 -58 65 80 61 -92 -38 68 37 8 25 -22 30 -86 -57 8 34 96 73 51 -3 78 -6 -86 62 -23 37 5 42 89 -83 99 45 97 -65 -58 13 55 18 95 59 20 -10 26 3 78 58 64 56 -95 3 -33 70 -53 -32 80 -52 -6 -46 -74 -54 -86
49 -95 64 62 -32 0 -73 -85 -60 -68 -1 2 -74 40 -72 -99 -71 96 7 73 -43 67 -93 -73 13 -38 81 -33 -42 -76 21 46 47 67 99 34 -13 -69 5 96 -52 -10 -2 -18 -26 23 -97 -30 -62 47 -46 47 80 60 65 -50 -47 67 -44 -17 53 80 -9 -29 -98 -12 -2 -52 -14 -71 -56 -7 78 7 93 -87 90 -51 -4 38 -94 -84 -86 -73 -37 87 51 19 56 -19 15 -19 69 -23 84 -98 71 91 -39 16
86 -66 54 39 16 -19 48 -49 74 20 -68 -16 -57 79 -26 -68 33 -86 10 59 -69 6 62 36 -62 -100 -74 -46 -66 39 -99 96 -56 -69 53 -68 -56 47 -80 -54 -25 -85 60 -49 88 -53 -82 65 -6 -76 -20 -33 -39 19 -47 95 -28 77 -59 66 83 -9 82 -93 -51 -10 3 55 22 3 21 -8 -48 -30 85 -60 5 -15 -20 -78 7 72 72 -70 98 20 11 30 -86 93 16 -82 -56 8 -15 -75 33 80 -73 -91
-87 -56 3 7 -99 99 0 9 96 -17 55 76 86 -60 16 -34 -8 -1 96 -65 -87 13 19 99 -47 -45 -11 66 -92 -44 -30 29 -26 52 28 59 -63 89 -3 -60 18 -90 -77 23 -74 -22 36 80 -99 -59 -15 35 76 -2 -36 57 4 32 -41 58 4 -59 -7 88 13 71 13 -80 -84 -13 50 -25 7 -68 38 -32 -22 -4 78 -66 -78 14 -19 28 28 -49 13 25 33 17 -64 52 7 -39 -74 -92 -42 46 -3 -20
-56 -23 -84 -59 -31 47 59 9 65 -85 -53 23 30 40 -28 64 68 -7 99 100 11 -12 -47 -55 -74 18 2 48 2 12 34 41 86 25 -1 11 -71 13 -97 -31 74 65 -91 -64 -27 -89 -65 36 24 -48 51 16 -81 -44 38 6 24 44 -10 -78 32 74 36 71 -7 -22 45 75 -85 -35 -85 66 -81 -31 11 47 29 35 93 -88 91 91 23 29 40 -23 49 84 28 -42 -86 100 9 79 66 58 54 -12 20 4
-18 61 32 68 88 -75 76 -65 92 -1 -20 -53 -47 36 87 23 -85 -62 -72 -74 87 -26 -95 -91 51 -55 -98 98 -24 2 16 -85 -8 66 19 -86 27 -100 90 47 8 -2 11 93 -71 11 27 69 -37 -16 -71 -3 -63 -42 -36 -47 11 -21 -78 -46 -21 -30 23 -95 19 9 98 -25 44 99 71 99 54 52 56 -99 -10 -24 76 -59 61 -13 -76 44 44 -5 26 -80 -40 57 -57 -87 -85 -77 58 -93 -6 8 28 68
-1 53 -9 -78 8 77 68 -88 10 -58 -65 17 -52 -6 -10 71 -50 74 20 -55 -41 -8 -63 -47 6 -83 49 -9 84 48 26 77 22 91 -86 57 16 -30 -1 -1 -68 35 42 -47 -44 -6 45 77 56 82 -70 50 63 -80 97 38 -44 -46 50 7 -38 47 85 13 50 14 -92 79 57 24 2 90 39 -77 25 14 -61 28 -80 23 5 78 -97 -98 -37 38 -16 73 -5 -14 -91 -72 -75 -13 99 51 -68 73 29 36
96 -82 89 21 27 -19 4 49 6 -64 -83 13 62 85 100 -78 97 -1 74 -3 -89 -88 68 77 -11 -72 -40 49 -13 35 -55 -53 -60 54 100 51 42 -69 3 16 30 -43 -26 31 -87 -89 28 -78 60 81 31 34 41 10 49 -25 -49 9 61 -52 -43 64 84 -9 55 -8 -80 -17 -29 -27 -4 25 70 97 9 25 55 -11 -78 45 43 35 98 82 -72 98 -71 13 53 26 -83 57 14 68 -35 36 20 -91 -98 -19
-30 80 -61 2 58 -1 34 -61 -57 -13 19 -27 -100 -77 86 -14 46 -25 -99 97 -10 9 -48 -22 99 -62 92 29 99 68 65 15 48 -10 21 54 -44 -62 -95 85 -74 -86 -40 -18 -70 -90 -70 -16 95 -100 -32 -44 25 -56 31 90 -78 31 -40 -78 -72 95 3 -57 41 -34 50 36 -80 0 57 -76 40 100 -72 -4 55 -79 81 -93 -53 93 93 -6 -78 71 -94 37 -97 -92 98 90 -67 -81 -59 -22 21 -19 30 -96
97 46 -19 -42 68 0 19 51 -62 58 -89 42 -73 92 -59 77 32 23 -17 -1 -65 -48 44 88 -45 -54 2 38 -44 40 -30 -40 -19 -44 25 -18 73 11 48 -43 67 20 -94 -17 93 -12 -83 83 26 -32 -92 75 -67 39 -8 -50 -8 73 25 94 -15 6 -3 83 -27 23 10 -15 15 10 -59 -19 2 -27 -96 -36 7 96 -39 69 -11 79 12 26 71 -85 51 -67 -77 -73 48 -15 60 -35 -73 -94 62 92 0 47
14 84 77 -88 -25 78 61 -58 -63 61 84 65 65 -70 18 -53 38 -2 -100 -55 8 -46 -98 -17 45 5 12 67 -91 69 -23 -7 22 -20 -65 -34 -16 11 -29 70 -82 -4 -96 36 71 -87 -36 -78 -29 48 -39 -85 -67 -89 32 -79 13 14 87 -25 11 -92 96 93 -94 -14 35 50 -20 9 91 -65 -27 -40 -33 -19 39 13 30 -89 -81 4 59 -49 87 -22 -96 -74 30 0 -12 -20 39 -54 -18 63 28 20 -13 96
40 -2 -54 1 -91 -10 -93 38 12 -16 80 -43 -70 -55 43 69 42 -5 43 -11 56 -39 -5 66 50 65 -9 -41 99 -18 45 11 -46 -55 -11 -65 -41 -83 57 -28 14 42 37 -59 26 68 85 -71 98 96 85 60 -3 -6 20 -88 -36 94 25 -35 -6 43 74 -82 -85 -9 -74 52 -15 21 30 97 67 -24 -1 -19 -78 84 32 -92 -7 47 -46 50 92 31 -100 -94 42 -95 50 69 2 75 65 96 49 -8 84 -58
83 92 99 45 45 -3 -64 100 52 -9 99 84 -28 -80 83 -76 1 72 50 -92 -46 85 -31 -96 -18 -79 -93 -27 94 -64 3 82 -17 27 43 46 -28 -96 72 64 -37 -87 -6 -52 82 -52 -78 21 47 -64 -31 -35 31 86 -38 -28 42 93 -82 -82 22 71 -19 42 -39 61 7 45 -45 -31 72 16 89 -9 79 18 89 -76 -69 -30 -88 -7 -71 93 37 71 -61 -94 -80 8 24 42 55 -47 37 10 86 -11 49 -33
-5 -50 36 3 19 98 -36 29 60 -67 -91 -17 3 14 -24 14 -51 -82 8 39 50 -15 -48 38 30 92 90 -93 -24 34 92 17 -76 79 99 -42 48 -68 9 -12 98 39 29 67 -92 35 -93 6 14 58 -72 5 -49 68 28 -17 -6 -21 57 81 -43 -84 -95 -68 1 -49 97 -10 37 -7 1 -64 80 -80 26 53 93 -97 -49 61 -34 -91 48 -98 -91 68 11 -72 -51 -7 -48 -86 -39 100 34 96 -78 -15 44 -90
16 -84 -51 -39 -37 88 33 78 56 20 -10 -11 97 83 -97 19 57 95 98 31 36 -26 -16 49 5 11 100 -85 90 -54 -24 -33 -82 21 -24 -10 -13 -69 -27 85 -8 77 -79 -11 5 61 -55 96 86 -98 39 -82 72 -24 -44 -54 -48 -34 35 -58 89 -84 87 -54 50 -73 39 0 46 -14 -61 66 62 -65 7 4 3 -92 3 -15 78 35 -72 2 -78 14 86 70 -57 29 -51 -88 -57 52 82 -83 51 -74 -63 8
72 71 9 -90 56 85 56 -77 -95 43 -72 41 -80 53 76 -87 93 3 -71 21 96 41 -13 0 -79 -41 -4 -69 41 19 71 -64 9 94 24 -76 94 71 -3 -53 67 -6 -83 40 13 -97 -37 -4 35 -67 43 4 -68 47 30 85 -79 59 -9 -25 -45 -25 -41 92 -90 63 -96 -58 3 34 48 -9 51 -84 22 96 -40 -25 42 -13 5 -1 -75 93 43 -52 23 79 -6 -85 -26 83 -46 -74 20 48 -41 18 79 -62
-47 16 -99 7 -51 -33 53 -20 -76 47 61 8 73 -2 81 89 75 82 70 42 47 26 31 76 16 -85 92 38 -80 -99 92 40 14 -41 10 98 -96 -35 -16 54 50 -49 53 3 -42 -40 -26 -32 92 36 -56 56 -40 25 -18 24 69 -24 -45 -80 -84 -86 37 -86 -10 -24 11 -62 20 88 76 22 51 -9 42 -47 64 72 99 58 -6 75 16 -56 3 91 95 -19 4 -64 -65 -82 -38 -92 76 37 43 -27 44 -43
36 54 98 4 -89 95 47 -45 -6 -64 -99 93 95 85 29 -82 -67 -79 -56 98 92 -34 54 47 83 -86 -27 54 -34 -83 98 43 -32 51 -81 -68 13 1 -10 36 63 49 -76 63 -77 -68 99 76 13 19 -62 25 45 -34 -20 -84 10 -12 14 -83 11 89 -71 42 79 -6 -90 17 -68 -57 -50 13 -82 -29 -55 66 -24 68 24 59 -14 21 -67 65 54 -66 -71 71 -40 76 -73 -14 -53 37 91 -3 16 17 12 -79
-76 -71 36 30 85 2 -87 -36 36 71 40 -42 -25 -83 -7 -10 -68 -18 34 92 31 18 -57 22 39 -71 48 81 -48 25 -21 2 43 84 -100 46 -36 59 -78 40 79 17 -29 43 41 57 -36 60 -62 61 -10 56 -44 1 -17 -90 9 -97 -11 73 -63 -5 -80 71 -73 100 -84 53 -46 91 -88 -94 -68 47 93 -9 1 -9 41 14 -81 -19 -85 -30 99 1 86 94 -2 -79 33 -26 33 -50 73 73 61 -4 -92 -52
47 98 -27 -85 44 54 -100 97 10 -38 83 -49 54 88 -88 -17 52 -97 -25 27 8 -40 -25 -7 -69 13 -97 -18 -78 -86 44 -24 25 -12 85 68 -13 -68 -10 2 97 65 -4 -86 -50 -98 -52 -84 11 -11 -7 -14 -10 56 82 28 -24 -65 -67 61 -67 -32 -54 -51 -20 55 54 -28 50 -33 50 -55 43 22 99 39 86 17 15 66 17 66 76 -44 -92 -90 51 -42 -65 -21 -29 -11 74 -87 -25 -60 -83 21 -30 0
44 -10 -26 50 59 98 -1 -34 9 92 -87 -34 -58 -65 63 66 -86 -24 10 97 -65 -59 82 -94 4 -24 -18 98 59 -45 -86 -87 -31 29 -5 -67 -10 -100 -6 75 25 90 -88 -36 61 74 64 20 -56 90 11 -22 -7 1 28 -17 64 -66 97 -27 -45 33 35 93 -52 77 -71 -8 -28 -32 20 -81 -59 -43 -74 25 54 45 -5 -19 85 97 16 96 -100 99 -85 -10 -2 -94 59 -72 -45 85 24 -23 -46 -32 -30 53
-35 -58 -39 -81 -28 -13 -46 53 -91 20 32 -12 10 -2 -87 0 7 88 97 -94 -85 28 35 -69 -99 -54 45 -86 46 68 -38 -100 -32 -2 9 -89 21 35 -63 83 52 -24 -53 -93 29 -67 -2 -89 74 21 -18 72 49 -87 35 49 -99 26 -54 67 55 92 22 -39 88 -79 89 -74 82 -81 41 -7 99 100 -49 61 44 21 28 26 -23 69 100 9 -4 -32 -22 -19 36 3 -49 42 -81 5 -54 99 91 -82 -23 -96
4 -58 -16 -83 -83 -90 36 72 60 48 70 72 21 47 -33 -82 13 -64 20 -22 7 63 2 -84 36 75 -77 96 91 66 -48 -51 -49 -46 -21 -72 21 -24 79 -91 78 -12 12 48 27 26 73 -89 -67 -23 74 -20 -82 -87 91 3 -53 -4 -93 -83 2 -84 4 -94 -100 88 21 42 18 41 5 -46 -81 36 40 4 -21 -49 -73 29 77 -4 -62 -73 -6 33 -96 34 -95 -14 76 81 96 41 -81 -86 -79 -9 -59 94
-41 -36 -49 18 -21 77 -70 -78 58 42 41 82 -42 -97 29 -77 35 27 51 82 80 -86 2 44 -79 34 -39 -76 0 -83 -73 75 -41 -13 -8 8 2 12 -88 57 -24 64 95 72 -54 -73 -10 11 -66 -37 13 71 -30 -66 83 22 -50 -69 -77 69 48 78 93 22 -15 -81 6 -75 -23 10 72 -18 -34 -80 70 -62 69 -17 -59 -43 -32 38 -89 -57 61 17 -90 27 39 -44 76 56 21 -65 -7 -95 5 -60 -28 44
79 5 62 -24 -45 30 83 -65 2 -91 79 74 49 77 -35 74 37 97 -42 -55 -5 5 -27 83 -38 -10 18 -68 -36 -2 36 -69 96 -79 65 -92 92 80 -84 -6 -13 -81 37 -62 -60 77 -15 -54 -23 -7 -64 -80 -52 13 -80 12 80 -50 78 -3 98 92 29 21 -5 -36 99 -3 26 83 79 -71 79 29 23 -61 22 -73 51 -59 -18 -21 -72 -55 25 -99 4 33 42 -41 32 -90 98 -32 5 81 35 -10 -2 -54
53 -90 -72 -62 22 -71 100 10 -75 -94 30 40 73 95 -32 77 -49 66 -43 56 37 -53 53 -24 6 -47 -94 25 4 56 6 -10 -24 38 -90 13 22 -8 25 79 -54 -38 -34 64 27 -51 23 -50 99 91 -98 -75 -8 -8 -39 -39 0 1 36 -57 -47 14 -16 65 5 12 -88 99 75 71 80 -69 -84 47 -3 79 -67 66 -53 49 -9 -3 73 -41 65 75 28 11 -17 -55 -15 -29 88 -52 13 34 -26 -35 88 -84
10 -45 -66 38 -96 19 88 62 -36 75 -17 -16 -38 67 -40 -66 -96 -29 -9 -86 0 97 11 94 72 61 -80 87 -34 62 60 85 -58 13 78 85 74 -87 -61 -24 42 -21 -23 -97 17 52 -7 -56 -21 -6 41 38 -90 73 81 -47 -52 24 -57 -2 43 -31 -33 -9 51 7 79 -100 98 11 -59 -50 -32 57 -25 -22 92 13 6 -64 -48 36 -34 4 -83 -17 -2 -40 -40 -73 33 -56 -94 -94 31 -3 39 98 73 28
18 26 81 -74 6 -82 31 70 -80 34 -62 -82 -43 21 60 25 64 -3 39 41 -54 70 -98 55 -21 -16 81 -95 75 -85 94 27 -35 79 47 25 52 -84 -28 14 14 -49 -48 -54 -81 30 -3 -69 -64 63 19 68 -85 28 -58 33 -1 -81 -16 -15 -42 22 -60 81 96 -100 -76 63 13 -29 86 71 59 -63 -7 20 -15 33 -81 -63 -98 -19 -50 -69 -13 -85 -80 -17 -59 -48 3 66 3 88 -73 96 -57 -89 93 -6
56 -100 15 -70 -38 -39 97 -17 -96 -94 -22 31 -74 -29 -68 -85 69 -48 26 4 45 -71 -67 7 19 34 45 9 57 -75 -57 58 -40 -34 -32 -60 -57 -65 39 72 25 -87 -6 69 -36 -50 -72 16 -83 46 -73 60 29 28 -43 -56 38 -98 93 -16 -45 -66 65 -75 -93 9 16 47 48 -94 10 3 88 29 -55 -32 -38 74 -38 97 -7 55 -39 -5 20 61 -99 0 33 86 -58 19 2 -6 -11 100 -47 77 -61 41
19 41 64 90 -36 -46 66 50 68 -21 -97 19 89 -20 75 -27 93 -89 -94 -67 -96 61 19 -37 -17 0 53 -42 -73 86 89 29 97 -95 -19 -70 -93 -82 -80 21 31 -11 -70 24 -21 13 54 -90 -82 -61 -53 -39 -49 47 81 88 -46 78 22 89 -14 -39 -29 -16 48 -68 54 0 -84 -62 -11 57 -1 -18 -39 32 -74 48 -73 -9 53 -89 -21 27 -16 -22 -72 -21 -35 12 32 -82 23 7 -46 29 -13 51 27 -88
-5 -26 84 3 -88 99 48 -77 50 63 -3 21 -29 -88 88 12 50 -35 -52 -87 15 86 -39 -81 -2 59 38 62 42 19 60 -97 -10 8 74 -73 53 -1 -40 -64 92 55 -32 1 58 -44 -79 -39 74 -77 -50 98 75 -99 5 45 -90 -53 0 -12 25 0 69 -88 -20 -32 98 42 -80 -44 3 76 94 77 34 39 -100 56 -37 73 -87 12 -60 23 97 -60 -25 54 -72 -17 -72 -3 21 66 7 -49 -91 -24 8 -27
33 -62 42 -2 26 -71 -70 32 -54 -60 1 79 19 -96 -71 43 -66 34 26 -30 60 31 -10 -69 -10 -27 -43 19 -4 -79 72 19 34 43 -40 -4 95 -43 15 3 59 -8 79 30 -16 89 45 -10 -36 -6 85 -11 -93 84 49 23 -54 -19 -72 42 18 -93 60 88 -43 73 -56 32 84 46 -31 -79 -27 -38 -61 -18 6 17 35 77 -48 92 74 -20 -90 -48 3 53 22 -41 26 90 95 -24 42 39 55 -52 -87 34
25 -15 -78 -87 -40 93 -51 72 96 66 -98 0 56 38 92 -65 -56 11 7 3 30 3 17 -47 44 -1 -6 72 -57 23 45 12 79 94 45 -35 -98 32 66 -56 31 19 42 10 73 89 45 -67 -48 12 41 71 -35 64 -16 -66 56 -81 52 10 97 -31 -23 14 -38 -12 -90 -49 -42 42 -73 -68 -16 40 -39 48 88 64 -67 -27 -71 -27 -44 -92 -11 62 28 -83 72 -65 -27 79 66 66 32 7 -31 58 -22 -15
75 18 68 -29 65 13 -45 62 -54 -3 -68 -24 -1 84 -39 -45 -35 -58 -37 -1 -16 5 -28 7 -99 -8 59 -86 0 57 42 -27 -87 -99 -91 97 -85 -5 -90 20 -20 65 -76 57 -28 41 96 -69 -3 27 -3 31 18 -92 -1 -44 9 62 85 -71 45 56 -15 -50 13 82 11 -2 -1 -75 -64 -14 -78 -36 61 -43 94 57 -11 37 26 -33 36 73 1 -31 -43 -39 -76 90 -41 -97 -35 -49 -88 14 -33 15 27 -22
-94 -90 -37 -10 -58 -17 78 40 58 -36 -81 41 81 -69 54 13 49 -77 41 -28 -28 19 25 -14 23 25 -32 30 -12 -46 34 24 -40 -59 43 12 -26 -21 17 -59 6 54 -11 -67 40 38 100 63 22 4 28 57 -24 73 -53 -96 -78 14 89 -85 67 -100 51 -26 32 -92 53 99 53 -96 2 -33 52 -21 30 29 55 16 -20 90 86 85 -83 -99 -28 80 -71 -44 -10 73 -61 -45 10 77 -53 93 57 -45 -82 -63
37 -86 -35 -88 -44 2 -19 46 -33 85 13 45 28 29 67 2 11 -67 -46 84 66 5 -75 70 89 -21 29 -95 -48 91 -6 74 -7 8 -79 73 52 87 -87 -34 39 -22 -94 94 30 -97 72 -85 12 -72 -93 7 -88 -35 -77 18 -70 -14 27 -95 58 72 82 58 -70 -9 43 35 -8 -71 -78 -98 -68 -31 -40 10 -11 90 -57 25 -33 -1 11 25 30 33 -10 -72 -95 0 -26 14 -22 -69 -95 -25 62 -17 33 -78
74 -20 74 -51 -12 -31 -71 -67 75 74 -57 -4 79 -42 2 11 9 13 -47 2 -8 100 -26 26 27 85 83 15 19 91 -67 4 -19 31 19 30 65 4 52 100 -48 -69 -99 4 -91 -94 -26 -67 -64 -63 34 78 16 -68 27 -38 -71 73 -84 -23 -67 -47 21 -3 19 74 94 27 20 -49 26 -90 30 79 -82 6 -5 35 83 63 -93 60 99 -44 19 -25 97 82 -99 -5 -85 49 33 50 -73 -76 73 63 18 -36
98 -96 26 83 -20 -53 -53 -62 -18 -37 -23 37 -54 -3 -63 49 -23 -93 11 78 -47 -47 43 50 -90 -86 97 29 -47 -78 42 26 -70 62 -19 10 -11 -51 54 1 52 -73 -22 -55 76 90 -50 93 -90 93 4 87 -82 -82 9 -40 -43 37 -77 1 54 71 -90 39 76 46 -42 68 83 96 -72 -97 72 85 9 -12 -32 -17 -98 19 -51 28 73 15 88 -63 -40 -14 90 -67 15 95 -46 -75 74 -16 -88 -19 55 -9
-88 34 -7 67 45 -65 31 77 -27 81 4 -18 72 -16 -53 -33 88 17 87 97 -26 -76 -26 37 58 0 81 -57 -21 95 26 -29 100 2 24 -50 -80 88 -96 43 -62 59 -98 -71 51 -38 -58 80 30 68 -90 -88 -35 -37 83 -17 -33 -30 -74 11 -86 57 -11 85 -30 40 -35 -77 47 -91 -25 73 -84 -55 -43 9 -59 13 47 -50 84 -99 -48 -42 -61 70 -8 60 -2 -4 -47 -71 -30 46 22 -45 -4 -58 -9 -13
-95 -92 -78 73 -81 23 35 25 64 18 67 36 -85 28 21 63 -4 40 -66 43 23 16 -34 25 -26 -55 14 53 15 -89 -12 88 60 -84 -5 86 75 67 10 -66 53 -80 -24 -32 87 -62 -25 -4 -80 -96 -97 86 -57 -47 42 95 -57 30 7 -85 -93 36 18 -10 65 -81 8 -25 0 -44 -91 67 -15 -10 -54 -93 27 67 34 82 -4 -68 -85 89 54 30 53 70 87 -18 -79 -61 52 53 34 -91 -60 38 -50 93
74 33 9 65 -93 94 27 58 7 -7 -32 12 -16 -3 95 75 39 -38 -38 37 -49 69 94 -86 -26 -95 9 56 -27 8 -9 32 13 34 -100 -66 4 -99 -14 -71 -55 -55 90 88 30 57 77 -65 96 48 91 37 -83 -90 -80 -92 51 37 3 -29 -55 -87 -66 50 -45 -43 -89 48 1 6 -85 21 85 -71 78 -86 -96 49 -46 -98 61 59 -82 99 77 -58 -49 29 -75 98 37 94 -94 -39 -77 -50 37 41 65 56
98 8 -25 73 -31 -50 -60 -19 33 -20 -48 55 -58 75 -60 56 -6 -91 -95 -11 83 -94 -29 88 88 -24 -50 3 -72 -80 -40 0 86 -19 -72 -84 -30 -86 -57 -68 -11 -16 -14 -81 -74 95 -47 -54 -33 -41 -38 -92 13 76 86 43 -44 -63 46 -88 88 -15 -6 -90 99 -37 89 -53 -47 -13 65 -38 -52 -37 -77 -80 82 -27 -96 10 -5 22 38 51 -23 92 23 -56 -78 64 -71 -84 -13 98 -17 72 -41 -27 33 -57
67 0 73 6 50 87 64 -71 -3 -44 -69 -1 -30 -90 -57 -84 70 -91 -5 72 63 -77 -57 -48 10 -52 -32 -17 94 61 -86 36 9 -17 -10 -90 81 -29 -28 -94 44 -58 -35 -5 46 98 3 98 60 -52 -96 -86 -30 -99 22 36 9 -59 28 -46 -25 22 -58 87 -33 -68 -69 -11 -22 94 -27 -74 -100 -95 -70 -55 -39 -40 12 -71 82 -77 -3 13 64 -48 -80 -43 71 -9 95 90 -26 -93 -56 67 -36 60 51 -3
49 73 83 19 -21 -48 -56 70 35 55 89 -19 91 76 -48 75 -68 31 -5 -82 -40 53 -76 34 -60 18 14 -31 73 -32 -94 85 -73 -85 -42 99 -35 57 -53 -46 47 -22 61 39 80 -27 88 94 -76 -12 -70 97 1 -43 -41 78 46 44 77 80 -7 -81 -61 -46 -90 25 29 -48 25 40 -3 8 -28 -94 64 27 -11 1 -50 35 -94 -21 3 -44 -69 71 92 81 32 -14 -52 48 -12 64 -75 19 -83 -25 33 67
3 65 20 1 73 89 6 0 59 -84 -50 -41 24 -21 -50 -90 49 38 -87 -94 -14 -82 -21 59 -66 -99 -46 24 73 29 7 1 77 95 71 -32 90 -58 -48 28 -26 -32 -66 52 -52 -69 -14 66 -57 22 66 1 -28 58 87 3 -18 56 -15 -85 -88 -58 -56 -59 -68 87 53 -84 91 93 -89 25 78 12 71 47 -24 -66 36 35 -3 31 34 25 28 -43 70 -38 83 -81 -60 -14 -22 38 -14 -68 91 -25 88 78
64 70 -10 83 58 -82 81 -8 10 11 12 22 65 -29 53 91 -99 70 71 18 75 91 -24 -3 27 -6 -20 -44 62 27 16 -18 -50 -90 56 99 -47 -20 31 76 -69 28 -78 91 47 83 -80 -58 91 26 78 -30 26 47 47 -16 83 39 -1 -26 -64 25 -17 75 31 36 -57 -5 -3 -69 -13 88 -99 -55 -97 15 72 -14 90 -76 -70 -50 -72 97 76 -9 50 -12 18 -76 -92 -48 15 98 -34 -4 39 -17 -47 28
75 -75 -17 94 32 62 66 -85 34 -63 -11 -55 -70 -62 -98 47 -34 19 -81 -64 78 -23 28 87 -38 56 39 -89 -84 -22 -18 -78 -76 94 -7 -56 19 -89 -3 9 93 -77 -48 2 -88 -29 51 78 72 -56 71 50 -46 96 -83 80 19 84 -100 0 -15 -74 59 -26 -41 -91 88 12 58 48 12 -40 -24 41 -47 66 -4 -71 -44 20 32 96 41 34 -52 29 -89 -8 58 -28 85 -66 -98 -26 43 -94 -41 22 41 -38
-98 -72 8 -82 46 -82 -38 51 -1 -11 17 61 60 35 -81 -62 -15 54 -14 71 63 84 98 -81 42 -78 6 61 -36 -47 -87 -83 72 -66 -7 -91 99 -45 -99 -11 12 74 57 57 33 -38 10 24 -71 -83 -15 100 -71 -65 -27 62 97 83 12 12 14 70 -88 -27 -44 -84 -27 44 83 -78 4 96 4 99 32 -88 -46 76 61 49 79 2 26 -37 6 61 -55 19 31 16 87 19 43 54 -5 -19 -54 43 80 36
-75 -29 -70 -97 -21 -15 -24 -26 -30 24 -5 -44 -88 -95 -62 -97 65 -85 30 -14 -75 98 -3 -70 50 -80 -11 19 -13 48 64 -27 -39 28 67 50 -91 -63 -95 -35 48 -16 -40 -18 91 -94 91 90 67 -71 -87 -20 48 -31 4 70 -86 23 77 65 -13 63 67 -100 -55 42 -63 -17 38 -77 56 -38 6 -33 -10 99 97 73 -9 -99 28 -86 17 -68 -51 82 -25 42 -23 73 67 -89 12 -19 39 54 -91 -9 26 39
-18 60 83 42 79 78 45 88 -7 -19 -71 6 -78 -38 -13 53 -48 32 28 95 89 78 69 -19 88 35 -2 -11 -43 90 75 -88 -70 35 -33 82 25 -74 77 -70 -16 -56 -4 75 -83 -71 -4 88 -43 -3 50 14 18 6 -30 97 -30 44 17 -56 -66 -82 -4 -91 -99 -58 42 -33 23 91 4 -58 -59 -39 51 64 -100 -20 28 44 -72 93 -62 43 55 64 -47 70 48 -7 -6 64 -76 17 62 13 -71 90 20 -36
90 -75 45 26 47 17 -10 36 -21 -35 91 -29 19 -47 -53 -16 41 -52 100 -35 -6 -42 -30 -67 -73 -29 -5 -25 -67 -96 14 -62 -59 -61 -91 45 71 -31 -13 -98 70 -100 -61 87 -35 -51 59 -7 -72 28 -7 83 -66 20 -60 -90 39 40 -85 -57 -23 31 20 -63 10 90 26 -31 29 100 -24 -5 -59 47 -93 -57 -3 -64 14 20 15 -28 -35 -4 -6 37 58 -63 47 53 -30 -69 -47 20 -5 -13 70 -3 -3 58
70 23 -49 -30 -43 -98 -97 54 73 55 2 89 -91 -37 -38 23 -6 -52 -85 -52 43 55 -76 -95 55 -4 -8 64 -65 92 20 -72 93 -12 68 36 -17 13 -25 74 33 3 -23 -4 38 18 -47 27 -74 -42 3 90 76 32 21 55 45 -30 47 15 7 18 0 -9 -74 -44 -6 -22 -82 -57 -40 -63 78 -22 -43 90 -91 61 -50 60 47 85 -79 16 -13 79 -62 -85 -16 67 -42 56 18 98 -80 47 22 24 15 -92
-89 -54 -24 27 58 42 -47 16 -100 73 85 -29 7 -69 -4 -25 -2 0 35 -30 54 -82 52 -3 28 -38 97 -24 66 91 91 -20 -79 16 57 54 -77 -18 -62 100 -73 -89 65 -64 -74 50 -62 54 -70 -37 79 -11 57 99 51 33 -50 -78 -63 25 98 79 -64 -75 1 35 57 -83 0 -40 31 32 91 -12 -96 -66 -52 -8 9 -84 -58 11 57 -53 -95 -24 55 -99 -60 61 -44 -55 22 81 -71 98 -83 -83 40 66
-68 10 75 0 14 54 -75 57 27 30 27 29 -23 -59 -88 -57 36 -6 23 -2 -50 57 -65 -10 -25 -15 48 -39 -79 81 -58 18 -71 37 -40 -75 -69 96 51 -4 30 -32 33 -70 -10 38 50 35 4 -99 -19 -66 65 7 62 -1 -13 -38 16 6 -93 -17 -75 22 33 12 -99 29 -1 -4 -41 59 37 -100 82 25 7 -82 94 52 82 -1 59 81 -60 -52 29 30 43 -13 -59 64 -83 -84 25 90 -86 93 -89 -60
53 29 -48 49 -39 -64 -6 59 66 94 -37 65 20 92 -93 -72 62 -60 -39 29 8 82 -76 -76 88 57 -78 -9 53 0 -45 -2 -21 -56 40 11 -81 76 -48 -5 59 -20 93 -18 42 18 84 30 74 -93 36 50 -84 58 -2 -88 -86 -44 29 85 -88 78 73 -30 43 6 -78 0 -73 -50 2 -65 -6 78 -44 72 -88 -98 -16 34 -5 2 34 -61 -24 -74 21 64 -50 79 59 4 51 -86 -28 -17 70 -58 -11 -78
14 -52 53 90 95 52 81 -70 -2 -68 -38 -94 -36 -80 -90 -68 3 81 -91 9 59 32 -84 57 -92 -86 99 31 50 -43 -44 89 64 44 -43 2 -65 -32 -44 -68 -2 95 1 55 -80 -57 -35 8 -53 -51 -88 -66 38 -11 63 15 -64 -9 -18 49 43 31 28 8 11 -57 9 -13 39 9 -17 39 45 25 -42 47 -19 -38 -73 26 -5 10 87 -92 92 -58 11 -60 -44 -12 -26 82 75 74 75 -24 58 -57 12 -40
-49 -16 -76 59 1 -76 -40 29 -44 89 -7 88 -81 71 -16 -27 4 53 -42 -59 6 -53 -23 63 -54 -10 79 -87 -56 17 25 -41 7 2 93 33 -20 -30 73 -5 46 -59 24 -88 -49 -66 79 -76 30 44 52 67 72 16 -71 42 100 71 18 -82 60 14 -21 -63 83 48 -42 1 79 39 2 47 -56 77 71 -83 -59 41 -2 76 -41 -58 46 3 93 79 -2 -60 -6 20 -51 -88 42 -8 69 -92 90 21 18 -72
27 -32 -76 50 68 -85 83 0 -1 67 83 59 -66 19 56 90 84 29 -56 87 47 -92 -58 63 10 -44 -97 -75 97 91 38 -37 58 77 -28 49 44 97 -76 17 70 -60 96 80 75 36 16 -71 14 -20 75 92 -87 -36 9 -32 -12 -91 0 -73 93 29 14 53 16 -79 -40 -58 89 -23 14 31 -60 -38 -59 81 -17 -69 -44 85 -4 43 -32 28 33 70 63 -93 -96 -92 -74 43 -12 -85 11 -78 -84 11 53 -35
-76 -68 13 -50 -38 -10 -21 -70 -81 16 92 60 71 -67 69 -20 -96 37 76 81 -45 97 -21 18 74 60 70 -62 46 56 39 -11 99 26 32 -6 -86 -50 -55 9 58 78 -44 -92 -72 -51 -21 61 -96 -23 27 -86 -40 29 -83 36 52 -66 11 5 51 -99 -99 49 -41 -2 4 -13 44 -9 60 25 52 -8 -31 -75 91 36 -41 -94 -84 10 -76 -6 -31 0 24 94 -27 65 -27 -2 -8 -64 64 41 54 10 8 -6
-49 -34 81 63 -97 31 57 48 9 -14 -71 61 34 9 -42 29 -13 54 -47 -79 -75 100 56 89 -95 -55 57 16 100 -49 -22 -17 39 -57 -90 -79 49 -55 -46 -81 27 -90 1 74 -79 2 -13 -54 78 56 44 48 31 -22 61 3 -96 -69 -18 89 -20 99 24 61 -42 9 87 -83 29 -69 -49 35 56 -92 -2 -35 -58 -15 -42 39 46 52 -71 62 -51 20 93 -81 18 -95 97 -30 31 -37 -55 5 -40 87 28 98
84 20 61 -99 75 19 98 80 -76 17 62 -20 7 22 63 63 67 -33 -85 -52 -39 73 -79 -19 -54 57 -86 55 -18 87 -78 -80 84 37 72 20 77 -66 38 63 -98 87 -89 -70 51 -42 -32 -24 -8 -47 22 -25 54 -35 -5 -65 -92 43 79 26 -36 -60 -11 13 -21 75 63 63 -6 -61 -66 -12 -56 -25 66 -76 79 41 -46 93 -49 96 56 58 -74 84 -8 92 71 33 -10 61 36 9 -37 84 -67 -18 -81 55
89 77 78 35 -34 -18 -78 80 20 -85 40 6 29 -38 53 41 -43 4 12 -22 -77 -57 16 44 -1 -23 -5 -89 69 89 -48 0 -25 7 69 -28 -18 -95 -3 72 66 -35 24 0 -33 -7 -94 34 -2 25 7 91 -29 59 -10 48 28 -46 -79 29 -48 95 -94 -33 -5 86 -53 49 -64 58 38 -96 7 36 -82 -73 82 39 86 15 44 21 -42 81 -78 -70 -12 31 -86 93 41 39 63 -70 40 -3 20 92 -20 25
92 56 -67 -92 23 -100 -3 52 89 35 17 -7 74 -68 95 -63 47 87 44 -58 -1 -53 84 82 19 34 29 -47 51 -97 48 36 -86 63 11 16 36 97 -96 -22 -21 -94 43 7 28 61 5 -18 73 40 -47 76 -96 -48 35 39 -44 64 -52 -44 -14 -46 -54 -23 -56 -55 71 -97 47 76 -27 -80 67 -100 25 77 -2 53 73 73 -3 -24 12 -20 47 14 30 53 -75 52 -100 68 29 64 36 45 46 -39 -74 -23
36 -31 -36 -60 77 77 47 57 76 62 84 -20 -5 -65 -70 -47 -42 12 56 -16 88 92 93 42 71 21 -11 88 32 -57 78 -21 -63 75 -64 12 17 0 33 99 6 47 -83 -22 -64 36 -54 -23 70 -90 -28 -14 57 -10 -37 20 -89 95 -31 20 30 -90 -74 0 38 36 31 40 -82 4 44 -39 64 33 -50 66 -8 -25 -43 92 64 89 -17 1 25 11 38 -23 -1 100 -42 74 -1 -85 14 -47 -59 19 96 73
81 -77 -70 91 47 9 -74 -3 46 28 19 -76 -83 16 91 0 -44 -5 32 -26 18 -76 7 38 -91 10 14 -50 32 -59 34 -18 26 -94 59 74 -33 -85 85 36 57 5 44 -86 -5 -7 57 78 -14 -68 -56 -100 -35 -64 -61 61 34 -54 -97 -55 -52 55 -70 -53 -71 37 64 48 -40 -5 -44 60 45 39 32 -43 -75 57 15 9 44 19 67 25 -94 -90 -64 -1 -4 -61 -2 3 57 -90 -72 -45 -5 87 6 59
70 38 -10 -66 -82 43 -94 97 66 40 58 79 -37 48 -88 80 -32 73 69 -19 1 25 22 -27 -66 22 4 3 60 -37 90 -78 -58 -44 -47 82 -41 -82 -22 97 -85 -41 -27 -54 83 67 16 28 -38 11 77 1 -99 -26 74 29 -91 -56 -23 9 0 -49 41 35 16 -8 -70 -87 41 80 44 64 64 -56 32 -94 -60 -46 -54 -2 70 -22 -52 -64 30 -57 49 -2 57 56 16 67 51 53 -51 58 21 11 64 12
-54 28 53 -87 -11 -64 -93 33 -19 53 -40 22 -28 -30 26 59 22 80 -9 29 99 39 86 37 47 -29 82 53 -99 -22 -46 31 48 35 -78 -60 1 44 -9 -60 -34 28 15 -21 64 55 29 93 78 0 81 85 -77 -3 31 -37 83 44 71 11 -21 -28 -34 77 1 46 -36 -50 -72 -48 -55 -25 69 -77 -62 77 -90 -53 25 -6 16 85 -53 10 15 41 -40 -51 -24 37 -79 64 -87 62 -73 -99 13 -26 69 -100
16 -45 31 -62 16 84 52 -99 75 -26 100 83 34 96 60 30 -98 29 -66 -43 -60 68 21 -11 -40 -17 -85 -23 -75 -19 95 39 18 49 -94 78 -91 -87 57 82 -69 -64 93 -17 58 -1 -53 52 -83 9 32 -71 -89 -40 65 67 -68 -45 13 -69 17 13 5 53 -68 -68 31 99 -18 53 -25 5 -83 31 68 80 4 21 -20 0 41 -35 -8 -35 -22 66 5 -39 17 -1 77 -22 89 39 -88 -11 -34 -47 -68 -2
-45 -15 35 -37 54 -3 -66 -41 46 8 35 35 -3 90 70 91 44 65 -29 -84 70 -36 -89 -10 91 -90 87 84 73 -41 -83 40 -80 5 8 -15 25 -88 73 90 100 73 -18 46 5 -45 53 -18 -22 95 -99 79 -38 64 22 50 86 86 -52 66 -89 -34 21 98 -29 41 36 52 -81 -65 7 -36 19 47 -47 -55 63 -17 -90 17 19 -51 46 -74 -7 -45 -76 17 -90 -56 21 66 -91 82 -58 17 -28 -4 -70 -88
27 19 -73 77 -83 -31 95 60 -84 -48 -35 -34 -35 -88 -27 -69 -12 -25 -81 79 -25 -47 -50 -13 -73 44 -41 -5 33 48 66 97 6 76 -28 -36 -47 2 -25 8 59 41 10 -47 -63 45 27 -28 54 -38 -24 35 90 -54 -23 -21 19 -66 -23 -95 -2 41 -67 -83 -93 16 78 -93 -26 6 -75 -14 -91 55 -30 35 82 -71 87 52 82 51 57 -75 85 -78 -86 72 -95 -53 -11 -6 6 -1 -72 -55 58 13 -84 -100
88 -18 2 -55 -8 100 73 -93 94 13 62 66 21 64 26 -29 -17 10 -56 -22 -46 -43 -4 -54 -42 96 -20 72 -11 73 80 69 -73 -90 96 80 -24 26 -51 -29 88 25 83 -52 29 -67 -72 72 37 77 55 17 83 -34 87 49 88 11 42 91 91 11 -41 19 8 68 51 -29 83 -54 -98 -63 90 77 58 -97 -84 -11 -40 94 69 31 55 -66 21 93 -4 82 -96 96 23 7 -91 -82 -57 -92 -29 -14 -22 -35
-8 99 -71 -86 -77 85 -3 91 -31 -22 94 -54 -77 -96 -16 -91 -19 4 93 -71 -82 56 90 -63 3 -100 -2 -33 -24 52 21 73 -36 38 -33 -94 37 44 51 72 -3 -96 1 85 -61 75 -71 29 11 -31 -85 97 -39 -67 -57 62 39 56 -40 13 -20 -36 -39 -91 100 -4 -89 73 -46 -36 69 -88 -24 -12 -11 18 72 66 -31 -89 -38 -21 62 68 5 44 -98 -16 -80 89 -78 -90 52 69 96 11 -27 94 -43 -74
