4572 4572
2450 2490 1
4211 3594 1
3313 853 1
1958 3910 9
2237 3783 3
3986 114 2
3701 556 7
2053 1061 3
4147 815 2
933 249 9
4259 2116 4
3469 4201 10
934 2896 9
3091 3357 3
4433 514 10
1872 3248 3
3721 1845 3
400 2210 7
2810 2758 10
3383 3843 7
3612 1734 1
1286 923 8
1848 4541 6
1687 3140 3
1203 1364 7
256 745 3
4509 2075 6
222 1055 1
2987 467 7
4550 2006 2
1865 285 3
4102 3975 1
242 4253 6
3151 613 6
19 1538 10
3291 2400 10
3489 311 1
2034 1974 7
2308 2474 3
3402 1077 3
3727 4320 2
3278 3447 5
944 1711 4
2003 3782 10
4281 3204 3
881 894 8
2118 1151 10
4294 3334 1
3591 1440 4
3484 554 8
2180 3966 5
1136 1739 10
1672 2104 8
3711 574 2
1008 3163 2
2186 2306 9
524 2672 8
3849 3115 7
1313 2529 7
1118 377 9
391 3048 3
293 1795 3
1826 1366 6
596 522 9
1587 1834 4
2334 2613 9
2438 3396 7
927 3130 9
4175 4522 3
2313 3584 5
2103 4079 10
4010 1122 4
1686 3353 6
1946 3296 10
2857 3643 8
3608 2779 1
1266 2997 9
952 516 10
4319 4063 3
2435 3303 2
1979 3198 10
833 3672 4
817 1155 7
3019 1837 7
1142 2870 10
2370 895 4
190 193 3
2327 1604 8
568 1373 1
2980 4026 6
1192 980 8
1825 3887 7
3447 700 9
6 2040 6
3619 425 1
1984 3804 2
1033 827 3
3686 2167 3
4485 1937 6
2593 2108 3
2386 1141 9
975 3606 10
2397 3018 8
365 2077 4
805 3655 4
3525 2628 9
3667 4567 4
2101 1745 3
4077 628 2
704 3020 4
480 2820 3
2168 2393 5
3292 1705 10
4204 1877 5
1369 607 2
2840 2941 10
604 3553 3
3760 3226 4
3180 468 4
3109 2082 6
1010 3886 7
2385 345 7
1237 2193 7
1828 1182 8
3743 4382 10
2161 2912 10
2546 419 9
3896 1174 3
2029 3043 10
2093 3519 7
1162 627 3
2141 17 5
2562 2935 1
4401 2838 5
3340 1245 1
4564 1040 2
2956 1967 1
754 4406 8
402 3399 9
2771 1580 10
3047 3096 1
781 3339 8
1898 2497 6
1746 2269 3
1551 3126 10
2000 3895 6
2013 2955 10
2558 3924 2
2084 3546 10
1938 219 4
2842 231 1
2729 989 2
3380 2527 1
4206 822 10
3100 953 10
3692 1266 6
2770 4266 1
2808 4433 3
1216 331 10
3894 3371 6
2481 1434 9
4046 1978 2
3854 2399 8
172 3923 10
423 2671 6
3454 1653 2
4497 3823 3
3354 3306 9
1208 595 6
44 4447 7
2217 2775 2
1904 2172 9
3477 869 8
196 3397 9
4467 255 8
455 3318 3
2038 1201 3
1543 507 1
1399 1018 10
1857 3091 5
2252 1869 9
1170 91 1
343 3609 4
2789 1601 1
491 387 1
901 2755 4
2444 2338 4
1918 502 2
1887 4193 2
3003 576 5
3008 3889 10
1371 2214 6
2672 2414 4
1078 2653 3
419 270 8
2581 2420 3
2640 2499 9
3021 2435 2
2052 1289 10
782 2095 1
2710 1991 3
4440 3390 7
1999 623 6
3050 437 9
2249 4458 1
2901 1033 10
2200 1810 4
2201 1108 9
1558 3021 6
360 3175 4
4158 2835 8
711 73 6
2761 1688 9
4020 3392 7
5 854 8
4534 2288 7
981 2012 4
1111 3108 10
621 3481 3
3182 1808 10
4040 1311 5
2343 997 7
3828 3913 2
119 1471 4
195 4130 1
3521 1217 7
200 1992 10
3747 78 9
1998 2836 8
3980 476 7
1055 1893 7
470 369 8
4234 128 7
3082 1579 10
4344 2615 9
575 1052 4
566 1932 3
1788 1592 1
3501 130 10
2644 2318 3
3147 4241 6
4100 2913 2
3614 2771 3
2107 1042 5
3078 2252 6
2079 947 7
1860 3478 3
965 3509 2
1907 1212 2
924 2517 9
911 107 5
1723 1919 9
3037 3157 8
3044 710 6
2755 935 5
1487 2201 6
2110 3666 10
3859 4214 5
3855 1030 7
2845 1254 5
2151 1798 9
920 787 10
3503 698 3
388 131 9
2902 3943 7
4515 3155 2
998 1751 10
4117 1010 3
607 3803 2
4537 3540 7
3632 3308 1
2427 1496 10
125 54 3
1308 3326 6
1523 1405 6
4172 743 3
600 2513 4
1051 1129 4
2096 3665 5
3153 1296 5
676 4090 3
4148 2217 9
3298 20 9
550 2570 6
3397 4056 8
92 36 1
1844 2447 4
207 2900 1
3773 3791 4
3871 1976 1
1403 1611 2
4501 852 9
692 3824 5
3067 1899 9
1062 3816 9
4245 1844 8
829 3676 7
808 1143 10
1374 1700 3
4170 4340 5
129 1812 3
2036 305 4
2048 1857 10
994 4491 10
917 2782 7
3428 948 3
121 2462 5
3934 3188 7
37 561 6
4252 4430 4
731 2334 2
814 3815 5
3726 3016 4
511 2923 1
3977 2992 5
3936 4051 4
4091 2674 10
570 2403 10
1204 3340 10
2518 4150 1
3888 2515 7
2457 1584 8
4415 3659 3
1445 1139 3
3190 2305 9
768 70 4
1970 2323 1
1559 2154 9
4282 2581 5
902 4262 8
286 3933 2
726 1213 7
1859 2042 5
541 3174 7
4264 1672 6
4108 2954 10
3461 3040 10
55 939 7
3752 3049 7
2997 481 4
2442 2828 4
3092 2852 1
3601 3800 5
197 1685 6
775 3314 5
3270 1073 5
1873 4400 7
1504 4405 6
2197 4087 8
2759 1981 6
3678 1220 10
2583 3935 1
2374 918 10
4491 3476 10
3627 773 1
2508 4242 3
3081 145 10
1862 1116 8
3399 2726 4
625 341 3
4113 1683 7
3889 192 10
1135 2237 3
3005 56 6
2351 1429 4
2962 858 4
3059 3725 10
4256 2463 10
4536 779 9
936 3986 8
3680 3562 7
4422 2546 4
2851 1941 4
31 1906 5
658 1492 9
3595 275 9
888 469 10
2686 2753 3
656 2587 8
2918 3770 7
2208 2475 9
609 4000 9
337 1087 10
1147 4442 3
1274 1529 4
1622 3558 7
1709 3832 4
462 4048 10
2654 3185 2
1094 3994 7
3629 4234 10
2986 1507 3
2431 4243 10
4075 1422 5
1140 3438 5
3975 281 1
4050 635 8
978 3919 6
163 3360 7
60 447 1
1082 998 1
3066 4120 6
2811 4163 7
1894 3704 7
1792 144 1
1945 3494 1
1602 3131 8
3540 726 10
2844 333 6
3119 4019 8
4026 2266 6
2573 3565 10
4248 2563 5
1510 3700 1
2139 3473 7
465 1153 1
2502 2735 1
2578 2311 7
301 2101 1
1195 1231 4
155 859 6
3874 1078 7
2467 4492 4
3903 4232 3
4098 1969 8
1047 3619 10
2041 3752 1
1039 4546 10
3200 1438 6
181 4071 1
2379 3779 8
2297 3267 2
980 2530 2
364 2902 9
224 3812 8
2792 4456 8
2049 994 1
1520 2044 2
1017 805 6
490 3795 5
3995 3006 10
2282 555 5
2365 4183 4
2493 4067 2
4567 493 6
508 1923 5
91 1823 10
1841 4141 8
4269 1113 4
1164 1741 3
2561 49 3
3910 3463 9
1990 1696 4
3741 1520 2
1214 3651 3
431 3335 9
2688 2307 10
3528 2208 10
4070 3968 6
3788 4417 9
2753 3778 1
1782 686 10
2900 50 3
3411 1076 6
3240 3650 1
506 2831 3
2010 794 8
409 1123 9
1995 4408 8
378 2230 1
1160 4271 7
3798 517 7
1717 1402 6
4347 2864 10
3157 1062 8
4441 3949 10
3120 3427 2
9 4572 8
1330 1909 8
2246 432 10
620 2215 9
2699 3941 4
627 1778 1
3976 1939 10
4285 1774 1
4019 4165 8
4341 4131 10
3170 276 6
93 314 9
314 63 6
2293 4372 4
1875 1892 8
3456 1360 8
918 2016 1
1052 1942 1
4177 3029 6
2739 413 4
4227 2181 8
4493 3538 7
4103 1737 4
2828 3959 9
304 3152 10
680 3208 10
2236 2469 2
4480 1957 10
2290 766 7
3873 1781 5
3475 402 6
2780 763 7
4120 3197 1
3007 380 4
641 2906 7
226 2589 4
2505 3216 8
3374 2679 3
1620 681 10
2381 3507 4
3349 440 8
3794 1831 10
2852 2702 2
12 24 3
2270 4339 5
289 2232 6
3852 362 4
4073 1648 4
2834 2310 6
191 2553 9
4009 3934 3
54 4460 10
812 3344 8
78 3435 10
189 2114 5
3644 596 6
3242 3730 10
3518 4153 4
4065 2701 3
3996 1038 5
645 4304 7
3506 3285 10
267 39 8
1026 1382 8
1101 1329 10
930 1348 1
57 1164 5
1479 995 2
3553 3236 4
977 4230 2
4463 4335 7
4346 3789 1
1279 3874 5
1856 4523 1
1178 486 3
722 3641 9
3283 3001 7
1730 1167 10
1475 2402 2
2496 211 3
713 1699 5
745 802 3
2804 355 4
758 1928 8
969 464 7
1892 1114 5
4258 2946 8
2074 2802 7
1849 1738 6
156 977 3
3655 649 5
2524 3051 2
2281 4118 2
1971 1574 5
213 1821 4
3222 2986 7
3645 2381 2
1310 2721 10
1679 1063 8
2405 85 3
988 3978 1
4254 2670 8
1139 2560 7
2560 33 10
1297 72 3
4150 1879 7
2775 3121 9
774 1282 9
3549 1009 8
1307 1083 1
3409 4355 6
2278 3070 9
780 2691 9
2116 4542 2
1843 3191 7
3535 3172 9
1805 1902 1
1754 4035 2
2490 3863 6
2585 3031 10
306 4222 2
1700 2135 7
4112 2567 4
555 3039 6
4327 121 6
3087 3990 10
3671 2035 5
4272 1874 10
299 4301 9
2555 4570 4
1804 1687 10
126 1388 6
3928 4269 5
245 3019 7
714 65 9
700 3894 10
138 2689 2
1607 4038 10
1151 2434 10
2719 3561 3
2700 108 6
401 1649 9
3316 3063 6
3479 19 7
1079 3932 9
1057 4147 5
1531 3898 4
1726 2981 1
2930 2716 6
1842 1286 4
2807 1989 6
1253 1599 2
606 353 3
3378 1982 3
2855 3708 10
2176 2551 5
1287 1563 9
1891 3066 10
2615 2098 9
4334 1769 3
444 2930 5
2231 2041 1
1230 38 3
375 2603 6
2677 3437 5
1851 2642 8
3674 4283 10
2917 687 4
2801 1556 8
3688 3514 6
2963 3615 1
2957 1301 10
2389 1953 4
2509 2630 2
1075 4325 3
3579 874 9
982 2279 8
1090 4216 7
367 1291 8
1930 2024 9
1554 1606 7
99 43 10
1566 2254 10
2108 2783 7
4045 3857 8
3812 473 8
2121 1420 3
971 475 10
2042 1192 9
4140 2433 8
4053 1931 6
3045 1804 6
2388 725 1
1180 2850 7
689 2645 9
3171 868 5
3205 1814 3
976 4 8
4565 4374 1
30 407 9
4137 1851 6
11 926 2
2158 3631 6
3014 4263 5
2153 3608 1
4189 3206 1
3763 919 5
1518 4060 6
3502 256 9
477 2351 4
2878 3642 7
3957 3426 10
3696 1221 9
3201 3926 10
76 3634 7
2904 3176 2
59 2392 7
2725 2868 3
3830 1357 6
2423 2720 7
1012 2700 1
3439 1343 3
2879 4482 7
3649 433 10
841 1159 1
1182 254 5
2482 2093 1
2869 1964 10
2455 2985 5
2547 584 10
2960 3912 1
2690 4309 1
1343 337 1
1616 1235 7
2584 4252 8
1459 3685 3
2105 587 1
1411 624 10
2920 360 1
85 3547 1
447 4407 1
3944 3414 4
4155 2854 7
749 2590 1
3776 1994 2
203 1603 1
744 1890 7
80 4113 1
629 4296 2
1765 388 2
1628 2719 3
2451 2851 6
4503 3626 3
4450 2846 1
4191 1328 5
1505 2302 6
453 3793 7
3609 3742 9
49 378 10
2159 2102 1
3617 1635 9
2684 1480 1
2891 4563 1
323 2688 1
70 120 6
3742 3870 6
2166 1105 4
4559 1770 7
40 972 8
3885 2920 5
372 738 9
1451 1491 4
521 1337 9
1592 2917 3
2671 3855 5
3814 941 4
2596 508 9
98 2264 1
3497 3936 9
2358 3312 1
1221 1803 4
3032 446 7
3172 4497 8
4392 1144 2
997 2655 3
1050 1616 8
4145 765 3
1954 2508 4
3946 2186 3
2592 1150 8
4237 347 8
4336 2665 7
3736 1944 6
4036 4028 10
154 343 5
3895 2809 4
1940 524 7
522 3987 8
3668 3928 9
2781 27 7
1056 4186 7
1300 385 4
783 3697 2
3927 604 2
446 1332 8
3544 1539 1
4380 775 4
3450 3184 6
1255 3915 10
1378 2345 6
4229 901 8
2271 3410 8
2182 4013 3
362 3536 2
3006 3232 7
3248 123 1
335 2718 6
7 2194 2
3090 4059 10
2604 3083 5
2376 2229 7
784 1412 1
2206 3640 4
2230 752 10
1621 3445 4
1422 3471 2
4421 1085 3
837 2839 8
152 3599 7
2908 2482 7
4295 570 10
3734 302 1
1846 2467 5
2178 3022 6
1265 2559 1
2157 2618 8
1933 2715 7
4471 2806 1
1513 3522 3
4444 3575 1
4410 3196 9
864 15 8
886 618 8
3818 1468 4
964 1308 6
1708 3164 3
4506 3797 7
1223 4045 4
2325 112 7
2102 4490 7
4520 46 4
1450 1043 3
3166 2582 2
445 3527 8
4291 3044 10
2905 3238 9
1749 717 7
1155 273 8
4473 2506 1
1254 3257 6
4268 3258 8
4424 2296 7
3605 2022 7
2268 3535 4
2083 3041 7
4333 563 10
2312 3506 1
479 714 4
2099 2481 4
602 2659 2
2658 4115 2
3247 2968 3
1166 3365 1
671 4324 10
3943 3623 2
3589 2301 8
4074 1185 3
970 1644 1
1084 462 2
2940 4285 10
3460 3689 9
2215 4189 10
95 1776 4
1877 2571 6
2839 3304 2
3216 244 5
3808 1486 10
4169 2348 3
3714 2677 6
4305 4473 10
2205 3833 7
2909 4198 4
3626 1345 7
3630 234 4
2933 177 8
4542 1985 8
2229 3264 7
4459 526 3
738 3844 2
3744 79 1
3914 3813 7
4304 4385 10
2280 867 9
2611 96 2
3198 287 7
2184 1971 9
3530 1417 10
178 4425 3
1506 3722 3
171 3644 5
3179 3598 9
3071 748 7
3964 1074 4
1248 2209 9
4523 3826 1
237 914 1
1347 1838 10
3458 246 5
759 2569 6
3129 1014 5
2383 1905 8
392 1840 8
2932 900 10
357 3510 10
4059 4020 3
581 4551 8
3451 2045 3
3471 3524 4
1733 3255 2
2506 872 1
4329 3203 6
1194 2359 5
556 2956 2
3840 730 4
4324 955 3
2398 1617 4
3500 3914 4
1232 971 10
1802 932 1
1165 683 10
4487 1304 7
1742 1465 3
2453 3440 10
3207 2428 5
3897 2304 6
3436 4011 6
2580 2141 6
422 532 5
3124 3686 9
4221 2160 1
1476 2908 10
296 1858 1
2617 2473 6
1715 1735 2
147 2052 2
2616 902 1
239 3576 10
4396 3259 4
564 1133 1
1061 2427 1
3509 1120 8
2261 348 8
2674 2344 3
4338 893 10
2095 535 3
3754 2532 9
1949 2520 1
721 534 2
1685 265 5
932 1659 6
1763 4384 9
2124 2657 1
2641 3749 3
4566 701 7
1387 734 7
399 3273 8
4184 2510 10
3162 3691 3
1261 2572 4
4109 3207 6
1942 180 6
3357 2026 3
4157 206 1
3799 2711 9
3510 1053 7
1867 188 7
569 262 3
3829 496 7
590 2531 9
3757 537 4
1509 135 10
2934 970 4
482 1663 3
4490 3646 4
3188 3555 5
1882 4136 2
2221 4119 7
458 2260 6
900 2889 4
860 1984 9
151 2804 4
3557 6 8
3300 2790 9
1417 885 10
517 1333 3
4106 2877 9
2722 238 10
2384 1437 9
3161 297 3
3282 223 1
187 4363 10
531 2219 8
4445 3417 3
2823 2076 5
21 1543 1
3526 216 10
1864 4039 9
2865 3567 10
1186 2410 10
3732 3819 3
1177 2904 4
105 4078 7
4035 783 6
693 2891 9
2243 2664 10
2678 263 2
414 3290 1
1911 2780 10
1822 3868 9
875 4194 8
1883 3937 5
2544 4326 4
3661 2763 9
1036 2801 4
3251 3508 9
4481 3103 3
1202 1295 9
807 785 10
4076 2803 7
2310 3343 7
2938 2249 7
4443 2156 8
1552 2195 7
3219 3909 7
3197 1039 3
725 2110 7
3916 1195 1
715 1524 8
133 3495 7
433 1165 3
1201 2423 3
751 1027 8
913 3839 7
3869 142 3
3568 945 1
4171 4480 7
424 1760 7
3256 2485 8
1413 2328 2
3142 1862 9
962 3030 7
1728 2939 4
4524 2092 3
3780 2295 5
1030 692 2
4405 4255 5
4115 2991 2
4152 7 2
3150 3940 9
4082 1757 8
2637 2696 3
2625 1680 10
1944 990 6
2618 3458 1
3237 3 6
3939 99 3
2826 3032 3
4399 2293 6
3800 3716 8
270 2884 2
1935 581 6
2693 4564 8
526 2324 1
4124 4379 3
1285 2166 6
2697 807 4
1348 3484 5
1745 1903 9
1684 543 1
2949 417 10
1807 1229 10
3817 3621 8
1795 2298 7
2853 1779 3
3304 2072 8
1447 3530 1
325 2125 4
3232 4134 3
4235 2280 2
3575 3247 10
3319 1278 3
1188 1169 8
2130 2706 4
3208 76 3
3262 1894 3
1832 4282 2
974 3061 5
1059 645 8
1596 3181 2
1233 3376 10
3923 3202 8
318 3610 7
1089 77 3
3266 762 10
1235 3544 10
1060 2810 1
1495 3958 3
2995 1790 7
425 4287 10
871 1104 2
655 4127 3
2303 2173 7
2394 2464 3
1388 4126 8
283 3452 9
1281 2844 4
2692 471 5
1750 4548 8
2530 4137 5
1393 2751 8
3417 2117 3
2060 441 7
2870 809 10
1548 4428 9
631 3600 5
3546 1162 7
528 2784 8
3585 4081 2
764 3629 8
3919 3760 2
2443 1754 2
2216 1431 10
3942 2164 5
4403 4170 9
3391 3876 4
4200 2174 5
291 3117 9
1315 1247 1
115 2500 1
1410 3729 3
127 949 5
4048 1463 3
1605 1566 3
2063 3011 5
4 629 1
2738 3706 9
290 1681 3
2959 512 9
2149 4509 6
3933 2554 8
2747 4439 3
324 1428 6
912 1571 2
659 492 4
4529 2216 6
4205 3614 3
3495 753 10
790 2073 2
2841 3391 9
2866 2648 4
2266 1264 2
2191 2632 2
2131 354 8
3567 277 3
2171 1885 3
2974 3897 5
1974 2637 1
276 4162 6
3884 2277 2
3669 2142 1
4385 217 3
89 1032 9
2091 2649 3
2950 3549 10
527 1302 6
86 1771 10
4279 2725 1
339 3244 9
4469 4192 7
1486 221 7
635 1226 8
2543 2607 8
2492 1101 10
2703 3151 2
1173 3945 4
2273 3809 10
4330 4101 6
2711 4200 4
960 2157 9
1956 4217 2
2709 1522 1
3348 705 1
910 3787 6
851 1387 3
2364 494 8
3441 303 2
3511 3310 1
3457 3479 7
3226 4327 4
384 4225 6
1578 4378 4
505 1260 5
1091 1835 5
2375 455 1
58 1250 10
605 811 1
1430 1190 10
428 1660 10
3376 1435 7
1629 396 7
4135 3905 8
1383 2421 3
4449 3743 8
1501 1666 7
79 4117 7
1925 3961 8
3149 495 4
587 4435 1
908 4007 3
45 3817 6
3719 3487 8
3263 509 8
1069 442 7
2599 3670 4
1455 2309 4
2863 4448 7
2086 2673 9
2556 2159 6
51 4096 8
563 1300 3
4249 4346 10
2050 1819 3
2687 3490 2
2037 4182 4
2794 767 3
2773 404 9
3715 1334 8
1095 2576 10
464 2983 10
312 2970 2
1049 3047 1
3865 2921 6
1416 2367 9
1215 344 4
3868 2336 8
1721 870 5
2047 1575 8
219 986 1
752 1 3
1511 695 2
3842 930 1
4479 2162 9
619 1433 1
1171 2987 9
90 203 4
3403 2528 5
3102 2445 3
3891 601 3
2362 2284 1
1895 4464 7
1922 3680 10
1698 1187 5
2291 3662 5
3660 18 3
2830 2170 2
316 4560 3
2635 152 3
2883 3135 4
1329 316 10
298 4190 10
4554 3446 10
3641 2347 5
3652 3170 2
616 3250 3
1697 2408 8
279 1446 1
1905 896 6
1644 2892 8
4538 3486 7
4307 1454 5
1535 1011 7
3418 4366 9
1189 2422 4
2436 1642 4
4144 795 3
2800 2710 3
393 250 5
341 3548 9
2579 884 4
3548 1239 2
883 1960 7
2721 2171 10
2359 3097 5
3229 55 1
2787 4024 6
3095 1650 7
2661 2360 6
2401 4484 5
4194 2934 6
3496 68 6
4452 4265 1
437 1156 2
1993 3840 4
3985 269 6
1811 2960 7
1989 1800 1
2967 640 3
4260 189 3
1667 744 5
3185 4085 8
3466 1096 5
3011 3350 5
4267 163 3
472 2374 1
3593 1630 10
1737 2731 1
2642 1559 2
651 3129 8
1992 580 7
3906 1725 7
1116 283 8
1662 229 1
4039 4148 9
3415 789 2
956 2808 1
4299 3114 9
559 4179 1
2311 632 7
3574 51 4
3677 3224 9
2553 2099 4
2921 3777 8
1460 1755 7
4397 2084 10
684 3854 10
3823 4152 10
2751 1995 7
2456 3991 1
3330 585 10
2174 2611 3
1249 1035 1
52 3902 9
2655 86 7
3245 172 3
1524 1560 9
4373 3138 7
3983 510 7
1379 582 7
4571 4088 10
2260 835 1
148 3980 1
1739 4540 3
4372 1066 9
1663 2622 7
441 922 10
1955 985 8
4072 4280 3
4522 1550 7
586 2394 3
2798 3455 4
474 2123 5
4546 2207 5
3921 2187 5
2043 4512 3
2591 40 10
3025 3035 7
1337 2501 9
2269 3687 3
4558 3124 9
712 292 9
3876 1549 5
4028 4289 7
499 2182 10
539 818 3
3646 4072 9
2757 4333 1
63 390 4
4331 2535 4
4339 2153 3
2803 1203 3
1083 3568 7
1863 2390 10
1963 3149 4
958 392 2
3138 2873 3
3539 605 1
4056 236 8
3695 1765 5
4037 3328 8
1957 1624 1
1803 1346 4
4458 237 7
3706 3690 9
2485 3873 6
4181 2074 7
487 2346 3
280 1002 8
1028 4524 10
1777 3860 8
1837 4427 7
3203 4495 10
3675 1363 5
2772 591 4
3586 2539 3
4290 806 8
1916 814 2
1502 1904 8
2497 2198 7
4151 3221 2
3183 3169 7
1972 3064 6
4404 3401 8
1889 3068 8
411 1314 2
2707 1270 1
2890 2516 7
1299 3731 9
1537 1475 5
3476 3505 1
3332 3736 6
789 1703 2
3802 119 2
935 663 4
4139 4022 4
3598 560 9
2340 4511 5
1565 1209 9
2516 1878 7
2848 3168 2
380 3042 9
3563 248 4
683 1640 7
2094 1623 8
4381 2476 7
848 3074 2
2588 52 9
101 3721 7
1412 1045 3
4084 4018 3
117 1451 9
432 2882 4
2022 3406 10
1097 2723 3
3682 888 1
4411 979 2
2187 1868 4
3083 3354 2
1926 567 7
612 2059 7
72 160 8
1236 4294 2
3561 2119 10
3791 2595 4
3981 2969 7
1960 1249 3
2462 505 5
657 4187 10
791 2862 2
2945 2250 8
3061 2692 9
2126 1369 6
525 1003 3
3796 4009 1
4418 100 1
1093 2829 5
2718 2662 10
2377 1849 2
3937 1853 6
439 2361 5
2085 3947 1
2758 1631 10
1878 4413 10
2244 1917 6
340 1477 9
2152 226 8
1784 2547 6
4210 146 8
436 2644 10
1146 4058 2
454 3432 2
1661 2994 7
2021 2415 1
921 3377 6
319 3712 4
4366 2794 6
3940 2450 4
603 3234 1
2760 1385 7
1591 2294 8
2299 597 1
3429 1508 6
3442 3753 2
4561 2610 8
1908 2267 3
4271 4531 5
2322 2224 10
2551 3533 5
2045 4092 3
1669 2931 4
845 3841 3
3570 484 5
3326 774 7
202 1268 7
2868 3853 10
3945 4054 9
4495 4172 9
3491 3454 6
3657 2081 3
3700 751 10
660 1621 9
2076 1733 6
2446 14 9
1473 1084 4
3271 1109 3
2782 94 8
1428 352 9
2577 4535 1
2681 1202 10
3156 3560 3
331 2453 1
225 4033 3
3989 1103 7
2466 3776 5
2631 1161 7
2283 2922 3
3277 1028 8
1024 403 10
999 2185 4
3534 156 2
3731 4401 6
1770 3927 1
535 1377 3
1029 1316 4
810 3825 8
2567 518 8
3026 1701 8
275 2977 2
184 12 7
4476 547 10
1608 2694 7
17 634 7
1453 4345 6
515 2062 4
278 4399 2
1106 3617 4
4047 4093 1
1753 1809 7
773 4031 3
3870 3931 2
1799 3916 6
3031 1488 1
1158 4098 10
2756 1152 2
4226 2668 9
2333 4558 10
1258 665 6
4214 1532 8
1973 2146 5
3309 3364 10
317 2303 10
1172 606 9
2346 3060 3
4549 1098 5
2471 2148 8
452 1864 6
617 3772 7
3398 3480 9
786 1829 7
1598 573 1
2301 3192 3
349 1528 3
4159 3850 7
4257 1051 2
2392 3292 1
3281 1000 6
3994 1047 10
3730 1394 7
3377 2126 6
4057 1866 4
4278 1860 3
2057 371 3
3947 3469 10
3055 1526 8
1496 3424 10
561 2189 4
2656 579 10
2847 2088 10
4447 3205 1
533 2621 4
307 2329 1
3954 2496 1
4407 422 2
4419 527 2
158 4352 3
2030 1897 10
205 2051 9
110 3964 10
2606 109 10
824 1290 8
3139 312 9
3620 449 1
4412 3848 5
639 1493 7
2673 2246 9
3036 639 2
2458 4474 4
2400 1850 1
849 1715 6
2250 2285 4
1975 913 7
3223 3220 9
2098 251 5
2720 4388 3
1683 59 10
3158 3739 7
252 48 8
3077 2242 6
2600 1817 8
2017 927 8
3423 669 9
330 3349 2
1987 3052 10
4552 2312 6
1899 1004 2
2028 4227 5
4289 1806 10
4353 2795 8
2284 1732 10
3227 3810 5
3666 2487 10
1546 4173 1
803 1656 8
416 2089 8
111 2536 10
3529 1219 8
484 1686 2
1224 2796 8
740 4457 4
3089 2054 9
4416 295 3
1191 2833 2
1815 2874 10
2279 3105 3
2777 1986 5
3427 1639 1
1528 3072 2
3296 2034 7
942 4212 2
1519 1684 4
867 1968 5
3012 3618 10
2367 3180 4
2360 2391 1
873 2409 7
66 106 10
2730 1131 9
4306 3849 6
254 4545 1
3238 545 9
2786 2297 2
4390 3719 10
1242 2184 9
2623 2370 4
990 3450 1
3073 2001 7
1005 298 7
1295 1180 1
258 3679 3
2087 887 6
176 1664 2
2767 2333 6
3556 2228 9
2328 1945 9
1660 594 1
743 2507 1
4255 999 4
4528 416 5
1638 3681 6
1327 2945 9
336 1911 1
750 4023 3
4376 933 1
3084 4258 3
4326 3459 5
3252 4476 1
3962 1177 8
1100 1965 2
2704 1057 5
1876 3186 6
518 2565 1
2128 1381 4
3877 1668 9
3492 346 10
2214 825 4
2630 1484 9
2927 3754 2
580 2220 3
2160 2039 10
4553 2036 10
3707 3077 8
4442 1208 10
144 2777 4
756 1391 8
681 2320 5
2135 4397 1
2361 205 1
729 4310 9
1421 1090 2
4122 3744 7
1623 3475 8
1144 3028 4
4218 1643 5
143 2015 1
1303 4034 7
4547 2785 3
3795 771 9
928 2019 1
1800 2964 7
2169 4210 3
1929 1833 8
1468 53 3
1143 2957 7
3148 2524 3
1794 891 7
2512 1730 10
4284 688 10
2395 3523 4
4209 115 5
1570 2538 10
1606 3291 7
2382 2046 7
896 4479 9
2549 3045 6
4161 3284 1
3907 1224 10
1386 742 8
879 4336 3
4187 2562 10
1586 4471 2
1642 4517 4
2612 1099 1
2910 2327 4
3991 2343 10
1643 2878 4
4168 562 2
1719 1558 4
2613 487 3
2545 1236 1
2733 2825 4
503 2593 1
2776 204 2
3029 444 4
914 1970 3
1006 2384 4
983 3750 1
906 2568 3
3809 956 1
4127 3451 5
4104 1432 5
1341 201 4
1639 1280 10
4540 1271 7
483 451 8
3566 3122 1
2815 1963 6
3689 2253 7
8 3638 1
329 1573 1
2198 326 5
4526 1379 3
3234 2866 6
4186 4073 8
118 4395 7
4123 625 3
4389 67 4
1019 3818 2
4310 3865 6
2235 1815 4
4090 2255 1
2504 3985 6
1167 4246 3
2004 3698 7
3857 4050 8
4464 3564 3
1217 150 5
3587 1710 7
3618 1115 7
624 2742 3
1656 4485 5
537 2386 5
3404 1728 9
3482 4095 4
4156 1502 3
1072 3407 4
949 2849 9
3236 2894 5
1174 4364 5
68 1929 2
794 981 6
3971 3537 5
1407 3969 8
3708 1303 3
2568 4155 3
3362 2037 5
313 3972 10
2735 1826 4
2992 1288 9
3187 1797 5
243 2740 2
4531 3379 7
122 3286 1
2224 3271 3
463 3637 4
42 1351 2
2552 820 7
1527 2709 9
495 768 5
540 2206 5
1466 1485 6
2468 309 9
4352 797 8
1789 2502 3
1734 2537 1
3935 2842 3
188 1049 1
835 3851 3
2966 3761 8
4363 873 10
3390 3758 1
1474 3751 8
661 3093 6
3214 690 8
4012 2959 2
4375 3756 10
2749 1956 1
4494 2800 7
2636 2258 9
1764 3380 5
4203 3183 1
3847 420 10
818 2953 7
3406 2619 1
2989 2730 7
3545 3231 5
3413 3983 1
3337 2514 5
1034 3251 8
1756 424 8
100 391 8
3446 3118 1
1695 2750 4
2207 3768 4
3571 1673 9
3168 4446 9
1817 3892 6
2864 1922 7
1271 500 10
2533 4365 3
3960 2183 3
1691 2776 7
1273 1158 9
4283 3243 7
1427 1930 8
1048 3156 3
4543 2814 4
644 525 10
2080 1206 1
149 541 9
2464 781 7
3264 2430 1
1210 798 4
1395 4288 3
585 296 2
1440 938 6
2314 2071 2
3392 1232 1
3101 987 10
2348 3000 2
1588 1409 9
4062 4557 3
182 824 2
3622 2134 7
4298 3763 7
1304 4021 1
3998 4203 7
1168 1125 2
3314 3200 1
311 1545 3
3311 339 2
2708 571 7
1004 2756 5
4519 4123 5
2054 3528 4
1671 2234 7
2983 2413 3
3770 880 6
3396 2330 1
4414 1321 10
3805 3531 1
3624 1600 4
777 2251 10
3999 647 3
534 4209 10
241 1895 10
405 1146 4
3103 2418 9
2155 2455 2
1775 1882 8
1635 2947 1
2871 3724 7
2204 540 5
766 3483 7
4262 3607 2
1779 2899 1
2695 1961 1
2519 4015 7
3221 2014 10
1456 1636 8
3199 3970 9
2843 712 3
3218 1050 8
3912 3999 1
1705 3709 10
2717 376 8
1923 4040 9
2026 3382 2
1363 168 5
2953 3861 7
3846 2512 10
951 1938 6
4429 1449 8
3777 638 5
1489 1910 1
4017 488 10
2981 2652 9
1037 3443 5
4188 4224 8
649 3962 8
277 1128 7
1183 3009 4
3725 1863 7
1425 592 7
3131 1163 9
135 2871 7
667 4235 5
227 3237 9
288 1620 8
3267 2883 5
3880 3033 2
1577 4188 1
3134 2109 5
1288 1511 5
3883 2989 9
1931 2761 9
1720 3503 10
1 375 8
4548 1194 9
4386 414 10
2575 2231 10
1861 1914 6
3848 3799 9
26 4494 10
2330 4267 7
3583 756 2
4409 4356 7
3952 2975 7
2232 2813 10
3681 1958 7
916 982 5
2867 4185 3
673 655 3
1526 1846 6
2861 1859 5
2858 4334 1
2882 3735 7
3194 1718 2
1808 1006 2
1228 2457 7
1229 2586 2
1243 881 8
403 4273 10
703 840 2
560 3311 8
4477 1352 4
3334 2283 2
1812 2352 1
2399 641 9
4420 1064 6
1441 3294 1
687 1171 5
3900 1439 9
1226 1110 9
186 3883 6
4391 3780 2
842 958 8
3004 3372 10
177 713 2
3121 921 5
3650 2523 6
3464 559 3
3152 1237 3
4013 2926 1
4355 1293 6
1284 157 7
4193 2897 6
4008 151 2
697 2728 9
1785 1962 7
2055 3276 9
546 548 4
4504 2712 5
1936 3246 2
2912 2025 2
571 2872 3
2944 3620 2
2827 1447 10
1000 993 1
4312 2401 7
1187 3434 2
3054 2521 3
1470 904 1
3826 2478 1
2576 1825 1
3453 3847 10
1482 1023 1
3698 2760 10
2486 2591 10
211 4516 1
668 3488 9
843 386 8
1983 3585 8
1351 659 4
3887 4089 10
3882 3383 1
2315 3332 8
1222 1587 10
2814 1283 5
4426 2161 2
3955 2699 5
4340 1901 7
2441 784 3
3756 383 1
2372 266 7
451 69 1
699 4402 9
2897 3199 8
2724 2558 10
2774 4329 10
1680 3582 10
1961 3580 10
2088 1244 7
3038 1214 9
3543 3539 9
3258 3496 8
1283 593 4
3051 2698 5
3532 1756 8
3033 3067 5
4266 3702 3
1446 3368 7
263 3967 9
574 4549 7
2854 434 10
4029 3628 6
1962 3764 3
1919 1425 1
945 810 2
1372 4532 4
2595 4097 5
417 3951 3
23 2597 5
2165 92 10
2714 2365 6
1968 2505 9
3379 4451 9
2610 1258 2
3547 2085 7
3465 30 9
2809 961 8
3836 718 1
2199 4534 6
1209 1223 9
382 4005 10
2682 3313 10
1462 952 10
2179 860 2
4448 1708 10
408 175 6
4121 3796 6
3834 4029 8
3272 3147 2
2494 472 3
303 3492 10
3790 1067 5
1360 2639 7
47 2278 8
2670 1498 8
1206 539 10
640 3660 5
1797 2342 8
1070 3189 3
549 2078 1
2765 452 4
1449 466 9
2653 4328 4
788 2612 1
3276 45 4
1645 1414 6
4173 1461 4
4507 2256 3
887 2364 5
3513 3714 9
530 161 1
4417 2504 8
1009 2023 7
798 2282 2
2144 1368 9
209 2533 1
1664 3331 2
3918 4238 5
2574 4276 1
1127 4349 6
3346 261 4
536 2647 9
3385 4315 5
959 4380 6
2357 3110 8
199 2138 7
1275 878 7
4484 1977 10
2799 1269 8
1833 1657 2
396 4478 7
737 2369 9
1774 241 7
696 3501 1
407 1071 7
420 788 1
2894 3888 6
2517 2693 8
2875 2168 8
3244 847 10
3325 934 9
779 1013 5
3592 4012 7
1480 1788 9
69 3529 10
4246 4347 1
3879 2708 10
1336 4429 9
3538 3073 10
1335 4445 10
4018 2805 7
1262 1881 9
648 1450 10
567 2988 2
925 3100 1
4176 1669 3
2071 4514 2
1257 4251 10
3697 4239 5
2926 2060 3
2742 1628 1
1738 3654 5
1152 62 2
3758 300 7
638 3667 2
4512 3161 1
3111 3554 3
1081 1091 9
292 4526 6
3381 2143 10
3949 3320 3
2535 1972 2
4195 3374 7
3651 3661 3
2162 138 8
1580 513 10
2349 3112 7
3738 2697 4
3039 1637 2
1488 2002 7
2070 3755 8
4530 2456 1
3358 2772 4
1198 3732 7
3080 671 7
251 871 5
2978 709 1
601 260 5
4351 2542 9
836 3240 1
496 2480 10
2066 2925 3
905 1396 7
3749 4368 5
4179 2379 7
4393 2789 7
1714 3324 5
2150 4257 2
1325 3852 3
1913 1622 8
3010 1267 3
4129 4223 8
1067 1026 8
2586 445 10
610 733 10
2390 2492 10
1915 4135 10
1068 3518 5
1320 2855 7
3718 2221 9
3560 1512 1
3784 3485 5
1022 4055 1
3801 2436 6
4322 1936 9
2077 557 6
4223 4500 6
1212 3647 1
4239 2893 6
1481 1787 2
1157 4515 4
2860 564 10
2694 3210 9
3932 4316 8
421 3307 2
1435 214 1
1042 3078 5
3433 1764 7
2922 3415 1
3765 2067 9
2728 3688 6
2449 1867 10
2324 134 3
3239 2914 7
2387 259 7
2948 799 1
4192 4107 1
1790 3348 7
1611 1594 4
2194 1181 4
2304 1371 9
467 2128 3
1699 1443 9
1193 2778 9
1071 3087 3
1561 2974 8
104 2331 9
594 538 5
3663 2137 3
4505 2600 5
3729 3300 6
1766 3866 3
4475 4043 9
3474 2774 8
1444 3272 5
2975 26 3
1903 1836 8
4511 4010 8
3079 4004 3
2024 3635 5
74 35 10
3982 1641 6
1540 16 1
2619 225 7
2046 4469 1
2415 741 4
3670 916 10
2326 1712 4
989 1424 5
4230 1173 9
4328 1876 8
4360 118 1
3648 1313 4
1874 3856 1
3414 3418 3
1997 2191 8
3537 3820 4
4180 4175 3
88 3658 10
3691 3574 10
4535 3498 3
485 680 3
4521 654 10
1624 3283 7
4005 501 4
64 3571 4
767 3710 6
2218 3911 6
3046 220 1
1534 2446 5
2019 757 1
3352 4312 2
194 1999 8
3822 2373 7
1247 4260 8
4527 1460 1
2491 3899 2
3572 1820 10
3056 3429 10
1568 1251 2
2906 1466 7
1161 1166 8
742 2817 2
707 1462 1
1977 4311 4
2275 1626 8
1323 412 3
792 83 9
3637 2355 5
1988 2876 5
3370 3773 5
953 566 7
813 711 1
4508 1767 8
161 1347 2
259 2066 7
1572 457 3
1119 1959 8
554 1665 10
1632 319 3
204 976 4
274 3409 4
4133 804 6
2298 1726 3
2411 1225 5
2473 1326 5
1943 1015 4
1547 1595 9
761 4208 4
3140 849 7
141 3109 2
3930 2096 2
1921 3113 6
4198 126 6
3533 3384 2
2647 2083 9
4423 1773 10
2195 2948 1
1576 141 7
233 2627 7
516 4539 10
2134 3336 3
4138 4330 1
3233 3080 10
3106 3050 8
2970 3784 2
2480 4530 1
995 2063 8
1066 2068 4
502 1442 6
1966 1888 3
326 3436 8
2683 2337 10
3573 1149 4
961 4359 9
2292 2212 10
690 1037 8
1665 3150 2
4317 4319 1
2082 1273 6
2233 3579 5
3505 4527 1
2068 3275 8
2691 3298 6
65 1677 5
347 183 5
2192 4389 9
2689 3362 6
1334 2226 6
2319 2483 2
2929 3875 2
2356 3338 2
679 848 5
1702 4110 10
1567 257 1
2226 2944 6
3424 3590 1
4486 32 4
4253 1581 4
823 2471 5
4032 3280 10
2065 3400 1
1827 228 5
3243 2103 7
4435 1126 3
3058 3595 2
3922 780 9
1035 3511 7
497 4493 7
14 877 5
381 4156 3
1627 3981 10
430 3877 1
2832 394 8
544 1285 8
235 2744 5
103 3517 6
489 1386 5
4178 3675 10
3724 1793 1
2979 1832 3
4345 677 6
2317 4052 2
3771 1376 7
4064 3828 4
1264 1193 9
2247 723 8
2172 2007 4
2067 2236 9
3136 674 9
22 2203 10
3154 3235 6
2341 284 7
2285 817 3
1354 97 10
412 1513 7
1731 3645 9
1096 3408 8
4095 4409 10
2378 1697 8
2007 1667 6
4233 1896 9
3634 1586 10
2430 899 10
4400 2405 7
579 374 10
1375 3790 2
3490 706 3
746 2115 9
674 2202 9
262 3260 8
2193 3428 10
282 551 10
3917 409 9
1125 528 7
2602 400 3
2969 3008 7
2081 4547 9
664 4082 4
1834 1362 9
3094 2031 3
41 307 10
3401 102 3
1436 3023 1
3786 3908 10
2316 320 10
800 2158 4
3307 1350 6
4131 672 7
2797 3726 5
4049 1569 5
4362 2713 3
675 278 5
426 3879 3
3274 3717 4
4001 3829 10
3494 2574 5
507 1843 7
3966 1565 6
1741 427 6
2062 415 8
3959 2028 4
1517 851 3
2104 397 9
3086 2270 2
3804 171 6
4025 3811 10
966 2972 3
179 4421 10
1781 3694 5
4302 3136 9
3085 553 3
2445 1411 1
236 363 7
3972 4076 3
3189 1456 9
3105 693 4
302 3413 7
3750 3158 1
3327 149 8
2817 2821 10
826 905 7
3508 3467 6
1163 931 5
2257 603 6
2769 978 2
1038 2525 8
2033 4351 9
819 3211 4
3875 610 5
261 944 8
1314 1695 4
3600 1551 4
3924 2290 10
460 4343 3
3580 3111 7
493 936 9
717 1651 8
922 4507 1
308 3845 1
1776 1716 4
120 2289 4
2146 862 1
134 258 10
1525 4468 4
3703 991 2
3978 4358 3
3948 3242 10
1105 2998 5
3904 1500 6
1181 1157 8
2806 58 4
3324 4300 7
3594 4199 2
4236 3557 2
1132 503 2
669 1752 4
3623 3419 3
443 3295 2
2675 642 9
3431 1740 5
3470 778 10
1359 504 1
434 317 1
3596 1610 7
1240 2424 4
1758 3179 1
1326 2094 2
3230 4240 10
371 4481 8
1761 1299 7
363 1925 10
1980 521 9
1953 2861 4
3831 4519 2
2835 2898 2
666 90 3
850 1567 7
1199 1257 1
2796 2636 5
1896 735 4
3480 960 6
2531 3274 9
1801 3545 5
565 676 7
4286 3696 6
2706 4307 4
1483 2980 8
1658 2937 5
4261 1365 6
2035 349 4
1897 1136 7
230 2799 6
882 3541 2
1021 2021 3
3735 3305 9
2173 2890 1
2 2824 2
4054 3227 6
2743 3358 9
1114 1576 3
1939 2916 2
2016 3219 7
4297 308 3
2919 3367 7
1016 1562 7
3631 75 8
3159 889 6
3285 1801 8
266 1661 1
3186 2856 4
3507 790 4
255 3154 2
4199 4499 4
1197 2550 7
1813 3178 8
2209 3076 5
992 2928 8
3224 2398 5
2813 2484 6
1492 4412 3
3967 2707 10
4562 4207 5
2880 1025 10
2472 3944 5
240 2053 3
2667 4543 3
1129 2112 8
2928 2793 6
3069 1816 10
2403 2030 10
716 137 10
1618 4226 4
35 4167 1
2350 1537 5
3030 1095 7
2937 2407 6
3861 1872 7
618 974 5
3517 4353 5
3359 3329 6
2008 3977 6
2354 616 10
3968 749 9
2475 1147 7
2515 247 8
2059 421 4
4130 3090 1
3604 2442 2
2676 879 3
2526 3786 1
702 3903 6
359 4443 9
904 3228 10
2582 2213 1
3384 2765 4
132 2540 1
2202 2616 4
370 523 3
3522 4554 7
2788 4321 1
2225 2486 3
2638 1966 1
1176 13 1
825 294 8
383 3010 7
3577 2739 8
4185 2798 5
4240 4506 1
3386 2837 1
3485 4228 2
3297 4470 2
1301 3309 3
797 857 3
3635 1175 7
1981 3583 9
3838 3504 6
3299 4393 3
406 4361 7
1633 3037 5
1710 2375 1
1536 4370 5
3733 4461 9
3220 365 2
2601 3671 3
577 1742 7
3065 1441 10
701 1211 7
1027 1319 3
1169 243 7
1458 3997 8
3551 165 7
3867 586 10
3284 116 1
510 2404 3
4061 3683 4
379 2396 3
1725 356 10
1391 2245 5
2913 1916 3
1704 801 3
3280 1127 3
2223 497 7
4518 3347 10
2419 1546 5
4277 1359 3
3512 906 7
4096 2397 2
2396 3182 5
2660 1531 6
2525 598 4
647 2132 7
456 1633 5
3699 4381 9
884 4555 6
427 2762 4
1655 856 10
2958 3148 3
3462 1307 4
442 3774 10
3902 3806 9
4436 3982 3
3360 4171 1
1231 3421 3
102 2009 1
1109 2583 10
1937 2651 8
735 2107 9
3345 758 8
678 1854 9
785 2058 10
2523 1205 5
1522 2426 9
3597 105 10
3844 3834 2
2132 187 10
4533 4250 1
1130 943 1
214 3265 10
1414 2834 7
2254 897 10
97 2684 9
2540 2449 10
1131 3759 10
81 1222 2
3603 2843 6
2924 4065 6
878 1436 3
1108 2133 2
2258 136 3
588 1277 7
3778 1041 7
1637 1671 1
694 2631 9
538 2315 5
1319 4436 4
1401 1483 5
572 828 7
4539 1949 10
345 1873 1
192 3836 10
1917 4518 4
3174 3727 4
1156 1119 6
1582 3602 8
4241 2027 2
1906 3728 10
3832 1017 8
4365 2686 3
2833 1613 4
1003 1204 1
954 3173 10
2448 1482 7
39 37 3
1694 4350 9
1670 2646 3
3259 724 8
3552 1557 1
1854 3089 6
1595 4025 6
2554 957 3
1743 1393 7
4492 4477 4
2764 299 9
3866 3901 1
4128 1046 4
3322 124 3
1098 3871 2
4238 2316 4
3872 2275 4
762 1312 5
1345 4122 10
2433 3223 4
3317 4151 9
1920 2458 3
3108 439 3
473 4489 6
3361 2136 7
2264 764 8
3625 2978 2
1141 3900 6
20 3652 4
1278 351 3
3389 959 7
3702 274 1
3116 1490 6
2434 2205 10
4544 2963 5
2031 1445 10
3499 2466 2
1159 3597 7
208 2340 9
271 2605 9
2737 3218 5
43 2976 10
1272 2419 8
1752 4099 8
1358 3639 5
1432 4437 2
4066 330 9
2240 1647 9
3569 3493 2
3364 2448 1
816 4057 4
1063 1375 8
73 1297 10
2659 2675 8
3254 1036 8
4343 2580 9
3662 2265 6
4432 1883 1
3520 4274 3
1145 667 1
1238 64 9
4379 1597 6
2836 1744 5
2470 2641 2
1791 240 3
4438 1020 4
2877 4177 3
2977 2797 2
3419 1973 3
153 1389 2
3016 3375 3
3515 3711 6
2248 2733 4
2338 4396 9
2001 1948 1
907 1924 6
3261 1747 4
1381 1044 4
2138 4100 10
2040 2286 8
150 1407 5
3115 3389 2
734 436 3
1890 1012 1
4483 3393 8
1886 1320 10
1338 1704 3
1514 4424 3
4094 1722 5
2167 1762 4
1839 2929 1
1982 1275 1
2984 697 4
2447 1421 3
1065 2566 6
2154 1339 9
1994 435 8
3260 1632 3
1866 3881 4
4555 2857 5
2976 2113 10
248 816 4
3123 2043 1
471 3703 8
3160 3086 10
2432 988 7
1477 1342 2
1368 3254 7
2463 3747 6
1767 2008 6
500 2127 3
3130 2479 2
2440 3952 7
4003 864 9
4034 808 7
494 966 7
795 1692 3
1539 4313 1
636 3133 6
1530 3630 7
3761 2100 3
4275 506 5
3716 3099 5
628 800 7
1948 2495 3
720 3249 3
3422 3281 1
1175 321 7
284 491 7
1117 1082 1
3022 122 9
1529 2010 2
2763 4032 4
3275 2759 4
821 2979 6
2413 1423 3
1713 1455 4
1610 4444 3
1213 2388 1
38 2564 7
4337 3957 1
2614 3769 5
1148 1875 9
3810 4178 10
1512 3297 2
3211 3581 6
3023 3989 1
1760 3325 4
1085 1022 1
1818 4220 5
1268 95 5
1820 4367 1
2741 3333 5
4462 2005 4
3133 2 3
3146 2769 2
3445 3171 4
4162 3556 9
3519 2049 7
2791 340 8
827 3453 1
3797 2118 3
1727 2382 3
514 3095 7
2896 4044 6
1318 2503 6
2507 3566 8
2646 1097 3
3 2152 9
2337 1054 7
1185 3082 4
2294 2961 9
4079 2722 7
1122 2951 8
3837 2599 3
1333 3378 7
2412 1935 4
3890 4533 4
2752 227 9
513 2635 7
2407 194 9
1397 178 3
3581 965 5
4228 4391 9
376 1535 1
598 2097 5
796 8 3
2295 2378 2
232 2626 6
2262 3277 7
4024 3636 5
3355 1772 5
3181 3293 3
2849 2176 4
1309 3520 8
3395 3071 3
3531 3342 1
2633 4416 10
899 1154 3
1722 4248 2
4525 1176 7
3163 3337 9
1772 2757 4
1429 737 6
3712 4487 1
3926 3394 6
946 1469 7
3306 1413 4
4116 776 3
62 2200 6
389 338 6
1227 578 9
2404 479 2
3853 4305 10
2622 1335 7
2812 2754 10
2501 1318 9
3167 490 5
4030 3005 5
2999 3552 2
1712 2544 10
2991 3317 2
1434 1487 5
3737 3316 2
1467 2341 3
2147 4116 3
368 2732 8
2886 1782 3
1311 3212 4
993 4245 6
3562 2903 7
584 2211 8
3950 1568 2
2078 2656 3
1076 1494 4
809 499 10
1025 3589 1
4301 474 6
1542 289 5
2822 2120 8
2113 2371 10
973 2577 2
2603 154 2
2550 2690 1
772 2175 2
1640 3253 3
3647 920 2
2487 2879 1
3803 1008 6
685 782 10
3970 3075 4
3112 3604 6
831 3516 5
4007 279 3
1744 2461 6
2129 117 5
1579 907 7
793 1322 1
985 2549 5
4069 575 3
1353 3104 3
4182 4286 6
309 2179 5
4364 1818 10
3052 577 7
2136 1542 9
3420 1218 6
1879 2387 3
4243 271 2
1443 1525 5
358 2915 3
1654 4211 10
1241 1124 7
3616 3551 5
4288 2363 2
967 2155 4
3941 4109 2
551 3669 1
448 184 3
1346 174 4
2032 2875 5
1778 2940 1
2534 2003 2
501 2770 1
4058 242 8
2973 3872 4
2650 3950 5
1858 288 8
3041 2819 2
3789 1898 8
2239 4392 4
2097 4094 2
1747 3187 2
1823 448 7
1603 631 2
410 162 1
4027 3663 10
2820 4149 7
395 1086 10
2177 1233 3
4394 1112 10
369 1607 8
2885 1034 6
1373 4108 10
4000 4077 5
4489 4467 8
4142 689 9
260 984 7
10 1855 6
201 418 5
2125 2439 8
3070 3403 2
1748 4133 9
1289 456 3
2528 1717 9
2429 839 3
2499 1775 8
2109 3177 4
492 3814 10
3320 3596 7
4276 3017 5
3578 2086 9
2876 31 10
3310 1614 10
2872 950 10
2889 652 1
2713 1070 4
2564 1178 7
168 1075 9
3878 589 5
4516 3586 1
2123 4462 4
2541 3351 9
3365 1292 1
4446 3513 5
653 1662 1
923 3058 5
2903 3627 3
4136 1453 4
300 4161 3
1103 2827 1
2762 1927 5
877 550 2
3565 3024 1
2483 405 2
1276 4164 9
2051 967 9
3421 3416 5
3175 4383 7
2936 1554 7
4215 315 1
1385 3004 1
2911 272 7
3225 588 7
4063 3025 7
3965 836 9
832 1474 7
170 1188 6
2888 195 3
1631 1865 10
1362 4070 6
2988 536 7
1574 1777 5
2632 1317 6
1120 169 6
3191 239 10
1912 1517 7
950 4472 10
578 3858 1
1484 3741 6
234 4508 2
1835 3106 8
736 3256 6
3042 661 4
173 3603 2
2164 9 8
870 2325 7
3173 2938 3
799 4295 7
4300 1356 10
670 1403 5
1806 358 1
4368 3946 1
1382 3420 8
466 2993 6
1562 1089 10
2272 4213 7
3824 2830 1
852 533 6
4482 4375 7
865 336 10
1885 4042 7
1392 3794 7
2253 4006 10
1207 3930 6
1711 2786 9
3988 4064 7
1184 1912 1
2895 2847 3
3328 1503 8
2873 179 1
3088 992 2
1853 325 10
1321 3470 10
32 1395 2
4541 1059 9
3366 4338 7
457 3002 7
2727 2091 3
415 2736 6
13 1263 4
315 4284 3
1914 3692 5
1693 4308 6
265 656 8
724 1255 3
4361 3119 2
3905 3653 8
3449 159 9
1420 111 3
3974 3356 1
3723 3649 3
3434 4083 5
3694 3838 8
1673 4249 9
223 1746 3
390 2130 6
3845 657 10
4532 4270 8
3656 696 1
3819 453 1
3269 1605 7
1074 1444 4
4183 4124 4
3342 791 7
4568 3194 4
4478 1946 7
1771 2676 10
2380 4556 10
4309 2354 3
3925 252 9
1675 3261 8
4293 170 3
3486 4180 1
839 3733 6
3893 3695 2
2784 2584 5
1389 198 6
320 2033 1
1880 1029 8
3444 4275 5
249 3625 3
475 1199 7
1814 4450 3
1870 2383 6
3833 2273 3
672 3327 1
269 2973 5
1503 3442 6
1007 812 5
3308 3013 10
1740 3918 7
2073 89 4
2061 335 5
2414 3270 1
1465 3723 1
2428 84 2
1668 2660 2
3911 3497 2
354 2319 8
1406 1325 3
450 3229 1
15 2823 5
1424 1380 2
3075 4259 9
4356 364 6
589 3859 5
811 1577 10
2982 3363 5
3177 401 2
469 2638 3
3253 2811 1
732 173 6
4232 1516 7
96 2372 5
547 1689 1
295 2545 5
1636 202 8
4092 4106 6
3759 2241 10
1729 2247 2
3350 3601 10
4166 3059 10
1630 1627 3
3235 87 8
2685 1827 4
3815 1997 3
3020 619 9
2629 209 1
3938 3034 5
478 1727 3
2238 1975 7
1259 110 8
2302 1479 3
3321 3965 6
3028 3570 5
1001 1210 3
2287 147 1
2425 1001 7
2754 4091 10
1107 2056 10
2779 88 2
778 1230 1
1652 2667 7
3057 245 7
1553 2362 10
3693 3550 1
2856 4261 4
3143 983 10
4563 2048 3
281 2604 10
2837 4215 7
3997 3757 4
2421 3869 1
2643 103 6
1619 4049 9
3728 125 1
1830 1367 4
166 3225 7
3315 381 10
3137 4568 4
2416 190 9
2188 3404 5
4126 1990 8
1086 4297 10
2996 4362 10
2009 1148 4
3268 1374 1
3295 3973 6
1352 2011 8
3864 4292 4
643 366 3
2111 4143 9
4332 3624 2
709 4068 9
1269 2124 7
3958 653 3
2972 4069 3
1515 715 2
1234 2984 9
3621 819 9
1457 4041 8
1759 3842 1
1600 2356 5
1073 3525 2
592 1578 1
4247 702 8
3265 4279 10
2566 3263 6
4316 1758 7
2994 4047 5
1928 719 9
1703 3466 3
1252 2357 4
947 1179 3
1965 3502 6
4265 2555 6
4207 477 8
1581 3737 5
2589 3195 6
2439 2257 9
1934 1207 2
2183 1145 2
2597 2350 6
3215 1521 10
4318 1415 5
3901 651 10
498 3341 6
543 2416 10
2417 844 6
2489 3993 4
1521 1510 3
3126 609 4
2228 104 9
2212 4256 9
562 2451 5
4369 2990 10
1507 2634 1
1666 478 10
1277 80 1
1924 3345 9
1220 615 7
29 4426 5
986 1608 10
3920 666 4
1356 1996 6
2663 372 7
1796 3998 1
4250 3907 7
2190 736 6
1256 841 7
929 1540 1
4004 3995 7
1678 3431 1
2947 755 9
2274 1344 10
2514 306 6
4149 2629 3
3002 1796 7
3992 2880 4
615 4565 1
2185 4331 4
1394 2090 3
4081 4341 5
4461 4197 9
529 4221 10
4388 1564 3
1798 3971 4
217 1907 5
3098 3132 9
3127 2526 1
2006 3388 10
334 1481 4
897 954 1
2609 4496 3
2795 2541 6
4164 4219 4
1485 4146 3
2805 2511 1
2899 636 8
1437 1427 9
4225 485 9
2732 2907 10
4134 4373 3
1641 10 8
3762 25 3
2058 301 3
3053 2122 6
1088 264 7
4011 2791 1
3929 3673 5
1647 865 8
686 2561 3
2680 3062 1
2474 3948 7
1494 1340 7
2156 4410 2
611 2534 7
1044 3976 1
1077 863 1
4453 2000 1
4044 2832 9
4431 4237 10
665 3137 2
1179 3081 7
4220 2470 1
2072 2509 8
763 4454 9
2916 1240 1
3448 3366 10
3516 3144 9
4335 2358 1
4292 2911 6
2355 2163 5
174 1081 8
2993 2962 4
3347 2661 2
1902 1135 3
4342 430 7
3979 2933 8
2569 4128 5
1133 1856 3
3672 1634 7
2859 4247 6
1244 3678 1
82 4299 8
2011 1561 9
890 558 3
4384 2050 2
3576 4423 7
3606 3605 7
16 1080 1
3212 2747 7
2479 4486 6
1852 1908 1
346 4314 7
4088 4463 10
1290 1504 2
4498 542 3
4357 4537 1
3104 2438 10
599 2454 1
1612 4390 8
4033 1951 7
2277 892 8
691 4371 10
3408 679 9
926 2807 4
2018 3656 7
4472 3057 7
1211 2441 9
3478 845 1
2548 1638 10
3881 2140 2
1901 2047 9
4313 3532 7
4371 2901 1
361 2816 9
1589 4322 8
1868 3885 6
4314 460 4
3125 1327 8
4455 181 8
2114 1048 8
2648 1228 1
1461 3456 10
1032 4236 5
3093 1372 8
56 3134 6
838 2061 5
1613 2822 5
3228 2287 5
3850 1197 7
2219 761 5
630 2190 2
83 1988 7
108 1315 8
3807 3953 9
1357 2465 4
885 1060 7
2276 2313 9
2478 304 7
3588 4159 3
2768 1706 3
404 4086 10
3473 685 10
1532 5 8
1735 428 6
3303 646 5
634 3592 1
3774 4553 10
3279 3321 3
4457 3355 6
4190 908 1
4323 890 5
1350 611 2
4197 3904 10
2112 3116 6
876 2543 6
892 3491 5
476 2737 10
128 3738 2
3231 2734 9
2793 759 9
957 1702 5
1316 727 5
4163 313 1
3493 3468 9
3169 1987 7
2850 2349 8
3416 1676 9
1409 4066 2
1121 1934 5
4350 4140 5
1361 2292 1
3110 1658 8
1280 1766 1
3043 1186 1
2838 838 9
1732 2695 1
4216 2601 5
3899 886 9
310 127 6
3813 3929 9
2500 4174 8
3294 4125 3
3554 1170 10
2148 2623 8
4222 2417 6
4086 3801 10
3000 42 7
1991 2274 1
4118 1750 5
1291 2443 4
1405 1448 6
3582 3746 4
769 1670 1
614 1828 6
2140 210 4
146 4510 1
2318 4357 1
2884 3720 2
1590 2239 4
28 4566 4
1555 1132 6
4502 2192 5
377 2106 8
2259 1005 7
1787 4550 4
4358 3233 10
1312 1100 10
218 796 3
1688 3984 4
1550 41 3
2831 3279 3
1757 3577 6
2056 3921 7
2420 1789 8
869 1426 5
1646 1241 7
350 4419 6
1113 2738 2
3704 1478 10
1426 1590 5
216 3781 1
3027 11 1
3973 153 9
3107 2064 5
931 463 6
2608 3788 8
4425 1652 10
3993 1253 9
1769 4121 3
583 1618 5
915 1200 9
3128 3079 1
4349 1940 2
3683 4268 4
3144 4168 4
613 2412 4
2696 2887 1
4160 2943 7
4174 1473 8
963 3612 1
1871 2238 1
1583 626 7
3481 3381 7
3141 2244 6
3430 2235 9
3192 2552 7
3642 4376 2
1260 2787 9
4377 1693 2
1478 1227 3
2344 3299 10
4097 393 4
1604 4139 10
4325 2314 5
1816 3745 10
1497 2606 7
2012 2261 4
548 583 5
955 2705 10
1376 3167 4
519 1265 7
1306 3526 3
3610 963 10
4517 3266 3
1533 3591 7
1053 2380 3
2495 290 1
3764 2682 7
3969 71 3
1263 2199 2
3679 465 1
366 3588 10
2336 1980 8
4060 3346 8
1292 4348 10
730 912 8
3017 3515 10
1609 1871 3
3839 2259 10
2740 1799 10
34 3792 3
2002 1134 1
3514 910 5
2570 2389 4
1893 2243 1
830 2139 3
1377 2766 3
4022 2240 4
1123 2950 9
386 1786 2
3018 2233 10
3343 4394 2
2750 3880 4
3338 2745 9
1398 1724 8
523 1954 1
3710 4455 4
215 2717 2
3145 3917 10
968 3166 7
857 1383 2
2027 1160 2
1190 940 7
2651 2149 4
4387 2055 2
4273 133 10
1023 568 3
344 2982 6
3769 1870 5
1676 2317 4
2829 2841 4
2985 3433 9
2368 3054 3
2251 2936 10
880 3053 1
2965 3821 3
4196 1341 8
2222 34 6
3001 883 3
4167 4449 2
776 732 1
4488 3214 6
2488 1530 10
4348 74 10
4111 2087 9
3717 1243 9
2288 1979 5
2746 644 3
2931 3092 5
941 1952 8
1245 4062 3
2563 2131 5
3841 22 7
2234 3142 7
3210 2858 3
287 3162 5
2628 2724 2
2452 2927 5
2366 368 1
3527 367 9
637 2468 9
1701 4342 4
3068 4181 6
1884 1743 1
228 1839 7
2712 2395 6
2189 682 4
3779 3015 3
3117 1822 5
53 2826 10
1564 3213 1
250 3938 9
4212 4154 7
1964 4016 7
1225 4332 4
1282 4420 6
3767 4465 5
3301 2429 7
2893 842 3
488 2121 1
4398 699 4
1365 3278 2
3602 4502 4
2862 3398 6
863 975 3
1651 61 6
1516 1094 4
787 1324 4
3410 4291 4
3287 3705 1
1682 678 4
512 520 10
4093 968 8
2210 1216 3
623 3925 5
3740 2685 2
1927 327 5
27 2308 7
2639 4536 4
741 1183 8
2698 658 8
760 2004 1
2557 4102 4
3331 1252 9
157 2477 10
1690 590 9
1149 3740 7
142 4438 5
4513 132 10
24 2069 1
1573 2773 9
1696 1007 9
2410 1852 3
3783 1570 7
4002 962 10
1298 1121 5
3659 3252 7
4219 569 7
140 4272 10
4315 4369 9
4031 2942 1
1498 4158 4
1626 1072 8
2014 230 7
943 1763 5
2662 2840 10
3613 1416 4
1439 4030 5
3249 3846 3
815 803 4
2783 1645 1
3862 4386 10
2539 44 10
4263 4206 6
4052 1841 5
771 3222 5
1040 1404 8
859 164 6
4374 3682 10
2005 1298 5
677 342 2
3312 565 3
3843 1955 1
3193 599 8
1773 3489 1
4078 3046 7
1634 704 10
1128 3939 1
984 235 4
3246 2643 9
1340 370 1
2332 855 1
3558 199 3
4016 4278 3
2745 2218 6
3722 530 4
3024 3559 3
650 3190 5
2881 2640 4
4413 66 7
2818 4114 3
1950 3330 1
1838 459 6
353 2818 1
2572 2588 7
253 747 3
61 2557 7
3898 739 7
847 2767 8
131 3477 2
1302 2150 9
1419 1079 6
2460 4404 8
4274 2683 6
2163 2614 6
1124 1408 7
846 850 1
1569 837 5
2955 2079 7
3371 3474 2
2941 3664 9
2537 929 1
1900 2339 6
3713 2863 3
398 1625 1
2627 1354 10
2064 208 5
1064 3125 2
4202 4132 4
2241 158 9
220 2518 3
3382 4103 8
3615 3441 7
4242 1527 5
3202 1016 7
4303 2746 3
2175 3036 7
3913 1915 1
4427 617 10
1087 1361 1
1831 2678 4
1755 728 10
4556 4360 10
435 675 4
50 833 2
3114 4053 9
2731 148 7
991 4061 2
1951 2432 7
2666 1541 9
3204 3862 10
2424 898 8
4465 1248 9
2255 2029 10
285 3622 7
1888 1338 3
801 3402 1
3753 2853 9
2437 3734 6
710 1384 9
1689 410 1
2961 4142 6
4244 1682 3
4143 1761 10
3015 1092 7
2679 4337 7
3768 3352 4
2339 4046 6
429 384 10
2559 1497 1
4402 1331 8
3746 1406 8
4466 4104 5
4496 3386 7
1869 3412 4
130 3632 10
4087 1589 9
3135 1780 6
582 4528 8
1218 1900 8
3443 630 4
3425 1723 3
2090 4538 10
4067 1392 10
1099 3954 10
3963 1583 1
46 1920 5
708 2020 2
2716 622 5
3339 1794 3
3074 3003 7
1471 429 7
3132 1274 6
2668 4111 9
4359 3038 7
246 2999 6
646 3922 6
2484 29 2
1563 1655 4
4510 813 6
2119 482 7
3643 1336 9
1364 2322 7
532 1880 1
1836 3027 6
2461 1355 8
322 2918 2
2620 3822 3
3373 4205 1
2907 3500 5
1013 4354 4
2785 4552 7
1219 143 3
1415 1602 4
822 1168 8
3956 1523 8
3785 286 3
297 1184 7
940 903 1
858 3288 5
4557 2620 3
3685 359 3
1649 3055 2
3564 3693 1
2510 3464 2
633 731 1
2286 1281 8
3375 2460 9
1659 3534 10
1200 3101 6
1967 2017 7
2498 3387 5
3049 1501 3
305 3701 5
593 1714 3
1493 3301 2
802 2669 2
3118 3587 1
1544 519 3
3755 3159 3
2345 1518 5
1104 1679 6
3748 3543 1
2819 964 9
3250 720 1
3255 389 5
4560 1552 10
3333 3837 2
4231 2687 3
855 2299 1
2964 3084 4
4014 1065 9
1002 3677 5
1045 155 4
4428 996 10
3206 423 9
4454 2996 8
3302 2366 3
3811 139 6
828 98 2
3821 3684 2
1674 2300 1
2726 3146 4
3341 2488 10
3745 969 3
4213 3269 7
113 1495 10
4308 2845 2
2181 2966 6
3155 3448 2
2477 4001 7
2196 3573 2
3984 176 4
1452 2377 7
3034 662 8
387 4145 1
891 1419 3
159 4191 10
87 823 8
893 846 10
77 1678 2
333 310 6
1615 4233 5
2075 1401 9
2454 909 1
4015 3012 6
2652 2965 1
2476 792 2
632 461 10
2664 2768 7
1718 2704 8
642 2180 6
898 3262 1
1370 1619 8
1418 925 10
919 1238 7
909 196 8
3048 328 8
4208 2222 3
1840 215 3
3673 1691 3
413 3107 5
418 1921 5
1431 1848 9
4110 2727 2
3367 3120 7
2300 1472 1
2536 1598 10
2127 2013 7
1331 411 2
3559 222 1
1597 267 9
3060 2437 1
183 4254 10
4572 2865 1
3751 3425 1
4071 4231 1
608 200 1
557 1887 8
1438 3449 9
1978 1729 5
4451 3766 10
3488 93 2
71 4264 6
2122 4160 10
3195 212 2
352 3613 4
3165 4218 1
397 2714 7
2816 2881 4
459 4144 2
938 4306 3
2409 1572 10
3217 218 3
2925 1847 10
2701 1753 5
4021 334 4
3412 2263 9
2329 1609 3
1500 2431 6
1324 1707 5
1080 2376 7
2459 4166 1
3599 3674 3
1809 3165 3
2347 4411 2
4280 2111 6
3524 1675 8
2363 1950 5
2665 1467 7
2267 648 10
2353 1886 10
3064 4488 2
576 1943 7
3827 4431 8
2821 1470 4
3213 4281 1
718 480 10
739 3361 2
2465 3611 4
2513 3359 6
509 3996 8
4201 282 10
348 2491 9
1909 1058 8
1011 4498 5
3323 3512 7
342 2764 2
3013 3713 1
2369 2498 4
1584 4298 10
3781 2860 7
1294 2144 9
1614 4036 1
866 3209 6
937 361 8
3633 3616 7
2039 3457 10
3356 3193 3
2621 2909 8
1847 2949 3
853 2038 7
2645 2145 6
3289 529 1
2137 253 10
1793 1791 1
770 2958 2
3687 2788 1
1339 23 9
1058 167 9
3113 746 6
4099 1582 2
1448 1138 9
94 2151 3
3915 3245 5
2990 2548 4
2242 3141 8
4468 1068 4
2469 4003 6
2393 4434 4
4089 1198 1
3009 2178 3
688 4017 1
4439 3430 4
2522 754 9
3523 2522 2
1043 829 3
3787 2792 8
440 915 10
1384 3891 7
221 2663 8
3062 1593 3
1404 2493 6
1556 3831 7
2521 4513 7
1751 777 10
3305 703 6
663 3893 6
394 1926 6
2590 1588 1
468 1378 5
1423 3094 10
765 1390 3
3541 875 8
4119 1106 6
3892 2598 9
1724 1410 1
3886 3065 10
1150 1276 3
4367 2165 10
3856 4317 3
2320 2625 2
2802 4112 8
868 3007 4
1653 1330 6
1499 1476 7
747 549 7
3438 1615 5
2605 882 6
2734 3805 8
2371 1674 1
2408 2703 5
332 2910 8
3241 57 5
3638 3128 7
757 3775 7
3336 716 1
3329 951 8
545 2227 10
1829 861 5
727 1111 3
1491 2147 10
2748 4569 2
4051 3499 9
1736 3808 3
2335 4504 6
1469 438 3
124 140 7
2422 4501 2
3705 1069 1
449 2271 5
804 2617 6
206 3385 2
2649 1596 9
1762 4453 10
355 531 9
3072 3201 4
3440 4303 10
682 332 9
705 1418 7
654 2952 8
3961 1555 4
3472 3322 1
3257 1813 4
1112 1721 1
356 2177 3
4430 3956 3
3372 1509 7
3387 431 8
3040 2188 5
4551 1262 8
2626 1884 5
3483 3411 8
1246 831 8
2892 232 1
3639 2169 6
1196 643 10
3164 2223 1
385 1891 8
1821 3807 9
3178 1189 9
2532 729 9
2426 973 9
889 3444 3
3739 3217 10
3468 191 2
4141 1309 1
3863 4418 5
1138 1287 2
1464 2585 10
2946 1305 3
872 2578 10
3076 1690 5
112 3767 2
2092 3648 1
2824 4008 6
1332 28 4
212 2032 8
3628 572 8
2825 2608 8
3096 3127 7
2529 2633 10
4499 832 7
2352 2680 1
4006 3864 6
3344 3098 8
185 350 5
106 318 3
2220 2995 3
972 1913 2
1153 1499 10
2565 4105 8
3099 2594 3
1328 1830 10
373 4169 2
1692 3302 6
1557 3462 8
3452 2291 6
36 2609 3
1959 443 4
504 2332 1
1251 1457 6
264 4027 10
2025 379 6
2331 1591 4
2418 2848 2
3455 382 2
755 1547 4
1267 3069 10
3400 2459 7
3987 1093 6
4370 454 8
4041 2406 6
862 4293 4
169 4561 6
48 602 8
1490 4483 9
4023 4440 3
107 4229 2
461 2353 1
652 3056 5
3611 3802 7
162 4503 1
3709 3268 7
3636 1731 9
4146 2859 8
1810 4196 6
996 3542 7
894 186 9
1408 3289 10
3437 3882 10
3607 3715 6
3782 1021 10
1677 1272 9
238 1514 10
164 3460 3
2305 2248 8
1018 458 1
33 3395 7
2766 3102 3
4270 3405 2
1396 770 1
231 2575 3
3555 4452 9
1625 2196 6
2142 3143 10
2914 1102 9
4321 1306 1
4408 4202 10
109 1720 10
3684 3992 2
4068 293 9
2309 82 4
1102 2262 9
2213 4475 7
3035 2321 10
4153 280 6
1594 3942 2
272 1215 3
698 2812 3
3288 1694 5
2898 4176 7
1454 515 8
3542 1358 7
903 101 10
2702 4080 8
3388 2666 6
1015 268 8
1046 4521 1
84 2281 4
553 1654 7
210 2650 8
1355 2057 4
719 213 4
1545 166 1
3363 2741 3
3487 1548 1
3690 4466 6
2211 4432 2
2402 1918 8
4107 1117 7
3851 1118 3
626 2886 3
3664 2225 2
723 324 5
244 3085 2
1707 4422 10
1969 1515 2
979 4204 4
542 834 6
3676 2624 3
1976 1452 8
3405 4075 6
2736 1246 5
4125 1629 10
1941 1783 6
137 3593 1
3793 2895 10
4545 1519 8
2145 1534 6
2587 3878 9
591 4129 9
1115 3771 9
4165 2592 3
3196 4037 4
1054 498 4
1585 129 1
1910 3906 10
4080 2129 6
180 2729 6
2391 600 6
2874 4323 9
1250 2919 10
2306 3920 3
1996 2276 1
1648 408 8
595 3762 3
1014 673 9
4437 637 4
4042 1088 10
1205 2654 3
2915 2888 3
1824 2425 9
1296 47 6
3293 620 2
1293 1056 10
733 322 8
2887 1349 1
1367 1294 10
2594 3014 3
3459 4138 9
2256 830 1
1855 3319 4
840 1107 7
4217 1749 6
2705 323 10
4287 694 5
1786 2885 5
25 398 7
806 3215 7
3806 942 4
4406 3370 9
3407 1458 4
2954 113 7
338 4344 5
4114 2658 6
3951 3123 3
706 3633 1
1881 2411 8
3860 1137 6
1947 821 8
552 1031 9
3369 197 9
1020 2815 5
856 1947 6
4460 1259 10
2406 722 2
2669 2905 5
2998 2197 6
2143 4195 7
2951 1713 2
1472 1284 10
114 544 6
3909 1464 10
1593 928 3
3432 3563 2
3931 185 5
3792 233 4
257 2326 5
145 4415 1
1952 3461 1
3435 772 4
3463 3835 9
4296 2268 7
844 3139 9
695 721 7
1601 4459 3
2634 1993 9
268 3960 5
2968 4277 7
247 2932 9
3318 1256 3
3353 2452 5
75 1802 1
3835 329 10
939 3472 3
1442 3884 5
2015 2749 2
1716 4525 2
3816 1279 5
2571 670 8
3653 1397 5
1657 1861 4
2503 4387 9
1845 2971 10
3772 2781 3
1349 608 1
3990 1736 2
2935 3230 7
3097 3369 5
116 395 10
4354 3145 7
3536 3239 7
2511 2440 3
2289 1807 2
1317 3521 4
2120 911 5
3858 2472 10
597 2105 7
854 1698 4
2939 3088 8
2133 2335 5
1110 182 2
1126 3282 3
3209 3153 8
2227 1612 8
1783 2204 5
2971 1142 10
4101 81 3
748 1400 10
1617 3955 4
3351 4318 9
834 826 3
1681 1585 3
486 1544 3
4456 224 2
3498 1019 5
2542 4184 6
438 1646 7
1538 1323 10
820 4074 6
160 1261 10
3273 1784 3
622 3160 8
351 2748 1
2203 21 1
2942 511 10
2657 3026 1
2744 612 8
1390 1024 3
273 3718 3
1239 3988 3
167 843 5
3720 1998 3
1463 2519 2
3908 946 10
2527 4244 1
1571 4559 6
1850 2368 10
2100 3830 9
3394 1824 9
2943 4562 8
175 708 2
558 470 2
4085 2596 4
1541 4529 3
728 1310 7
3335 1506 8
4474 1459 3
3658 3707 7
2323 1785 3
2023 1533 2
2170 3287 6
2538 1811 1
1819 786 8
328 1172 4
2790 1759 6
165 3896 6
1400 4571 1
2373 4002 10
193 3785 3
1780 2489 2
4055 4414 7
4378 60 8
3290 2385 1
1433 546 2
2723 750 7
1031 866 2
1322 3699 7
4382 3867 3
198 1536 2
987 2967 5
1366 684 10
662 2579 5
2020 4290 5
2520 1353 3
1344 2869 10
67 664 4
3122 1398 1
2263 4505 5
3825 3974 5
3550 769 10
327 4157 4
4500 1709 6
18 1933 8
1508 3315 3
136 1889 7
2044 660 4
874 373 5
4434 1191 8
4383 2070 4
4038 489 6
753 3572 10
3640 1140 8
1342 207 6
139 4302 6
1154 1196 1
3775 2080 1
2923 1768 1
2265 2556 1
3590 3373 3
2778 3423 5
2089 3241 3
1560 3890 8
3286 406 3
573 2494 10
294 4398 5
4470 1842 9
4311 917 5
520 2924 4
2069 3323 1
2624 2065 3
895 650 6
2846 1430 3
4043 3439 1
948 2272 3
2321 3798 3
3368 1553 1
4570 3827 6
3584 2444 2
3820 3422 7
4320 3657 2
374 691 7
3426 1805 7
3654 924 3
4251 426 3
4154 4403 4
2952 3578 1
2115 1242 2
4132 2681 8
4395 2018 3
1305 1399 1
123 2573 10
1706 760 3
3504 3979 2
3467 552 6
229 4441 7
2342 2752 5
321 3748 5
4569 633 4
1599 876 4
1986 399 3
1137 668 4
4105 740 1
3665 3668 4
3953 483 4
1985 1719 6
1768 2602 1
1402 291 6
1041 1489 1
2117 357 10
1575 1505 5
1092 1983 4
3184 1130 8
2296 621 1
2106 4520 10
2307 3963 3
1650 707 10
1549 4014 4
4083 4377 4
3176 1234 2
1134 450 10
2598 3765 9
1380 4544 10
2245 937 2
3766 614 8
1932 4084 7
861 3482 7
3393 3569 5
2715 2867 5
4514 1792 3
1270 793 8
2607 1370 4
3063 2743 9
4224 3465 7
481 1748 6
