2061 2061
1619 619 9
423 800 5
2021 665 10
1690 1722 7
709 1765 1
1123 1896 3
1300 1570 2
909 1044 8
1398 1808 1
13 18 9
627 1829 2
677 1926 10
1781 1220 10
1856 1506 5
1753 834 5
1739 1675 6
1840 1370 10
1768 1597 10
1620 961 9
1651 1330 2
342 632 7
802 1850 4
1210 343 8
411 74 10
1107 1691 4
308 349 10
603 300 1
456 774 3
234 1751 9
1323 153 10
1124 1312 10
1705 1900 4
1635 1390 4
1811 1201 8
147 1227 6
1517 1360 10
1048 229 8
1358 228 2
1697 534 4
600 1271 10
1188 796 2
1895 578 1
1452 550 9
1286 1319 9
1723 1499 9
820 328 1
1485 1214 1
465 1130 2
1504 1604 10
85 782 9
664 2022 3
131 952 8
524 868 9
417 652 9
2014 1770 8
1035 235 10
576 866 8
617 297 6
1893 38 9
683 64 6
1445 623 10
429 1444 4
134 1335 8
163 35 6
1214 104 9
896 1840 7
130 190 7
693 1942 1
1040 1385 3
1790 535 4
1662 166 1
1126 1779 3
582 482 1
791 2004 7
852 679 4
1663 142 3
996 211 1
1309 1956 1
1712 1891 2
1226 903 6
335 970 8
1349 636 10
562 467 7
590 158 4
657 267 10
330 1002 1
1189 781 9
854 1389 9
1059 1951 9
759 1805 1
960 1856 2
698 1479 1
1749 1862 9
782 1630 1
2001 2027 1
845 1380 1
793 487 2
1145 318 4
1375 1830 7
42 2051 10
251 368 6
1544 419 1
2007 1410 8
491 1646 10
53 1254 9
1076 644 3
17 207 10
1502 1336 10
1428 1541 9
721 242 1
1324 526 10
287 316 1
5 1233 9
172 1304 10
1071 12 5
1744 1519 3
1884 1169 9
511 576 2
161 1400 1
1131 1866 9
1715 135 9
740 1472 5
763 1980 7
186 1142 6
2027 927 4
931 1660 1
1326 34 3
935 1539 6
646 810 6
183 655 4
1867 1040 1
1229 1247 3
382 1001 1
1337 332 6
258 1583 1
552 310 5
829 1085 9
181 707 10
460 901 7
1280 1032 4
1030 522 9
808 1490 10
1225 1762 9
1400 224 10
717 198 9
584 240 7
1216 1997 1
933 1899 8
1266 1902 9
1169 956 10
221 477 5
21 1860 10
1373 2 6
138 2030 9
419 1241 1
2000 4 1
1128 1234 9
1980 1041 6
508 504 8
1025 1750 1
668 1284 5
76 765 8
886 581 3
920 284 3
1802 8 9
872 815 9
2061 990 6
1786 833 1
2024 563 1
1114 1826 10
497 1608 9
1805 807 1
1448 1406 8
1885 1209 1
1081 1333 10
745 1693 9
1793 1109 5
1941 944 2
704 1533 2
811 122 9
303 552 10
1648 471 10
283 1971 9
260 1621 1
214 587 1
621 1634 7
1089 1535 10
340 1236 3
1853 1819 10
1945 2025 10
1360 670 1
607 847 9
1041 1632 4
630 595 1
485 1256 8
551 1343 5
824 963 4
1935 474 10
1235 2052 1
307 274 2
463 1601 9
49 968 6
1602 1363 9
1714 42 9
1612 401 9
969 406 8
1898 1963 4
1153 1048 5
1990 458 1
561 210 1
94 1936 3
1432 359 9
1876 1238 4
987 929 2
875 309 7
1529 45 1
474 1950 10
2057 1202 7
1005 720 2
232 1531 8
505 1934 10
569 1911 4
454 593 1
940 1939 1
515 1464 10
767 991 5
1240 508 7
1357 436 9
1763 1665 1
1819 1133 2
1733 1886 1
1541 291 9
986 1476 7
1476 562 5
937 672 1
1369 55 3
301 978 9
838 117 3
1050 921 9
652 292 1
1458 201 9
993 1184 10
1710 553 1
686 1408 10
174 1547 7
1198 399 9
976 688 9
1378 392 8
1596 1713 10
914 387 5
1725 1996 10
1984 262 10
1775 137 10
1244 1219 10
317 441 1
1261 1885 5
1182 832 6
1334 1887 1
1446 313 10
254 1379 10
1824 539 2
1129 263 9
1564 601 5
1015 1676 9
200 99 10
295 571 10
1237 690 1
596 1908 10
771 625 9
1578 941 2
1588 1203 9
1827 915 10
1144 388 9
195 1959 9
1396 1937 3
2036 634 10
877 786 10
345 1502 9
660 1882 1
449 160 3
1395 656 10
1659 370 9
337 1737 1
51 145 10
592 1876 9
1977 1415 3
43 1977 9
1919 983 1
1092 1986 3
358 1780 9
850 709 1
494 402 5
67 647 1
256 491 7
519 219 10
36 437 9
250 462 9
1426 1009 1
194 1622 1
389 144 6
941 1705 8
809 1368 1
499 31 4
122 1054 10
1143 643 4
938 449 4
593 618 9
1197 1503 4
977 1043 10
381 121 4
487 1007 7
405 918 9
80 1286 9
1674 329 9
305 2000 1
1595 1587 9
1683 1567 1
1995 984 9
137 532 4
1626 654 9
1259 1194 1
2034 609 1
226 783 9
235 1766 1
2049 791 10
1930 1154 2
1443 1775 6
407 1293 1
1336 200 9
1528 1664 4
1621 129 1
1508 58 5
1813 912 3
1302 222 5
1093 1306 5
69 1868 9
249 849 10
916 1366 7
1208 865 10
586 1262 1
237 907 10
1399 2058 1
488 1526 1
300 1497 9
1743 254 9
1748 1257 1
469 1231 1
263 1088 1
127 621 8
1096 1581 2
1791 338 10
1278 1496 2
1943 481 1
1913 985 9
589 1530 9
868 109 1
1410 1879 6
1873 773 1
1090 1694 1
1986 699 10
1738 71 10
435 2061 10
1359 355 10
1364 1456 4
957 101 10
1577 1072 3
953 485 3
103 1984 7
1108 1039 7
164 1915 9
626 1702 4
888 948 5
160 1948 5
1640 1344 8
890 1508 2
904 1099 4
1276 1958 4
7 90 9
758 460 7
1628 1522 4
1339 414 10
481 681 9
585 1310 8
1209 1975 2
1518 859 10
1074 1763 2
470 335 3
62 416 6
1290 1893 9
529 1030 9
862 651 1
1771 374 10
1562 260 1
1004 904 2
1946 252 5
1604 86 10
983 1468 10
2043 408 10
1344 1600 4
395 48 1
1845 589 1
1433 1928 5
1306 1735 4
947 885 5
1100 1018 1
706 610 1
192 713 2
1277 280 7
1777 1266 2
1731 809 10
674 1598 10
905 999 6
1896 232 10
613 1062 1
672 1461 1
302 155 8
1243 266 5
495 223 10
77 1481 9
1907 1955 9
1669 1973 1
1034 678 5
635 1645 9
2010 451 6
915 376 9
1253 638 3
1087 1747 1
1003 13 9
648 1399 7
422 209 1
1483 538 2
385 663 1
675 398 9
506 1258 5
956 407 9
1931 560 1
1494 455 3
1859 1924 3
1846 1811 8
1342 1375 10
1912 1897 8
507 1853 2
310 1289 7
676 549 6
1125 161 10
1103 561 1
32 268 10
1489 844 10
598 1199 6
1115 358 9
847 369 1
106 738 9
1902 393 2
1438 1027 1
764 469 1
1044 705 3
855 1985 8
324 1309 9
1587 776 10
394 1656 9
1151 1872 9
1766 1402 10
906 966 10
859 159 9
682 755 9
1844 1000 2
1020 1777 8
31 503 5
1947 758 5
437 1405 10
525 1480 2
1149 195 9
34 1647 3
1736 324 10
1548 1064 5
2056 734 7
101 2045 1
1759 839 9
1546 1429 7
1049 2038 2
1985 784 8
93 1265 7
1549 422 1
286 1726 7
1751 1709 10
1961 306 1
1573 1244 9
66 102 10
213 1591 9
1516 403 10
288 1577 2
1910 1421 8
835 131 9
514 1177 3
2017 1204 1
1284 701 3
318 731 3
1417 298 1
1901 154 1
926 1164 10
1764 820 9
876 1342 2
1561 63 4
403 325 9
992 61 10
452 1303 10
1829 516 4
1750 827 1
1909 1792 9
188 2028 7
37 1180 9
408 199 8
1582 660 8
665 1165 6
1948 1315 1
821 1338 1
211 1463 1
618 226 9
187 515 1
1655 409 8
208 9 1
2004 1859 5
1616 573 9
1767 270 4
9 1022 6
1615 1434 10
364 511 3
757 1944 1
1067 286 2
1481 164 1
874 727 9
867 421 10
1849 995 6
467 1484 10
1063 1264 10
421 1867 1
259 1016 8
963 1354 3
769 1198 10
1414 348 9
2013 906 1
1801 1383 10
778 883 9
1887 1323 2
1355 1051 1
572 1534 5
1215 1785 6
1457 1102 6
817 107 9
292 96 1
341 1579 5
975 341 3
1047 1678 9
1832 1528 6
1831 1452 9
1289 752 3
1386 1968 2
950 1378 5
1556 1250 7
1597 602 9
899 1549 10
35 265 9
1374 1143 9
1792 1724 1
1505 2006 9
1147 2017 10
314 1037 9
1754 533 3
741 1663 4
670 212 9
1022 987 2
1328 967 7
124 1167 1
535 456 9
1000 1345 6
1660 2048 9
1860 2059 1
1305 304 10
517 753 1
1774 675 9
1160 726 1
1437 461 10
537 447 5
1559 1145 5
386 1160 10
887 732 10
455 1651 7
464 902 5
780 1138 6
553 1422 10
1848 1546 3
1351 1907 1
22 650 4
1718 1855 9
1200 1783 8
1282 1564 8
1464 1743 1
1918 1685 4
577 1619 1
725 1364 2
1765 1112 1
1110 443 6
387 1500 9
1642 1802 10
531 1623 9
939 1755 10
241 1295 1
1557 1771 2
26 62 8
1916 1098 8
267 1413 9
1934 1759 10
1803 592 9
699 50 9
468 147 5
1847 659 1
786 1814 9
1949 1553 6
2046 607 10
1975 669 6
1513 741 3
328 205 9
482 314 9
638 1756 8
1703 463 3
748 204 8
443 856 7
594 15 9
1698 840 9
1288 674 1
1572 905 3
379 1652 1
1148 1910 9
1488 639 6
587 1719 7
2023 1807 4
212 448 10
1897 1946 5
711 21 9
1246 1384 2
1411 564 1
280 1460 10
1461 750 1
727 128 5
2011 876 10
1552 882 10
1221 1744 4
451 1200 2
955 420 9
1861 590 1
1187 926 1
1593 745 3
1299 120 4
837 283 9
1477 83 2
743 239 10
2008 1419 1
532 648 1
102 1901 10
694 1769 5
2025 1395 10
655 756 5
2030 1516 9
1498 180 10
606 73 2
1456 1361 2
870 698 8
1745 510 5
293 1447 7
908 264 9
159 162 9
84 1081 10
799 1974 1
1393 785 9
979 130 4
10 1746 3
788 177 10
1776 233 10
1900 1609 7
929 1195 4
1412 646 9
884 60 2
894 869 1
903 1092 4
1023 1820 8
703 702 4
1052 496 9
1746 457 7
1551 954 9
1028 1229 3
923 1501 1
282 435 1
1455 113 1
1010 188 4
1653 1181 8
650 2010 1
1789 2005 10
1239 125 4
1888 450 7
1841 1943 2
770 282 9
1211 640 10
1666 2035 10
284 852 4
1752 288 2
433 413 9
1871 1058 9
1727 1466 8
184 938 8
1923 1291 10
1158 17 9
1852 1446 4
1679 1339 10
1267 1010 3
891 124 1
1152 149 9
1405 1580 9
948 845 6
571 495 10
1994 811 9
1584 1686 9
700 1813 9
997 1812 9
730 1353 10
690 779 1
272 1015 1
530 1299 10
1170 1230 3
1627 1595 10
827 70 10
168 272 1
290 439 5
1681 1210 7
689 1569 10
1761 2049 9
1905 1962 9
2022 1387 6
1205 1741 4
1296 1082 9
701 1382 3
1553 1628 3
1742 1966 1
860 788 7
728 379 1
1696 431 9
691 1983 10
266 960 6
1032 943 5
27 1731 9
319 891 1
1056 2003 10
1179 1668 9
333 1992 9
1617 1073 2
1592 795 10
828 174 3
521 1024 9
832 1078 6
402 1329 6
373 544 8
1291 1104 10
1970 2060 9
895 51 1
1531 303 7
1045 1120 6
420 206 9
1842 965 1
332 1784 7
28 1825 1
1631 2023 5
1687 548 9
628 76 7
697 1270 2
240 551 8
1879 1348 8
175 1391 1
1439 1898 5
637 197 9
368 935 7
1599 169 7
1966 94 8
1785 1416 8
229 1877 6
1769 2057 10
564 1572 5
118 1532 7
360 203 2
936 1069 10
1449 1005 4
388 340 6
171 366 9
239 1047 9
1921 1809 9
117 429 5
2020 40 8
59 554 7
1183 59 2
136 1624 9
2032 238 10
350 1716 4
2047 981 9
1473 49 5
772 1706 1
1942 879 9
784 2007 3
1924 1703 1
723 817 2
768 1507 1
1624 894 10
191 1689 10
805 3 9
1140 1477 7
1470 743 10
1574 1555 10
1094 2008 1
667 531 9
1402 555 1
798 67 9
478 1341 3
749 231 1
602 629 9
1795 320 3
913 673 8
321 1504 9
1783 1049 7
1581 1255 6
800 1649 10
1435 1398 5
1491 528 2
1894 558 3
1001 1207 1
365 922 1
397 315 1
1251 1079 4
620 939 9
1664 1727 6
1569 1510 1
779 1679 1
578 330 9
1511 1249 10
889 863 1
520 1699 6
1787 181 1
1161 2041 9
616 1548 2
415 1340 9
112 1782 9
58 2020 1
170 1283 10
216 683 3
1903 763 8
1242 37 3
1171 1505 1
322 1260 5
1647 557 4
1122 1327 9
1117 293 9
1866 2039 2
121 1586 6
1297 759 9
1042 1122 10
493 1474 6
248 1409 9
636 417 1
252 1279 1
1247 890 3
1643 1259 9
656 880 1
1499 151 1
1928 1712 8
1219 1252 1
557 542 10
1303 1374 7
1404 110 10
707 152 9
152 708 1
912 661 6
1547 294 8
1720 588 1
794 1358 9
1899 1224 6
48 1017 10
1471 1188 6
406 391 9
1146 1489 7
180 947 10
1634 1512 1
1610 1137 1
1478 1844 8
285 1113 1
1542 1431 9
580 386 9
304 33 10
1264 171 10
331 527 6
645 2026 3
998 237 10
347 798 10
224 1111 10
167 505 10
1390 1459 7
951 256 10
1423 1916 6
425 580 9
973 657 9
366 889 1
642 854 4
995 1927 8
1726 1662 2
579 1285 10
89 1767 10
1281 1417 9
1629 980 1
1027 1871 1
942 28 10
362 1492 10
1667 1658 10
1356 760 1
1521 395 10
398 1071 1
1484 243 10
1609 1618 2
40 322 7
1227 1574 6
1213 1559 4
1719 888 2
1543 1745 4
1815 1163 6
509 1424 1
1255 1174 2
1575 390 8
2002 1738 10
1713 385 9
1656 468 5
95 16 8
1406 25 3
949 1529 10
1964 87 1
1085 667 9
853 957 10
338 7 1
123 1183 3
746 924 4
377 1317 10
714 1478 2
1825 1558 1
574 514 8
1274 1606 10
1467 567 4
1341 964 4
989 1757 6
1540 445 5
1269 1823 5
1717 1644 6
414 1462 9
154 1847 1
685 874 8
1708 1573 9
1649 218 2
1874 977 1
11 1790 3
843 1331 10
1823 1110 5
339 1935 10
189 1381 5
1442 1020 1
142 245 2
1501 689 1
1271 836 9
396 134 8
1166 1430 9
954 187 10
1082 1377 6
631 989 4
1623 872 9
418 1560 10
306 167 9
959 1095 1
733 1263 2
483 466 9
75 106 1
1622 178 10
581 615 3
298 2054 10
1567 1251 1
1233 1412 4
412 440 10
151 1035 9
1724 1957 9
911 400 10
20 290 6
1204 415 10
313 525 6
575 1527 8
1014 1083 4
1060 1795 1
773 194 9
1142 1954 6
1810 1107 1
1422 1372 1
490 411 9
165 862 2
1383 1298 9
1965 1796 9
1268 757 10
842 479 10
269 1123 7
1784 565 2
591 583 4
1011 1883 10
1926 2037 1
568 1206 8
217 911 9
708 958 9
372 1945 10
2009 633 8
1425 1435 5
624 1031 10
647 418 10
46 248 8
1530 1788 1
1728 1443 5
696 769 4
1340 1155 9
2059 1347 10
816 6 2
404 1633 10
705 626 2
1914 372 10
1118 365 10
599 959 10
1770 1153 2
974 1988 9
1630 668 5
109 2015 9
1377 1537 8
1088 1089 9
641 1470 9
781 1404 1
1192 220 1
1453 425 1
834 1433 5
1756 1822 5
790 537 1
1645 1620 9
2018 249 1
1304 530 3
348 822 3
1436 519 1
1262 777 7
1185 89 3
1650 1701 9
1906 1611 5
363 751 10
1139 344 5
2026 1894 5
1024 614 1
2005 801 9
238 1670 9
1936 1804 9
1095 1674 10
1987 1740 1
1804 1093 6
1996 1171 9
634 772 9
1418 331 9
430 494 7
661 1076 6
1387 1190 9
222 1933 1
1613 1774 6
261 2021 7
819 1801 9
1385 279 1
74 1931 1
1797 1723 10
1451 1205 8
1037 333 1
751 2024 1
245 108 7
1077 825 8
182 710 9
1454 81 1
255 1014 5
510 2014 8
357 11 9
1892 78 10
1863 993 10
943 628 6
1409 2011 2
1333 1156 10
777 979 5
1585 1732 10
901 302 10
971 653 9
157 296 5
1270 2042 3
1346 764 10
1668 1903 10
472 579 1
1199 1175 6
1223 1979 5
871 289 7
1658 1657 9
1700 1453 10
155 1540 8
1956 1094 10
614 1351 1
1670 88 1
316 1786 7
622 523 3
787 1976 10
1611 52 6
253 1571 5
265 1282 2
1008 2053 8
1535 540 10
1313 1990 1
597 828 3
1193 1923 10
91 196 6
1293 1616 10
45 846 1
1512 253 5
444 851 4
1618 664 2
1111 543 1
1818 1313 1
1891 1311 4
844 733 1
1083 352 4
243 1218 4
1958 1026 10
1974 1717 8
1420 808 10
1319 1625 9
1173 2056 9
1839 1004 7
225 600 10
1997 1322 10
1113 768 1
544 221 2
878 1947 1
1064 1287 6
1490 426 10
1983 244 10
512 497 1
376 976 9
1260 517 10
277 1396 6
371 1458 5
879 30 10
427 662 1
1335 816 7
114 255 8
1933 812 7
825 1067 1
1576 804 9
1311 1033 4
1325 536 6
836 630 10
233 1269 4
639 1758 2
695 1673 9
1248 861 1
547 1052 1
864 1318 9
1828 1 6
654 1654 1
902 1131 10
1625 378 10
1550 1688 3
1031 1106 1
752 997 3
1075 1517 10
1370 357 5
738 173 1
1988 66 1
1441 2036 10
1982 2019 10
2051 857 10
352 1139 7
1434 1246 3
651 1614 7
958 1551 9
2058 585 6
156 1162 10
64 459 10
218 1578 8
1883 1367 10
1865 1495 1
1510 766 1
1940 412 9
462 91 6
1026 1172 4
231 1607 9
1855 837 1
1165 1119 1
1440 850 10
1503 1754 2
1006 1437 1
72 1074 1
289 642 5
501 2016 1
1154 1407 3
457 1734 1
538 1280 3
1241 1932 1
1102 14 1
823 339 10
839 1538 1
831 396 8
1331 2047 9
110 362 10
944 1821 4
1427 1511 9
291 1736 10
1858 955 1
153 1365 4
1706 295 9
436 722 10
1915 382 10
1862 864 9
846 143 9
1495 1982 1
299 1324 1
434 1687 10
1231 19 1
754 974 9
1135 1182 1
548 1288 9
1678 434 1
1472 574 1
1046 1144 6
1808 337 5
1812 498 3
775 273 7
1833 1253 4
4 472 9
1798 1097 1
1294 1245 9
315 1638 10
400 1993 1
789 1068 9
611 1714 10
869 501 10
1526 1226 5
1301 141 10
1571 767 7
720 1834 3
1757 909 3
496 1125 1
351 26 8
143 962 9
210 1884 1
1194 84 1
1600 1852 4
922 258 9
179 814 9
1178 1176 9
856 1669 3
327 1596 10
98 855 3
1886 225 1
851 1397 4
1419 1989 1
2012 1845 9
461 488 10
898 1917 10
583 1117 1
893 749 10
111 2044 2
724 1794 5
60 1995 1
370 1420 9
1150 1892 1
1699 483 5
1917 46 6
476 1760 4
1672 1554 1
223 1025 10
1932 1919 1
228 919 2
2035 1544 1
1809 2012 10
1661 712 6
796 179 5
528 1096 7
1002 82 1
1701 1075 1
1583 1961 9
1835 1087 9
1605 1797 1
1353 1438 9
294 704 10
185 54 1
1104 1038 10
73 1276 4
1029 373 3
390 1393 8
1397 831 1
1468 1403 1
132 1388 1
1220 1698 1
1532 1874 6
56 761 5
1497 1147 9
550 1237 9
2040 1978 1
176 693 1
1482 1753 4
38 853 1
1972 730 1
1594 1103 10
1607 887 9
1407 838 6
480 1752 6
1238 1810 9
1380 586 5
623 1642 10
795 1003 9
753 1575 10
1070 446 10
1348 502 6
323 617 6
1691 1793 3
1579 428 3
2039 1105 1
486 687 10
39 1328 10
1519 568 9
1614 875 4
479 566 9
739 1013 4
756 824 3
409 123 5
1212 1307 3
207 881 10
813 156 1
968 1228 4
615 972 1
559 39 8
1329 105 3
1138 1798 7
830 1764 1
1881 172 6
383 1274 1
108 424 6
735 53 4
1163 126 2
1872 1127 5
2003 1454 1
965 604 10
1098 423 10
1716 598 7
116 691 9
1568 1042 1
1372 1191 9
477 1359 3
1967 754 1
375 182 1
1555 867 5
1822 133 5
1401 299 9
1989 1192 1
1250 1815 3
1186 933 6
1097 793 1
1654 1356 9
671 547 10
962 624 9
29 1778 9
343 189 2
1099 1425 5
1295 1938 2
1159 377 10
1195 1683 5
541 1842 9
271 1321 10
1217 886 2
242 1450 10
1384 1061 6
554 1451 5
1019 430 1
1403 677 9
1038 367 9
692 1278 2
588 1733 9
673 1599 2
797 1411 7
57 739 2
203 278 3
257 830 1
204 1839 2
1367 247 1
1773 509 9
990 1392 5
1371 910 9
1263 234 8
966 36 1
716 112 10
742 797 7
1969 241 3
833 1325 4
1273 1875 1
1741 1045 7
1130 1185 5
1496 1803 8
928 116 10
1431 986 2
61 666 9
1068 596 10
1343 192 1
1033 605 5
644 1334 5
374 312 7
391 616 10
930 1858 10
1174 1373 3
1938 826 5
1308 1671 6
1463 397 9
526 992 1
806 716 2
1079 499 6
539 1483 1
334 1612 2
24 1006 6
907 1720 1
196 2033 7
380 1301 5
1228 1849 6
726 1401 1
2033 1222 1
1450 1895 10
1265 127 2
1911 1267 3
1772 1115 1
1084 464 1
336 718 5
177 465 5
1162 1824 7
534 1799 6
1086 1909 10
148 1243 3
1702 975 8
63 1186 9
1168 1525 9
244 1193 10
1978 778 1
687 1090 4
1506 1912 7
1671 1929 3
1157 1132 10
1799 5 9
1522 186 9
471 1371 10
1080 1800 6
169 380 1
952 1906 5
1415 916 3
994 389 7
1652 973 10
1806 1666 10
1558 454 9
1275 1487 7
1312 671 10
162 1639 9
1091 1635 8
1062 1627 9
1180 140 8
932 1100 1
1285 132 9
145 899 10
247 695 1
1675 1239 7
1734 982 2
810 1215 4
1155 1602 1
1347 276 10
2016 1680 1
1820 1414 5
68 1648 1
1460 1475 1
44 1904 2
731 163 5
540 721 9
1486 1582 7
1991 1590 4
1013 1308 10
1500 723 3
475 56 1
608 1349 9
2052 706 1
840 271 9
984 703 5
416 1515 7
892 697 8
326 1223 10
1854 1011 1
453 208 2
2019 1436 10
1877 1034 5
1993 1880 1
1493 250 6
1043 364 3
1320 897 10
1580 1772 9
1310 1615 7
1465 1158 9
1998 942 10
556 307 9
1590 1418 8
1447 934 1
1563 202 7
1184 1196 9
1487 1296 9
991 1941 2
1361 1277 2
65 1584 1
1925 1697 3
1814 1659 1
99 1589 9
1444 1101 5
1537 150 4
1318 1964 9
1365 1545 3
1424 858 1
1474 746 5
1534 806 3
900 1730 7
392 1920 2
718 1482 2
1236 1667 4
513 361 7
438 998 1
1566 1749 9
1960 1060 2
86 23 10
1533 1832 4
546 714 1
1053 165 8
1222 350 6
227 803 9
346 1566 1
33 356 1
1120 381 7
1283 1232 1
1762 1441 10
107 1640 6
1821 813 9
560 1905 1
985 724 7
1955 1432 10
1560 1965 1
1232 1440 1
1408 789 9
536 1684 2
146 594 1
1224 1126 9
440 728 1
105 371 7
747 2013 9
450 900 9
1321 937 9
1732 719 1
1039 1925 1
678 1448 8
1758 1828 6
679 2055 1
2028 631 2
297 251 1
729 1854 10
1257 1864 1
880 47 1
1416 1636 6
325 1863 9
1740 1428 10
1639 1781 1
988 928 10
1317 405 9
296 1135 9
2 1952 8
1843 1715 9
1689 603 9
861 1921 9
1352 1439 5
1119 740 6
734 692 6
41 608 9
1141 715 9
558 584 5
202 1509 4
659 1970 9
669 971 5
1864 275 10
1838 404 3
680 1179 7
2053 1513 5
1051 170 9
516 1449 5
1755 1773 1
1203 682 9
1957 521 9
1780 893 9
570 917 9
129 1116 10
1826 1768 9
555 1149 9
818 1672 9
1730 1084 2
1391 138 1
1850 1362 8
873 920 9
1065 1841 8
23 2040 10
1695 301 1
1480 1493 1
1868 1326 3
503 1121 2
199 575 9
262 1563 10
1890 433 5
1684 1870 8
356 1036 1
924 2002 9
384 334 8
498 676 2
264 1157 1
1882 1881 9
883 410 9
81 1536 9
1737 118 8
1922 115 9
1252 524 9
702 1848 2
1109 1151 5
1202 103 4
1968 1520 5
1591 1994 10
1904 780 5
1952 1488 2
1116 319 9
970 507 4
1979 1337 3
1181 1603 8
205 1268 10
978 1178 10
25 1197 6
972 1631 1
1279 93 1
55 871 4
710 949 1
722 996 9
1201 79 7
1686 1729 10
1009 1066 10
601 645 6
2041 1086 1
359 613 10
1254 72 2
1462 1159 10
1018 336 4
484 572 10
1954 742 7
206 1787 10
1539 1613 8
982 570 3
215 1543 2
1021 1789 9
6 1721 6
424 183 8
1392 1953 7
910 383 9
459 696 5
30 1455 9
518 442 9
96 1592 1
82 529 1
1693 1523 5
140 1888 6
563 1294 1
1292 1556 6
197 923 10
1880 363 9
1830 843 8
447 794 10
625 1129 1
1953 892 4
92 1972 9
1939 1465 9
1857 215 4
1363 1605 10
1466 1213 10
1272 1216 10
545 1427 9
97 157 10
88 92 10
1191 176 10
1366 486 10
100 1865 9
573 823 9
279 111 9
737 1514 1
2006 1843 10
1389 2043 9
329 346 9
658 65 9
1927 1653 4
399 148 4
719 321 10
439 1070 7
178 1922 10
882 438 9
565 484 3
1608 771 10
442 637 1
367 1643 9
466 792 4
801 829 9
527 684 7
543 877 9
566 1873 9
201 2031 7
732 1281 9
1105 360 1
1565 500 8
1016 2050 3
2029 969 6
1515 559 8
128 1890 6
1760 1637 1
1878 175 1
1134 230 10
1586 513 9
1332 493 4
1078 1960 5
2015 736 10
1492 1485 1
473 1524 3
866 57 1
1779 1053 3
1692 1029 4
54 729 1
1807 259 3
401 735 5
1509 22 3
1469 1837 9
1992 1150 9
492 1212 7
1632 835 5
1665 951 5
934 261 3
1875 85 7
633 506 8
897 541 9
804 1305 10
1057 1700 10
428 1008 2
1376 612 10
1017 762 9
980 1148 7
1316 353 1
1133 1739 6
999 2029 2
1920 1629 2
1354 98 8
812 685 9
653 1077 6
1177 1275 1
1514 1987 10
1298 217 10
311 1055 6
1338 1588 1
18 308 1
1101 622 7
1066 1355 9
139 582 1
353 898 5
1475 97 2
1694 1369 10
1479 1261 1
549 1991 10
981 1846 4
115 1518 10
522 770 10
150 1065 4
119 1838 10
917 1173 2
1218 478 10
2048 611 10
90 1235 1
135 246 10
1196 1248 1
1636 1221 3
1072 1833 9
1729 1704 10
2055 2001 3
19 191 1
858 185 1
50 725 1
1869 95 10
1637 1471 8
919 1170 5
104 821 1
281 1445 10
1190 1046 6
1778 895 10
446 1610 5
309 1332 2
619 1967 9
925 1300 6
3 1114 1
278 680 5
1641 285 1
629 1211 1
1322 1290 1
198 77 1
815 1748 9
1368 1272 10
783 818 10
432 1208 9
355 269 8
612 1128 1
1167 27 1
1685 1273 4
609 841 8
1525 1059 9
410 489 10
1747 1457 10
1711 427 6
1538 327 1
458 931 10
1976 1718 10
1536 1827 1
1870 546 4
841 1494 1
1172 1023 1
1 2032 1
1058 75 1
504 591 6
1523 1913 7
1545 1442 10
750 139 10
441 1836 10
1507 136 1
1606 1357 9
369 787 1
1132 1914 10
1782 1152 5
1570 1386 5
927 953 1
1721 323 2
776 1314 1
78 1725 9
766 305 9
1794 775 8
1908 1791 10
1245 1682 9
273 24 2
378 1063 1
2045 1521 10
502 1617 5
2038 114 7
1012 193 1
1388 717 9
1638 354 10
1362 384 4
1644 10 8
1646 1019 7
762 1161 10
268 68 1
1962 1806 9
688 930 10
715 512 1
445 214 3
149 184 7
141 326 9
542 1350 3
1175 1690 7
12 1711 4
849 1136 1
1688 1851 7
166 1561 3
1527 1728 7
1429 627 8
1959 577 9
246 940 10
349 1576 1
1350 2034 7
1327 1626 9
885 1661 9
1394 394 10
1722 311 2
120 1423 10
1307 1467 8
1598 599 9
1345 913 3
1112 1562 1
1837 1692 5
230 1816 9
2044 994 8
945 44 7
83 597 6
144 520 1
774 860 4
1421 1761 8
1156 1818 9
1137 1108 1
1381 1292 4
312 342 3
1524 790 8
1800 492 7
1315 1352 1
1682 805 1
354 1568 9
1817 748 6
662 1981 7
1249 658 10
8 641 9
52 896 5
79 1593 9
1796 1225 1
1206 870 6
1709 1817 5
1735 932 9
87 1141 9
881 227 1
1207 1187 9
275 819 1
1136 1999 10
785 119 1
1603 569 2
1707 29 1
807 1189 1
918 32 9
276 635 1
125 945 5
632 476 5
413 694 1
1676 988 9
70 146 10
765 1776 9
2037 168 10
964 1655 1
1981 20 1
448 2046 1
2054 41 9
712 556 9
666 1050 1
663 1012 10
848 43 4
1951 1641 1
1657 453 4
1164 1552 1
1073 1681 5
1459 1473 7
946 1166 9
755 1695 10
1836 914 3
1973 1677 5
489 347 1
1816 100 1
219 490 1
1889 1118 10
1330 1949 5
320 878 4
2050 1302 3
133 1835 7
344 1969 2
173 1056 1
1061 1394 8
1851 69 1
16 848 3
649 1708 10
1121 1028 6
1999 1021 10
863 1650 10
761 1869 7
826 1918 5
126 1491 6
2042 1857 7
814 317 2
792 1316 3
2060 744 9
1382 236 6
595 1585 10
14 470 1
822 1217 8
193 737 10
1677 1469 8
47 1594 9
523 1091 7
760 375 9
1413 946 1
1258 873 5
684 802 9
274 950 2
1176 345 1
220 1168 10
610 432 1
15 747 9
270 606 6
1554 1297 1
921 1134 10
681 1742 3
1230 277 1
533 1930 5
190 452 4
1788 842 9
1929 1861 8
857 545 1
1680 1940 1
71 351 7
1007 799 2
1520 1498 4
604 1124 1
500 1542 1
1055 473 9
1704 1707 9
393 2009 1
158 1550 5
1234 1057 9
1106 1376 9
713 1080 6
640 686 9
1256 1242 10
1950 1346 9
803 1320 9
209 1710 1
1601 884 9
1834 1146 9
1036 711 10
361 700 1
736 518 9
865 620 1
1069 1878 1
1287 1565 8
431 649 10
1054 1998 10
1963 1140 7
967 1557 9
1937 925 7
113 80 10
1944 1426 1
426 908 9
1589 1831 9
744 2018 10
1673 1696 10
1379 936 9
1971 1889 10
1430 257 1
961 213 1
1314 281 1
1633 216 7
236 287 6
1127 444 6
643 1486 1
567 1240 8
605 475 3
2031 480 4
