1245 1245
345 621 3
781 1122 5
310 979 2
958 492 5
1050 226 7
76 810 2
536 54 7
312 234 9
440 528 8
690 881 7
1 638 1
532 1183 10
10 708 8
296 18 10
26 188 5
1075 761 10
867 938 8
75 74 7
235 932 10
115 818 10
1168 101 5
1045 156 4
302 759 6
669 1170 8
980 108 2
404 106 10
973 924 9
591 668 1
1188 786 8
1157 484 2
872 58 7
578 194 2
481 781 4
1044 832 1
322 732 2
1210 1065 2
941 265 5
63 1117 9
612 644 1
701 673 9
762 1226 5
621 5 8
61 128 5
433 395 1
697 462 9
93 773 2
552 964 5
135 375 5
163 815 3
169 177 7
661 340 8
495 1177 2
480 819 2
946 601 10
931 1039 10
73 623 7
1178 127 1
865 202 3
113 356 2
744 1040 3
1017 529 10
1081 1082 6
1098 930 8
338 614 3
196 816 4
976 506 7
1129 1192 7
1029 1156 2
696 712 9
48 1005 10
1073 919 3
631 746 2
405 203 6
45 457 1
1241 636 4
543 1008 1
357 474 5
1074 1159 5
1028 1110 4
46 199 3
107 283 2
524 1176 5
1035 472 1
796 247 6
706 437 10
1080 268 5
893 103 4
812 857 8
268 440 7
434 982 5
599 996 3
889 476 2
553 935 7
342 317 2
215 827 6
22 435 5
478 723 2
997 428 3
485 272 7
544 779 6
468 1210 1
422 49 2
670 955 7
1176 60 4
684 1089 6
1235 734 5
590 618 3
212 813 4
844 1239 10
1239 791 10
86 1010 3
1051 1055 5
986 928 8
82 150 6
25 726 9
615 455 2
297 326 4
1121 809 5
579 909 2
519 897 7
95 195 4
1216 500 4
448 537 8
461 509 2
642 179 6
1008 517 8
335 1102 3
493 1097 5
971 596 2
410 394 2
655 646 5
1078 608 6
49 591 4
759 704 9
1194 1006 2
227 1223 4
85 789 4
201 694 10
882 410 3
623 632 8
213 228 4
766 1150 7
277 328 6
745 30 6
968 1127 6
837 1054 8
261 1135 8
457 1014 6
252 379 8
112 88 8
770 1208 10
431 1109 7
242 860 8
530 452 6
1212 886 10
777 370 9
197 696 1
1174 8 3
699 1157 9
966 208 10
728 479 7
993 572 10
141 304 2
909 799 2
336 305 10
686 16 10
498 960 10
282 574 9
1020 416 3
571 1134 8
877 590 9
288 100 2
764 564 2
221 225 5
735 98 3
56 193 7
1014 941 9
53 488 9
420 348 1
952 1018 10
400 925 4
305 466 7
1181 1091 4
835 844 3
874 903 10
356 872 2
538 895 7
929 876 6
84 1007 5
862 400 3
811 192 7
285 386 8
807 531 7
116 463 2
741 610 5
344 1119 1
632 475 9
817 1193 4
829 445 10
429 1107 8
157 762 9
303 184 1
1123 1057 6
144 413 10
409 929 4
452 232 6
698 1076 6
300 575 9
1209 489 3
729 615 1
1127 865 3
1226 464 9
804 1025 6
231 659 2
779 1197 8
1200 721 8
780 679 6
307 87 3
550 345 4
562 1088 2
435 684 10
573 32 2
1124 1153 6
682 926 8
984 836 1
848 310 3
1113 380 9
50 642 5
566 422 8
933 637 5
92 61 7
948 396 8
518 24 7
937 1073 6
821 456 8
793 695 7
195 823 8
1018 264 10
1175 1000 6
981 907 9
1040 166 7
537 17 5
7 85 3
70 1087 1
275 862 8
90 830 5
68 505 6
1054 368 6
917 1196 8
2 89 5
774 13 10
582 736 1
1192 557 7
438 797 7
381 911 3
1193 551 9
585 190 9
311 1179 5
876 1050 3
1237 965 7
442 840 4
131 645 6
887 1027 6
665 548 6
1092 1130 8
280 1023 6
394 45 7
460 441 9
503 556 7
1213 589 9
758 603 6
547 1071 1
474 541 6
159 303 8
351 498 8
218 751 3
365 625 10
54 443 5
828 634 8
895 757 6
738 1009 8
748 717 10
248 740 5
1182 44 1
439 765 7
704 339 2
528 739 5
224 1175 6
616 343 3
437 219 2
178 588 4
32 296 10
633 1104 7
188 40 6
939 107 2
635 1191 6
142 238 7
510 834 10
274 342 8
576 239 3
680 9 4
1146 382 4
1141 631 5
165 693 4
117 63 8
243 1161 3
426 286 4
1032 347 10
695 535 8
763 29 8
121 550 1
832 957 5
919 546 3
492 20 4
449 978 2
326 316 3
628 314 8
229 1081 4
897 121 2
24 715 1
379 320 10
826 976 4
873 1061 10
627 585 4
1031 745 5
554 869 4
869 14 7
915 451 9
372 131 9
1117 235 3
639 1084 6
176 496 3
995 794 1
272 947 3
1140 988 2
618 1106 2
922 473 2
960 1075 9
1147 66 6
450 403 6
921 124 8
1233 242 7
884 111 9
716 372 2
643 133 4
430 950 3
789 942 5
1148 461 7
134 76 1
1130 1099 7
747 931 10
1030 870 7
540 878 4
740 735 7
318 465 6
171 864 10
957 1169 6
1156 666 8
168 41 9
417 99 6
718 335 3
284 42 8
1132 73 3
918 248 9
810 949 5
794 986 5
325 1240 3
1105 661 5
830 250 7
1243 75 4
517 290 8
259 577 7
1093 204 9
750 677 5
1120 276 10
506 561 5
175 1070 10
271 1181 1
689 728 4
935 750 8
373 48 2
1016 649 10
663 187 7
1060 953 4
172 511 3
52 1200 6
1094 251 5
34 525 2
44 729 1
583 281 4
15 1242 1
55 460 1
673 354 6
1097 999 8
249 1187 7
803 1096 10
294 1188 9
230 51 4
907 425 8
1169 1231 8
1139 1184 10
1079 273 5
1088 675 2
934 1047 7
416 110 5
136 357 4
936 733 5
767 453 3
1150 532 5
985 1074 1
182 555 10
652 336 1
217 50 2
363 1211 4
879 771 9
383 510 3
751 727 2
1086 1235 3
947 112 1
845 852 10
603 576 7
1242 538 7
161 609 6
491 902 6
565 837 7
23 959 1
60 1166 4
486 97 3
132 385 7
559 361 7
1076 842 6
91 419 5
483 592 2
191 376 9
477 172 2
525 391 5
605 171 2
441 540 6
737 123 9
854 487 6
205 884 6
622 309 6
1007 1044 6
43 598 9
1115 1095 10
38 227 5
574 1038 1
88 421 3
1023 82 4
954 499 9
418 125 10
548 899 9
1207 680 4
851 893 5
672 651 6
1082 330 8
1001 19 5
1133 1013 2
569 409 7
861 998 10
306 831 1
1011 359 9
1153 504 8
445 1148 8
1167 295 6
1119 35 8
760 682 7
956 1043 7
190 2 4
842 584 6
502 971 4
1000 974 3
901 233 10
106 399 2
264 890 1
120 46 7
994 424 10
374 1120 7
850 266 6
1026 1154 1
846 393 10
149 1139 9
260 258 4
41 1026 3
77 255 9
211 1173 2
702 1029 5
742 287 4
1003 887 5
1025 69 4
534 543 7
360 21 2
497 652 4
62 800 8
233 72 7
542 647 1
187 341 6
949 315 4
164 744 9
1103 481 10
1197 713 9
150 749 1
527 595 9
81 439 7
963 619 6
1101 338 10
904 882 4
1116 185 1
1206 825 5
361 822 7
726 685 9
1058 471 10
489 267 9
158 752 4
96 80 4
678 912 9
866 530 8
487 571 3
892 450 8
961 274 2
189 1144 10
756 1035 10
1236 731 9
648 863 2
128 1185 1
58 994 2
1089 55 2
348 68 6
753 292 2
167 1080 5
11 722 9
903 207 7
533 962 2
928 1092 3
849 539 9
232 282 2
987 96 1
1085 306 9
800 725 9
237 351 5
160 71 4
647 114 3
496 360 4
526 914 1
791 374 4
521 985 8
59 945 9
401 605 9
347 352 6
687 181 9
1220 371 9
825 579 4
319 206 9
1190 775 5
1151 162 1
768 468 4
1205 1138 1
855 10 10
27 1041 3
516 388 5
644 1141 2
1122 322 10
183 1067 1
593 448 9
138 39 9
223 622 3
823 344 4
1195 490 9
989 544 9
1154 231 8
377 269 8
736 635 4
31 434 3
990 599 3
514 968 5
555 319 8
656 458 1
1191 1068 8
685 657 10
327 896 3
419 1011 10
1095 334 7
339 67 1
531 84 6
944 798 5
397 220 4
466 1195 2
97 109 6
321 167 5
1002 92 5
129 93 2
927 1180 10
146 854 5
290 240 4
899 850 10
320 849 6
1159 25 6
166 346 7
885 701 2
250 252 5
262 566 4
840 420 2
137 469 10
406 417 9
94 594 3
813 1199 2
731 1232 8
967 1129 4
1211 671 7
853 1017 9
856 174 1
453 883 4
721 915 1
314 431 9
209 991 9
216 1221 1
1245 81 2
369 6 9
1218 519 2
1204 404 2
733 674 1
662 1124 2
638 709 2
19 724 3
390 853 8
769 1012 9
204 995 2
978 446 1
943 151 1
586 772 1
675 1227 5
991 381 3
563 366 9
589 518 6
600 989 5
1057 768 5
413 1230 9
1186 774 5
253 28 5
444 216 1
734 973 1
805 215 8
1184 565 9
287 1019 7
292 189 6
880 1202 9
522 920 8
236 1042 8
6 211 10
1128 120 1
657 1063 6
399 1190 3
1043 137 6
658 152 4
207 261 1
1015 1213 8
16 1186 1
225 514 6
523 70 5
617 90 8
299 1225 10
775 527 1
239 1219 4
815 115 5
1135 1244 4
153 868 5
594 767 6
945 173 5
352 1015 3
1036 158 8
28 582 8
790 180 9
1042 567 5
894 129 8
925 183 5
1099 602 4
940 662 6
572 1004 4
902 332 7
802 997 4
108 301 9
1012 688 4
184 502 7
350 808 8
40 390 6
13 483 4
202 1136 4
152 983 9
1064 436 5
587 94 3
402 522 3
247 975 10
408 583 9
792 656 10
427 913 10
567 312 7
140 954 1
999 861 2
714 214 7
1039 210 5
407 580 8
816 873 4
778 843 3
241 918 7
836 113 5
1052 627 6
932 486 5
501 418 9
415 620 4
47 224 4
265 670 10
330 900 1
463 871 1
539 626 7
581 236 3
65 743 7
387 122 3
964 741 7
1021 1032 9
549 34 6
291 3 4
1053 364 5
1062 742 8
151 706 3
1143 1020 7
911 480 6
910 520 2
366 560 1
74 769 8
380 764 3
467 155 4
105 198 8
595 65 2
36 753 3
710 879 8
177 170 6
1009 1174 10
730 333 9
1033 1162 9
923 1133 9
724 1113 1
746 569 9
913 547 5
626 105 4
560 691 1
484 1098 1
712 1158 9
1142 503 6
610 568 9
244 12 9
834 126 2
1071 168 10
926 554 2
118 1237 7
965 597 2
119 86 9
309 951 9
782 993 6
634 135 9
1112 901 4
613 1228 6
1065 1146 6
193 558 4
942 633 6
1203 512 1
362 141 3
371 611 6
972 678 6
349 967 10
1114 1171 5
226 501 4
564 578 8
1090 570 3
109 95 10
651 1209 1
596 299 1
868 796 4
346 1064 4
878 497 1
640 271 9
1149 1103 1
133 710 6
1096 801 9
403 1116 3
1005 11 4
561 139 8
368 990 9
423 308 1
608 355 2
473 655 8
358 885 2
752 494 3
707 397 10
1144 263 10
841 905 8
700 628 4
863 563 2
270 817 3
570 756 9
459 521 8
228 159 6
78 459 3
411 1077 9
860 1121 2
666 1031 5
194 1118 8
646 284 8
1189 939 9
313 154 5
316 1215 2
785 1046 3
1061 892 2
1100 1111 1
1221 977 8
181 33 7
222 285 5
881 961 6
602 807 9
679 102 4
337 27 5
1231 1090 6
1201 607 5
1063 369 6
206 1069 2
1083 64 2
1118 1033 4
110 175 3
592 104 9
871 904 9
977 1093 5
786 1085 6
507 981 4
924 758 7
629 146 6
833 294 1
772 699 4
246 667 10
959 262 5
1162 958 3
328 507 6
447 703 5
896 1021 6
398 244 3
801 79 9
951 747 3
126 405 6
709 136 3
500 1182 1
20 692 2
705 52 9
888 1163 2
1107 828 10
930 83 6
30 1022 5
653 874 2
412 845 7
170 718 7
620 1236 9
1027 804 10
723 130 5
156 711 4
51 78 10
370 1002 10
258 523 6
1137 482 6
1240 324 7
1163 922 1
1136 790 6
508 720 3
71 927 3
428 856 10
1072 1145 8
1068 980 8
145 148 6
278 1059 9
683 77 4
488 325 1
1138 147 4
14 629 3
462 182 2
715 221 7
953 698 1
950 987 10
12 1160 3
1048 218 10
1224 138 4
831 943 9
139 1 2
1102 229 6
761 829 10
4 686 10
852 298 6
962 383 5
304 245 4
691 616 7
80 1212 10
198 910 7
155 1126 10
1171 803 3
890 716 8
625 1147 4
597 880 9
1228 524 6
664 398 5
607 946 10
577 23 10
432 586 2
557 392 2
98 776 3
1087 1016 10
1172 302 3
773 660 8
1215 755 9
1084 26 9
676 160 1
739 1142 4
424 664 8
1034 1056 3
392 936 4
1013 1152 8
520 859 4
42 259 7
529 1241 8
694 1131 9
18 478 6
717 1112 2
864 384 8
1202 707 5
606 307 8
660 805 10
499 119 6
505 526 3
1198 1204 2
983 898 10
1019 426 5
692 442 8
340 1224 1
1164 811 4
546 714 2
535 223 9
1131 650 6
1070 665 5
1125 321 4
916 377 1
1046 415 8
476 1051 6
649 323 4
765 687 1
203 209 7
125 1178 10
283 1125 3
301 402 8
1217 157 9
396 937 8
89 43 3
938 770 4
754 1028 5
367 230 8
388 867 7
891 117 6
512 31 4
451 430 7
619 1238 10
996 821 1
504 606 9
39 966 7
8 241 5
102 249 10
677 944 1
1229 493 7
21 624 6
185 1128 8
1158 311 5
143 793 6
858 549 1
1165 697 7
732 766 6
104 894 1
667 1149 5
898 916 4
251 858 6
1010 908 8
395 534 6
315 196 7
465 300 7
162 846 5
827 406 1
458 702 7
308 917 10
219 118 1
148 1245 3
173 253 2
255 1003 1
575 38 5
1161 1222 8
341 1165 8
645 847 9
568 349 8
806 545 7
1214 260 2
784 1066 9
809 824 1
1108 407 5
905 1058 9
1179 401 5
847 778 4
273 1072 9
245 56 7
988 165 9
659 921 3
1187 851 2
1077 116 8
875 777 5
238 186 9
818 142 10
471 748 9
588 1030 9
180 933 1
1223 378 9
124 270 2
1225 429 6
111 788 4
604 191 2
354 144 4
708 587 4
257 640 9
969 329 10
975 91 9
192 1189 7
1056 4 2
364 542 10
912 59 8
808 1049 1
713 1115 2
624 164 4
799 948 3
266 201 7
819 814 8
974 658 3
67 1164 6
122 972 7
584 327 1
464 888 10
908 1034 3
749 470 1
515 689 1
1196 802 9
1059 414 7
267 200 9
1134 297 3
920 654 2
1227 387 3
298 812 5
1038 952 7
1177 663 7
551 700 8
174 1101 8
630 477 2
513 337 9
545 889 6
33 243 8
87 291 7
1037 1094 2
650 963 5
720 806 5
1208 213 4
359 1100 4
490 1217 10
220 613 4
798 783 9
1199 1079 3
329 1198 8
883 826 1
814 1123 5
843 559 4
1106 1105 3
1110 839 9
1166 787 3
1230 1243 6
421 288 6
1004 676 6
992 331 5
637 612 3
324 737 9
29 1114 7
3 1037 4
556 353 10
1152 217 7
1091 389 3
200 1052 6
101 491 8
276 37 6
384 1132 7
35 593 10
494 178 10
470 581 2
9 562 8
343 1194 6
1109 423 7
1145 672 1
982 438 1
771 641 4
693 36 1
456 176 5
725 350 10
1111 169 9
641 552 6
822 653 2
436 161 3
776 293 6
254 838 8
37 373 2
208 432 5
611 1216 3
1155 365 6
1022 1140 4
446 280 5
541 62 7
355 784 7
788 318 6
743 992 8
147 1053 1
414 1143 10
332 145 9
614 275 7
703 1220 3
186 835 7
906 705 4
820 833 9
1041 362 6
5 254 10
210 1233 1
64 57 10
1104 149 8
727 1203 7
323 639 10
1222 969 6
787 1086 2
668 738 7
79 508 8
295 433 1
214 648 8
240 163 3
425 513 4
601 278 5
389 923 6
199 785 2
57 877 5
838 1234 1
386 408 9
900 780 2
580 934 1
269 132 2
824 1108 7
455 617 5
17 604 8
654 719 2
1160 449 8
509 553 7
797 367 2
103 1206 7
334 1083 3
870 47 10
472 7 2
719 197 1
99 1137 1
970 984 6
385 237 3
1069 1207 9
123 630 2
839 363 5
475 866 3
482 970 3
711 1201 9
886 212 4
636 690 10
609 495 1
263 683 6
783 891 6
914 289 4
1066 516 5
378 906 2
279 467 2
1049 643 8
100 134 1
331 454 7
353 412 7
293 447 4
281 1001 8
558 1036 6
469 1229 9
955 140 2
391 1048 5
333 257 8
1173 1078 8
857 875 1
859 754 5
688 1205 4
256 1045 6
722 795 9
1232 1214 9
83 15 3
795 53 10
1185 536 2
376 1024 7
1055 427 4
130 1168 6
979 1172 3
1170 153 8
154 279 8
443 246 6
1126 22 5
1024 1062 6
289 760 1
1183 782 2
393 820 9
179 444 6
1047 205 8
1006 848 4
511 730 8
72 573 9
127 763 6
998 940 6
671 1218 1
1244 792 2
454 681 2
1238 411 10
114 515 9
755 600 6
382 1155 4
234 956 9
69 669 8
681 358 2
286 1060 2
1219 143 9
598 313 3
1234 855 8
66 1151 1
317 222 7
375 1167 8
479 256 5
1180 841 7
674 485 2
757 277 4
1067 533 4
