6009 6009
4338 3264 10
2549 3224 10
1763 1249 1
4891 2406 4
4631 2895 3
2156 469 8
5014 2738 5
4093 4101 4
1312 4669 2
2991 2648 1
73 2421 6
2033 1859 5
4171 1377 9
329 3003 10
1274 2144 2
558 1216 4
3192 3420 4
3564 1937 4
1856 4565 5
798 2631 10
814 2780 8
3785 4103 8
3732 1335 4
3125 2863 1
325 294 6
5642 3532 3
1307 3638 1
5895 5883 4
2312 2514 9
694 2037 4
5207 907 5
5020 5171 7
5751 53 10
162 1493 1
1932 1831 9
977 5502 9
4245 385 9
1179 5834 8
1383 4175 8
1218 5999 3
3587 5351 6
2426 108 9
3430 1849 9
3879 2910 5
2716 337 1
2262 3497 2
723 5616 2
5680 1422 9
3797 3491 2
1516 3834 7
4289 5211 2
983 5810 10
2882 440 5
2189 3952 7
1224 1021 10
2872 1223 5
2939 5370 8
5990 5053 4
1619 1986 10
1594 1175 4
38 2629 5
1073 4632 8
426 1813 4
4800 1040 6
4013 446 5
3052 3589 4
192 4079 5
2816 3146 10
3543 2278 1
4119 3963 8
1490 4237 8
5734 4299 7
3465 5891 10
1574 5511 10
1560 1984 2
3820 5 8
3705 1353 9
63 1329 8
4288 3217 1
4760 4524 1
2578 498 1
1697 3384 4
5666 3178 5
2965 4877 5
3093 4 4
4825 2257 1
4498 1846 6
4893 4856 5
2812 2277 10
1247 5714 4
5201 3975 1
5256 4335 1
1438 3619 2
5556 1479 5
4656 5388 2
2782 3517 6
2581 4948 7
2141 115 2
2530 4268 8
4611 3533 1
2621 659 10
1897 4363 5
5414 703 4
3624 3105 1
363 5989 10
3277 268 5
4191 70 9
4751 935 7
4566 1318 10
3090 1696 7
5084 2858 8
3425 465 5
2097 5317 4
2281 5458 3
1961 398 1
1270 3369 8
2898 4309 1
992 2582 9
521 1617 2
5292 1197 5
3367 4398 1
3062 1711 10
4259 5954 2
4003 675 8
3331 4904 2
5652 728 5
5611 331 4
4702 5869 8
2853 5981 1
3148 3428 1
4195 379 2
5588 4366 4
2645 1942 5
1249 172 7
5917 5234 1
1067 1923 6
3877 2259 8
75 4033 8
5904 972 5
1695 4797 2
3043 892 2
4585 1426 10
4262 2008 3
2510 3050 8
810 5249 10
3644 5824 10
2385 3080 4
3824 3973 8
2023 2842 4
4305 5323 4
5218 380 4
4480 1706 10
3904 684 5
470 4085 2
4252 4899 10
2398 5739 10
3154 1393 1
5834 1031 8
687 3493 10
3790 3431 7
3420 3558 1
589 540 5
2297 2125 10
2978 1824 8
2626 5848 10
2152 3358 4
37 1477 10
2316 2474 9
4787 2479 4
4584 5825 8
1103 2232 8
869 5977 10
4371 4204 5
1280 3768 5
4303 3198 8
4597 2239 6
1848 762 5
5291 2148 8
1997 4739 5
4582 143 4
3814 1245 8
3915 2697 5
991 1423 10
3775 1833 5
2488 3731 10
51 1756 4
4796 2952 1
2540 1119 1
3201 3045 2
789 1678 8
969 2439 8
5280 590 5
4135 3457 1
1331 4657 4
60 3136 1
5348 985 1
4827 3280 5
4747 774 7
5756 5461 8
4014 5871 5
2494 4527 5
2904 5159 9
2505 450 10
4684 2773 8
2657 2489 8
5271 3547 5
4002 5926 5
4896 135 4
3733 4943 4
1148 1883 5
83 1172 3
1830 3689 3
3239 2116 10
2685 2161 4
5857 5221 4
3658 3114 4
3368 5815 4
5750 3785 4
323 1705 8
4184 3061 4
535 1077 4
3798 217 8
2428 2279 2
18 181 10
5174 4081 8
2157 358 8
924 2812 4
3409 2945 5
2434 3155 1
762 4323 3
2642 2214 2
1220 5975 4
443 3201 4
852 1287 5
5242 202 2
5410 5801 1
5848 631 8
1407 5694 1
5203 1387 4
3516 3745 3
4874 1262 4
4291 288 5
3223 1182 1
4637 5289 5
1521 5444 5
5047 1264 2
1109 3309 8
780 568 4
5545 5118 1
326 2510 8
1938 3058 9
1532 3366 4
6009 1116 6
3193 3168 1
3889 3225 10
4164 5180 10
5285 3938 1
777 2175 8
2455 5297 2
2586 4959 10
336 5540 5
3917 4234 10
3486 3284 9
792 1230 5
3329 310 10
564 4749 10
1576 4696 1
502 543 5
5793 2028 8
2180 4949 7
4977 5591 5
187 5258 7
3035 2405 4
4690 251 4
3569 3288 10
3064 3339 8
3924 2020 5
96 4292 10
3655 4150 1
5290 2411 1
3186 5860 5
784 3782 9
5790 1936 10
4140 2283 8
5030 3831 7
4220 3907 8
3679 4738 8
767 1016 6
258 263 10
3371 3622 5
5988 2714 10
4008 5948 10
4633 1064 2
2148 2732 7
244 1864 10
2066 3394 10
4899 275 8
132 1607 10
1582 4578 4
3104 4315 9
5498 1827 9
1779 2926 1
1891 5240 8
5307 4760 7
4210 4247 10
3928 3331 4
4743 5361 2
68 594 2
3883 3250 7
5016 1227 1
1394 4311 5
2640 4481 10
3510 5236 3
3089 5534 7
5692 1069 10
4596 30 6
4520 2160 3
2120 2712 5
688 5800 3
4853 4016 5
3671 1026 4
4953 871 9
5884 142 3
4126 2229 5
1338 842 8
787 2788 5
1798 3830 1
5422 2306 6
4928 5443 1
4873 2193 2
2698 2127 8
2723 1992 4
2561 3004 2
3865 556 5
3986 4590 2
3506 2173 9
3276 3610 9
387 5246 2
5082 4084 6
984 4878 6
3972 4986 1
4682 396 5
5060 4264 5
615 4288 1
1970 2222 4
4797 1783 9
1640 3519 4
5942 5133 1
534 5827 4
5604 3040 1
5763 770 10
2413 2469 5
2477 1261 4
2406 4304 4
5068 3648 8
509 5520 10
2064 5523 10
3515 3583 3
2349 1149 10
2224 2658 5
4095 1120 4
3271 2001 10
653 5684 4
763 325 2
4742 4847 8
5843 2057 1
14 817 1
1155 376 1
1391 5803 10
2474 5400 6
2980 5259 2
3005 4284 1
636 908 5
4063 4173 10
4777 2624 4
3081 3255 1
2634 5144 1
3316 916 10
5529 1095 5
4399 575 5
1161 5861 4
3828 4516 4
1915 4835 5
5761 4408 5
4523 2560 6
5825 5306 8
2960 2010 5
3906 3063 5
2084 2585 5
1123 5416 2
1230 735 4
3313 5364 9
1216 544 9
76 779 3
3335 1495 8
494 729 6
664 4871 4
4966 4940 4
1833 426 4
5509 281 8
3050 3190 1
1459 2954 8
2283 1521 10
586 2076 2
866 5578 1
5297 3796 4
5804 4316 8
4988 5295 9
1692 4503 8
3645 5300 10
4938 807 1
3922 4351 1
5658 3419 8
361 255 8
4881 397 5
1793 3575 4
997 2297 5
4519 2305 1
3388 658 1
3682 296 8
2697 952 4
5298 4963 4
591 1694 3
4671 3534 1
1168 5637 8
1201 5622 5
3454 4924 1
445 3027 4
1048 1465 5
2616 3781 1
5131 4122 10
5204 1151 8
4871 1664 10
2278 3942 8
1042 880 2
1877 5550 2
274 2838 6
2273 3784 6
3496 4072 10
3451 4985 6
3381 5593 8
89 638 4
1234 163 3
596 4121 5
3630 2190 1
5925 474 5
936 254 5
4128 2027 10
3909 1294 4
5087 3989 8
3638 1995 7
3428 2650 4
4065 5395 4
899 1270 1
2010 2245 7
903 5114 1
320 2096 1
4074 4329 5
2897 4535 10
360 3543 4
3204 5516 9
4848 1266 8
5158 2554 7
2458 3642 5
1466 3044 1
4935 727 3
113 649 8
4887 4499 4
594 3304 3
5992 1820 7
5387 4667 4
424 241 6
1588 5547 1
2870 5485 5
2326 1743 1
3074 3490 6
97 5881 9
3698 4133 5
4578 3246 6
556 4704 10
4784 40 10
5386 4412 3
987 973 10
5859 5973 2
3941 3904 8
5376 4652 5
934 1498 2
5383 3247 8
4260 3337 10
554 4670 7
1050 4283 4
4548 2651 7
4770 1103 8
57 159 5
3998 1314 10
5506 3766 10
1680 4819 1
1602 5009 6
5780 5045 10
2359 5789 1
193 5436 5
5243 3441 10
868 1098 4
1937 999 3
209 4569 1
322 3792 1
4185 970 8
4589 5852 7
2922 295 2
5486 1709 10
3077 9 1
5231 963 4
4301 2882 8
3363 2686 3
4969 535 10
1202 3259 4
237 1044 10
5902 1166 6
452 2985 8
1823 3837 2
4261 4000 6
3667 93 5
2833 4064 3
4979 525 8
5543 4766 1
1979 775 10
252 220 8
5613 4362 10
5518 893 3
994 722 1
3398 5115 1
4240 2472 4
5065 4164 10
1757 2302 5
4196 1818 5
1678 1904 5
954 3401 1
2743 4852 1
176 124 10
3887 4208 5
2345 615 1
902 1609 6
4861 4262 9
2573 5316 10
5157 2078 4
1727 5034 8
159 5600 1
508 1659 1
2340 2512 5
5986 291 4
3395 2481 6
3921 2886 1
5155 441 10
1641 5383 4
953 564 8
4113 3016 10
843 1619 1
5012 5073 7
1330 5122 5
2753 850 9
4600 4251 4
4197 4350 6
3524 4643 1
5438 1395 4
2168 2844 9
4528 4636 5
4902 1606 2
1925 1857 4
5365 5148 10
4553 5216 1
1782 3681 4
3500 5675 4
5034 285 4
2705 1108 3
4427 1600 8
4243 3919 10
2140 5858 1
1539 4006 8
5812 1766 1
2336 3976 5
4895 2084 5
1755 2410 3
3373 552 8
960 1129 5
3954 4462 5
1907 2149 5
339 4789 5
1940 4756 1
4758 1014 10
3620 756 1
5534 5466 3
3095 2184 4
4332 4370 2
4675 2970 10
94 4211 5
3926 104 8
3247 4785 10
5484 4230 9
2590 4815 5
3138 4809 1
3251 4068 6
2243 5268 3
3773 2224 8
5128 5889 1
5573 1510 2
3213 688 5
5951 2964 10
4101 3434 4
4972 4332 9
923 1979 4
1316 3426 9
4208 2023 1
1580 879 8
2420 4459 5
216 2428 2
818 5302 9
278 3444 3
1263 5283 2
5330 4996 10
2384 1037 1
4146 2889 5
3951 2782 7
940 5863 10
3980 5626 5
3202 5843 4
4083 195 4
4395 235 8
582 1759 5
890 1124 4
4391 321 3
4159 4387 4
2990 4921 1
2529 5821 1
1191 3860 7
1780 700 4
5530 719 10
5840 2468 4
1356 4736 2
2979 5085 4
2044 3139 8
5363 1593 9
973 3844 10
1177 4855 7
3131 2114 4
3597 482 9
5391 5433 9
525 249 1
5413 2122 8
4249 97 4
2757 4645 6
5132 4918 1
1112 5598 9
5229 4750 9
3362 3955 7
5305 1771 6
649 3129 2
2576 1038 4
5266 2522 5
2237 2392 10
3549 1374 9
5341 5095 5
2338 4952 9
4224 3473 4
5465 2303 10
2062 1722 4
3199 1938 10
1404 5092 2
4651 1448 4
3391 3014 4
533 838 5
3827 2208 6
2124 5790 8
2444 4425 8
2163 1613 4
895 5311 7
1308 2766 7
5364 2993 4
3918 640 10
2501 1509 9
5490 5603 1
1825 820 5
1671 4705 5
4982 3897 3
5648 2850 10
260 3845 7
5145 2390 10
2632 1483 3
2774 459 3
2562 1316 2
4085 5793 4
2356 1295 9
2862 4637 10
4801 1413 4
635 243 6
2239 5537 4
4121 765 7
1920 4729 3
4924 2354 5
3484 777 10
2478 1068 10
1089 2041 10
3542 4231 8
2730 3001 5
3060 4546 1
2480 2928 8
2344 4176 2
3396 4929 3
4856 4298 8
141 4294 1
81 4414 1
5371 4153 4
4782 4423 4
3613 4752 10
2052 119 9
5106 2436 5
5346 3915 5
5883 4380 4
1573 1462 4
489 2123 10
2227 2955 8
5221 3859 6
3771 5005 8
675 2100 9
3232 5661 4
696 2598 6
243 2427 10
3417 4475 8
658 3467 7
3426 3636 5
2362 112 2
4263 3479 10
179 239 6
1491 5039 10
3520 5446 7
1365 5699 4
4325 3634 1
5485 3991 8
1803 1815 8
1357 2981 10
1360 931 1
2408 1749 5
3685 3911 9
656 633 8
1579 4438 8
510 1566 4
4667 5778 10
4834 452 4
2379 471 1
1949 21 8
4608 2187 4
4836 2557 5
4292 1789 4
5729 150 4
3049 1806 8
4056 328 10
262 5378 5
4415 2989 7
5748 3033 6
3253 1405 8
5102 1623 5
3057 3065 8
90 4897 10
5924 4597 7
1447 1895 3
2869 1944 4
5374 1177 6
5112 5435 1
1575 3241 10
3158 3199 8
919 1205 1
3830 412 4
5335 2442 6
2107 1688 5
2078 5307 1
5000 3230 10
1669 5687 10
2117 1267 10
5623 3523 8
3572 458 4
4990 1576 8
5236 3964 9
3326 133 4
739 2687 3
2104 2592 3
1104 4480 6
2440 111 4
1893 418 10
3171 1115 5
232 4972 10
5770 382 8
1562 5441 10
5182 1410 5
4688 3286 6
3768 5708 8
3478 324 3
5100 2775 4
1730 3307 8
1716 508 1
1703 5329 10
1629 5213 10
4804 5068 6
2041 1663 3
4693 3656 4
4447 5919 1
311 4313 8
3179 2960 7
312 941 4
2074 2518 1
625 1541 5
4157 434 4
5467 5049 8
1087 2359 5
505 1169 7
2116 457 2
884 2792 10
1499 301 8
3078 4810 8
3767 576 10
5101 3732 5
4851 1401 5
626 4714 3
261 1200 2
4205 5639 8
5399 3737 6
3348 1966 4
2972 1332 3
1373 3367 8
4139 2093 9
1912 4844 7
606 44 8
2435 3410 4
1963 4586 10
2229 2853 10
5724 5903 8
112 4699 10
708 2030 10
4536 2336 4
1747 2967 1
3956 1532 10
4096 3703 5
4381 5560 4
1040 1010 2
640 5482 5
1431 1647 4
5353 5839 8
4774 1656 1
5293 2865 7
5885 2136 5
1095 3739 8
5801 925 1
3893 4662 8
2535 4163 1
3890 3204 3
2096 1776 5
4244 4839 3
3304 2676 10
840 3918 10
3505 1988 8
1074 4508 10
5685 125 4
4808 681 5
5173 5290 8
2126 874 4
1389 1792 5
5974 3546 2
1143 4478 10
5059 610 4
1509 4903 7
3607 5915 4
4017 4195 3
2 2888 8
4060 395 4
830 1024 10
66 2351 5
5667 1919 1
4232 3502 5
1604 3106 10
3675 12 4
3777 3363 8
1851 3813 8
2732 3476 8
2446 4376 10
5183 2448 4
2618 3237 4
4026 5753 10
4894 41 8
5851 2495 4
896 3728 1
2228 5709 4
4383 782 6
4907 3100 8
1675 3841 10
395 1893 6
854 1482 5
3901 1011 5
2169 3630 6
638 5735 1
4174 3902 5
4388 234 10
462 200 8
4193 62 8
958 3847 9
5519 4950 8
4031 3352 1
5121 3323 4
1863 3009 6
3601 2638 2
1238 3753 5
4643 1293 9
4549 1645 4
74 3563 10
2538 510 10
2497 5394 5
513 5897 6
4441 5851 1
5237 3156 6
2287 2640 1
674 1361 8
4993 5996 1
4086 2444 8
3041 825 2
5263 1699 5
4170 4405 5
2392 504 5
1850 644 7
3364 5606 4
5863 2490 6
657 2111 8
4141 4114 1
2925 862 10
4590 5359 1
3392 3216 8
5976 3613 1
1435 1459 4
5460 882 1
4642 4165 2
211 1222 7
5196 3570 5
5847 1952 8
5011 5610 5
4275 3620 8
1800 2262 1
1765 39 5
3498 3206 1
472 2725 1
1269 3846 10
1299 5282 6
5494 2987 2
5739 5196 8
3816 2854 3
4024 4136 4
5057 5670 5
1687 3071 9
2999 5527 10
669 495 4
5558 888 8
190 5940 5
2728 4296 5
3401 5150 8
5190 1614 8
2969 5080 10
5981 1092 8
753 5345 9
2867 4763 6
4078 5721 6
5913 2052 6
1277 5620 5
2715 223 4
5406 1203 4
65 4162 3
25 720 6
2719 1417 5
5768 682 5
5811 2373 2
1096 4993 4
5930 1494 8
2065 5447 8
3385 549 8
4455 4053 5
2225 1805 5
3237 3820 1
3843 1683 3
98 680 8
1862 2021 3
5731 1328 4
4466 581 1
409 826 8
391 2869 8
2611 4974 2
150 3396 9
2773 960 1
1283 1517 4
1039 4132 4
242 1046 10
3834 1578 9
357 4542 2
1852 5424 1
3899 3276 2
338 144 1
5302 1530 7
3494 2903 9
2378 3736 10
5191 3855 5
3815 4442 9
3342 4447 5
3334 2758 5
4942 2507 3
3582 2496 10
4778 5414 10
2797 2685 4
4129 813 4
5783 1209 4
4413 2233 2
5138 534 8
825 1511 9
5050 1161 8
4020 4374 4
2334 4912 10
5223 3948 3
4213 4712 7
963 5418 8
1264 3780 4
1783 5854 9
1752 4368 4
2377 5757 10
1660 417 10
5856 5387 10
2720 35 5
1031 330 8
2917 4045 1
695 1956 8
872 4511 8
605 5484 1
1259 1179 10
5445 4707 5
4704 5455 4
1189 5634 5
2628 212 4
128 4525 9
3033 1330 2
1511 2545 3
5115 3341 10
1432 4955 4
92 1773 4
3598 3827 4
1761 530 4
256 1133 8
1125 2973 10
2776 3858 4
1038 5680 7
4812 1661 5
727 3707 10
5036 2413 1
2666 3096 10
1530 2389 8
1701 374 10
5998 1247 1
3068 5632 5
1870 4393 7
2143 3673 1
2322 1049 1
2973 2107 1
889 407 5
5875 3894 1
3810 5929 8
5215 686 4
5943 911 4
4768 2713 1
4949 2335 5
5149 932 2
3285 4031 4
428 2172 6
4242 4460 1
2231 724 6
4610 2366 6
3571 1201 6
5415 3863 3
3408 5715 8
5569 5755 2
4180 641 4
346 4159 2
376 4784 5
2846 2593 8
277 2683 1
3970 5666 1
2348 5242 7
1605 565 5
3730 4212 8
5277 2046 3
5038 955 1
4353 4548 9
13 4488 4
1957 3074 1
3622 3356 10
5027 3947 1
1836 5298 3
3757 4285 10
2675 3442 1
2926 5925 5
4156 3330 6
628 4843 4
4709 3978 6
2550 2005 10
1519 2314 8
740 3032 9
1740 435 4
627 5893 10
1291 3150 10
5737 5256 4
203 618 3
5631 1370 4
4194 3167 9
4724 4415 7
986 2349 6
2873 3587 2
5083 5335 8
3974 4319 1
3646 2154 8
4593 4544 3
26 5146 8
3042 1745 3
4525 5220 10
3157 5480 7
5480 134 4
3286 3478 4
5674 1475 4
1903 791 5
3159 1233 10
3429 4994 1
5691 2643 8
234 3312 8
5934 3864 5
3190 2720 1
4044 1599 8
1352 5401 7
5601 1888 2
3551 5535 4
1735 4840 3
5516 5552 6
4537 609 5
838 5524 4
607 1865 2
4956 3572 4
1543 5251 7
3839 1206 2
616 52 6
4769 5997 7
3164 4880 5
4607 976 2
2726 5058 1
4658 232 4
4277 4633 7
1289 101 6
2001 3735 1
3528 5964 5
5478 3453 7
932 2646 6
3020 5809 4
4493 2583 8
1674 3203 6
194 4037 7
2768 342 4
2471 5653 8
4665 1210 1
3977 3422 4
1069 3427 5
4190 2244 10
1607 3098 8
4521 2189 8
970 3329 8
4635 3950 6
5985 4731 8
3279 5120 7
614 3090 9
3218 2368 4
4075 1123 6
3509 1648 4
3807 1839 4
154 5937 5
5258 5676 3
3132 4603 8
4468 4110 9
3191 2781 4
2905 5017 3
5397 253 1
882 2396 1
1492 5594 10
3738 1373 7
2570 25 1
177 4927 7
2610 1146 4
1317 5396 5
2212 10 1
1814 4492 7
2614 4001 4
2430 5796 5
663 4099 1
3108 219 7
327 2457 3
482 679 6
4042 2990 8
95 1672 5
3831 3643 6
1898 5025 9
4996 3193 4
1358 3159 7
1650 303 9
2613 4066 8
273 3121 5
2373 4964 3
1256 4188 4
4680 4644 10
217 3482 5
5163 3290 10
1679 5048 5
1421 2938 4
3347 4692 5
4914 5076 10
3455 5432 1
1632 5567 10
5932 1544 1
1185 4295 1
1248 84 7
40 1540 4
5836 3006 4
1538 1817 6
3296 1534 8
5654 3083 4
4513 1320 2
815 752 4
2175 3038 4
517 3281 5
982 1651 2
5671 5470 10
1917 3772 8
4203 2327 4
4028 1170 10
1135 238 4
1587 4310 2
4212 645 5
1744 2634 3
3729 2296 1
1668 5503 5
4398 302 1
1311 2275 6
4517 3916 5
125 2131 1
5868 5098 1
4889 977 2
4160 939 8
5727 3825 4
480 3498 1
2874 693 1
5916 1311 1
2894 4995 1
3902 2653 10
4043 5225 5
309 4333 10
1717 583 4
4400 1138 8
1797 4631 7
3691 4716 1
1381 1033 6
2403 683 4
2825 2817 10
3989 2711 10
5472 1536 3
2717 5533 1
4432 42 8
3605 3018 5
1685 834 2
1933 5367 10
3083 950 8
3945 3769 8
4005 3995 1
4844 1240 5
2544 2921 4
5849 6 4
2448 2693 1
3194 2602 4
1337 4219 7
4476 2249 5
1786 3147 1
1835 4032 8
2422 1280 4
1895 2826 5
1729 5450 4
5598 5807 7
4010 4913 3
296 3379 10
3258 5030 7
2196 3487 6
4573 2453 8
3965 4665 4
5455 3909 5
2436 18 1
5430 5899 4
2789 3921 5
1497 2673 10
2358 5136 9
541 3537 7
3821 5677 4
3415 1920 2
5217 1899 10
5211 520 7
5991 2743 4
2783 981 10
913 1731 10
4855 2054 6
5008 3377 4
2644 5866 10
5698 4140 1
4507 998 7
2257 3699 10
2452 2286 4
3023 1747 8
2953 909 5
2138 1073 2
3119 3647 4
5244 4422 5
3440 3118 1
2900 4845 10
4717 3347 10
1537 3556 10
287 1228 4
3511 4169 4
1606 4998 4
817 5429 10
1298 514 7
3562 2824 4
3780 1229 9
1583 5697 7
1993 4958 5
5707 5853 10
2015 209 5
3309 5477 5
5775 1070 1
1811 5070 4
5681 2818 5
1420 5442 8
3432 75 1
5663 3967 2
4779 1598 8
2731 129 4
352 1985 1
4932 2071 2
4365 3740 1
3185 5065 8
3794 5308 1
419 1111 4
3047 3712 4
4120 5837 5
222 3663 4
3203 1662 4
5054 3687 3
1349 3635 8
2174 1877 7
5614 2386 1
1563 5046 1
1626 788 3
5284 1013 8
5251 4058 8
634 261 2
4100 1239 4
5510 1735 5
2090 3977 10
297 3550 2
3817 5595 8
5684 5127 5
5971 2976 10
5044 4455 4
3743 4186 8
5619 4674 10
1867 1303 2
4649 934 10
748 4484 10
5918 2227 4
383 3042 4
2532 1020 9
5617 1785 7
4136 974 5
3741 5747 1
2507 2566 7
4151 4199 1
2401 2304 7
624 5096 10
4522 4556 4
4360 3348 10
4534 4623 5
3896 148 3
1590 3849 5
3900 1455 9
4314 1519 10
5725 5938 8
355 988 7
1154 2102 1
456 2767 8
4500 632 7
2058 2709 2
5372 3236 8
1390 4618 8
5380 3854 7
71 7 9
124 1034 8
1634 1067 8
2250 4243 10
1759 943 5
1029 3102 8
5562 4584 4
783 1940 8
1266 4286 10
2193 663 10
3123 3767 4
5799 4092 10
1171 2611 7
4046 506 5
4082 588 1
4192 2213 10
4543 4331 5
3463 5113 10
3405 2423 1
4316 1470 9
5379 5654 10
3963 1217 10
410 453 4
5180 4767 2
3502 5638 5
532 2381 4
3595 5207 8
2858 5657 10
3779 1090 8
2020 1091 4
1430 4560 5
3030 4793 6
5965 5530 3
1142 757 1
5861 1628 5
389 5580 10
1236 5245 9
1981 99 1
4572 5969 8
4267 3294 8
4983 1851 5
1983 3093 4
1637 4848 1
47 4411 1
393 5275 10
4155 1501 10
2181 2856 8
2125 3115 5
1663 1290 7
1020 4487 3
1172 1446 9
4653 5168 1
2887 2 10
622 733 5
5597 3922 1
3662 4303 5
1314 1375 3
5319 2082 1
3907 1178 6
2226 1185 1
1760 517 5
1066 233 8
3577 3398 3
5815 5320 10
305 1897 4
1654 904 10
407 4471 9
3880 2379 5
5526 5949 7
4839 1062 3
3153 323 4
3360 4035 5
5972 4389 8
5233 2169 1
1113 5270 6
3461 1543 7
4504 4859 4
5240 3439 8
50 1597 6
3298 1931 1
4773 933 10
4183 3552 10
5572 2164 10
2563 3194 5
3626 5197 5
140 966 7
172 944 5
3759 1268 10
2304 2562 4
1327 3413 3
2891 3819 9
4736 1450 5
166 3447 10
3065 1145 8
2298 126 5
2299 2995 8
3211 3568 5
2519 1697 10
398 2139 10
4694 252 6
5866 2978 8
4577 5963 8
5960 216 1
4349 4849 8
652 5771 5
4453 5314 5
2056 3489 9
4721 1117 1
5989 5243 8
3225 2793 8
3084 3949 10
4831 621 4
2353 4151 5
2046 3414 9
4469 5538 10
4053 1053 4
2071 3966 3
4339 3373 1
735 869 10
224 798 10
4199 3508 10
5721 800 7
874 3836 1
2947 1733 5
1110 3598 10
898 3680 6
4374 5028 10
5077 424 8
2984 5162 4
3127 5149 3
3145 2155 5
5754 3385 3
2803 2800 1
732 3812 4
1586 2494 8
1239 2456 1
5175 945 5
1163 2833 7
4061 4700 6
2762 5051 9
4069 922 8
2627 404 5
5979 3176 1
3124 4061 4
2596 2662 4
1403 4322 9
5779 2012 8
3101 4641 7
3838 4240 6
4923 1812 10
3470 903 4
1010 1301 3
5789 67 7
1768 5907 4
4217 623 3
2268 384 2
3712 2471 10
2889 3639 2
4362 3869 10
832 5910 10
5869 2544 1
6005 741 9
5080 4184 4
1455 3400 9
4865 5384 10
248 4701 5
745 3892 8
531 365 4
3554 1637 5
2039 4477 1
359 1391 5
1226 1989 4
4490 3036 10
2219 3406 5
951 1695 8
1320 2134 1
1137 4780 5
4167 2501 3
1304 3438 5
5541 636 10
5436 1158 10
619 678 1
728 2684 5
3673 4801 10
2504 746 9
2740 1215 2
2650 4093 1
3210 1148 8
4473 1728 1
2330 4222 5
5340 749 8
5311 5831 1
1684 3076 10
4975 3151 7
1217 3507 1
5967 4735 4
4926 847 3
1643 1624 4
4630 1691 10
620 2568 2
2927 4326 10
1705 3311 5
3337 604 8
16 1769 2
5909 20 4
1487 2540 10
2145 2065 8
3173 5648 8
571 1704 1
3085 648 3
4545 3538 1
1536 4160 1
5098 4509 5
2624 3117 1
2670 4011 2
4485 2820 5
679 3773 5
2171 58 4
3517 4957 2
1027 2654 8
316 4113 6
5021 3594 10
223 3742 1
5814 4715 5
2588 2404 8
3221 2307 5
3416 2460 4
5872 4504 10
3118 3035 10
5176 2751 5
1474 4217 10
2820 5947 8
1388 257 4
4936 4235 9
130 3951 6
3475 2445 5
4033 3496 5
5024 454 9
5308 4879 1
5603 4386 1
4404 269 2
4833 891 8
1076 1803 5
2300 2092 5
5574 4385 5
1722 4209 4
15 5140 5
4392 5219 10
5888 4775 8
1524 1922 5
1861 1762 4
2522 2326 5
5975 1669 5
4111 36 10
2608 485 1
2486 1487 4
4900 5733 5
1276 1112 5
3678 3982 4
373 6002 3
734 4870 1
4551 2880 4
5947 5695 5
4276 4693 5
4849 3615 10
3903 2633 1
4201 351 1
583 3626 5
5553 4260 5
2664 496 8
1818 422 4
4867 4141 4
2707 584 7
729 4751 6
2202 4868 6
4460 716 1
3776 333 7
2100 5705 7
610 5273 8
2484 4794 4
2079 4491 8
5046 6008 4
3728 2866 4
1631 1004 9
5665 1583 3
1753 2152 5
5787 4391 2
3414 739 5
1162 4431 1
306 3399 5
118 3169 10
3094 4191 2
1250 244 10
1333 3888 3
2447 1421 1
4423 3591 4
3842 4689 5
684 4764 5
1157 1277 1
2008 5083 6
5504 2011 4
1173 4967 8
3792 1836 6
680 1059 8
4072 3646 4
2483 3501 2
5063 3567 5
1057 5698 10
100 339 9
3795 2532 6
1879 3544 4
5926 1673 5
4793 4434 1
2739 1078 5
99 1581 4
1174 5143 8
3858 1753 4
1456 5857 9
3523 5398 9
2923 1887 1
5092 1458 6
4402 3641 10
871 4824 3
1380 1957 6
3184 1220 8
4035 4954 2
5375 3266 4
949 5417 1
319 767 5
356 2358 8
1462 1908 1
2516 4039 1
4299 1100 7
1426 4048 1
550 2770 10
3325 1447 1
1741 55 5
1046 1964 4
5585 4587 6
3453 156 9
929 1130 1
1845 3056 10
5607 4024 10
5135 2628 4
1126 5321 9
1001 1667 1
518 5088 10
5687 3084 8
4486 4383 3
3971 674 7
5624 256 2
2569 92 6
1078 3857 8
2130 5892 8
2213 3445 7
4741 4014 8
4819 4432 4
2907 2364 1
115 2840 3
4791 3359 8
4755 5817 4
1419 616 9
1688 2565 4
2417 364 1
2711 2399 4
1500 4276 10
3689 4628 2
1047 3956 4
3668 5075 8
2049 192 8
909 2284 4
4888 1998 10
1964 2165 10
5241 1557 4
251 2734 4
4810 4966 5
1725 3285 5
4007 634 2
4421 4639 3
1611 500 4
199 3611 2
2310 3070 10
2992 2422 1
4750 853 6
4094 3265 1
5459 1590 7
2848 2664 1
3813 1961 1
5747 456 10
5416 1388 10
1767 2004 1
4547 2346 1
434 5873 10
5941 560 8
1318 5712 10
4740 3365 3
931 5371 5
587 5896 1
4565 5548 8
4221 3239 8
831 2933 8
1028 3107 4
415 3871 4
5646 5117 5
5728 4469 9
374 439 8
5705 5145 5
2085 1913 7
791 2064 1
4306 1860 9
4215 2500 7
5894 3887 8
4681 2493 3
995 5879 4
1841 3185 4
153 5489 10
4313 4312 7
2643 5423 8
2585 5042 4
662 2588 8
916 5802 5
4104 5496 10
5653 2787 4
1324 2016 5
813 2934 9
2095 318 9
1290 2040 5
4629 480 5
3150 168 1
3489 1054 7
3819 1768 7
1908 2258 8
5880 5521 4
3070 5224 4
3748 3372 10
3115 854 10
5600 1638 10
1790 958 6
4321 3957 8
2913 4027 10
3278 563 6
1136 5376 10
3612 419 4
2149 707 4
264 2446 4
1178 3252 3
4606 1926 10
1068 1616 1
498 5830 5
5265 3880 10
5108 5995 10
2962 1088 10
2502 5102 5
3231 992 7
3862 3927 10
371 4894 10
1822 790 2
3354 3605 10
2682 527 2
4304 4554 5
5952 3818 1
3474 4071 6
3556 2067 9
4748 4779 4
1437 2644 4
1972 451 8
5978 2420 1
1526 5469 1
1999 4088 10
1515 2048 1
3672 1786 5
1309 2678 7
1470 5884 3
3187 484 1
4081 332 3
1165 5704 1
3550 4458 10
3594 2538 8
5085 3928 3
3452 5734 7
3746 69 4
4858 1506 4
5921 2219 10
5476 2570 9
2254 2861 6
3782 3253 8
123 1558 7
3837 4127 9
4071 4818 5
2537 2103 1
4628 4988 2
4009 5499 10
4064 2599 2
5447 5451 8
722 5640 10
257 522 1
3178 3872 8
1080 1604 7
2147 5215 5
4562 5474 5
2986 2846 7
1980 4256 5
3387 5172 4
946 5223 1
1950 2394 5
3632 5324 8
4376 2299 8
1097 1208 8
1385 3595 8
3152 5454 1
2178 1572 10
3999 476 7
2832 4951 4
2364 2473 3
3547 3971 5
3615 5355 1
4734 915 5
5250 329 4
4716 1226 10
3957 5602 4
3324 389 1
2412 3838 1
4913 930 3
2713 314 10
4816 1048 5
1257 1368 3
3766 4611 5
599 2313 9
3110 215 4
2204 4388 4
5591 1878 5
4559 5504 8
4087 566 2
2598 614 3
4506 2333 10
1071 2760 1
581 2198 4
1450 3920 3
5235 2211 1
4134 1005 8
4482 1273 1
1376 5116 4
2718 5167 3
390 2220 10
8 5126 4
4148 1139 10
3433 695 7
1707 3559 10
4641 5621 8
4749 3221 1
250 3456 1
4619 3697 1
4450 5888 8
3102 4979 1
2863 4695 1
2678 4939 1
5019 4769 5
2623 4676 1
1147 405 2
4921 2848 5
2288 4302 9
2655 2019 5
2928 4078 9
4579 2110 10
568 4570 5
1628 444 4
1134 2188 4
4355 1246 4
5566 3693 5
4614 347 7
1037 2294 9
441 3850 8
4329 3099 2
4345 5581 6
1243 5369 5
4872 2515 2
4059 5880 10
1063 3012 10
1364 4461 5
3676 5365 1
1085 5845 10
1481 2942 7
1875 2356 6
5752 4846 5
3544 1297 8
2909 1440 10
3140 5785 4
3442 982 5
5398 49 2
2199 1853 5
747 320 4
5931 4098 2
5867 3031 10
5662 2896 6
5198 2922 1
2361 753 5
1977 5777 10
35 1816 1
1223 627 10
1460 5012 1
4627 3210 5
5187 4470 3
4710 1642 7
4282 5592 4
4077 3518 4
4106 2026 6
1151 846 5
5150 19 5
5716 210 10
835 2748 4
5156 5022 5
5999 4562 7
1297 352 4
4978 4520 2
5720 228 8
4084 3046 2
4959 5205 1
2690 2397 8
2135 5846 4
3196 2466 6
3386 518 4
240 336 8
1310 1713 1
793 2551 1
4426 4777 3
3853 2081 4
1187 5209 8
295 5862 4
1866 3315 2
4883 3900 9
2301 4858 5
1975 3895 8
4161 5965 4
1086 4357 3
1473 2947 8
1709 573 1
142 1468 8
3338 4174 4
1523 2191 3
2028 2815 2
1871 4830 9
4099 4605 9
2072 5428 5
5367 4545 1
5435 180 4
5944 1512 5
4067 1595 9
4344 1990 8
665 3202 10
4401 1978 8
5072 3678 8
2194 94 4
2165 5341 10
2122 5202 9
2566 4937 10
3040 4397 4
4976 4171 2
425 246 10
2461 3764 5
2153 694 4
837 5203 3
303 5483 6
3723 2666 8
2418 1355 1
1806 3998 9
2319 1701 10
2542 5813 3
733 509 9
3320 3215 10
5040 5868 8
3009 3803 7
1144 2807 8
4859 4638 4
2032 5389 4
3966 1336 5
3878 1276 2
3727 399 5
3872 1620 3
5539 833 10
4624 201 7
5555 3512 10
351 1594 4
1702 4056 5
1566 3913 5
5517 5917 1
3641 447 7
3803 586 9
4788 3436 8
2641 113 3
3847 4278 9
1935 5334 5
4503 1030 1
2134 5690 6
3007 4717 4
4618 2517 2
957 2506 1
1503 429 10
5595 5518 1
5773 3760 4
4712 5498 4
3424 5346 9
4652 5872 8
4601 3327 10
520 4642 5
4202 4446 6
1448 4005 4
2672 139 4
3845 4543 3
4414 4866 2
1801 2130 4
5791 1136 1
654 3983 10
1552 5942 10
5769 5649 8
1911 1190 6
2635 4675 10
3256 5353 8
668 3934 5
3008 4563 1
4239 1236 7
5260 1870 4
4951 3608 5
2606 938 10
3155 3696 2
2793 5244 10
3861 2944 4
892 702 2
5977 1612 2
4216 2407 8
1535 2450 6
3908 4783 3
3281 2931 8
925 3968 10
2271 5362 5
3681 4348 4
2591 5109 10
4822 1348 2
4219 2959 10
3377 3464 4
4720 5607 8
3238 3251 5
2346 4947 10
2013 5299 10
5508 4581 2
3327 4104 1
5147 1564 8
5457 5338 8
1370 1471 10
2106 2097 8
5753 262 1
5426 2704 5
4995 4139 3
2933 2238 4
1656 1055 8
5853 3131 10
138 1110 4
4356 2408 8
4697 3704 4
3444 3064 9
3778 961 5
1855 5381 4
5342 2857 8
202 3087 10
1015 4091 4
404 3142 5
1184 1848 8
245 2106 4
1115 4201 4
5152 242 10
3868 5776 5
1138 4265 10
451 1866 8
846 4077 4
3321 1980 7
4842 3755 10
3609 1174 8
2592 2174 9
5090 2647 4
3788 5214 7
3290 4305 10
641 3677 8
955 4547 10
1838 5541 1
1776 597 4
173 3460 8
5878 3116 3
1439 4685 3
4359 2531 6
5078 1196 8
4915 267 4
4912 4910 5
573 2511 4
5584 1968 1
3736 5286 8
3952 4799 10
1931 4726 5
490 3051 10
5362 4671 5
378 2108 1
2795 1863 8
479 1639 3
2386 2996 5
3774 1345 5
4281 796 4
4076 494 10
3836 3676 8
5907 5711 2
4118 475 4
5418 1565 8
4569 4884 3
254 1419 6
2906 5551 1
3725 4601 8
4583 3165 8
1723 1941 4
5248 5328 7
3702 3710 1
4456 3783 1
1901 5252 5
2943 689 4
3406 1235 6
1777 5125 10
1642 4690 3
1905 2969 4
3719 3714 8
803 1693 7
1743 1015 5
3061 3695 4
2457 1006 10
5294 497 10
910 2816 10
2218 4532 10
1670 4004 10
4960 2221 10
5898 3197 4
5246 5916 2
1715 3499 3
496 5936 8
2663 4733 5
4115 5703 5
1176 5693 6
3165 299 4
4214 2717 10
3217 3140 4
3306 3222 10
2389 3747 9
5043 4038 4
771 5374 6
3611 4063 10
3633 4640 10
3244 2217 2
2842 43 5
2689 3062 2
2247 5752 5
3856 3149 8
5535 5089 10
4225 5758 1
3000 4854 8
5318 2391 1
3769 5139 10
3590 2241 5
4538 282 3
5320 4615 10
5216 5514 8
5255 4806 1
2975 2852 1
1133 4941 7
1233 4523 1
2082 4872 10
4131 4157 4
5316 193 5
515 2254 10
160 1712 5
1808 4046 5
5810 3268 7
702 1571 2
4670 1626 7
129 1029 10
5181 2679 8
5141 4443 4
4798 5478 9
5212 5618 7
1555 5642 5
1617 1732 10
5795 1935 4
3912 5985 5
4586 2344 4
3637 5164 5
1240 3584 7
4001 2723 10
3021 1513 10
1706 2667 10
967 2657 1
5167 5459 6
147 3741 10
3947 541 7
4657 959 5
2405 1903 1
2302 5650 7
30 3974 7
4272 4226 6
88 15 5
857 3293 8
229 4518 8
3968 5310 4
746 2371 4
214 986 9
3781 2180 4
2220 709 4
1412 1121 4
4079 3723 10
941 2558 1
440 5934 8
1012 2049 4
724 2878 7
1440 3692 10
3397 2505 10
5758 1930 4
5682 2692 1
2024 3789 5
2868 5920 10
1150 1052 6
1060 721 2
4789 5062 10
4433 652 1
333 1218 7
863 2789 8
5210 140 9
3747 1492 10
1408 5818 4
5070 3674 5
212 3449 8
2245 1408 6
5199 1484 2
1111 5686 4
5881 1199 5
1433 4888 1
2784 5001 6
3910 4808 4
1558 1072 5
3246 4558 9
5202 795 7
3011 4280 5
4153 5750 8
460 1775 4
2514 4473 5
3206 1137 4
473 5759 7
3139 1842 8
1188 875 5
5590 1533 2
4499 3257 4
2875 5379 5
1489 3794 1
1601 3321 5
29 5199 2
1691 5327 8
959 3979 8
3189 3718 4
1615 5493 5
2184 1981 10
2843 1128 8
3345 1946 4
5679 802 7
3752 3667 8
3975 66 1
59 3391 1
2959 4096 2
5839 3343 5
1985 2075 5
2291 4054 8
5831 29 5
2269 4622 8
4405 5419 1
1719 5589 2
646 3332 1
1458 4192 9
5261 4273 4
2399 2764 8
651 487 4
3149 918 4
1857 174 5
1065 759 1
2114 5856 8
592 622 8
1482 2089 8
1305 758 2
4756 5922 1
1059 2425 2
718 334 7
2166 1317 1
4451 3698 5
1581 1416 4
364 1823 3
4917 2163 10
4847 2519 10
1974 274 9
4595 3019 9
3446 2311 4
5577 554 3
3112 669 8
1990 2831 7
1186 5481 4
4454 3761 4
3623 1063 4
4560 1843 8
4539 2058 4
5647 4513 7
315 2689 2
3674 3305 10
4149 3094 1
3181 711 8
1919 1039 2
4452 2535 10
1737 2772 5
788 1142 3
577 4224 4
5599 1677 9
5540 4965 10
2814 5532 4
5547 3810 8
4422 5668 4
3942 1746 1
2205 942 5
3541 247 10
2433 3840 3
67 5366 1
2354 1700 5
4852 4817 10
413 4002 5
5862 5253 8
5086 3181 5
4228 3516 8
1831 5840 10
1973 3095 4
2415 4051 3
2221 4401 4
3058 5229 5
3017 4723 10
3690 3672 8
928 781 8
2559 4367 2
1132 3209 1
4795 625 8
1350 2195 8
611 3104 8
1976 3448 2
4615 4983 8
3097 182 10
3404 786 5
282 4464 5
4145 3336 4
433 2841 8
2026 3651 10
5396 1951 8
2857 1579 4
5661 5296 4
659 5702 4
4544 2426 8
4531 2927 7
4361 612 8
503 3451 8
920 5064 4
4677 4500 2
1548 479 10
1772 4180 8
961 1561 10
5428 121 4
2665 4198 8
3514 4137 4
841 3881 1
4477 3495 10
2498 1879 5
3180 2337 8
1140 5584 10
2722 5013 3
3328 4677 1
5676 1844 7
5968 2536 10
2489 2677 8
3669 5348 1
3269 5390 4
4794 4258 8
1334 5142 10
5565 455 7
1415 2509 1
2003 2604 10
4307 381 5
4279 2699 1
5122 651 2
4830 3101 10
1139 2438 8
3233 2013 6
2210 4521 9
2738 647 1
5937 319 5
749 2395 9
3034 1518 4
286 1 9
548 2620 10
4875 5319 5
2932 2730 2
752 5742 2
3557 1825 8
1206 1065 6
1843 2459 10
5433 4664 3
5755 4860 9
2988 2577 1
5409 783 1
5137 3300 3
3002 1466 10
1732 5463 10
4334 5208 10
146 1071 1
5962 1198 4
1049 3060 5
4089 5212 7
4179 3189 5
4971 5913 7
850 572 1
4175 1660 8
612 3561 6
1122 141 3
131 4070 8
4957 507 10
2517 574 8
2390 2301 8
5726 905 6
506 654 1
1959 4920 4
399 4342 3
5774 4621 6
5403 3815 9
1610 555 1
4241 1326 4
3376 5011 3
3721 327 7
5001 4709 10
1860 4166 2
1564 2039 1
697 643 8
3540 448 4
2829 430 5
4446 5110 7
1207 5330 10
5146 4990 8
5538 1358 1
5299 4483 9
1445 203 9
853 3787 10
457 3666 3
5230 5904 5
2238 3097 5
126 5529 8
5511 5515 1
1347 2867 8
595 957 5
1644 1289 9
3552 1774 5
5643 1496 9
1918 2246 1
1953 5643 4
914 3581 1
637 3158 6
1683 5233 6
3793 5986 7
1880 5558 1
3513 1958 10
1094 2400 10
2261 1331 5
110 3017 5
120 3390 4
1429 2875 5
1401 1641 1
2429 712 6
500 120 1
324 5421 7
2132 1742 10
2792 5158 5
1510 696 5
2208 4359 7
2380 4275 5
3226 5791 4
3358 3340 8
4407 5775 4
5552 3127 10
2207 4291 8
1995 2316 2
3532 3931 4
5715 3468 8
4143 2737 6
2512 5561 7
4726 4773 1
1967 2261 4
2548 2119 1
2200 3258 7
801 1537 7
3704 3135 4
4845 3930 10
5832 5564 3
3242 5277 3
2633 5184 6
183 5155 4
3322 2795 4
5874 1649 2
2277 4827 8
3526 5656 1
3365 897 1
1591 3513 5
349 2617 10
4209 666 4
1258 2859 5
5969 5190 5
5395 5177 10
4781 4885 2
4297 5031 8
1902 4567 5
3116 743 6
5657 3020 5
3634 175 7
152 1525 5
828 3450 8
2382 386 8
537 4105 5
1728 2761 2
2850 3466 8
5461 260 10
3227 5886 8
396 5151 8
1441 5613 10
272 4625 2
1878 5152 4
4428 4352 5
4461 2607 4
1928 1343 5
2884 4012 10
3866 589 5
2160 4468 1
1837 2059 10
249 462 8
5205 2465 1
2216 2563 1
1018 1692 8
5031 3821 10
4176 5865 3
1417 4029 4
758 1153 8
750 3291 5
2342 2441 5
4496 927 4
3310 4873 10
4124 5823 10
4091 2090 10
944 5745 8
1064 1939 6
5638 2192 6
4509 4594 1
1342 1286 5
4943 5720 8
3003 4308 5
2051 2320 8
4144 2091 3
5154 2694 8
5922 3295 10
4340 3905 1
3109 3733 8
3469 747 5
685 5525 8
5104 1207 1
3333 2796 10
1507 3392 4
2770 5084 8
5441 4679 8
4837 1443 4
3961 4486 4
4571 2998 5
529 2147 10
3683 704 4
4823 3985 8
1910 4030 8
5171 4361 7
2994 894 10
85 4087 10
4494 701 1
703 1349 10
2441 2916 9
5797 1531 9
3163 3244 1
1595 5833 9
191 926 3
3412 2663 5
4348 4116 5
3852 2632 7
2681 1945 8
2037 5309 1
5303 2948 1
604 4242 10
737 4861 6
4315 1251 4
938 965 10
2701 3879 1
878 5768 4
180 923 10
4308 4850 4
1336 4271 2
3393 2298 4
2737 2036 8
3850 2779 1
3522 5819 9
2508 1057 5
1620 138 8
1180 2777 3
1890 4833 1
3048 2104 4
5483 921 1
4729 3668 10
2702 5266 8
5935 2440 5
2043 2328 7
2919 4086 8
1326 699 5
4863 2897 10
1081 4666 3
1531 3041 1
5823 5347 4
2410 5763 3
430 206 4
1992 1436 1
1546 4925 1
1517 4506 10
4944 63 5
4055 1552 4
5474 2745 3
1939 5655 10
2935 537 4
4533 5217 5
3579 1755 9
989 4663 1
6000 5230 5
5188 760 9
5253 558 6
3695 1441 5
5373 2695 10
1520 171 5
3932 1969 10
185 710 5
174 4673 9
4892 1485 5
5075 1685 7
5634 2176 5
3439 3848 4
69 2966 10
5927 4980 10
5765 3154 10
3860 1397 1
405 661 2
5287 2929 10
3603 1655 1
5786 1871 8
5644 4269 8
2767 3633 4
3390 2205 10
3434 1363 5
1496 5363 4
4662 122 3
4588 3565 5
437 1304 10
691 1434 8
4032 2564 10
3126 213 5
4805 3749 4
5264 4406 1
5523 843 4
3260 2088 5
354 5407 5
4719 73 1
5493 461 4
5275 3970 1
1344 1635 4
1522 4724 7
3990 2871 9
4775 1782 4
3198 4120 5
5759 297 1
1750 2747 8
3056 4837 10
3745 4178 3
5105 995 10
109 967 8
1208 5267 10
7 1369 4
844 1523 5
962 81 6
3262 2963 5
1832 4338 4
3303 4272 2
1828 1394 3
465 3182 6
1303 4579 4
1011 4619 1
4283 1898 9
3944 2771 10
2272 1141 4
447 2641 2
836 2281 8
1926 1503 4
876 4049 4
2819 2951 1
833 5914 10
84 1173 5
3755 4250 10
3107 4498 5
1072 737 6
5482 1698 2
5142 1212 10
710 2430 1
711 787 5
1369 278 1
4386 359 5
2036 2968 3
4103 72 8
2443 5093 5
5352 4181 8
602 4158 2
2093 2200 5
1534 1507 4
2930 4314 10
2780 4154 10
4457 3417 6
4790 3700 6
4312 4519 10
3530 56 5
3441 1720 10
4706 1906 9
2057 2345 10
4434 5726 10
5757 5806 5
1348 5002 5
650 5430 1
4992 1356 5
3925 1469 8
5833 4381 7
5537 1257 8
5097 416 1
1988 4259 4
2552 5313 10
3135 1323 8
5123 1679 10
1009 1045 10
1251 2542 5
5039 1575 4
2558 975 8
3636 1321 5
5066 3621 4
1865 5392 8
5017 3388 7
3261 5191 4
56 4923 8
164 4659 2
340 4655 10
4062 5494 10
478 4539 5
1457 5201 1
4934 655 7
4047 1832 1
4041 1658 7
3082 1086 7
2949 4608 5
3851 732 2
4850 2580 10
4511 2601 4
283 852 4
3621 5876 1
169 2546 4
5852 3470 4
135 340 2
5431 4205 6
2285 2534 10
486 1192 8
3538 806 4
609 1491 4
4711 4607 7
5343 3800 8
4968 3382 4
2811 1080 2
3022 5350 3
559 5262 5
2834 587 1
3751 231 1
849 2642 4
1813 3008 4
2961 3645 3
2903 4206 6
2603 2032 1
557 1202 5
4237 1285 1
5959 305 8
1820 1002 4
3471 5047 10
2821 726 9
738 3549 4
4501 5563 4
4030 229 4
2230 5166 10
87 4111 4
5507 3981 4
4147 343 4
2223 5292 2
2619 277 6
136 3072 1
3539 3039 8
3521 878 8
630 178 1
906 4439 4
4870 5979 10
4048 3925 8
826 1219 4
3295 3173 5
894 273 6
3076 1106 4
1093 406 1
1789 1018 1
495 3429 8
2967 3314 8
1504 827 5
5213 3455 4
1788 5170 3
2830 2919 4
106 3287 5
705 5238 8
3147 6003 1
5226 3152 5
5051 5614 1
3103 1232 8
28 218 7
5892 3617 8
1444 5894 1
3791 5765 7
4098 5878 9
2102 4919 1
2997 68 3
5732 2437 4
3383 5438 10
3993 2497 8
4592 4942 6
3770 3691 10
2306 5281 1
1525 3865 8
2331 3832 5
693 3353 8
993 5422 5
2177 3765 3
2579 5882 1
5844 4341 10
493 5890 3
5219 5773 4
2648 2893 8
442 3488 3
3599 1160 5
3740 538 10
475 1007 5
293 1736 5
4973 4263 8
4980 1144 5
3570 5707 4
2584 585 4
5858 5924 3
3370 1933 10
4058 2372 4
715 5019 1
5772 5731 4
2880 1260 2
4333 4095 4
4673 3597 8
2017 841 10
5693 3015 8
432 3994 4
1120 5968 5
3973 1686 5
5640 4534 5
939 3043 1
2929 914 8
4535 4577 10
4372 526 1
1203 5021 10
4984 1211 10
5718 4248 1
117 5794 9
3437 4445 4
5835 4757 8
1056 5678 9
5683 2212 8
2669 270 5
1377 3826 8
3273 91 5
1493 4236 4
5594 313 8
4568 2957 10
795 2115 9
2021 1754 3
2759 1360 4
1128 5090 1
3546 2994 4
1453 2718 9
2491 3471 8
3457 2729 4
4040 2168 4
5678 5471 3
799 730 9
4238 3961 3
5345 4591 7
3894 4373 8
4328 4018 4
5899 5952 8
5628 2464 8
1054 1953 3
5983 3684 1
4418 3652 1
2742 2458 5
4163 3670 8
3151 2740 4
5630 3521 1
298 5517 5
731 502 8
5807 154 2
2835 227 10
698 954 5
3111 5630 8
175 2984 4
3312 3876 5
4685 2443 9
911 5121 5
2583 1999 8
2945 1675 8
4039 5285 9
2425 5751 8
1864 2665 8
5161 4935 5
1944 5805 4
467 2552 1
2824 1096 10
5134 828 8
1816 1340 8
4326 1453 6
226 3535 3
1 1915 8
3079 5278 8
1794 1221 3
2190 1892 7
2121 1036 7
4877 445 4
2339 2828 5
4882 4725 4
2617 4255 8
4557 2791 7
834 5569 7
2547 5176 10
1533 2181 4
5544 4702 8
5325 4382 3
1261 2167 5
5933 5153 10
161 2579 8
2258 1187 10
2524 1093 5
213 4364 1
1464 886 5
3445 1027 2
1341 863 10
4436 523 10
1659 4875 10
1315 3469 10
1495 731 5
1476 1347 4
3786 4437 1
3875 2357 5
4483 771 2
4640 5261 4
62 4997 10
5886 4448 8
3427 2765 9
4443 3914 10
5897 2974 7
4323 5788 8
2201 5101 1
1858 5354 10
2236 4189 1
1484 607 3
3403 5087 8
5531 5662 2
1869 819 1
2667 1949 3
2892 490 6
555 186 8
1914 3586 4
570 3890 5
3608 1237 8
3018 3078 1
5914 3725 4
5743 1350 4
3525 1665 1
2253 248 10
1589 1409 10
3359 22 5
4097 428 7
5694 5579 8
5896 3545 9
3133 5719 10
4070 5265 10
5626 2382 8
4764 2126 5
1043 5288 4
3114 3231 6
2040 2282 6
2368 5746 4
5792 1382 3
3953 3211 4
4438 2829 8
4458 2669 4
5035 3671 5
5996 4898 1
3854 1081 7
5357 3248 9
2934 580 6
5796 2085 4
5764 881 3
5771 3133 4
4378 2899 9
459 4344 5
5901 5178 4
933 2887 8
5675 598 4
864 2376 1
4961 3511 10
1167 5412 1
3995 5557 1
4946 2659 10
1052 5555 6
1000 660 9
5946 3275 4
5197 3179 1
1742 3192 1
4162 637 7
2646 464 5
4478 3103 8
4541 1601 4
5272 4336 2
2554 3322 7
2560 3279 5
3092 3319 1
827 2870 5
1279 5748 8
1577 1654 8
5444 1554 8
4526 953 8
2375 4953 9
151 2630 5
3940 997 10
5238 4090 3
33 2206 4
572 2891 1
3485 3435 10
1469 371 1
3744 3302 2
5350 1854 6
907 4881 10
5268 85 2
870 5037 8
3272 5615 10
3236 4720 5
4117 4185 3
3209 5605 5
3583 3005 8
5612 2572 4
726 2118 5
1557 4418 10
48 1798 4
2671 2915 3
3943 2979 5
947 5727 5
2329 2908 1
3053 4467 5
1609 5832 4
5936 2527 1
2781 2137 8
3380 4404 9
1834 2561 8
3314 865 5
2951 821 10
3677 4501 5
5920 3788 5
3183 4022 1
2704 3370 10
858 3637 8
3006 5239 10
5453 2047 10
4198 2499 1
945 3912 10
2182 4249 8
1600 2953 10
4444 5781 5
2305 5326 10
5521 2794 4
294 2656 6
4558 4202 3
1362 5040 4
3829 1497 4
134 1876 3
1666 4762 4
2007 1183 10
3580 3272 5
1929 5673 3
4479 2050 10
4792 2911 6
2211 2263 10
922 3795 3
80 1254 7
3949 3067 10
3351 1505 4
2038 90 10
3651 5770 7
2918 98 5
3456 4301 1
5069 3148 4
1886 197 5
4815 1640 8
3113 5792 7
5865 895 10
5701 2203 5
3504 5287 1
1252 5691 10
344 3462 1
562 3612 10
1596 1634 6
2290 2321 10
5561 579 10
4939 4502 10
4737 4149 6
1084 5612 1
36 4512 1
5022 2799 4
3707 4680 1
1561 1047 10
3684 4973 1
2215 5003 2
3913 2018 5
2555 3306 5
1062 191 10
5609 5100 3
1887 4592 6
5827 4661 8
4862 3351 1
86 3226 10
1824 160 8
3962 3025 1
3374 4650 9
5463 3954 5
655 4826 3
3091 4668 8
2332 5094 5
1998 4687 10
4335 3758 10
631 2835 1
2849 2623 8
4814 3483 8
1129 2101 8
2699 4465 1
9 3682 4
1821 4691 1
5677 4626 4
2155 4536 10
2509 2352 4
2729 3421 10
196 5263 1
2734 5573 8
5686 5218 8
3134 3935 4
330 1627 8
5512 316 3
4016 3999 3
2693 1181 8
3849 2289 10
2822 4392 1
5407 5909 1
1156 3665 1
4580 690 8
2323 5254 1
5003 4975 2
1246 5590 10
107 2594 10
2343 79 4
632 2419 3
823 1306 8
4150 4559 10
5336 2547 1
350 4613 3
1733 103 6
660 4728 3
1748 2932 5
4341 4505 7
4813 3021 1
3600 4496 1
1158 4429 10
3653 4349 10
565 1562 4
5695 477 1
4169 3536 4
2813 4421 2
3361 4781 3
41 4179 4
3302 5260 3
4715 3153 10
347 1474 6
1461 3685 7
4247 4553 4
5332 2338 8
2360 1982 4
2127 717 10
5164 1622 1
4105 1643 10
2938 5506 5
1471 2068 8
4540 2186 10
3801 1278 7
968 4758 10
348 5507 10
2954 1764 1
5828 2022 8
3270 805 10
917 670 4
3703 964 5
5300 442 7
3809 3805 3
2014 2548 4
4375 2802 5
5042 1856 5
1646 5194 8
1032 861 1
5471 4624 9
3508 5816 5
5321 3022 1
4 491 6
671 4241 7
692 2575 4
4465 2724 5
667 3233 7
5712 4497 4
2526 3852 10
4512 3207 4
678 222 8
1454 4097 3
6004 2235 1
5151 3870 4
1488 5659 10
3950 4167 3
4133 5056 8
2059 1488 10
4284 4232 9
5882 1389 8
1468 4476 7
553 1750 10
4006 1763 4
2022 158 8
5808 2652 7
3811 2201 10
5126 2961 8
926 356 10
2946 3273 1
5499 1971 4
3493 5772 1
1544 4340 5
4570 4999 10
384 1715 9
2806 4710 6
1547 5935 4
3694 5027 6
2073 4274 8
5071 1910 4
1245 569 4
971 866 10
4937 4909 7
2879 432 10
5282 3797 9
4991 1194 10
5806 1250 5
2402 3886 8
5160 1650 6
1978 547 8
672 4981 1
3369 1504 1
4406 26 10
1881 1490 10
5668 5457 8
3657 2194 8
3421 5333 5
5327 3798 5
4166 3089 4
2571 2710 10
2233 1214 6
3341 4399 8
4730 4080 5
1745 2982 9
1378 1621 1
839 5665 5
2234 5358 4
2754 5382 7
1335 5342 8
551 4727 1
4725 3903 8
4502 2516 6
5411 994 8
5189 2615 8
744 4379 8
78 400 10
358 1840 8
3200 1549 4
3482 3086 8
3410 4522 1
1529 4813 8
526 370 1
3555 2746 1
848 492 10
5429 5798 1
3096 3138 8
5719 617 4
673 793 5
3618 1041 1
5206 1463 10
785 2769 6
2292 5248 6
1567 582 10
4363 2590 5
5469 3987 1
3045 3301 1
3888 1107 5
5581 5685 4
4403 5232 2
1505 2157 10
4294 5604 9
1682 2872 4
5583 2264 7
5076 3504 10
2801 4748 5
3010 1337 10
4287 109 1
5740 993 10
1379 4306 7
2466 1359 4
808 4083 10
4318 3404 5
5355 5545 8
3765 3313 5
4034 642 8
2865 127 8
4336 2851 3
2081 5467 8
5356 4515 2
1923 2142 8
5733 2153 4
4510 117 2
2896 1171 7
4785 4938 1
2352 2975 5
102 2044 8
2800 4440 8
3449 3318 3
1332 1288 8
3988 650 5
4411 4616 4
575 1366 5
2839 369 1
1746 2024 4
2416 2251 6
5576 2778 8
5368 1734 4
5563 5918 10
421 3475 5
5125 3402 10
4342 272 1
1367 1346 4
2916 4328 3
2521 8 1
1232 1796 1
423 460 8
3574 1657 2
4045 5994 10
5845 899 10
2912 962 7
235 4145 8
5172 4238 6
279 1760 4
4602 3940 10
1872 3175 4
1513 5411 8
1164 2003 8
5838 3397 5
5225 2622 10
5148 561 4
2791 542 7
3346 5575 8
1751 2007 4
5452 910 8
3063 668 1
4574 187 1
3591 309 8
3419 2143 1
3146 5228 1
2309 3939 1
5129 1480 5
5873 1880 8
5094 2269 10
584 1042 8
2275 1522 9
4840 4354 3
2639 5111 10
367 4451 4
5454 4602 4
1016 1955 8
1215 5756 4
4352 639 1
4806 928 5
4254 3477 5
2128 947 8
4410 4549 5
1568 1809 1
1284 3430 9
3919 3722 1
1913 766 6
1868 2318 4
5004 3481 7
3518 2242 1
3823 1834 5
1952 205 7
3512 1807 1
5889 3026 4
5560 1050 3
3301 3494 3
4396 3 7
1321 1274 4
2807 4821 8
1384 2703 8
1026 5597 7
2473 772 9
1943 5105 4
6006 1646 6
1006 3108 3
4857 2360 4
5659 4052 4
523 4791 8
873 1610 5
5113 5193 8
5423 4580 8
5333 5611 5
5546 1126 9
3711 433 5
4425 4694 1
2837 4970 5
3787 280 8
3734 2015 6
1392 1770 4
5481 2645 1
4826 1925 1
1267 2950 10
1229 4430 5
4290 1313 3
4880 4227 1
5079 5014 4
3015 5689 5
1302 4433 5
2259 4042 4
2371 4936 3
5437 5279 5
851 96 5
2351 4371 4
4987 3525 1
4765 1629 1
375 5460 1
1410 3289 4
1221 1784 1
5026 5970 1
1502 1244 7
2855 3757 4
4253 1473 8
3987 5822 3
1853 887 4
3332 118 5
5389 5032 5
2048 2508 1
3848 1386 1
301 4454 4
1649 5473 7
2805 4703 5
5876 1486 5
271 286 2
2450 4976 6
1424 5041 5
4495 338 3
3764 511 8
5760 1960 6
3307 1399 10
1301 2202 9
1366 499 7
3761 4193 4
1968 2884 5
2088 1714 5
3559 3526 8
1225 4060 1
3357 5157 5
709 4034 1
1345 553 8
4319 1022 5
2267 5906 10
221 3683 5
2901 3077 8
2948 1164 5
1088 2868 1
809 5681 4
3640 1993 1
4731 3119 8
4699 4377 4
1686 1168 8
4369 3171 8
2387 2348 7
1698 2276 9
1281 2943 6
406 2991 5
2465 5658 10
1506 1213 4
5699 3126 8
1053 1351 1
3176 5128 8
5058 3809 8
3920 345 1
158 4047 8
195 1155 4
1554 5255 4
1200 402 4
2206 2759 8
3255 3164 8
5567 2524 10
382 1376 1
5289 378 1
3693 5799 5
3001 5957 2
1612 736 6
1677 4069 10
3686 1204 1
1608 803 3
5028 1094 4
2454 1023 10
4472 1744 5
1145 5272 1
321 5966 8
1166 3720 7
2391 5476 2
3219 5724 8
225 4828 9
765 662 9
1472 3125 3
270 5465 6
4417 2216 10
1467 4112 8
417 3866 1
5709 1772 8
1478 4245 7
5794 1113 10
5449 1442 5
2920 2832 10
5124 754 5
5408 4108 1
4516 5023 1
2708 1717 5
2108 2339 8
5903 3875 5
3750 5636 4
3519 1837 10
5633 1271 5
365 4790 10
4270 4574 2
1494 149 5
3122 1726 9
4654 5619 4
2940 4635 3
269 1869 8
2069 5391 5
5344 60 5
1927 3335 6
1045 713 5
5742 6005 8
3735 279 5
1036 4926 7
2878 4610 5
2861 797 1
2987 3632 2
4532 3601 8
3407 1476 5
4846 1234 6
3592 3395 8
3635 3081 5
1844 185 3
163 2355 6
1817 5415 6
5550 849 6
2456 1188 5
2523 1420 5
1044 4197 6
1986 3298 8
1100 3183 2
2192 1032 2
3664 5174 7
927 1568 10
5592 2814 5
1452 3520 6
3808 1948 5
2709 2231 7
2828 3862 5
3031 4822 3
1211 3569 10
689 2095 1
1418 1515 1
1025 868 5
3317 1928 4
5954 5086 10
2105 4582 2
2294 2255 2
2142 3524 1
2752 3774 5
3804 1125 8
236 5960 10
4940 2451 1
4664 898 6
1647 2124 8
5766 4082 8
3379 5044 10
362 3984 8
5378 2402 4
3483 4147 10
1013 1804 5
561 5987 5
1712 4774 10
4612 5512 10
5928 4479 1
2511 1238 5
4962 2418 8
5119 1862 8
1041 5847 1
1409 2323 5
3699 1885 8
1058 46 10
5267 5036 8
5549 4711 5
3763 4261 3
2556 3679 10
2172 2009 1
4235 829 10
3019 2196 8
3319 3408 1
304 47 5
2424 2749 1
1209 1586 5
2203 1449 4
781 2334 1
4636 996 4
3036 1258 8
2520 3992 2
3120 2682 4
1237 5274 1
2564 4300 10
2594 5222 8
1498 4347 2
5099 5826 10
4767 832 10
1170 5074 5
3340 969 10
1149 5565 9
1840 5426 5
4518 3752 8
488 937 4
436 3804 10
3479 5633 4
5023 1184 5
2284 27 1
1361 4825 2
2620 3596 1
1738 409 4
3300 1671 2
1633 5554 1
639 4555 8
3267 3515 7
514 2977 7
2018 2965 8
288 3937 5
2400 5437 10
3863 5779 1
2000 5652 3
3491 1083 2
645 362 8
3874 2204 4
3073 4233 5
3066 1822 5
1796 1808 5
411 3564 7
779 812 6
5234 2610 10
2469 1829 8
1127 3378 7
4181 1788 1
4581 4402 7
1542 5696 2
2086 1454 5
3656 483 4
2289 1392 4
618 3037 1
3545 3616 7
491 315 9
4206 2520 10
155 467 1
647 4746 10
2449 4279 8
127 2330 9
2409 3822 1
2321 4540 10
5788 276 1
402 515 4
2902 2347 5
2431 5814 1
265 3069 9
3726 5486 8
1227 3527 4
5645 2383 8
1778 1444 10
2750 1674 7
2333 478 6
2944 110 8
3881 3929 1
5262 1242 1
5013 2342 2
1106 4327 5
5479 5071 10
3044 2862 8
3265 17 6
5641 3057 7
3105 3901 1
1781 4960 10
1690 5574 10
2747 1400 4
593 4013 10
1598 5304 4
2691 5331 3
4382 5836 1
4354 4040 10
1023 1668 10
145 2821 6
4027 230 5
4057 5029 4
3739 2786 10
3487 4889 10
3884 89 5
1159 3743 4
3438 411 3
5527 4135 5
965 2613 1
3606 4770 5
4645 3618 8
769 2573 8
2313 524 3
3372 16 4
4317 3540 8
4187 2618 5
104 3503 4
2393 2218 9
2852 577 8
1422 2273 9
1771 1983 7
716 4372 8
2985 3675 8
2609 1322 3
1625 5026 8
5615 3657 4
5278 2597 5
3182 14 1
1051 3310 4
877 948 1
3195 5536 10
4038 5372 5
2565 5375 10
1119 4786 5
761 2177 6
1024 5784 1
484 2295 8
5745 5024 8
461 2715 1
290 4115 2
875 3590 5
5993 410 9
4763 815 9
881 4853 5
4676 3602 9
1416 293 10
5309 773 8
4257 2756 5
2893 656 10
3737 4672 5
2464 2268 7
1571 1299 2
3460 1852 7
2158 5360 4
5283 1800 8
3548 5420 8
4256 2525 1
3205 31 5
2629 5583 10
2506 1791 7
2241 884 6
314 1352 2
5689 5774 3
1795 5780 10
5515 5944 5
1501 3898 4
2144 3374 1
4869 2997 5
5554 4213 1
511 1365 5
5735 1372 4
4733 2819 8
1400 2080 1
4015 5453 1
3384 3644 5
5730 1947 10
239 3423 1
1758 5850 4
1962 3727 5
4409 5716 10
2970 2962 6
2761 1028 3
2808 4457 6
1141 3856 5
4049 4589 8
5339 1147 2
2414 5730 8
2996 5200 3
1427 567 10
5088 2719 5
4474 5990 9
5824 5875 10
3128 2491 4
2495 4015 10
4350 697 5
629 5641 1
770 3791 10
2133 1779 4
53 685 6
2748 5629 10
4373 2380 1
3996 5950 1
4462 5599 2
3994 3629 8
2710 2608 5
5890 3213 5
2772 5035 10
4746 1570 10
5200 671 6
2099 2120 8
1107 5663 2
4783 3579 8
2799 2941 1
4158 4609 5
5656 472 1
1195 76 10
17 5967 3
133 5368 10
3914 2237 4
5826 3751 4
1152 2639 1
2976 1339 7
4997 423 5
2499 1605 8
600 4266 1
3604 2503 9
3876 4044 5
171 2135 4
2500 4396 10
4296 2288 4
1359 2806 10
3982 1801 1
3720 858 7
300 5108 6
5338 2315 10
4647 2930 4
5446 4036 3
2252 3270 5
2035 4600 4
3459 5356 2
3490 606 7
862 5237 3
644 1539 2
4563 3463 8
1553 4575 5
5570 5983 1
1569 859 3
1652 5723 6
4639 1555 9
1900 2340 10
891 5688 5
3207 5490 5
5746 2589 8
3088 646 8
552 2183 10
5089 2992 10
714 463 4
3495 4456 5
3297 3278 3
5139 4901 8
165 2415 6
4885 2140 1
1019 3926 4
5259 603 10
2942 5609 10
2809 1118 8
3129 1584 8
2881 2904 1
2369 3338 1
3708 4343 3
1941 4148 8
2687 3997 7
4703 2285 1
2749 912 4
477 1411 1
414 5072 10
2475 1886 5
168 2755 1
1805 3593 10
3025 1845 1
5723 4722 9
5209 4991 4
700 360 10
280 1527 5
2662 95 10
756 4646 10
542 1676 10
2453 4358 4
1769 5165 5
4310 1283 9
567 1193 4
2170 3625 10
3701 545 8
3666 322 4
1681 1682 5
4679 3580 8
4172 2043 7
5514 4485 1
4905 601 8
2654 4743 5
4309 1127 5
3241 5284 10
2660 626 1
574 956 2
4368 5406 5
1807 5737 10
4929 2171 7
811 3283 10
5809 5322 10
4227 1058 5
3402 2803 5
485 161 10
2019 1418 10
204 4612 4
5310 264 4
207 1104 3
2012 4355 1
4954 2784 1
2886 3932 1
3812 5468 6
4655 3274 6
91 885 10
2098 605 2
492 3446 8
860 3654 10
444 1707 8
5354 3415 9
5620 4945 1
3037 1687 5
4918 3242 4
4358 1076 1
5304 4517 5
4609 2537 2
4123 1553 5
4481 1259 8
5162 2798 4
4841 5104 8
3857 3713 5
1296 2567 1
2112 5782 10
5697 1802 6
3169 2502 4
4824 2331 4
5915 1529 5
2652 5797 6
4122 2591 10
1371 2586 1
2736 5725 10
3136 2025 10
1618 5961 7
1638 2937 1
5673 387 8
2931 2596 1
2034 3371 10
2176 5959 5
2856 3793 2
5326 784 8
4226 1580 4
3561 4557 6
2137 4490 1
5468 1799 2
2187 3716 8
1661 5082 3
5582 5059 5
5053 2576 6
1826 3163 5
999 4025 1
3466 4023 4
2110 1056 10
3336 4585 5
822 2900 4
3929 3349 4
3343 2625 8
1354 4324 10
2162 2309 1
369 1884 5
847 2375 8
188 2112 5
4970 3514 10
4727 1547 10
1873 5404 3
2249 1282 1
1655 1341 1
5970 824 1
1463 1281 5
1711 3308 8
1966 2128 10
972 3686 8
5470 742 10
302 3522 7
2696 106 1
31 837 3
2276 901 4
3299 4804 5
824 3531 10
1146 4183 10
3895 2906 5
1916 571 4
2050 78 7
328 3988 8
5767 2924 9
5955 2398 1
3274 3721 8
4757 2109 1
1382 2556 5
5782 4864 8
2256 5340 8
2503 983 2
886 3161 5
2404 2455 2
3565 3360 4
5067 3910 8
3806 5147 5
331 4254 8
2042 2477 1
4484 4221 10
5744 723 1
5708 2178 5
5214 2988 4
3992 3908 10
5982 2159 5
1764 4346 10
5279 292 5
4264 5179 1
3038 2341 10
3923 3726 5
3535 2905 5
4489 3054 9
3697 971 4
730 3443 2
5870 194 8
3423 3172 4
4817 1428 1
341 5495 2
2568 1180 9
4066 3296 4
388 1739 4
1664 2836 10
5329 1907 4
5033 3328 10
5805 307 1
1374 354 1
1894 3571 4
4967 2790 9
2580 77 4
2651 2873 1
4110 4138 5
5385 4128 10
3533 1891 5
4723 1101 1
4802 4394 8
2025 5479 1
1034 1315 5
4211 1310 10
3576 4131 10
690 5492 4
4168 4123 10
1414 673 8
2756 2424 4
2367 1252 8
3394 4026 5
4367 715 10
2214 2980 10
3117 3660 6
2077 408 10
1323 1354 5
4088 5683 4
5949 80 3
5837 5838 8
3012 1588 10
3700 4934 1
4116 687 1
5533 2138 6
372 2827 1
1406 157 10
5690 2324 5
1770 3132 2
2123 4754 3
1265 1319 5
2195 4210 1
5120 1296 5
2183 816 1
3028 4142 3
5502 4654 1
2515 1379 2
3969 672 10
2139 4528 5
2350 1889 4
5491 740 10
2191 2539 4
666 2488 4
2113 3986 10
2421 2936 9
1091 4741 5
544 259 7
2372 835 1
139 5129 1
5425 5305 5
2060 5472 5
897 3816 1
4236 691 5
707 5061 10
2103 5006 2
712 2750 9
512 2661 8
2597 2353 10
205 4832 8
2260 114 1
4661 3883 5
5347 176 1
200 438 4
2840 1279 1
5239 867 9
3344 189 8
5961 4156 10
4890 3007 1
2076 4931 1
1597 2918 6
4835 1666 10
464 1724 3
5388 2434 4
2714 5562 4
5073 1618 9
111 1632 1
1436 4281 5
3886 1383 5
1253 2822 4
2921 4778 4
2649 2133 4
4598 744 10
4286 33 5
4901 3111 10
12 599 7
2315 1427 4
3349 2290 5
3288 3941 8
4445 1868 4
468 2553 10
4965 725 6
1387 4094 9
2604 3454 1
2388 1943 3
3864 5050 1
5704 5231 10
5940 5173 10
5722 2881 4
4650 5808 6
5186 2099 8
2308 4678 8
2888 4863 1
3029 2876 4
3585 4961 1
1653 2260 5
2437 372 5
3934 1025 8
5984 4882 5
2607 1890 1
3263 5743 8
5605 5408 10
1559 2675 5
3356 1508 1
3476 355 8
5136 28 9
5781 4474 1
3473 4905 4
974 5060 1
1079 2541 9
1954 375 4
3059 394 5
1293 3381 10
3174 4803 9
5524 3823 7
5227 155 4
1987 3808 10
5466 116 8
2838 4337 6
579 5135 9
4686 2595 6
4011 196 9
3208 5206 3
2235 5187 5
4941 3082 8
4542 486 5
4435 3485 8
70 100 7
2002 1467 7
3167 1432 6
5273 2912 6
4561 383 3
3959 4656 8
4397 3362 6
3948 5160 9
42 1424 1
5093 2587 2
5586 177 7
247 5131 8
3714 1765 1
5169 529 1
5281 1456 8
3293 5057 10
4050 946 7
3162 5052 8
1004 2892 6
1077 5018 4
3647 2731 10
3339 2369 5
4337 4130 5
1809 4229 1
5596 3028 6
1451 2150 8
397 4745 4
1512 2325 10
1114 3409 2
5331 2416 6
431 3851 6
3802 4660 1
93 2696 4
576 5000 1
3882 1690 4
2518 4914 5
776 349 5
717 3344 8
1343 199 5
3352 808 10
743 3068 2
2804 5829 10
2785 513 10
5864 794 7
1545 1528 5
455 4007 4
3911 1312 4
4269 5015 5
5109 1385 4
3867 132 5
4488 750 10
4728 4220 8
821 5556 10
285 1934 4
291 3748 7
3280 169 1
2055 1404 7
4799 1970 1
2993 5718 10
1485 2578 1
5513 4019 5
782 1263 8
3976 2270 10
4931 2362 2
1749 4107 1
5717 2209 3
5432 4551 9
2363 2487 4
5829 3047 8
1689 4297 1
1160 3380 5
2982 2847 5
2908 2317 5
4380 3807 1
3710 130 9
2599 4444 7
5404 5804 6
43 1681 10
2593 4218 10
2777 5403 7
1693 620 3
4707 5204 8
3248 2387 2
1599 551 5
21 1003 9
4807 531 4
4234 1431 10
4524 2086 7
2779 3029 8
230 4795 8
1008 5710 3
519 920 1
516 48 10
2859 1302 10
3443 1162 8
867 3137 1
3709 1741 5
3378 1850 2
549 5386 10
3663 1012 10
1102 208 4
3144 3110 9
676 443 9
3639 4529 3
2577 5760 5
4695 2429 8
1273 2042 1
1272 2735 9
2659 1167 1
1799 3734 3
2357 2182 6
5966 1001 8
1061 3708 9
3292 2374 5
585 3418 4
3905 1967 8
4280 2197 4
3099 2619 8
2347 5066 8
2479 2484 4
4591 3245 8
5393 4911 7
3749 2293 6
1014 3806 1
2615 3229 1
1904 5795 1
706 2388 10
4909 4472 8
3840 1962 9
3844 1152 5
3573 764 5
1262 4734 4
2146 1334 8
438 5769 4
2217 2671 4
3450 3802 10
1105 3416 8
1241 2621 8
5548 4043 4
4550 2300 6
5495 5692 6
1773 1082 9
3575 1438 6
5170 2061 5
5074 5741 10
5492 5241 1
58 4100 10
5841 5946 10
3936 306 10
3350 2094 3
2067 705 5
4327 5669 5
4497 1914 1
3652 4713 4
3291 1325 5
2467 3345 10
4439 4681 9
5179 913 4
2847 5546 5
1955 5519 10
778 2742 4
4989 5505 4
4394 4807 8
1934 3777 7
4357 5679 5
1325 2274 1
1475 5132 5
5130 4207 7
4186 5559 10
5220 3059 10
3499 889 5
5257 2940 2
2472 611 10
3665 4129 4
790 2210 5
5366 4737 1
4408 5767 2
3650 2774 2
1766 2271 5
683 836 5
122 5380 3
3287 366 1
2068 5820 5
4632 3249 3
241 2823 9
580 5660 7
3617 5955 10
1812 2885 4
4829 2825 8
2279 3599 1
5114 3959 9
2957 856 1
2131 3505 1
275 2185 1
3492 1725 1
114 4893 4
1124 5119 1
3160 4561 2
4803 4403 8
5688 1975 1
1372 2805 4
3716 3715 4
4919 3500 8
1736 2700 4
5450 5766 10
2601 4182 8
5143 3528 10
3389 1176 4
1775 4930 5
1804 2513 10
5382 839 1
2327 1292 4
4878 3461 7
4080 4814 10
1055 5849 8
1306 2804 8
1603 5456 6
3742 5671 4
1884 1425 5
227 3877 4
5276 3240 3
2154 3120 2
3264 1186 5
4663 4293 8
3870 3383 1
5007 4768 5
1242 4155 4
5440 5738 7
2080 5449 5
2589 1500 5
1212 23 8
2029 1781 5
5559 991 10
4599 3066 6
3046 1636 10
1268 2874 3
5973 608 3
2286 5701 8
2910 2452 1
4555 466 4
2883 2414 5
2487 5067 10
2061 449 4
4832 4867 9
2407 3386 8
935 1333 9
5908 1591 8
538 2637 10
2637 5106 10
4955 4933 1
4127 2087 6
2827 3607 4
1368 1873 1
2647 4816 6
1708 5812 1
4623 2017 4
335 5549 5
4132 4719 6
1075 2403 5
757 4606 4
3141 2113 4
5322 1721 5
3586 3811 1
3841 3943 9
3259 3771 1
1479 3551 10
5785 361 4
2557 1723 10
2396 2367 10
4843 1560 8
2047 823 5
439 86 1
3979 2698 8
4437 3324 8
450 512 8
3175 3843 9
5923 2207 5
4390 629 8
2151 2070 7
3527 1901 2
2118 1275 4
1889 1224 2
3578 2034 10
608 1538 8
3481 2834 8
1842 1384 5
1540 4946 10
4576 2584 4
2232 2550 8
3567 3659 2
3477 392 10
613 5576 8
921 2526 8
1083 5010 6
3731 436 10
5384 2901 8
1340 2776 8
2674 3238 7
3758 5137 10
2602 3282 5
772 2393 10
381 224 8
3353 4102 3
54 546 5
1030 2913 8
2679 4971 7
1153 2292 8
1676 5130 10
5816 2649 5
1294 1752 8
904 1457 8
5871 3746 8
4556 414 10
284 3824 1
2185 5227 5
5424 1814 1
4137 4571 5
4505 596 7
3760 304 10
2027 4836 4
4102 1367 8
1286 5732 1
4754 877 9
4467 2312 1
2341 4683 8
4475 4378 4
3558 54 5
5813 5528 8
4722 4050 7
2167 1838 8
1839 924 4
5349 2753 7
4963 6004 7
5637 3719 4
736 2247 6
901 3326 2
2188 2855 5
5830 5427 8
3283 2077 8
3789 3393 10
5116 335 5
806 2736 8
5627 521 10
4634 2986 9
5061 3411 10
4370 3162 8
2790 5870 8
1718 4697 5
429 1977 7
1951 4907 8
5749 3166 10
3772 3923 4
3984 2461 1
1231 3243 1
5405 4055 3
345 2843 9
5738 3254 4
4233 1902 5
4546 3566 1
6003 4409 8
5140 4494 1
3818 5972 10
1885 2705 9
3937 979 10
1969 3778 5
3531 4811 7
2533 3160 2
2317 2253 8
4718 5980 5
5184 5787 3
5610 4820 10
3659 1472 10
5625 1019 1
4700 3334 10
3602 3738 3
3529 1396 5
2101 600 10
1204 949 8
299 1577 1
5711 3205 3
4776 3055 1
4073 3480 5
2758 2972 10
5107 2377 1
1720 1917 8
1899 1778 8
1130 4334 1
948 4906 9
2442 4876 1
3688 1255 1
5228 5099 1
1948 4168 10
3229 2006 8
4487 5198 5
5247 810 3
1090 4992 3
681 4417 10
4646 4788 5
408 5635 1
1005 4345 10
5018 289 10
3222 11 1
233 3717 7
975 550 4
1613 5927 10
5670 5971 9
4927 71 10
3589 5617 6
859 3262 7
701 5134 4
108 5103 3
1994 1435 8
6007 183 5
3696 4759 8
4223 5786 9
4660 3342 1
2656 676 5
2318 1134 1
4860 4426 3
597 1017 8
5224 2935 8
5842 1757 7
546 4028 5
5571 1140 5
259 1625 10
5568 2864 3
764 2066 10
5009 4599 3
5295 1452 9
5621 706 8
543 4253 3
3431 184 9
2636 3130 8
1956 1298 1
2899 3529 2
3825 3030 3
2266 984 8
1397 5901 5
1175 4057 5
704 4891 1
1101 5343 5
996 1787 5
4786 4246 4
32 5294 10
816 2240 4
3098 2879 10
52 3122 7
5522 2056 10
3447 4747 7
893 170 8
334 3472 10
1921 845 1
343 3079 8
2536 4020 5
2513 1499 4
773 789 4
2864 5413 10
855 5928 10
5822 2000 9
1819 785 5
1696 5183 4
915 3614 8
1592 3177 10
427 3191 5
4950 5063 4
4732 3299 7
1395 3969 5
4449 87 5
2197 1143 4
5168 4892 10
1182 1489 10
184 2482 5
3024 2480 8
4701 4851 4
2282 5464 8
1787 5682 8
4910 5235 10
4818 1122 9
1022 4634 2
5525 4215 6
937 4550 7
1254 5978 6
3553 5902 10
4674 4732 3
4246 5900 5
4346 344 1
2198 5628 6
2481 290 1
1386 5141 10
1906 5393 9
2998 284 1
670 2447 8
5503 3180 1
4621 3506 6
318 4161 8
3252 4390 1
4109 1810 1
310 1932 1
3067 4887 10
2763 1758 4
2661 2949 10
366 4073 4
4037 2533 4
3927 5097 10
4173 3539 4
4029 2365 1
5602 4653 4
797 1060 2
2796 3452 3
905 3048 5
1399 3484 10
5900 653 4
536 2797 10
3960 2322 5
4295 1767 2
5301 5993 3
2115 2707 7
507 300 7
5015 1567 8
794 1608 2
3464 1097 4
5127 4917 10
2482 2762 7
1192 5522 4
143 4588 7
2432 45 3
1630 1847 3
3016 5078 9
1190 3141 4
1260 2243 3
4492 4541 9
2222 1830 2
4302 5729 10
1672 4782 4
588 2343 5
3240 4869 10
988 5859 9
2164 3407 10
4761 167 10
4250 198 1
4648 5247 3
2423 5855 4
880 2754 8
3197 4620 4
3584 5811 2
796 102 5
377 2105 4
2366 4419 6
5854 3878 7
401 1780 10
4920 917 10
3497 4017 4
4377 166 6
24 5501 1
3418 1338 10
1673 5156 8
2680 5543 3
3933 940 8
4218 5425 5
5649 1154 4
4258 3706 1
4974 2151 9
2293 4074 9
887 5373 1
522 3694 9
4985 2156 8
1183 2801 4
3032 4152 8
804 4244 4
2653 5431 4
3724 4482 10
5351 5182 1
1946 5877 5
2700 619 1
569 5107 1
5334 3578 5
2694 2252 10
2788 50 6
3375 3936 8
3188 4450 10
4416 3124 10
5048 3542 8
4068 3208 7
1585 2626 5
4330 763 6
1082 4290 3
5672 1716 4
802 5951 6
2462 5912 5
2787 4944 8
4300 4427 4
3004 5905 6
4738 1516 8
2981 501 1
2914 1795 8
2755 5943 4
2325 1406 9
5945 3833 10
719 1630 2
144 3376 6
5879 635 1
2485 427 4
1282 3776 8
3713 4772 4
1876 5510 5
1854 1051 7
4108 2470 10
4231 851 8
4911 5700 10
2006 3842 1
2031 503 5
1721 1429 10
189 2530 8
4994 4796 10
55 5410 4
4864 3554 4
4420 188 10
4331 3134 6
380 59 4
5953 3839 7
463 3606 4
4265 2701 8
3228 4886 4
3234 2956 10
1346 1900 10
998 3389 10
4616 1997 4
4347 2768 10
720 4798 1
5448 5992 3
3717 3944 1
3230 3786 5
5578 677 5
2771 2256 8
5821 4075 5
741 536 8
2311 4119 1
5032 3724 8
981 1269 1
2005 3232 10
5177 755 8
4564 811 5
1636 2728 4
3939 3271 8
3249 4424 5
2764 4009 8
5706 5974 2
5252 3817 4
2735 162 9
5192 3052 1
5622 2660 1
2159 5377 10
2248 5713 4
5778 3917 10
4906 3113 4
5185 1150 5
2721 1710 2
2264 848 3
4036 4514 4
1117 1305 1
1627 3256 10
5245 4106 5
2111 3770 10
1329 4109 8
3330 1439 8
5906 1099 1
2016 1265 6
3670 3655 4
4393 4982 4
476 5181 9
3631 1708 10
4130 591 7
2983 3702 5
3315 353 3
4713 2029 8
5520 4883 9
3284 4902 2
197 3953 4
3072 2555 1
5855 2909 10
5963 4365 8
5443 5008 5
3593 3600 8
5912 3649 4
2274 1364 5
4708 505 5
5111 2999 5
44 667 6
5651 367 5
633 1821 1
5713 2485 5
1353 855 8
3897 5761 9
292 664 8
3282 4630 4
2638 3609 8
1198 1284 6
2600 468 1
4683 692 8
1762 5841 4
1713 5571 10
5893 4647 4
1092 4895 4
1425 38 4
3536 2902 1
4266 5644 8
1960 1797 8
760 4617 3
5702 1357 8
4933 1551 10
5222 1924 3
1847 5744 2
3898 2691 6
3753 6001 10
3643 559 10
3087 5434 4
5997 951 9
4025 4144 7
1002 4118 5
2539 2574 9
5193 3576 10
5288 5069 5
2817 3958 8
4605 5497 8
3289 3010 2
4384 2860 10
2270 5553 1
1131 1874 9
1888 1790 1
5818 493 10
1278 818 1
379 2370 4
4273 415 8
528 548 10
481 151 10
1846 3000 7
2094 2721 8
4620 2837 8
246 4282 10
3235 3220 8
5593 1156 8
2492 3320 5
4387 3664 8
4471 1761 9
1694 4117 10
4222 2635 10
2053 1994 5
2381 3143 6
966 5842 7
5095 1730 4
4752 3355 4
4780 4177 10
2468 226 8
4366 1402 10
2551 4420 10
3413 5138 10
2692 2668 4
206 1300 4
2741 2248 8
5741 2234 4
1883 3853 8
2496 872 1
342 2785 5
4431 3799 5
1810 1084 4
2173 1131 5
1222 3899 8
2964 5352 10
3137 421 2
2760 2606 5
2673 5958 1
4868 4003 6
912 987 8
4668 4172 6
2463 1381 8
5564 5188 4
3885 1573 8
453 2744 2
3323 2074 10
900 2401 7
267 2920 5
5905 3762 6
2995 5566 4
1322 3187 8
1614 1437 10
1413 5885 4
4125 2166 8
4617 4686 1
4999 3186 10
1616 24 4
5005 5570 8
5412 5445 1
1287 4598 10
4820 5568 1
4587 377 10
2493 4593 10
3783 1615 5
5710 5956 8
4672 4325 6
3581 5513 4
885 1729 5
5006 5706 3
2355 595 5
766 3835 5
5274 1740 4
4470 1535 9
1423 1987 4
3435 2917 1
3537 1407 6
5249 2923 6
49 2361 10
5629 2417 2
4092 1253 1
289 5079 8
2251 3297 5
1942 769 10
1319 1548 5
504 4449 5
5987 2236 8
2314 2655 1
82 1858 1
4054 88 1
4886 778 10
4986 13 8
1007 2845 1
4879 4604 10
1947 4257 4
11 1524 5
775 3195 10
3680 2014 8
2470 814 5
2688 2055 3
5451 2498 5
4884 2060 1
208 4356 8
5359 3828 4
5390 388 5
4669 1307 8
1508 4583 5
471 1109 5
3981 2612 4
1194 3184 8
861 2073 7
4705 1087 7
845 4194 6
5328 2141 2
4200 3829 4
4981 3885 10
119 844 7
3629 1585 1
978 1587 4
4052 4977 10
4659 3425 2
3507 1008 8
2320 2053 4
1756 5762 10
4165 1965 3
79 3946 4
807 3996 5
786 4841 10
4278 1514 9
4229 4225 10
3458 5293 5
5860 5631 5
220 2121 10
2307 528 4
317 2733 2
1958 989 4
281 3661 8
648 1596 5
964 2983 6
1657 237 1
1465 3744 7
5956 2072 3
2335 5911 2
39 3730 10
2786 2051 1
5700 4190 4
805 3962 4
5762 4698 1
5846 3891 10
2150 1702 8
6 1132 4
3318 5645 2
563 718 6
1035 1875 2
4828 3267 4
422 1589 10
3891 2332 5
5434 2688 3
5650 2433 8
5660 2839 6
5442 3662 4
3054 1559 8
3660 3219 6
116 3227 8
2451 1835 5
5045 4989 4
5798 2129 2
1099 2449 1
5575 4062 1
1724 533 10
6002 2350 2
800 3128 7
137 1043 5
3822 809 4
918 1592 5
3649 5264 10
1874 4489 7
5010 34 4
5850 5945 4
5817 1189 5
3069 4010 1
3075 326 10
1924 5291 5
3216 1414 5
5980 1520 1
2244 1912 3
3311 5123 1
4285 3088 1
1754 1542 9
5296 624 10
2676 2308 8
2572 5828 4
1551 1927 4
1922 1433 1
2054 1737 1
4698 562 8
3220 2363 8
812 2813 3
4753 4407 8
5421 211 8
3964 1950 6
4691 873 10
353 5491 1
5557 1135 5
5133 258 3
418 2898 2
2582 5998 8
2531 4353 3
5029 2690 10
1295 2230 8
1528 2581 9
167 1461 9
2871 225 8
2866 4369 1
2365 1009 8
5736 2079 10
5618 3024 9
4744 3582 8
1228 3228 4
943 4908 4
4687 2385 1
3796 906 9
4594 1896 5
2328 5016 8
4090 5596 4
4322 65 2
5639 4214 1
623 1550 2
5528 473 8
2815 3990 4
4021 420 6
3 890 3
4178 4067 3
4603 173 8
72 4428 5
2712 4823 10
332 1976 2
313 1380 10
4204 2378 1
1849 1075 7
5950 1954 8
686 2614 8
603 5844 4
5958 2250 1
5306 1684 5
2746 2600 4
2091 1828 9
5462 5488 10
448 5587 5
1339 5339 8
5358 1718 1
2963 179 10
3563 1751 5
77 3709 5
1514 3361 4
4898 5303 10
368 5301 5
3100 5055 1
2587 592 4
3588 4922 5
4018 2708 2
2810 2215 1
5608 312 5
4947 250 1
3967 5271 8
774 4510 5
3172 4330 5
2370 4765 5
1704 3085 4
449 1916 5
3214 4410 4
1792 3631 4
307 4143 3
5194 3387 7
754 5210 9
1375 1478 1
3014 5154 8
3480 1855 10
1550 357 1
2625 4526 8
1328 831 10
2622 5344 1
3938 346 8
1815 2158 5
5313 3316 10
2438 4842 5
2775 5728 2
5324 4267 4
4692 1680 10
4429 2741 4
1699 165 10
1731 4564 4
2528 4831 10
5655 1793 8
3692 4435 10
101 5004 1
5497 4805 5
4298 2199 8
3268 1574 7
1930 5038 1
4897 3440 5
2683 5667 8
1565 348 10
2845 2958 1
1785 1670 2
2011 3623 8
1739 4928 5
985 3269 10
5360 1973 8
5055 3200 5
2877 1918 5
2119 3486 4
865 4776 4
3654 4595 10
4644 2226 3
4112 64 7
2303 4838 4
3071 2722 3
1784 1872 8
3892 4533 4
3275 5077 1
819 5717 5
942 3145 1
1098 3603 5
1556 5754 8
403 5674 9
1648 557 1
3503 2170 1
5877 1582 10
3468 2543 10
3628 3375 1
5551 3557 4
4922 1991 4
2733 978 8
2703 870 8
3534 401 8
4821 698 1
4274 1403 9
759 368 6
1197 2808 3
5938 1611 5
3467 822 2
3224 3092 1
976 5572 4
3978 4761 7
3472 876 9
883 5608 1
4248 83 3
4903 403 5
4554 2890 8
2179 4252 10
1570 4718 1
598 883 1
5536 5226 10
4324 4375 1
5117 4658 10
394 431 9
5439 6006 2
5911 5325 3
3983 593 4
4575 4441 5
2445 1074 7
1827 4538 2
20 5508 4
4207 1061 6
3687 5033 4
4638 2523 4
2836 4572 10
2109 751 10
5091 5175 10
2246 3263 5
3722 4744 5
3873 3705 6
4552 4125 8
170 1748 6
3355 1563 4
4866 266 8
2885 864 10
3715 780 4
1982 3510 4
219 2063 5
22 776 10
3846 896 5
1541 5651 4
4412 5921 6
3718 3868 10
725 1727 9
4514 3433 10
1402 2319 4
4529 2727 1
682 1159 8
3661 1371 1
2658 393 4
4424 4708 10
3826 3574 10
2574 4614 1
3266 5189 5
4622 5783 4
4739 830 10
5606 2739 5
231 3405 4
2411 4787 5
5400 1035 8
1578 2757 4
182 5588 8
4188 1819 6
530 1972 10
266 1114 7
4463 4537 4
64 1481 2
3422 5091 8
1859 3814 10
201 1089 10
4311 1195 7
268 1867 10
2541 5646 1
4022 265 8
1896 5409 4
3051 2726 8
4491 3492 4
2490 4857 1
2941 3562 10
3400 1526 9
2324 4978 7
2631 4984 8
2045 3013 8
1584 311 6
3619 3277 7
5159 2432 1
4448 3317 8
3399 3889 8
3799 570 2
4023 2883 10
2419 1603 2
2844 2971 9
3170 4041 1
3955 2467 6
2968 4495 9
1405 4792 5
3411 2478 8
2924 2907 10
5315 4552 5
5317 5923 1
61 1703 4
4255 968 4
1196 1460 2
2460 902 8
540 74 8
416 1241 10
2476 900 8
5178 5399 7
601 2783 1
2296 6007 4
5195 32 5
2092 3790 4
2395 1256 1
5 153 5
2374 363 5
5458 2569 9
497 3403 5
1021 2830 8
4666 2670 2
5496 4684 10
2545 1502 7
1411 425 5
1300 3214 10
5165 3170 6
5820 2310 5
228 2702 10
4745 3530 5
3805 4270 6
3143 2811 8
4152 1225 10
3596 3073 5
5025 5933 8
5580 4318 10
2209 4134 9
27 3861 4
446 1881 10
5312 4648 3
578 1362 1
5542 2674 1
930 5280 4
1393 317 9
1285 2162 5
4854 236 9
566 145 2
2543 613 5
5056 3364 1
1033 5722 1
5475 1415 4
3086 4682 4
4440 3261 4
186 4436 4
5286 4969 8
5427 539 1
4515 2098 9
263 1882 10
1121 768 10
2950 137 1
1313 1390 4
4809 3653 5
400 1248 6
1118 1079 6
2242 2228 10
2727 4834 5
4230 1445 6
1622 5962 9
4998 5337 6
4508 4800 4
3754 4287 10
2952 4576 8
34 2476 10
2546 147 10
181 3906 5
5394 3002 10
4604 4400 5
2240 1546 8
4012 1157 1
3462 5462 10
3706 2409 10
4271 4812 7
2823 3458 5
4000 2609 3
3080 5544 5
5370 5898 5
713 4627 1
2605 3075 4
1199 936 9
4019 4956 4
1477 3437 8
1802 1894 2
2567 240 4
642 4200 5
5232 1929 5
4696 5269 4
5103 3325 6
4930 136 4
4772 578 5
2851 4239 8
2129 4706 10
5488 2431 5
3243 470 5
1116 5864 9
1667 3357 10
5964 2849 2
2263 2939 8
5589 1191 3
661 5577 3
487 2223 8
5703 3303 1
4952 3873 5
1665 3260 5
1070 1344 10
1398 4573 1
4320 1272 1
2087 3350 8
1623 4170 1
5714 4076 10
5417 4900 8
1244 1826 6
2063 5586 2
1892 2528 1
3308 799 10
2956 4987 10
2070 5161 4
3935 107 9
5062 2529 1
2778 2062 8
1651 1309 8
1483 4021 4
2744 3560 10
1169 3091 1
149 3174 3
5776 3980 4
768 665 5
3106 1105 5
3250 3474 7
1572 3235 5
4464 3553 9
990 4466 2
2534 4339 1
1275 5627 1
1882 4320 9
1909 4771 4
3991 3965 4
1271 5976 10
5002 5930 1
4004 3604 4
2337 4453 5
1991 1811 4
1518 2179 8
4567 4829 8
4251 1909 5
1351 1378 5
4625 5874 1
677 4742 8
1442 3624 8
5052 4596 6
643 3333 4
5392 748 6
2186 4568 10
1428 3123 10
3215 2225 1
1624 2605 10
617 4317 4
5037 3884 4
3648 5764 7
3958 4755 1
2936 5357 8
2030 3750 5
1213 3459 6
820 1291 5
3566 61 5
3039 5192 6
5489 4730 8
1774 1398 1
3625 3690 1
1965 5623 1
3161 5941 10
3784 4531 1
621 3801 4
5500 152 5
1235 738 6
1446 3627 3
5153 1000 10
2397 4629 8
3055 4865 4
2255 4089 1
6008 5736 1
2525 1556 6
5081 840 7
4759 628 9
5041 714 10
1017 5539 10
1635 2117 1
1936 4452 10
2890 3509 5
2612 2083 8
4945 1102 4
3121 761 9
5110 5054 10
1193 5664 5
4154 4753 1
5254 1905 10
1710 4688 5
4419 373 5
5696 5984 3
3245 1911 7
1210 2038 4
3756 4203 8
590 3144 7
3869 5895 8
469 5405 8
121 3933 2
1639 4223 3
5314 5397 1
5401 3896 1
2706 3109 10
3366 3945 8
2089 5336 10
4771 708 1
3568 1689 10
178 2672 8
1829 6000 10
2394 5672 10
1549 283 10
2745 3658 10
2383 860 1
2802 2329 8
3177 5908 8
5636 4307 1
474 2291 5
2725 3640 4
3166 4651 4
3560 204 10
10 3756 10
560 3993 5
156 3196 6
4811 3688 8
5919 929 5
3026 2475 5
2677 1342 5
3835 2002 1
198 3188 4
4389 2627 1
1396 1719 9
2798 4507 6
2831 341 6
4613 3650 5
1996 3592 6
3859 1794 5
458 3212 10
1700 5749 5
1288 5185 7
2769 5448 6
308 3034 5
1355 3874 4
3946 6009 4
148 1163 1
5957 1841 6
1658 5312 4
4904 3779 4
2794 5332 4
842 2132 1
2280 1165 1
2265 2559 6
2684 5439 6
3254 532 4
2915 1602 3
5477 3541 8
2876 1738 8
4925 390 1
2971 2031 5
5323 3867 5
3501 5440 1
5505 2681 10
4762 4124 1
2818 4008 10
5669 146 5
980 1652 2
3488 2810 9
466 4862 1
386 413 4
1945 5452 10
5270 1963 3
527 3893 10
46 2486 1
3871 57 8
5487 391 7
3642 5195 8
5369 488 4
755 4649 2
950 5500 4
3305 3775 5
2841 4126 10
3130 128 9
4735 5531 10
1205 2752 8
1734 5124 6
3013 4740 4
1214 1974 2
255 3548 4
2295 2266 3
1726 4059 7
4958 5112 10
4182 4321 10
392 5402 1
2595 4932 3
5632 801 3
4189 5932 1
952 857 7
4838 2463 7
879 4413 2
2075 5475 10
2686 2925 3
1292 3585 8
420 3759 5
5064 5081 1
2439 2272 5
3610 489 9
5337 5887 3
435 2877 10
2427 2483 8
2958 5953 10
5910 2680 5
3142 2492 10
105 2435 8
4268 3573 4
4964 2809 2
501 5163 5
5473 2504 5
4530 190 4
3448 5601 3
1714 2549 10
2161 4416 5
1434 437 10
5948 1085 10
4714 5349 7
721 1861 6
547 3588 5
370 2454 5
4142 164 8
5361 4146 7
3855 5509 4
4626 4915 1
2575 5186 1
2974 2412 6
4766 5020 2
4379 4493 5
4293 2280 5
1971 51 8
1984 1633 4
4430 2616 3
1527 5624 2
4527 3354 4
2989 2716 4
499 980 6
4916 3669 8
5929 3368 1
5501 1464 1
5803 516 1
5381 3112 4
1645 3023 10
539 2033 8
979 2267 4
3027 5043 4
3156 2069 9
5579 3346 9
2860 1921 9
4908 3972 10
3832 5835 5
218 5585 1
4876 3424 7
1108 1996 4
454 519 1
4948 990 3
5800 1545 5
3997 207 6
5464 1066 1
4138 3577 8
2966 2603 5
4177 3218 1
2004 5257 10
2895 2894 7
1449 630 5
1621 2035 8
1219 5988 4
5802 4216 5
3916 3960 8
3616 5542 7
215 5487 4
2765 3049 4
5994 131 5
1255 1327 10
2911 3053 3
3800 3924 1
4114 4384 6
2668 5385 5
888 3412 1
5419 245 10
524 2636 2
5532 2571 8
3762 5647 9
2955 3711 5
4051 4896 1
751 1324 1
3212 37 10
5891 4962 8
4678 4277 9
5208 2946 8
5664 4968 1
5402 1451 1
4689 2146 5
2826 1569 1
3985 1653 5
4385 308 1
2630 5250 1
23 5939 4
253 4395 1
5777 4289 9
2009 5867 4
1443 2145 5
1989 2706 5
2724 1412 4
4351 1243 9
2937 481 1
3294 4721 7
3168 2462 5
19 5169 4
2527 221 1
5819 5740 9
238 3882 5
483 298 1
5144 2265 8
4459 5931 9
157 123 9
2766 5526 10
3257 4187 5
5995 4360 9
545 792 6
2459 3234 1
1480 1777 10
3382 4530 1
4343 2521 6
276 1308 3
2854 3157 4
3627 2045 7
1181 5007 7
5269 4890 1
956 5582 8
5166 3432 10
45 2384 6
3436 2763 10
2695 3555 1
2376 3011 5
5784 2287 8
1593 1644 8
5096 1959 10
2083 4463 1
5887 3763 8
3931 1631 8
5049 3465 8
5420 105 8
5118 5315 1
1003 82 6
5456 804 5
3930 5318 8
908 3628 1
742 287 8
2977 1231 1
4107 5991 1
1662 4228 4
385 602 7
2751 745 1
5635 1430 4
1791 214 6
412 5625 5
3833 4196 4
3614 4916 10
699 5276 2
5939 2914 8
1363 5982 5
1486 734 10
210 657 10
5616 3701 4
4442 271 7
829 350 3
6001 919 1
103 4802 3
337 4065 4
2553 3729 8
2136 4566 8
5377 3292 5
856 4874 1
4364 3754 1
5587 3223 4
