5608 5312
3364 1779 1
922 1998 1
3864 3971 1
3659 2930 2
5518 1286 2
1072 1288 2
2143 1002 2
322 2255 2
1037 5602 1
1915 2486 2
3298 5310 1
827 5360 2
3513 4250 2
5156 5352 2
4017 5534 1
983 2746 1
1688 2957 2
3006 4979 1
150 3442 1
671 5026 1
2613 2187 1
1339 588 2
1057 1124 1
4134 1198 1
2207 5146 1
4513 863 2
2540 4250 1
2418 5588 2
651 5548 2
3813 572 2
4353 2615 1
9 4487 2
695 417 1
3362 2305 2
3617 1301 1
77 3637 2
4964 3562 1
3602 3119 2
4220 4410 1
3082 3232 2
1553 270 2
1163 232 1
268 210 1
3220 3425 1
538 107 2
611 4616 2
685 4912 1
856 4408 1
1969 2330 2
2344 3374 1
930 1274 1
4090 2321 1
1351 1043 1
4327 4555 2
2379 5126 1
2177 4138 2
1055 3292 1
2277 347 1
3096 5008 1
1920 1125 1
1481 3151 2
3256 4754 1
1154 2125 1
1393 1973 2
3807 1816 1
3081 161 1
1562 367 2
4527 4601 1
4497 4246 2
4706 173 2
5154 1641 1
5110 3193 1
4428 2110 2
7 2702 1
2162 3673 2
3022 4924 2
2005 3742 2
2591 2772 1
1993 1225 1
4421 2942 2
1292 2156 2
4105 1409 1
1946 2915 2
2659 3391 2
4586 4404 1
1324 3988 1
2113 836 1
3330 1698 2
4283 1439 2
5275 1825 2
5075 9 2
1033 3433 2
3416 4260 2
3893 292 1
2818 2107 1
3140 4961 2
4071 106 2
3622 875 1
1687 4819 1
1132 5586 1
464 281 1
176 533 1
2944 663 1
783 416 2
4177 2721 1
1144 4577 1
5455 4394 2
4379 5133 2
2919 2561 1
5590 1070 1
3308 1756 2
3143 910 1
911 1125 2
1763 2450 2
5361 2199 2
3751 1035 1
2681 5271 2
10 1265 2
1132 3871 1
4885 491 2
5329 2088 2
2024 1212 1
3024 631 1
2015 1673 2
2384 4649 1
4030 183 2
3564 3841 1
2654 1757 1
1861 5215 2
3178 1482 2
4740 4863 2
1069 2453 1
412 1318 1
2729 30 1
2850 2915 2
2299 841 2
5049 4481 1
5128 259 1
2232 3332 1
3829 2952 1
1083 5599 1
3505 2498 2
254 5459 2
730 4073 2
4094 724 1
2233 5223 1
5005 1108 1
1188 1332 1
571 5203 1
5553 3051 1
4236 3228 2
605 2449 2
3252 2154 2
2459 1955 2
2286 2848 2
3420 935 2
2263 5265 1
2622 5580 2
1953 3017 2
2253 528 2
1103 3794 1
2114 4772 1
1920 2771 1
4115 5524 2
4190 2286 2
872 5465 1
2007 4454 2
714 5176 2
67 5244 2
3850 3640 1
2566 768 2
2629 4643 2
2618 473 1
3779 4853 2
2498 5419 1
801 4663 2
3052 284 2
2387 4689 2
303 422 1
3072 1552 1
3125 4987 1
507 5026 1
492 2072 1
2564 5451 1
5382 1386 2
2979 2064 1
5233 3133 2
3740 4332 1
5133 3453 2
842 5510 2
685 2529 2
571 1286 2
723 2753 2
2140 2239 2
1762 4975 2
2883 5425 1
2586 3895 2
5446 1146 2
307 980 2
4519 3904 2
2819 2421 1
3236 1909 1
2035 4111 2
4795 4303 1
5166 640 2
1406 4969 2
2378 4762 1
5193 5411 1
4119 3081 1
4425 1313 2
724 519 2
1922 270 2
2249 3224 1
2460 4666 1
3755 5271 2
3574 2414 1
491 630 2
4401 3896 1
5451 851 2
4266 187 2
1890 1462 1
3558 4252 1
4794 2283 1
1711 3549 2
2203 3705 1
1356 178 1
5271 1736 2
625 5517 1
4383 3831 1
5201 2966 2
3844 8 1
2790 2626 2
5074 403 2
843 2188 2
1099 131 1
3225 48 1
4468 2865 1
4749 3054 1
4876 4339 2
3067 4250 2
654 3615 2
306 5119 2
2561 770 1
736 299 2
5326 2450 2
4051 1439 2
3305 786 1
4949 1621 2
1066 3108 1
827 5132 1
5560 4464 1
2666 86 1
5582 4424 2
1044 2794 2
3547 2993 2
4184 3783 1
5470 5161 2
5267 1290 1
3882 5276 2
276 2832 1
3397 796 2
5457 4063 1
2851 3949 1
4814 2577 1
1761 3547 2
3183 2659 2
451 1038 1
1904 4721 1
2281 578 1
927 3609 1
2682 2775 1
5565 5443 1
4109 4317 2
1553 2200 2
5130 1958 1
1676 3896 1
5233 793 2
4312 2293 1
4598 4992 1
1771 193 1
3907 804 2
2882 4574 1
1645 4968 1
576 1887 1
1316 4651 1
3882 1858 2
1379 4547 2
487 1749 1
52 2443 1
3444 4624 1
3773 5420 1
1255 2420 2
2407 1991 2
879 804 2
5164 5439 1
4986 240 1
3483 3626 1
4251 5226 2
436 4712 1
98 261 2
1236 1611 2
4916 4511 1
5136 1479 1
751 2413 1
3569 315 1
3681 637 2
4633 4213 1
2631 4130 2
4236 5428 1
290 2647 1
2560 502 2
5334 3386 1
4451 3478 2
3189 419 1
1258 3410 1
70 3984 2
945 3826 1
5162 4735 2
3540 2647 1
2253 1218 2
4470 4124 2
903 3348 1
2085 2538 1
3330 1659 2
3686 3163 2
5342 1047 1
5564 3263 1
3105 4291 1
2591 745 2
4469 909 1
5327 1225 2
4041 3239 2
4232 318 2
3392 3411 2
283 1631 1
3748 878 1
2308 25 2
2167 2816 1
406 1706 2
3338 5164 1
2486 2007 1
796 813 2
2715 187 1
5055 1765 1
3253 4613 2
4793 2325 1
5349 4617 2
4897 2520 1
2765 4501 1
4837 1892 1
1654 3248 1
357 4076 1
4231 4886 1
21 4603 1
1492 5240 2
1531 4472 1
1809 1723 1
4708 2654 1
168 5571 2
2098 1637 1
5199 4839 1
2086 2005 1
2641 1812 1
951 4535 2
2411 3479 2
4308 5170 1
991 1692 1
3478 796 2
1206 2257 2
3197 4453 2
5075 859 2
4408 4080 1
4238 2757 1
5169 264 2
2690 4176 1
831 3323 2
1163 5208 2
1642 1601 2
5277 1638 1
2096 1334 2
3897 617 2
5053 4143 1
4488 3863 2
1345 217 2
1604 3664 2
2938 622 1
1406 1087 1
1932 4639 1
2524 4721 1
4167 5115 1
3436 2211 1
5298 467 1
2879 5006 1
4276 2446 2
818 4073 1
1892 1324 2
4953 2621 1
2925 3147 1
670 4436 1
1481 1142 2
5236 5153 2
5116 5249 1
2216 1520 1
2207 4903 1
1781 4909 1
4003 4436 1
298 2801 2
2572 1621 2
1815 1001 2
4362 692 1
5405 1859 2
1732 2967 2
2781 1892 2
2988 4571 1
5512 2998 2
901 5285 1
222 1558 2
4771 4573 2
1776 5263 1
5146 1797 1
682 1713 2
2854 4760 2
4141 2727 1
2675 771 1
2413 4933 1
3706 3731 1
2167 2945 1
3846 3540 2
1144 2755 2
3416 4214 1
4571 3904 2
331 5538 2
1759 2347 2
1312 877 1
2835 1775 2
653 3537 2
4550 2234 2
4717 5565 2
1072 4028 2
2513 3075 1
4694 5507 1
1201 1231 2
5325 3915 2
2777 3677 1
2398 533 2
4493 2921 2
4556 1400 2
4380 937 1
5358 3138 2
1472 1757 1
4123 1480 1
2323 5059 1
2995 3246 2
5303 1963 2
3060 164 1
780 778 2
1475 930 2
2559 4312 2
1039 5451 1
168 4948 1
2671 363 2
2545 5017 1
5304 2095 2
3536 4440 2
1770 4789 1
934 5093 2
3705 5464 2
3794 800 2
3730 4791 1
5019 2057 1
5496 4556 1
2669 4408 2
4310 634 1
1921 3872 2
4318 1342 2
1797 5454 1
1587 3572 1
4980 1102 1
2238 1480 2
1547 1297 1
5442 3462 1
1765 2991 1
2431 1284 2
5133 449 2
5397 587 2
3645 3520 1
2017 3532 2
2563 2189 1
611 4460 2
3578 2205 1
778 4916 1
999 3149 2
2115 3798 1
3566 2494 2
799 5255 1
1702 8 1
5323 5580 1
1253 5525 1
5501 361 1
101 274 1
4344 4677 2
446 1829 1
1371 5008 2
2501 499 2
3590 3869 1
2293 2090 2
2288 4186 2
579 415 1
513 1043 2
1514 2458 1
869 1855 1
306 2855 2
3191 1428 1
2404 2517 1
1807 2682 1
4341 2680 1
2605 3177 1
5134 204 1
1244 4096 2
5481 1096 2
6 5552 2
999 4473 1
1152 4722 1
1922 4231 2
1379 2076 1
462 322 2
898 4039 1
5037 4200 1
3426 5223 1
1104 2879 2
1433 405 1
3162 3128 2
2556 2119 2
2384 666 1
2733 83 2
2118 2819 1
2889 1646 2
3873 3391 2
5473 4926 1
2778 2440 2
3749 706 2
3640 2676 1
5180 4601 1
2477 4567 1
4889 4901 2
5419 3525 1
365 2015 1
4744 1162 1
2599 3678 2
3796 4055 1
5378 3915 1
2291 1007 1
3163 1615 1
1157 1755 2
2408 1767 2
495 2620 1
5595 380 1
2363 2068 1
95 4074 2
4860 5506 1
1397 1503 1
3344 1412 1
931 5396 1
1598 3046 1
3323 4715 2
3113 457 1
3394 2039 2
579 479 2
3634 4160 2
5202 2092 2
663 2108 1
2653 1506 2
1315 4059 1
1568 5132 2
243 3217 2
4428 3991 2
2451 153 2
1893 5269 1
590 410 1
2447 1829 1
1674 3622 1
1709 3265 2
1139 3832 1
708 3584 1
5589 549 1
2357 1699 2
2319 2060 1
5507 3250 1
3769 4846 1
1777 3386 1
1898 1033 2
1812 1007 1
3009 4765 1
1276 3330 1
3221 3014 1
1171 648 1
4626 4311 2
1089 4929 2
5337 2930 2
4659 5058 2
5198 3159 1
1624 3701 1
5402 5476 1
1490 2636 1
2527 2625 2
634 4639 1
1626 3169 2
3397 4062 2
2967 3157 1
2537 5039 1
2671 4819 1
4369 2475 2
3187 70 2
4342 4922 1
2743 2066 2
1432 2089 1
2846 4896 1
3806 3675 1
5508 4089 2
4109 2539 1
3698 4330 1
1918 3818 2
2201 1958 1
3050 501 1
4869 3647 2
3822 4018 2
2130 852 1
2637 2917 2
399 3498 1
137 1196 1
2538 4875 1
1605 756 2
5270 4477 1
5449 3773 1
652 1132 2
4851 4163 2
94 4918 2
323 752 1
3648 732 1
1979 3675 2
2653 284 2
2907 3313 1
1743 296 2
2183 5359 2
4159 3151 2
708 1890 1
4600 2832 1
1462 3004 1
1132 1808 2
2756 55 1
3123 4730 1
483 5434 1
363 875 2
2150 2856 2
1364 735 2
804 3055 2
4600 2643 1
4638 4395 1
4111 3484 2
2642 3674 2
3814 2144 1
1911 957 2
104 72 2
1715 2526 1
2461 5283 1
991 1728 2
1709 5306 1
2621 3841 1
2975 727 1
1023 4776 1
4352 757 2
3474 3497 2
2293 1277 2
1609 5421 1
1232 5194 2
3987 1463 2
1436 1464 1
1044 3867 2
2051 3507 2
4181 1934 2
1645 4919 2
4169 252 1
4744 573 1
1752 5543 1
3357 1782 1
1558 2463 1
1101 2797 1
3286 403 1
2237 4279 1
5452 3749 1
5283 4638 1
3722 1307 1
2722 4152 2
4678 4759 2
480 1949 1
3850 3765 1
3847 2145 1
659 365 1
3234 399 1
1710 4614 1
880 4114 1
298 400 1
4570 1174 1
3109 1173 2
1509 682 2
1846 356 2
762 4590 1
2072 4340 1
1616 1479 1
2413 4164 1
5062 1752 1
1959 1505 2
931 872 1
2702 1824 1
4682 4380 2
2274 407 2
4122 110 2
330 5233 1
3108 1641 1
5054 4970 2
3331 1943 1
1753 1531 1
1470 3620 2
1925 1049 1
5143 3231 1
1698 4186 1
2403 2585 1
3324 1316 2
276 1722 1
5165 5573 1
5544 973 1
900 5472 1
1943 1963 2
164 150 2
351 4598 2
643 1473 1
2139 3044 1
1748 2789 2
4960 2132 1
808 1418 1
4689 2540 1
4624 4949 2
1704 3534 2
3251 1980 1
2991 3280 1
2375 1053 2
2843 635 1
3057 312 2
224 3412 2
3151 5166 1
4846 3147 1
5538 2707 1
4587 4774 2
1283 4518 2
2185 1302 1
612 4157 1
5424 1665 2
5205 332 1
748 3927 2
382 4322 2
2828 4845 1
2326 1804 1
1595 1911 2
3667 5018 2
3198 1679 2
5580 3952 1
18 3610 2
2697 1296 1
5481 1549 1
779 186 1
5544 556 2
1679 4828 1
4846 2303 2
4337 4864 1
2656 4980 1
4650 3723 2
4977 1792 2
3205 52 1
1662 4539 1
1904 3102 1
2503 3538 1
3276 1339 2
4499 2723 1
4002 2096 1
499 2485 2
2394 1783 2
2499 411 1
3167 4084 1
855 3785 1
5342 5118 1
4223 1942 1
1378 2430 1
5545 2896 2
2227 411 1
2430 3258 2
4275 4646 2
3360 2285 1
5586 4031 2
4290 1008 2
1839 4846 1
1624 2189 1
3966 659 1
2794 3624 1
5590 293 1
5355 2966 1
2995 1360 2
1460 2416 2
147 1117 1
1407 5299 2
5598 2056 1
1529 3582 1
5542 3133 2
5398 865 1
2729 2609 2
2764 1989 2
419 5236 1
2772 1027 1
1220 1571 1
4461 3117 2
1239 3531 1
5561 536 1
1631 3819 2
1421 5304 2
2119 3491 2
4281 1582 1
166 4041 1
3950 266 2
3166 4140 1
4724 1061 2
2936 732 2
4559 4971 1
2298 1733 2
3140 2902 1
4615 3609 2
1281 2997 1
660 724 2
1422 3604 2
709 674 1
1458 4378 2
3488 3736 2
4820 1448 2
2706 3036 2
2766 3950 1
1940 3585 2
5145 4241 1
2126 2510 2
5336 288 2
90 2830 1
3475 3723 1
1328 1996 2
2710 1265 2
2389 1859 1
521 4863 2
1997 1936 1
49 3314 2
2431 4109 1
4092 3628 1
5524 5540 2
2494 5133 1
4453 3572 2
4544 5253 1
1776 4589 1
116 3924 1
4392 3820 1
3124 4883 2
4604 5188 2
313 5210 2
989 4297 1
3872 5417 1
5105 4452 2
5350 3430 1
4865 4185 2
4273 4485 1
3569 3743 1
1692 1409 1
626 4925 1
2466 3388 1
3692 5252 1
1806 190 2
3118 319 2
1415 5284 1
156 3594 2
1477 3484 2
1564 978 2
2334 3758 1
1434 2210 1
1526 1717 1
4039 4759 1
618 334 1
472 161 2
3094 1776 2
3554 3776 1
1677 1583 2
1653 3105 2
5232 5327 1
2925 3257 1
637 5464 1
2201 5289 1
5324 4077 2
540 2956 2
1601 3720 1
2229 283 1
3908 725 2
2855 939 2
657 3109 1
1400 279 1
1235 2449 2
1401 5309 2
4814 2033 1
3427 3708 2
1363 1721 2
2470 4733 1
5467 208 2
3593 1710 1
3772 3684 2
4279 2353 2
1962 4813 2
3054 2117 2
2917 3729 1
4872 2398 2
1997 1995 1
5083 1416 2
4177 937 1
2033 3362 2
2927 2490 2
2624 2349 2
2196 5186 1
437 3964 2
4102 4168 1
4267 284 1
3541 297 1
3998 4924 2
4772 1006 1
3874 3797 1
4297 971 1
4507 4132 1
601 1306 2
4649 5305 2
5262 4591 1
3787 2239 1
2434 2575 1
4909 957 1
4294 1119 2
4900 4559 2
1232 1477 1
1061 3827 2
209 1546 2
3206 161 1
3670 4250 2
615 723 1
4929 5063 1
1270 1326 1
2697 2450 1
1067 3649 1
1109 363 1
3329 384 2
1651 4691 1
4260 1526 2
2702 4136 1
5049 1926 2
3598 599 1
610 1683 2
4461 2282 1
4399 3061 1
1304 5348 1
4157 272 1
206 3369 2
412 2307 2
4732 1194 2
2339 1521 1
5415 36 2
207 1169 1
1838 1728 2
2073 4561 2
4973 4020 1
2814 5605 2
4288 3811 1
5435 356 1
4991 498 1
991 1736 2
3750 5572 1
1813 3664 2
2177 4219 1
3034 1260 2
256 4737 2
455 1613 1
12 2095 1
4103 635 2
3246 24 2
472 70 1
876 5217 2
1090 697 2
4653 2252 2
3607 652 1
2518 3819 1
5430 1583 1
1741 5360 2
4087 457 1
634 2093 1
3153 4579 1
122 3443 2
3951 804 1
591 3573 1
5220 3870 1
4011 802 2
584 1656 2
4063 3739 1
1668 2630 2
114 5159 1
4850 3380 1
1870 4841 2
3976 2461 2
5375 1563 2
2108 3671 2
5446 4839 1
4531 3029 1
5381 1695 1
3407 1508 2
3333 2113 1
1952 4649 1
5552 349 1
1066 3274 2
1264 3002 1
2489 4214 1
5118 1056 1
5420 4846 1
2411 488 2
2055 148 2
1424 2671 2
5314 3051 2
1470 1759 1
4153 5054 1
1558 1778 1
4046 4376 2
3021 2302 2
300 4007 1
3569 297 1
770 2676 2
3192 1444 2
1693 1825 1
4510 2510 1
4887 4423 1
3046 227 1
190 2973 1
4205 5116 2
606 3284 2
3536 3324 1
2383 1623 2
1084 745 1
2806 1300 1
4766 144 2
592 3551 2
2908 4978 1
5573 1744 2
2170 4117 1
2392 4599 2
3948 4364 2
831 2141 2
1864 1028 2
1241 2140 2
3204 4298 1
5291 5418 1
4235 4426 2
958 1624 2
1098 3161 1
3726 273 1
4523 2753 1
2897 3602 1
1493 4629 1
4317 203 2
4938 4329 2
5371 2266 1
4108 5314 1
3498 4777 1
1910 3311 1
2703 5045 2
1042 441 2
4056 3033 2
2793 3416 1
2620 5386 2
5560 461 2
4098 955 1
783 1851 2
3425 2844 2
5162 1574 2
5027 3195 1
1126 3248 1
238 4812 1
2697 1112 1
2947 1897 1
2723 1133 1
502 2395 1
3423 2395 2
3116 3211 2
887 4781 1
3308 2405 2
4796 5319 2
188 4975 2
4864 2480 2
5090 4298 2
1095 3681 1
320 2795 2
5142 3933 1
618 4890 2
3258 3215 1
3597 1132 1
4197 3709 2
4176 3487 2
1218 614 2
341 2934 1
2170 3997 1
6 1134 1
205 2536 2
2476 3250 1
2393 4020 2
1325 3489 2
356 1199 2
689 4344 1
2008 3876 2
2492 5070 1
2894 3979 1
1196 5164 2
1698 1064 2
1151 733 1
4311 4591 2
2542 4023 2
4026 662 1
2199 229 2
4596 2393 1
2057 5239 1
2165 4039 1
3844 1365 1
3366 203 1
1441 5082 1
4815 3732 2
727 1919 2
1855 2165 1
5380 4712 2
1413 4629 1
949 2255 2
5410 3664 1
2625 2320 2
4553 5592 2
2005 2513 1
1649 4693 2
1554 113 1
4452 4267 2
2811 2833 1
657 3262 1
2186 4546 1
2160 2299 2
3584 5283 1
2251 1577 2
168 3193 1
5348 3290 2
2162 3265 2
4472 4893 2
3123 1382 1
1203 1349 1
3958 2809 2
1532 3331 1
3301 3524 1
495 1643 2
5355 4507 2
1016 237 2
97 4455 1
2517 2386 2
2714 4091 1
878 1732 2
4221 4718 2
3283 1472 1
1186 2 2
3321 1208 1
4045 1586 2
4165 3885 1
2773 3262 2
19 4914 1
4522 2588 1
892 5032 2
2829 3616 2
3524 1488 1
824 1004 1
1066 4436 2
351 1868 1
2251 3636 1
4339 3958 2
2800 4906 1
4830 5205 1
1175 5443 2
1707 2124 2
2814 2795 2
831 5382 2
1287 5338 1
4505 4386 1
2705 3720 2
1496 4658 2
2897 5449 1
5293 5062 1
616 4840 2
586 2475 2
2486 2935 1
3454 2242 1
2473 2281 1
4810 4394 1
4769 1671 2
4869 790 1
1135 4983 2
1903 276 2
2224 5537 2
1030 1649 2
4426 5450 1
665 3602 2
2780 3671 1
5073 4868 2
913 3844 1
853 2694 2
1301 991 1
1608 5034 1
1605 620 1
1849 972 1
3846 2467 1
4358 5389 1
2007 5424 1
1543 1173 1
4801 1613 1
1991 3142 2
1893 668 1
2584 406 1
3258 4756 2
317 704 2
3816 1418 2
5414 5378 2
5368 4323 2
2494 609 2
2943 3364 2
4472 5283 1
3910 2637 2
3277 1669 2
107 2914 1
2143 3856 2
205 4861 1
1688 1262 1
817 3692 1
4217 581 2
1896 4528 2
4106 1940 1
4360 2041 2
769 1775 2
4423 4137 2
2469 4196 2
677 874 2
1388 98 2
1247 5464 1
3966 2665 2
345 2657 1
4788 173 2
2937 4124 1
2847 2552 1
201 2372 2
5545 3354 1
2210 524 2
777 3593 1
4317 667 1
1878 48 1
3243 5273 1
5347 2292 2
2555 3284 1
3321 1627 1
3453 2560 1
1099 2187 2
981 2526 1
2153 4541 1
4541 4145 1
3617 81 1
3807 3049 1
3161 3957 2
2362 620 2
1283 1115 1
22 804 2
4428 519 1
3412 1658 2
328 2133 1
4000 890 2
2819 18 2
3367 3047 1
1250 3769 1
4120 5363 1
1116 4353 2
4984 4506 2
3856 993 1
1174 2944 1
803 1944 2
846 3794 1
393 1243 2
5429 2439 1
3072 107 1
2910 3868 1
4770 2887 1
1025 2345 1
5092 1570 1
3415 1428 2
5227 3431 2
157 292 2
3640 899 1
2998 3441 2
397 2291 2
1409 2538 2
5182 681 2
4278 5173 1
3407 5020 1
4677 4971 1
5026 900 1
2258 451 1
1811 3304 2
2695 3878 1
1593 1111 2
5219 162 1
5493 3658 1
1652 4522 2
4264 2208 2
1686 4604 2
2832 4892 1
2819 4665 1
4595 2048 1
1757 686 2
76 2901 2
4778 1543 2
439 796 1
670 4215 1
1555 3482 1
735 2509 1
3137 4455 1
5347 5152 2
4643 3172 1
3851 2703 1
3445 4709 2
1321 5288 2
646 2698 2
3706 1543 2
1880 1196 1
1266 5575 1
2698 504 1
2309 2953 1
299 4518 1
5286 4909 2
1146 1428 2
478 11 1
3290 4664 1
5099 3232 1
734 3980 2
4262 3215 1
480 5015 1
3377 525 1
5148 5203 2
710 2611 2
2152 4207 1
1757 1277 1
532 850 1
630 2254 1
4704 959 2
4252 618 1
3936 4691 2
5 1645 1
5042 4982 2
307 3509 1
856 91 1
5333 1522 2
3044 4092 2
4127 5516 1
3892 5586 1
3507 2200 1
414 4507 1
2622 1896 2
491 4987 1
1909 4527 1
3593 1101 2
3569 497 1
457 5084 2
1002 3122 2
2478 4308 2
3183 1171 2
3681 1503 2
1560 1616 1
3082 4132 1
3906 708 2
4864 3257 2
1099 5317 2
2531 1515 2
2041 2820 2
4253 2176 2
4478 4459 1
3287 4279 1
5166 2554 1
1517 511 1
653 1490 2
1391 5364 2
3172 1683 1
2216 5578 1
1455 1241 1
3013 3873 1
5397 4495 1
1330 3789 1
337 3507 2
3585 2326 2
4074 4803 1
1668 1231 2
280 4165 1
3755 3841 2
4253 3462 2
580 4267 2
2309 707 2
1762 3404 2
4923 30 1
1911 5158 2
4135 850 2
49 2382 2
1889 1223 2
3510 4756 1
4320 5546 2
3684 2085 2
1399 1635 2
525 2923 2
5384 871 2
4856 4646 2
2270 378 2
1796 4552 2
3876 3802 1
817 4392 2
1761 5387 2
1053 4243 1
1140 796 1
2341 2448 1
1758 3043 2
3095 1327 1
1371 5037 2
1744 4705 2
1393 5395 2
1804 3009 2
3325 2608 2
931 3210 1
5107 264 1
1675 363 2
3106 5111 1
2391 5154 1
400 4510 1
960 3491 1
477 543 2
1728 5000 2
3080 5519 2
2228 2538 1
3777 4702 1
2483 4619 1
5362 4797 2
4283 4282 2
4147 3462 1
2289 2628 2
3197 3397 1
1307 312 2
1775 3819 1
1986 2915 2
4125 604 1
5513 5111 2
474 1727 1
1993 1214 2
1205 2684 1
2503 2764 1
3321 2974 1
5417 1321 2
5456 2049 1
2474 3210 1
3525 2887 2
1984 2982 2
5395 2947 2
1782 1133 1
2606 502 2
4902 1889 2
2394 2456 1
4315 5141 1
5223 1160 2
3074 325 1
4368 2146 1
1022 5093 1
4824 3142 2
5135 2884 1
934 499 2
292 4779 2
397 3205 1
56 3756 1
1611 2072 1
3219 5507 2
292 768 2
3567 1515 1
1597 1810 1
1560 4630 2
2775 309 1
363 3019 2
5274 503 2
745 1406 2
2590 4662 2
415 185 2
2195 1882 2
1585 43 2
1958 588 1
5554 1169 2
3662 1843 1
2376 5226 2
3423 2808 2
4881 5114 1
5244 4269 2
1231 1232 2
1219 1814 2
3414 4064 1
5162 2677 2
2369 3647 1
3507 1262 1
2245 2145 1
962 5564 1
4422 1721 2
5327 3279 2
5050 4038 1
851 1144 2
247 1460 2
1417 413 2
1106 1379 1
1548 4435 2
4186 2818 2
4515 882 2
3994 2320 2
3008 3867 2
956 1343 2
4802 1569 1
3172 3191 1
4465 4529 1
5543 2383 1
3985 817 2
5346 3754 1
4985 1625 1
2710 5256 1
3436 85 1
2964 1652 2
1785 59 1
4196 5303 1
2554 1285 1
253 1425 1
3630 1355 2
308 4692 1
2666 825 1
1805 1944 2
4947 5441 2
2316 2592 2
4197 3488 2
792 1869 1
526 247 1
772 1310 2
4078 2264 2
4827 4785 2
2697 4717 1
4477 7 2
1585 2410 2
2363 3538 1
2598 5230 1
1409 2102 1
391 25 2
739 1139 1
30 2626 2
3847 3276 2
2644 4610 1
2833 2499 2
2473 2235 2
846 478 2
4852 3918 1
826 4797 1
4832 5160 2
4232 4649 2
4667 4786 1
4962 2902 2
2922 383 1
4407 3484 2
2657 5159 2
3533 3455 2
3064 600 2
1784 3962 2
1271 1374 2
4239 515 2
515 2432 1
1754 2561 1
1499 5552 1
3446 1270 2
4473 3238 2
2346 5192 1
2280 171 2
340 5026 2
1355 1552 1
591 3953 2
4417 106 2
3301 4239 1
986 91 2
810 5079 1
4337 4495 2
2515 3244 2
2339 2560 1
4209 1082 1
1166 704 1
3552 708 1
1489 3335 2
5496 4350 1
2659 1314 2
3676 5381 1
85 2445 2
4049 3574 1
725 4470 2
1683 519 1
4069 1715 2
3197 602 1
2163 22 2
3574 4256 1
4814 4676 1
4344 2883 1
317 4932 2
5026 4693 2
1835 1284 2
1554 188 1
3878 2384 2
3353 1382 1
4125 793 2
4167 621 2
3212 3985 1
2538 2359 1
5595 936 2
2325 16 1
5081 1017 2
3132 69 2
1619 3620 2
3157 61 2
4545 2103 2
4229 5289 1
130 2828 1
3529 3696 2
1406 357 1
3532 3144 2
3114 1780 2
2635 3390 2
5604 2070 1
4265 1389 2
895 4729 2
612 5378 1
440 898 2
3566 840 1
1597 1965 1
1577 4266 2
1416 1224 1
3901 3204 2
713 2417 2
4107 3442 2
2296 5013 1
2801 2643 2
5545 450 1
5305 423 1
2803 2702 1
3356 34 1
1722 680 2
662 1589 1
1582 3954 1
1801 2992 1
4921 1028 2
470 5548 1
4621 931 1
1529 3926 1
5419 4341 2
5034 1120 2
2953 3173 1
681 2827 1
829 4997 2
2559 4052 1
5359 5458 2
1464 5179 1
4690 4960 1
4253 1574 2
2094 3739 1
968 3233 1
1737 5306 1
1554 1507 2
4230 2807 1
2 1438 1
4970 2535 1
1055 2639 1
4077 3607 1
1202 2253 2
611 3674 1
2776 1711 1
4711 2946 1
325 3441 1
3392 4540 2
4071 2159 1
1343 1976 1
1474 1844 2
1763 4741 2
4591 2799 1
2202 3360 1
2894 4873 1
981 1089 1
2355 1906 2
3658 3104 1
4425 3813 1
4548 4973 1
5531 3436 1
3852 1039 2
455 294 2
4369 4480 2
34 3783 2
1301 5249 2
3130 3547 1
4613 1720 1
4182 984 1
355 3625 1
708 5267 2
3631 4331 1
2439 719 1
3638 3080 2
459 2435 2
1884 577 2
654 5585 1
2248 2326 2
3391 1651 1
1271 1586 1
4115 954 2
4516 590 2
1526 4479 1
2114 5164 2
641 3665 1
1049 827 2
2683 2174 1
5361 4401 2
678 4716 2
4414 5052 2
4390 1832 2
1261 3814 2
4071 2480 1
5400 3557 2
519 367 2
2535 961 1
5355 384 2
904 3663 2
2476 3816 2
4944 2040 1
3728 5211 2
1842 4316 1
1108 2483 2
5598 4194 2
568 4837 2
2282 151 1
4391 633 2
1165 325 1
2888 2224 1
4710 887 1
2171 4956 1
4097 4457 1
1402 2330 1
101 2345 1
1529 2429 1
287 3072 2
2423 2727 1
1167 2149 1
4838 4953 2
4658 4650 1
4430 3222 1
3865 1082 2
4602 2554 1
3476 3629 2
4162 672 2
3351 3851 1
840 883 2
4447 3615 2
2515 5211 1
1495 4184 2
2113 437 2
5377 1905 2
1263 3916 1
2944 4998 1
2309 5027 2
1103 4182 2
2355 3524 1
3070 3846 2
4216 2531 1
1224 4704 2
2709 2612 2
5107 5005 2
1204 143 1
4224 751 2
564 430 2
797 1141 2
2493 2115 2
4507 4111 1
3303 4976 2
1044 2929 1
5606 3065 1
3147 1263 1
4787 1664 1
4718 4120 2
3596 747 1
4102 3450 2
5098 4191 1
1577 1009 2
3986 2496 1
3332 3627 2
3835 3381 1
1940 1307 1
1894 2060 2
3493 2514 1
5348 257 2
2605 895 2
960 4722 2
1709 159 2
2563 3532 2
2104 5040 1
3608 1484 1
2049 3071 2
1798 3902 2
3037 3604 2
3348 849 2
1976 148 1
1374 4323 2
4149 3533 1
2874 5592 1
5350 3579 2
5552 1772 2
2616 1079 2
1356 5436 2
51 2763 2
4235 2956 1
1832 694 1
625 1808 1
1044 1517 2
4710 5244 2
4249 2680 2
1458 4911 1
475 2658 1
2301 76 1
4885 3360 2
5466 1121 2
298 2528 2
1035 3791 1
2956 412 2
1044 5515 2
1597 4686 2
5223 5356 1
1665 3596 1
2904 1076 2
1649 527 2
5230 4030 2
4660 2930 2
5574 3869 2
501 2288 1
55 1476 2
717 3349 2
1150 5321 2
5153 3367 2
3080 543 2
4633 3342 1
3862 1565 1
3877 2078 2
2684 1351 2
3939 211 2
988 2524 1
3860 1077 2
2098 5312 1
3781 2849 1
2877 1099 2
1129 3650 1
1549 3465 2
822 3197 1
279 851 2
5018 3420 1
3598 2927 2
676 157 2
1914 1118 2
732 4686 2
4619 3003 2
3128 513 2
1470 1211 1
979 4825 2
276 757 2
2957 3099 2
3965 4039 1
3663 4993 2
4951 4472 1
2261 4924 1
789 2321 1
1394 467 1
259 25 2
3725 2346 1
2430 4383 1
3696 4163 1
2505 5357 1
3389 5026 1
3438 1892 2
542 2377 2
1085 813 2
3633 3021 1
1668 1595 2
2277 3617 1
5191 3205 1
1340 2756 2
2027 2729 2
2871 1755 2
4065 4128 2
2875 1411 1
5045 2866 2
1302 751 1
4787 891 1
4429 4526 1
1425 2982 2
3345 1347 2
3998 3145 2
1196 4840 2
5525 3937 1
572 2627 2
1872 2974 1
1704 3312 2
2900 1102 2
2413 368 1
3104 2323 1
4404 2584 1
2249 3447 2
254 5042 2
4139 86 1
5051 1279 2
1497 97 1
5364 3994 2
1106 5466 1
422 4942 1
1227 4096 2
2117 2029 2
5040 144 1
1271 1235 2
3173 468 2
964 2779 2
4409 5021 1
514 485 1
2077 2829 2
175 3350 1
4319 146 2
5112 252 2
2858 4512 2
3788 5338 2
3711 2339 1
1823 5205 1
5075 958 1
5255 5093 1
2172 4472 2
2739 5557 2
3125 3097 2
587 4910 1
5505 805 1
4528 5256 1
1837 4391 2
3424 2879 1
1462 2406 2
3636 1582 1
750 1017 2
626 4008 2
5327 4473 2
4595 379 2
3799 2056 1
1475 4611 2
3987 2297 2
1637 2950 1
4993 2598 1
3123 3918 1
4118 4449 1
1991 3251 2
5343 1337 2
5278 1659 1
4498 5391 2
673 1847 2
504 3889 1
3958 1323 2
2034 1488 2
1840 176 1
3034 3884 1
3019 2214 1
1889 439 1
4355 3638 2
1607 5241 2
914 3771 2
4870 2658 2
4784 1719 1
1319 5191 1
3749 3207 1
4155 2447 1
166 5425 1
4307 2981 1
493 2772 1
319 1885 1
1322 794 1
4727 3678 2
4097 5322 1
3190 2925 2
5481 1809 2
2176 3432 2
4878 3077 2
2228 1331 2
574 4546 1
4095 4450 1
2310 2799 1
3374 3528 2
3479 3559 1
1328 455 1
980 1317 1
1045 1079 1
1524 4107 2
2970 1886 1
1731 1797 2
5411 2925 1
836 4853 1
3303 5516 2
5553 1809 1
2562 5555 2
747 5036 1
3680 4295 2
2699 4386 2
4876 1289 1
4676 3498 1
1860 3025 1
4689 3861 1
3115 5539 1
4268 4079 1
2757 4551 1
3408 4671 2
3484 1496 1
758 343 2
3977 3866 2
4102 3308 1
3836 3847 1
1995 4185 1
1808 5433 2
1375 3152 2
987 1567 1
1089 5336 1
3618 5236 2
1460 4512 2
208 2879 2
1727 3300 2
1284 464 1
5519 1561 1
3572 1413 2
892 933 2
4381 1960 1
1847 3847 1
5286 961 1
3660 3747 2
1773 623 2
568 3966 1
4310 1689 2
1911 247 1
4796 1385 1
2003 314 2
1041 2654 1
2981 1148 2
5246 5306 2
4413 1596 2
439 2247 1
2939 4474 2
4870 2287 1
861 1414 1
5419 213 2
3177 3272 2
865 3817 2
5255 3033 2
1397 2673 1
3123 352 1
3448 2037 2
3098 722 2
3207 2624 2
5133 4424 1
3056 331 1
2072 2314 2
5381 3731 1
3240 934 2
5340 3284 2
3222 1252 2
1900 3883 2
1285 2491 2
3843 1915 2
904 2283 1
5155 4130 1
4420 1843 1
2706 929 1
3351 1189 2
4567 2078 2
3490 2940 1
4203 5111 2
3168 2672 2
3667 2966 2
2412 4474 1
4935 4230 1
2314 1220 1
5243 1265 2
1361 1309 1
1303 711 1
3773 993 2
318 379 1
1779 1389 1
4669 3335 2
4460 4396 1
2688 5510 1
5043 109 1
1266 3757 1
640 3717 2
3704 2420 2
3501 4066 1
1417 4824 2
3191 5169 1
3793 3564 2
4352 3851 2
703 1937 2
5592 5222 1
4043 4044 1
4415 5301 2
4730 146 2
4427 2811 1
4887 2385 2
4250 2735 1
2668 135 1
275 2185 2
4495 911 2
2086 1576 2
3949 2314 1
1137 4470 1
3132 3906 2
1732 948 1
4095 3191 1
4718 1915 2
2608 4496 2
4932 4501 2
4555 2160 2
2534 296 1
4677 2539 1
2449 2406 1
1232 5068 1
1064 1303 2
1686 1202 2
33 754 1
3279 3526 1
4292 2655 1
1225 478 1
4720 5445 1
4005 3112 1
5419 92 2
5284 2288 2
5410 1660 1
5508 160 2
630 1029 2
1175 4198 2
2125 652 1
1153 2811 2
57 967 2
2090 1037 1
3938 3709 2
4200 5017 1
1990 2459 1
3585 5201 1
3160 3976 2
907 2219 2
1050 3882 1
3764 4086 2
52 1343 1
1824 4651 2
2464 3856 2
5522 3909 2
5028 1286 2
5108 1964 2
3908 3153 1
2982 690 1
5280 3023 2
4045 1235 1
2848 3868 1
5258 47 1
2633 3817 1
2508 5401 1
4812 2874 1
2052 4792 2
690 54 2
2637 4110 2
1874 2222 2
3427 4327 2
690 2013 1
855 3544 2
3546 1984 2
1368 799 1
1573 1788 1
1042 245 1
3424 4971 2
765 4993 2
3240 5090 2
965 3441 2
1184 5589 2
2668 1316 2
3497 5030 2
3427 5280 2
5421 4003 2
616 2042 2
4876 2546 2
2695 3217 1
5212 1785 2
2135 5379 2
2029 5288 1
2595 3377 1
488 1313 2
3397 3740 1
1023 2314 1
724 3149 1
567 4736 1
3884 3425 1
3698 4533 2
25 3869 2
1487 1102 2
3678 1920 1
1435 1149 1
5168 3760 2
2429 5090 1
4116 4043 1
2572 2312 1
2177 3460 1
4080 2300 1
386 5298 1
951 4096 2
5579 3405 2
957 3565 2
3495 1584 2
5253 2972 1
2312 1676 1
2147 2686 2
3798 1020 2
2937 3307 2
2479 513 2
743 1909 1
4025 2557 1
4872 1584 2
2410 3218 2
1049 3140 1
530 1956 1
2873 440 2
351 2354 1
3543 3930 1
3105 4754 2
4027 4243 1
2598 4249 2
608 911 1
2482 5409 1
375 1118 2
5345 2243 2
3532 817 2
4150 1934 1
4906 1297 1
851 1839 1
3639 2571 2
734 1795 1
4639 983 1
3200 1387 1
1608 437 2
1245 1479 2
2926 4925 2
5146 5114 1
5276 4607 2
1051 1545 1
200 1496 1
422 8 2
3391 1396 1
2022 3106 2
2945 4448 2
2903 5124 1
4002 3881 2
5570 4293 2
3038 1616 1
4602 2298 1
4434 1609 2
587 3223 2
1686 4537 1
2285 931 1
1200 2248 2
578 5435 1
825 4954 1
2314 354 1
2305 1832 2
4517 4256 1
1410 5290 1
3558 5605 2
3638 4278 2
4767 3672 2
506 2901 1
782 760 1
4005 4044 1
2407 3123 1
604 3914 2
3076 1644 2
4206 944 1
4911 5322 2
2323 1570 2
3100 1586 1
114 94 2
3904 1439 2
5147 1356 1
403 609 2
3747 2320 1
1783 253 2
1456 2616 2
5092 82 1
1425 2835 1
2455 2108 1
1757 1338 1
2294 2285 1
3210 1433 1
4611 5415 2
2924 1737 1
4143 82 1
2028 4503 1
5551 4336 2
4332 2509 1
1956 4604 1
647 4953 1
1374 99 2
1502 4126 1
4692 3837 1
1018 2089 2
889 1177 1
5292 753 1
1889 2800 1
4824 4543 1
3923 1402 2
3215 4930 2
791 4683 2
2097 1818 1
101 1000 1
4239 663 2
1192 4337 2
4890 1432 1
1342 3480 1
927 1397 1
5234 3225 1
685 4873 2
3865 3531 2
4054 150 1
4497 4614 2
1483 5040 2
4241 1821 2
957 2938 2
1574 3841 2
5431 364 1
1647 1391 1
4921 3863 1
2902 199 2
2616 101 2
4786 603 2
182 136 2
3962 2192 2
3146 4124 2
2802 5 1
2401 4247 2
3527 3560 2
4823 4720 2
5229 495 1
3516 4933 1
4395 4163 1
3188 1577 2
1419 5549 2
1042 4240 1
3178 1314 1
4205 1956 2
2655 4934 2
3472 3590 2
679 2749 2
2428 4690 2
2857 2623 1
4110 250 1
3060 861 2
717 2585 2
400 1692 2
1263 1674 1
4533 3064 2
500 5384 1
1677 2382 2
4757 4961 1
1122 4358 1
2136 4448 2
139 289 2
5082 3196 1
4732 4505 1
1223 249 2
3010 3804 2
2944 2646 2
3012 5453 1
4004 1116 2
5424 1080 2
1563 1376 1
5328 2486 1
4265 1337 1
1767 2201 1
5065 4941 1
1517 740 2
4122 3569 1
3884 2529 1
4251 1809 2
3532 1251 2
5585 148 1
2760 1951 1
3335 2323 1
2928 3632 1
3164 79 2
135 1759 1
2993 2213 2
2827 4548 1
2022 1408 2
18 5260 1
5178 3556 2
4297 1874 1
24 1910 1
223 3265 1
3794 3999 2
672 289 2
922 5118 2
4509 2372 2
2187 4900 2
5462 4940 1
4276 414 1
4686 994 2
2322 2426 2
5568 3066 2
5364 4848 1
4946 2097 1
748 2618 1
1257 4267 1
4279 1612 2
448 998 2
2147 5390 1
2101 4806 2
3697 2651 1
3701 5013 2
3115 5596 2
902 5150 1
267 5204 2
2222 1110 2
285 4311 1
2385 2161 1
4658 1884 2
3350 5155 2
3685 5436 2
5060 3710 1
3877 1354 1
3641 443 1
5036 789 2
1614 3855 1
2186 950 2
209 3579 1
518 4428 1
4787 96 2
4156 4619 1
1953 5354 2
1245 3431 2
3736 107 1
1124 1145 1
1150 122 2
164 2976 2
1967 4045 2
1045 5465 2
3912 2934 2
4875 1036 2
185 3743 2
5495 876 1
5340 2881 1
576 4424 2
1976 1064 2
4314 1593 1
3473 2508 2
383 1765 1
2132 4945 1
2027 170 2
3111 1182 1
428 321 1
3589 2750 2
3515 233 2
1125 668 1
731 1401 1
555 2177 1
4145 3558 1
1706 964 2
4610 956 1
1699 4488 2
2238 2279 1
1314 5338 2
789 5139 1
5561 2485 1
2692 3004 1
3545 4075 1
3209 1595 1
785 3617 1
1934 2013 1
1196 5206 2
1091 5226 2
2946 789 1
753 5499 2
1235 4862 1
4162 4691 2
1374 2042 2
3888 3824 1
5489 5436 1
3405 4562 2
404 4396 1
4322 5572 1
420 829 1
5531 1946 1
5353 5300 1
2515 2006 2
4252 5174 1
1564 3301 1
5362 4050 2
5183 560 1
2995 925 1
467 1131 1
3091 4984 1
5457 3581 1
4369 2050 2
4373 412 2
3640 4410 1
2382 2 1
4462 5234 2
2071 1577 1
1250 2800 2
575 1380 1
923 990 1
5027 2956 1
5447 1846 2
811 4760 1
1300 2701 2
4183 3669 1
5118 5543 2
904 927 2
4642 3019 2
2283 3129 1
2907 476 2
4574 5216 1
1711 3892 1
3065 4899 2
514 5476 1
1420 1155 2
3284 2300 1
3366 2715 1
285 202 1
61 2701 2
5290 395 1
2676 4442 1
5350 3092 2
2894 4073 2
2263 588 1
1943 5396 1
2463 71 1
3613 1709 2
4054 4480 2
4254 524 1
1633 3774 1
3836 276 1
2252 3896 1
1428 3264 1
1410 1758 1
1987 90 1
3379 2071 1
652 4032 2
5467 4090 2
268 2288 1
2290 3059 1
4066 2181 1
3752 4116 1
405 2251 1
2202 941 2
287 3610 2
1130 2420 2
2299 1244 1
2111 2811 2
2369 4150 1
227 5409 2
111 1180 1
4811 2878 2
5072 3770 2
1757 1516 1
4130 3798 2
1039 391 1
2996 648 2
3816 879 2
580 4278 2
3310 4408 1
3810 4769 1
408 5429 1
300 4767 1
4611 1423 1
4308 3289 2
1221 709 1
4167 4391 1
3511 1495 1
2931 4103 2
4406 84 2
5462 4680 2
4834 2333 2
1375 1158 2
4482 4936 1
221 1757 1
3499 3178 1
3899 1196 2
4855 2829 1
260 142 2
3415 5378 2
2697 3615 2
921 5396 1
4450 4433 2
2633 3730 2
663 2720 1
4079 2673 1
3985 2215 1
2441 5304 2
1604 4819 2
932 1572 1
2050 1017 2
1037 2412 2
4216 1901 1
3915 2063 1
3955 1486 1
2612 1273 1
2545 1082 2
631 1452 1
4601 2625 1
5463 5222 2
2715 1665 1
21 2647 1
5525 113 2
2407 727 2
622 5045 2
5450 3345 2
1585 1608 1
3409 259 2
3107 1227 1
4286 3150 1
1716 1904 2
1226 1489 1
2174 3434 2
4633 1143 1
1736 4613 1
4695 4487 1
3711 3635 1
5010 3844 2
3863 958 2
835 4068 2
3694 910 2
4336 216 1
4337 588 2
5010 927 2
1416 4961 1
2851 4108 1
4297 190 2
4404 742 2
2587 4643 1
1227 951 1
785 1408 2
3638 1383 1
4067 413 1
5178 2401 2
5306 409 2
5264 3936 2
3765 830 1
1442 2731 1
1670 2829 2
4561 4724 2
1603 898 2
3856 1939 1
3130 3525 2
4038 2940 1
3496 3174 2
5108 1516 1
1583 2511 1
4974 4027 2
2191 13 2
1135 1078 2
3061 3793 2
586 5329 1
1158 2001 1
1655 1500 2
1544 929 2
1050 405 2
798 3793 1
5357 5456 1
3372 2017 1
2128 3117 1
992 3804 2
2822 27 1
520 2480 2
117 333 1
4989 3662 1
996 56 2
2333 262 1
1813 1339 2
3718 1616 2
3930 5077 2
2764 4508 2
2755 2382 1
3565 172 2
2550 2277 1
2282 1939 2
2723 4049 1
4925 987 1
97 4136 2
1662 4439 2
3240 2225 2
2771 752 1
2591 835 2
2482 1237 2
4714 3875 1
5288 4566 2
607 2142 2
2075 3487 1
3428 2715 2
3900 2277 2
1932 645 2
3476 3739 2
1277 544 2
1648 31 1
2773 3469 1
3061 2404 2
5270 1838 1
5449 1630 1
2212 4175 1
1118 156 1
3892 521 2
4297 4697 1
5042 1202 1
4449 2838 2
4147 4454 2
2561 2572 1
1946 949 1
5125 5442 1
4648 5079 2
4320 2964 2
1447 2284 2
5530 520 2
4878 2141 1
893 5110 1
2595 1632 1
4567 885 2
3513 850 2
1335 3614 1
1565 5309 2
3528 734 1
3076 2925 1
1213 4008 2
4575 4797 2
1132 1906 1
3330 2048 2
1917 3231 2
5068 2306 2
5283 5222 1
3460 4114 2
5517 1656 2
5388 2932 1
4006 2138 1
4947 3993 1
1577 4163 2
3014 1987 2
1403 149 2
1459 912 2
1714 1357 1
3158 1187 1
5223 1527 2
332 368 1
3531 4774 1
2496 7 1
3749 2567 1
3483 2004 1
1287 3397 1
4387 481 2
5410 5602 2
2037 3456 2
2151 3258 1
3392 3095 1
5484 4829 1
1737 5504 2
2647 5500 1
3031 1905 1
4242 4766 2
3666 626 2
5241 5355 1
2479 3200 2
4833 849 2
1556 2504 1
3915 2953 1
4733 4237 1
4272 3540 2
3963 2781 2
109 1529 1
4736 1843 1
1797 1280 1
3445 1710 2
2856 2156 1
4688 4719 2
2888 2087 1
5174 3176 1
2679 1585 1
2903 977 1
1734 729 2
1717 83 2
884 4575 2
3808 1120 1
2680 3110 1
4495 1130 2
2961 4461 2
574 191 1
4004 3394 1
1352 298 1
2184 4402 2
4142 5415 2
1606 4319 1
805 3695 1
2282 909 1
1547 959 1
1218 3263 2
1748 103 2
3656 253 2
3487 3095 1
1242 4128 2
924 5154 2
4706 1121 1
1358 1192 2
4400 5587 2
840 4710 1
1705 3259 2
3263 4914 1
4318 142 1
4384 2506 2
715 1106 1
949 1357 1
3427 4736 1
702 1213 2
2333 1319 1
1129 5307 1
1727 2801 2
2440 1111 1
4116 3034 2
4922 3808 1
4156 3754 2
517 5282 2
5543 4103 1
2884 3950 2
1002 4437 1
320 4790 1
971 1437 2
2 1801 2
3626 1335 2
2179 198 1
2679 1513 2
1189 2112 1
4685 507 1
5373 4708 2
1588 2832 1
2329 326 1
2783 4574 1
1951 3310 2
1289 303 1
3153 382 2
3213 5541 2
3648 3431 2
4242 4187 2
3443 3016 1
119 1222 2
1029 609 1
4396 3098 2
5549 4127 1
877 1558 1
1788 3519 1
5096 733 1
1073 525 1
5198 2313 2
4001 5592 1
2293 3009 1
3285 1717 2
2020 475 1
1056 1406 1
3669 353 2
5319 629 1
3832 5410 2
3470 3572 2
105 5066 2
1316 1555 2
2793 2568 2
1968 4539 1
4673 3206 1
2536 3481 2
4910 1891 2
2470 4563 1
2099 5117 1
4912 5164 2
691 3482 1
1477 1169 2
3286 3999 1
3020 103 1
3865 2465 1
2767 2883 2
1581 1485 1
3966 2129 1
225 3329 2
3224 2289 2
2515 1485 2
3803 1349 2
2014 1110 1
1531 3624 1
3857 3525 1
4993 2076 1
3149 703 1
1913 385 1
163 1101 2
757 2329 2
5172 23 1
3818 914 2
3056 586 2
133 1773 2
2733 4767 1
1037 4281 1
2703 856 2
967 3287 2
4852 1213 2
899 2363 2
96 3363 2
5577 4850 1
3989 3995 2
4087 1816 1
2316 4113 1
1892 1880 1
2518 2668 2
930 1685 2
3932 1300 2
2563 380 1
362 3826 1
1264 1820 1
1300 997 2
5396 3189 1
2782 5463 2
3016 576 1
2680 1801 2
3210 4106 1
1281 108 2
3660 3675 1
3266 3308 1
1844 738 2
2038 4795 1
2562 425 1
281 88 1
419 1036 2
680 5308 1
2184 5011 1
4957 158 1
698 5056 2
2763 70 2
5246 126 1
1045 2326 1
228 671 2
1219 3514 1
3234 2476 2
2276 5489 1
3560 367 1
3736 2344 2
2430 2048 1
3316 1132 2
4030 2765 2
3864 2753 2
1304 5212 2
470 4881 2
3882 4638 1
5560 2734 2
5560 1965 2
2113 2752 2
3684 27 2
1822 3249 1
3315 3699 1
5203 3027 1
3652 5177 2
163 3408 1
2073 2342 2
352 4593 1
556 547 2
1026 5441 2
4887 3116 1
742 5336 2
3857 2084 2
899 2994 1
5290 2558 1
1826 4618 1
64 2879 1
2857 180 1
4702 3622 2
3268 2879 1
1022 5478 1
4350 603 1
2326 2141 2
5522 4016 1
1178 3448 2
2410 4907 1
5193 3854 1
4631 824 1
2877 4164 2
2332 1806 1
1391 4945 1
108 1748 1
2578 147 1
3616 4578 2
4678 957 2
5266 2557 2
2256 2034 1
4840 3302 2
4593 524 1
3727 1946 2
3381 3800 2
3525 4009 1
4124 953 2
1421 302 1
3758 4217 2
17 5395 1
1539 4009 2
3776 5180 2
1178 3765 1
553 1399 1
1388 4943 1
1786 4663 2
1692 4625 2
2828 512 1
5366 2371 1
1618 4233 1
3027 300 1
2522 24 2
3770 3899 1
1834 1001 2
4290 2491 2
1277 4971 1
720 5305 1
4103 4884 1
5210 1477 2
4359 1301 2
4058 696 2
3233 1771 1
725 1707 1
1135 1410 2
684 4951 2
2917 1566 2
2186 22 1
591 4778 2
4816 824 2
4737 5221 2
5485 1096 1
493 579 1
1837 1427 1
1561 3298 2
5426 915 1
1280 4312 1
1492 4048 1
3089 797 2
244 3472 2
5320 37 2
2627 5555 1
1248 3039 2
2185 5073 1
881 1445 1
4086 1435 2
3676 5342 2
4119 5397 1
3606 2567 1
1260 270 2
2542 2336 2
4210 4186 1
4866 3810 2
1350 4212 1
854 4033 1
1051 2090 1
3053 1267 1
4980 1920 1
2208 2187 1
4076 2155 2
277 2809 1
5177 4698 2
78 2258 1
498 3952 1
2173 1319 2
2399 251 2
705 3442 2
3530 5236 2
2487 2589 2
655 855 1
4714 4247 2
966 4347 1
968 4125 2
3831 3552 1
1312 4500 1
3117 2766 2
1078 3240 2
4514 4870 1
999 1291 1
1678 5296 1
3613 4410 2
518 3904 1
476 1645 1
2260 1816 2
4905 4489 2
2359 3261 1
971 370 1
3075 3063 1
3463 1876 2
5179 5404 2
2956 2511 1
5555 2837 1
2661 5134 1
783 2915 1
3722 914 1
618 3267 2
1362 3833 1
1863 402 2
994 802 2
4781 280 1
2858 2687 2
3604 5563 2
122 3183 2
5555 4825 2
37 4495 2
1347 749 2
3514 1017 2
1056 4297 2
387 3004 2
3539 2338 1
4081 3566 2
1363 4233 2
120 2260 2
343 4157 2
3215 3960 2
2648 901 1
336 3413 2
528 1988 2
4779 82 1
4569 4899 2
2518 4446 1
2800 4702 2
1825 4546 2
1780 1147 2
3068 684 1
4657 3846 2
2301 3778 1
788 1577 2
521 532 2
5320 5307 2
429 4539 1
4354 3956 1
3237 5171 1
95 532 2
4417 3390 2
2171 4681 2
1841 4627 1
1163 2376 2
4048 2848 2
3743 1905 1
893 4720 2
3367 6 2
1582 2153 1
5351 37 1
4135 4652 1
3170 3514 1
5100 3841 2
1438 2168 2
4985 2892 1
532 1093 2
1340 3182 2
242 4197 1
1559 3685 1
2463 49 2
753 5181 1
3878 2881 1
4300 3731 2
4604 5432 2
3720 3232 2
5437 2926 2
5491 3575 1
3900 2264 1
3363 4211 1
3731 5137 2
2726 3127 1
2435 4815 2
237 2596 2
4034 2850 1
3235 3625 1
622 2881 1
3267 4213 2
3556 1697 1
551 5342 1
3518 4819 1
4540 802 1
4106 2346 1
485 1079 1
1294 3520 1
3878 5469 1
1491 3778 1
2507 2123 1
5432 3192 2
2275 3096 1
1940 4543 1
2511 2385 1
255 2612 1
969 2358 1
1086 4270 1
2494 1927 1
2467 1083 2
4007 1109 2
4175 1606 1
1929 3290 1
2168 139 2
1172 1776 2
5593 2876 1
1380 761 1
3918 1540 2
5527 1163 2
433 5562 2
4898 1419 1
5266 1151 2
2479 217 2
3248 837 1
4286 2050 2
4080 835 2
3683 2876 2
3622 4302 1
2752 3015 2
3511 2552 2
489 3075 1
2193 339 1
3709 4227 1
3384 5193 1
1905 4362 2
4009 4696 2
5365 1163 1
2909 1066 1
1875 1600 2
5169 1289 1
711 1977 1
5105 184 2
3305 1973 2
3805 2353 1
214 5021 1
2838 5579 2
2314 3148 2
660 862 1
3512 3852 2
4133 1227 1
5297 3699 1
3216 3600 1
3588 1658 1
5288 1390 1
3928 5019 1
1616 3510 2
4270 1150 1
223 5025 1
1971 4549 2
4817 1809 1
1090 5386 2
2409 130 2
107 4058 2
4767 2532 1
2734 2848 2
2934 403 2
1294 2966 2
4291 147 2
94 3661 2
2558 1754 1
196 5032 2
2528 3120 1
3085 5301 2
417 37 2
2972 4929 2
3413 5162 2
5546 3282 2
5480 2034 1
4628 110 1
696 3292 2
3065 4559 2
652 5074 2
1379 5102 1
639 1752 2
3008 2270 2
938 890 2
2269 2636 2
5382 1444 1
131 487 1
3871 5212 1
4327 4806 1
4864 2471 2
4643 2518 2
4727 4297 1
4915 63 2
728 841 2
3522 711 2
3565 1666 2
3657 5541 2
359 3155 2
5150 4576 1
3098 3679 2
2501 3625 1
2105 471 1
3420 1966 2
5447 4998 1
4968 2010 2
4598 3614 2
1004 2450 1
1694 4613 1
2109 4064 2
3611 3091 2
3061 1965 2
2060 4789 1
1371 3905 2
3760 4277 1
4103 2708 2
113 5576 1
5010 3435 2
4465 1727 2
4634 4639 1
2651 3228 1
3421 2125 2
2158 1484 2
1291 306 1
2092 5076 2
3521 4123 1
2391 3773 1
2503 1602 2
1681 2252 1
4848 4359 1
3599 3662 1
3702 3526 2
4444 1869 2
3712 1925 1
4757 4820 2
2884 4973 2
2858 2004 2
4350 2535 2
4344 4351 2
2109 3379 1
240 5588 2
383 4588 1
1842 3928 1
5598 4698 1
747 1776 1
1585 1481 2
3658 178 2
4193 2823 1
967 2143 1
408 4263 2
1120 1323 1
4095 1342 2
3899 4658 2
2065 4782 1
3868 3015 2
1335 3733 1
3078 4154 2
3448 3266 1
2345 1616 1
1 126 1
3217 2314 1
1932 4514 1
825 4222 2
324 3245 1
4102 3122 2
2036 4838 2
271 1829 1
3894 4693 2
4057 3667 2
5309 4031 2
3039 2231 2
5433 5292 2
1534 593 2
3725 1077 1
1685 4187 2
547 2129 2
2525 336 1
1991 4749 2
3491 2526 2
2135 1314 2
4142 3814 1
126 1178 1
2017 2940 1
206 4407 1
2510 3156 1
1114 2807 2
4116 3814 1
4056 1719 1
4233 2636 1
1333 279 1
5510 1589 1
1831 3174 1
685 3605 1
4078 1794 2
3432 5589 2
3528 4521 2
431 3428 2
1660 892 2
2988 1556 2
1382 5585 2
2128 3539 1
1874 1630 2
3839 3797 1
461 2047 2
2889 1815 2
352 5146 1
2785 314 1
4651 5573 1
1173 838 1
2673 1434 1
954 2247 1
5275 5180 2
2794 1509 2
2832 2428 1
5012 2988 1
3509 3221 2
3170 1157 2
274 3205 2
2751 2247 2
651 4561 1
3361 4277 2
5264 1167 2
1433 1088 1
5514 4660 1
1620 1758 1
2207 5131 1
4746 911 1
4430 3157 2
2379 1841 1
144 2905 2
4585 1229 2
4835 1300 1
5432 836 1
963 2127 2
1781 719 1
4561 1296 1
1003 2602 2
1273 5211 1
3920 237 1
4646 5517 1
1531 5316 1
4738 940 2
3952 3691 2
3735 2665 2
3104 5345 1
3896 3947 1
1831 3874 1
962 2634 2
966 1487 1
465 5068 1
1770 3209 2
5309 5317 1
3202 2907 1
142 4417 2
1940 1590 1
4770 989 2
2079 580 1
4855 1262 2
899 5592 2
1301 945 1
2234 5573 1
5190 442 2
3033 1527 1
5299 1925 1
2303 1958 2
5464 997 1
1427 759 2
2787 3386 1
3351 2883 2
3832 5145 2
3846 1349 2
4164 1091 1
2994 3258 1
21 5494 1
2866 2891 2
910 774 2
242 2360 1
3163 3189 1
1160 1890 1
2208 332 2
4346 529 1
839 367 2
2616 5237 1
978 3804 1
594 2892 2
5013 3310 1
993 3406 2
2702 662 2
2557 2698 1
3098 2796 1
3080 711 1
4686 4287 1
1304 685 1
4494 1918 2
3328 1631 1
3787 2938 2
3306 5302 1
389 1738 2
3243 1675 1
4687 2556 1
4886 2293 2
5078 2301 1
3523 5516 1
3227 3130 1
900 820 2
4961 3180 2
5020 5024 2
4524 1412 1
5232 1460 1
1034 4601 1
623 4247 1
5486 4066 1
339 2085 1
5383 257 2
1550 467 2
555 978 1
596 5185 2
3324 5303 1
5082 5095 1
2289 3502 2
1737 87 2
764 2983 2
3515 2800 2
2401 3779 1
2827 3840 2
4450 3005 1
1160 5526 2
3272 3624 1
4403 2909 1
383 446 2
3776 343 1
165 5141 1
4128 3709 1
2630 2444 1
3691 5579 1
5441 2582 2
2719 1329 1
3691 131 1
5167 10 1
1995 2057 2
5150 637 2
4468 1355 2
2214 2459 1
3643 578 2
3270 5591 2
5608 3829 2
1727 4750 2
5025 3367 2
3650 3237 2
651 1134 2
1879 1229 1
5462 4413 2
53 2416 1
5210 1282 2
3639 3049 2
4372 3213 2
5469 5366 2
3842 2048 1
2045 2527 1
943 3079 2
1911 2963 2
1271 1090 2
485 604 1
3146 4490 2
2154 3125 1
2650 5356 2
1762 3261 2
2249 3852 2
3392 3818 2
5191 3999 1
5497 5603 1
3257 2075 1
4624 4782 1
4058 1974 2
2190 2736 2
1727 3353 1
3615 1639 1
1258 467 2
1198 3132 1
1966 650 2
96 2504 2
4347 3117 2
3261 4200 2
331 1755 1
1038 2786 2
1155 311 2
1971 359 2
1444 5392 1
3634 2547 1
4646 2505 2
2265 993 1
5320 1559 1
4464 4184 2
3331 2491 2
3408 4766 1
2781 4349 1
1888 69 2
2890 4571 2
1164 3917 1
1556 4595 1
909 2989 2
4558 469 2
2574 332 1
2808 4057 1
4694 5130 1
558 5271 1
272 1317 1
4609 2755 1
1283 2519 1
5264 2401 1
2619 2911 2
1497 1601 2
3620 3959 2
3440 229 1
1656 3752 1
1961 777 1
2404 1452 1
4136 3266 1
5574 3927 1
5605 110 1
4730 1581 2
1795 2314 2
4092 3193 2
2295 3659 1
1243 3914 2
1337 2732 1
602 605 2
3495 5224 2
4899 4736 1
2651 227 2
3683 3822 1
2616 1984 1
1448 828 2
2247 5119 2
2974 4951 1
4823 4071 2
5159 594 2
2076 855 2
3308 1961 1
2730 3432 1
4559 3035 1
5012 3600 2
2796 106 2
3632 3726 1
3629 3879 1
896 2875 1
4144 5507 2
91 1740 1
1409 406 1
2904 654 1
4402 1981 2
1221 3814 1
4139 5123 2
3306 4953 2
4724 5341 1
1035 4762 1
1338 1329 1
3353 4747 2
5039 1933 2
5541 4947 1
646 490 2
4195 991 1
4337 1707 1
4275 2451 1
1916 442 1
2070 2530 2
4006 4789 2
983 3119 1
3350 3108 2
3969 5142 1
1203 559 1
2992 1601 2
2138 4384 1
3856 3790 1
490 4675 2
1549 5372 2
2931 3845 2
2311 3337 1
808 754 1
183 3233 1
2235 2560 2
2552 1549 1
139 3760 1
720 182 1
2808 5245 1
5186 2316 1
4698 1287 1
361 301 2
1084 5328 1
4458 1648 2
5595 4804 2
3025 182 2
2899 4505 1
4794 4822 2
2825 3869 1
854 3802 1
731 5339 1
656 3730 2
992 1840 1
3215 537 1
528 4006 2
565 215 1
986 975 1
4015 4880 1
1288 2649 2
4209 3548 2
1539 2688 2
1281 420 2
297 5161 1
5567 3210 2
5046 4549 1
2747 5240 2
1648 2216 2
2739 2202 1
4658 4616 1
3373 4031 2
2797 5465 1
552 3306 2
813 1209 2
947 719 1
4980 1821 2
3482 4735 2
1644 2112 2
2564 5599 2
2736 1119 2
3501 2562 2
2513 3103 2
546 4881 1
2344 3324 2
145 5408 1
2539 5095 1
3317 5585 2
3016 1315 1
720 2323 1
5167 3039 1
2250 3757 1
360 856 2
1692 2096 1
2801 4101 1
404 5465 2
531 785 1
989 2202 1
3413 3742 1
4162 3327 2
4132 3367 2
1343 2732 1
1481 5118 2
2338 1300 1
5020 2701 2
4114 1679 1
981 5099 1
3642 4184 1
2345 4508 1
2680 565 1
1017 652 1
4386 1122 1
76 4647 1
310 1592 2
4646 2664 1
5036 1653 1
2283 2450 1
2740 3881 1
3697 1688 2
2837 4103 2
297 3365 2
3023 4679 1
5195 1578 1
4196 3692 1
5561 1505 2
368 4891 1
1744 4442 1
3669 5064 1
1961 4466 1
2628 3652 1
3313 4569 2
3408 4371 1
1604 3425 1
1945 2705 2
3680 3867 1
4459 4244 1
2031 2269 2
3581 1109 1
3675 3927 1
2769 247 2
4505 460 2
3716 1571 2
1631 4919 1
1693 4711 1
2210 376 2
2087 3059 2
3423 726 2
3173 5336 1
3665 5147 1
1565 3934 1
4172 2163 2
2082 2491 2
791 4846 1
1979 5540 2
3733 1231 1
2270 4393 2
139 2773 1
3095 318 1
1545 5055 1
4980 3699 2
3783 1655 2
4354 4414 1
1173 3233 2
4189 940 1
4473 1001 2
3961 3724 1
4292 2604 1
5236 5071 1
988 4998 1
1954 1965 2
1932 3618 2
1544 2286 1
1203 4567 2
1122 4355 1
2405 4914 1
1238 429 1
1535 4250 2
2890 740 1
221 4079 1
5532 853 2
1246 4262 2
3384 288 1
704 435 2
894 3776 2
526 2148 1
2896 1110 1
2571 2601 1
4765 5608 1
1580 303 2
836 2647 1
5094 605 1
1167 4681 1
2733 3394 2
2863 1426 1
5024 1397 2
1526 696 1
943 2070 2
3948 3981 2
1916 2677 1
5289 4626 2
981 2611 2
5526 4321 1
4095 4737 1
498 1543 2
2991 4209 1
2240 4330 1
3437 1203 2
3116 5518 2
2916 3504 1
1506 4972 1
233 4370 1
5145 495 2
3554 5497 2
3034 5438 1
3505 2227 1
1803 2159 1
1420 3013 2
1624 3853 2
1398 2078 1
993 1822 2
131 4134 2
1842 4724 1
1808 654 2
3998 1502 1
1076 4629 1
4629 568 1
1372 1862 1
4452 1733 1
3961 4793 1
4668 4500 2
4614 3566 1
4506 2580 2
5128 178 2
1258 1412 1
2114 5486 2
497 5046 1
1267 1025 2
2962 2696 1
5254 504 2
3205 1580 2
1734 4457 1
1521 4435 2
1439 203 1
4160 3776 1
581 3803 2
426 2261 1
119 940 2
187 3850 1
4931 3858 2
541 2572 1
1174 3369 2
3639 4309 2
3814 4670 2
2143 772 1
1009 310 1
1039 5464 1
3891 1110 2
3699 4321 1
2592 3265 1
4451 3244 1
1901 1086 1
3172 177 2
2031 1734 2
2562 4299 1
3013 929 2
3377 5056 1
39 3922 1
5410 1053 2
4639 1179 1
2740 4268 1
5497 2989 1
501 1841 1
3007 5389 2
3666 4047 1
397 5288 1
484 454 2
2053 4627 1
1501 1383 1
4674 2488 1
4521 5275 1
2978 4768 2
1021 4942 1
5156 2552 1
97 2104 2
1193 4435 1
978 3312 1
2928 5607 2
2495 5473 1
2352 882 2
2850 2968 2
4025 3276 1
3515 939 2
4591 2157 1
2813 1988 2
2469 3894 1
2280 4897 2
2542 2248 2
5343 4456 2
1236 1077 1
4815 4797 1
1773 3058 1
5359 680 2
1082 590 1
2972 4982 2
1513 3629 1
4757 1567 1
1351 1541 1
3505 4231 2
5438 780 1
522 470 2
4044 3384 1
5134 2638 1
4591 1213 2
4071 1184 2
1484 2573 1
4264 4956 1
2289 4847 2
5106 5212 2
3919 1265 2
815 4592 1
4323 925 1
3149 3876 1
4614 2867 1
2076 530 2
2456 409 1
5486 253 1
3367 3382 1
3672 3835 1
475 5548 2
1113 4350 2
1835 1115 1
5602 1463 2
230 4858 2
458 4793 1
3786 4430 1
195 3889 1
4697 5512 1
468 848 2
5205 4335 2
1153 4483 2
4675 1437 1
2837 4853 1
2889 4385 1
4805 3809 2
4623 3927 1
3921 1713 1
1220 5286 1
5198 1970 1
2428 3786 1
5089 499 1
836 4053 1
3417 4950 1
5437 1775 1
2163 516 2
5483 2128 1
3959 4362 2
5390 1072 1
4637 1253 2
909 39 2
4114 1288 1
136 2291 2
66 4930 2
1643 3232 1
1351 4717 2
218 2447 1
3705 4038 2
2563 2524 2
5336 1875 1
2133 778 2
761 4661 2
4514 4548 2
4020 443 2
963 355 2
3280 5418 2
2202 3869 1
1294 46 2
3215 3742 1
368 53 2
4471 3039 2
4699 4453 1
1213 1786 2
5053 63 1
2498 3993 1
3824 2393 2
1872 3358 1
615 3453 2
3352 3939 1
3349 4070 2
2006 200 2
715 4374 2
642 3288 1
2538 247 1
192 4814 2
4777 2683 2
3816 734 2
820 5185 1
5608 3569 1
1806 48 2
5206 148 2
2914 683 2
1560 3537 2
3871 1044 1
3709 4207 1
2777 2649 1
3818 806 1
4152 3274 1
1678 1145 1
2288 1042 1
3744 721 2
5202 2735 1
2445 2456 1
5217 80 1
1681 4280 2
2864 2925 1
3011 1406 2
4207 4034 1
2506 3281 1
3211 3531 1
2079 4774 2
1394 5442 2
1084 1816 2
2323 3986 1
2873 1252 2
2531 2458 2
2287 2808 2
1282 5267 1
541 3153 1
3553 2975 2
3488 254 1
1540 5112 2
3065 752 1
285 5557 2
5257 2311 2
4782 4403 2
58 750 2
4303 4063 2
1281 5369 2
3405 1128 2
5323 3575 1
918 387 1
2969 2096 1
2413 1578 1
3185 3709 2
3404 4377 2
2292 3790 1
5068 4098 1
1967 4144 1
3021 4110 1
3182 5026 1
1581 3700 2
1224 2519 2
4473 1462 2
4618 2301 2
1549 4365 2
3049 3401 1
2721 4566 1
4726 3143 2
5222 5441 1
2368 4613 1
4914 3078 2
3487 5602 2
1104 2720 1
3792 3653 1
4290 1760 2
361 4499 2
1017 4921 2
117 2896 1
3432 3936 1
1153 1100 1
5222 3752 1
931 4107 1
76 2445 1
4084 867 2
1852 1566 1
5167 2455 2
983 4040 1
4637 2788 1
3281 3677 2
462 4544 2
4580 4907 2
1956 3180 1
3343 5264 2
392 307 1
3920 115 2
2639 2325 1
1827 5427 2
2670 4179 2
1295 5054 2
1960 3482 1
3530 2637 1
4922 760 2
1230 2438 1
1810 895 2
2709 1948 2
2157 3165 2
178 4550 1
2336 1888 2
3981 1766 1
4131 4230 2
3821 344 1
1608 4381 1
3574 2936 1
3648 1061 2
4911 1806 1
794 2431 2
5467 1480 2
5260 3943 2
2655 4920 1
2175 5525 1
3400 3440 1
1859 4641 1
3803 5086 1
872 2228 1
5401 3625 1
3624 5577 2
5274 1691 2
3783 485 2
3956 5397 1
2482 1842 1
4972 5364 1
3847 4808 1
5561 2228 2
1708 742 2
2131 1244 1
4594 4807 2
2218 1848 1
3995 3299 2
1263 5280 2
3277 3584 2
3767 3160 1
894 2970 1
4755 1074 1
842 4779 1
5181 4704 2
3937 2550 1
39 2511 2
3416 3891 2
189 1025 2
1030 4868 1
639 497 1
2889 3267 2
3577 393 2
1962 4874 2
4973 3210 2
3095 2284 1
3086 4664 1
3807 1983 2
1974 4589 1
516 2207 1
2909 654 2
4943 2188 1
112 2461 1
2897 4228 2
4153 121 2
3896 283 1
697 5421 1
4295 5579 2
3020 4587 2
948 5269 2
3466 2271 2
1778 5193 2
1699 379 1
3781 3410 2
777 1257 2
3446 3358 2
2218 956 1
3511 4371 2
1140 3681 2
1421 3752 1
4398 1943 2
2274 1495 1
2314 43 1
2383 2865 1
402 3163 2
853 5108 1
4580 985 2
3391 96 2
5014 4850 1
376 5055 1
3540 871 1
2086 1535 2
4582 2124 1
2771 1844 1
3962 1003 1
3605 1596 1
3672 2288 2
19 3345 1
5095 1032 1
2529 3818 2
5019 4090 2
1409 4305 2
1319 939 1
831 4775 1
2275 1236 2
3563 630 1
934 23 1
3779 3285 1
4618 866 2
4456 1496 2
2555 1513 2
3278 988 1
1940 5335 1
2127 4875 2
2116 779 2
5541 4899 1
4528 4842 1
1873 2390 2
1274 2294 2
2740 4436 1
5392 4566 2
4375 2718 1
2588 91 1
2957 3778 2
677 4302 2
876 412 1
1954 2856 2
3120 1075 1
2444 1621 1
3364 4551 1
5168 3346 1
3089 553 2
2531 3091 1
1297 3560 2
48 2420 1
1323 1885 1
1713 3169 2
2073 1417 1
5382 2266 1
4302 3597 1
5038 955 2
3101 294 1
1854 240 2
1301 1359 2
2410 4556 1
1050 2634 2
154 1621 2
2827 4514 2
5127 799 2
1679 3716 2
5082 687 1
5205 2801 1
3953 1032 1
3473 3403 1
2086 57 2
3626 2457 2
3767 5493 2
1966 2048 2
1306 4035 2
5370 3403 2
3060 3614 1
3400 3570 1
3851 5091 2
2724 233 1
1749 4062 1
4769 2619 2
3959 1803 1
1303 456 1
4556 5081 2
4653 4553 2
1606 1988 1
1017 171 1
3640 1302 2
3483 1624 1
695 2308 2
328 5174 2
644 3444 2
3193 3444 2
1844 1638 1
974 748 2
4914 3266 1
3592 4692 2
2306 4128 1
3680 3281 2
1430 2267 2
2958 2615 1
4573 2232 1
773 3450 1
379 4721 1
3754 4275 1
315 2154 1
4624 4419 2
2073 1310 1
2936 1046 2
1544 2314 1
2674 812 1
5174 1839 1
1087 2779 1
4174 4632 1
4099 4316 1
686 2057 2
1968 2000 2
1986 1022 2
1430 5045 2
1678 5129 2
2436 394 2
2052 1721 2
3389 2900 1
1791 3991 1
4391 4303 1
3483 4745 1
3580 2401 2
4406 3334 1
4664 1168 1
2814 3802 2
135 5232 2
1008 3536 1
1198 37 1
4054 4134 1
4034 2823 2
4034 2130 1
1587 3028 2
3703 983 1
5331 1796 1
4165 5342 1
3353 2771 1
4626 1322 2
5530 1929 2
4076 1253 1
4124 1022 2
2218 1450 1
2440 2365 1
2642 4677 1
3357 5273 2
1904 370 2
2745 3054 1
3181 420 2
48 3191 1
2542 2930 1
2795 3278 2
4635 1164 2
1771 2034 1
5507 293 1
1185 1909 1
668 5290 1
286 4505 2
2453 5492 1
5336 5191 2
1640 3157 1
4291 1213 1
4999 5583 1
1260 4143 1
2446 4968 2
57 1934 1
3591 5324 1
3741 5028 1
1249 2153 1
4788 3487 2
3818 2018 2
1086 2167 2
4849 4377 2
2373 4138 2
5278 1722 2
3363 5428 2
5315 2463 2
546 1600 2
2047 3039 1
2149 2702 2
2467 310 2
5541 462 2
1864 134 2
180 2628 2
3980 4028 2
3222 3766 2
3380 431 2
3725 2054 2
2643 1297 1
5133 871 1
1888 1862 2
2880 4729 1
313 4807 1
3470 628 2
4789 4890 1
4484 1641 2
1074 4698 2
2645 1830 2
2287 571 2
4471 3564 2
4778 441 2
2739 767 1
5491 2780 1
248 2122 2
2279 2797 2
2929 5578 1
1373 5224 2
1139 5297 1
2286 3005 1
2565 5440 2
4100 291 2
2896 3154 1
316 194 2
2633 2875 2
5495 931 2
5228 626 1
1546 957 1
952 1854 2
259 2627 1
486 508 2
640 2535 1
4737 4477 1
2940 1187 1
3180 1136 1
4294 346 1
3806 3357 2
2713 502 2
775 874 1
1896 5173 1
2917 416 2
3329 3037 1
5280 4296 2
1452 1887 1
249 5274 1
4862 4664 1
4079 341 2
1709 628 2
1095 4164 1
4744 828 1
3455 2379 1
2085 1345 2
5232 1272 1
3000 738 2
4673 5395 2
900 5214 1
3495 2170 1
1568 1016 1
5227 1646 1
3949 2141 1
5257 4223 2
4287 1493 2
3819 5326 1
4422 4734 1
2805 4428 1
2187 1420 1
1224 4229 1
4208 1033 2
1591 2752 1
1247 4306 1
5383 3831 2
717 292 2
2556 367 1
411 4630 2
1933 564 2
5021 3745 1
5119 4964 1
1161 4728 1
4356 3522 1
1873 3681 1
3663 4646 2
105 663 1
3886 4838 1
2460 2186 2
5071 3678 1
2393 36 1
5383 2219 1
2499 1270 1
215 298 2
3848 2765 2
2339 3465 1
3199 4599 2
1703 1668 1
5414 5341 2
2778 5583 2
472 27 1
212 2459 2
2128 924 2
4598 3804 1
3139 4286 2
3510 5558 1
2564 3397 1
4624 436 1
2325 1169 1
1415 3052 2
323 3187 1
2691 2440 2
2369 2956 1
3707 1330 1
342 2580 1
2325 5528 1
2624 1404 2
490 5019 2
5583 5484 1
5555 1872 2
410 1302 1
782 3090 1
2572 2924 2
2377 1129 1
1710 2364 2
481 1101 2
1698 2102 2
4534 3527 1
148 3250 1
3641 1235 1
2121 4433 1
5076 3128 1
2880 3039 1
2397 3036 2
5213 2015 1
3186 4591 1
5604 4637 2
1813 162 1
2275 4930 2
4024 2993 1
3968 543 1
767 2102 1
5218 3170 1
3517 1252 1
5395 3975 1
4681 3138 2
4351 4794 2
1758 3939 1
197 1136 2
2038 2406 2
3390 4424 1
2561 1457 2
825 3020 2
1723 3307 1
1160 3806 2
1068 3672 1
127 1850 2
3858 4816 1
3163 1338 2
271 3810 2
1139 3393 1
4851 4275 1
4562 4257 2
202 4868 1
2349 4477 2
129 957 1
1352 5542 2
4591 1309 2
1847 2267 2
5171 1765 2
889 5233 2
2126 3634 1
4488 4993 2
1992 2997 1
4088 971 1
60 4598 2
2687 842 1
266 1271 2
3702 2479 1
207 2050 2
2182 361 1
1932 4105 2
1246 862 1
3257 1573 1
4738 1644 2
1445 4386 1
1598 2421 1
5362 4393 2
4849 597 1
5113 1009 2
4008 2177 1
4949 473 1
2801 4197 2
1836 3714 2
3373 711 2
818 5585 1
4984 5224 1
2978 1937 2
3973 2085 2
828 1698 1
2208 4821 2
3350 2932 1
2896 4152 1
1797 1315 2
5444 3027 1
2047 138 1
4629 4104 1
16 5355 1
2362 3132 2
1598 2780 2
1767 552 2
3427 1850 2
1023 4819 2
2199 3104 1
4001 4739 1
503 2350 1
4031 4607 2
2499 3912 1
2977 67 1
234 4560 2
3166 231 2
284 3898 2
1335 5468 2
1633 5370 1
3100 207 2
968 1911 2
2902 3882 1
726 193 1
134 848 1
4209 4855 1
5362 1383 1
4644 3790 1
577 3909 2
3114 70 2
1935 4923 2
1518 1446 2
620 4436 1
3266 1429 2
5393 724 1
247 4881 2
4698 1110 2
987 4587 1
2590 3865 1
5294 2299 1
3502 2229 1
3446 3460 1
2875 4535 1
5419 3175 1
299 3104 1
4308 3560 2
4774 3028 2
3844 3875 2
873 4743 1
4249 3305 1
913 5086 1
2284 3315 1
2598 2909 1
4622 85 2
3216 1232 1
2758 2208 2
2266 3919 2
5594 958 2
4591 1325 2
100 5554 2
761 222 2
179 1623 2
3509 4549 1
3116 1694 2
5296 4917 1
3089 565 2
2276 61 2
1883 1557 1
4451 2883 1
2818 4656 1
3467 4392 2
830 1051 1
5397 4849 2
2015 2381 2
2723 3800 1
2866 1239 2
3845 1213 1
4680 1538 2
1985 2871 2
3035 632 1
4373 2968 2
4908 2808 1
899 4798 1
4592 261 1
2050 3722 1
2427 566 2
2602 1377 2
4233 1509 1
1890 5043 1
2873 234 1
1190 2461 1
1828 3139 2
3226 1378 2
1599 2465 1
3121 1499 2
5561 5188 1
3679 1088 1
1968 4439 2
4160 3292 1
5074 424 1
960 3117 1
2539 2315 1
3247 5083 2
4165 1676 1
2548 1442 2
4254 2150 1
988 3758 2
5122 2031 2
4891 3210 1
131 5291 1
67 1819 2
2754 1806 2
1516 4445 1
4312 5460 1
1976 1384 2
4645 827 2
4529 2144 2
5263 2180 2
534 911 2
1778 3129 2
4186 3654 2
3706 2691 1
4494 2072 2
605 4440 1
5559 327 2
3023 2567 1
303 4151 2
4086 3456 1
3409 5161 2
4247 1718 1
167 5055 1
5430 4993 2
5509 5308 2
3867 2660 2
927 2527 1
5338 3518 2
3946 959 2
2659 4102 2
2310 1697 2
5001 4979 2
3595 3819 1
87 2673 2
1628 3109 1
1407 3305 1
5236 808 1
2794 3601 1
4833 2037 1
4550 4952 2
4014 4152 1
5217 2668 1
3697 3262 2
5072 3811 2
5074 3309 1
3917 401 2
3487 776 2
2603 2994 2
3145 4563 1
2027 3869 2
3158 236 1
4361 2401 1
1377 2274 1
2555 5015 2
3288 3442 1
1763 4833 2
3588 1986 1
2719 1127 2
5468 1592 2
348 1859 2
1835 2020 1
5083 68 2
4314 2678 1
1303 5422 2
2044 1885 2
3970 4413 2
2099 1880 1
5018 2455 2
3046 2392 2
3577 2527 2
2526 3910 1
3731 1798 1
3359 3772 1
910 2565 2
3799 4885 2
5429 1295 2
4132 516 1
1491 2809 1
3632 2825 2
5125 3906 1
2367 4068 1
4545 570 2
2330 3658 1
4163 994 2
2985 341 2
951 3539 1
3025 5281 1
2011 396 1
3252 547 2
2888 3612 2
1513 5241 1
4808 2942 1
4294 1048 1
3193 3613 2
1996 2199 1
5134 2321 1
1323 3285 2
2603 4653 1
2371 4174 2
2131 4277 1
4947 3947 2
3251 1104 2
5578 989 1
2799 424 2
4996 513 1
1536 5374 2
1425 3651 1
4766 4276 2
3576 3415 2
4468 4630 2
2467 934 2
622 3443 2
1675 5063 2
3206 5252 1
4919 5393 1
1379 1574 1
279 245 2
3232 3468 2
4298 2453 1
684 2785 1
5221 1539 1
5249 2406 2
2804 1266 1
408 1898 1
4872 4810 1
4737 5370 2
2782 3060 1
143 3364 1
1667 5033 1
3165 1490 2
4731 1035 2
2629 5335 1
5311 4825 2
1712 1028 2
516 4668 2
4039 5168 1
69 1593 2
1085 2872 2
2983 4652 2
1736 3099 2
3346 1450 1
3453 5313 1
3998 4223 1
3802 3366 1
2039 3443 2
138 4587 1
5387 1329 2
948 1743 1
3128 2592 1
4777 1978 2
5293 2171 1
2366 775 2
3090 1862 1
5007 905 2
4192 746 1
2907 4157 2
4941 4419 1
1820 1303 1
4256 489 1
503 267 1
4781 4232 1
4734 2797 1
766 4358 2
1835 5488 2
113 188 1
530 2717 1
2092 2597 1
5049 4206 1
3074 5313 1
3608 3953 1
1185 2402 2
2860 2535 1
2943 347 1
1993 5399 2
4716 1515 1
3859 1923 2
1687 4573 2
5329 5418 2
2489 3423 1
1351 207 1
2092 1008 2
5465 2587 1
3734 3085 2
228 610 1
3368 3352 1
1575 3303 2
1302 3609 2
1058 2553 2
4628 4393 1
3867 1248 1
2290 5541 2
1529 4993 2
1444 2682 1
5546 2987 1
2141 1562 1
3686 1939 1
159 5597 2
5540 2192 2
3676 5092 1
3671 622 1
4236 47 1
5150 2555 1
5571 427 1
2559 1778 2
831 1144 1
4694 2765 2
402 3364 2
211 2976 2
871 4585 2
851 4705 1
893 4675 2
1895 5019 1
5071 1859 2
3888 1292 1
120 3491 2
5161 1134 2
1816 5153 1
1887 1297 2
1295 1547 1
5339 3995 2
2089 5273 1
2877 4312 2
4648 2137 2
4330 5226 2
3868 2086 1
1289 3927 1
4853 3417 2
3330 2857 1
2185 2058 1
2948 3097 2
1125 3354 2
1431 1452 2
5328 3265 2
1887 4342 1
5098 510 2
4689 3483 1
2670 4112 1
1477 2583 2
2054 1218 1
2079 211 1
2697 3294 2
2703 5426 1
1369 4777 2
602 3934 1
1302 239 1
297 1117 1
1317 2355 2
4202 449 1
4345 1819 2
1744 4686 2
1545 3235 2
2045 1772 2
1311 830 1
4642 496 2
1086 4659 2
2929 4860 2
1349 1898 2
2783 1945 1
5199 5368 2
4577 2713 2
2740 895 1
230 102 1
4043 1280 1
147 124 1
1237 4954 2
4353 2524 1
1188 4844 2
553 5214 1
3129 4531 1
2542 4980 1
4893 3262 1
5181 5465 1
4158 403 2
5489 468 1
4764 4861 1
862 5559 2
4100 445 1
4395 2840 1
963 707 1
435 344 2
2102 3331 1
245 3161 1
1679 4021 1
3066 715 1
4261 5108 2
5493 3925 1
707 5371 1
1574 3554 2
91 1905 2
552 5210 1
2127 1906 2
3973 4587 1
3366 4072 2
3842 5306 1
3192 4038 1
5501 331 2
3958 4638 1
4109 3886 2
5138 5379 1
106 2425 2
4967 3527 2
4905 70 2
738 773 1
1507 4224 2
5196 1024 1
542 266 1
4721 1378 1
3340 384 2
2206 3222 2
2145 4870 1
2779 1094 1
4692 303 2
966 4501 1
3543 4460 1
3406 3777 2
2039 4769 1
4993 2146 2
4972 1526 1
4338 4522 1
307 2834 2
3917 1642 1
1157 2437 1
521 4038 2
2568 3262 2
3941 815 1
3720 5003 2
278 4678 1
5187 1477 2
4884 2878 2
1170 4216 2
5006 5501 2
5397 3315 1
2683 3514 1
5524 4954 1
3165 2023 2
179 1047 2
3071 4546 1
2492 3948 1
1719 4936 1
4203 3611 1
563 4053 1
1436 322 1
4302 3862 2
4312 648 1
1171 2388 1
1633 5496 2
1508 4377 1
2219 84 1
5201 49 2
4456 3617 2
4996 3797 1
1057 4096 1
2939 16 2
4643 2791 1
2437 3629 2
5275 1689 1
4300 1654 2
201 3495 1
1241 2459 1
4080 2509 1
3085 5319 1
1260 319 1
2045 4600 2
1405 300 1
5411 5032 1
5181 1887 1
166 3150 2
5202 2263 1
3352 3801 1
3020 2842 1
976 1166 1
3434 939 2
3802 1219 1
2471 642 2
5165 4005 2
3555 1202 2
4618 5280 2
898 3919 2
3927 368 2
3712 4162 2
649 3186 1
4611 3594 2
1764 1395 1
90 1577 1
203 117 2
1676 5128 1
3512 2953 1
346 436 1
4969 5232 2
1723 1857 2
4385 5429 1
3868 257 2
1798 3767 2
5126 341 1
3494 409 2
108 4477 1
2660 2913 1
2944 5046 2
1844 4196 2
2994 3321 1
1521 5269 2
1997 4284 2
555 1969 2
4887 4107 2
5189 2863 2
5086 229 2
1988 2815 1
875 1290 1
3513 4756 1
156 5515 2
5510 3169 1
1884 5446 2
4557 2868 1
3185 3168 2
260 3040 1
2033 978 2
5241 436 2
5081 3197 2
4302 808 2
3235 1837 1
2710 2203 1
5424 2825 1
1674 668 1
308 4557 1
19 1805 1
536 4729 1
1568 3159 2
3979 3070 1
5398 2642 1
3907 3503 2
4620 3913 1
640 148 1
416 1593 2
5558 2061 1
2361 5030 2
1976 3755 1
2876 1451 2
1770 887 1
3116 4932 1
3307 2896 1
1743 2351 2
966 3895 1
2082 4074 2
4545 3451 1
5100 2487 1
3663 4661 1
1285 1903 1
2544 2354 1
5123 5414 2
1531 2737 2
4616 1191 1
5012 4713 2
3829 2955 2
4222 150 2
2618 4311 1
4272 1998 2
339 2074 2
4396 3738 2
1301 1641 1
649 4702 1
2237 610 2
1892 3516 2
4813 844 1
5081 5595 1
3326 4434 2
3407 1093 2
3264 5493 1
1930 2442 1
3939 2363 1
639 1117 2
3312 2337 2
1441 5352 1
662 5174 1
1475 218 1
4339 2443 2
2572 5224 1
5146 2557 1
354 4549 2
3339 5052 1
4222 2650 1
622 4461 1
4497 4449 1
677 1069 2
696 620 2
5042 318 2
4775 3093 2
301 1841 2
2309 4661 2
958 5335 1
5587 5334 2
4990 3634 2
4252 560 1
4249 3435 1
3952 4854 2
4851 4806 1
4415 1848 2
4438 848 2
4814 4534 1
3225 5025 1
5326 5387 1
4391 1620 1
3599 815 2
1016 2650 1
2164 2008 2
2409 3894 1
3953 3763 2
3289 548 2
2048 4997 2
1887 3053 1
2630 3244 1
195 3352 1
5596 1360 1
910 3461 2
5307 3927 1
3697 3966 1
4098 3059 2
3676 3219 1
887 416 1
3696 1357 1
1957 1949 1
3985 1310 1
3765 3886 1
3793 3816 2
2365 3245 1
1829 257 2
3796 788 2
126 1304 2
826 1093 1
2764 4853 2
3610 1958 2
2449 5599 2
3493 1793 2
535 4815 1
3402 1233 1
1529 4276 1
3084 2834 2
5185 1018 2
4359 1670 2
2613 1866 1
3530 2820 2
3210 3444 2
939 2294 1
2735 1462 2
2508 2579 2
5551 135 1
3271 3579 2
4979 4062 1
3987 1509 1
1010 614 1
3864 803 1
3421 3719 2
1158 3781 2
3932 23 1
839 2279 2
4458 1824 2
5442 2620 1
1717 1125 1
345 4886 1
2586 4037 1
3381 45 1
3705 405 2
5447 4402 2
3425 619 1
1819 1132 2
1429 3539 2
2409 5152 1
3404 3914 1
2614 5069 2
4556 5228 2
2095 3584 2
2606 1366 1
2621 4390 2
5123 1108 1
3060 2079 2
2052 1101 1
5518 5211 1
2230 2413 1
4562 2741 1
476 4490 1
1410 4605 1
3052 3722 1
848 3573 2
571 1646 1
3430 1797 2
4884 4980 2
3420 2702 1
2862 1766 2
4531 5108 2
3071 4353 1
3082 3160 1
5260 5137 1
4861 4780 1
3820 1489 2
5481 3440 2
