7831 7960
1158 3151 9
1459 4158 9
1736 1811 1
258 6819 2
3744 3619 6
297 2697 4
4952 4289 4
3479 7451 5
3710 5980 5
7743 7207 6
1718 2401 9
90 7607 6
3038 129 9
4810 4423 2
1327 6675 5
7823 611 9
6574 5436 9
662 2841 9
188 6099 4
7107 7314 5
7050 1154 7
61 6715 5
3669 6135 9
4042 5339 7
6565 1717 8
7427 7384 7
5773 4413 9
6482 1461 8
7715 742 5
1654 6390 10
5766 2787 3
2906 498 1
1791 45 4
2121 6454 9
6884 2323 9
5824 2686 6
2582 4477 9
3924 4224 8
4715 2604 5
4796 5624 9
4667 20 9
4487 4934 10
5903 168 9
7062 1236 5
2784 6398 5
7712 2811 5
2339 7270 3
6566 2641 2
3712 477 9
4481 2744 9
2967 5587 5
3855 2663 5
23 6957 5
5615 5176 5
1805 5958 4
2708 3360 1
2470 5185 9
854 7589 3
5165 1067 7
3116 6230 5
1929 171 1
3423 2907 7
5694 5665 9
5024 5454 2
2612 52 9
7780 3913 4
303 2154 1
4582 4603 5
6934 4657 4
3342 375 5
2077 7781 8
497 5105 9
6459 2032 9
2976 1999 5
4915 7736 4
1365 5963 9
3609 4793 8
1410 6198 9
2151 3260 2
1106 1048 9
4336 1812 9
2667 7561 6
4491 3536 1
5484 4413 4
5893 1164 5
4526 517 9
3565 2807 9
4207 6117 7
213 7549 9
6505 5461 4
2510 289 9
4000 5225 3
5260 6881 10
342 763 6
2682 4675 9
143 2259 2
1727 6401 3
3155 990 1
5142 4358 5
1841 2093 5
801 2282 9
1633 5168 5
2825 586 5
376 3260 5
182 4939 2
4880 3198 1
7692 376 9
3049 4528 9
6306 514 9
61 4981 5
5827 5233 9
1014 1388 9
4238 1409 9
4224 5543 1
1045 7335 6
2687 1366 9
3585 6400 6
6926 5190 10
494 1427 9
1991 2409 7
7284 4899 6
164 7214 5
6425 2766 9
4382 6410 5
7643 5386 6
4421 1007 9
7591 1641 4
7196 4416 9
3037 5974 5
5654 5466 10
2161 6673 9
1384 6789 5
3249 6033 8
1109 3596 3
3684 2411 5
1412 3871 5
2725 1793 9
2429 3565 5
4254 5779 4
3103 6093 2
7807 2208 9
4108 2576 5
2418 7428 6
863 4104 9
2215 1523 5
6372 446 2
4559 2101 9
6006 5979 9
2494 4980 9
6486 7145 5
4494 985 9
5019 3748 9
4211 340 9
7179 7741 5
973 6754 9
2822 4177 5
5925 3660 5
2459 1042 5
2448 6679 7
7324 392 5
4838 4473 9
4533 2595 9
3658 3592 5
5591 4957 5
3744 7814 5
3462 5373 4
6258 5845 6
5502 5940 8
843 294 9
6060 3169 5
6760 6889 9
6577 4663 5
2113 4579 4
1597 6768 5
2174 5391 3
3732 5918 5
6815 2772 5
7557 6661 9
3687 3126 7
5614 5987 3
3242 7055 5
4073 1059 2
1739 6870 8
4927 1293 9
6893 4223 5
7381 3321 5
7632 5576 9
5729 1364 5
336 2368 5
1308 706 9
5819 652 4
6042 583 5
6997 3677 1
1222 2984 9
4585 3391 5
5709 3382 10
2509 1229 5
106 6537 3
1524 4837 9
3192 2180 9
4427 4734 5
6318 6896 9
5734 3945 3
7604 2017 9
1192 7661 1
3429 6598 9
311 2594 9
7243 7633 5
3349 4260 9
230 6736 2
2618 6486 5
1666 7172 3
1628 6203 8
3436 5157 5
5541 4099 5
7495 4555 1
5967 3148 5
6857 3293 5
699 6945 1
1768 2585 1
4858 1094 5
5522 5573 5
1514 4340 10
3145 5028 9
4756 5360 2
7456 1379 9
619 1851 5
3161 1418 5
1487 6976 5
2917 5994 5
1140 338 7
5556 1187 5
1646 3910 5
5918 7135 9
2048 2888 5
1900 5961 4
1911 688 5
376 3010 2
3621 1702 5
7212 7418 5
4320 6222 5
3067 1785 2
4737 2316 5
4179 1847 9
4324 1554 5
3622 768 5
2004 7300 7
4136 6816 9
2742 2762 9
2045 1606 9
5455 5612 9
3224 3970 3
4972 6666 5
2194 4258 9
7326 5057 5
2404 7705 7
3719 6566 3
2583 5567 1
1496 7107 9
637 421 5
4301 5949 8
6448 5097 9
1478 7593 9
467 4138 5
1750 2267 5
3695 1858 5
3168 5726 7
5275 2051 3
6656 5654 8
1803 7805 9
3096 1213 10
2890 4270 9
3051 7568 1
1892 2429 5
2428 4742 10
2771 192 4
1283 191 7
6048 6476 5
3414 5397 9
3514 5317 9
2343 3989 2
4466 3675 9
4542 1754 6
6129 3019 9
1769 5135 1
7531 6019 9
3917 3267 3
831 3320 9
2809 3670 5
5715 7287 5
2753 6487 9
753 5141 9
4159 5216 5
7086 3841 5
5443 2395 8
73 6875 8
4314 53 3
7663 7337 5
6419 6296 5
5156 4467 9
3454 351 9
6491 5235 5
1162 4398 9
5602 6179 5
3092 913 4
5712 5614 1
4346 7728 9
6402 5749 9
3064 5098 5
7557 1194 6
2099 3346 5
5961 1539 9
3886 6685 4
5281 5275 6
4915 1115 5
4635 3722 4
482 1913 6
4636 5088 9
7550 6048 2
1594 5113 9
2321 7109 9
1686 7106 9
4154 6774 5
1172 3890 3
5656 4701 5
1764 23 3
6026 5511 7
5919 5289 9
4580 1998 5
684 2243 5
3295 6974 5
127 2098 5
3926 3161 5
4193 7388 9
3201 2940 5
4874 7303 2
6351 5183 5
5110 5412 8
4392 1750 9
3332 2919 5
1391 567 9
4233 6216 3
6843 7038 9
4467 3523 7
1458 6872 5
1788 3546 5
1406 2074 2
2518 2232 10
141 1151 3
1629 3663 9
4986 2290 5
5071 120 5
5788 4492 5
7735 1085 3
6703 5214 5
6731 2907 4
5307 2692 5
4666 1747 1
5595 1575 6
167 4987 5
3991 3822 9
2148 6568 3
3162 2332 9
7509 4630 9
7242 6397 5
1023 4073 3
2559 4498 4
194 803 5
1437 4482 5
2273 1717 3
1327 6734 6
2886 2770 1
7589 1686 2
142 1833 5
1094 5483 9
369 5924 9
2601 1768 3
2318 5556 9
1396 4042 5
3980 847 1
6598 180 5
2320 3828 5
1957 6749 5
543 872 9
5537 2738 4
2353 1108 9
5091 1657 5
4712 1237 5
6390 6098 7
2392 4702 5
3377 1872 6
2166 4848 10
3350 3963 9
3114 5915 9
90 5 9
3682 5213 8
2350 685 3
1426 5941 5
2300 3705 9
5801 2866 1
6604 2931 1
7451 6700 5
5641 179 2
3881 1 5
6467 562 5
1951 709 2
3839 6630 3
7185 3702 9
6588 1783 9
3394 5555 9
6986 7278 7
2791 6087 5
2981 6987 8
5249 2257 10
3768 4744 5
2594 5739 9
3575 2405 9
7430 4600 5
993 4586 10
5431 4703 9
3503 1298 9
1974 321 5
5062 5605 9
6461 6131 8
3778 3433 9
1402 3234 5
97 1085 5
1878 2998 9
5353 3403 9
5070 1580 2
4395 6935 5
5200 1427 5
3830 91 9
4143 7512 5
3602 4796 9
5908 3341 9
2378 5107 9
436 6015 5
1137 5926 9
152 4003 9
3162 4043 9
1358 3278 5
7789 3887 5
6076 4953 5
7643 7602 9
5108 3735 5
389 665 1
1546 5003 9
1480 2635 2
221 5382 2
1260 6741 10
3369 2706 5
6552 4056 9
6990 3325 5
822 171 1
5588 991 9
4611 4065 5
510 2764 9
7493 3212 5
2843 6073 7
5049 1457 9
4029 3964 5
6063 3555 6
923 183 5
6923 3605 10
7536 5914 7
7473 209 6
4893 424 7
1124 6817 7
1719 3959 5
6746 7097 5
5295 4265 9
7561 7666 6
686 1849 10
2116 523 9
3146 6212 10
7300 2902 3
1726 3888 5
2420 4453 5
5034 6243 9
6936 7183 3
821 4842 10
249 5011 2
4299 2308 9
2433 7570 9
327 1310 9
1159 718 7
4814 4246 4
4741 2673 5
5607 1299 9
2221 2066 9
5 5678 8
2529 772 8
3449 2272 5
1483 1216 9
3696 2271 5
1918 6436 9
3944 3006 5
419 623 5
258 4289 5
974 989 9
160 4015 8
6121 1053 5
2848 7107 9
7269 2044 7
4945 987 4
3186 3307 9
432 2444 4
1997 3873 1
1952 6249 2
1657 6051 7
6421 5128 8
7649 7684 6
5951 87 3
1841 7385 5
4130 6449 6
476 5585 9
4254 6481 5
3330 7693 3
6790 7440 5
6879 7502 9
5412 679 5
1417 6138 5
6213 7317 7
5977 979 5
6116 6440 9
4452 888 4
2855 4368 3
1935 4380 9
6242 6825 7
4888 7045 9
1689 5293 9
590 6804 3
6786 5109 9
1133 4523 5
6029 4151 9
7368 5772 9
5666 950 5
2508 754 9
6646 5855 9
4311 7693 4
6932 7219 5
1350 4581 2
3643 5333 7
7825 4123 2
4471 2220 3
1887 534 5
1403 3934 9
6673 3531 6
1847 338 9
7829 7678 9
1229 3285 9
2264 1151 9
1731 4817 5
4992 4902 1
6180 4566 9
5033 7764 9
7475 595 5
699 2869 5
3180 4271 9
7443 6640 5
7497 745 5
5172 5993 5
6580 6930 5
4773 1650 5
4262 5858 9
3216 886 1
4525 38 5
4689 1477 9
1703 6777 2
2549 2178 2
3046 87 9
6398 6853 9
3765 4764 5
4442 842 6
3238 4040 5
4095 5871 5
2570 4483 8
277 6132 5
1407 5658 2
1685 6276 3
2731 444 5
5137 3116 5
2043 3456 8
2752 2217 10
6136 3537 5
4030 7781 5
6711 4248 5
6520 1782 10
4549 2994 5
2568 175 1
117 7371 9
7212 2185 1
2544 3615 5
6625 5444 1
7491 5836 10
3548 2207 6
1947 4273 1
6975 5168 1
2061 673 4
3187 7141 5
3704 4432 5
1696 2601 8
1544 399 5
281 4407 5
1478 3394 9
3377 1886 9
4265 4134 6
5327 4048 2
3305 2578 5
2651 6936 5
1789 172 5
73 6895 9
6146 4427 5
1761 3807 1
7106 5200 9
3049 4401 7
691 2717 9
2124 6257 5
3113 710 10
3114 816 8
5703 6940 9
2412 4500 5
6138 197 5
302 2955 4
3863 1784 8
2578 4470 9
4708 7062 5
5819 7110 5
598 2759 9
6341 3539 8
2067 3883 5
3967 7824 2
4744 1909 5
3636 636 2
4983 2543 5
1420 5509 6
4492 6832 5
169 4977 5
6601 3599 5
4880 237 5
2817 910 9
1152 749 4
2555 6541 5
3867 1248 2
1366 232 5
7696 535 10
3206 2079 6
7249 5468 8
4573 7221 9
3477 4101 10
2996 2174 5
4982 5326 5
4396 3127 5
5209 4509 10
553 2952 9
7189 3057 9
5277 1288 9
4571 7270 9
1228 2931 10
4204 1659 4
3189 5250 8
1346 3106 9
1306 6929 5
6271 5059 9
586 533 9
2596 1961 9
7504 3988 5
2793 4083 5
6099 6951 8
3936 6456 5
3676 5204 2
5149 3852 9
3692 2653 5
6043 5094 5
5111 3819 9
4153 2604 7
2649 5147 9
3355 3748 3
1256 3499 1
6012 439 2
6476 6241 9
6808 2398 5
6516 897 2
4813 1050 9
3222 952 2
894 7285 9
6828 4601 5
1998 2638 9
2312 4115 5
4548 5053 3
6219 2767 5
2640 1456 9
1666 6017 5
4286 3644 5
2841 2427 8
3578 143 1
3937 3160 10
2884 3109 3
5439 1838 2
1608 4008 10
1988 3290 1
816 7716 5
7375 3958 8
754 4413 5
4190 3210 5
902 2554 9
7299 3744 9
866 2347 9
6076 42 7
5579 5179 5
5216 1096 5
509 4843 5
3668 556 9
4459 5081 5
6746 7530 1
3455 6815 9
1503 5897 4
939 3751 3
2634 3362 9
3759 4137 2
7715 6020 8
4683 5092 9
2910 6136 8
545 896 3
6239 280 5
5862 741 4
243 2149 6
1017 4951 8
858 4084 2
5990 5280 7
567 6149 5
7351 2171 9
3276 1304 4
1154 5280 1
4253 7395 5
1094 454 3
6607 4771 9
7513 1901 6
4687 5523 5
5169 2930 2
4926 3009 9
6238 4997 9
3207 1262 5
1940 7116 6
2695 5117 10
2040 6992 9
4162 2354 9
2323 2106 5
5157 1686 5
6374 3639 4
4622 5616 3
3197 3731 6
7025 4020 7
1871 372 5
3352 712 5
1489 6360 9
4289 3311 8
4891 3700 9
6146 7619 1
3300 4442 5
1533 5666 5
2168 3520 5
245 6931 3
1123 4827 9
2592 696 8
3140 258 8
3900 1214 9
2208 38 9
2264 3057 8
150 174 9
2485 1168 10
4843 3469 5
7597 5540 9
6677 7577 5
2648 1951 5
6973 2165 10
3365 1369 5
1326 3791 8
7143 1530 5
4496 1661 7
7309 105 9
1781 7165 9
2558 238 10
7229 7237 9
423 5657 10
7010 4341 5
2521 3163 5
3805 5159 6
6906 2152 5
6957 3544 6
6778 640 6
3299 6631 9
5711 873 9
647 2414 2
548 3033 5
2991 5763 3
1553 7623 8
3365 5290 2
1383 7685 5
2097 4243 6
90 462 3
1333 4312 5
5517 5738 9
888 4210 9
5260 6549 9
3254 6033 2
756 2741 5
7739 588 4
4255 2701 3
2182 5115 5
4947 6793 9
6173 2314 7
2624 2070 5
4817 5068 5
2775 7182 5
5609 1606 2
6085 5594 5
1244 219 8
6922 6575 9
4813 464 7
5973 662 5
3737 3847 2
3059 6563 5
5336 7748 2
3551 7560 8
4929 4901 8
4473 6433 5
7230 4293 9
3657 3354 9
450 4669 7
7472 1207 3
1925 3347 5
2703 4692 3
36 2595 9
775 3404 4
5018 1431 9
1123 1170 5
5156 2829 5
2385 3605 7
5876 4182 6
51 6911 6
7097 5169 9
3041 5145 5
7330 5747 5
130 3405 8
7216 2012 5
1823 6509 9
3331 1013 5
1593 6858 5
1766 5816 9
2710 7044 10
2942 1426 9
5314 4729 5
756 1753 9
4293 309 9
2448 4692 5
7052 2372 5
525 5480 7
7826 4287 5
5081 4282 9
2696 4795 9
5601 7325 1
6720 88 8
4942 1738 5
900 2957 5
6435 2166 9
5866 2246 9
1001 3816 5
7629 3685 9
4090 7460 9
4200 5614 9
3761 5866 5
6911 4151 6
2297 6266 7
2561 659 9
5208 7243 10
6046 4199 8
640 2296 9
568 2356 3
2020 4292 5
3799 50 2
7570 7330 5
4006 4136 5
4503 184 7
592 58 6
2906 4824 9
7677 7716 5
455 563 9
1865 7571 7
3083 7317 6
7353 5567 5
6651 4768 1
7176 454 5
7515 1110 10
5566 7166 7
5260 5603 8
3236 4364 9
4163 4891 1
4987 6285 7
5749 557 5
7745 7463 5
3618 7180 1
4354 1923 5
4168 6372 5
2251 6332 9
1337 2705 5
378 6655 1
6514 2072 9
58 1788 9
3769 469 4
3316 1871 9
7281 5109 5
4285 4698 5
5621 1638 9
7379 6399 5
244 1215 9
578 947 2
2037 3949 9
3964 2312 9
2194 1978 2
2909 200 9
6718 6776 2
5521 3650 9
4326 468 3
7196 3435 9
2924 7481 9
5894 4796 1
552 1726 9
2798 2161 8
3110 1243 7
6845 1415 8
2707 2120 5
461 3868 5
2826 7272 5
3800 1586 6
872 6658 8
1111 7047 9
4344 7723 7
4260 393 4
6152 5846 5
4613 5703 9
3906 6932 9
6935 7245 5
1609 4738 5
3837 888 10
1885 1082 7
6062 5705 5
4352 849 5
1409 5286 5
6887 1060 5
2918 4225 5
791 7719 5
2587 5565 9
1087 2698 3
4488 5012 5
6208 2245 8
1522 3810 4
7221 7373 5
6740 6725 6
2084 5520 5
7694 7735 1
1601 186 5
5464 5131 5
2368 2264 9
6295 4481 5
2916 1756 2
4066 6588 5
3977 6753 5
4316 1117 9
3028 4859 5
1029 3023 7
4504 7170 2
5548 1380 2
4045 3454 5
7153 1616 5
271 6676 4
2062 4921 9
2374 7785 9
5520 4521 9
4241 764 8
6248 1856 5
762 1984 5
7474 3153 9
4997 6596 5
4168 4525 6
230 7241 1
3296 2452 8
6548 1822 9
4050 132 5
6983 718 9
2034 7501 6
5622 7311 5
5537 7212 5
7004 4203 5
1212 6590 7
6705 5645 9
7501 5513 4
339 2609 1
3763 1046 5
7451 6441 3
4048 3957 5
4334 4956 5
1463 2960 9
4533 6809 10
5634 2606 3
4042 89 9
1088 6384 5
512 2569 5
4678 2284 9
5973 7144 3
726 6735 5
4467 2890 5
7651 2118 1
10 2497 9
4777 6894 9
6022 385 4
798 260 5
6132 3871 10
2102 3436 5
5974 7326 9
2328 6927 5
570 5371 1
4951 3568 5
4708 6306 3
331 7200 4
249 866 9
3651 1841 9
4527 577 7
1448 3885 9
4248 384 9
1400 6565 5
6943 5287 5
577 1258 7
4155 6926 3
5965 5005 5
2661 862 6
437 5805 9
7174 4682 3
2774 430 10
108 5718 9
1429 1118 5
4714 4841 9
190 1910 5
4105 5082 2
5755 4286 1
3620 3074 1
534 579 9
1329 6136 2
1140 2177 5
3268 2635 5
4247 2092 2
7089 6830 3
774 190 5
1610 4464 8
5586 6266 5
5549 6886 8
947 2228 9
2623 7074 5
5424 5786 2
6525 108 9
5696 3882 6
1290 5051 9
7012 6810 10
2963 5848 9
7580 4772 9
262 531 6
373 7690 5
1781 7779 6
1928 6501 9
2344 283 4
927 4477 9
3251 1849 9
6616 1246 9
1032 1188 9
7510 2822 5
2873 5657 5
7406 3477 5
7157 7369 1
5523 4896 2
5866 4284 5
4471 1832 3
2093 3342 9
6196 6029 9
852 2929 7
171 1110 4
4734 2956 9
7261 3621 9
2169 1269 4
4763 7138 5
4057 684 9
7648 7216 9
780 6443 5
4441 233 9
5553 6155 10
5501 3568 10
6450 3190 5
7004 3893 10
2820 2884 6
1897 2813 1
7008 1515 5
3403 4716 9
761 5188 9
451 49 6
7136 723 5
3903 4716 9
3219 3781 10
7339 1199 4
2710 5955 9
2247 807 2
5071 1192 3
4252 4360 9
4099 4540 9
647 6989 9
1868 1366 2
3608 1584 5
503 191 9
1112 7749 9
5688 1497 4
1626 5716 9
7595 552 9
5800 3130 9
3052 2795 10
4236 3416 10
4180 4174 5
684 4326 3
7178 4399 6
5298 4159 9
2664 4573 1
1913 835 5
3357 4401 10
3641 842 9
392 6835 5
1072 7650 9
6376 3806 1
1261 2415 3
4225 2466 10
4676 6940 9
6768 1880 5
7759 929 7
2167 2545 9
6938 7273 10
27 7359 3
3902 4805 9
7703 5076 5
4632 5696 1
6975 3785 2
5173 3270 2
3169 5860 6
4781 2077 2
2467 2976 5
4163 1812 9
5670 2153 5
7785 7100 9
4387 1576 3
5603 5514 9
92 6229 5
666 5902 5
1701 1107 5
1466 1597 4
5125 5967 5
4583 6709 5
2847 7464 5
3139 5882 5
5400 2262 4
6027 4689 9
4264 1811 9
3543 1630 4
6682 1810 2
6020 7040 5
1839 4216 7
240 7768 9
627 1748 9
4548 4315 5
6832 2533 9
2010 41 5
3095 4883 1
889 536 6
2909 5746 4
2544 5238 8
7419 3906 5
3959 7594 5
3127 2268 4
5108 703 4
4113 2316 1
6869 5324 6
1011 7761 5
269 1879 9
2644 6005 9
7546 4752 5
5249 4712 9
2725 4638 4
1538 137 5
312 6984 5
399 2648 5
2469 7027 9
2212 7092 9
5578 5296 5
898 2864 3
3060 896 5
844 3508 2
6100 4490 2
1066 4960 7
4570 6605 9
7592 6538 9
3020 1892 9
6945 7313 5
1546 6228 10
6670 3964 1
2318 2110 9
137 3339 8
1238 777 5
4057 5431 5
1373 4846 3
958 1827 3
2297 7514 5
4780 906 9
5443 6272 9
3921 1578 1
2708 7152 9
3986 1243 8
2875 2269 3
2525 6862 9
1745 7238 8
5777 3789 9
785 4648 1
6114 4598 4
4796 4948 7
765 1446 5
7787 7518 9
4974 336 5
5188 815 5
4864 2551 5
6265 214 2
3458 5922 9
4828 7100 1
1338 5961 5
4886 4856 2
4526 6707 3
850 2689 1
359 968 10
4392 4473 2
1028 7794 10
5342 4432 1
2726 2123 8
1768 1492 9
3343 264 3
2816 2144 5
5843 2251 5
366 5478 5
3643 329 7
1258 4458 10
3685 4582 7
5371 7698 9
6867 6778 7
2206 7025 6
3068 5346 3
188 1209 2
4266 1538 9
6761 1564 9
3707 6639 9
1426 4057 5
6388 5404 5
2243 6578 5
3988 2995 9
5567 3983 9
4657 2878 5
5982 2228 5
5594 1062 8
3569 94 6
3950 6566 6
3433 4586 5
188 663 3
4874 4391 7
7287 7392 5
7154 7018 9
1802 1962 6
917 7108 9
4317 5727 9
6498 4596 5
472 507 9
7361 6983 5
5582 5080 6
6252 2408 10
5027 4810 5
5826 36 3
2262 2221 10
5756 4339 9
2511 1166 9
912 876 9
7623 6454 9
5657 6207 5
4398 7506 5
5560 3273 5
2943 1424 7
92 7086 10
6083 727 10
1027 7558 7
1576 6110 1
4087 6617 2
4902 6869 4
1134 4037 8
7624 4527 5
5713 7661 6
259 4457 9
904 1047 10
6493 7324 9
4790 598 5
4282 5294 6
5471 6815 4
1226 5361 7
7321 824 2
2426 6551 5
334 5466 8
2889 1748 5
2146 2593 5
991 4562 5
1616 3678 1
6377 1257 9
1087 5836 9
7736 6028 9
312 7259 8
1996 2471 5
4152 2814 8
672 4319 1
1523 5021 5
942 1158 5
4658 1340 8
2688 2525 5
2563 4779 5
1372 1257 10
5003 4024 9
2209 419 9
1954 591 9
3995 5663 6
2231 2119 9
2850 5243 5
6394 4002 9
689 2623 5
6537 5516 6
2257 125 9
7664 5663 5
6384 5710 5
4764 2250 9
5979 1325 5
5400 1138 10
7147 4913 9
628 1656 8
5747 7513 5
6687 7321 3
534 7215 4
6822 2713 2
7272 7383 5
333 2827 5
5457 6304 5
7383 6322 9
3855 6798 9
3627 1764 5
3650 3635 9
2381 2856 4
4088 4304 5
2800 6172 7
138 987 5
2397 44 7
5552 7261 4
5198 92 5
642 5824 5
156 1438 6
5054 6435 9
7709 726 3
5141 6744 8
6550 2201 5
538 6845 9
5855 1162 5
7372 813 2
1923 363 9
4350 5155 2
3780 7546 5
7357 7380 2
1818 5308 9
7594 573 9
637 4665 9
733 2113 2
7811 1109 9
2440 781 9
4955 5959 5
2719 4687 5
2348 1824 2
5180 1454 2
1329 4942 8
7152 1538 5
5638 2225 7
4474 2661 5
4812 2273 5
324 5568 9
3235 1376 5
7308 10 9
4033 1389 5
5316 1723 2
62 1646 5
6870 992 7
1950 331 4
4010 3633 9
3924 6813 10
6796 4804 9
3724 2957 9
5659 4885 5
3644 26 9
1760 6169 9
5381 427 3
5645 7775 5
4528 4257 1
7697 688 8
254 2084 5
1436 494 5
784 7357 5
6215 4616 4
1164 3706 9
5792 5829 5
386 6821 9
556 3239 9
2008 1084 5
7104 3146 10
4122 6120 4
3285 5433 5
5093 5925 10
5604 887 2
1441 5125 9
7500 5162 5
1437 6149 9
542 6735 7
7290 4597 2
4657 3572 4
2109 6798 6
4071 6356 9
5248 217 7
3526 856 9
551 3921 9
2762 2523 9
7095 4138 6
7462 2352 6
6132 7688 9
7224 6764 9
6992 5509 5
5785 3873 9
7300 2508 8
4660 1196 7
4612 7063 5
2066 3945 8
7657 1527 10
4283 3334 9
2056 4816 7
4561 7604 9
6817 1963 5
4539 5660 10
3234 6473 5
3136 2733 9
4684 5984 8
284 159 5
6501 3488 5
5007 3173 9
3531 743 8
5838 1345 4
335 3038 9
5745 1996 9
3544 5403 9
6989 2917 9
6651 219 5
1259 7352 9
7740 2294 5
83 6909 9
3054 1008 5
3415 1545 2
4174 4057 9
5534 2280 9
1897 3301 9
5633 7268 6
7495 7448 6
2493 5368 9
7584 1728 9
2413 4237 5
6158 3531 5
740 5895 5
4768 2159 5
6028 4977 9
5005 6956 5
2329 1338 1
4736 3756 9
4157 4561 8
7600 3877 5
776 380 9
1785 2415 5
2117 1762 5
2470 6039 9
1476 4371 10
2886 1667 6
785 5694 5
6522 404 9
7406 97 7
7496 5506 6
2921 2433 5
7695 195 9
643 6830 1
8 1294 5
6370 6036 8
1702 3514 6
2487 678 7
5659 1675 8
115 5795 5
2473 2720 9
7748 2691 6
559 6073 8
5198 6664 9
1093 4075 9
5371 3690 5
5974 111 7
2296 1359 5
4104 7276 4
6549 6311 9
3138 3973 4
1101 7627 5
1800 627 5
4857 5548 10
4062 2135 9
3718 1532 9
442 6017 9
6711 3083 3
1764 6136 9
5638 3740 5
7772 2450 5
2244 840 7
4145 642 9
7367 4515 9
4675 3245 6
3831 6863 5
5501 6044 1
706 6540 9
7313 1112 8
3887 330 5
4448 755 9
6272 6652 9
105 3107 9
77 3918 7
1015 2049 9
2225 7365 2
584 1073 6
5199 6318 9
1979 3668 5
4734 766 9
2249 1115 3
6950 4045 9
5095 107 5
5493 5501 5
5287 2053 5
4642 7012 9
6944 3734 5
2179 7075 1
1845 4915 7
3069 2562 9
2539 273 9
393 2304 5
1801 4582 9
526 4333 8
7640 763 5
6003 7186 8
4293 3388 5
647 2566 7
7696 349 2
6349 3363 5
3409 5623 5
5093 4387 10
7546 4788 9
6721 6933 9
3115 7767 8
2770 5403 2
4041 1759 9
3255 5229 5
4931 2884 3
434 2784 9
2330 4098 5
6269 7607 9
5910 4756 6
562 1083 5
4962 5551 2
3226 2595 2
2033 5154 10
7021 244 5
6890 665 9
4566 6187 5
3276 2870 9
2621 4879 4
4355 5667 9
7055 3971 5
4662 3501 5
545 1316 9
5971 7408 5
2598 6031 10
42 6615 1
6758 2697 4
4609 7093 8
5725 3667 5
523 5843 5
6257 3220 5
6086 1399 9
2823 7322 9
2372 5083 9
4358 2221 5
4899 3508 9
6902 3056 9
513 5625 5
6440 3791 6
4041 2126 10
6174 7209 5
7357 2854 9
2075 1048 7
3292 7570 5
5360 4911 5
2968 7181 10
458 6309 9
2238 4644 5
7192 984 5
937 3520 5
3051 4591 9
2244 2412 5
5564 7230 10
4365 1713 5
5504 1373 4
7787 6380 2
6203 2931 6
173 810 9
3185 4603 4
2015 1360 8
5669 1043 8
3018 6885 1
5115 5125 5
2839 3148 1
738 6236 9
6102 4286 9
3854 6241 9
232 7351 9
5614 5170 5
1605 1323 9
1507 5951 6
4477 2474 9
3660 2703 9
7080 1419 1
7541 6047 4
2834 3505 1
7204 2282 7
4750 3463 5
3690 2263 5
3921 289 10
7209 5099 9
2603 6027 5
7691 6688 5
4442 2945 5
4425 4834 4
6882 2728 7
6197 5329 9
4157 1722 3
877 348 5
2570 2157 5
723 4907 9
4875 7722 9
3337 6382 5
7390 2250 9
2617 905 7
7481 1973 10
653 7421 10
825 2152 6
4662 7671 8
4000 691 2
3037 6769 1
233 7134 9
6979 1956 8
6604 2042 5
6953 3874 6
4647 2675 3
1181 4578 9
1292 6834 9
127 1486 2
6051 203 9
7526 7719 5
121 5544 9
3044 2537 4
4102 7166 1
1817 3525 5
2886 5674 1
6605 2118 3
7349 23 8
7805 1925 8
348 1719 9
4699 5301 5
4013 3782 6
1510 4947 5
4568 6440 4
5141 3728 5
655 7013 9
664 2592 9
2627 2292 5
1654 2129 5
4412 6636 8
2767 2374 6
7678 3636 8
7094 7059 9
137 5945 10
5432 7700 7
4514 6266 7
3582 323 5
2497 6790 9
5401 6817 9
7805 6750 9
3161 2263 10
2349 159 3
4009 5269 1
6464 1697 9
1527 4707 9
2811 1368 10
2829 4861 3
1025 6059 5
5902 2872 5
512 6019 5
5595 7571 2
3894 1261 5
3708 3090 6
5568 797 9
388 3459 10
1857 6418 5
1711 5311 7
3960 4145 5
3510 2592 2
2241 3526 5
6951 3570 5
362 4175 9
6368 4784 1
2679 1270 4
89 3459 6
2289 7753 5
6849 2102 4
6210 116 2
5726 2622 7
3856 4643 9
6800 2032 7
5180 1113 10
5741 1706 9
986 3556 5
511 1734 7
682 2656 4
6246 6387 5
7101 4071 3
1906 4649 1
1746 1439 5
3159 677 8
4126 5864 9
7627 4525 9
5991 2696 10
7538 3409 5
1152 3301 3
873 4858 9
3526 1559 9
7799 6844 9
4624 6475 8
3665 6734 9
5070 7762 7
531 6492 2
5178 5792 9
6783 4657 5
4099 236 8
2283 3276 9
3384 3927 4
2831 4941 1
981 5159 9
673 2395 9
7584 5663 1
1109 4880 9
1499 3480 5
7246 5773 4
7484 4113 9
4595 4676 5
370 7380 10
766 7781 1
1978 3438 5
1991 3572 4
3341 3261 5
7221 7477 5
407 4022 9
6022 7592 9
6793 1329 10
1293 4575 5
4203 2110 9
7263 1633 9
1752 1868 5
1540 3302 7
5993 4527 1
4658 5265 9
3010 7725 5
1652 938 3
5958 4888 9
1740 2681 5
1390 1712 5
7782 4297 5
3199 7234 9
2000 2828 5
3503 799 10
1468 1595 7
3734 6154 9
476 4531 5
4603 6261 9
6458 7104 4
2395 6366 9
4844 4899 5
363 3522 9
5213 7089 9
2833 5284 10
6799 4056 1
5707 5175 4
1530 7138 3
1917 5529 9
1438 7263 7
5608 2651 9
4921 1800 5
402 5286 10
4284 647 10
5470 4448 9
3358 6451 6
4921 6805 9
899 4459 9
3777 287 9
4993 6533 5
6946 32 7
5061 1024 8
508 2801 5
6194 3488 5
7638 2612 9
6911 2193 5
7764 1709 7
2248 7489 7
191 1495 5
4430 2338 9
7556 7726 7
570 1431 3
865 3509 5
7018 381 3
2063 1692 5
4752 5615 8
3082 3483 9
1546 6304 3
6328 4562 4
3595 7149 5
4598 3639 6
5817 3496 4
664 6256 10
6782 3665 9
4665 3796 5
5759 1111 5
2272 1766 9
7335 3541 9
3880 4366 5
3654 3888 1
6540 4741 9
1099 282 9
2766 3495 5
4676 1354 8
544 2505 7
6267 4558 2
3062 7622 1
5558 212 9
7380 2722 9
4863 4693 9
6495 1363 9
812 7689 3
3782 1018 10
7784 682 5
4630 3763 5
7601 221 1
2954 3060 5
2944 7379 10
878 3421 9
706 7085 3
1812 3374 9
7091 5629 4
101 5606 4
5626 5822 9
2846 5420 5
5850 3954 1
5947 7484 9
4880 1284 3
1846 85 9
1814 360 6
7201 7016 2
2111 518 5
609 72 4
6165 3067 6
6863 6534 5
7288 5610 9
7436 7510 4
761 6216 3
5314 5468 7
7172 7379 6
6928 1122 4
2862 2931 5
1860 4102 9
1260 3668 5
5375 5330 9
6827 4071 9
1959 6371 5
3382 7634 9
2156 5112 2
5705 2313 5
6254 1974 1
5978 2040 4
4732 5205 8
7752 526 5
5291 5523 6
7198 4224 9
537 1908 9
3720 7297 9
5199 3485 1
1573 4834 1
4874 4497 9
994 4471 9
5813 2267 5
1876 4966 9
2965 6906 6
5060 7306 9
4531 793 7
502 512 10
6041 6557 9
5451 3874 9
5072 6560 1
6038 1223 9
3593 646 9
6774 6292 9
3828 5078 9
1008 2731 9
5731 3686 5
6350 2864 9
1735 6667 9
4262 5830 5
3243 894 5
2236 4926 9
5468 2926 9
220 4462 5
2522 6096 5
7502 4351 5
260 7465 9
3737 5927 3
2580 2060 6
3048 3590 2
926 6914 5
1433 192 8
5773 3544 9
6901 3758 7
3039 2750 5
6328 2849 9
3486 2230 9
3597 2795 8
5816 2092 8
7439 4194 8
3477 7492 5
5090 3382 5
5716 2341 9
3425 5211 5
4917 4430 2
6109 6154 7
1820 3339 5
6835 5007 5
2555 5681 5
5732 2581 9
2548 3080 5
2758 7013 7
7211 2099 5
2236 1843 3
4531 1262 6
7688 1913 5
1642 3423 2
2642 2293 2
1714 3064 9
5846 1180 9
2917 3178 3
216 7630 9
7742 5969 4
6665 4382 5
1413 7580 9
6538 3690 6
3333 264 9
4992 150 9
3262 6950 5
5202 6945 5
7559 5286 1
6103 5338 4
1762 6702 9
1329 1526 3
802 1546 2
5735 4532 6
3989 575 5
1154 4396 5
3311 4458 9
4289 308 8
7216 1912 9
4239 3954 5
4192 2145 9
5902 1649 2
3014 5933 7
121 6527 4
2301 1129 9
3605 509 9
6332 4750 5
7482 7374 1
186 6732 5
1446 1826 9
3335 798 5
5645 2446 2
5573 1959 9
1160 1814 10
2982 5945 9
4209 6737 5
1684 392 1
185 3791 5
1298 4864 5
6106 7578 9
2315 6901 9
3003 6665 1
901 425 10
5604 7319 5
6169 434 9
1351 2153 9
499 519 5
134 198 7
4795 5774 9
5308 3023 9
7465 449 9
7720 7419 2
3048 5014 9
5542 4394 5
1640 5731 5
6088 5688 3
7651 3956 1
3518 1153 5
2469 3843 8
453 5024 2
586 6535 9
7349 6792 3
5559 5426 5
1306 7090 1
88 5554 7
3774 7131 9
4198 7691 9
6015 548 5
4534 3026 5
538 3299 9
613 5834 5
2916 6671 9
7498 4322 8
6760 1223 1
5551 3784 5
3972 6581 9
3270 6379 3
1090 1384 9
7158 489 10
2385 6121 9
4466 2158 2
4826 3952 9
2017 5365 9
7511 7126 4
7339 844 9
5109 5759 9
6371 7299 9
3090 2788 5
359 2064 5
1451 6472 9
5023 1238 9
3423 3680 5
7285 2840 9
3174 5251 5
2119 7116 5
5530 2517 4
4132 6228 7
3130 5672 9
4891 7530 5
4819 1724 4
1912 5838 8
5234 3939 2
4015 2338 8
4675 3616 5
9 588 9
4229 2960 2
827 1007 9
6603 3193 1
6291 7050 4
1831 2013 9
6744 3778 9
3281 1640 9
2426 1005 9
2898 5387 6
4866 6943 9
6203 3239 3
3480 2665 9
7379 1736 9
7473 4812 3
6761 3173 8
5415 5546 4
2837 1918 3
7796 6701 9
6458 5055 7
7518 1154 9
1498 5729 5
5226 1356 8
3150 2771 5
679 4904 5
1050 1731 9
7155 3583 6
6092 908 2
7742 2743 9
38 4004 4
5396 6160 9
304 5878 5
518 5102 10
3589 974 8
7418 4061 9
1512 2194 1
4814 7170 3
546 153 2
5284 3936 8
3388 5857 9
6303 5156 5
363 7735 9
7439 3231 9
3173 1751 9
5990 4503 7
1998 3817 9
2817 4752 3
4949 1335 7
6077 7283 4
3599 3487 5
643 7139 5
7497 7287 8
134 2241 9
5461 1527 9
6304 1528 9
5666 1135 3
7712 2054 5
1470 6958 7
407 6636 9
5984 921 5
3304 1467 2
3376 2578 9
3508 7743 5
5404 5079 9
244 4190 9
4259 6170 8
7266 4168 5
2200 1718 1
1480 7672 6
4701 3212 9
4092 5275 5
3007 1173 9
3680 974 5
2753 839 8
1814 5385 5
1276 3017 9
4399 7050 5
6762 3163 1
2218 3290 7
465 4524 9
2135 2555 5
7347 5732 5
7693 7485 5
2947 6442 1
3787 3890 9
4873 877 5
4765 1801 9
4083 3271 5
6359 731 6
3026 66 5
2558 1505 5
1594 5060 4
2743 205 9
6588 7371 7
218 4650 3
962 2619 9
6133 3141 9
4968 4082 2
2219 5694 2
5020 1773 9
3089 3279 8
5816 6650 5
3693 7504 9
557 5799 2
2714 188 9
2164 2213 6
3551 367 5
7350 2206 7
7813 1372 2
5267 1665 9
3827 1768 8
5933 1913 7
3693 5009 4
3659 4441 5
6065 7694 5
668 4449 10
3188 5367 9
5001 7430 2
5013 4708 3
4269 4409 9
4540 6138 10
5265 3304 5
3579 4466 9
2959 1636 9
5997 2401 9
5710 5802 9
4616 370 8
1249 3939 8
2055 1150 3
5122 851 8
3568 650 9
6121 3516 5
2636 3613 9
4216 3128 3
356 7187 8
968 5813 5
4779 5339 7
2132 6050 5
6600 6573 2
4289 1493 5
5645 1102 5
7296 5067 5
1548 3767 5
6095 3876 10
2831 1032 9
3973 5815 5
4511 643 5
4459 2059 1
1842 5309 9
5777 1063 4
4555 6852 9
7465 3063 2
5548 7632 5
4295 2447 8
5652 6958 10
7276 5454 9
1556 2713 5
5550 5198 9
5828 6461 5
3868 7606 5
2198 7166 5
4591 7474 5
6949 3331 9
309 4008 5
3629 2582 5
4842 7695 9
2337 947 4
2877 3316 9
3336 3337 5
6453 5122 1
7234 2212 5
1476 5181 5
1008 6122 2
1831 1161 6
4904 6175 9
5692 2197 6
4697 1428 5
5767 5208 6
884 1292 5
5152 2753 5
3323 2418 5
2984 1916 5
4744 5408 10
5268 4260 5
454 4667 5
2203 6247 8
5808 2279 9
1110 915 5
7517 5494 9
816 5746 8
5069 4227 7
5614 4793 3
4996 6162 5
3997 6848 9
474 307 5
1524 3480 9
4169 2725 1
4216 2146 9
4589 4819 9
6243 5470 5
3806 1481 9
3790 2476 9
4807 3313 5
3841 888 5
6489 2413 9
4648 7552 1
2176 3623 6
7115 1157 3
6030 238 5
3355 1443 9
7821 4441 8
3144 4620 6
1255 7658 5
5498 4639 3
3355 4762 9
6659 6550 9
6112 594 9
2669 4236 6
1743 998 9
6939 5181 5
3223 5412 5
2076 7126 10
7298 1340 9
7741 1272 5
4685 1885 9
159 5764 5
5864 5543 5
2722 744 5
3289 5786 10
7038 6462 2
452 698 8
5828 4718 3
7174 1286 9
3023 713 9
6669 6202 3
4616 333 9
6666 7568 9
1694 2879 9
7733 366 9
3392 420 7
2285 1451 5
1790 4997 5
3027 7279 5
353 1026 9
5011 5593 5
1023 1899 10
3308 5569 8
3792 6915 5
1064 5786 3
1531 2929 2
3636 6336 9
642 2386 10
1850 3512 9
6591 1853 9
7683 6371 9
1271 7257 1
1096 4216 9
4935 2349 6
1617 2942 9
1439 4198 9
4853 6191 9
3712 6106 5
7506 7244 9
2946 3874 6
3326 7266 9
3066 5652 8
2404 4585 5
5594 3986 9
4111 116 5
1251 1413 5
6479 3225 7
257 1888 1
5522 2011 1
2931 3521 4
463 1129 5
3221 6875 3
4311 1997 9
4549 7116 7
2680 6415 9
1261 178 9
181 5595 2
6702 3280 9
7184 2080 4
6834 536 5
4469 1679 5
6806 5154 5
5626 7266 9
4121 6174 5
1889 5196 8
6410 2388 9
3169 805 5
41 4069 5
4723 317 7
3292 1609 9
863 961 1
2796 7553 9
4204 4616 1
3472 3226 5
2473 6654 1
4366 6655 5
6387 3602 9
7227 6541 5
4142 3365 1
3444 83 5
1556 1085 5
4148 3252 9
3109 2874 8
518 1163 9
6233 2733 5
7205 962 5
3455 472 6
3958 3726 9
3888 994 9
6188 4783 7
2576 1945 9
361 2601 10
6684 50 7
296 2571 5
1909 742 3
7061 2536 4
4852 3882 9
4562 1803 1
7123 6665 3
7342 4877 7
4825 4665 9
6916 1898 3
2562 277 9
5194 923 5
2575 315 9
918 7815 9
5124 1515 4
1456 4937 9
147 5414 9
3509 7520 5
3341 7792 5
6816 6370 5
7483 2141 1
7170 3757 2
1712 5481 9
4270 3684 9
6838 7422 9
7290 7453 9
796 3973 9
3472 6350 3
7796 6467 2
2245 5213 9
2105 6316 4
5747 6426 5
1888 2457 9
4567 2574 9
623 1211 5
4594 4292 9
3819 485 8
7090 2117 5
870 2877 9
1365 6404 5
6333 1367 5
3301 3399 5
4276 6167 6
2080 2273 9
1371 230 7
3986 7754 3
1473 550 2
2552 3452 5
7482 5772 1
6595 133 9
4958 5272 8
2714 1247 4
7337 2610 5
3909 6047 5
7102 4891 9
2376 1470 6
2875 5429 9
5980 3518 3
7182 7414 9
1608 5039 9
7355 2928 7
4106 6269 9
478 1662 7
4461 158 7
3381 5184 9
3794 6900 5
3479 7629 7
4236 1230 1
6675 5488 7
4646 3895 4
5883 7576 2
5739 3134 7
5113 5666 9
3533 4636 5
659 5996 9
5190 1245 9
712 2349 5
4943 4336 5
2474 5485 9
5320 1382 9
6328 376 8
6324 4361 8
5330 594 5
2500 5574 9
7245 3152 5
1240 7282 5
1864 6619 1
3401 2629 5
5169 5823 9
6564 2558 10
7738 9 5
5682 3217 5
4166 6807 9
2961 6180 9
5284 2121 9
3839 6934 9
6418 5722 9
1550 2816 9
7194 6263 5
1596 1136 3
6888 1882 5
4099 432 7
6485 4307 5
7657 7704 5
1643 3222 7
2659 1066 7
6643 3590 5
2384 5213 8
6193 5906 5
5617 1412 5
2397 6850 3
3061 6112 10
357 3613 6
1252 5619 3
2103 7536 7
6224 786 5
196 2135 7
742 5361 9
6132 7830 7
4755 485 10
3308 5212 10
2183 5867 10
4610 3737 5
7558 6895 9
6440 6400 5
4751 3332 5
5549 650 1
1221 1268 9
2606 2208 9
3994 1681 7
3961 5468 5
759 1783 4
1596 6603 3
6740 2759 4
4900 3131 5
7375 1768 5
7761 2405 8
6832 5659 5
1908 4590 9
1823 3109 4
5499 2027 5
4406 2291 5
4688 4565 5
3290 1993 2
7171 5325 5
1016 1632 9
4207 5714 5
5227 6919 10
4978 354 3
5236 1424 1
4448 2423 1
7658 4123 5
882 6926 5
592 2038 8
5315 2783 9
4582 6241 10
6899 3300 5
4964 3598 5
1783 3187 9
7792 3128 9
317 5138 9
5649 5706 4
5764 3067 9
7275 5366 9
6676 1275 5
7363 4022 5
7149 4532 2
289 819 9
3189 1174 5
710 1015 5
2053 1869 9
4002 2690 6
1049 30 9
4897 5288 4
1585 5246 9
2369 459 5
2133 1234 5
7152 3148 6
7674 1798 3
2170 674 5
6487 6388 5
2235 399 7
6683 3619 1
6090 4697 5
4156 5934 8
6848 2332 5
3736 224 7
6541 4791 5
3615 222 5
1816 5409 5
3955 2865 9
5442 2132 9
687 3731 1
7099 3622 9
1188 5360 9
3540 2927 3
5152 4047 5
7440 6205 9
5828 7284 9
5912 7791 9
6764 3559 9
3848 5143 9
7776 855 9
575 1104 5
87 7126 9
3895 3476 3
3871 2816 10
5294 5465 2
6166 2714 9
781 1016 5
2258 3479 5
4158 4155 5
6207 1820 5
5671 5358 5
1624 7303 7
6165 3350 2
5927 4143 5
4147 6538 5
6286 7489 5
5155 1330 4
5605 7072 3
5468 533 8
6533 1921 1
4462 542 9
6397 5238 9
618 5998 5
5165 2545 2
182 2518 5
3543 3924 8
4036 2485 2
2733 6659 9
3498 1325 4
2253 3831 9
5838 2866 9
2830 6226 9
6514 3979 1
6313 6024 4
4543 7016 9
6627 4451 2
1006 114 5
3600 540 6
930 1023 5
5379 1897 9
1441 5083 8
6891 2927 4
7602 3481 9
3797 1942 9
2824 4723 9
3518 1369 4
4624 3225 10
3159 2704 9
3220 2198 9
404 1893 9
1407 1758 3
325 6085 6
7538 7284 5
528 6899 5
6299 2154 2
145 1225 9
2789 225 1
2582 4342 8
1060 6109 9
92 526 3
2069 7475 9
7415 7305 9
3856 3096 3
6547 6232 4
1357 1626 10
1372 16 7
3869 3821 7
6113 3626 4
3964 3201 2
4898 5646 5
5046 7434 8
6194 5133 5
758 3177 9
1854 4857 5
2844 3152 3
6680 7378 5
3828 7636 6
2544 2313 7
5638 7403 5
132 6465 9
1165 7238 9
2385 6803 1
4013 5255 5
7521 2609 9
5309 5800 9
4910 2010 9
6758 5129 10
5915 139 9
5554 5155 9
7297 2232 7
1035 3146 5
5317 2669 9
7301 6437 5
6699 6431 1
1551 2817 5
517 3445 9
6917 1898 10
5002 6780 7
288 4976 5
5000 1156 1
5291 5786 3
1417 2104 3
2316 2335 5
3706 4190 9
4310 5683 9
2995 1843 9
1856 5915 9
5159 5546 9
7781 3824 9
1926 4731 9
1675 2083 9
2518 2947 5
816 2810 7
1083 134 5
6139 543 5
1103 3653 5
344 806 6
4344 5285 5
2438 1262 5
5542 5341 6
4087 5386 5
5494 3535 5
3079 7260 9
1084 4134 9
232 2004 4
2354 1690 5
786 6529 6
421 3534 10
2078 1085 5
2807 2092 5
5552 1611 7
5740 1109 1
6078 5070 9
5709 4241 9
5612 2455 9
5578 5894 10
5795 6250 6
2782 1882 8
7319 1376 9
5625 6601 5
3389 455 1
6350 586 10
5215 4280 9
3507 3838 9
5724 4794 5
516 2228 5
6489 2188 3
4692 892 5
6733 6170 7
1737 1281 9
7224 4841 8
5177 4658 5
2928 6057 5
5684 3255 5
1075 3740 5
3342 4834 5
7760 978 1
2818 2708 9
6610 6974 5
5782 149 4
7262 2912 5
3167 6100 5
4307 5936 9
7012 2069 9
3267 3981 5
817 5808 7
2639 4807 9
5107 1320 9
2180 2535 9
2083 258 9
3135 6284 9
7 4627 9
5015 7378 9
3516 4124 9
3871 4123 9
7665 6457 5
6126 603 9
2051 1998 3
4945 1459 9
2195 2182 5
7297 2351 5
6291 3333 9
899 3854 5
3899 1141 10
3359 2176 6
950 670 2
1761 3406 5
4315 7328 9
2790 4375 4
5519 4324 9
5925 5414 2
7518 7212 9
79 4025 9
1649 6806 4
7035 2901 9
3009 6112 5
6632 5080 9
49 5440 9
7514 7167 1
4425 7004 5
3497 5869 4
5274 3874 5
2066 1333 9
1373 99 9
5234 4628 5
3575 2963 1
4499 6228 2
6395 5904 3
5107 6576 8
6325 2427 10
1175 6018 3
2468 4751 10
2227 3407 6
1967 5562 9
65 7153 1
6382 5557 5
3822 3411 9
4944 6755 10
4578 4833 5
4835 5259 5
1403 1405 1
2808 4696 9
5906 6548 5
2509 4337 10
5145 7760 5
2364 350 9
6565 1378 5
4610 1724 7
4336 6142 9
1893 5029 9
3459 6787 4
5541 6926 10
368 1504 8
7243 3856 5
7421 1477 1
980 4253 9
1811 1562 5
2368 1655 6
4854 3359 10
1561 3263 9
7820 3030 6
1179 4430 9
7755 4075 5
377 270 4
7098 2918 9
5235 4086 5
2577 3398 10
7554 1544 10
4575 3430 5
1129 3345 9
3193 2459 5
4237 296 9
4149 2185 1
4380 1550 9
5612 726 1
1703 6316 9
1511 4126 5
2014 6386 2
6003 1465 7
7159 5691 6
7286 5709 5
3290 7090 6
3244 5952 5
4561 7086 5
5607 2426 8
3063 4250 9
4013 7336 2
1757 3227 7
7398 1689 5
2235 7230 4
6547 5714 3
937 3138 7
2732 7457 8
5850 1458 5
7600 660 7
6900 1632 3
2284 6797 2
6445 7619 7
402 1027 9
2185 5146 5
2989 4461 1
4024 4361 5
4600 1212 9
2757 1563 5
7122 7334 5
7302 3704 9
5595 7781 5
6772 6488 9
5362 1238 7
7526 4133 1
3278 7756 9
3512 4386 4
7523 4872 4
1599 1133 9
6557 4571 5
3702 7787 5
2163 1770 8
173 6412 9
4977 6325 9
4241 935 5
5170 349 8
619 331 2
5611 426 5
5021 2216 5
2279 3046 5
3698 767 9
1234 2607 9
2230 1519 5
5448 4943 9
3614 6007 10
2303 6981 9
2885 1255 8
5587 4942 5
5436 2523 5
2657 6839 8
3317 2025 1
2095 4775 9
307 2743 8
2339 7565 9
4313 987 2
1724 2277 4
3600 1809 2
5598 5964 8
1187 5008 9
387 1113 5
3519 2271 3
2050 73 5
593 6085 9
7781 6343 5
4123 6193 5
4226 218 8
6468 3924 6
7472 6815 2
6918 1436 5
5310 6883 5
3531 4437 5
5762 6488 9
1106 272 6
896 2063 9
6687 4949 7
2058 1518 4
6600 6053 5
1141 3575 9
7728 3906 9
6684 6220 5
954 3189 9
4348 4024 10
6067 716 9
2391 1902 9
7243 5774 9
1789 653 2
462 3139 9
1710 4192 8
569 5631 3
3271 7426 7
1218 2914 1
6956 6798 5
3904 3790 9
5372 3200 9
1554 2929 9
4167 4487 9
4218 1431 9
4432 5083 5
1514 858 9
2246 386 4
7641 940 9
7730 2339 9
2282 7497 5
7315 6560 9
4602 5717 5
4392 1583 6
7619 6089 5
3497 373 9
4413 1309 5
329 7523 10
280 59 9
4117 3214 9
5419 2470 5
5864 3253 5
1626 5068 9
3816 2172 5
4539 6146 9
3325 1863 9
6284 2774 8
1764 468 4
219 384 5
2326 3983 6
543 758 1
7240 6528 10
4620 2155 7
3473 2162 5
1798 3028 9
1539 5768 5
245 3123 8
2061 488 4
2901 2873 9
6739 1613 9
1317 6081 7
5117 6231 7
1108 3020 1
1641 980 5
650 1124 5
2841 4081 9
7343 2506 9
881 1374 9
4417 2729 10
4833 7154 5
6834 3827 5
4246 2402 6
796 1018 10
6739 5231 6
1100 268 1
3124 2526 3
7038 553 9
6057 6189 5
4579 1876 5
162 7385 9
5512 429 1
5114 5832 9
6798 6675 7
2938 4991 5
5755 4346 9
4757 2683 7
2054 7551 1
5923 5315 5
4471 5367 5
3361 7038 7
1775 6647 3
7277 5984 4
2642 4470 10
294 1761 9
167 2036 9
4224 6077 5
4054 1661 5
4170 2825 5
1254 4141 9
4390 2731 3
695 2008 9
4709 1040 10
4986 1912 7
6039 4765 9
557 4127 9
7370 6564 9
7343 5334 3
6715 487 4
1525 6341 5
6592 7207 3
5306 2853 5
4664 5147 9
5840 1630 5
7169 6224 9
3715 6723 1
1036 1206 8
5249 3231 8
7428 2558 9
5362 4954 5
3123 3302 9
4414 4480 9
6851 5405 9
4052 943 4
3990 899 9
3871 3673 5
2335 911 9
5466 1691 1
6902 1839 4
4904 4824 2
3728 5706 5
1483 233 9
671 6797 5
6849 2698 5
3163 7196 9
2077 1090 10
7211 5850 3
3360 6250 7
4967 2699 9
5412 6403 2
4438 7738 5
4375 1765 3
5412 4574 8
1554 6223 9
5674 6144 5
7821 7825 1
6488 7648 7
5437 3180 6
652 7489 3
5124 7522 10
709 1496 6
5329 2793 5
264 3243 9
1739 1204 8
7060 5825 4
2022 669 1
4779 1149 9
7653 7513 4
7372 2489 9
4613 6731 6
262 4692 7
4322 4101 6
5507 6260 9
2881 5977 4
1651 681 9
6760 4732 1
2466 6170 9
1251 4244 3
5576 7491 5
4513 6471 9
7470 6646 1
4026 3268 5
578 6035 9
7812 1047 9
3054 7707 9
6304 7603 4
921 903 5
7488 5782 9
1924 7563 9
857 4853 9
197 2473 5
3829 809 5
3722 5732 4
5975 5847 5
3844 3497 9
5283 5177 9
1471 2936 3
4115 4842 8
1004 4974 5
5189 3958 9
4984 3910 7
4834 2289 5
883 2892 4
3578 1917 7
6360 4950 5
2564 868 7
2585 3062 2
5675 1917 9
2569 6620 9
6361 7495 9
3763 6871 8
5438 2927 5
5914 156 1
508 2475 5
6375 5413 9
804 3303 6
18 4282 9
4586 4183 9
6507 6518 10
6303 995 3
1947 4667 3
4081 7293 5
2246 6349 5
6218 4055 9
4149 1877 5
452 3502 5
4233 4349 8
1357 98 5
5917 288 5
647 6033 3
7376 1097 5
7278 6580 9
3982 1049 6
6915 468 4
1031 4234 10
4444 2908 5
7432 1125 8
1493 1622 2
4480 4010 9
3088 6900 1
3304 5484 1
803 4529 5
4713 1922 2
1389 5136 2
7684 5311 5
3869 769 4
4265 827 9
6176 3594 10
4060 7585 5
6422 3874 10
608 7678 3
4897 3049 4
5486 1489 5
678 1019 2
746 4119 4
5197 5108 5
2998 4423 9
4950 5471 5
4413 1078 8
4282 7334 4
6693 896 7
7620 567 10
42 2299 2
4934 6095 1
5381 7558 6
6826 4377 9
444 5348 9
7214 3350 5
3963 4301 5
6751 5580 9
7467 889 9
1432 7815 5
2749 7753 5
4780 4920 5
825 7127 5
1753 4144 7
4191 5764 10
6027 7797 2
40 4798 5
2094 5738 6
5830 4690 9
7055 2178 9
2605 7415 5
984 810 5
1034 5608 9
4416 4211 9
6087 5875 3
5055 7306 10
3000 2109 9
3416 7103 4
2418 3645 9
301 7047 4
483 2885 2
5360 6248 6
851 1319 2
4183 2050 9
3163 4827 3
4574 7702 9
7591 4951 9
752 1498 3
4412 4660 1
3893 3962 4
6680 1121 9
6491 536 10
666 3590 7
3645 4321 9
5605 6196 9
4293 4610 4
7328 3532 9
5936 660 1
1125 5136 4
4002 1872 5
5650 1278 10
1929 5989 3
5348 6789 9
291 4204 9
2952 6166 9
4846 6287 8
5526 596 9
1673 986 5
7689 4011 5
5815 4582 2
3119 4543 6
5066 240 9
1967 6752 4
3058 2379 5
2489 3326 9
4347 6095 6
6309 5577 7
3911 2448 5
805 3724 5
5276 6415 8
810 1288 9
2014 609 3
1438 7406 6
229 5875 5
7715 7208 4
477 362 5
1431 3770 10
5365 3285 8
4454 1967 5
2152 5579 5
2313 3943 6
6181 774 9
7513 7703 9
4697 2685 3
184 2661 2
2632 27 9
3126 7555 3
4589 7647 9
2278 5922 5
1493 2688 5
7334 6528 2
4781 4604 10
3665 4260 4
5006 7585 2
487 2165 5
3995 13 5
7782 4595 9
4312 3135 10
6565 18 6
3563 4589 5
1801 1523 5
6789 7072 5
265 7532 5
1459 7709 3
6166 4325 5
6986 5343 5
3374 1574 9
2023 1675 4
1464 3499 5
3646 189 9
5623 6145 5
4782 4352 7
1443 2631 9
255 7426 5
3861 5304 7
6640 5482 3
1778 2911 2
802 3031 5
7477 3381 5
3265 2337 5
7764 6211 4
936 1334 1
7120 4354 9
241 5246 6
1522 1766 7
5422 3749 9
7512 7752 5
6454 7779 5
2679 4575 8
7363 2835 4
3548 4166 9
7321 4405 3
995 834 9
7711 6965 5
5953 6115 2
7109 2639 9
5244 3720 5
1010 7318 5
4552 4673 6
3849 6332 3
2927 445 9
2759 1087 5
1484 2019 9
7027 1403 5
2346 6974 6
1490 4000 9
2112 4015 5
4424 2882 1
380 7339 5
28 4176 9
728 5729 5
7647 6607 5
3120 4879 5
2137 1198 5
1092 2432 9
118 7113 5
3819 7338 5
1280 6034 5
1005 6079 5
6207 7828 6
5772 5982 5
2044 6007 6
7487 5057 1
5329 1721 7
4372 6045 4
2206 718 3
4373 4580 5
396 6951 9
2033 6223 9
1800 432 4
3368 194 5
1113 6245 1
3047 4279 9
1974 5231 9
195 3659 9
844 1449 6
1829 7203 9
7549 3085 9
4208 2509 5
6173 2566 9
4664 3553 10
1012 471 5
6290 7194 8
2699 3398 3
5646 2737 5
530 5785 5
7180 5111 5
6130 3333 5
1951 6540 5
2765 2645 1
7031 722 7
7476 2662 5
1112 3613 6
4726 7357 10
1765 5942 9
1089 2449 7
2736 5379 5
769 1289 3
6658 647 9
1176 2989 9
2056 2640 5
2777 6342 8
2311 6717 10
366 4567 1
1134 502 7
5293 3046 5
5721 4686 3
7530 2113 5
7478 586 5
1613 4162 9
3811 1234 7
3027 5151 10
7525 6042 5
168 543 8
1148 1558 10
4292 2149 5
3307 70 6
78 613 7
3196 6863 2
6125 2377 4
3559 4822 9
680 4909 2
2829 327 9
1472 304 7
5815 1348 5
1118 4535 9
6987 6551 5
2228 1197 9
5859 7716 5
4742 888 9
3789 7735 9
992 4247 5
3046 4055 6
6817 2420 3
5942 406 9
1778 6276 4
4759 7063 3
1257 5142 5
199 6663 9
4251 857 9
6400 1345 5
4437 6893 5
6791 3605 2
1491 5476 5
2546 1726 10
2353 6946 2
5032 216 5
1872 6613 5
6509 1615 2
4192 2676 7
4990 2905 9
7232 5199 9
5905 2956 1
285 359 9
2009 4789 1
5571 4517 10
6713 2696 5
4417 3788 5
5993 4964 9
5549 1062 7
7749 4395 5
3386 2397 5
1381 2756 9
6699 5030 2
150 168 4
1048 5493 5
6053 684 9
3519 7545 5
2863 5887 4
3578 2666 7
5830 2084 4
6410 4511 10
4552 7134 8
3831 4049 8
6185 1897 9
4202 1870 7
4301 6728 9
5633 2858 9
2840 2359 5
6118 2356 2
4696 6899 8
3830 5145 4
60 6595 2
6325 3839 5
808 7629 9
7318 7708 5
1501 7689 5
7140 6987 10
6588 4282 6
7065 7567 3
617 2118 5
7149 5812 2
5933 7386 9
1722 5000 3
6510 5909 2
1916 3794 8
2277 7699 2
979 3418 9
7499 1499 10
4008 1356 8
1007 527 9
6059 3088 5
3394 3872 4
4265 291 4
7279 4598 5
1851 1261 7
3589 6873 9
7126 5806 5
6517 7663 5
7410 4587 6
6868 7443 9
3388 5745 4
340 1395 9
2208 6102 9
381 2876 10
6072 5957 1
2457 6048 9
3687 1722 9
4532 5801 3
7666 4109 10
5325 2956 9
5379 6803 9
4980 5914 1
3211 214 5
2337 5501 5
3863 2143 7
290 699 5
2120 549 9
5574 1949 5
7252 7011 9
345 2447 5
5835 1934 5
2658 7271 10
4254 6773 10
5124 4007 7
4862 4878 9
6461 6800 5
7141 1524 5
4033 145 5
3899 6437 9
3926 6271 5
5798 522 2
4653 2457 5
345 414 7
4644 6473 9
346 3695 5
1755 5292 2
6728 2173 1
4628 218 5
367 93 10
6004 3181 9
3494 2381 9
4371 1788 9
7728 7649 6
157 757 5
6745 7212 6
6406 7687 5
4920 3473 9
7668 4945 5
5121 5869 4
6297 5933 6
1921 5293 4
3675 1903 9
1716 7341 1
6949 826 9
654 5058 5
921 3855 5
6825 1332 5
7374 4285 5
255 4144 8
5082 5992 5
7768 4310 6
1112 7007 1
576 2752 5
6017 5374 5
4360 2775 5
3686 930 5
5196 1868 3
6309 961 5
3992 5626 5
3030 2763 9
4806 3669 9
7793 6517 9
2663 3065 9
2119 2552 3
445 3167 9
2402 3530 5
2019 796 5
1236 3059 9
3631 4599 9
2162 7035 9
3506 5388 2
5754 2338 9
3953 2779 8
7184 6670 3
4180 4483 5
6181 7647 5
7578 7645 5
7237 5786 6
283 4890 2
3368 5858 2
170 2003 1
3742 6156 8
6984 2662 9
4208 3653 10
6762 4531 8
258 5188 3
2529 5050 5
7169 4926 9
5966 2808 9
466 5020 5
730 4489 5
7482 5813 9
4407 1887 5
1945 3097 3
5010 736 7
1404 5226 5
2104 7828 5
4557 1825 10
6150 6915 7
3380 3132 10
2408 1399 8
6619 5995 5
4795 3815 3
6368 3145 7
3781 7589 3
2541 685 7
3993 6450 5
667 781 6
635 3104 6
603 3895 9
674 6164 5
4978 5549 7
7453 6777 5
7491 6286 9
2767 4813 5
3391 185 9
2299 136 9
3644 5617 9
1232 2801 5
7652 5670 10
7678 6347 9
1919 765 9
6728 3797 5
6308 1346 6
2291 6589 9
1323 5851 9
2751 5661 5
6895 261 5
4942 7523 5
7199 5061 9
2215 4391 4
5663 4583 5
5341 4477 10
6003 1087 4
5259 275 5
5980 5924 9
3377 2740 3
274 3034 9
4584 4770 5
5018 1866 9
558 5284 5
3919 6374 4
1240 2305 1
7463 4173 5
850 349 4
7064 4977 8
2263 5298 9
1713 1957 5
6505 4709 5
205 5195 9
6709 2111 9
1692 306 9
6792 7409 5
5229 5934 5
2421 2394 7
3877 2240 1
423 1498 1
6019 4064 5
7464 62 5
5243 4570 9
4000 7682 5
4618 6648 3
4402 819 3
6152 3595 3
4119 4844 5
4447 5862 8
6757 762 5
6538 1062 9
2079 6407 6
4922 2725 9
6692 4678 9
1425 3 5
5802 5854 5
1922 1583 10
2103 2828 8
3226 6171 7
4231 7784 9
2083 2279 8
4362 6248 9
1773 2320 5
6416 6238 8
7795 256 6
4055 493 4
3911 5935 5
4104 6452 5
5767 6583 8
6803 3787 5
2193 6648 5
5915 4860 7
7287 1665 1
3338 4102 9
7511 6459 6
401 1394 6
6222 5962 5
7498 2613 5
3588 6863 8
5121 7147 9
4738 991 1
5062 3126 5
6434 7570 2
368 6849 3
7317 4297 9
3293 906 9
7357 3079 5
7061 1286 5
7453 5333 5
3983 1280 9
5460 1240 9
6610 3027 9
179 2606 5
4698 1478 9
1961 7397 3
5939 4810 5
5468 5615 7
541 4335 9
596 1792 9
4110 2371 9
1242 4078 9
6443 2510 9
7675 3048 9
3360 1110 5
7281 5285 1
5791 3111 9
2912 6314 3
1533 1939 9
6028 1025 9
1398 3311 9
7054 2467 5
782 1474 2
2956 2786 9
6881 5686 8
5482 995 9
6333 6916 4
7522 1242 5
7201 6547 5
4658 2563 9
4199 7353 9
5868 4773 9
5605 4319 7
2468 5207 1
5327 7484 4
1867 4225 2
3471 7271 9
4264 561 5
3969 7347 9
4113 4800 7
4263 3596 4
2564 2004 9
3493 6843 5
3425 3415 5
3308 7811 5
3948 5714 5
4606 7522 9
7545 6361 5
961 651 9
4079 3776 9
5360 4292 6
7717 2737 3
4124 1176 9
7765 2714 9
5766 4547 1
5844 5124 8
5833 6787 5
6184 396 4
7213 115 5
2447 5491 9
7466 6106 3
154 2124 5
6560 3986 3
6135 3766 9
6497 5684 5
2801 7698 8
5803 3269 6
7722 164 2
6007 3864 5
771 3661 1
2580 654 5
5941 1261 1
7087 1670 2
5506 1184 6
6452 3647 9
3290 4255 9
5179 4642 5
2849 986 5
1113 695 5
1061 1370 5
2683 4238 5
2072 6603 5
3149 5884 6
415 3913 5
998 5246 5
2439 7811 3
114 3088 1
658 5342 1
3888 512 8
1428 355 5
6198 776 5
3558 2967 9
4528 6264 9
5124 6270 5
7556 1079 10
7068 2132 3
2820 5343 5
5219 4862 7
2908 2420 9
5238 3880 5
5080 7372 9
1275 5917 9
5099 3844 9
6380 1131 6
6370 1320 1
6647 4515 9
6315 5378 5
2980 158 5
4005 2914 2
2406 4534 9
1471 7541 9
694 6721 5
3908 2365 4
4627 6273 4
6079 7292 5
2359 1105 9
5823 2336 3
5862 2688 6
1778 3977 5
1246 4030 5
5651 6626 6
3124 7114 5
407 4860 4
5374 2570 9
5728 4250 1
3291 3331 9
940 2663 8
4808 959 9
1214 4737 5
6889 5449 9
562 4226 9
96 1578 10
6237 6058 3
1245 96 9
5602 2333 3
823 846 9
2628 4474 5
7319 3595 5
5815 5096 10
5029 3090 9
4756 6168 5
7091 6792 9
913 4252 9
7465 7735 2
4589 1523 1
6429 4452 5
148 6069 1
1910 3618 9
7666 4004 1
4865 2707 5
4703 3244 5
2306 2912 5
6392 7248 8
5985 2710 1
5784 6333 9
6037 1703 8
4120 1429 9
6881 1467 5
6732 2392 9
3857 5984 5
3146 3678 1
4515 7799 5
4217 3864 2
1888 6061 1
5624 5448 9
2089 6334 9
3007 5086 4
6714 2907 7
3649 5952 5
7244 2728 9
549 6849 9
4255 4320 5
7783 5835 9
4173 865 5
5350 240 5
1515 7664 5
2439 6518 8
1022 3872 5
851 1942 7
632 4842 9
3502 1033 3
2054 2659 5
1264 3617 5
1470 2963 9
5358 2578 9
3137 4144 1
4518 172 3
1869 2689 5
5529 632 5
7806 1380 5
2114 2925 4
768 2358 9
4192 4818 2
6373 2013 3
20 4417 5
4637 5911 5
5043 7054 5
6896 2374 2
2761 2365 2
2612 5257 1
3908 7376 9
6108 5531 4
4028 4213 3
7739 6002 3
5643 1981 4
4889 3317 8
1002 4650 5
3714 4050 5
3085 1453 5
3441 5858 1
3790 3733 4
3808 7195 5
454 843 9
6800 5396 9
7563 6558 5
6443 3814 2
1237 5627 5
6896 5575 5
7378 2091 9
1769 5993 10
44 3830 2
3630 5527 6
85 5338 5
5914 1654 9
6718 4317 6
1596 7225 2
550 3786 1
5795 3518 9
350 1204 2
4157 2734 8
3435 2102 9
4556 394 5
2325 223 5
2273 6871 8
6642 1896 5
2997 6875 9
2191 2939 10
7810 7252 9
4305 2020 6
3146 7201 9
5858 5347 9
4397 6067 9
330 7390 9
2614 4399 7
1245 7440 8
5559 6739 9
471 146 9
6562 4211 5
355 2469 9
7624 6871 4
5147 7207 9
7068 4297 1
4003 228 5
4148 4343 10
254 3050 2
7620 5582 5
3559 4139 10
495 4598 7
7259 6496 5
3829 4879 4
3418 1352 5
1399 702 5
45 7226 5
5963 962 8
2859 4265 9
5253 242 5
1991 1688 3
1115 3141 1
171 2824 5
3253 1626 5
3092 3900 2
636 3079 9
6671 4866 2
6284 2882 8
835 2514 4
3892 891 9
3959 785 7
6774 814 1
4330 3041 5
6794 149 8
7485 6240 5
2242 7513 10
2114 3120 9
3490 2399 3
5316 7223 6
7071 1284 9
1996 3577 9
5072 7722 1
1269 4013 4
6631 5899 7
5068 2716 5
1697 4444 5
3530 1466 6
2419 3698 9
1494 5491 5
1366 6940 6
2619 1829 5
6187 4806 5
4860 4458 3
1131 564 6
6842 1421 9
5623 7154 7
1034 2865 10
4129 1015 9
1395 1311 6
5812 4622 3
2405 346 5
1934 5464 5
1509 698 4
5057 7317 9
2206 3132 1
4596 1091 6
5700 4270 1
6227 2492 5
1942 893 5
345 6346 2
7314 3291 5
6484 389 1
2807 1664 10
7534 2014 6
5865 2556 4
6397 5694 3
3315 3020 9
2773 2967 2
6199 3000 5
4025 1876 9
5540 5344 5
3160 6737 9
6128 2155 5
1879 5085 5
456 587 5
1941 3238 7
1939 6197 9
4132 6577 9
4555 6012 4
2821 4934 4
1135 7211 4
1372 6827 9
7395 6366 2
7148 191 8
7556 4048 2
5708 5191 6
1273 4189 8
2046 5930 6
3031 1629 7
7260 6569 2
1682 1206 9
4909 1587 7
7311 5299 5
5609 3599 1
5721 1879 3
5419 3190 3
4980 6282 5
4093 2633 10
2169 1404 9
1067 4328 9
3029 1088 5
3140 61 5
5596 6735 6
4142 593 9
2704 5927 5
3212 5717 4
1492 2628 5
301 2647 9
1833 960 5
2017 862 3
4995 6120 4
2026 5747 4
3746 587 5
6512 7513 1
5666 7482 5
192 7040 8
6143 2500 5
746 694 5
7112 1775 5
7449 4700 1
6295 5914 8
3413 858 5
160 3945 8
1090 7730 4
2229 5074 9
5286 4280 7
2745 1496 5
5614 183 8
5333 2285 5
3358 556 1
4597 651 3
3849 5874 9
1533 1324 1
3425 3896 8
4454 2568 3
397 3646 5
413 328 9
6365 2184 5
2151 4275 5
3803 415 5
1354 3159 5
116 2370 5
6581 6068 5
3743 107 2
2206 1129 9
290 5950 7
2712 5700 6
3033 6451 9
4678 3177 3
4274 461 9
6309 5772 9
2632 83 4
1617 286 10
7555 4717 7
1311 5820 9
6734 5503 10
3034 290 5
6673 5678 9
1802 6554 1
485 4941 7
6942 3904 5
6381 2749 10
7774 4829 8
6411 5538 9
318 2359 4
364 6986 5
1737 678 6
1495 2386 9
4135 3052 4
377 6280 9
892 761 9
5343 2245 5
5562 4106 9
1996 7219 1
4497 7759 6
5047 2334 9
7635 2923 8
1473 305 5
6110 4948 3
2853 7810 6
3942 1034 5
5228 1335 2
1496 96 10
2160 1569 9
7733 6431 4
14 6065 5
6596 5260 9
1303 5243 6
4797 5780 9
1368 404 5
5509 2391 5
5670 1157 7
6459 4322 2
3522 1781 5
2683 4222 6
5923 7492 2
6497 1222 9
5717 4208 5
5488 4573 9
2933 2961 9
3175 1582 2
5681 3408 9
3746 3980 4
346 378 5
6680 1367 8
2556 5909 5
872 1112 9
1902 4921 8
3131 7379 9
5214 1010 9
7160 5521 8
6322 2159 9
6080 6709 4
1702 2536 9
6877 4742 4
7629 2851 7
5181 4637 9
3732 5106 7
6721 6916 9
7747 2104 5
1442 5415 5
7048 702 6
3526 5575 3
7760 4526 9
5301 1703 9
6706 7368 9
1115 7052 5
4976 3902 5
5386 3865 9
5532 5640 4
5880 3742 9
3680 1187 10
3742 921 8
2367 7180 5
5610 3487 9
627 2438 10
6284 3174 9
6603 6782 5
4791 5166 2
6087 6923 9
1574 3349 9
5478 6619 9
1838 7241 9
6528 2995 1
5339 4 7
1915 6679 5
1007 5836 10
7075 6231 1
2638 5649 9
2280 2365 5
3726 4438 5
4771 1235 9
3385 2940 2
2703 1526 5
995 2529 6
5582 7668 7
7347 4810 9
6183 2841 1
7002 6043 5
2206 6158 9
3471 610 5
5866 1443 2
855 2409 9
3301 4559 5
4477 3988 10
2190 2116 5
2636 4017 3
1529 4131 1
3670 418 9
5784 1159 2
2771 578 6
2126 152 1
3417 430 5
3691 7114 9
6444 966 9
1529 5401 4
6190 7290 5
1343 520 3
911 1760 5
4116 6711 9
5521 4772 1
487 3538 8
5000 1347 1
2455 7288 9
4508 109 5
5779 4705 5
2373 5388 9
3261 5253 5
2302 3596 10
3832 5562 5
3617 4711 9
4326 3205 8
3059 2630 5
5021 1761 9
5251 6130 9
7149 4391 9
488 7657 9
4729 7700 9
2113 7740 5
1964 7793 9
3751 3156 5
3437 698 2
3758 1561 5
4991 1009 5
2498 5372 1
548 6922 10
5170 1135 5
7413 4121 9
3446 2911 4
5856 3510 2
242 7094 9
218 456 5
3101 158 9
5709 18 7
1595 576 5
1605 1511 9
4229 2300 9
3450 5915 2
7632 7008 5
3795 5052 2
1760 7299 9
5152 1751 9
4693 3308 9
3044 3037 9
3681 4416 2
6082 7473 10
5083 5531 9
6316 3732 9
5820 1694 9
2874 5920 5
1680 6145 4
1528 408 3
7042 3049 10
2925 3684 4
898 5299 3
3367 657 5
6767 4496 9
63 5581 5
7388 1675 5
440 3453 9
2460 2519 5
2774 3801 9
5516 3548 5
4882 1853 2
535 753 5
839 7092 6
810 3944 5
7483 1076 6
5366 5605 5
5723 1537 1
353 4468 1
1021 1593 9
1793 5442 9
3345 5215 10
6773 4801 9
1330 2821 9
178 2491 9
3091 2579 1
1620 5600 5
1120 4670 6
1590 6953 7
2290 508 9
2258 7069 1
716 912 5
4523 5622 5
3427 2207 5
1740 4171 9
6226 5178 9
3312 2049 4
7207 1471 9
4965 862 10
7769 3269 4
7377 3493 5
737 6003 9
213 2278 7
2739 449 2
6456 547 1
630 2933 9
5333 5535 8
1321 3429 9
1316 1075 5
2946 2037 6
4879 4103 5
3874 23 5
1107 841 9
5924 5840 9
7668 1108 1
187 4578 1
268 2921 9
5834 4541 9
2654 1682 9
6860 3526 3
5749 1024 3
4770 3368 5
5076 870 9
6028 1604 4
743 4028 1
3463 690 5
4504 1476 9
489 1854 4
2101 2230 1
1961 76 6
7069 1221 5
5897 6876 9
233 863 1
3345 7437 5
5385 4311 5
2551 5758 5
2630 513 9
906 177 5
1117 4646 9
6535 7525 5
1421 4647 5
2862 5912 9
7423 5603 5
1235 7261 9
4542 6190 5
2597 6157 3
4344 4958 3
4453 5827 5
6374 3593 5
6113 7772 5
5153 7267 5
25 6831 9
1743 4341 1
7607 4169 5
2575 3140 3
7472 6316 2
5875 3840 9
3090 3809 7
5731 822 8
2263 2415 10
5046 7511 1
7224 1156 10
5745 3167 3
1711 3800 9
2553 274 5
2268 2924 5
3313 3500 4
6832 5688 5
1194 4744 2
7472 1910 7
3260 259 5
2576 4216 9
1759 7283 9
4824 2982 9
4164 6892 9
7379 5267 9
4064 1755 8
1022 4701 1
6840 5850 9
4341 4747 9
701 654 5
526 823 5
4142 5311 9
6270 7686 5
4169 3193 9
6442 7519 5
1143 5903 9
942 4789 9
1085 7136 1
4258 5989 9
1417 6348 1
1448 6229 2
360 7711 9
7200 2832 8
6164 1653 2
2971 6145 10
3851 4189 4
7755 2086 5
5074 7391 9
1886 1067 5
7729 5633 9
5420 7309 5
247 7444 4
6650 3715 5
4351 5567 9
2174 3948 9
2591 5851 10
5581 5977 5
3302 28 9
1850 4831 8
1008 6079 4
1505 6647 9
5780 808 9
6821 1413 9
6372 4269 5
3093 1168 4
2698 2599 5
2666 2137 9
6970 1204 9
39 3696 6
4176 3338 5
6271 2501 9
63 3266 3
3926 1112 6
3524 386 5
4515 663 3
7261 146 1
237 3412 2
3623 1677 10
5936 2852 9
1418 468 5
4911 5548 9
3810 6126 5
675 7286 5
6393 3868 5
1403 1834 3
5028 1514 9
3568 5048 10
6292 1595 5
1612 2430 8
6873 4574 7
6753 3335 5
3694 1165 6
3829 5226 2
2209 3259 2
1315 2422 10
1294 6870 5
3641 3961 9
1512 2556 9
4169 100 6
5832 3267 9
2728 1385 1
6191 3192 9
7363 7062 7
7766 1693 5
5609 6155 6
6266 2239 9
3176 2949 5
7439 6277 6
2682 1961 10
6224 381 3
7387 5897 8
7334 4331 2
4240 1057 9
6082 7591 9
618 858 6
918 7243 4
1766 7424 3
6909 3636 9
2940 5455 8
3857 7717 9
2613 7140 5
591 6595 5
3152 7171 5
7728 3529 5
7562 5830 2
3939 1737 3
323 609 9
1628 1264 9
3882 6093 9
1013 5773 9
6691 6765 9
3373 2238 5
5514 3312 3
3214 3594 9
7820 5451 9
5405 7531 9
3146 3747 3
5349 4152 9
1501 3545 5
4470 6315 5
672 5244 3
2815 907 3
4809 4263 9
6556 1853 9
627 3643 4
3415 3474 5
116 3277 8
3107 3237 3
5308 7203 5
6186 1704 5
1378 6610 9
4596 5304 2
1941 1354 5
95 1376 7
2541 2333 9
2864 1765 5
3591 6040 2
5514 6002 9
5791 5743 5
6883 4522 5
2841 4059 3
2630 488 6
3877 850 5
5441 5255 1
5365 1093 5
2033 7221 5
2370 6512 5
6635 1533 3
3701 690 6
2585 6031 1
1836 4940 9
7414 3402 5
5827 5656 10
5761 7103 9
5714 7671 9
96 1617 9
6205 507 1
5094 3857 9
6500 2136 10
5471 466 9
1781 1596 10
1150 5966 5
7823 7474 9
4496 5779 9
1069 7745 9
1765 5597 1
1562 76 9
4433 1064 8
584 1318 5
251 6083 9
6195 5975 8
389 3020 4
267 7333 3
6512 4756 5
1896 1864 3
5688 6458 5
5693 2800 5
7305 5033 9
1154 5326 9
7708 1955 9
663 2723 5
3681 7398 9
2869 3373 9
4731 6833 5
927 4599 8
7178 5551 9
1230 6963 9
4273 6756 5
6662 7190 10
6957 3292 9
2173 737 2
6551 2278 9
7215 1996 5
3017 5803 1
6852 324 9
1094 3406 8
6353 4542 9
3447 7616 5
2029 6467 9
3487 3030 5
4524 3379 8
4387 619 7
7613 2733 2
6724 7812 9
6811 3288 5
1611 6874 5
4028 3950 6
3320 1896 5
688 4825 9
3041 828 6
7377 7693 7
49 4955 5
3583 3320 5
1198 1653 10
4379 344 3
6236 16 5
3339 7162 9
4749 6442 9
558 1327 7
5501 6295 9
1195 3917 5
936 7129 1
178 2493 10
4673 1576 5
4064 6722 9
1551 5765 6
5390 1025 10
1940 6658 3
2905 3393 5
73 7557 9
6654 4936 1
5088 511 9
952 500 7
1009 6192 9
3249 4639 5
6675 4892 9
7585 3804 5
2004 4749 5
1922 3849 7
6500 7725 2
5436 7720 5
2384 1937 10
4456 404 6
4373 3443 5
910 2533 9
962 4474 1
2476 1473 9
2631 1769 5
6247 2605 9
1949 1652 9
7715 6212 3
1374 701 9
326 2693 3
3277 5671 5
4488 5660 4
4269 7818 1
3537 3721 5
3618 2745 5
1062 3242 9
3437 3904 5
2846 2896 1
6057 7459 3
6803 3934 10
257 2809 5
227 5260 2
4289 6964 4
2060 1561 6
6160 2303 9
6120 6754 9
7129 1357 5
4122 4691 9
3765 6765 3
1939 1462 6
2216 4986 9
7100 1115 5
4647 3379 4
1197 5163 5
7717 737 9
5046 3973 1
7637 293 9
4707 5015 9
3074 251 5
2722 372 7
5810 7134 7
2600 1283 5
4238 5191 6
4901 2760 1
5200 117 5
7801 4925 5
4497 5730 3
2168 5754 8
6894 2014 9
4963 1069 7
2604 4714 5
5915 349 3
4022 2203 9
6735 254 5
4906 2114 9
3205 7185 9
1742 825 9
6035 4838 10
7123 6493 5
3837 142 5
1283 5563 5
690 5023 9
5069 5940 1
1119 7068 4
5601 1271 5
4358 1289 5
481 1221 6
5772 6745 9
3402 7112 5
2061 5373 5
7739 6768 3
7775 4153 9
4020 4088 8
1273 4094 5
6787 6813 5
7176 4082 8
3235 3433 4
3525 5621 5
6099 1390 5
6513 3751 5
4450 2596 5
992 3458 2
5061 3859 5
7551 6434 9
2609 5323 3
5462 6942 9
2088 3702 3
262 4344 5
4878 7637 5
3732 3770 2
2450 1330 9
6462 5995 2
6788 1729 6
1498 2144 8
6382 602 5
7282 4222 9
37 6724 2
107 476 9
2057 6657 10
5 3899 5
125 2480 1
1387 842 8
1199 4425 5
3948 4227 3
2562 5350 2
6631 2421 5
5384 1083 9
743 4228 6
2042 1590 5
7670 7336 5
6229 5271 9
367 708 9
2486 6600 5
3230 36 9
3217 4874 5
6324 6572 1
1134 2127 2
482 4728 5
5763 887 9
2409 6516 5
146 2493 9
1174 746 5
5729 4275 6
5393 285 4
2661 1576 2
2852 2353 6
302 6888 6
1348 7233 8
4044 2009 2
2295 2989 8
5686 6407 10
7155 6552 9
6756 3496 2
1985 353 4
6561 650 8
627 1714 4
4884 68 5
4816 6379 5
1085 3401 5
1310 7727 5
1725 1582 5
1406 7688 7
2305 4707 8
7017 6159 9
1042 1164 9
7095 756 5
3393 4993 5
5198 21 4
3948 2958 5
7727 1836 5
4908 5419 8
2912 1373 5
7806 2811 6
3271 6041 5
1661 7659 1
5525 2205 10
843 614 10
5610 4623 9
7083 4676 4
1186 4043 9
133 3051 5
5288 2108 6
5632 3032 7
1828 6819 6
7017 5761 9
1912 7669 5
833 2498 6
5619 7050 4
1626 1752 5
3952 6199 9
3086 2069 4
6614 5282 1
6773 4108 5
1407 1308 5
4702 801 9
3481 3084 7
1339 6186 5
657 171 9
6044 474 9
6216 5248 9
4671 5688 7
687 7381 2
7050 3225 5
5361 1789 5
7482 3847 5
991 1385 5
1657 7364 9
7038 6710 7
1297 1627 4
1167 3013 2
4445 2845 5
7668 3927 2
2207 6419 5
3529 116 9
6653 5298 1
3735 4473 5
2281 7620 9
7182 6116 2
317 2085 2
6108 6260 6
7208 2055 7
4177 6658 5
6083 6072 10
1872 1438 5
6892 7315 9
1896 6774 9
6488 2040 9
1121 4797 9
4762 7447 9
1877 4180 5
4092 1769 6
5378 4972 9
4452 1767 7
7778 3925 1
4496 668 1
2165 4606 5
2939 4366 4
2387 6174 5
1588 2350 8
4531 6219 5
6529 3705 1
4466 6710 8
4337 1217 6
361 4363 2
3275 2019 2
2878 1164 5
928 6705 5
7412 368 5
2311 519 4
2536 7350 5
5418 2909 9
2642 5000 4
4914 1956 5
6787 6960 1
3430 6834 4
4078 7377 9
2070 3579 9
3844 5600 5
4226 7759 9
1822 6748 10
6581 5755 9
2971 2615 7
3225 5522 5
3414 5242 7
2138 1642 10
975 6194 9
3014 3864 9
2188 7121 4
7059 507 9
7219 4076 9
3347 5250 9
6416 5375 8
656 3623 2
5065 7276 5
3578 920 4
3800 1585 5
975 4728 5
6311 162 3
5 1168 9
2672 1907 9
3665 2708 5
7011 5453 5
4915 3336 5
1024 1696 5
6386 218 3
3516 3399 6
4853 3955 10
6067 4295 1
2756 4277 5
4966 3173 2
7184 4457 9
218 2262 4
4936 7525 2
2610 4239 9
1441 3451 6
5344 3942 5
1104 144 5
3654 5377 1
3872 726 9
2729 1589 5
6064 4158 6
2177 6802 9
1843 499 9
7032 2672 5
2892 5129 5
3838 6855 5
5361 7692 9
5589 5282 5
858 3251 9
4542 1580 2
6291 5536 8
6573 4454 6
1119 1608 9
2699 378 5
1261 7584 5
3499 1714 9
7120 7324 10
1062 3748 7
6143 7326 4
4940 6931 5
1822 2862 9
4651 3651 9
3262 291 5
2717 2194 5
7678 2515 7
6872 5591 5
3705 2261 4
2535 3710 5
2007 7098 5
1283 1097 10
3203 4232 9
6620 4790 5
3319 1404 3
7047 3146 9
5014 6491 9
7620 7676 5
3625 2756 5
5379 2304 4
2059 1645 9
2317 5627 6
2800 7365 10
2441 390 5
3917 2330 5
493 1263 4
784 6336 2
263 3829 9
2459 6088 10
4590 763 3
6610 7160 5
158 2376 5
2732 3074 9
6926 5863 1
1269 6703 9
7729 325 4
4015 1628 4
3954 3016 9
749 3283 10
494 147 10
6991 3803 9
4340 834 2
221 6946 5
6612 7199 9
3863 816 4
7237 5788 5
7725 220 9
1215 7783 9
1744 6692 5
1163 7526 5
6737 6099 5
5162 3494 9
5854 496 5
3128 7120 9
6122 5534 1
3280 1334 5
3945 557 8
7359 2718 5
3088 3628 5
2183 1990 9
7480 5065 5
2763 152 9
4684 6072 9
7255 2868 9
1124 5137 5
3737 335 9
2533 3911 5
4898 349 5
3909 190 3
3749 611 3
1380 5283 5
2002 1181 9
2653 2451 9
5547 437 5
7045 7785 7
1034 633 6
4344 148 10
3394 5355 6
3239 7831 5
2690 7729 9
6550 5577 6
3474 3309 5
3419 6062 9
1815 93 7
3316 7669 9
3019 1711 5
2008 778 9
349 7517 9
4205 5253 9
2045 4103 10
4974 709 7
3573 32 5
1105 1001 9
2387 730 9
6949 6535 4
4765 2168 6
3983 6898 8
1485 1423 5
1459 7094 8
5934 3240 5
5184 4193 9
925 3419 5
715 5703 4
7099 1667 6
7063 4992 9
1135 2480 5
3190 5897 5
7239 909 5
5289 7281 9
2539 2704 8
815 7499 9
798 5658 2
1109 5502 4
5899 5908 5
4147 3444 9
168 1290 5
6356 2089 9
2550 2229 8
3947 7494 1
4804 2678 9
1519 5408 4
3655 5823 8
6479 2142 9
18 2157 3
2521 264 5
573 1321 9
3554 7231 3
420 6078 5
3923 5950 9
5846 5478 4
1625 5171 10
6876 1442 9
7416 5933 5
1985 1896 4
1999 3894 5
1212 2306 5
3606 90 5
6241 3774 5
2502 956 9
1237 7156 7
7541 162 5
161 1713 10
3652 4680 10
7195 6792 5
2700 2331 5
4091 1160 8
7450 761 4
59 7200 5
3621 6001 4
4532 3775 4
3153 6290 5
5334 5794 9
5672 2632 9
2911 6483 5
1713 5310 4
2197 1088 1
2304 1987 5
3633 114 9
789 7322 3
4781 4591 8
3791 65 5
4053 3126 9
7187 6389 5
1044 2887 5
4384 4074 5
946 2532 9
2554 934 3
819 4120 9
2515 2600 9
7403 3323 9
951 1543 9
4897 6676 9
4297 2283 5
887 1150 5
6041 4880 7
4937 6604 9
1180 4961 5
6176 822 5
2586 1767 1
4334 206 1
7391 6625 5
6408 5488 5
4821 5064 9
2242 1230 5
624 2597 5
4151 4699 9
6250 3529 4
4549 2786 7
3755 1421 4
7437 3412 2
1444 6796 9
621 6851 9
6667 2972 9
3512 2682 9
745 2436 10
263 5459 7
2442 4093 10
338 3542 6
438 5769 1
3781 7619 5
5266 4866 5
4885 5220 5
3618 2470 8
1361 6006 3
681 5973 5
1833 4093 1
2625 7359 9
2292 1096 4
5255 2624 5
2626 1559 8
838 5069 6
1199 2133 4
6168 895 5
2697 3832 7
7378 3354 9
1795 1974 4
6156 4122 9
4129 1906 2
2595 2160 9
5039 4616 5
4061 2831 5
3994 3859 7
7495 2107 2
2292 4867 9
5006 5581 9
3384 7475 2
1570 4267 5
6844 5165 5
2164 204 9
27 6883 6
2967 1664 9
1 5075 5
2888 6720 7
4622 6864 7
1921 6874 5
4103 5043 5
6911 4950 1
4617 3023 8
1638 7566 5
5032 1223 7
7088 7806 5
3032 3714 5
3929 1911 5
7481 1517 5
4244 827 9
2635 973 9
6347 1832 9
2654 526 7
5010 2046 7
1899 5499 9
5667 4418 5
4161 5919 5
5138 6423 9
231 5097 9
6242 5011 3
153 304 4
1229 3545 8
4981 6999 9
4954 5808 5
5051 2195 9
3200 2553 5
5498 1295 5
1831 2525 10
3443 6871 8
2643 4345 3
6294 3741 3
7150 1208 7
1134 455 5
3838 4859 8
1755 4221 5
1559 2754 9
32 3069 5
31 7329 9
6131 5796 10
6795 154 5
5699 4341 5
5058 1846 5
6928 852 10
6955 6513 5
7096 669 9
7002 6362 8
1098 717 2
7407 6249 7
2421 6856 5
5574 4950 9
7338 1017 9
6699 557 10
2110 2577 4
7361 4986 9
1903 458 9
2335 1269 5
4056 3725 9
7190 6471 1
4275 6911 5
2118 5947 9
2660 3072 5
5963 7535 4
5988 851 4
4395 6478 4
3728 2414 4
3452 4406 9
5041 7415 1
3801 5380 7
7489 3135 9
1488 5149 9
5837 6187 4
5807 5746 8
1483 4797 5
3241 5839 6
7719 1741 9
589 7131 3
3273 4759 5
4482 4414 3
268 143 5
1793 2080 4
2441 2619 2
720 6941 9
591 1837 3
6752 7395 8
2879 4834 5
1008 2928 8
7671 1778 5
3986 1796 9
5767 7049 9
356 7751 9
5872 7675 9
3539 5971 9
5734 876 8
7756 3916 9
5335 5457 5
5133 79 5
98 6353 9
1528 1620 5
11 1089 6
563 3649 9
2448 1455 10
2958 5044 5
5981 803 10
7409 3449 5
1042 6637 5
5892 6126 8
4742 487 9
3170 3470 4
6433 6086 9
1309 7057 5
4607 6113 9
3067 1740 5
418 4915 9
6347 3509 6
2655 5222 5
7803 3691 5
5007 1851 2
6606 6247 9
7699 2858 2
4857 4301 5
3981 1069 5
6403 2841 5
2027 4148 5
2480 6009 9
2381 4205 5
6693 5353 5
434 4257 5
3366 1204 8
491 1772 5
3093 4556 9
1997 3892 9
767 2013 9
2250 992 10
475 5013 9
7041 6457 7
939 5034 5
4775 7633 4
6354 6717 8
7200 533 4
3724 7638 5
6855 4574 5
5921 33 9
4923 4245 9
2593 2161 9
635 6147 6
7134 5190 9
383 5670 2
711 5725 5
5165 925 9
5965 1179 6
6280 5755 3
4135 2190 9
7027 1926 5
3804 6429 5
7433 6271 10
7675 847 5
7106 7750 9
881 211 5
5423 312 9
6507 3389 10
4679 229 9
7074 3539 9
5087 3512 5
1664 3938 9
7422 4674 5
4878 1847 5
3796 2082 5
4674 3205 9
3308 5578 4
6761 338 6
7731 458 3
3398 3200 9
259 4875 5
4784 7635 9
5346 7485 3
5305 4863 10
5724 3047 10
313 4928 7
113 6867 9
1097 2275 7
2222 1612 5
5957 2283 2
6722 5215 5
3544 7406 5
5524 7329 6
4099 4773 6
3594 5418 5
5878 182 9
3125 5047 5
2467 966 6
1519 3145 9
340 4591 1
421 2516 9
5045 4362 5
3679 4256 9
5959 2905 9
6945 5526 9
7526 2856 7
4867 1709 5
7022 6346 3
6260 7155 6
1949 592 6
3541 5443 5
959 2892 9
7447 618 5
6435 7782 9
4204 3501 9
3838 1596 4
2772 5958 5
6226 4770 10
1379 7591 3
3274 4995 6
7032 4223 1
4648 635 6
4804 169 5
4907 5423 5
4963 7236 9
792 610 5
7165 1867 10
5950 4212 5
5722 911 5
7283 2085 5
6240 2616 5
6663 3687 9
2720 6939 5
1522 2974 5
4345 373 10
1945 3337 10
3183 3386 8
6278 5295 7
4938 3701 1
5443 7425 9
7753 2075 5
5511 1790 9
5721 3641 9
3837 7368 10
5513 5975 9
5198 4707 10
4518 2231 9
4623 6459 9
4553 953 9
228 7102 9
2845 2586 4
5532 263 8
583 2393 9
1220 2837 3
4791 473 9
1984 4684 5
1733 2603 5
2940 4489 9
7114 7014 5
1348 3810 5
2386 6034 6
5262 6020 9
3933 3100 3
2475 2618 9
163 2050 6
6736 7242 5
2482 2261 7
7593 2054 5
6066 95 6
7567 7385 5
5135 1440 9
3108 1771 9
220 4865 1
2805 3926 5
1114 6185 5
2294 4041 9
7756 4642 6
1678 5197 5
960 6116 9
3454 5254 2
7255 2699 5
3406 2002 5
4374 601 9
4152 5054 5
7736 4802 9
3912 7597 9
1126 604 5
7355 4620 3
1320 1664 5
3005 2098 4
6472 6271 9
6069 761 9
660 5170 3
1194 2177 2
5383 3452 4
2308 1580 5
3848 2392 6
6723 426 3
3177 1488 9
432 5018 9
12 7397 4
4214 3764 1
4101 1078 8
2013 7122 5
5467 4218 10
1371 3761 9
3471 5946 2
1467 5844 9
6100 4392 9
139 1921 9
6502 7684 5
3309 6272 5
7277 3001 5
6793 1974 9
1576 5662 4
5599 6859 5
1628 2144 1
6192 3174 10
3866 2655 1
1045 867 10
2388 1688 9
5335 4178 2
13 503 9
3656 1997 3
2411 309 5
3383 51 1
1687 4682 7
2389 1672 5
394 1735 9
7779 5461 5
7572 7564 2
4300 3014 5
1237 4149 8
2261 7192 9
4282 6106 5
1606 1566 5
3921 6964 5
5211 3325 10
3334 3993 9
1748 974 8
2109 2742 9
3266 27 10
1528 6306 8
6594 4804 1
6968 1338 5
4031 4558 1
5669 440 5
3474 3875 8
4134 7178 5
5348 7 9
7457 1520 10
7589 6768 5
6933 6966 9
1018 3392 5
5962 3514 9
2112 2757 3
6452 2039 5
6542 4118 2
2267 3600 5
5777 5644 5
5963 3129 5
5689 5451 5
3792 2324 5
2542 7776 9
2894 622 5
5019 6541 8
2069 177 5
2841 2016 5
5876 3543 9
114 7213 5
3453 6303 1
4432 2429 8
3407 3888 6
7198 4146 9
7075 6328 5
2580 145 5
428 7514 3
5606 6912 5
970 1 2
4852 5728 6
4199 2837 9
5301 6479 7
3298 636 5
5988 1673 10
7303 183 4
4924 6828 5
6976 4124 7
4098 3582 9
1354 1067 2
818 4511 5
169 1035 2
6727 5869 8
5836 4333 9
645 612 8
1090 3990 5
493 5984 1
5945 619 5
1486 1594 9
66 4231 5
5423 87 7
6678 4240 9
2459 7197 8
316 3224 9
530 6703 6
4892 4384 5
876 6744 9
2497 3151 6
5909 601 5
250 7067 4
4332 2600 8
3181 5654 9
5717 4787 5
1785 5536 10
2506 5121 9
3801 6104 5
7459 3481 3
7483 210 8
5163 5319 9
1131 4850 10
6608 5830 10
1500 4452 10
4435 4023 8
5285 2634 5
610 436 9
7077 2997 9
2668 6152 1
6765 992 5
3885 3053 5
3384 6408 5
1116 5241 5
1094 7032 10
6463 857 7
1078 5971 8
7650 2850 8
1389 4197 5
7743 2318 5
3321 2634 5
1145 2481 9
5250 831 9
2341 1631 9
3553 6271 7
619 7249 7
1094 3905 9
2676 2029 9
3663 3230 5
1024 6272 8
310 2845 10
2681 5349 9
6652 6425 9
7713 5662 10
1737 4577 5
5703 4119 9
647 3300 1
3218 3692 5
721 5375 9
3916 4664 5
5271 6562 9
7585 7488 9
1269 1423 6
1071 1599 9
3588 2774 9
3453 1572 5
3387 7355 8
3745 7377 5
6042 3494 3
549 3088 4
4601 482 9
5202 2694 6
2799 5356 9
6493 3577 7
1564 2679 9
4118 2798 3
3084 10 9
2098 2052 9
401 387 9
859 3949 5
6893 1228 10
2702 4117 9
5423 6462 1
3226 6868 5
7455 5497 7
6543 2608 7
7625 2943 5
331 479 3
6637 4062 9
3623 2529 9
2074 1288 10
514 463 9
2386 1978 5
1506 2082 9
5864 7059 6
2203 2097 5
6831 4927 5
5945 5557 6
6104 6890 2
2516 6574 9
1169 5783 9
6096 5284 9
1928 7668 2
2358 4241 9
1994 239 9
7256 5150 5
5186 5607 5
1993 7176 9
6366 3780 9
6962 756 4
3824 2797 9
2713 6592 9
4384 6664 5
3111 4865 5
430 1134 5
3570 2561 5
261 157 5
5667 3705 8
607 2917 10
2049 7021 5
7288 1464 7
4321 720 9
4691 212 5
244 1216 3
7456 77 8
6449 3745 9
4738 6398 9
4913 2799 5
174 3136 5
3236 3156 8
7293 6784 9
5979 1526 8
203 1142 9
2556 5215 7
3615 6968 9
5076 5558 3
7341 808 6
5557 1651 9
1945 2580 9
2815 4551 5
3887 6273 9
1102 5542 5
766 1183 3
433 6756 5
3630 6026 8
918 2937 5
6342 1979 5
609 2886 9
7364 7717 5
2430 4246 3
2821 1327 9
6747 5534 5
2393 4488 5
3263 410 5
5649 1918 5
464 1704 5
4500 6091 5
889 1860 9
166 4830 6
3173 1627 4
181 5170 10
3516 6604 9
1922 2703 8
1011 7412 10
2716 6514 5
4261 6377 9
2155 5526 9
2669 2206 9
6483 5472 10
2810 7193 3
1754 1908 5
3590 1556 9
383 3908 9
183 2928 9
1709 2244 5
3532 4389 5
978 2472 10
1626 7143 6
6377 1551 5
6255 5828 9
6912 4155 3
5264 4351 4
6648 530 5
1453 4648 5
4350 3572 10
2744 262 9
1307 1993 7
1186 3993 2
1239 6879 9
3895 1964 5
5813 5777 9
1100 7263 5
125 3623 9
4617 3228 2
4267 2812 10
4960 4270 5
5397 6022 9
4676 6552 8
338 7003 5
3778 3904 3
2943 360 9
1794 6876 3
7021 4576 3
697 4454 7
4168 7351 8
1829 1143 3
7057 1239 9
4741 198 5
6456 6014 9
1444 4342 1
4506 3284 5
2525 2855 2
6870 3681 5
6336 2041 5
795 7478 9
5248 689 5
2772 1684 7
5397 6471 6
1902 7198 9
1038 4457 5
3197 4732 10
7520 6505 5
1866 1433 1
5429 3629 2
6179 1755 5
2668 301 6
768 2051 4
4172 1710 2
1023 4584 9
718 6840 9
7131 3312 5
563 798 9
3159 3012 6
1858 4186 5
625 3563 4
2825 7774 5
1030 5423 3
7694 6990 5
6389 5602 9
378 2164 9
2524 5279 3
507 2359 6
1423 2059 9
5847 981 9
3093 7757 7
5129 6381 9
1216 2508 5
3811 5277 9
496 4553 5
431 1057 7
800 2810 7
1017 6039 1
2453 667 9
4624 343 9
3612 5775 10
4724 2234 10
6521 4633 3
4072 7377 8
5750 3423 9
4648 3606 9
3621 6259 2
7419 5095 4
4024 4036 1
4508 532 5
2571 3386 5
6805 5202 9
3538 3712 9
3156 939 9
2972 3929 9
2058 538 9
2305 1534 2
6027 702 9
3725 7278 1
6583 7701 3
4762 4669 2
5200 3177 5
4181 4523 4
5190 3365 5
1046 1854 5
3767 3576 5
3989 495 4
1332 740 9
3544 1803 4
808 323 4
4529 7822 3
5758 6120 5
6010 3160 5
273 3262 5
994 6713 5
6186 7758 10
440 4599 1
6379 4194 6
3582 3609 9
6396 3371 4
3281 3829 8
7350 2539 9
4400 7625 9
1318 3417 9
4328 2236 9
6924 1575 2
7616 3397 10
1052 2974 8
1481 5185 9
5870 5354 4
581 4503 8
3938 5148 6
4333 2924 9
89 6497 9
4599 7810 9
1571 4667 9
7704 6615 7
5181 6453 10
1098 1960 5
2886 4303 9
2887 7318 7
5449 3150 9
4130 1785 5
5799 7806 3
4762 1058 1
4825 1209 6
5382 3235 9
7197 3820 3
3352 3483 10
6754 6010 5
6200 3118 7
1883 3797 5
935 3372 5
3963 7380 9
5413 2295 4
5989 45 5
6550 6561 8
744 1578 9
4529 7411 9
757 4049 9
3225 3846 3
4069 5132 9
4384 4611 4
7770 6153 10
3343 2823 8
3913 1857 9
4945 1695 9
2463 5261 4
5409 110 9
5150 1666 9
4389 2281 9
1053 3766 10
3535 4932 5
6856 7363 9
7026 2196 5
7245 2587 7
12 4914 9
3107 7826 5
5937 2059 7
2266 3290 5
6341 6489 5
3501 5988 5
2347 6234 5
2407 2204 1
718 6812 3
4092 2923 10
738 1166 10
3700 6717 4
5308 2114 1
306 4613 5
5093 3407 3
2945 6059 5
2250 2846 10
4810 7298 9
4759 4715 9
6162 7159 5
2547 3299 9
3212 4397 5
4566 6330 6
3157 2522 5
5753 919 5
99 3236 9
7623 2227 9
7144 7433 3
5794 1924 5
5631 7016 2
557 6965 6
1376 2805 5
6423 5899 9
3600 7096 9
1399 7195 5
4627 3503 9
5796 320 1
3605 1121 6
3593 5519 5
3634 7242 6
7491 7196 3
5182 2764 10
1747 5513 9
204 7308 9
6519 5375 9
235 2240 7
5440 1537 10
7113 6887 9
4113 6562 9
3488 535 5
122 2080 5
3529 7480 5
6965 2666 9
5647 5507 10
3495 247 5
358 886 8
4312 7199 9
7334 3384 9
5341 4266 4
4696 7341 5
571 3182 2
965 848 7
2869 7785 7
4728 2587 5
2025 2579 7
1525 6599 7
5758 5372 5
4280 452 9
1582 3277 5
5079 4454 5
3445 2699 5
6787 1926 7
1682 2895 2
7336 608 5
4449 7489 3
468 257 9
52 7419 9
1512 4477 7
3629 1871 3
4652 7215 10
4163 1165 3
1648 2544 9
2074 1021 5
714 947 9
5717 277 4
4394 7809 9
2082 3138 9
5651 5825 10
5444 7330 1
3811 6639 2
4577 1905 9
6496 1746 9
5338 5890 6
3784 4274 9
390 155 5
6625 4163 5
2986 582 6
3637 3098 4
7270 1199 5
4391 7155 5
3729 4299 9
6192 6746 5
5971 2165 9
1569 7026 5
4772 3382 8
2398 4708 6
6655 4180 5
7287 3580 5
1014 4663 4
4527 4111 5
7226 118 9
3577 7595 9
4140 3077 1
6189 4594 5
5725 4714 10
7046 4919 7
5896 497 4
3820 4416 7
896 740 6
3996 4135 5
950 6680 9
250 605 7
2484 6863 4
247 5335 5
2338 942 9
1083 5620 5
6964 5985 3
5047 2123 10
3382 6029 9
3685 6551 8
871 2224 6
1560 1911 7
2728 7829 9
6829 1111 8
7404 5784 9
6547 851 9
7675 5929 9
372 1883 3
126 2350 6
7313 812 9
1580 7624 9
3853 265 9
1195 4518 5
7308 6884 9
7471 2341 3
7079 7254 1
1639 2837 6
3234 7505 9
7792 6870 4
4884 4448 8
6916 1512 9
5694 2096 8
7040 1231 9
5299 3061 7
3247 6124 3
2126 3182 8
4917 1641 5
896 1316 8
4668 7523 5
4141 728 5
1116 1507 8
1839 199 9
5579 3500 8
1142 1842 9
4784 5259 5
1172 4710 8
2149 541 9
7774 1161 9
1905 3533 9
2543 928 5
5988 8 9
6002 835 9
1005 3337 5
1047 3718 5
5539 4367 9
5895 7274 9
2466 5684 6
3917 2520 4
1067 3024 4
5491 5669 9
2801 5334 5
6639 140 9
1420 1445 9
493 3783 9
1632 5226 3
4775 5656 9
2042 3981 10
3890 5858 5
571 6757 9
403 1535 6
5600 1101 5
6436 954 5
3735 2615 10
6444 851 10
6766 7520 1
1751 2222 5
4277 3194 9
4303 4626 5
2316 6134 10
7408 2823 9
7031 625 7
7523 3245 2
5844 5032 5
6002 6805 5
2509 2158 9
536 3414 5
5286 7670 9
6471 673 4
1916 5507 9
3114 4170 5
5298 3380 1
7702 1816 5
2144 510 5
2570 3389 9
4646 4033 9
2412 7753 6
6075 6224 4
110 3238 9
2672 2056 5
3470 1834 5
5005 6226 5
7399 6469 8
1863 664 5
350 6966 9
5081 4190 3
588 956 6
6589 551 5
7745 5986 2
2052 6303 9
5994 1648 9
5373 6917 5
2530 4199 7
2305 1044 9
617 7107 7
4074 5049 5
769 6440 4
4675 1967 1
4605 5514 4
6801 317 5
4197 2729 9
5078 6751 9
41 6218 4
2091 6531 5
1153 3029 9
212 3369 9
321 5438 5
5379 5198 6
6599 3770 9
2771 1697 9
3749 6181 9
2652 7749 1
4060 7732 3
5080 4301 6
1359 4114 9
2601 1109 7
6679 3086 4
595 5460 5
3016 1693 5
6119 6421 6
7139 5693 5
6089 432 9
1526 2889 5
5941 934 5
7236 7032 5
6114 2023 7
6330 1845 9
774 772 5
4953 3385 5
2289 6928 6
3252 7508 9
1151 3186 5
5650 5198 5
2427 950 9
4590 1448 9
6234 3605 9
5383 1141 5
7630 5597 5
6206 1391 1
3006 1544 5
263 7730 6
2924 2209 9
1845 309 10
3749 2676 1
7634 7069 5
6784 7296 5
6009 1400 5
1367 5172 9
4361 6588 1
6019 6551 2
3241 4953 2
2692 4026 9
6451 4408 1
1748 380 5
4716 6639 5
4720 3936 8
6820 5419 5
2157 6643 9
4594 3100 6
810 2217 7
6167 2378 5
2401 4261 5
1811 2342 7
4421 1543 3
3938 5486 5
3567 4273 2
5024 3691 3
219 663 5
7159 5399 8
4259 4862 5
3064 7315 5
2365 7614 9
3063 1228 3
4023 6801 9
286 1972 6
200 5093 9
7519 626 4
6661 5420 9
5584 4564 7
844 4510 8
6087 3895 6
5279 7374 8
5920 4816 5
4351 1501 9
5544 3526 9
1578 2702 9
4747 577 8
2082 4328 8
4371 3349 9
4880 2871 9
229 3308 5
7140 1256 9
4709 6902 9
4380 6293 9
6576 7580 7
1324 3759 9
4265 467 5
1560 4865 6
4361 6580 9
582 7386 1
4127 3486 9
804 1935 9
2398 1470 9
4305 1649 2
4118 2555 4
1905 3816 9
4404 6104 3
186 5840 2
6091 5466 5
1069 4127 5
7609 7531 7
2740 1363 6
4886 2421 5
7144 480 2
1084 2185 6
3792 6238 5
4827 13 5
1457 4264 9
5267 4906 5
7282 3347 10
987 1629 5
1288 1486 9
5989 759 10
1834 3771 3
452 4400 9
5390 4355 5
7255 3054 9
7341 2552 5
3809 5243 4
7127 2367 9
4521 7498 5
2994 721 9
177 3558 9
1763 3962 5
6981 829 5
6940 4679 9
214 5914 9
2511 3993 5
5692 5730 2
669 780 5
103 2540 1
2747 5766 5
7722 2847 5
5226 5045 9
1074 4954 5
812 878 5
7764 3489 5
1956 7538 5
3915 3858 4
1566 2419 5
4171 2427 9
5195 6545 5
2036 4763 6
4607 3016 2
6914 4200 5
5469 1398 6
4705 3900 9
1877 3400 9
347 4031 4
1053 4979 3
6425 2779 7
137 304 5
997 6121 2
7229 332 7
277 958 2
5665 4782 1
3592 138 5
6347 621 9
1793 6177 2
2349 3995 5
7010 831 8
2248 1744 7
367 2015 9
1585 2796 5
2646 3355 5
5820 4292 10
2507 1304 5
3252 3094 2
2788 4820 9
5998 2926 1
7349 3885 5
2163 4780 5
755 5650 5
2108 6345 4
893 3408 3
7325 4801 4
2196 5517 3
6558 7277 9
5433 5225 5
835 4525 1
6646 3792 9
5391 4142 9
2036 3140 9
2888 3211 9
2609 937 5
3346 6955 5
5585 6891 1
1909 4567 9
3010 2714 4
4535 5716 5
30 3306 5
5000 3047 9
2235 1500 9
5779 3979 3
1204 1747 5
5823 4938 9
2855 7179 9
5575 2906 9
3151 1483 9
5093 5439 10
7014 1441 5
16 7071 9
542 5655 5
6636 2521 5
6426 123 7
3573 5430 9
4075 2287 9
2106 3203 9
1633 5027 10
7553 3631 5
2827 6094 5
5665 5244 5
4292 4048 4
6430 3777 5
2444 4974 3
4436 3992 9
7332 3452 4
7594 836 8
5469 3667 8
6605 4199 5
2041 5194 9
6806 3260 6
5067 2564 5
3385 2938 5
809 4112 1
1020 1519 5
3805 560 10
6471 6901 9
3939 5774 10
248 3917 9
4484 7196 9
7109 3779 5
6329 3246 1
6261 4897 5
7564 5245 2
1255 720 3
6595 2870 4
76 4513 5
2129 4996 9
6501 2956 1
2985 5688 9
155 512 9
5945 4097 3
2333 1659 6
1741 4067 9
3060 6213 10
6627 1100 10
3033 2855 5
6516 4088 5
3169 5757 3
2560 1909 2
2456 821 2
6246 3168 8
3949 7490 5
2304 396 9
5366 97 9
6950 6265 3
7394 3538 9
4602 6757 8
5092 7275 9
7391 984 1
1688 3808 9
224 4685 10
31 2094 7
449 5578 5
1748 4561 5
3134 2200 6
7599 6893 7
6533 5585 9
3715 1371 5
6294 584 9
5133 6696 2
1876 6695 2
6491 3037 9
6120 3287 3
419 5992 10
7686 6511 9
4663 2916 9
1955 4651 9
34 6729 10
6137 1754 5
351 5310 5
4302 2235 5
7329 7205 9
5924 2663 2
5135 2628 5
4131 4530 7
4650 1090 5
2723 1789 5
4369 324 7
3900 4124 9
6141 3055 7
2415 3114 9
5803 1381 5
2844 2646 5
3199 5598 8
1828 1607 10
6785 991 9
6980 6174 7
1223 2687 9
4389 2298 2
4247 3052 4
5010 1805 9
7685 7742 5
6264 5482 5
4171 1769 10
562 2007 8
2327 4043 7
3564 6143 9
7700 5541 9
2545 3866 9
4126 5597 10
3671 3 3
2945 4165 5
5627 3143 3
5185 6632 5
2754 1915 9
40 2749 3
4411 2112 9
495 4278 3
4738 1044 9
1363 2055 2
2371 5511 9
5876 7111 10
6999 3729 9
5563 6776 9
7681 3695 3
5835 280 4
5919 4577 5
1570 7209 1
6070 266 3
933 7636 1
4113 6167 9
3888 4068 5
5230 862 1
5313 6007 3
7414 1212 7
6296 5852 7
5724 5372 3
1547 674 1
748 2282 1
6067 5985 8
2014 6498 5
949 4023 5
1949 7143 9
2958 3048 2
4335 2644 5
6399 5090 9
7505 7715 5
6517 6630 1
4156 897 5
4957 268 9
1675 4677 7
474 7136 9
3780 817 8
4507 297 5
3756 5091 9
2706 3853 5
4256 7413 5
5192 4834 3
1772 2518 10
4305 1744 9
6900 1005 9
1636 4485 9
2178 6082 5
5153 1826 3
6321 2033 6
3546 5382 5
3554 3055 1
1055 4963 5
1017 784 5
5326 3758 9
665 6736 5
4562 4998 5
5815 5763 4
2450 5712 2
3293 5691 6
3148 1396 5
7167 6080 7
6181 6156 3
6511 14 9
3556 1018 5
5585 7361 9
5827 4641 5
6824 5000 5
6439 6038 9
5415 1402 5
7508 3849 9
1805 5371 9
3149 5806 5
6853 6824 5
3307 6131 9
4070 3785 1
4367 2369 5
7403 493 8
6980 2133 9
2826 5521 9
845 5774 2
2762 4777 9
926 4313 10
3312 2996 9
5168 63 5
4639 7010 9
2644 6706 5
1089 4482 3
1700 6575 5
3788 7755 9
451 6761 5
1268 2700 5
5935 1679 4
2107 801 8
2075 1005 9
5070 2460 9
379 7720 1
1753 2242 9
2929 1119 5
4861 4696 10
4232 1391 9
2581 675 5
3509 6490 1
5640 5036 1
6224 3608 9
4626 2266 9
4325 2494 5
3609 4075 4
845 6237 10
4064 5335 7
651 3777 9
6845 1606 9
1689 356 9
1242 2490 7
2086 248 9
4728 7617 4
1978 2258 5
873 5114 4
3667 2229 5
2657 2688 8
2196 179 5
3240 2328 9
748 3884 10
1937 5261 7
3993 2113 4
1777 5756 5
7203 5071 9
6634 1548 9
6282 2850 5
608 2387 9
6679 1723 5
3783 6051 5
7528 2495 4
5649 2535 3
4598 4179 5
3289 1623 8
3057 447 6
1677 6861 9
3580 6402 5
6379 3218 5
6699 7214 10
3139 673 9
7116 2676 9
7386 5462 9
986 5791 1
1661 545 9
1749 4185 5
4855 3149 7
7499 5126 5
6173 528 5
2894 1059 7
3799 554 2
2481 532 8
4651 3086 10
6572 1649 3
6876 4735 7
7678 4941 6
6223 343 2
4922 6947 9
611 2980 5
153 3881 7
4822 1368 5
4396 2626 5
2665 1742 5
6745 162 5
7569 1292 9
3311 4906 2
4540 2931 1
1693 6394 9
5143 2719 9
5356 3352 5
6671 7099 9
4723 1925 9
6740 4110 9
3426 626 2
6531 7375 9
3910 6918 9
7103 3960 9
7280 4865 2
1845 5378 3
6789 2068 5
5506 7700 5
177 1832 7
6923 7230 5
2525 1798 8
1262 2170 5
5299 2791 9
5021 1772 4
6681 2440 5
4165 7589 9
197 6975 7
3655 2829 5
7072 1993 9
2697 4823 10
2201 7002 9
7159 2954 5
928 6144 1
592 2262 5
3609 7382 5
5132 5266 5
3363 3035 4
5126 5307 9
6093 6820 9
2870 6767 5
3498 697 8
2811 704 9
5546 3007 9
4487 7256 5
4212 5413 9
4397 6219 5
1616 5668 1
3851 5141 7
5399 5757 1
4267 2736 9
5037 5305 9
6327 6780 6
1797 4717 9
1974 6906 6
1295 5401 5
7004 7719 6
7639 6787 4
7519 4852 9
3425 4203 1
4154 5591 8
6482 402 5
2324 4560 5
5225 6568 5
2746 6740 5
2592 7540 10
891 3990 9
1575 5944 3
345 1277 9
601 785 5
7669 5838 9
3102 1498 3
2599 5965 9
2687 7324 2
6420 6386 10
5952 5383 5
798 365 5
3248 6982 10
6859 1508 1
1198 206 1
6014 4414 9
1532 152 6
1357 2401 1
5743 6836 10
3274 2165 5
5485 1012 5
156 5683 3
1418 5945 10
6471 6832 9
216 122 1
3023 4873 4
3127 3996 9
2786 666 9
3181 2782 10
4022 407 2
7500 7253 1
5761 6902 9
7117 401 5
4932 22 9
4452 2074 5
308 855 3
3978 5095 9
390 2983 10
3799 6006 3
7716 7600 5
4417 6796 2
6117 4679 9
7249 5210 10
2253 4482 3
7089 4910 9
6707 1941 9
4551 5923 5
5699 7733 5
1690 1370 5
2334 3037 9
2989 5868 9
1057 2844 9
2084 6268 10
3105 3032 5
1722 7668 2
4432 4352 5
2033 4414 1
744 4913 5
4808 4490 1
3079 1257 9
7022 7587 9
6054 449 3
3186 636 6
3530 5760 8
1868 5880 5
4228 3882 2
881 1565 1
3392 316 5
7382 3010 9
4364 3588 5
2032 1724 9
3742 7169 5
7135 3447 5
6522 1870 2
430 1271 3
6123 3468 6
473 5114 5
1094 7404 5
3863 6614 7
3335 1507 3
2492 6944 5
5806 1126 9
7156 2650 6
6050 4742 5
2278 6150 8
4561 7750 7
2484 1092 5
1696 6747 9
2162 3789 8
7145 6096 5
6917 1205 5
6699 3196 7
5339 4918 4
6901 3298 9
5565 5925 5
6335 3579 4
784 851 9
2807 7416 9
5098 6693 9
6291 6468 3
716 1238 3
2960 3655 9
1135 4033 8
1364 4029 5
3865 173 5
1728 7593 5
4938 5498 9
6645 3563 9
1923 4032 8
3313 5095 4
3892 5793 10
5538 1222 5
1224 3149 4
702 7224 5
6426 6660 6
7619 153 5
5149 49 9
1853 25 5
5961 2495 10
6463 6 9
6875 4421 9
7422 2598 5
5571 7157 4
4055 946 9
7651 4722 5
2854 6482 9
6334 5477 5
6157 2407 7
2590 91 7
5655 4611 9
1676 4822 8
6536 4963 5
1334 2062 5
7045 1311 5
599 2534 5
5178 4839 10
6129 599 10
4078 2353 9
2552 4448 4
6562 3125 5
5104 3765 6
519 3472 9
4053 4066 9
1980 7037 1
6393 939 6
5296 6825 9
275 122 9
6640 263 9
4247 611 9
5455 55 10
829 3694 9
3918 2233 2
5577 6980 9
22 6967 3
3725 7374 9
352 1287 2
6381 1571 5
1364 7654 6
533 5643 2
5097 7075 5
2376 599 5
1026 2441 9
3328 6514 4
5213 6060 3
2804 4808 4
2478 1839 5
4837 1994 5
6807 4251 9
4833 6606 3
2096 1798 9
1027 4161 9
4805 6485 5
3277 1350 5
4481 1256 7
6578 1038 5
833 2783 1
7519 386 2
7166 3404 9
7669 5155 5
5085 4090 9
5012 7736 5
1612 5803 9
5245 2835 1
1964 3795 3
6418 5873 10
834 2374 9
4168 2323 5
1477 6616 9
713 1644 5
2064 6783 5
4329 800 7
4119 1712 7
7582 3526 8
4386 1863 5
6547 6949 9
5481 5599 9
1570 7417 2
7431 6935 9
1882 6606 9
7353 5070 6
6811 6773 2
3571 3576 3
462 3350 8
7033 997 10
1385 3804 9
498 3781 4
52 1100 5
2262 1114 5
4645 7645 2
2797 2364 5
4912 1948 3
2171 1601 5
1811 7095 9
1060 5091 6
2135 2671 3
4045 7599 6
6175 5516 5
7180 4709 10
3408 935 4
5782 2515 5
1858 3882 1
4008 5499 9
4563 527 6
893 4607 5
7495 3792 9
5031 7723 9
553 4236 3
1437 6079 10
3412 6574 6
7820 361 8
6873 6520 9
3006 288 7
1834 1628 9
1153 3347 9
91 4555 9
2643 2111 6
3242 92 5
5564 6014 1
6104 249 9
5072 5157 8
5324 2242 2
3840 2625 9
6003 6306 5
7282 3028 2
1652 2502 9
2979 4472 3
3481 3781 5
6575 7017 9
7306 637 5
6979 1542 2
5996 2579 9
3001 1466 5
2579 7229 5
1205 383 5
5805 5152 5
5023 4432 2
7021 4768 10
1422 6659 7
7690 393 9
7565 5199 5
1909 1055 4
4137 62 10
1638 1652 9
2145 6176 5
6966 2948 9
5769 2853 4
1792 2192 9
1680 3726 5
1644 2627 9
3891 5360 10
4339 4610 9
7606 7510 5
3039 3952 10
2919 1467 5
4841 1394 9
3323 2642 3
1325 3855 10
7425 6525 9
5922 1814 9
4105 353 5
7395 6129 9
5258 5274 9
925 2730 10
4423 1351 9
1538 3918 2
4819 3627 5
3053 5422 9
215 3869 8
2491 613 5
1087 6091 10
6057 6819 2
7497 804 1
3148 4783 5
5118 4623 4
2866 617 5
2377 2260 4
1000 6592 6
5954 2749 10
7532 4808 9
7292 5642 5
5010 1761 9
3466 5530 3
4629 1410 9
772 366 4
6851 7545 9
2284 6030 5
3859 5066 9
5338 1337 9
2240 1064 2
2248 6450 5
3363 4863 9
7082 1155 4
6665 1680 2
6707 37 5
5766 1928 9
3616 1403 9
4206 5781 5
1427 4006 5
1462 3163 4
2413 6703 6
7825 4638 4
1073 1906 4
1160 249 10
3653 7189 5
6983 3883 10
7274 1318 9
6718 4392 10
6821 3329 6
6883 5711 5
6518 1352 8
5143 3954 5
5848 4456 5
172 1017 9
5311 4373 9
3451 881 9
7049 247 1
4788 115 1
2872 6890 9
4015 4668 9
2112 1465 6
903 1358 8
6796 7315 7
7003 5725 5
625 7126 2
3352 1954 5
4136 3692 9
4115 2760 8
3285 1822 7
5458 4497 1
4876 5608 10
5220 3519 9
2957 7117 5
7704 1867 5
7322 4411 5
1231 4924 9
1645 4053 5
7106 3233 5
2520 4677 6
4187 5150 4
2347 870 5
3489 1878 5
6266 6601 1
3065 3658 5
674 1463 5
4782 4501 6
4040 6406 5
932 6246 10
3027 493 10
592 6294 1
1533 3685 7
7390 3873 6
2947 630 5
4981 3758 4
293 4548 9
1929 1621 9
7818 815 4
4409 5715 5
1487 893 3
3408 6350 9
5472 6967 8
469 5726 7
3007 5559 9
7067 4836 8
328 822 8
4596 5646 9
464 5048 3
5319 3284 5
6154 6838 9
1497 7507 5
1500 4262 9
4115 792 9
2085 5391 9
7400 7238 9
2783 3806 5
7411 6209 5
2106 80 8
542 3992 1
3793 7386 2
381 4207 9
504 6246 3
5132 1524 7
5498 3206 7
3524 2489 2
2381 881 3
1054 4844 7
6704 7187 5
120 2061 5
7016 4232 6
3404 5859 9
22 968 9
2574 1083 9
5634 7460 8
766 6815 9
4422 2048 2
166 4576 8
5570 7528 8
3964 3534 6
6247 6404 3
6670 812 2
6483 4670 9
4752 147 5
6149 231 9
7735 3657 9
5310 2500 5
527 624 9
1583 563 5
1957 3470 5
3411 4013 9
4550 1325 8
4115 4678 1
5554 4920 7
2351 7435 5
4007 7003 5
4222 975 5
5248 3624 1
6492 381 5
3866 4316 9
6931 7530 9
3262 7526 8
5626 1683 2
3169 852 2
4444 4428 1
4956 285 9
6131 4873 5
5471 3010 10
181 7285 3
6123 2868 7
5740 4455 8
889 2859 9
1722 3551 9
2575 5927 6
383 2788 6
2399 6645 1
3616 3780 1
6062 1341 1
5087 4944 3
4846 5791 9
5144 2978 2
4512 993 3
1252 4577 5
5075 7430 9
1352 6246 5
673 1254 1
3685 6492 9
1532 4917 5
942 803 9
5241 3629 5
27 462 5
2110 4330 9
4711 5189 5
3918 2530 8
6083 5537 9
7385 758 5
49 5262 6
5679 359 4
2893 4990 10
4747 7467 9
4071 7598 10
1911 3028 5
153 869 1
375 5689 5
4591 139 6
238 3243 9
2647 5392 9
4429 2041 8
588 493 9
3736 3620 4
1314 154 7
4578 6066 10
3138 7428 9
5597 7509 9
3854 4068 5
7658 1106 5
725 6668 1
1875 4511 10
1040 1510 9
6756 4736 5
5419 7097 9
409 2854 2
3635 7551 5
6049 5724 3
144 4612 5
1802 810 7
6437 1733 9
406 6842 9
3992 2733 1
1284 3507 9
797 6239 5
4389 72 6
6469 4341 10
4395 1425 9
7814 7302 9
3372 2511 9
6797 704 2
2331 6815 6
7151 7482 3
2689 1743 9
6963 2484 9
2372 1954 5
7490 3367 9
5929 1166 8
6048 2917 3
3194 6704 5
5970 3707 4
6688 1002 5
5911 710 9
2684 6313 2
3791 4456 6
6534 3084 9
882 5311 1
4225 420 9
1364 1826 5
789 2542 9
2847 7192 4
3602 7725 9
627 2167 5
5330 207 5
507 4132 5
5368 4130 5
6035 1612 3
6434 3425 9
233 724 8
3740 4174 9
614 4524 9
1771 5763 5
2313 2000 5
745 281 9
4067 5060 5
7614 6646 9
2659 971 9
6954 397 9
816 7217 10
3707 1183 10
7018 6770 5
3647 2253 9
2379 7090 5
4903 1764 2
5265 1719 3
1370 433 5
4489 3049 9
2616 7668 5
3721 5010 5
826 7088 5
934 818 5
3649 2547 5
4161 4429 4
6874 6449 9
2627 1499 9
4989 4694 4
3719 6889 4
1288 584 6
7292 5596 9
2805 6428 10
2645 4262 4
2353 2299 9
6560 4259 9
4279 5547 9
5678 1444 9
996 5930 5
7529 6330 10
899 6813 4
6977 407 5
4560 2683 5
6776 3848 9
5709 7227 5
4961 1777 9
7577 1357 5
5504 3298 2
5116 3791 10
1710 3706 7
4049 4060 9
2592 4549 5
4668 569 9
1961 2677 2
1206 2058 5
7338 6399 9
5413 6536 5
6103 4153 1
6536 754 3
4820 3223 5
846 6502 5
7645 5638 9
6862 6888 9
2167 3302 7
4102 7747 5
6568 2732 5
4107 3510 5
4128 2728 5
7138 1485 5
1724 4602 9
3818 7380 4
6960 3793 9
6260 113 9
5995 3991 9
5506 7264 3
3791 2257 5
2629 6374 5
7278 981 9
1632 3673 4
7371 1490 5
2926 6439 9
287 4229 5
5388 4385 2
4457 1116 9
7806 2358 1
4082 7094 1
7744 926 5
136 3315 9
3552 7438 2
3324 6827 10
4525 408 9
3864 2151 9
6504 4242 9
2871 571 9
3628 361 5
2097 4105 9
7162 4116 5
1115 7008 1
4355 2032 2
648 4430 7
5527 4792 4
6109 5872 9
663 5075 8
1130 6 10
5857 3626 5
4155 5003 9
5816 7649 9
4831 1965 5
6473 6044 5
6927 7423 9
6509 7559 6
1166 1103 9
5739 7215 5
849 4164 5
623 2911 9
1501 6762 10
5738 601 9
384 6977 5
6122 5752 9
6896 6619 5
1604 578 8
822 3978 9
4731 6405 9
3362 3589 5
5245 758 5
1961 7255 5
4772 6651 9
2057 3284 8
1173 1586 4
5136 7092 2
3313 7259 5
7515 2004 3
2534 7643 9
2172 863 9
1938 2458 5
3934 3693 9
7390 6970 5
989 4416 5
5413 3386 8
2153 3609 9
3530 4826 9
2971 213 2
1901 6637 3
5027 938 6
7280 3651 5
4345 6932 8
7455 1132 6
4641 2096 5
5720 7728 6
6936 3108 5
1143 6655 6
3394 5532 5
5871 6811 5
7687 1049 5
1345 1725 9
7040 7246 1
7282 4858 8
897 5062 5
5998 6216 9
6792 2451 6
4485 3972 5
4153 1888 5
5424 3648 9
7213 5173 3
7360 2880 8
7460 4087 5
5229 3332 1
410 3936 5
1793 7423 5
4470 1810 3
1826 504 5
2417 5573 3
2914 2736 3
5510 5203 6
1718 3717 8
3700 6906 5
7751 4809 9
305 6365 9
7686 5786 10
1673 7384 9
2181 2783 6
168 6788 6
198 1169 9
2108 6136 6
6205 1605 5
2162 6617 5
1271 2664 3
3626 4821 9
3421 6364 5
3513 7558 9
718 3114 10
1632 3105 5
6493 3987 3
6592 3093 9
7200 4900 9
904 3249 5
2852 1407 5
3027 426 10
4175 6922 5
6072 7789 5
2737 3207 9
4647 2486 9
464 893 6
511 4784 9
1211 7730 9
5874 5586 5
6590 5311 7
5768 5282 5
4303 2830 4
4850 7573 6
1893 3237 4
7791 2261 9
835 5262 9
6964 4708 9
4963 6495 6
5730 4144 9
3510 7521 9
915 451 9
2654 7423 9
7162 2400 7
6119 1601 9
2348 4160 7
7667 3805 4
4416 3570 4
5274 45 5
1625 2310 1
5285 1417 9
2331 3696 9
602 35 8
2501 3837 9
5456 170 5
2858 1525 5
631 7741 10
2571 4286 5
84 7137 3
2192 4095 5
4542 2158 4
6876 7335 9
6595 6794 4
5774 1383 5
4913 4905 6
104 3133 2
7809 7077 5
3529 6837 3
6094 3052 5
4210 5615 5
953 2725 9
1880 2321 5
841 7648 5
1572 7693 5
3369 5520 10
5555 7211 9
5392 31 5
1299 738 9
3135 5125 6
7165 5314 5
1631 949 9
4911 7245 7
4458 1701 9
3236 1422 8
1431 2007 9
3920 994 5
2948 913 5
4263 3123 5
2085 7810 2
459 6076 9
4966 789 9
1723 5576 5
2432 6991 5
6452 2836 1
1908 6181 10
1922 2063 5
235 7432 5
7507 1255 9
6798 3451 9
5463 5554 9
6311 284 5
4138 5455 5
6209 278 5
365 3745 6
4859 7419 9
1621 2795 9
1394 4450 9
2597 6665 9
2458 5249 9
5351 7189 4
4186 1022 5
4456 1504 9
6370 6411 5
397 4751 9
4043 1372 9
4226 5939 5
6545 4334 5
2239 3573 9
5653 1434 4
4221 6954 9
2887 2292 9
2532 3830 9
714 95 1
1161 3060 9
3855 1545 10
4814 765 3
3907 2774 9
4520 4558 6
6145 2826 9
4156 2842 6
777 213 5
5544 4054 9
7433 2355 5
1251 3420 2
7682 2385 9
5414 3997 9
1390 6327 4
4540 291 5
6770 1123 9
517 2869 3
7648 7191 4
569 3680 2
971 6294 5
7274 2681 9
5347 7243 9
2273 5588 9
2705 4819 9
1441 7250 3
2184 3923 9
6750 2747 9
7286 6194 6
6184 996 2
1589 5234 9
5738 5721 9
6405 6765 9
1167 5265 7
5315 5140 5
4114 3058 5
2772 6651 5
5580 6060 9
1748 2171 9
3600 4713 4
1796 4898 5
2392 3044 9
569 6472 2
1851 2447 5
5627 4371 5
3873 2985 5
2159 2815 9
7492 6255 9
4405 2215 9
7109 5059 3
5652 4300 9
4076 5699 5
6308 6129 7
6998 7417 4
2850 4811 9
7635 2402 5
3047 3796 1
2662 1464 5
3288 3349 7
7441 5291 9
6867 164 9
1849 1254 9
1198 5463 5
1959 3598 2
2442 6099 9
5757 131 8
5674 7308 10
2924 738 2
1704 5124 9
129 3360 9
7360 2952 1
7314 3761 4
4201 2872 4
50 5846 9
6652 1647 1
850 5258 9
6364 2874 9
239 3654 9
2332 3811 9
5385 779 10
188 4539 5
1681 1558 4
3766 2757 5
3056 2103 1
6858 5162 5
2314 2782 1
1632 2445 1
4011 5604 9
38 4983 9
383 4016 3
4541 3427 5
3398 5076 7
4223 2048 9
3859 1065 2
2954 6006 9
382 5568 3
5017 1542 9
5581 6831 9
947 6670 7
3469 2163 5
5454 488 9
4287 3679 9
6412 121 5
278 5682 9
3520 7394 5
3654 364 9
4500 4050 4
1466 795 5
3482 712 6
1504 6227 9
7106 2068 8
1558 3629 7
2757 1458 3
4238 2374 4
3932 7335 9
4433 207 4
1834 2207 5
2250 4167 5
361 2690 5
4064 5122 9
6290 5652 9
6481 141 5
844 6342 5
2073 5029 7
7447 1173 10
7568 6139 5
2287 6772 9
5328 1374 4
6230 904 9
5008 2183 9
6252 3252 7
3210 6773 5
1097 5750 5
6981 3244 3
5176 1678 9
7616 3377 9
2099 2009 2
3099 1000 6
1256 900 5
4655 249 6
4304 5489 5
4870 3532 8
6142 3932 5
2245 5595 7
6034 5186 5
7271 693 10
1590 2959 5
4300 5802 7
1225 5517 9
180 804 9
5824 1398 5
1272 1195 5
6077 4192 5
5822 5577 9
2646 6643 9
5706 1071 5
3061 1390 5
5288 4841 5
5718 7584 9
4418 3580 9
6546 5597 6
7212 809 7
5561 5560 5
630 2069 3
4065 7272 5
4994 6875 8
7676 7095 5
4589 3498 4
5817 5246 10
6929 6067 6
140 4107 5
7830 5756 5
874 7516 10
2523 4302 9
4778 5893 6
2224 7797 5
3995 127 9
1441 6808 9
2549 3759 10
2607 1938 5
1775 691 9
5689 1143 9
2675 6826 6
6689 3169 6
7189 4283 9
4497 1354 9
1530 4365 5
5466 104 9
604 1931 9
644 557 4
3430 4982 5
1383 1929 8
1563 1024 9
4163 4909 9
1029 4179 3
3284 4043 9
2993 1792 7
5095 6884 1
1149 2475 9
382 4633 2
3288 1102 5
6759 2264 8
5869 7261 2
5357 3395 3
2355 5423 5
6556 1688 9
2344 932 1
5654 2169 9
6189 2354 10
5674 7439 2
7828 3765 9
1327 5606 4
6434 3028 2
4745 3744 5
3729 372 1
1614 6751 10
858 3545 3
6734 4052 5
5356 6245 3
812 6865 5
2718 6857 9
809 4147 9
2397 2426 5
1069 2780 5
4367 6236 4
4483 12 9
6834 2307 10
4350 2527 1
5783 2478 9
569 1484 5
1650 6143 5
587 6678 9
6465 6556 5
1325 5675 5
4260 5092 5
579 6681 9
104 7347 9
2217 476 7
270 7273 6
2101 3513 5
3050 5079 4
6835 7037 9
1557 1540 9
1340 1358 5
3664 6692 3
2519 5561 5
3156 2435 4
3306 4436 9
207 3281 5
3224 2654 5
6520 7765 9
2699 3862 7
2353 5676 7
963 2332 9
7437 4887 1
594 5019 9
372 3912 9
2377 1111 9
2110 4313 7
893 759 1
4690 1179 9
5131 1718 9
736 6190 6
897 6134 10
3847 167 5
7512 3275 8
3011 7120 10
6322 4280 4
7742 5018 10
5477 7343 9
6734 4842 5
7768 5539 9
3648 640 9
2752 1803 9
2318 1222 7
6941 1818 9
504 6218 9
895 1929 5
4965 3518 2
3271 4388 4
6859 7744 5
4831 3890 9
2638 6325 10
1059 235 5
1633 6532 9
2800 1339 9
3313 6830 2
3093 2516 7
1985 7736 3
7265 7507 10
3056 6173 9
4643 311 9
3518 5479 8
6296 2404 5
3748 4501 5
5523 6724 9
5292 4822 4
2679 6760 9
6160 5963 8
4691 2577 1
966 342 3
5355 2265 9
6930 2746 5
2702 2603 4
1395 3524 5
706 1817 9
5870 3961 8
5829 4399 9
4475 6256 4
4137 2853 6
5064 2406 9
2661 1570 9
2795 6645 9
2034 4043 9
6075 545 2
2451 1004 5
1137 5809 8
2341 3744 4
2271 592 9
3748 2037 5
6027 3528 5
1963 5390 5
5155 7123 5
3736 1102 7
4186 7710 1
3598 4697 5
6613 1737 9
1164 5104 4
4660 5027 5
5246 1919 5
3734 6648 10
264 6004 5
4780 1154 1
7679 3729 1
5453 1040 9
5662 6555 1
5840 3989 9
4086 6137 5
1867 4835 5
3449 1625 10
3935 3074 3
7463 2164 6
6410 3498 3
3839 4629 9
735 7758 8
1990 1850 5
2141 5786 5
2443 1784 9
4365 314 10
4872 7563 8
5282 6156 5
2529 6677 5
682 4305 5
7297 4763 9
3052 269 9
3348 2350 5
5596 4156 9
956 6795 5
2657 4619 10
3541 1551 3
5870 7267 7
3705 301 9
7195 2574 4
2764 5808 5
3212 1547 2
3588 3953 5
7392 7803 5
3694 6152 9
7252 745 9
5093 3768 9
4064 6846 10
1850 7338 4
7523 7569 9
1931 7086 5
1014 2656 10
2000 2830 5
5916 1888 5
5889 1553 7
3354 2095 5
3686 4908 3
6458 4846 5
6260 6502 6
5502 7759 4
2087 4808 3
7437 7381 5
6700 1497 5
5044 5424 9
4304 6128 9
4552 7710 7
6655 5866 7
1664 3540 7
6536 2434 9
5121 5922 9
1584 1939 5
708 4405 9
268 5936 5
