1427 7087
1016 517 5
1275 1005 8
729 1342 6
876 694 1
1243 207 5
773 1232 6
526 640 1
690 1377 9
148 134 9
1264 927 4
538 933 3
105 542 8
222 991 3
286 1118 9
449 1128 3
819 908 1
50 1032 7
454 829 10
245 503 4
1159 1225 2
1185 260 2
183 696 8
469 1327 4
711 292 7
1169 951 10
74 126 2
76 1089 8
557 1073 8
188 485 10
657 1253 3
232 632 10
503 115 2
304 448 7
208 62 8
1310 1342 6
604 1267 8
86 376 6
1321 220 3
276 235 1
267 64 5
50 109 10
1118 1389 10
285 850 5
551 112 8
677 644 9
915 300 2
1321 692 5
263 747 1
169 113 1
1366 846 7
322 833 7
989 1015 3
698 1036 3
1412 820 3
54 1398 8
999 385 2
84 1013 4
403 1139 3
856 143 10
1353 259 3
1044 993 10
752 235 8
1088 885 3
117 1042 7
1190 1057 1
40 1297 10
238 607 2
73 587 8
1127 1366 1
689 1065 1
1022 1153 10
1266 198 5
378 189 7
1290 482 4
1236 1313 8
893 940 10
898 1400 6
827 815 10
3 116 2
569 661 4
666 484 3
430 685 6
1302 1200 1
803 816 8
1350 1226 9
1177 483 1
116 1218 9
645 1124 5
1331 200 3
457 716 7
735 148 4
967 446 3
875 246 5
926 1147 1
1366 1132 8
1003 1138 2
1088 707 8
1142 114 2
1184 1010 7
810 1261 9
934 312 9
1009 964 2
1243 58 9
775 487 6
947 666 9
955 837 9
841 1105 8
327 825 10
1005 361 3
290 966 1
725 1353 7
843 40 5
504 395 3
270 1216 10
1120 1136 10
829 620 3
760 1086 7
686 1169 2
52 60 1
971 890 7
1366 896 7
1265 273 9
461 806 6
387 637 8
1017 73 1
237 1242 7
1181 925 6
334 1240 4
399 1004 9
477 82 3
288 409 4
1057 3 3
540 430 3
974 1221 8
1336 192 10
309 806 2
767 1204 9
117 1215 9
543 1118 6
348 1234 1
91 1346 10
1010 1063 4
1343 1237 5
782 1001 1
1218 1027 9
855 525 10
703 393 6
30 259 6
939 864 5
459 1304 3
880 572 2
1368 611 9
570 967 1
1241 112 3
240 1371 8
746 1228 1
1425 208 7
765 1059 10
643 184 3
1163 840 2
1083 1300 6
361 388 2
659 467 9
389 669 10
1350 249 8
1118 290 7
34 809 4
605 914 1
686 123 7
454 677 3
18 561 7
79 1280 1
534 414 8
1274 192 3
327 80 8
953 577 3
1211 1065 2
1374 1141 8
941 540 8
385 1407 3
439 46 5
1078 548 2
650 628 8
246 1264 8
841 270 5
1058 752 7
671 745 5
707 147 9
1192 956 1
636 1269 10
639 749 5
1213 597 4
1418 1357 10
621 6 2
951 901 9
1018 1356 1
1251 318 6
465 604 2
1195 949 10
1320 959 3
551 824 8
898 1371 8
438 324 8
1224 531 6
1265 1332 7
992 1374 3
990 544 2
225 42 9
1233 475 6
561 944 4
463 729 3
562 481 6
725 98 5
1268 681 9
329 1145 2
708 1000 9
518 899 9
700 718 2
1396 66 10
1129 292 6
581 902 10
522 409 1
119 687 3
574 110 8
1226 47 4
1118 400 10
401 527 6
1344 350 1
703 799 1
1150 99 2
855 799 7
1006 1181 5
1314 1175 3
18 180 8
226 1259 2
259 1377 10
249 273 5
1332 927 2
1035 1216 6
832 300 6
41 355 6
1116 318 10
1280 783 8
145 510 10
245 979 9
839 613 6
946 1304 3
801 916 7
1282 1226 6
958 434 10
1216 875 2
179 75 1
999 748 6
49 824 9
220 303 9
1079 1065 9
1167 1254 4
101 750 7
435 934 2
1322 718 4
1293 1084 6
827 677 9
796 806 7
1028 1054 9
271 1221 3
857 1074 1
1054 787 3
356 297 3
1271 1034 1
1079 1365 2
1087 198 10
1141 814 8
1156 783 5
178 1273 5
411 1186 9
883 1046 1
266 893 2
1222 1165 6
217 670 4
305 1393 7
944 1150 2
540 1408 4
617 1368 3
1043 121 2
153 13 4
1157 1271 1
769 456 7
80 281 8
1135 1130 8
896 1087 8
103 1387 8
1285 378 9
495 906 7
498 1425 10
1348 730 6
1137 142 5
607 1347 10
654 326 7
49 1122 5
1004 569 3
1079 1003 2
665 29 9
215 1067 5
831 1148 10
305 895 1
379 1163 2
24 850 9
870 5 6
309 1157 5
1125 794 8
225 245 10
234 161 4
1146 1012 2
1257 11 10
452 200 6
1074 1201 7
694 117 1
1388 78 5
403 659 3
54 1131 1
273 796 4
858 1182 5
883 527 9
539 6 3
830 468 5
295 1383 4
271 844 3
49 1328 10
534 318 6
593 1326 9
107 323 10
826 1092 5
747 918 6
991 427 9
927 1103 6
145 45 6
1375 202 5
1059 1018 3
281 253 7
903 1054 4
1187 569 3
1190 322 8
1036 230 4
1338 420 5
212 166 4
24 276 7
733 726 7
887 1200 2
800 940 10
581 951 5
1157 237 1
1061 303 10
833 679 3
252 833 3
1003 1040 5
688 513 5
485 594 2
1350 805 6
566 437 1
844 565 2
194 261 7
321 109 4
392 580 7
493 771 4
1389 274 3
689 243 10
222 1241 7
62 1360 7
1286 861 1
1160 1181 3
218 1364 9
806 634 1
950 797 7
1042 704 9
506 1203 2
629 760 6
686 581 3
1295 842 5
737 890 1
874 225 8
1158 591 5
369 1140 6
1302 254 9
246 1029 7
769 1026 2
819 1370 1
29 195 3
758 434 3
697 1014 10
972 602 3
192 421 1
1287 468 4
393 644 9
101 197 2
1304 1244 6
793 669 7
1256 262 7
182 1085 7
415 530 3
413 173 6
843 618 10
62 175 8
1105 522 2
344 1420 6
642 291 2
944 498 4
467 447 6
523 392 1
114 318 1
959 823 6
545 1329 9
1198 350 8
1197 1050 5
887 1224 4
671 77 6
862 437 5
207 575 6
594 1375 7
288 855 1
1124 64 9
75 918 7
1185 972 7
278 1121 4
981 1381 7
842 736 6
1225 1083 6
464 819 4
70 106 6
177 21 3
653 998 6
793 1158 6
446 943 1
651 235 6
821 428 3
1325 1409 3
1157 979 3
78 1361 5
22 662 6
766 551 1
559 591 9
671 432 7
1116 1320 6
191 700 6
390 794 1
475 1419 6
1280 423 7
939 142 6
221 1195 6
719 612 4
1338 449 1
1347 669 6
955 752 1
1022 1128 10
1395 1136 7
299 1218 4
42 807 8
777 1030 3
589 881 1
959 739 8
232 1199 8
1404 376 6
71 914 8
1382 710 10
903 546 8
1313 689 6
84 758 9
674 1388 10
873 12 9
1013 533 1
1097 1344 8
328 8 8
1207 224 9
757 122 2
712 332 5
358 565 9
161 1069 8
749 253 6
431 98 6
788 1096 10
28 1344 1
22 668 9
1353 589 3
1258 41 4
1234 188 9
692 1115 10
297 842 4
187 599 1
1254 249 7
744 766 1
1281 645 7
647 842 7
687 1062 6
1414 673 4
493 693 5
355 422 5
98 675 2
1117 1185 5
967 773 5
920 207 10
1288 235 8
924 730 10
316 1265 8
1193 1336 2
272 630 1
267 556 10
949 791 5
375 3 6
786 1033 4
976 46 6
36 513 10
326 730 1
513 1425 5
661 993 2
285 37 7
950 493 4
1356 462 7
809 868 9
203 1245 6
497 164 3
448 333 1
88 1045 10
952 870 5
534 970 6
1150 480 6
775 963 8
741 1207 4
675 178 10
1053 79 3
1268 1216 3
1341 488 9
988 555 2
682 924 5
111 1316 9
1343 400 10
452 367 2
1279 902 2
323 848 8
614 1273 5
732 624 8
213 1352 4
154 200 2
684 358 10
899 795 4
1042 1174 10
362 1122 3
107 706 10
329 843 8
1099 286 6
1329 1410 5
921 368 4
905 658 2
1000 11 7
1219 442 4
491 368 3
247 208 3
296 1302 8
591 135 10
1308 260 4
600 234 4
421 659 7
700 1112 1
1423 377 10
937 1363 4
349 1232 1
203 1222 4
1052 19 5
519 1404 5
554 1157 8
784 931 8
492 908 2
1227 420 8
1033 1092 10
322 229 3
359 389 2
802 1027 3
885 1286 4
1326 1427 2
897 1331 8
316 285 4
1409 1131 9
579 1383 8
1203 414 7
9 152 7
1101 807 6
71 1044 7
1144 716 6
394 964 8
93 811 2
40 1008 1
757 1386 1
411 606 3
1130 20 2
607 1423 1
1054 1187 5
1207 1267 10
1061 488 6
204 328 2
674 811 4
186 830 6
1405 1205 3
1387 794 8
891 379 1
748 412 5
280 1082 6
857 677 10
1256 936 8
1165 608 8
859 1365 6
611 1168 7
389 1381 5
1062 507 1
1053 495 1
201 80 10
445 498 3
633 717 8
1112 588 2
864 43 1
185 215 8
278 416 2
58 762 7
845 1239 9
7 373 10
1315 418 9
452 229 6
37 927 2
576 518 10
841 491 2
103 1110 1
473 111 8
379 916 4
527 266 3
57 269 2
259 54 10
1120 665 7
1175 1292 8
958 1248 7
858 387 3
73 849 7
831 1179 3
1092 869 1
533 147 9
1014 585 2
1197 49 3
297 975 4
1367 1137 5
424 666 10
1386 843 5
394 703 10
517 758 2
409 803 3
251 1415 8
992 1250 7
623 1399 9
985 618 7
119 582 9
40 658 1
1032 1271 9
695 961 9
877 1146 7
7 814 7
643 290 3
427 1190 3
829 1281 7
210 318 8
834 1272 8
380 31 2
513 1133 6
839 19 3
318 1018 4
1232 706 1
147 535 5
1255 214 7
492 1032 1
255 202 4
247 589 8
896 909 4
753 1171 1
669 604 6
1132 1051 2
1328 249 1
61 953 6
580 699 5
161 1373 4
1159 1288 9
305 746 5
48 852 5
968 1248 5
1243 1168 7
1072 545 4
200 703 10
250 435 4
713 161 8
287 134 7
678 1314 7
1060 774 10
565 1137 6
564 1222 1
246 1146 9
1135 201 1
287 1212 9
1110 1099 4
628 1291 5
238 1219 5
309 640 9
889 39 8
50 682 6
1139 1201 2
59 810 3
127 1048 1
1126 489 3
1 288 8
464 490 6
203 1247 10
727 315 4
487 1240 5
145 18 7
1112 313 4
1245 1133 6
748 244 1
1039 984 5
864 370 9
941 763 2
871 1060 4
1211 914 2
1118 92 4
150 465 10
867 696 4
706 860 6
522 519 7
343 737 2
1408 1335 9
773 336 8
571 948 1
123 67 6
917 761 6
1148 718 9
161 838 10
404 960 10
296 91 2
1245 1109 9
528 203 4
558 1233 7
578 950 4
212 352 1
295 1383 9
940 491 6
994 452 8
733 813 6
846 823 8
319 1017 4
1089 599 6
948 602 9
1093 173 9
917 1200 6
923 16 3
348 463 6
193 714 4
674 526 9
982 602 2
1211 1230 2
894 641 4
727 1311 9
773 212 3
367 1056 10
1007 722 7
527 52 5
1395 1048 9
993 742 8
656 334 4
879 965 1
770 809 7
861 859 9
975 146 5
1048 715 1
418 365 2
1173 397 1
160 1424 7
1080 1182 8
1329 667 2
1164 1006 1
1297 1294 5
434 1230 5
645 808 6
1285 445 8
139 988 4
1417 981 2
588 272 10
1408 573 2
71 795 8
877 455 10
1124 766 1
1332 1217 5
1062 1338 4
814 652 6
1155 920 8
508 769 1
1352 307 7
556 680 2
232 418 9
1022 383 8
745 672 10
578 1125 4
771 1243 1
854 876 2
506 1406 5
156 661 5
815 1184 8
1150 663 3
875 526 7
779 641 1
1281 238 4
1053 1332 9
340 1130 1
21 296 10
1099 533 3
361 112 4
1170 716 1
689 552 2
1338 1117 7
1363 114 4
88 772 5
33 883 5
941 411 3
1162 77 6
1406 949 9
99 308 6
253 999 4
1411 79 3
1306 1384 9
910 387 1
747 1145 5
272 816 5
170 43 8
1404 1225 6
615 80 6
1405 73 6
246 293 2
1298 949 1
897 1304 5
527 1315 8
1198 315 2
1318 69 5
90 707 1
407 990 2
783 430 8
1112 890 5
859 1270 7
696 1177 10
1427 92 9
1349 848 9
1114 1172 6
858 1254 1
412 921 10
1417 858 1
1238 465 6
693 337 10
858 941 4
490 940 8
1421 1176 7
737 783 8
1410 1189 5
1388 805 9
207 574 8
172 185 5
158 1031 10
928 92 8
30 801 8
1309 1158 1
946 1311 4
522 28 3
617 574 4
263 1233 5
186 701 10
52 304 9
550 507 9
1169 482 7
1080 1306 2
217 348 8
422 190 1
50 1009 7
117 893 9
689 914 10
1383 896 7
145 119 4
350 1238 10
1087 568 8
498 1325 4
334 685 10
497 868 10
716 192 4
1266 529 5
1195 436 2
552 992 9
1421 940 10
944 676 6
859 178 6
1221 865 8
1232 1109 8
163 30 7
410 1353 7
1357 272 6
626 789 10
295 842 8
1402 957 9
915 358 2
916 35 9
359 864 7
305 777 2
626 944 2
1411 607 3
736 221 9
1380 132 1
805 1194 9
43 908 6
1088 1305 7
843 203 8
1235 622 1
131 202 7
171 553 6
250 818 10
681 987 5
1145 1117 10
1127 458 1
706 481 1
704 192 7
664 1175 2
1036 637 7
1315 377 8
1117 1062 3
1269 153 2
1145 856 5
444 1201 5
1294 1093 3
114 1098 10
1123 120 3
309 23 5
585 956 2
731 711 1
695 1404 5
662 383 5
482 110 1
1209 533 4
754 176 6
582 107 3
436 1266 1
1280 394 9
352 896 9
265 1371 6
724 786 6
1076 281 3
39 1283 10
403 965 1
1177 865 3
81 1298 2
648 1066 2
140 89 6
999 1418 9
658 887 6
32 652 7
520 639 9
567 566 8
323 404 4
375 1288 9
897 1264 7
241 1223 8
1242 1362 4
1426 1258 4
176 1051 1
478 1146 10
816 80 9
1226 1217 4
1311 657 2
1244 369 3
651 743 9
1414 1246 1
12 54 4
848 643 1
202 1039 4
763 671 4
293 364 2
258 409 1
490 927 10
556 294 2
391 705 3
996 87 8
923 574 4
736 610 8
1004 534 9
764 710 4
394 793 4
875 964 7
1021 238 9
1008 1123 3
693 178 5
336 203 7
846 975 6
728 977 1
1146 160 10
1298 1261 9
559 258 9
398 82 2
1209 758 10
820 890 7
1061 1239 8
1078 1222 5
173 1028 10
1391 916 5
1299 959 9
713 1069 7
511 303 7
752 673 3
609 740 3
313 523 3
1148 1282 4
913 128 8
1322 837 1
1322 1380 4
223 89 8
114 859 5
52 1385 1
1296 393 6
557 450 10
1380 926 3
1257 111 10
708 535 5
142 1221 5
485 761 3
107 602 10
432 1001 5
351 1209 1
69 46 7
681 26 7
910 1174 4
78 988 3
389 752 8
710 970 10
113 1415 3
791 1095 7
1194 1258 2
109 1400 10
1028 794 2
1208 909 8
1157 1395 7
40 39 9
1410 162 1
39 1060 2
368 884 8
161 1008 1
364 327 3
420 548 7
827 270 3
497 218 9
187 1006 5
1219 733 7
905 120 9
853 1070 3
312 782 3
262 596 4
427 191 3
821 1338 8
777 302 8
22 1236 8
1349 992 4
1223 511 10
795 1004 10
1275 267 1
780 928 4
645 520 4
1378 506 2
222 1370 7
37 1400 1
372 1303 6
1033 47 7
1152 61 9
1353 960 1
1233 247 6
598 1290 2
409 1319 10
694 13 5
1317 576 3
1387 58 3
1067 1063 2
908 1408 6
927 540 10
24 741 5
1129 315 8
578 990 2
13 1199 3
753 1141 7
1222 323 5
1421 601 7
953 1398 2
166 943 1
3 343 2
811 1359 2
442 367 10
1123 960 7
831 824 8
144 631 6
676 1406 9
408 890 4
36 416 6
454 14 10
678 54 1
1342 248 7
1253 505 10
680 961 7
189 1041 4
678 342 7
331 1000 7
1261 12 10
1008 204 8
648 1042 3
947 17 8
1129 1241 6
801 721 4
194 41 1
1058 682 10
414 579 2
912 688 6
527 409 6
1089 814 9
814 628 7
1296 954 5
1160 247 6
187 785 9
774 431 1
542 858 5
659 1102 1
531 476 3
1381 940 9
1323 476 1
21 1351 7
542 629 9
1169 1333 3
436 264 7
626 710 7
1402 1282 4
1007 989 3
215 606 4
790 682 3
809 1004 10
284 568 6
357 148 4
1255 208 6
1325 758 10
918 1028 7
60 448 6
581 211 6
60 1380 5
118 688 1
819 1289 5
932 826 8
76 676 2
1269 1025 7
198 413 4
1069 1211 9
165 100 8
451 1242 7
781 950 5
1197 215 5
1178 132 10
1415 980 9
825 283 8
370 245 9
941 495 10
678 583 2
424 244 10
959 9 6
458 1203 2
1132 1075 4
974 25 7
841 835 1
488 1290 6
355 591 3
995 634 1
409 591 9
334 1017 10
56 306 10
1406 1188 5
1135 515 6
291 1137 4
1183 1106 5
367 932 2
342 97 2
1 1197 6
1150 557 10
1044 259 8
337 277 8
1161 914 8
571 548 3
527 1034 5
1358 145 8
706 628 5
189 120 7
541 1124 2
1062 1024 9
1245 1292 6
1031 1312 9
267 776 8
347 54 4
946 580 8
588 656 7
931 1007 6
562 992 4
1382 179 3
451 1053 5
915 327 4
754 46 1
1426 244 7
768 1156 5
203 912 9
494 507 1
1140 855 1
1394 561 1
1273 721 7
968 171 3
747 1222 9
972 838 8
403 1288 6
655 1287 9
690 1320 1
433 219 5
852 229 9
763 1226 5
626 1204 3
1358 1062 4
452 492 7
1183 502 7
206 647 2
402 1041 8
589 1149 5
470 296 2
546 1378 3
855 1111 4
416 1236 1
63 818 9
407 804 9
999 637 3
820 851 10
377 1025 10
449 282 1
347 1078 8
1378 581 6
893 1035 1
939 1288 8
1141 226 4
598 1072 6
810 767 4
717 1399 5
680 468 2
555 866 8
453 1139 4
128 1359 10
768 395 2
477 1353 7
611 278 6
1260 725 3
1045 431 1
1043 1339 5
604 539 6
259 612 6
1076 312 9
383 1382 9
228 1055 4
971 837 6
1166 427 2
1270 860 7
274 1284 3
540 724 3
953 1325 7
347 789 5
1272 460 5
501 1401 6
411 786 10
580 989 2
293 619 6
1183 1114 5
39 717 7
745 1272 6
569 97 3
168 1047 4
680 607 10
592 1097 6
822 148 1
802 718 8
1071 697 9
270 939 2
1366 1260 2
1141 103 8
1270 40 8
804 1374 1
162 62 6
860 1386 3
1221 806 5
1225 377 2
278 774 10
1098 178 7
884 1135 9
21 633 3
683 390 8
1207 192 2
1018 1041 6
1320 2 8
422 1303 2
64 411 8
759 232 8
680 168 10
1254 880 7
1412 542 8
1093 342 3
761 828 4
1363 9 6
604 1034 9
1408 194 1
18 943 7
891 188 4
675 59 10
173 667 6
314 919 4
535 1003 1
414 111 2
327 1080 1
466 1273 4
1170 1021 1
1141 402 3
960 663 8
956 117 3
1044 1383 2
744 1301 4
790 205 9
290 713 3
166 398 1
1356 57 7
319 415 8
1203 107 9
1071 172 2
1131 373 8
853 810 5
827 355 8
1147 898 3
653 1141 4
1120 1021 7
1096 327 5
362 41 3
509 1255 5
963 1177 4
1416 717 6
839 379 3
1165 626 10
764 962 3
446 420 9
1052 248 9
933 1092 4
455 1359 7
1417 1154 4
212 65 9
533 945 4
1383 164 5
1346 162 1
885 1349 3
1373 650 7
1306 447 9
103 1338 10
420 328 10
801 212 8
1276 488 3
424 78 1
1286 899 9
543 1003 1
170 276 9
160 1380 6
1267 994 1
1071 964 3
853 287 6
325 430 2
493 308 3
484 1393 2
1163 945 4
605 91 6
749 1025 1
470 1114 8
1325 62 9
1420 154 4
240 741 6
332 184 8
1240 1177 6
964 369 7
968 9 2
1131 259 10
603 1022 10
193 834 9
886 279 6
581 914 4
635 664 6
834 796 5
1042 457 4
1197 205 9
28 893 7
595 799 8
319 25 7
1293 30 5
798 1262 4
955 408 9
759 1226 3
239 436 9
372 559 3
564 433 9
693 398 4
1168 152 6
679 514 10
761 1349 5
730 783 7
876 1300 9
1102 200 6
725 873 9
854 244 9
828 1106 8
780 590 6
130 321 5
1026 836 5
289 1194 10
625 1409 5
1326 118 3
50 1 5
101 936 7
1010 190 8
1166 880 1
1120 387 2
1424 135 7
498 81 5
495 199 5
1232 928 4
769 767 1
301 1310 10
602 976 10
1094 1125 4
417 412 4
709 889 6
120 129 1
121 1109 3
921 142 4
1155 692 2
355 333 3
543 1161 6
1250 1266 10
1212 729 10
154 1105 6
556 1031 1
1291 197 6
869 644 10
39 328 9
676 578 1
1353 973 1
889 151 8
1357 421 5
140 765 8
904 513 4
1251 147 10
604 333 7
12 742 8
228 1108 4
215 1174 10
34 631 3
1308 404 7
1030 305 7
1294 1339 9
482 1243 6
589 259 10
374 403 9
1237 543 5
1229 38 1
541 1002 6
484 880 1
592 238 1
1197 622 6
662 578 3
27 638 4
1092 425 8
661 822 2
1130 883 8
712 275 4
908 108 4
849 1221 1
1326 534 4
1172 202 5
688 643 6
720 1316 8
331 719 1
143 582 8
800 1005 1
519 820 2
341 1238 6
601 1034 3
406 936 4
102 974 6
631 308 10
65 164 5
786 240 10
1167 10 1
676 45 2
609 1318 2
1311 246 3
1289 685 5
983 291 4
277 873 5
23 684 10
1008 1233 8
208 925 5
729 1131 5
1 1170 10
866 447 5
1258 1253 10
114 720 10
1167 682 1
126 1269 1
790 808 10
1142 734 9
137 237 7
1006 233 3
387 629 3
484 1053 4
636 777 9
7 251 10
181 924 6
754 840 3
56 62 4
148 843 8
1093 125 5
708 1298 3
1157 325 5
772 848 8
194 1047 8
1146 1350 1
149 820 3
832 857 8
897 1400 5
765 87 6
993 535 5
723 314 7
6 417 8
271 526 7
527 126 3
782 320 1
1151 455 5
1360 85 1
408 281 1
1358 278 2
1330 852 9
158 722 9
385 374 9
748 1034 10
1082 276 7
563 932 7
1396 1204 1
1070 547 1
187 1262 10
1274 154 2
462 836 5
630 339 3
559 340 2
541 505 8
482 1259 10
491 270 8
329 140 4
1061 493 3
999 1047 5
886 1181 10
1405 133 2
79 1300 10
1400 196 10
215 504 7
1397 97 5
728 632 6
699 563 2
1307 931 7
757 1415 7
526 281 4
779 13 5
947 153 8
298 391 5
326 763 10
593 227 3
1252 547 8
142 805 8
961 934 9
96 1233 1
1400 1424 3
1287 1029 1
1213 423 3
636 727 4
916 968 8
1055 958 10
1016 534 10
1315 796 1
785 239 8
1148 1359 7
1134 236 2
338 696 6
543 1293 10
900 40 5
455 1357 5
91 1055 8
497 1175 1
973 661 10
661 155 3
1254 1287 4
1331 1411 6
1212 176 6
810 1026 5
1293 936 9
756 1330 6
1052 262 5
1121 1203 3
153 830 10
233 1222 10
504 49 2
1063 454 1
826 1100 3
966 706 10
186 183 2
1354 738 10
678 1138 1
232 776 3
1123 145 4
889 180 4
252 366 6
224 1107 10
1150 125 8
627 404 2
55 1139 4
341 863 9
622 657 2
627 1116 3
640 273 3
186 369 8
1141 709 8
593 904 10
1400 1361 6
946 31 2
499 851 9
367 910 1
396 1147 8
676 1333 7
749 775 2
716 680 9
1358 536 2
1223 323 7
477 535 6
531 958 5
1260 378 5
518 589 7
328 533 6
1099 561 8
874 1418 5
437 314 2
125 416 5
1273 143 6
99 792 7
572 1417 5
949 1292 6
403 542 5
688 848 2
494 53 4
806 971 1
1292 982 8
150 1057 10
170 677 8
885 729 10
553 544 5
75 791 6
1060 836 4
1424 811 7
1350 1220 5
720 1316 6
1320 473 3
1288 313 2
959 134 10
846 1333 2
1416 967 8
863 684 3
999 956 5
359 806 3
1272 811 8
711 190 3
677 190 9
271 1007 5
1332 270 2
1242 642 10
651 464 6
230 1412 8
697 857 3
1262 1126 1
1054 795 9
595 249 6
244 748 2
6 927 5
126 246 2
1327 281 6
793 551 10
214 739 9
1024 1276 6
1258 1275 1
262 1284 6
1384 340 3
288 698 6
864 309 5
806 1408 8
1094 39 6
567 549 2
398 1133 5
367 215 5
863 1017 8
681 471 10
1034 956 10
1036 893 9
811 1179 7
696 273 10
544 161 2
531 586 3
366 939 5
1339 373 10
354 1121 3
437 416 10
1147 651 4
591 540 10
1296 932 4
1239 1037 3
321 242 1
565 745 5
1151 630 9
1149 27 1
395 1144 1
831 539 1
150 372 4
72 709 4
1403 396 10
563 741 3
609 1064 9
581 167 1
1276 489 10
1325 549 8
1181 809 2
1425 1366 3
153 1 7
374 41 2
822 839 9
129 1234 7
734 1360 7
1194 1086 10
384 425 6
1282 963 1
1043 1004 4
1272 1312 4
673 808 4
1067 825 7
1177 559 1
527 691 9
14 1352 3
379 1398 3
619 1047 7
76 742 1
499 467 9
835 194 8
923 892 6
728 327 5
810 217 4
588 621 2
122 702 2
394 38 4
717 496 8
805 139 3
695 24 10
464 855 8
647 1126 10
233 798 8
531 952 1
1005 372 9
1424 1254 1
504 1371 7
1138 282 5
285 154 7
1071 629 7
1366 868 9
1153 562 8
1129 995 2
85 734 10
584 386 3
1185 481 10
1107 249 8
132 353 3
829 153 1
539 483 1
1094 625 3
667 65 10
26 835 6
30 1256 4
27 279 6
1267 1 1
353 339 6
812 457 1
175 219 2
960 351 4
521 241 8
1116 1299 8
1261 872 9
695 1156 7
407 1175 6
1322 361 2
741 1198 10
951 1099 5
583 1302 5
21 106 4
920 1323 7
1246 1027 2
679 276 5
472 1089 5
1274 1198 9
146 1152 4
871 1339 8
879 640 10
737 691 3
303 27 6
1052 789 5
284 859 1
168 258 1
1303 824 1
1120 691 8
237 191 4
904 692 1
725 758 8
1402 921 5
961 874 6
897 1405 6
88 569 1
770 1349 1
872 259 5
32 1292 6
1046 1156 9
1080 1143 4
1144 837 10
726 408 5
101 839 6
487 124 9
751 442 6
607 313 3
1197 981 4
633 83 1
1183 1234 2
1125 159 10
1234 121 6
182 1046 2
277 1039 3
466 599 2
1240 216 1
930 350 8
679 298 2
916 628 6
331 306 4
29 273 5
58 823 8
1004 383 10
240 800 5
936 1181 5
763 299 7
704 890 8
1203 161 8
1242 1322 4
294 1355 1
1329 40 10
534 485 7
709 670 7
33 424 5
767 8 6
685 1112 2
578 1323 5
593 399 5
424 1139 3
806 977 8
74 52 1
1427 1286 6
221 386 9
113 1064 8
1132 1409 2
390 36 2
106 439 4
688 134 3
634 1176 8
821 161 1
161 1169 10
615 1407 10
908 326 3
703 1219 10
944 243 7
433 502 9
334 1216 7
545 511 5
242 116 10
612 996 3
887 1022 2
6 654 5
1146 362 3
1170 38 10
759 622 2
350 541 1
599 1239 4
582 1401 8
1427 296 5
394 911 2
454 1049 4
410 1243 10
1336 1267 7
479 584 5
1400 345 2
186 447 10
137 913 8
209 1417 3
1048 874 3
624 137 10
1392 508 4
84 1069 2
882 1233 8
604 205 6
874 857 6
1330 983 8
1354 93 6
429 1170 5
437 945 10
1181 449 7
687 1326 2
838 546 3
679 360 8
540 954 10
961 733 9
391 924 8
204 114 7
945 1133 5
687 1342 9
254 54 5
115 867 5
1290 332 5
81 517 1
1110 683 2
161 845 10
442 268 5
672 1359 4
154 1036 2
808 1244 1
208 218 8
818 1229 5
42 340 5
177 1004 3
706 1045 2
936 1068 7
1312 1258 6
1406 99 1
78 520 10
637 41 8
87 203 1
585 957 10
633 1072 3
1312 150 2
1298 233 6
921 430 10
536 736 1
544 568 6
1141 627 6
788 1405 7
824 630 10
90 1095 4
468 954 10
424 866 7
1132 613 3
85 518 9
249 388 1
1367 639 6
298 1146 8
1277 471 10
1019 332 4
630 1417 6
921 26 7
1373 670 9
768 261 7
225 1423 7
975 184 10
825 630 2
443 281 7
424 731 5
887 57 5
785 1427 4
269 70 5
372 394 10
123 627 1
736 75 3
848 16 6
128 316 3
60 471 8
1413 896 10
790 17 8
1210 900 1
1270 599 9
807 1011 1
1369 959 5
630 325 4
85 296 4
410 1378 9
427 133 2
788 365 1
877 137 9
206 917 8
1035 1300 5
1091 754 1
1213 660 8
342 1245 4
359 1301 10
525 775 8
565 415 8
285 744 1
550 162 8
1159 181 7
1167 112 8
273 645 7
425 1414 1
1081 193 4
834 699 1
688 121 7
1424 422 8
1111 642 5
993 576 7
295 11 9
276 417 5
1244 879 6
372 1240 4
1121 103 9
1250 564 1
1137 158 7
96 405 6
1149 1206 10
993 218 6
713 750 5
475 678 9
1254 1081 4
875 389 7
384 1226 3
1165 723 2
559 158 3
572 73 1
479 734 6
1260 1000 10
284 719 3
598 233 8
860 147 2
1297 692 10
566 1399 5
1130 491 9
333 834 7
642 285 6
540 766 9
878 544 4
923 611 2
24 604 6
618 686 4
942 125 10
1127 936 2
491 359 3
237 786 2
806 703 5
961 530 10
197 1401 5
1318 903 3
1302 371 4
148 708 3
187 1406 10
614 187 4
1034 606 3
220 1138 4
420 1329 5
371 269 6
706 967 6
287 488 1
885 676 3
145 189 1
58 331 5
788 819 6
692 1131 4
176 845 2
652 613 10
1195 920 6
1378 1000 4
797 1305 5
1179 1047 3
904 528 9
284 1366 5
787 1062 6
425 132 8
788 1241 5
610 1040 5
630 459 3
574 1078 7
1030 55 1
244 52 3
872 709 3
570 1334 10
109 933 1
1104 1235 2
855 538 8
1025 1100 8
617 476 2
20 640 1
1286 1337 6
881 405 5
1426 435 3
936 905 2
302 1277 10
608 902 6
1085 1335 7
532 357 6
768 701 4
386 1383 5
610 1132 10
101 12 6
65 553 1
101 436 7
685 601 5
417 238 8
116 999 2
811 424 9
1326 371 2
461 1205 10
1024 953 3
944 473 4
473 1164 10
200 31 3
115 741 8
447 1254 10
1181 583 10
760 1244 1
381 730 7
637 181 2
377 339 6
291 1173 4
803 989 7
845 1196 6
687 445 8
153 1193 1
926 622 5
264 2 10
1091 1383 7
676 56 8
13 915 6
19 912 1
150 1194 4
1162 1238 5
297 976 5
394 1146 5
813 1421 7
496 11 3
114 613 6
585 1319 10
522 965 9
884 1272 2
712 16 1
118 557 8
184 1349 4
1238 1057 2
1297 475 6
1157 832 9
11 437 4
479 498 1
284 485 3
516 336 5
754 534 1
459 421 8
897 285 4
14 538 3
704 1311 4
1182 367 4
1307 10 5
37 1074 7
142 443 9
1061 518 6
367 272 4
156 1349 8
389 1275 9
1183 1333 9
1307 1372 2
312 1122 6
373 967 7
266 1092 1
235 1269 5
1061 652 3
163 916 3
395 969 10
1275 1381 6
982 985 4
659 559 1
782 783 4
599 1377 9
178 870 6
1024 729 10
1278 1368 6
538 1197 2
690 967 5
146 489 8
137 748 8
906 150 5
1084 207 9
595 256 8
72 211 5
309 971 1
1146 230 10
574 1181 3
239 667 6
1101 1033 7
1151 803 9
313 1134 1
1308 878 1
297 900 8
1135 48 1
224 808 10
89 203 3
1425 929 8
1091 123 10
1378 1062 8
572 1213 10
1202 1046 7
1242 1423 8
1330 1268 10
309 191 3
1174 48 7
1326 217 2
1125 386 3
1265 291 6
1203 1169 2
398 162 6
822 1302 9
301 59 2
162 1028 2
729 436 8
844 671 4
582 517 9
364 1192 8
149 573 1
124 51 3
23 1417 4
1072 984 5
749 1102 6
1280 1380 3
186 320 7
909 1126 9
359 1101 4
425 756 4
548 613 5
571 218 10
636 1202 6
132 1362 2
162 511 1
1293 627 4
478 181 2
849 1220 9
1325 886 6
1299 206 3
225 515 5
260 44 4
267 391 4
90 713 3
443 934 5
626 1153 2
393 756 6
318 828 9
621 1281 10
219 794 1
1243 466 2
1252 1204 4
726 1156 3
856 708 10
105 1120 7
154 833 1
1039 945 2
241 233 3
788 698 4
1366 456 7
537 1030 2
877 411 4
1138 840 5
271 1296 3
289 305 5
665 240 6
947 634 4
283 74 10
757 70 8
310 1303 5
492 232 4
958 792 5
952 11 2
13 1379 10
771 617 5
665 149 3
1368 635 5
1205 1086 1
835 190 8
523 957 4
300 6 4
622 585 1
547 263 5
1274 1246 9
43 829 6
895 273 8
615 271 2
917 577 1
839 71 3
1022 36 7
908 194 1
1018 219 6
1347 80 10
1204 1041 4
474 1050 8
1326 754 6
683 566 3
1006 1094 10
299 755 2
657 1246 2
295 1125 8
819 430 8
669 894 2
1402 478 2
689 1314 7
119 1427 10
423 630 2
1371 1010 9
1293 545 4
1106 561 9
896 545 2
1405 730 1
542 630 6
1105 1235 3
908 1307 5
772 1230 1
1277 695 9
191 715 7
690 1338 2
1186 186 5
471 381 7
985 886 6
1089 589 2
1354 6 8
1241 1370 5
23 519 1
119 773 2
170 28 6
1349 1065 1
642 268 3
515 1258 2
136 1204 2
63 1287 3
243 1123 3
547 562 1
444 634 6
14 1097 4
925 571 10
741 1275 1
1109 155 9
568 356 4
1199 855 6
72 436 9
1240 947 5
1021 340 3
507 62 10
845 1172 9
1188 982 7
1211 923 9
920 113 10
313 80 10
5 693 4
71 845 2
578 1203 3
730 55 1
892 1119 10
744 79 7
1056 813 5
390 163 1
1036 64 5
583 247 10
581 1044 9
1347 522 2
760 745 4
809 707 5
181 205 10
407 1248 7
771 1044 6
444 698 3
953 390 7
1025 648 8
645 105 9
547 1059 2
925 1110 6
1316 144 8
421 1402 2
1385 1265 5
998 781 2
1033 946 9
1036 273 6
190 135 6
839 1019 3
687 952 5
1150 407 6
318 599 1
568 762 1
262 76 3
733 1384 7
631 7 6
637 991 7
1107 1193 8
14 1050 7
732 471 10
1035 154 5
429 95 10
1158 646 6
929 872 9
403 745 9
1375 533 8
468 1244 3
575 992 7
973 846 3
749 874 10
900 1091 4
821 518 7
358 820 6
1175 1106 6
1360 675 2
561 39 7
1306 819 10
727 1194 5
294 877 5
473 57 6
1195 1262 10
100 516 4
570 1133 5
1336 1097 8
644 490 8
663 1323 1
874 396 3
1241 1178 8
1207 1009 6
742 1338 2
166 134 5
1099 456 2
607 1067 7
42 522 4
363 946 7
1320 1406 1
336 440 2
127 1315 4
1262 1165 7
1107 924 5
1269 358 7
1379 1036 7
490 922 3
871 1039 2
828 968 6
1286 652 3
354 545 4
997 1034 2
1042 421 7
1264 867 6
825 716 9
467 338 5
769 162 5
503 1080 8
574 1006 9
493 1383 6
1358 203 9
386 929 4
692 968 5
1088 1263 6
1190 1289 1
1363 437 5
687 1266 8
958 754 9
935 577 2
557 781 8
1040 649 10
185 756 6
134 814 6
1288 451 2
475 259 2
1093 785 10
417 698 5
1142 87 6
1009 49 4
1412 1124 2
1066 353 2
409 52 7
1248 545 3
1006 529 3
1305 1133 10
654 1216 10
783 142 1
338 26 4
1041 254 5
1012 1025 5
824 1328 6
792 1095 8
574 1195 2
698 340 2
720 1175 2
272 4 9
387 1167 1
867 1010 1
672 1066 7
509 1422 2
653 688 8
1170 1086 8
300 1129 7
921 1151 8
678 611 6
27 1234 2
931 385 7
341 135 7
83 549 5
1152 383 9
995 672 3
103 211 10
568 1353 5
1417 443 6
400 233 10
248 148 3
1103 108 10
406 1251 5
553 1172 7
1206 902 5
1192 365 5
45 1295 7
1272 504 10
1180 1184 5
294 1330 9
361 51 8
1208 373 6
1185 434 5
1385 447 10
287 582 5
97 590 3
472 1419 3
289 1048 2
458 564 4
1263 1377 9
71 558 4
806 1359 5
1053 1213 10
1324 707 10
845 558 3
1148 1157 9
814 612 10
1219 1158 9
700 1049 5
1000 625 8
894 1280 4
1007 646 7
313 1258 7
1419 845 6
445 357 1
648 375 2
720 919 9
880 344 8
373 87 1
1016 594 6
1303 1354 4
367 1331 3
1189 259 4
41 363 9
934 320 3
1339 101 9
487 455 9
1298 545 7
281 636 10
827 273 1
412 766 4
1194 299 9
416 717 6
274 277 7
488 1018 6
753 466 9
205 427 3
809 1338 6
326 17 3
216 435 3
420 678 2
909 901 5
1333 402 2
1195 156 10
450 184 7
1202 1080 4
1169 909 8
726 624 2
355 459 1
1276 445 9
644 339 4
203 872 1
898 1192 1
1409 1109 7
620 514 9
1158 703 1
924 1025 6
1004 91 4
160 965 7
467 748 4
192 621 2
1330 209 7
2 1270 4
335 406 8
1058 135 9
80 752 1
1169 536 10
251 1003 4
571 404 5
792 889 1
350 1122 10
274 944 3
72 198 3
1316 517 4
1327 813 7
1288 1372 4
689 162 4
790 213 9
207 494 2
993 725 6
1387 1297 6
143 214 8
407 878 5
407 670 4
881 227 2
521 98 5
955 47 7
232 815 7
599 1320 2
715 230 7
1359 908 10
1346 1257 3
301 553 2
229 813 8
1417 20 10
779 37 3
320 181 9
24 1113 4
864 1090 8
1078 506 5
49 408 1
397 1414 8
312 47 9
384 1253 8
468 744 9
1098 568 2
1313 1098 5
88 1068 1
1092 309 1
668 600 3
261 782 7
1310 81 9
710 184 4
245 779 4
466 757 10
337 336 1
627 990 1
480 1121 9
1299 1308 4
596 1118 7
703 362 4
493 871 5
483 411 6
297 21 9
520 1063 2
437 739 1
448 863 5
220 1409 8
707 296 3
1387 71 3
1425 161 3
541 421 5
903 558 3
617 1165 2
1322 1282 2
1418 1105 4
1317 518 6
1217 230 8
1206 1132 8
32 543 8
1317 175 10
665 1014 3
281 989 10
759 324 10
977 389 9
780 929 1
939 1097 7
247 251 4
1288 1146 6
1017 884 10
1036 877 6
442 1035 4
602 633 10
1400 1035 8
85 1183 6
351 120 9
298 1179 2
70 870 7
40 937 9
1073 414 6
1411 1030 10
1124 1048 10
646 715 3
667 1366 5
1172 88 7
1197 1296 4
1289 1135 5
21 717 1
302 580 3
915 73 8
977 186 8
479 949 5
488 510 2
897 266 9
657 471 7
458 113 9
26 215 7
1299 1195 6
1420 1390 3
968 1073 7
959 536 2
835 849 3
955 432 7
1029 522 3
299 137 10
1175 661 3
285 438 4
1253 1097 6
56 1155 10
87 45 7
1208 1045 9
425 138 10
1002 1143 9
445 12 5
586 502 8
453 432 2
680 994 7
640 796 10
1150 627 3
502 1409 5
1161 410 3
1254 222 1
515 622 3
798 861 7
604 673 5
581 260 5
283 642 7
796 377 8
338 585 7
412 1083 6
257 694 9
134 450 3
1164 346 7
1343 277 8
426 168 4
1070 689 6
693 610 1
629 726 10
145 223 8
1364 159 8
480 92 3
914 729 6
591 1162 3
266 240 8
758 5 9
1005 1272 9
1190 1362 1
51 325 9
795 57 9
1064 214 5
564 650 4
423 149 5
565 1014 9
1165 1325 2
182 530 2
609 399 10
538 685 6
709 534 10
567 532 4
887 198 4
926 64 1
516 707 4
733 500 3
771 764 4
1247 773 1
590 1299 10
336 1373 4
71 90 2
1284 480 8
1271 616 4
628 1062 9
117 656 6
1171 667 1
1211 1088 2
1323 1064 2
1257 81 8
498 553 1
1218 1010 5
541 1124 7
968 953 2
690 118 5
135 751 4
1297 371 6
1254 194 9
889 1313 10
797 843 2
527 435 8
88 1337 1
854 370 10
1392 1391 3
116 1025 2
367 29 6
1214 273 5
47 555 4
1344 33 2
849 1063 8
744 252 1
247 1013 2
1302 420 2
751 1319 4
945 282 3
659 1362 6
1281 130 8
1158 442 6
411 805 8
224 464 2
27 16 10
159 1292 1
215 28 1
1032 559 4
77 941 7
428 413 3
1019 1200 10
1110 929 8
168 242 10
810 1299 6
6 837 4
562 1363 1
1091 136 6
1148 1296 10
934 1199 7
1138 1072 5
1422 767 9
1381 422 3
246 971 5
244 655 9
613 871 6
909 7 6
324 1015 7
813 201 6
1112 869 10
1276 286 9
997 1287 8
534 1413 5
954 343 10
1361 1235 8
860 1098 5
706 463 5
56 950 8
694 334 4
242 808 3
1180 1282 1
1064 143 5
734 1091 3
448 718 7
113 120 3
47 1354 10
555 1288 3
1030 74 3
1348 1199 1
140 1261 6
772 347 4
1181 290 6
990 437 9
663 1316 9
704 339 9
590 980 5
1234 717 3
83 148 5
806 6 5
24 1221 7
788 523 4
1166 1424 3
411 1049 1
940 813 4
1004 1128 3
263 958 2
1048 1174 8
483 820 2
476 937 9
833 1176 6
83 239 3
376 695 6
699 362 4
354 308 10
94 560 8
562 62 2
1042 673 10
11 725 2
748 1159 9
719 1276 3
597 1385 10
282 1252 1
61 485 2
1056 983 8
638 1141 6
213 135 4
721 664 6
252 1193 8
341 1268 4
590 148 1
863 137 7
490 271 1
1297 1022 9
207 1356 4
1361 1139 9
312 467 7
1352 1105 7
467 1322 7
469 964 5
186 326 9
1403 401 10
292 1241 7
1371 829 1
589 905 3
687 1227 1
554 655 6
1126 189 5
377 911 4
1371 1226 9
1242 370 4
567 1334 4
881 532 1
984 373 5
1313 532 7
105 150 2
432 1104 10
250 1331 2
290 1383 8
1254 940 2
876 665 8
202 173 5
444 893 7
528 1164 5
1306 646 5
274 719 10
1354 429 4
311 1112 1
840 1375 8
1381 150 3
9 693 6
902 972 5
306 163 2
1004 1045 10
1343 887 7
746 1107 9
471 987 4
975 264 6
45 1072 4
856 891 7
498 586 2
818 1021 9
315 1050 3
1117 1365 8
506 1212 2
1122 748 9
441 979 7
1206 935 5
1093 562 3
1032 1384 5
1381 459 7
836 1038 3
1289 679 2
691 1217 1
310 724 9
1179 183 9
974 637 8
363 43 4
1056 1137 7
1351 357 9
1370 991 6
1108 603 5
985 992 1
472 582 3
479 481 6
619 183 10
217 103 5
1005 852 9
270 888 6
1355 1231 8
401 714 5
1031 1352 3
1389 689 5
660 385 7
527 1122 7
702 131 3
1097 1357 7
1424 591 4
234 1117 9
6 1083 2
126 1390 7
548 1169 3
577 54 6
1250 166 6
1070 140 3
733 124 10
451 933 3
724 554 7
428 210 2
504 1090 5
1299 1064 1
1044 693 7
270 728 8
1387 905 6
1039 1345 10
412 987 9
388 637 9
1223 1152 8
106 998 9
918 568 7
1330 1288 9
43 448 6
278 189 6
155 729 6
681 300 1
917 945 2
159 101 4
578 712 5
1251 662 7
762 534 5
455 427 2
703 338 7
1155 178 6
1074 1207 4
1339 823 5
1048 1197 10
1217 1081 1
570 1291 4
904 1024 3
1129 1229 6
970 723 7
479 720 5
1268 940 3
1040 1110 10
341 246 4
892 967 5
1092 733 9
158 1135 3
670 1284 7
959 985 9
673 1124 4
669 1182 5
169 1028 9
1276 631 3
54 1323 4
480 456 4
1088 795 2
1121 56 7
209 1012 8
709 558 8
986 120 8
671 1025 10
1134 666 4
359 1414 9
985 1024 4
439 303 6
1067 1423 5
1015 1315 9
717 688 7
676 206 9
584 1222 10
774 653 2
592 779 6
977 300 5
1411 194 7
1194 894 9
663 1123 6
824 192 2
366 339 3
822 100 10
309 1086 4
801 1070 5
1153 937 7
559 10 3
1258 1327 6
40 1039 7
997 430 9
141 812 2
975 507 5
1189 579 3
1309 824 3
726 965 2
1280 1063 6
301 140 9
413 332 3
922 784 10
351 1024 8
858 339 5
616 1151 8
707 959 10
279 856 9
498 579 8
945 509 2
798 70 8
1008 652 2
869 813 4
1281 1124 3
41 837 10
1143 441 6
1325 881 7
946 1370 5
885 769 2
519 374 10
896 594 6
416 562 1
662 1266 8
945 332 7
924 969 9
30 1325 8
380 1277 10
257 932 2
1153 647 4
440 742 7
155 348 1
1219 1348 8
694 1162 8
457 1032 10
1203 7 4
247 1206 5
1316 914 6
803 727 4
12 1245 8
1080 281 3
1337 318 1
1303 142 8
102 698 7
1414 1267 10
1104 389 2
1142 529 3
646 974 9
894 672 10
247 689 1
715 1384 4
1045 1276 2
550 566 2
1099 278 6
389 1309 1
229 812 8
611 414 10
15 1304 4
470 528 3
773 1325 2
625 1224 8
1217 793 6
43 304 7
586 1040 7
611 1028 3
1123 177 4
752 1344 3
1270 1181 8
1316 574 7
636 33 4
1054 162 9
510 97 5
495 682 9
456 985 8
602 53 1
635 1045 6
69 978 8
741 858 7
452 1048 10
130 491 9
916 781 5
1332 759 7
80 1235 7
834 793 8
671 1421 1
304 595 5
110 870 7
867 1180 2
921 934 3
339 377 2
927 645 10
1150 1317 5
920 65 9
802 830 2
846 1008 3
827 523 6
822 251 3
825 971 9
960 896 8
513 1316 2
915 995 10
959 670 10
1007 304 8
1007 1146 9
691 1412 3
554 1322 2
420 228 3
916 688 3
157 107 4
1125 1392 2
1325 431 4
1274 139 1
995 302 10
44 936 2
175 949 1
115 229 3
860 561 10
961 469 10
748 782 5
218 918 2
1000 1298 6
220 1356 10
1194 1280 9
313 403 5
1423 396 9
1033 826 9
1191 1234 10
1031 738 8
889 795 10
429 1319 3
107 1041 5
82 900 8
781 1279 5
1097 1130 3
402 647 9
622 265 9
1053 1047 3
1085 1411 8
489 176 9
1146 86 4
920 174 8
768 403 10
1229 1014 5
1128 1290 3
75 1044 9
51 639 4
592 715 4
557 1339 6
1366 428 2
167 904 4
654 1030 5
756 705 2
1380 1220 1
581 909 2
1303 258 10
1078 1374 3
191 375 8
708 709 6
906 763 10
1102 28 3
631 916 5
1346 1358 8
809 1212 3
1004 314 10
1061 296 10
960 1366 1
146 485 8
1134 634 2
1340 42 9
939 345 1
929 11 9
844 1370 4
274 46 5
1142 773 10
365 565 5
147 544 2
1270 1013 5
45 7 7
365 381 5
767 1203 10
542 620 10
1203 1334 10
1189 593 1
1146 737 1
966 479 10
321 1384 1
365 1067 5
709 347 7
52 465 2
105 1238 8
960 386 4
1134 1355 4
1151 397 9
509 925 9
1347 299 6
421 955 4
323 1077 3
1061 840 5
279 900 10
1137 803 2
1131 206 4
727 170 6
1213 1027 8
79 1376 1
932 954 9
693 287 4
366 377 10
151 1059 3
1011 672 10
1182 685 4
652 1126 9
1363 1150 8
1110 678 8
263 973 1
791 121 4
582 887 2
735 774 9
1091 558 9
1330 621 7
174 189 2
242 1066 4
489 567 3
1311 987 5
126 701 10
147 1145 1
384 376 10
403 1304 6
501 317 2
1148 807 9
17 522 6
1268 196 6
735 121 8
972 1316 8
1291 332 5
965 343 9
508 1149 1
855 325 10
578 558 6
483 514 10
752 877 5
675 676 9
1196 475 9
1264 1221 6
558 147 4
190 957 2
730 1359 5
1407 1371 4
698 1014 7
324 974 5
1140 1130 5
224 444 8
1046 946 1
558 1078 9
734 21 8
652 400 10
827 1140 4
889 1128 1
1149 896 4
38 384 3
1407 1205 8
719 57 6
158 1194 9
1392 357 10
836 1094 9
671 743 5
265 242 1
753 1187 7
1069 960 8
557 942 4
579 1116 9
378 709 5
876 307 8
815 10 9
1071 294 1
546 610 2
5 46 9
29 1135 3
472 625 9
257 714 2
581 76 4
857 666 8
1313 905 9
48 677 2
581 1232 9
835 153 2
456 719 9
922 1111 1
1192 704 6
512 973 5
275 920 3
1208 516 10
148 1278 5
1093 996 3
1364 736 9
316 863 1
838 178 4
559 648 5
554 471 5
609 1149 1
1206 972 7
1218 759 10
376 236 2
364 857 4
96 1349 6
29 1411 8
258 703 1
313 491 1
971 325 9
580 1124 10
21 1313 5
614 88 8
162 485 9
1342 758 1
336 12 4
572 229 10
38 727 5
1027 615 5
425 1122 9
19 56 9
274 1399 10
1170 483 3
308 1270 5
1222 1208 4
866 585 3
652 1345 5
1314 1251 9
1160 221 2
489 479 10
387 320 6
1263 439 10
1426 1147 10
1305 785 7
1344 911 2
172 418 8
74 216 1
508 1041 7
751 755 5
365 816 9
1313 899 9
390 356 2
574 789 8
1050 1102 8
522 728 10
1422 567 1
114 1338 10
535 1373 3
877 1335 4
1150 1313 8
459 1246 2
155 159 3
198 481 4
960 557 6
826 827 7
695 559 9
701 964 1
1230 560 6
151 147 7
688 1279 6
1170 630 2
1075 521 7
331 770 3
555 1177 5
981 1216 5
510 1321 1
1009 979 1
62 1392 1
368 805 2
1022 1316 1
1413 868 4
616 15 1
1023 1335 10
1177 422 7
1355 987 7
1100 737 6
386 774 3
1423 1179 2
757 308 1
1079 399 3
684 392 4
982 602 5
510 1342 4
567 823 2
45 458 2
246 467 6
681 738 9
1156 455 3
1364 501 9
615 938 8
115 1086 8
969 816 2
1125 449 7
660 911 3
465 486 4
737 932 6
1181 398 9
705 181 2
1001 31 2
646 392 7
394 673 10
467 41 6
610 323 9
700 320 6
130 897 9
1249 28 7
854 230 2
1150 1059 2
1346 152 10
998 7 8
45 861 1
11 534 9
884 829 3
1241 3 10
489 479 3
1028 1295 4
80 265 2
880 850 10
128 1112 8
537 50 8
652 473 10
782 1327 5
566 1212 5
1161 1401 7
747 303 8
174 771 5
539 744 4
636 182 1
1340 468 7
572 722 6
1039 761 4
690 814 8
881 561 4
273 209 4
747 688 5
599 67 7
886 152 8
444 350 9
223 85 3
52 238 7
796 1136 3
380 763 6
1105 319 6
1219 1335 6
168 819 6
1117 159 7
40 650 2
1403 1036 9
157 582 8
15 665 3
1188 531 3
18 891 2
911 132 3
1144 391 5
569 935 6
103 610 1
351 157 3
1024 507 4
1385 426 5
554 863 1
509 1024 9
1327 237 8
1040 689 1
75 512 3
265 714 5
779 537 4
1006 1291 2
492 160 1
1361 200 3
49 495 10
1132 1366 2
963 1330 8
737 256 9
841 238 2
1322 977 1
870 180 8
1135 819 7
1371 1417 7
158 42 8
1142 609 8
702 147 6
1389 1318 1
420 284 6
847 539 9
736 162 6
124 116 10
1327 1042 6
1318 347 6
910 285 5
226 167 4
416 702 9
469 592 4
516 44 10
839 528 2
1426 1192 9
1351 769 5
560 984 1
1053 741 9
278 1291 9
1255 1145 1
654 298 2
167 1172 1
1044 1239 5
1324 163 1
701 313 10
87 1427 1
1106 1232 2
1061 1119 9
1216 505 6
450 842 6
1282 135 10
501 143 10
265 805 9
1095 167 6
1080 751 3
920 567 6
948 1132 8
1205 910 6
1196 165 2
363 565 9
978 420 1
1098 1132 2
762 1326 10
594 57 7
1170 63 7
1193 380 10
112 1134 5
1188 747 2
1028 668 7
413 174 4
442 313 4
859 517 7
27 1145 2
1066 979 5
52 1080 1
1025 382 4
1285 1320 6
459 1213 2
1109 739 1
221 428 1
730 997 5
528 1172 1
615 1186 5
306 144 2
521 545 5
104 10 4
688 953 8
160 322 4
896 98 9
308 1203 2
316 515 5
377 1362 10
1133 1283 4
976 203 3
734 277 5
984 702 6
247 1276 4
863 231 6
134 494 8
505 620 9
425 504 8
257 1315 5
1330 1021 2
376 20 8
360 852 4
1253 28 9
1423 680 6
567 801 10
1395 1130 3
690 1153 2
92 594 7
433 197 2
1097 819 8
179 909 7
1182 1162 8
294 26 6
1329 383 10
313 1082 10
229 1029 1
1419 223 2
752 1217 4
742 944 5
149 954 5
1260 529 7
389 1240 2
321 324 6
1206 943 4
990 1278 9
262 769 1
539 1312 1
1266 275 6
482 463 4
669 1049 10
1419 1171 3
592 1035 1
1119 402 8
171 1041 10
125 1389 7
1003 848 6
360 745 7
715 240 3
487 396 5
461 701 7
185 127 5
679 833 5
840 204 7
606 139 9
1042 441 1
194 261 3
1131 589 10
93 858 8
1254 1231 2
669 1218 9
903 255 7
606 955 5
1111 1309 4
1146 1034 2
497 1037 4
159 303 6
1151 731 3
1154 393 9
1094 308 1
1163 1087 9
278 472 1
862 1257 7
341 1159 7
505 1226 10
583 16 7
226 889 4
1059 986 10
399 61 6
1141 735 5
162 248 6
492 847 1
319 249 9
640 685 1
1384 751 3
386 371 5
697 1135 3
985 909 3
1164 712 9
58 349 1
1182 874 5
493 507 1
1372 847 9
1245 330 3
420 1172 4
599 1211 9
18 901 6
1073 868 5
80 592 2
521 702 5
267 1104 2
402 54 8
791 1260 9
292 995 10
1316 973 5
1345 1299 5
469 1235 3
1026 144 5
1014 800 1
330 1295 4
597 852 1
1026 1043 3
1202 1035 8
218 528 9
656 1327 1
235 1100 2
716 68 9
1159 722 5
1283 125 1
778 1422 10
1083 850 8
398 887 7
377 418 8
638 227 5
1249 52 5
894 78 10
1022 34 6
928 480 4
816 926 2
344 1226 7
321 196 10
293 1030 9
246 1307 3
789 118 5
592 1352 10
1119 342 2
729 274 4
941 4 6
1408 1418 10
98 693 8
1058 1176 5
1174 1129 4
1331 874 10
942 1191 8
268 701 8
397 637 10
118 513 10
1263 228 4
1332 748 10
1139 334 8
703 293 5
1373 1110 7
404 269 8
105 427 4
551 1113 1
402 197 2
335 1313 3
771 516 2
1031 1226 1
1095 1039 9
579 144 2
123 962 1
621 1151 10
702 148 10
482 414 7
1023 29 2
1034 941 7
454 311 6
35 577 10
580 654 4
1392 251 6
553 22 4
380 857 6
725 778 2
1113 784 5
541 738 6
1113 722 2
1320 218 6
1019 336 7
1366 1232 10
1307 1167 6
1296 1226 8
1170 190 4
1427 773 6
681 310 4
377 587 5
652 1038 9
1002 1170 6
921 738 1
1328 926 7
9 184 5
558 456 2
1054 223 2
119 101 5
502 1251 3
1399 821 4
971 1404 4
1313 301 5
1038 958 4
218 166 1
234 12 4
364 811 3
807 751 6
1406 647 5
1325 167 3
305 749 10
1066 1400 10
88 152 8
1102 963 7
222 607 10
1139 1319 2
1002 292 1
1019 1142 9
314 653 2
1271 971 10
1209 36 8
1087 586 6
1243 1247 4
1263 599 5
276 1162 8
1128 1260 7
806 1423 9
721 1353 9
200 10 6
1246 1158 7
389 1107 5
303 1070 7
492 1134 7
753 1387 5
123 663 9
452 1111 8
174 814 8
975 1118 3
463 612 5
1265 933 6
1308 122 8
1317 94 9
407 1161 4
894 242 7
413 1251 4
917 88 3
398 110 10
91 736 4
236 724 5
1299 664 4
566 986 7
637 645 7
1299 627 2
584 1323 10
346 1422 5
534 1360 6
1138 169 1
816 752 2
879 573 3
398 545 7
243 1022 7
772 594 9
905 1119 7
1259 1022 4
602 798 8
842 972 1
1009 895 3
345 292 8
493 151 7
980 1353 5
34 450 3
839 735 10
279 1314 8
1282 245 6
961 813 10
287 936 6
892 1338 4
520 250 6
380 1146 5
1151 1009 8
303 970 10
1409 297 9
1394 1209 5
561 146 9
37 26 1
524 38 5
325 782 8
1205 737 6
847 252 8
938 321 3
196 520 7
824 857 6
228 27 7
653 1088 1
1368 223 8
366 128 2
1111 876 10
1236 1321 7
293 454 5
1232 984 4
1358 180 10
1295 902 8
137 869 3
164 113 6
87 146 3
281 47 8
211 83 6
863 33 10
244 190 5
1259 845 1
446 1285 5
631 676 1
1066 1408 10
854 350 8
399 1150 10
975 1055 2
585 4 2
210 303 5
1378 949 10
807 1423 4
684 435 1
524 1269 3
1111 641 4
1196 596 6
852 555 2
425 777 10
1228 1192 7
1007 41 3
805 1139 10
362 350 8
874 1047 1
564 110 3
1245 260 2
584 506 1
140 35 3
436 407 5
1089 16 7
1260 982 1
755 104 1
704 580 3
1320 34 4
588 1228 6
1083 1312 2
260 600 2
204 552 8
901 985 2
125 723 1
591 1207 4
1277 1177 2
1142 861 4
417 1238 3
912 769 8
868 1070 9
1370 467 1
320 49 4
877 1244 9
835 858 3
792 935 7
205 1215 7
403 483 10
1366 1324 2
868 239 3
487 645 1
945 399 8
317 951 6
877 1005 1
1301 421 6
542 1300 2
1399 129 3
537 864 8
939 852 5
1200 106 1
959 742 8
1312 1213 5
492 1074 1
811 1092 3
519 1235 2
725 96 7
259 583 4
1413 1204 7
33 128 9
884 193 7
477 780 10
1256 986 9
672 799 6
237 1130 6
139 580 9
737 788 1
809 297 10
442 1007 5
370 31 3
767 69 5
1218 1304 9
977 1182 5
1384 338 6
485 1044 4
1321 187 10
1308 993 2
530 806 3
820 1421 10
527 1332 6
1150 576 4
441 591 8
46 510 9
223 485 3
885 1396 1
790 981 10
720 16 4
659 588 2
1120 490 8
1346 297 4
452 1082 2
1146 372 7
1345 586 9
743 137 1
1325 506 4
1163 1397 6
1013 628 2
989 685 10
1057 1328 4
26 644 9
696 805 2
215 954 5
1146 1362 4
553 1377 10
1122 471 4
822 1227 2
268 515 4
1049 139 5
737 616 10
663 136 8
1380 705 6
295 1279 5
1120 1221 2
348 529 5
370 680 9
861 618 2
1264 624 6
787 1308 5
481 1236 2
1392 1318 10
132 29 5
110 843 9
328 175 2
1093 943 5
423 124 3
27 462 8
357 208 1
657 833 7
269 873 6
1016 27 3
604 1288 10
149 977 3
1018 1094 4
345 630 2
1330 280 2
1142 1239 3
1200 903 3
1292 661 4
624 6 6
940 249 2
144 1079 2
1137 752 8
670 750 6
461 592 3
259 1366 10
338 396 1
1385 591 9
70 1114 2
410 1051 8
151 146 6
1346 331 5
643 1247 5
70 736 10
542 1241 5
1093 82 8
45 1248 9
283 142 2
271 209 5
663 16 6
1300 236 1
1101 209 6
184 650 4
883 392 8
892 990 8
101 916 7
76 1396 3
393 760 3
1157 153 1
1196 885 2
991 793 7
331 1343 2
1174 1246 8
146 9 2
416 176 2
269 618 5
534 928 4
1021 766 3
383 1141 10
952 296 5
264 709 8
17 782 2
1278 936 2
1312 704 1
964 315 8
635 85 3
917 122 10
1071 926 2
104 350 4
64 409 6
136 174 7
731 1146 3
305 1280 1
487 368 10
1007 961 10
36 56 1
1412 1120 2
356 853 4
328 584 10
450 1427 9
935 529 4
1026 1324 1
852 1034 5
943 1052 9
1088 122 10
921 941 9
963 924 3
387 273 10
701 1426 9
68 355 8
920 356 7
746 629 10
149 153 3
660 3 4
662 742 8
823 578 1
621 271 5
844 724 4
1369 545 6
558 414 10
1175 1114 2
1153 968 10
1238 745 5
5 1043 1
1336 775 3
327 1029 6
761 758 4
442 1057 6
1251 511 6
1168 1386 8
88 916 5
15 452 4
825 752 1
600 146 6
1357 805 5
935 1204 3
1326 36 6
267 1086 4
511 1232 8
894 1081 6
853 903 2
388 803 6
637 1053 8
1216 731 7
165 407 6
515 1354 4
1111 1274 6
599 279 4
1258 1011 10
1219 525 6
852 642 3
898 377 6
149 768 3
1337 434 5
938 694 3
1332 669 10
508 596 2
664 828 1
1389 479 8
1328 200 9
1074 679 5
929 162 6
1259 545 5
139 468 10
1407 1031 9
875 1017 9
1003 810 4
205 1254 1
610 144 1
565 724 6
658 85 5
1251 1256 10
519 673 3
1059 575 6
1417 1242 10
42 20 6
104 786 5
206 1387 9
233 1131 4
250 302 8
895 1362 2
1281 411 2
594 152 4
915 469 5
162 1342 5
512 1232 8
1345 1255 3
1180 994 10
455 362 7
586 82 3
439 1153 7
1321 1161 4
184 1230 4
604 1328 3
586 770 5
168 205 4
410 710 7
823 846 2
1240 302 7
624 469 2
152 643 4
831 443 5
1394 314 5
851 1033 4
318 729 4
950 342 2
1358 189 10
1226 1146 7
889 386 10
614 593 7
98 54 5
1386 887 8
185 313 8
720 357 7
1040 1314 6
737 77 5
995 20 8
730 1177 3
292 325 3
169 241 3
163 944 3
1168 575 10
979 519 10
521 1308 5
1384 195 10
320 682 1
508 1145 7
141 1112 1
1257 944 3
433 590 5
914 1313 9
81 652 5
151 1243 8
544 1259 6
1282 1056 9
129 296 10
531 473 10
515 358 10
357 1425 3
199 1228 5
309 634 10
1212 5 10
1141 881 1
204 1365 4
1355 851 5
539 1404 9
1227 1132 9
943 1200 4
641 1194 7
150 505 9
125 277 3
49 236 1
711 644 6
114 157 1
733 1 3
852 271 6
308 1222 2
81 919 1
1229 523 3
129 180 1
478 10 6
476 46 3
1413 45 2
107 1245 4
75 1155 5
1175 1346 3
908 697 4
649 1121 7
67 179 2
485 976 8
237 1134 10
155 549 3
53 352 7
344 194 1
751 1058 6
776 244 6
1362 24 4
700 415 6
827 1288 2
445 1108 9
88 282 4
1345 878 3
464 1033 8
832 73 5
964 1047 1
204 296 3
1402 803 5
1176 1146 10
736 1039 7
1416 148 8
405 594 10
794 308 8
620 760 5
1064 210 1
1351 710 5
604 1357 7
1233 378 5
753 1208 4
183 981 6
735 603 3
232 78 2
757 508 1
119 373 3
591 353 9
1031 1104 7
609 297 3
1029 1312 1
1055 212 6
568 912 9
688 1310 7
577 1038 2
783 1244 3
656 1380 7
645 680 5
914 351 4
931 1096 3
922 213 7
1389 516 6
149 1225 6
432 572 6
1410 1171 4
617 545 1
861 614 7
1305 176 9
1331 805 7
1238 1011 10
1359 979 8
1087 1072 1
776 1405 1
550 838 1
1227 59 7
1189 904 6
824 429 1
255 151 5
935 1409 5
210 88 7
328 1326 7
1005 487 4
21 1004 4
1292 650 6
707 214 9
282 99 5
756 751 5
1020 1315 9
1224 243 8
1045 187 10
1378 440 1
929 164 4
329 618 9
1383 856 4
458 1145 10
606 289 6
154 200 10
447 222 7
1038 1314 1
1126 533 2
222 1157 3
511 475 2
274 263 3
1230 709 10
1159 182 7
1028 379 8
1424 1281 2
726 415 5
428 598 4
408 1076 5
672 991 1
1353 1236 7
176 1142 6
1019 1259 5
817 635 9
1176 382 6
895 484 7
5 1004 8
715 890 10
171 1383 2
420 725 7
1080 1240 1
1211 94 1
1157 908 4
598 9 3
451 864 7
231 41 2
471 343 10
472 582 1
321 1253 4
572 60 1
198 1230 5
1225 271 5
623 792 8
1150 94 10
1186 1376 1
970 507 3
1052 314 3
113 1211 3
772 650 4
325 651 7
385 1408 2
1259 1263 6
196 541 2
1292 336 1
886 1095 7
1146 733 10
275 99 10
757 553 1
789 548 7
1158 995 2
218 1098 5
903 59 8
1159 858 10
831 1216 8
163 212 2
800 200 8
19 1024 3
591 974 5
1208 978 2
1101 95 5
618 770 3
24 698 6
922 542 1
1400 995 1
92 405 9
214 1171 6
888 447 10
927 592 7
1312 1309 5
1048 540 10
965 426 7
192 932 1
1363 861 7
1371 1218 5
1044 1209 7
140 332 1
1050 763 5
979 304 3
587 195 2
1178 1405 10
464 1081 7
356 275 2
621 1350 2
530 320 9
844 427 6
1028 635 10
613 689 6
484 1218 3
350 43 6
385 1277 2
1020 1219 3
602 506 2
1000 480 1
18 1366 10
1157 271 7
1420 468 1
474 755 5
737 940 3
517 650 7
438 319 1
246 641 1
1086 1102 7
505 487 7
1230 686 1
610 846 8
1212 174 7
282 1026 7
813 215 8
1087 214 9
1412 592 10
254 46 6
1145 1337 7
991 700 9
1415 165 5
1166 1296 9
276 522 1
267 820 5
288 361 2
644 1035 6
191 1010 9
1414 592 9
581 462 2
135 957 7
864 460 8
882 1054 7
27 197 7
1043 709 6
1330 452 7
746 425 4
8 330 2
564 493 4
1401 778 4
1022 929 8
635 1099 8
255 1422 8
35 19 4
362 1322 2
252 37 4
1413 1345 6
601 1030 9
1137 659 10
49 196 3
191 500 1
1098 91 8
232 556 9
564 1099 2
99 1089 7
764 1052 7
1187 558 1
858 312 9
1205 483 6
346 226 6
103 306 4
297 1054 6
581 59 9
1334 998 2
547 1108 2
958 1077 2
164 848 4
744 995 6
827 1033 10
1342 589 10
1389 1377 3
934 1017 4
171 1320 8
978 35 10
424 1082 1
1132 1299 1
1252 89 5
631 497 6
692 1349 7
757 838 5
616 983 10
327 1207 8
666 752 1
303 1169 9
853 772 1
764 62 8
1173 1300 10
654 832 10
900 690 8
708 212 1
851 116 6
961 341 8
423 1355 4
1187 791 10
151 1279 4
675 553 1
517 1191 8
1079 774 6
1146 478 8
440 1106 3
1187 1054 4
736 1236 9
274 1279 8
201 422 5
944 57 9
641 644 9
1346 975 5
1263 477 6
1096 1258 7
16 1024 8
325 832 1
368 288 2
714 685 4
1406 251 8
1311 995 7
801 406 4
1189 774 8
1274 459 9
1349 579 1
963 997 4
241 1409 3
995 1229 8
127 698 1
610 1121 10
112 313 8
995 585 9
656 1390 4
133 321 2
1364 428 2
322 700 6
886 472 1
1182 1400 4
764 122 6
610 379 7
686 1397 9
267 370 6
367 1080 7
1226 137 3
55 267 9
1110 32 8
146 1259 4
1328 1002 7
151 814 1
538 315 1
1417 350 1
204 575 3
155 220 1
130 659 9
290 120 9
693 717 5
552 586 10
795 1121 4
871 259 5
1026 623 4
415 520 4
1302 337 10
65 96 8
720 889 1
527 1190 2
871 823 2
1222 1364 4
829 1216 3
612 30 8
233 949 9
414 1068 1
975 992 2
778 19 7
48 1166 9
67 778 2
899 839 7
903 1294 6
282 179 5
42 215 4
199 369 5
244 1135 2
250 520 7
1017 1186 9
1235 715 10
504 1380 9
135 341 4
883 671 2
999 606 5
789 1262 3
787 750 1
485 1109 9
443 1253 2
639 1376 6
1267 126 5
939 459 5
1133 985 2
138 1205 10
1140 394 6
722 955 10
262 328 1
1117 609 9
609 758 3
1386 861 9
241 1382 4
696 541 4
348 211 9
533 166 2
717 649 2
288 825 9
911 1253 6
1252 1003 5
470 1360 5
671 1207 1
455 833 9
1233 683 4
1245 8 5
805 252 2
712 1248 10
1290 1252 3
1035 469 5
1263 157 8
469 1246 9
520 454 9
1127 144 4
328 905 10
1022 562 4
404 94 1
239 1378 3
1354 474 5
313 1367 9
4 294 2
951 978 1
675 323 6
1279 902 9
116 443 3
463 144 8
850 519 1
630 775 1
280 527 7
1385 524 8
1191 1284 2
825 877 7
1394 1387 8
105 642 6
1248 868 9
1237 817 8
1256 398 1
835 931 2
1135 841 8
561 227 5
818 695 4
1223 1175 7
951 567 5
810 212 5
17 1025 10
1169 596 7
1150 817 9
1243 489 8
772 1150 4
772 159 4
1410 1150 1
630 746 9
1044 5 1
1264 195 6
296 373 6
878 1342 10
469 1063 3
644 31 5
142 1205 5
169 840 10
867 133 6
36 8 7
315 865 9
570 1200 4
957 898 2
265 930 2
709 1091 9
442 280 6
509 449 7
286 189 10
465 391 4
617 247 8
1056 685 10
325 744 5
94 390 6
711 324 10
573 563 10
1003 1413 6
1362 718 6
970 828 8
460 1289 3
723 569 8
820 182 5
1195 1087 7
191 1367 6
311 1151 6
1311 389 7
1079 736 8
716 1216 9
1132 1224 9
1293 1089 8
1021 1421 4
350 640 5
1030 478 5
1287 393 3
216 1214 4
363 1178 1
801 501 6
1088 780 3
1123 175 2
967 959 10
323 30 1
367 651 2
711 832 6
183 1140 2
947 793 6
448 749 4
920 1401 5
1150 1270 7
777 1146 4
670 1211 5
621 326 10
107 845 7
319 1081 10
1291 765 4
359 669 9
815 766 4
170 852 7
330 1406 7
75 1055 9
997 630 4
180 871 5
552 301 5
247 1095 5
290 1305 7
900 269 9
957 1420 8
505 133 7
122 912 2
410 599 5
77 947 3
349 114 3
434 950 2
98 1022 2
428 260 9
1029 343 2
1257 416 10
335 1278 1
262 532 8
552 993 2
1108 1064 9
449 463 9
413 90 10
378 1284 1
94 891 4
1213 636 1
1164 1262 4
789 567 5
849 486 7
1182 741 7
696 355 1
888 737 7
857 732 1
754 1075 10
937 868 3
546 1276 1
3 1180 1
291 714 9
878 498 7
1028 905 10
459 1403 10
420 823 1
1003 70 2
1351 494 6
714 389 3
425 443 10
482 314 1
828 571 4
318 780 4
1161 1131 9
347 1378 1
576 577 10
387 1111 3
1264 1015 3
468 181 3
215 931 1
664 184 10
642 389 3
534 662 3
163 1316 10
373 993 9
1038 1088 10
1112 1186 3
53 1109 10
71 1236 7
1119 111 2
1324 1098 5
709 114 9
937 975 6
461 1258 8
990 878 7
1167 776 8
269 152 4
1012 310 6
1353 152 10
775 256 3
50 63 5
681 138 10
888 195 1
779 640 6
1342 81 3
1259 968 6
1127 481 7
1003 1043 10
166 262 4
540 698 5
909 973 8
559 495 4
515 1381 9
91 90 6
1028 61 10
476 1040 9
189 414 1
691 340 8
1153 156 4
94 647 10
50 384 10
922 50 5
210 549 2
1148 487 4
746 1217 10
446 770 3
999 17 8
421 459 4
988 1 1
492 515 2
203 1247 3
29 1306 5
733 199 2
349 1115 2
380 238 7
253 1198 6
856 378 8
129 889 9
133 1021 7
563 460 7
286 973 6
1258 1306 9
723 609 10
1241 587 7
617 342 1
1049 1367 1
46 477 8
1027 374 2
666 1265 1
636 504 5
668 351 6
834 930 3
1341 91 2
1192 138 2
811 1083 1
1171 400 8
651 1067 9
1358 529 7
31 995 6
946 595 4
500 395 5
1285 1273 9
1146 409 1
298 133 4
1226 1274 4
1409 1375 4
1290 1378 7
507 1088 4
605 1072 1
367 776 6
984 1305 6
1102 1180 7
1174 1288 1
1097 847 7
598 1211 5
168 941 10
1423 659 8
1375 770 10
976 1208 10
497 477 8
712 472 1
647 203 2
800 309 9
1081 380 8
506 891 8
811 1170 6
1141 167 5
929 627 2
442 256 1
1187 903 8
683 550 2
1396 914 1
1189 720 4
73 752 10
968 179 7
364 102 4
1163 1382 10
477 269 4
1345 723 6
414 161 4
465 471 2
1036 340 3
656 1047 4
641 1229 9
132 651 10
621 524 5
1067 427 4
13 453 10
1060 220 1
670 860 10
43 150 5
682 606 5
84 58 3
729 226 9
715 468 9
904 1088 3
811 418 8
1228 1027 8
936 480 2
429 911 7
660 711 1
918 1091 8
1116 678 10
623 162 6
889 899 9
1352 172 1
1095 488 6
1205 1376 4
1285 1273 1
1200 111 10
351 1374 2
360 343 5
815 467 1
1017 703 8
426 452 3
423 435 3
708 373 4
1367 307 10
1305 899 4
982 1109 2
396 425 7
1303 1156 5
488 787 10
1043 134 6
113 570 8
1100 95 1
765 902 3
214 721 4
164 306 2
522 31 10
1419 260 10
1059 553 1
1287 1306 2
396 983 10
1089 1003 5
314 838 7
362 682 2
758 868 8
239 188 5
687 1117 5
890 1388 9
760 321 7
286 1234 6
1299 1062 8
619 1328 2
58 521 6
1354 1090 4
513 466 5
172 820 5
1372 673 6
260 356 5
1257 528 10
243 859 7
1148 33 1
1265 711 7
163 1203 5
1387 1169 4
1351 1410 3
1221 215 9
1 340 3
54 1037 10
1415 702 9
140 148 9
381 491 9
708 707 1
625 709 10
855 946 10
356 71 6
1265 1154 8
1332 630 3
1425 590 1
1347 1139 3
883 523 2
227 144 8
990 662 6
464 238 7
637 760 10
562 122 7
1363 234 6
1264 368 10
1145 1353 8
823 1239 9
35 823 7
415 1219 4
560 1110 8
1335 537 5
258 1306 6
1281 353 6
334 1156 1
629 946 1
1228 389 4
1132 1236 1
796 666 4
421 116 5
574 87 4
564 628 2
585 1031 6
984 664 4
379 1387 2
1127 596 6
1358 1185 6
148 945 10
742 476 3
1202 768 1
780 98 3
859 157 3
1136 756 10
172 714 4
376 43 1
1277 695 10
485 400 9
377 38 3
368 979 7
1330 947 7
112 760 2
1017 1226 9
317 949 6
643 912 10
304 48 8
182 309 7
751 377 3
341 465 5
822 496 7
236 941 2
187 723 1
438 759 9
514 1404 3
1086 322 3
1151 1390 1
67 1064 4
119 248 9
930 455 10
281 1246 3
141 1303 10
1177 537 9
1305 348 6
50 1053 2
1303 813 4
1175 891 5
1235 168 7
672 15 6
615 1359 8
1222 804 4
404 1256 10
432 639 1
1187 87 2
1365 71 4
856 508 4
272 14 6
1002 745 6
252 1408 1
609 136 6
350 43 5
177 1283 4
980 1323 9
1265 109 4
867 1393 6
833 495 10
664 693 8
1281 855 6
187 98 1
1040 1160 3
438 732 9
760 454 10
514 1216 5
1113 884 6
709 1181 1
521 1089 4
1395 808 4
329 1109 9
598 635 5
400 1399 6
1253 15 3
786 1303 5
500 777 9
267 832 3
29 191 2
61 757 7
443 1167 4
774 1084 7
1154 29 2
1301 135 2
314 1132 2
1199 6 9
429 74 10
564 284 7
883 800 10
77 779 5
1394 1203 1
1370 273 10
1059 570 4
1148 1309 8
578 1313 7
1026 45 10
557 1055 5
1127 631 1
398 943 9
294 423 1
404 1317 9
126 1300 4
493 1321 4
203 94 4
685 963 2
1424 1287 7
1369 157 5
1409 1343 5
54 984 10
317 1313 7
1125 227 8
511 962 6
137 1395 4
1358 1368 10
383 652 2
916 1018 1
684 150 1
348 772 6
652 1237 3
948 1360 1
363 782 3
940 312 1
949 918 3
18 899 6
160 1426 3
492 77 10
705 695 3
748 343 2
1261 287 1
960 1375 2
601 500 3
358 270 4
932 376 7
1204 99 10
48 491 3
144 1342 4
24 1331 9
512 67 2
503 1254 6
442 1122 6
213 304 7
923 1337 8
1425 472 1
249 669 5
1373 210 10
1227 482 10
821 905 7
360 1151 6
102 31 7
1090 124 3
121 860 7
446 966 8
90 1224 4
830 451 5
613 664 6
1426 1202 5
551 495 7
48 1156 7
796 392 5
653 770 1
1085 816 9
976 218 10
205 820 8
1126 1323 8
933 1067 6
1075 558 1
1012 205 10
497 753 10
329 882 10
215 280 2
346 1317 1
699 291 4
1201 1020 6
343 659 3
292 554 2
925 332 2
250 591 1
835 1113 8
80 397 3
942 960 3
532 1391 8
461 41 3
571 676 6
206 161 9
1001 844 10
1195 778 8
206 351 1
480 885 8
510 1200 7
25 1418 7
806 41 6
1353 233 1
306 96 10
441 261 5
871 688 6
1108 72 5
1164 1398 10
620 700 6
547 735 2
415 168 8
297 1118 4
604 640 6
61 84 2
580 1400 1
1077 579 6
806 699 3
158 863 2
539 1414 5
1180 776 6
679 880 6
193 28 2
512 781 6
154 632 2
199 51 6
478 537 8
723 945 4
888 932 10
599 1109 5
255 1079 4
758 614 9
998 1115 10
1134 1036 2
1278 1018 10
65 909 10
48 805 6
828 627 3
503 1280 5
1124 10 9
296 959 9
535 1110 10
567 872 1
604 235 7
743 622 4
856 390 8
27 1209 8
772 761 7
223 688 3
47 645 10
340 68 5
633 342 10
1246 192 8
1330 1139 8
6 350 4
249 884 3
1064 295 9
621 1063 2
897 977 8
949 725 8
509 1019 10
769 331 3
862 349 10
834 1235 5
1107 775 7
678 437 4
747 203 4
952 1302 6
1157 64 6
606 432 1
1067 1139 5
1291 174 1
616 1423 4
1404 1032 6
61 683 7
1402 1140 6
893 374 6
1375 1078 3
1052 1239 8
1029 1268 6
1296 1207 2
720 1061 2
246 372 8
1275 1217 7
911 86 1
643 1353 6
420 750 4
1113 270 2
539 832 8
1288 1173 2
357 1150 7
878 19 6
459 365 3
431 533 4
500 604 10
54 599 4
895 727 6
800 341 4
1174 730 3
798 1044 5
396 748 7
897 216 6
1142 706 6
672 604 9
77 257 5
848 903 2
1172 161 3
937 575 4
228 279 1
880 1100 10
838 658 4
786 969 10
987 153 1
30 1037 4
1426 102 3
640 971 2
52 1135 2
1004 212 2
1333 993 6
513 1270 1
50 1229 3
712 251 4
744 394 8
1228 452 6
388 711 9
868 1115 9
245 495 1
1041 1145 9
19 928 9
744 216 7
1043 91 10
1066 1048 10
208 1061 7
782 745 9
1010 363 9
1175 1236 8
1388 679 6
91 1051 7
381 1307 2
321 1134 3
245 300 9
1387 713 2
996 136 1
201 1107 1
1165 853 7
170 514 2
1041 1410 10
1391 1133 3
874 429 2
108 1327 2
1284 1022 8
538 236 2
1281 200 8
350 326 3
376 441 5
400 1377 5
565 232 1
587 632 7
440 22 8
380 1179 6
1296 412 3
41 389 9
320 619 8
1151 394 5
88 501 10
495 112 6
724 1166 5
647 1223 10
810 1004 4
1233 664 2
1202 359 1
1123 617 9
653 386 5
1214 802 4
850 1100 8
273 679 5
561 558 9
1 201 7
752 837 2
1364 106 5
1059 1093 9
973 1308 9
1422 1318 5
1329 558 6
1351 159 10
431 593 5
1257 600 3
1035 20 6
930 142 10
1324 211 9
29 294 5
572 425 4
1368 633 6
198 284 4
865 1420 2
391 748 6
694 644 4
221 1368 10
1380 340 2
1043 97 1
1179 987 9
853 1415 9
468 28 4
1027 805 4
712 485 1
1364 1234 5
1084 1260 6
648 1357 7
1190 142 1
703 245 6
240 132 5
272 104 4
1155 1386 3
702 349 1
975 589 10
528 488 8
1238 1296 7
185 783 7
1184 1030 4
1270 509 6
200 253 10
1245 970 7
902 693 2
527 786 10
147 1251 10
1229 1148 4
408 231 9
875 285 7
481 179 1
974 1411 5
835 1384 1
372 412 5
699 325 4
353 1010 2
34 1094 6
519 1194 10
837 526 9
1351 151 10
416 593 1
35 1116 6
23 1288 1
984 1183 2
177 1341 10
1300 505 4
443 866 9
567 255 6
664 860 8
199 694 10
409 487 7
369 1219 10
1061 925 1
547 638 10
920 173 10
1108 107 4
256 606 4
518 134 3
325 172 5
506 1360 6
1380 267 5
35 531 9
166 633 8
190 672 3
499 563 6
980 19 1
93 1390 1
1001 457 9
590 962 9
1345 774 8
1369 147 6
16 719 10
164 762 8
899 736 9
1045 1305 4
450 40 8
1161 543 10
57 1121 5
1347 884 6
963 343 5
836 1171 7
1295 278 6
560 1320 4
424 738 3
1026 508 6
827 1421 6
120 1329 3
1362 267 6
845 5 6
594 62 10
241 1341 8
476 789 8
454 235 7
926 425 8
1097 803 4
1385 539 8
1210 70 10
597 894 8
1346 428 1
50 1107 8
1196 1338 9
726 1058 8
731 585 6
1037 35 2
828 1419 8
916 110 2
619 679 2
559 522 2
815 525 4
177 975 3
1225 1009 3
702 635 2
191 672 10
626 1078 7
324 1265 7
152 46 9
539 858 10
797 143 4
1001 1331 7
281 300 6
1342 1141 6
183 229 7
1251 8 7
137 341 8
1077 916 3
964 215 10
477 1142 8
1213 680 6
1161 780 3
1169 528 3
663 1118 6
1152 914 6
1142 870 4
966 336 7
162 521 8
790 415 5
1410 878 1
849 698 7
474 741 10
1261 67 8
1128 735 10
1242 991 1
1233 54 4
593 713 2
1381 31 3
1058 232 1
415 847 7
353 1229 10
1141 1363 3
614 269 7
1173 956 2
1237 916 10
255 485 8
1141 223 10
961 1301 7
1404 514 7
476 658 4
51 1412 8
1113 1148 3
1208 335 3
119 1006 3
16 1236 6
295 85 9
746 639 8
1200 944 9
672 592 6
754 159 5
743 752 6
986 590 6
559 1120 7
249 1124 1
1394 1084 2
1132 603 2
649 1043 3
725 708 8
497 1062 6
1015 835 10
921 1376 1
857 800 9
643 1233 8
1386 635 2
1322 270 8
219 1026 10
942 1251 1
982 792 5
57 1187 7
1344 453 6
1171 211 6
270 732 10
425 1328 8
1206 1028 10
345 418 8
269 937 2
427 1340 3
515 869 8
1052 234 7
223 1245 5
801 1234 1
1363 214 7
964 677 7
125 1392 9
766 215 9
982 241 9
621 385 2
1041 210 2
986 1353 8
1192 1405 7
1395 844 5
497 1084 3
970 296 5
1005 995 7
481 1248 6
430 1035 5
515 1007 8
243 608 1
254 878 4
358 471 5
481 72 4
720 419 3
534 450 8
1072 1243 1
1231 932 5
517 1422 8
329 980 5
716 249 7
841 671 4
859 7 6
284 1392 1
364 1173 3
803 408 3
562 900 1
218 254 7
662 458 3
289 921 8
1211 400 3
91 774 2
56 972 9
25 1330 4
659 299 7
89 187 3
1230 798 9
506 53 1
361 1130 6
414 1419 8
1347 1063 8
501 318 5
204 40 7
900 798 8
1093 1169 7
843 383 6
38 825 10
280 898 6
828 1351 4
594 712 5
1109 968 5
186 850 7
1426 355 9
760 281 4
431 689 1
294 185 5
1427 62 3
627 173 5
1140 988 4
694 215 7
859 332 5
1231 1179 10
382 1136 7
118 1108 9
847 752 3
334 20 1
237 1403 2
1040 1181 8
512 1000 4
1398 1116 6
1399 1394 7
549 407 9
198 976 9
934 994 5
68 231 6
1022 277 5
384 898 5
835 565 6
780 532 7
618 1374 4
103 1245 2
221 686 9
1306 304 7
220 723 8
76 140 5
685 154 2
642 291 1
497 986 5
499 1272 6
169 839 10
1300 1336 7
1418 777 8
537 806 2
155 896 8
1227 91 1
605 260 6
580 294 9
791 1392 2
38 168 5
1383 1117 1
624 1372 4
676 985 10
677 43 1
1023 132 6
692 1123 8
163 159 7
472 953 1
1412 786 6
971 1268 7
341 964 4
51 1357 10
204 1382 5
1011 514 4
131 871 4
1368 584 4
1090 622 7
493 614 6
489 549 10
591 755 5
60 495 8
227 164 3
963 1042 9
411 565 4
980 1250 10
1178 1381 9
1121 589 6
637 922 6
390 114 10
677 955 1
1127 887 5
1402 1282 7
21 1079 1
885 599 7
545 868 10
1049 79 8
379 284 2
114 1236 5
200 1402 5
641 1063 7
833 1277 9
522 1134 6
29 879 2
1400 922 1
636 1193 2
472 627 5
52 256 4
45 614 9
778 628 7
153 854 9
404 903 6
284 608 1
633 649 1
80 1066 9
156 1183 7
74 213 2
608 1302 10
849 201 3
411 499 1
153 1056 3
1169 157 6
641 520 4
793 1184 8
647 1000 3
244 500 1
692 1374 2
1378 904 3
1298 1069 4
1376 1184 10
1054 1075 6
1165 107 6
1258 1355 8
1262 1064 7
402 569 7
573 417 8
171 1396 1
39 1188 10
752 931 8
1121 600 4
686 561 5
1239 1073 7
1030 1331 8
1182 559 7
320 1086 10
593 113 6
14 1176 2
1080 1357 8
229 657 3
383 1171 7
616 285 9
1110 920 6
915 850 8
318 410 6
984 1416 9
195 1241 5
913 412 9
364 616 4
1251 972 1
860 152 2
658 878 3
988 890 3
86 642 1
1165 373 2
757 546 10
442 999 4
1299 475 8
369 1023 7
1117 470 5
1203 1247 7
605 1233 9
356 371 4
613 901 3
1250 125 4
1421 1176 1
472 1321 7
1121 1169 8
1038 614 5
335 1415 5
245 1238 9
1104 245 8
961 1007 9
983 1086 4
785 1353 2
959 122 1
1117 973 5
825 666 8
1159 369 7
954 1146 9
174 891 5
111 976 4
313 1166 8
358 964 3
742 407 9
340 1144 7
235 995 3
658 317 8
54 836 7
391 926 10
1168 581 4
1017 273 3
429 1407 1
36 45 8
888 775 6
151 1008 8
337 420 10
1338 428 4
1369 702 10
213 63 10
498 980 6
998 791 7
1413 99 6
1260 859 4
797 1110 1
161 1038 1
658 887 9
415 1053 5
146 1109 3
1128 329 5
643 347 4
837 829 1
243 814 1
1158 1010 9
1099 870 2
1384 922 3
320 135 5
525 1288 2
1116 337 9
1226 1215 7
706 477 8
964 812 9
1126 638 4
1346 937 9
63 666 9
168 355 8
905 664 8
354 103 10
1033 427 3
746 857 4
1097 1319 1
852 703 5
549 1323 7
684 1348 6
1128 1223 5
207 1222 8
430 746 1
683 594 9
1405 474 3
1419 220 3
985 1094 1
136 533 7
1170 1112 2
713 569 7
1366 84 4
201 1 5
256 195 10
533 914 9
988 1178 5
358 465 7
662 1204 9
886 1382 9
257 503 6
839 902 4
517 301 8
265 515 1
230 237 5
486 230 3
1091 221 4
1153 1060 9
1044 189 1
899 1298 8
732 412 2
253 448 2
1076 715 1
271 851 4
628 736 6
345 573 3
377 421 6
1097 1421 10
754 84 4
372 855 10
242 1010 6
198 1072 4
1219 63 7
1182 112 1
225 1178 7
953 709 6
571 1349 9
772 331 5
765 101 5
1114 1427 3
415 931 10
572 133 3
204 1195 10
311 194 10
419 583 3
344 311 5
773 949 2
296 1070 2
888 1139 8
668 1171 2
274 709 3
325 997 6
535 778 5
1028 548 5
208 210 5
230 1129 4
1030 732 1
308 512 3
537 588 5
1116 625 6
993 91 2
203 178 9
16 683 8
435 1151 10
981 304 6
209 1063 7
942 1019 8
972 286 1
748 471 2
745 453 10
1263 942 10
886 943 6
276 1277 8
994 1050 10
44 151 6
74 231 2
600 794 2
724 987 1
634 849 2
776 320 6
1380 540 6
1095 1298 3
559 895 6
1060 517 5
1361 811 6
657 698 5
845 248 8
1237 557 9
379 198 6
1306 1007 1
782 541 2
1222 518 3
1352 824 3
1133 165 6
349 950 6
1148 244 2
61 584 2
61 54 1
33 424 4
1143 1231 5
343 1202 8
1136 28 2
1079 631 3
821 535 2
246 701 4
803 808 3
424 1289 4
1005 1411 10
204 787 8
1030 805 1
264 197 4
1373 1256 7
1165 1345 5
346 166 5
64 749 7
583 1295 9
662 1022 9
1375 103 3
776 752 9
772 623 10
478 1340 6
557 1245 7
1322 1420 7
263 670 4
62 589 9
264 507 1
706 1126 7
911 229 6
615 455 6
111 557 10
1172 1283 6
962 71 6
838 1062 3
1023 322 2
1369 1061 1
731 252 8
245 385 3
1148 1309 3
801 279 4
228 1339 5
901 125 2
495 637 10
1322 1071 9
118 1392 9
661 1316 2
1111 150 5
1343 54 3
1247 1251 1
670 1060 8
813 1113 10
912 335 3
619 487 3
828 1093 5
301 1087 4
1091 993 6
1156 694 3
741 242 8
1272 1139 7
436 220 5
246 322 9
94 772 9
294 515 4
943 99 7
1178 298 4
467 1370 8
644 300 1
313 495 10
107 1187 1
1380 369 3
839 856 3
648 258 5
586 1286 9
925 1045 8
823 797 8
24 930 10
723 354 9
321 266 10
821 509 7
519 1306 4
1232 764 2
1315 1420 2
536 402 10
1008 870 9
248 297 4
645 777 1
1122 492 2
552 804 4
100 254 4
1023 537 2
1209 2 10
987 469 5
980 331 9
1078 584 3
822 479 7
1169 613 6
255 1006 5
1069 94 2
1136 93 6
585 999 2
357 885 2
286 1128 9
875 752 1
670 19 2
1178 738 8
96 561 5
1350 646 8
380 1058 4
38 657 1
746 1309 2
652 69 10
1405 679 3
267 1050 6
1408 657 9
359 1385 8
1084 578 5
553 1200 4
854 752 6
297 560 5
603 456 2
109 292 7
908 355 4
285 655 5
92 131 8
676 66 3
1180 869 1
994 235 4
113 45 10
79 994 2
688 148 8
1000 456 8
731 1420 8
1300 1190 2
1309 537 4
803 492 3
594 787 7
1052 317 2
706 217 4
1090 760 9
975 1150 9
741 718 3
102 818 2
1004 1109 6
1362 699 6
297 1039 6
286 383 3
442 863 10
991 281 2
103 1410 6
939 934 4
332 1397 8
672 1049 1
129 295 5
756 158 5
1329 552 9
265 316 4
957 522 10
820 779 3
831 130 5
799 246 2
571 1084 8
899 1320 6
891 1125 6
724 453 4
821 948 9
1317 251 3
935 609 9
860 35 8
341 492 6
1335 806 2
1186 601 10
761 762 1
150 229 8
36 627 8
1368 1409 1
382 29 3
864 459 3
765 1065 3
909 653 4
734 1323 1
803 875 8
965 377 2
1012 538 4
557 1360 8
1179 454 3
422 108 4
979 1009 10
167 1013 4
344 863 5
199 408 1
281 927 1
613 678 4
19 1117 6
944 1084 7
787 259 1
425 523 4
520 988 4
500 116 7
930 237 9
737 681 10
1058 1228 8
860 35 8
168 697 9
18 27 4
486 393 2
834 947 1
195 1167 5
947 1031 2
769 687 6
924 1017 1
372 1322 5
815 1177 3
1110 712 6
967 497 8
94 1273 10
586 579 5
961 1322 6
593 517 8
1100 1335 10
1189 76 7
1036 487 7
2 1003 2
381 170 6
622 1154 2
1007 911 9
492 615 6
882 945 5
837 530 4
570 692 2
905 1318 1
1182 883 6
1262 263 9
767 1072 1
1157 805 8
829 1050 3
1188 735 2
93 644 8
1273 982 8
1181 518 10
613 1098 4
1246 1371 6
514 728 6
348 1196 7
123 90 5
1060 1283 2
148 1382 1
264 44 1
791 1161 3
337 1024 9
1116 2 8
704 1352 1
191 827 9
903 84 9
823 1128 5
1002 632 3
482 789 1
110 647 6
1151 1071 1
1055 1169 9
622 851 8
1061 1070 1
247 558 7
54 1310 6
447 415 8
117 722 10
863 325 9
433 729 9
1116 842 2
396 728 6
158 326 5
406 198 5
464 430 5
656 746 6
382 1100 3
1019 122 4
1217 1241 7
645 1423 7
301 1079 5
200 181 3
530 615 10
423 1130 7
949 661 8
1402 285 8
380 819 4
375 154 4
1272 888 1
185 276 9
998 683 1
403 185 4
853 1396 1
504 847 1
770 914 5
318 1195 2
687 318 4
310 1090 7
1262 1098 9
1253 382 10
919 967 3
1322 245 9
932 755 3
1401 561 1
1114 332 1
1083 17 4
1071 298 2
1001 802 10
893 555 5
396 486 6
1248 872 2
580 666 4
28 250 8
73 523 7
1195 920 10
1201 115 3
1177 25 9
425 426 3
549 1054 5
1274 381 10
702 1145 4
659 813 10
1299 1369 10
144 1153 3
702 373 9
220 1227 2
210 842 5
51 786 5
287 1204 2
1425 92 1
1295 992 9
73 465 2
429 727 2
1028 757 4
1380 1350 5
394 1362 6
1276 1392 9
745 679 3
763 737 4
1273 1055 9
177 992 8
1140 442 8
1184 1271 6
592 6 3
1412 447 5
298 763 10
1090 849 8
1325 689 10
1190 425 5
1203 97 3
814 1168 7
368 812 10
214 1230 6
1260 318 3
851 1027 4
538 149 9
1005 955 7
1302 663 6
1332 365 9
89 402 2
1163 809 7
800 947 10
757 234 2
4 1226 8
761 1299 4
1293 433 9
383 259 4
681 423 7
1081 183 2
617 886 10
881 40 9
113 566 2
102 895 5
72 1040 1
946 80 4
901 675 5
1098 30 1
927 1005 5
1032 964 2
860 278 4
1102 130 8
902 61 4
1222 1070 10
604 1001 8
587 1254 3
327 326 7
343 1268 2
924 1173 7
656 894 9
78 1081 3
38 743 6
601 1405 4
47 60 9
1271 999 1
1226 865 9
569 534 10
1378 925 8
643 437 4
840 839 8
415 1143 4
1313 1298 10
274 804 3
1399 549 1
914 1409 10
1407 731 8
1163 1084 9
890 366 2
969 1011 3
1146 681 10
957 825 9
82 899 10
1162 363 5
1135 424 6
1017 222 3
566 70 6
613 437 6
553 428 10
658 81 2
1299 966 5
938 1214 2
744 73 10
237 732 2
1188 405 7
315 556 5
1097 381 5
652 758 4
1315 1170 9
137 29 6
1093 719 4
1212 650 1
136 959 2
1101 1056 5
622 1 7
417 265 5
250 1034 9
1189 264 2
709 602 9
331 449 7
12 212 5
509 1239 3
976 1368 2
537 1047 3
1410 479 9
953 379 7
507 533 9
906 1193 5
822 720 3
841 1229 7
176 1084 1
281 1130 10
1307 369 1
1326 123 5
241 399 3
27 936 7
510 998 1
848 968 7
156 497 4
984 643 10
178 122 7
912 720 1
667 197 6
545 517 1
739 9 4
307 108 7
275 479 1
575 686 4
537 805 2
1263 90 10
17 657 10
304 1190 5
1236 92 10
829 48 3
1353 140 7
560 187 3
604 855 5
608 881 3
734 352 6
1367 659 1
494 228 1
734 1377 1
1051 2 5
1322 309 4
1011 825 5
569 901 1
699 1307 5
1361 353 4
659 1253 2
378 57 2
1276 306 4
1107 1379 1
1013 553 7
180 1208 9
1243 1040 3
219 1224 3
674 160 3
1380 310 6
918 1406 10
965 515 5
1260 571 1
1234 594 7
696 585 1
804 1334 7
411 538 1
1014 844 4
727 820 8
16 603 10
348 167 5
1213 1348 4
76 136 3
936 155 8
1135 1140 1
299 401 10
967 688 5
600 550 1
796 199 3
1279 1187 9
368 267 1
1380 1221 10
1104 803 7
408 933 3
1269 471 9
317 337 7
1031 974 1
562 1000 8
457 660 7
632 820 8
679 1143 8
790 17 4
561 712 9
1281 4 5
825 1063 10
803 1032 1
496 174 7
419 1375 10
93 827 7
1052 558 7
852 1254 3
904 87 4
7 1123 9
622 1411 1
514 265 3
1022 1236 4
1280 112 10
1033 1124 5
1368 560 5
879 285 4
493 896 8
1153 596 4
989 1063 7
1187 757 1
603 1292 10
908 1154 3
967 990 7
211 853 4
1163 189 9
1356 923 7
743 697 3
1367 1148 5
433 628 5
1269 1066 9
528 613 4
1222 177 5
1291 1295 1
680 592 8
277 1232 7
943 662 10
1270 226 1
130 1268 9
1120 222 7
1120 1402 7
906 760 3
943 992 3
1132 100 8
817 1152 9
1354 1102 5
466 599 2
293 1005 3
384 417 7
149 1215 3
1024 949 2
694 267 10
1226 190 7
955 938 6
898 523 1
486 746 10
1057 607 2
1424 1046 6
1009 659 9
373 445 9
1010 3 3
545 9 1
854 1357 5
373 1425 5
654 666 4
1159 671 9
986 101 1
335 1263 2
899 569 8
83 318 5
461 930 1
866 474 10
647 1365 3
1058 281 9
504 1226 5
569 61 3
55 956 1
1132 617 3
28 1376 9
479 218 9
498 1290 6
1322 629 10
453 514 9
1290 414 10
587 235 6
625 708 4
144 306 4
734 207 7
1279 1243 1
1321 1325 8
69 8 4
1381 782 3
982 975 6
107 463 2
1003 1145 2
1116 553 7
345 1275 7
661 1168 2
426 1384 1
243 1051 9
1290 383 7
66 125 5
699 193 1
1217 932 10
315 672 5
356 506 8
66 398 10
560 197 9
1259 206 6
109 1103 3
1180 722 5
159 436 4
1030 135 3
551 588 8
320 79 2
833 866 7
877 796 4
5 264 5
359 645 7
1085 1010 9
1055 1360 1
788 749 4
917 301 6
1327 1277 7
165 584 7
1395 1229 4
544 59 1
885 944 10
1040 1204 1
328 134 8
245 31 5
1331 701 7
191 1412 3
632 185 1
134 610 6
189 148 6
1244 412 7
1356 284 1
665 1402 4
632 467 8
578 498 9
702 944 1
1271 441 1
689 710 9
351 9 5
938 1071 7
399 1095 1
1024 550 9
300 1344 3
301 475 2
41 908 7
62 348 10
597 341 1
1384 1193 8
1002 1190 7
1059 570 8
172 1289 5
1009 645 9
1130 418 9
774 163 9
1017 1218 6
677 888 5
385 43 8
1130 895 3
331 290 5
741 505 2
842 764 9
555 585 5
1030 50 1
887 347 10
413 531 1
231 1221 1
70 118 5
1366 617 6
702 1125 6
886 94 7
115 1253 4
1278 945 4
935 103 8
1040 111 6
1262 296 1
649 406 6
818 1218 8
883 659 8
536 123 3
1028 1317 6
107 623 7
1418 13 3
297 1329 10
124 1147 9
130 1198 8
56 148 5
616 312 3
798 357 1
485 564 5
893 588 1
3 362 7
103 1110 5
100 1131 6
155 628 9
342 1106 7
522 940 4
1322 205 7
1371 1180 10
1394 445 4
315 280 8
868 1078 9
273 73 2
510 1116 6
147 56 10
739 147 1
27 1391 10
194 1047 9
678 399 9
329 275 7
556 291 8
117 500 10
1186 38 1
1189 1019 6
255 521 8
1129 1289 6
474 1048 5
1017 382 1
498 118 10
1039 1333 8
646 128 10
943 1302 1
600 251 5
196 403 9
235 435 4
1292 1358 6
345 448 6
560 346 6
871 1109 9
877 727 4
1203 1195 10
1305 1338 9
1386 578 5
587 1309 4
926 283 4
1284 571 5
955 1220 3
992 1345 3
1171 274 9
674 1344 1
69 497 5
1071 457 7
592 869 3
925 18 5
138 79 8
496 1072 4
55 1421 6
917 482 9
793 607 3
1142 473 7
537 363 8
157 221 7
213 1408 6
169 590 3
474 408 6
945 1004 2
534 1060 8
424 115 6
1040 1298 4
613 473 3
400 536 5
1095 54 4
1343 357 5
353 468 10
402 287 8
639 1158 4
1282 777 1
1270 101 8
1302 1223 5
1301 563 3
1358 352 4
1070 1396 5
746 621 10
499 385 6
37 898 5
862 993 3
251 1310 7
181 1229 4
871 781 6
1163 1054 8
289 971 1
245 1229 8
393 1354 10
405 764 3
676 598 9
1177 500 8
1353 1356 8
347 985 7
265 168 10
91 980 6
69 140 5
388 629 1
1313 1317 1
1176 93 7
1422 582 1
1359 403 4
584 713 8
1352 457 10
539 1130 9
316 1102 8
1160 547 10
678 767 3
632 890 1
739 337 1
1189 398 10
1250 1368 7
767 984 9
464 369 4
384 730 4
377 455 7
1287 824 2
989 1158 6
868 420 8
355 1192 1
780 702 8
569 473 9
1293 842 10
894 808 6
625 494 6
607 1379 10
1194 636 1
649 902 9
348 692 8
265 841 7
44 166 5
176 1310 4
388 240 5
466 473 6
903 1039 1
87 8 9
948 543 3
1137 672 8
1063 1067 5
339 931 7
800 484 2
807 137 4
1163 263 5
762 1392 1
125 414 1
639 893 1
825 1111 10
1278 1163 4
377 1113 3
1196 643 4
302 1213 10
106 386 4
1020 957 10
1284 1351 9
214 1341 1
1232 668 7
1176 1103 6
1135 915 2
29 908 2
719 623 4
537 42 9
1365 144 2
1424 803 10
617 413 8
231 1274 9
1151 73 1
155 286 2
838 535 8
254 770 10
1237 143 1
75 702 9
679 908 5
478 696 10
1339 1366 3
1376 1057 6
802 1129 2
758 1349 3
1234 400 1
1385 1226 2
1292 402 10
835 874 8
478 811 9
1085 763 2
20 556 10
1155 758 6
536 1313 10
1238 732 7
887 1141 8
613 512 4
662 2 2
646 1218 2
337 405 9
263 1150 1
271 940 3
945 798 5
499 849 2
73 714 1
3 654 3
170 1174 10
1175 1203 9
1252 1399 10
1017 1035 7
393 829 5
533 582 10
887 263 8
720 1003 7
952 549 3
379 950 4
600 798 10
513 918 5
993 840 6
526 833 10
455 50 3
42 825 2
414 1003 5
1263 66 7
1286 1084 10
955 360 3
325 355 9
1085 933 10
802 393 4
1193 190 10
862 1284 6
661 1045 2
109 974 8
1048 394 2
977 875 10
531 1065 6
259 1255 7
287 1323 9
524 432 7
986 1365 10
309 1404 1
537 359 9
505 1148 8
1404 744 5
1318 475 1
618 174 5
100 717 7
1312 696 8
1277 669 1
1100 503 9
968 317 5
363 1332 5
1111 1304 3
891 1062 8
363 388 10
692 1028 8
87 936 10
574 952 2
671 194 2
1314 1227 6
520 1309 5
558 125 7
